        0.60782499740361029000,        0.38564093860223114000,        0.00653406399415849130,        0.00000000000000000000,        0.00000000000000000000
        0.00000000000000000000,        0.85682300853059590000,        0.11142022054597686000,        0.00957699924569607900,        0.02217977167773130600
        0.06899850646218792800,        0.00000000000000000000,        0.75353411314094987000,        0.14987860891502924000,        0.02758877148183296400
        0.00274725274725274750,        0.00274725274725274750,        0.00000000000000000000,        0.85267409343054912000,        0.14183140107494546000
        0.10091301658579252000,        0.03563759414784340600,        0.00194371974925214100,        0.00286678524998347940,        0.85863888426712853000


        0.01586924486400951400,        0.59477927308275447000,        0.00000000000000000000,        0.25415170568854972000,        0.00000000000000000000,        0.01759374158004650000,        0.00000000000000000000,        0.11760603478463978000
        0.00000000000000000000,        0.04006470131378906500,        0.00000000000000000000,        0.95628008564439171000,        0.00000000000000000000,        0.00000000000000000000,        0.00000000000000000000,        0.00365521304181925380
        0.00000000000000000000,        0.20597404221487733000,        0.00745588271627696700,        0.00000948145042725029,        0.00000000000000000000,        0.42561404718415491000,        0.31600993288327545000,        0.04493661355098824800
        0.00000000000000000000,        0.21683673469387754000,        0.04777013027019504100,        0.00035871419963653532,        0.48260120697932235000,        0.07142857142857142500,        0.18100464242839706000,        0.00000000000000000000
        0.00000000000000000000,        0.21428571428571427000,        0.00000000000000000000,        0.04070607788244836500,        0.00000000000000000000,        0.00000000000000000000,        0.00000000000000000000,        0.74500820783183730000


        1.00000000000000000000,        0.00000000000000000000,        0.00000000000000000000,        0.00000000000000000000,        0.00000000000000000000