13
-2
49
22
-2
31
9
64
83
49
-16
-42
-5
-18
-5
-50
-56
-30
-12
-2
-8
-7
-21
-7
11
38
-15
-54
-17
4
-32
-90
-104
-80
-80
-79
-84
-86
-39
-2
-20
-54
-51
-51
-28
-23
9
14
39
52
23
29
1
35
61
37
59
108
98
165
139
108
118
140
131
152
144
140
130
119
93
45
38
53
82
122
104
104
116
157
142
108
109
75
53
43
30
49
90
61
62
31
15
1
-7
2
10
-6
-3
-20
-46
-93
-121
-139
-151
-112
-119
-100
-79
-59
-90
-122
-153
-117
-111
-92
-118
-119
-102
-117
-129
-131
-89
-95
-86
-94
-104
-97
-90
-94
-80
-93
-94
-103
-126
-136
-128
-100
-105
-87
-62
-39
-85
-93
-70
-56
-33
19
36
67
57
22
-8
-22
-25
-41
-17
-19
-18
11
4
48
86
101
91
66
65
81
73
51
95
101
107
137
106
68
62
39
69
87
63
75
94
111
145
141
134
135
92
110
119
120
118
113
98
71
43
35
-6
-27
-3
26
5
-11
3
-37
-55
-52
-64
-56
-15
12
48
22
-5
-47
-56
-40
-32
5
13
40
43
18
16
3
-13
0
10
6
19
43
55
5
-48
-53
-80
-83
-62
-41
5
15
-36
-65
-96
-94
-122
-125
-152
-155
-135
-70
-61
-58
-77
-114
-87
-69
-53
-59
-74
-94
-89
-123
-207
-233
-176
-136
-107
-52
-62
-76
-18
-12
-67
-87
-56
-32
-28
-1
22
38
64
56
59
96
89
86
94
102
91
117
139
124
85
82
73
99
123
108
102
86
133
128
105
99
105
72
83
46
21
41
64
80
73
80
47
118
91
35
41
10
44
78
74
48
37
37
57
26
33
25
14
23
9
-26
-34
-35
-67
-63
-70
-75
-99
-59
-24
-10
-19
-83
-113
-108
-118
-83
-85
-55
-39
-46
-42
-48
-51
-37
-12
1
23
-9
-38
-56
-85
-73
-64
-74
-47
-80
-42
-27
-6
-32
-38
-69
-55
-24
-18
-27
-27
15
8
24
-15
42
51
50
14
66
64
35
40
36
56
46
59
17
29
47
31
34
51
25
46
35
16
15
23
87
94
88
130
105
80
111
91
48
55
68
0
15
8
24
49
54
56
28
0
-13
4
-8
-28
-40
5
22
18
-14
15
-34
-2
30
-23
-38
1
-6
-72
-49
-68
-134
-150
-95
-95
-66
-20
-28
-5
-45
-25
-6
-35
-23
-47
5
-10
-20
4
-25
-1
46
4
28
-29
60
63
60
11
-35
10
-50
-33
-102
-102
-120
-86
-131
-78
-16
12
32
21
-19
-56
-31
-7
-14
4
13
-8
-106
-129
-94
-126
-37
-63
-116
-78
-66
-4
-144
11
-50
-61
12
29
20
1
-3
-41
-31
-17
-23
-16
-58
-66
-18
-156
2
-17
31
9
77
-84
-57
-43
-2
1
41
59
60
135
86
104
57
199
174
244
183
199
146
146
185
153
82
223
174
113
245
90
9
122
126
-19
57
50
-7
30
27
-32
39
2
-6
-52
5
-29
-40
0
-97
-4
-49
60
1
-12
-3
11
23
-124
-72
-86
-139
-49
-103
-193
-45
-106
-114
-30
-70
-120
-83
-48
-249
-52
-146
-143
-193
-68
30
-139
150
25
-59
-43
3
46
-5
129
12
31
-17
109
-49
-5
188
56
85
158
-97
53
47
15
143
90
200
50
69
-4
9
42
181
-62
108
91
26
10
32
-68
-28
42
-109
33
83
29
-98
174
-190
79
-97
-46
-26
-155
-2
-137
-33
-236
70
-250
-162
-9
-62
-97
149
-9
-14
-40
51
-74
-33
33
-81
-56
-45
-21
-165
-96
-22
-240
-61
-115
0
48
153
-444
16
-33
104
155
-249
407
20
-49
-286
265
88
129
457
-159
40
39
278
118
-7
142
57
338
-113
221
143
209
233
254
143
151
74
61
303
69
381
-111
105
-210
71
59
41
20
-182
102
-359
0
-116
-162
138
-156
96
-273
-56
-162
165
-115
97
-84
-222
-19
-370
75
-288
-32
-334
188
-437
121
-145
-158
-68
-222
-134
-260
75
-278
215
-349
26
-317
-92
-133
115
105
-102
296
-60
151
-18
262
-172
269
-20
41
-61
27
-82
75
-76
115
30
-40
336
-167
37
30
-4
-66
130
-108
-59
-44
-9
14
68
-72
250
-273
75
-72
115
-250
107
21
-262
284
-101
-22
-7
180
-369
329
-96
8
-73
172
-73
22
211
-247
127
-116
66
-112
153
-90
62
-106
24
-89
70
-148
236
-298
148
143
-86
189
53
97
-199
530
-237
236
-176
187
-208
171
92
121
123
-53
456
-215
360
-87
231
-85
413
-90
26
194
141
270
0
318
-177
313
120
-115
417
-254
529
-228
448
-151
380
-97
59
133
-340
289
-283
54
-363
97
-354
-59
-249
-9
-349
-119
-107
-424
111
-497
6
-549
-104
-222
-281
-217
-177
-326
-456
64
-463
-121
-301
39
-601
205
-630
81
-367
84
-74
-522
379
-658
610
-542
654
-521
422
-182
306
-75
320
427
-152
682
-404
582
-301
681
-94
600
-29
382
213
193
486
112
381
113
621
-65
759
-153
554
-168
386
-54
451
-158
492
-49
127
102
25
114
-199
386
-274
499
-399
523
-533
270
-266
1
-213
74
-71
-106
126
-527
129
-317
75
-263
122
-289
-10
-145
-268
198
-426
118
-444
-98
-212
-89
-19
126
-250
104
-351
-83
-54
-68
-20
-68
-154
-275
-180
19
-301
381
-260
75
-253
-143
-41
-352
429
-125
400
-120
393
-313
403
-83
364
129
345
-83
-85
402
-480
401
-386
535
-394
133
-49
-375
-124
-133
-10
-339
57
-278
-314
-190
72
-360
145
-488
-112
-518
-271
-452
-184
-294
-414
98
-705
-205
-197
-72
-367
110
-448
-76
-286
163
-514
175
-383
-65
66
-93
356
-151
462
-118
617
-105
727
64
494
337
417
490
388
850
41
983
64
734
211
858
445
576
429
341
451
149
895
-13
658
327
124
493
283
414
-179
418
-252
177
-96
592
-398
241
-21
-104
-189
329
-141
-297
404
-502
41
-367
-142
-143
-249
-116
-14
-471
42
-140
-254
-169
-202
-257
-319
109
-676
275
-497
25
-435
-73
-537
-203
-330
-265
-264
-392
-130
-429
-28
-351
121
-517
217
-388
-74
-211
-396
-257
-441
208
-497
387
-797
195
-533
59
53
-273
335
-80
-7
-172
396
-550
663
-346
452
-301
364
-173
-86
227
143
312
-178
400
-315
42
291
218
-116
631
-288
299
-236
396
-345
141
95
-431
289
-393
455
-271
-6
122
-423
91
74
215
-311
311
-419
-97
-39
130
-148
281
-25
235
-215
473
-65
341
142
118
29
267
600
-52
877
-364
990
-230
1070
-2
822
218
630
141
452
353
32
520
70
386
-57
366
-545
262
-347
384
-601
145
-221
-65
-132
214
-128
-357
461
-757
33
-268
-7
-417
-1
-632
-184
-642
-22
-257
-467
203
-494
-259
-315
113
-554
442
-235
-284
-81
-395
-173
-43
-466
129
-324
80
-492
44
-425
43
-296
-384
139
-728
32
-386
-150
-749
655
-791
-8
8
-495
-68
-49
142
46
343
-266
604
124
433
567
388
714
-139
798
196
342
566
711
257
235
1238
-765
1322
-412
824
-259
797
-397
757
59
695
190
102
412
384
142
208
342
-537
405
-421
275
-735
382
-961
23
-532
-59
-217
-587
243
-1351
127
-611
-437
-660
-104
-889
-373
-108
-1049
122
-746
-174
-558
276
-630
168
-478
-158
-253
-153
-15
-599
-240
-120
-603
188
-465
-258
-120
-166
149
6
341
-120
566
-376
979
-48
686
49
798
-122
524
485
526
219
645
139
-1
956
-442
1092
-259
934
-230
868
-531
1363
-365
845
374
211
480
41
360
-129
951
-659
1198
-909
419
57
-185
-121
-174
511
-944
425
-465
209
-722
522
-929
167
-752
-203
-216
-794
635
-1128
568
-1481
852
-1460
920
-397
-89
14
-429
-23
-586
667
-1067
283
-417
-434
6
-153
-168
-55
-117
-648
903
-1211
1102
-320
-140
-165
-133
191
-710
1604
-753
1144
-234
828
-347
1034
465
650
611
787
-351
573
382
324
449
90
592
-18
58
573
-355
678
103
237
330
-331
813
-768
1153
-666
855
-579
37
16
-624
212
-446
-258
-573
-278
-888
-18
-259
-496
-222
-92
-1518
178
-707
-532
-586
38
-1387
-44
-415
-562
137
-405
-304
40
-349
-380
124
-574
718
-722
234
-923
479
-1121
407
-505
-344
378
-810
449
-912
692
-626
979
-153
436
-255
254
-72
-297
885
-843
1195
-918
1333
-581
336
111
72
731
791
1304
-199
1209
-111
852
539
1510
535
898
696
298
481
-348
1089
-380
1121
-30
169
-144
332
796
-219
899
179
60
-133
611
-621
632
-468
178
-998
-231
-389
-1007
14
-637
-682
-612
86
-839
-741
-232
-328
-815
214
-459
-523
-733
-160
-821
-61
-349
-78
-701
153
-511
209
67
-45
262
-175
623
-184
917
-610
960
-135
57
118
584
-226
245
816
-521
1011
-348
924
-233
1071
-310
416
340
-126
938
-810
820
-336
288
-431
1170
-808
619
132
-276
80
10
55
-133
81
73
391
-935
1589
-1339
-187
682
-1022
-3
44
-465
-1054
249
-924
-637
-117
-1261
-249
-641
18
-765
-335
-809
-452
-1067
-358
-505
-475
-314
-520
-527
-558
373
-306
-31
538
-883
384
-228
425
151
53
701
-506
1099
-522
1601
-1059
2082
-468
803
237
815
598
165
1383
65
1047
272
1388
-423
1908
-430
1431
269
488
223
515
452
-457
852
-490
974
-401
437
133
-578
466
-63
-152
257
122
-422
-15
-503
266
-1063
860
-827
-326
-923
84
-898
170
-181
-576
-231
-848
166
-1183
1185
-1623
675
-1508
1206
-2195
1377
-1299
-114
187
-877
151
-895
-172
-515
562
-1049
1028
-1297
-87
-268
-88
-310
399
-487
-266
-206
442
-272
330
-269
-703
420
323
175
578
-73
110
301
-63
555
71
917
-68
1236
-783
631
-53
584
-204
778
547
247
930
-141
229
401
91
397
175
283
410
-243
-12
149
-243
53
-502
99
-82
-14
-137
-57
-359
-577
675
-1125
1437
-1319
751
-203
-116
-408
-42
-28
-706
973
-977
569
-211
248
-472
357
376
-758
1068
-741
889
-819
992
-100
565
-194
-372
457
-430
1024
-248
705
-990
1513
-904
479
636
-298
-7
680
-81
-451
643
-982
248
92
123
10
-10
-598
-787
131
-221
-166
-530
-299
-597
180
-498
94
-678
-55
121
-641
262
-620
272
-455
-170
-149
-345
16
49
-348
481
-759
428
-568
169
-151
-263
-129
-232
103
-346
548
-788
566
-425
595
-207
311
-781
726
-250
478
-75
501
-572
370
130
317
141
657
-528
-29
523
-239
1058
-914
1205
-630
578
-37
443
-466
303
1094
-1155
1102
49
-284
809
34
209
-256
1098
-715
513
-146
692
-31
20
-75
219
-534
701
-721
-557
635
-448
-505
-448
154
-864
629
-81
-452
-259
186
33
-166
-470
516
-841
760
136
-747
223
123
-940
292
330
-93
344
-156
337
46
290
57
460
-29
1419
-926
447
17
182
-475
1251
112
-315
1073
-854
327
292
423
-107
806
-502
334
-65
791
-308
107
-140
821
-982
800
-305
-183
-216
557
-1111
655
10
-285
261
-1132
949
-1457
1182
-480
451
-1371
1632
-1715
361
77
-397
-214
-328
-108
-973
741
-897
312
-1035
468
-578
69
-408
69
-627
-376
225
-1105
-197
48
-996
63
-743
-225
-830
464
-245
-270
-660
349
-810
66
-19
-366
-451
78
-176
-841
1371
-816
287
-811
1266
-821
694
172
-136
448
74
285
-15
609
136
227
-68
947
195
-250
708
214
175
284
727
-652
1048
-26
206
-274
526
319
-364
1217
-503
891
-323
896
-769
1235
-333
720
207
-75
751
-204
345
-135
251
-26
772
-685
77
-164
-247
218
774
-1120
367
-367
-71
-475
101
-489
431
-235
-248
172
-972
901
-950
1089
-862
539
-1136
957
-773
830
-167
-706
661
-787
757
-398
499
-584
1188
-689
354
-59
-160
656
-73
291
-191
656
-674
621
-38
395
-418
642
177
-410
146
504
-886
211
858
-595
-90
814
-956
381
354
-310
-905
554
-67
-440
329
-689
530
-887
779
-1198
127
-295
345
-523
92
-487
48
-698
327
-777
-461
584
-1250
458
-1174
191
-602
-447
-441
98
-46
-415
522
-1442
429
-452
-152
-642
730
-937
-427
167
-511
128
-4
651
-304
-90
211
120
-232
1090
121
-534
829
369
-499
929
695
413
32
1086
-702
857
-148
1374
-850
808
-74
49
262
1168
-506
90
1130
-614
702
-210
979
-508
518
81
-96
-242
273
401
-663
686
-934
101
-88
882
-837
-216
450
-809
-194
209
-201
-1036
500
-629
-618
-145
151
21
-814
567
-944
284
-802
916
-963
141
52
-912
225
318
341
-737
415
-335
-758
740
455
-698
1136
-614
37
-284
868
106
368
649
-713
547
-221
620
-525
882
-385
871
-314
251
315
488
227
773
-440
527
515
-169
938
-585
1313
-817
723
-470
1136
-812
1441
-402
-599
906
-1161
1186
-315
541
-1211
720
-842
-213
-563
148
-352
155
-95
-1357
302
-937
444
-255
-683
-242
-205
-387
-57
-84
-175
-458
-7
-375
369
-523
43
-1262
425
-864
-28
241
-284
-341
394
-629
-438
662
-1200
1087
-923
880
-1399
408
-124
-256
268
116
68
-412
245
98
-7
264
-190
378
-668
1143
-918
788
-429
607
455
-58
-254
-612
872
-472
1574
-1099
375
-194
-7
429
56
595
-516
216
-652
254
-432
1175
-313
397
-87
-1329
1281
-556
1544
-777
752
-1104
462
-121
32
324
-356
653
-760
711
-1064
1007
45
-224
325
-206
-387
414
259
-491
593
-556
238
-91
427
-341
533
129
293
-164
-106
385
-115
1056
-391
-240
1252
-575
719
-338
312
196
79
269
374
-364
767
-274
-412
924
-814
1881
-1364
1673
-810
212
-1
290
-215
156
843
-1079
724
-698
1196
-2429
2732
-2004
1783
-1045
1283
-1468
-1311
1612
-2414
2047
-1572
1730
-2383
1658
-2285
1252
-1295
2989
-2860
144
78
-1523
369
-895
1541
-3607
2093
-719
-926
-115
550
-344
-380
609
-816
-852
121
885
-707
101
735
-548
-968
1186
-593
-837
1123
-77
-548
-191
250
791
-1534
1789
-119
-321
305
1081
-897
-722
2187
-1858
364
-56
801
-873
679
-245
-428
-576
1259
-549
-142
583
-783
797
-1091
1730
-1105
394
981
-955
-41
44
108
211
-832
340
-25
584
-803
392
-652
675
-14
293
-368
134
293
-447
441
108
411
-703
1205
-504
862
-1534
1958
-585
-1467
2541
-1847
988
110
-472
-678
1040
-684
1201
73
-28
-406
262
453
-153
1127
-718
1473
-676
-117
639
-557
312
50
820
-1180
364
-616
487
-1119
1112
-46
-1467
1125
-827
-10
-162
1296
-1956
924
-1440
1366
-1609
1233
418
-1528
479
133
-504
-107
1563
-1005
1115
-1871
1805
-1961
1226
-237
1032
-1147
498
305
-1203
613
809
-786
-684
1347
-779
-123
-646
719
-1322
1326
153
-300
-230
1113
-149
-540
606
868
-252
-162
1471
-1506
200
72
720
-1357
924
130
-743
228
305
-87
-1079
928
867
-342
-201
1541
-1527
-398
1147
-260
-1039
387
566
-1772
23
150
-101
-300
546
-26
-1506
556
313
-442
-232
271
-722
-276
-75
544
-1216
185
-167
-203
-253
409
117
-914
187
231
-1123
104
662
-249
-18
-120
938
-765
631
552
-358
-127
217
24
160
80
151
-306
81
-55
294
-355
310
38
-544
-216
-88
147
-37
-99
521
-96
106
113
-92
-276
490
134
258
421
-521
639
-4
411
405
166
-28
703
499
51
62
307
673
168
761
18
81
424
496
-285
207
208
-210
299
-323
-143
-848
25
-14
-473
-531
-703
-697
-848
-246
-1141
-886
-1440
-1117
-1694
-1129
-1390
-1130
-1111
-1151
-348
-475
62
-68
947
1611
2553
3120
3152
2713
3710
3917
4129
4089
3705
3258
3014
2334
706
674
-78
-105
-582
-1780
-2275
-3021
-3715
-3709
-4401
-4340
-4122
-3945
-4669
-4802
-5138
-5130
-4546
-4403
-3819
-3446
-2880
-2047
-1642
-1003
-1038
610
3785
4006
7685
5558
6621
6084
7472
8022
6973
8053
5956
6449
4012
3039
136
1262
-198
1225
-718
-2103
-3760
-4852
-5195
-6001
-5712
-6397
-4258
-4886
-3783
-5185
-4869
-4442
-2782
-1784
-1531
-1357
-2098
-2278
-2972
-3539
-3576
-3456
-2346
-2106
-2400
-2589
-2880
-2585
-2340
1188
3962
6150
8176
6744
6962
7974
10871
11041
11802
11154
9392
8212
5356
3001
-545
1351
653
749
-1464
-4892
-7691
-8814
-9536
-9412
-8972
-7017
-5021
-4828
-4623
-6547
-5651
-4685
-1539
196
-431
-579
-2493
-3612
-5008
-4900
-5475
-4240
-2661
-2975
-3466
-4841
-4275
-5114
1597
5619
8338
11133
8470
9221
9425
14148
11946
13029
11771
10111
7161
3100
-583
-5372
-2317
-2801
-1890
-4911
-7399
-10226
-10492
-10636
-10424
-8899
-4077
-563
-117
-269
-3148
-2077
-852
2578
3858
3417
2393
-422
-3179
-6938
-8143
-8277
-6231
-4839
-4202
-5569
-6383
-6324
-5588
-4534
-1518
9163
10603
16705
13167
10476
10599
14389
17566
13969
15430
9089
6370
-310
-3911
-11785
-10666
-7286
-5516
-5395
-9692
-13434
-15065
-10286
-9825
-5807
-2351
4654
7049
7218
3944
-17
1298
3483
7425
6012
3528
-1584
-6319
-10492
-12840
-13549
-11669
-7396
-4158
-4454
-6474
-7743
-6162
-3898
174
953
9988
17165
18672
19792
11477
10736
10828
18774
15467
14044
7597
-448
-6345
-11103
-15068
-18451
-10853
-7975
-3787
-7090
-10772
-14103
-8072
-3574
123
5645
10403
14687
13869
9931
1454
-828
166
3088
3939
377
-5752
-11713
-16237
-18332
-16957
-14706
-7594
-1904
566
-1916
-3444
-4705
-1293
2406
5178
6238
10234
20699
17566
18873
9651
6546
7467
14433
14613
5929
1495
-9470
-13605
-18380
-16700
-19684
-10005
-3179
375
-2386
-6971
-8125
-4329
6526
8982
13534
12615
16788
12968
7596
275
-5899
-4000
-2158
-1068
-7857
-13137
-19282
-19287
-18082
-14767
-11351
-5169
1689
5768
5724
2381
1838
3330
6168
7212
6949
6279
6829
13809
17242
13751
13139
7006
8841
11120
13532
4092
-1148
-6175
-11986
-13971
-14824
-12879
-11241
-824
-614
-707
-4526
-5893
-5576
2431
7062
6543
7223
6242
6742
271
-1776
-7994
-7204
-4017
-4442
-7861
-11882
-13207
-15575
-12684
-11413
-6755
-1612
3728
6789
8573
5995
4817
4414
4078
1086
-1209
-2627
-680
1558
8130
15955
13205
16097
8291
7994
8834
14853
10931
7214
2708
-8113
-13627
-16845
-14289
-13850
-3657
-1968
183
-2027
-6409
-10790
-7228
1440
5682
10563
10311
10649
4736
2020
-4246
-5774
-1697
-233
-1000
-5572
-9384
-14164
-14959
-11681
-5559
-547
4108
4911
5943
3687
2157
157
-290
-882
-2980
-4540
-4665
-2521
725
14202
11912
15196
11541
8176
11021
15529
13770
5997
3906
-7432
-11988
-16734
-12996
-14644
-4929
-1256
-1895
-274
-5431
-8810
-8696
1069
5690
10817
10749
10901
3578
27
-6148
-10948
-3455
-824
-373
-5513
-9048
-14287
-12597
-8969
-2852
3182
7380
7583
6138
4121
1607
1103
1024
1392
-1382
-5377
-7863
-4674
-3313
12005
16006
14612
14990
7742
8894
10610
14029
6496
4553
-1701
-10715
-17165
-17705
-17844
-11582
-2765
-708
1607
-1829
-4703
-7761
838
7282
12476
14764
14697
10300
2523
-3234
-12293
-9365
-3567
-1460
-3603
-7817
-12600
-14654
-10189
-4792
2529
8198
10734
9155
5842
2847
89
-977
1597
-252
-4021
-8759
-8755
-8769
-99
14771
10556
13818
8934
6108
8574
12996
9140
3334
1729
-7574
-15786
-18538
-16445
-14446
-3618
-808
1950
638
-1989
-6542
-3330
5921
10908
15951
14256
11962
2497
-3489
-11156
-13981
-5618
-1636
-278
-3509
-6765
-11044
-7875
-3687
3842
11498
14549
12527
7434
2777
-2941
-5137
-5366
-4206
-6630
-9816
-14235
-12976
-11128
8232
11719
12838
15490
8911
12437
16126
16665
6566
4034
-2407
-12673
-18398
-17370
-18265
-9860
-2893
-308
677
-244
-3245
-3739
6669
12811
16142
15093
13927
7554
39
-6411
-14342
-10597
-3790
-2108
-3318
-6842
-9898
-9323
-2867
2219
9834
13627
11767
7753
2428
-2818
-6354
-7291
-5101
-5771
-9530
-13711
-14683
-12583
-3537
15216
14033
17717
13890
9700
13550
15902
10949
3696
2047
-6584
-16826
-20093
-18704
-16045
-5058
-1247
2610
3845
2733
-211
2834
11684
15658
17040
15944
11032
2416
-4509
-14165
-17975
-11881
-6516
-5487
-6212
-6999
-8635
-3698
1519
7268
13618
15699
12058
6050
1347
-5177
-7471
-8947
-8511
-11309
-14267
-18007
-15243
-13407
6291
16580
15137
17983
9872
11571
14825
16166
6967
3891
-1594
-12091
-20047
-18479
-17697
-9980
-411
2547
8544
7499
5220
1980
8424
14636
15938
13836
9862
2480
-4803
-11556
-20215
-18480
-11145
-6612
-5175
-3931
-5214
-2889
1710
6222
11981
15173
13357
7363
2473
-4667
-9521
-12165
-12791
-11331
-12918
-14250
-13973
-10967
-4694
15291
17717
19223
18695
12937
16782
17807
13431
4455
1004
-5850
-17106
-20952
-18339
-16263
-5890
-1097
3364
6908
6029
4020
3042
10206
13481
13114
10225
4216
-2877
-8861
-16201
-20522
-14819
-7040
-3573
-1293
-681
-624
3011
6980
10060
13295
13742
7141
1581
-4797
-10671
-12011
-12994
-11397
-10592
-10244
-10964
-7841
-6062
3969
20864
20156
22884
17171
12711
14175
12824
7081
-449
-1977
-10839
-20514
-21417
-19545
-14527
-4884
-196
5669
9502
9574
5136
4785
11122
12268
11395
6664
-531
-6861
-11706
-18358
-20829
-13016
-5683
-1604
1923
2421
2737
5698
8016
10293
12640
10675
3823
-2252
-7631
-11319
-12639
-12777
-9726
-8031
-7196
-7447
-4598
-3417
10835
23393
20473
21296
12783
9766
9992
9273
793
-4403
-6910
-15754
-22960
-21715
-18604
-10884
255
4888
11707
13424
12241
6459
7310
11150
10485
8082
2506
-4332
-10049
-13829
-20668
-18693
-9693
-2804
2024
5507
5166
6645
8516
8147
9868
10487
6595
-63
-5535
-10885
-13385
-13835
-12767
-9080
-7293
-6269
-5517
-3322
-1546
15130
23186
20027
19624
9873
7488
7735
5323
-4012
-6565
-9657
-18701
-23851
-19414
-14377
-3463
6584
10135
16604
17794
13818
6191
7074
9246
7310
4237
-2519
-9550
-13088
-16713
-21332
-16267
-5735
1063
6250
8135
7252
7966
7827
7545
7886
7773
2699
-4374
-9324
-12665
-13546
-12887
-10467
-6831
-4764
-4225
-4000
-1638
951
17801
23555
19089
17524
7270
6014
6537
4071
-4192
-6444
-8608
-18845
-22861
-16881
-11156
2596
10637
13490
18439
16672
10914
1592
3519
5237
3205
726
-7433
-13828
-16173
-18354
-20539
-11626
-168
5962
10672
10748
8653
7491
7026
5388
6120
5178
-1017
-8655
-13029
-14600
-14016
-11380
-7108
-2420
-1267
-1263
-2651
-865
1532
15665
24695
20349
18573
8817
3981
5448
3598
-3866
-6449
-6972
-15494
-21297
-16635
-11653
704
9305
11543
16513
16028
10091
336
-504
1439
924
-327
-6172
-11488
-12419
-13829
-15923
-10243
89
7890
12310
12915
9119
6010
4478
910
113
-253
-4614
-11849
-14110
-14871
-13180
-8209
-4386
566
2288
2803
-287
397
1736
9098
23795
20842
17384
9222
810
3259
3303
-2414
-6858
-7310
-12138
-20420
-19897
-13449
-3077
8985
11579
16419
16779
11240
2256
-2635
260
911
1357
-3265
-8888
-11134
-12464
-14718
-12034
-2461
7503
11782
12599
8741
4207
3561
1345
-33
735
-2270
-8930
-11333
-12671
-10704
-5896
-219
2052
5068
3208
-1527
-3029
-1009
1535
15991
23069
15410
11333
1400
-165
2182
1978
-5095
-6214
-7127
-16827
-21428
-16368
-7123
5337
13959
17679
18477
14219
7067
-3589
-2370
-305
673
-26
-6698
-10118
-13295
-15085
-14932
-9574
5043
13379
14329
13133
5061
3130
1775
-617
-2377
-1791
-6929
-11162
-12986
-13420
-8162
-1454
1595
5020
6469
1334
-2254
-3808
-2392
6055
21593
19454
13175
7442
508
1634
4240
-1092
-6012
-3650
-10394
-19829
-19488
-12513
-1116
12309
18107
18147
16913
11480
-416
-3994
-2519
-825
176
-3655
-8627
-13818
-14582
-15553
-12490
-1168
9715
13156
13602
9589
3771
2664
466
-2618
-2826
-3556
-7731
-11310
-11565
-10826
-4699
1531
3666
6563
2963
-990
-5737
-6511
-3593
5524
21394
17765
12737
7082
-327
3584
4567
-1146
-2643
-4099
-10196
-19342
-18726
-11372
1969
15905
16247
18893
14777
8035
-2283
-6308
-3383
-2454
277
-6035
-10517
-13242
-14503
-14070
-8945
3522
12250
16683
14327
9198
5256
3194
-598
-3469
-3653
-4822
-9614
-11705
-11854
-10020
-2369
1589
4449
3773
594
-4878
-7367
-4407
-2780
13548
21599
14925
12860
3763
2270
6624
6977
620
-2212
-4221
-15521
-20992
-17696
-5615
9427
15454
16243
12599
9442
658
-7990
-6846
-3470
314
-1817
-6992
-12454
-14574
-13028
-9360
684
12894
17148
15700
10068
5042
3589
-1322
-4209
-5470
-5769
-9825
-14333
-15397
-12020
-3908
1885
5854
5704
3977
-2048
-6383
-4955
-1383
5074
18925
20450
14190
10346
1609
2687
8986
6004
-769
-3420
-11394
-20174
-22494
-14946
-2357
10481
14684
12476
11313
6638
-1942
-4673
-1087
2062
3633
557
-6829
-12066
-11616
-9986
-6039
5154
13902
12673
10379
3187
-1200
-1369
-3151
-7673
-4250
-7126
-12583
-13981
-13815
-6274
2104
7581
7383
8179
2686
-3274
-7405
-4755
-1500
12235
20870
14287
10852
3584
979
6303
7746
415
-1834
-7515
-16115
-22097
-17549
-6294
7413
15045
13831
14106
10514
3237
-3376
-1288
967
2705
-149
-7368
-11749
-12991
-10522
-7408
-703
7368
10103
8571
5206
2144
1703
-331
-3961
-4158
-5984
-10316
-12483
-11576
-5972
-895
5093
5477
4276
2392
-3598
-7003
-5324
-2489
3103
18717
18109
12701
8945
2079
5978
11160
6521
-1058
-4213
-11556
-20401
-21320
-13853
369
11031
13069
12753
11584
7993
-549
-2427
-661
1129
400
-6472
-10513
-13561
-10297
-8067
-5380
4116
7518
9149
6509
3328
3965
2084
-1784
-4031
-5876
-8860
-11964
-12211
-7664
-1392
3167
4958
5172
2675
-1082
-5319
-5258
-2743
-126
13754
19722
14782
11675
4762
4612
11347
9518
-377
-2832
-9720
-18633
-21995
-17295
-4275
7344
11789
11278
11061
9967
3019
-1177
354
2191
2000
-4354
-9327
-13145
-10563
-9357
-7690
782
6259
10395
7515
3891
4173
2724
238
-3249
-5100
-6970
-11281
-13238
-10416
-3570
587
4894
7234
4974
2807
-3010
-6629
-4370
-2865
5070
18999
16591
13907
8177
4265
8771
11142
4131
-1794
-5320
-14488
-20180
-21041
-12190
45
8202
9390
10561
11131
8064
2011
157
2519
2255
-991
-6926
-10347
-10008
-9810
-9134
-5999
1703
6975
6881
5202
3894
3128
3137
-1082
-4083
-4357
-7620
-10367
-10203
-5946
-2625
1459
5579
3948
3377
-195
-5663
-6545
-4400
-2804
11182
19326
13447
11856
6145
6391
10475
7766
-1080
-4091
-10185
-18099
-21440
-17312
-6509
4989
8579
10113
12155
11938
7751
1164
3508
2488
711
-5457
-10386
-10686
-11555
-9190
-9062
-2349
4901
6818
7356
5073
4908
6033
4112
161
-1730
-3685
-8913
-11315
-9616
-6726
-1721
2665
4024
4020
431
-4327
-8626
-7005
-4254
2546
20130
19142
15550
10275
5254
7252
9836
4940
-1994
-3084
-11854
-18756
-21205
-15374
-2490
5739
8607
12063
13500
12523
3759
1424
1997
1124
-672
-6803
-8426
-10822
-10117
-10822
-9670
-1714
5319
8060
8005
5863
5849
4956
2108
-2263
-2664
-5685
-11557
-11297
-10852
-5195
150
2949
3380
3089
-1746
-4704
-7657
-4367
-196
12792
22331
15447
12009
4886
4793
6690
7892
1117
-1296
-6858
-16507
-21055
-20745
-9896
1138
7303
11123
12747
12476
6383
507
1299
1918
2238
-2191
-5957
-9186
-11073
-12131
-12431
-7404
998
8196
10387
9415
7257
4909
3317
1535
-579
-84
-6451
-10456
-11766
-10716
-6037
-634
4418
5034
3801
-844
-5627
-6893
-3022
732
16199
20606
13047
8929
2511
2147
6546
6605
247
-1820
-9706
-17495
-21793
-19622
-7680
3627
9403
11303
12800
11186
4153
420
2825
4137
3206
-1659
-5084
-9682
-10918
-12121
-11278
-5275
2604
9532
8085
8248
4510
4846
4749
3454
2245
587
-6881
-11126
-11246
-10046
-4242
1895
3595
3246
1675
-5649
-6763
-7698
-1309
3779
17782
18669
10111
6191
165
2899
7774
7338
748
-1705
-11069
-18548
-22600
-17694
-5032
5930
9648
10883
12893
8815
2662
1194
4665
4850
2133
-1674
-6848
-10722
-11887
-12311
-10453
-4076
3771
6660
7350
6915
6278
7295
6044
5443
3795
132
-7359
-9486
-10031
-9011
-4919
-778
-286
-83
-4309
-7272
-8274
-4499
-915
6395
21902
15363
11317
5041
2267
6041
10234
5140
376
-4194
-15052
-19839
-22203
-13271
-835
6582
8724
12838
13615
8371
2927
3380
6152
4765
1783
-2616
-6749
-9779
-11010
-12842
-10171
-4002
2577
6172
9978
10317
9100
7772
4618
5039
2387
-3488
-9871
-10409
-12876
-11969
-8688
-4793
-2148
-529
-4321
-4889
-5545
-2190
-1143
9121
23382
15548
12180
5507
3185
6627
8955
2035
-761
-4711
-14019
-18062
-20500
-13606
-1794
4385
7562
13211
14057
9136
2526
2972
4767
3064
900
-1547
-4547
-7458
-9761
-13755
-11486
-4750
806
8358
10694
10119
8610
5062
4100
4433
1882
-2440
-7282
-9429
-12224
-13018
-10229
-5422
-1041
-13
-2051
-3986
-5265
-3007
-2141
12333
23382
16123
13768
6215
4112
5875
5551
-708
-305
-3508
-12888
-17323
-21332
-15089
-3133
2288
7716
14833
15841
9306
2918
3321
3151
2607
2086
1474
-2300
-5319
-10711
-16037
-12131
-6339
-158
7720
10403
8701
7560
3324
1838
3177
2289
-1761
-4747
-8268
-12848
-12964
-11559
-5385
-536
-309
-3043
-5371
-5876
-3533
-924
16061
23339
17701
14987
6544
3930
4646
4680
-165
3217
-4060
-12812
-17078
-23519
-14840
-3768
1796
10168
16600
15029
7665
2378
1380
3209
4489
4789
3900
338
-4816
-12662
-17141
-13013
-7461
-910
7828
6530
5848
3955
25
1309
3524
2349
508
-2772
-7530
-10208
-11190
-9183
-3100
373
-1364
-3992
-6979
-6053
-4351
390
18676
22068
18000
14627
6048
4779
6082
4999
2131
4465
-4734
-11542
-17928
-22985
-13638
-4864
1103
9261
13765
11691
5133
70
251
4115
4984
5100
5622
1029
-3827
-10925
-15300
-10687
-8202
-1040
4312
3698
5106
2094
396
456
2311
1559
953
-1040
-4453
-5549
-7414
-6000
-2761
-2129
-4086
-6945
-7885
-6405
-4832
651
15226
17339
15709
12020
6950
7552
10333
8872
5503
6353
-4009
-9819
-16372
-19610
-11638
-4404
-1172
3446
7015
4408
-258
-3691
-1864
3828
5465
6456
6479
3965
1543
-4464
-7910
-6124
-5136
-1174
1852
1579
111
-1166
-3790
-4015
-2204
-2723
-1124
-1158
-1654
-1061
-739
-854
354
117
-2469
-4195
-5524
-4561
-3057
2358
11530
11913
10236
6592
5747
8091
11377
9164
7318
5791
-2740
-6214
-11451
-12533
-6584
-2872
-2129
228
736
-3284
-6439
-8287
-5927
1258
3213
5156
6888
6275
5966
1395
-1703
-307
1099
3649
3708
1077
-1901
-4885
-8686
-9642
-8585
-8585
-4309
-3141
-1869
868
2197
2187
3497
3614
2559
810
-2038
-2408
-2008
-1066
3678
5844
3891
3741
2882
4269
7643
7775
5963
5698
1523
-1437
-2816
-5018
-2659
571
-617
95
-571
-4390
-6961
-9801
-8464
-3595
-752
1399
3697
4753
5543
3455
381
1671
3770
4568
5248
3376
128
-2801
-7335
-9567
-9398
-7796
-5417
-3616
-1769
377
2932
1676
2979
4164
3455
2076
-826
-2534
-2629
-2604
-3609
675
2120
2013
3324
3128
4758
7251
7193
4848
4614
2089
148
-56
-474
872
2077
232
-2045
-4302
-6832
-8581
-9279
-7536
-2928
453
1673
2744
2359
1701
1535
1817
2973
4907
5116
4787
2329
-2017
-4459
-6631
-7201
-4203
-2699
-2043
-1136
-232
1176
1415
2380
3141
3403
1750
1303
-790
-2834
-4538
-5066
-4486
-2087
859
1174
2809
2736
4463
4420
5007
4775
3698
3389
2350
3786
3335
3104
2504
-721
-3475
-5701
-6423
-6059
-4804
-2694
-477
712
-641
-1654
-1746
-113
2790
3910
4338
3827
2332
351
-2394
-3345
-3472
-2739
-1149
-1231
-1610
-2673
-1248
-852
-183
1406
1707
2165
719
438
-857
-1657
-3848
-4829
-3495
-2853
-3297
-1777
1020
3033
4041
2521
2314
2471
4642
3833
4911
5863
4635
5792
2520
-302
-2088
-3798
-4130
-3529
-486
487
373
-1859
-3502
-2235
-3144
-966
1381
3592
5382
2820
179
-3201
-4088
-2962
-2310
-483
69
-78
-1748
-2671
-1700
-1393
-244
541
2301
2966
1728
325
-613
-73
-720
-251
-562
-1823
-2385
-2177
-3030
-1496
1041
1373
2065
1578
1136
2203
4052
3341
4736
5224
2166
640
-1618
-1805
-1322
-1424
15
1910
3126
835
-1034
-2318
-2219
-856
-680
771
1466
1235
34
-2674
-3922
-3822
-3391
-1902
-540
128
-993
-1203
-1091
-653
412
866
2174
2638
2522
2036
1446
685
-61
91
107
-725
-1221
-1981
-3148
-2135
-3063
-4040
-1749
-675
942
2105
2114
1711
3688
3251
567
376
-1364
129
786
539
2157
2945
2649
1007
1574
1451
901
119
-1104
941
66
-1214
-2243
-3255
-2199
-2351
-2396
-1727
-712
-632
-1034
-261
-869
-629
117
845
3094
2666
1974
1268
1016
517
-644
-132
-505
-128
450
-379
-1558
-2837
-4018
-4751
-3690
-3356
-929
2342
2503
2356
1703
-950
-2425
-1030
-120
3189
3174
1927
2682
2326
1866
846
1716
2247
3961
3264
2167
1114
-2189
-2995
-3288
-3105
-2270
-1484
-144
1059
1112
-94
-588
-559
-463
1099
1588
1958
2266
1527
788
493
-246
-1650
-2136
-1782
-1135
-350
-129
-1147
-1412
-876
-1569
-2306
-1970
-1431
-44
660
-95
30
736
-1462
-2341
-2277
-1211
449
818
248
498
1457
521
451
1048
1906
2854
2561
2240
1658
1234
399
-780
-1532
-1572
-366
90
500
1133
1213
1053
252
-1005
124
429
1141
2393
1971
1687
679
-817
-2802
-2770
-2278
-2722
-1422
-974
-1021
-1044
-719
-972
-834
539
955
2220
1621
474
-635
-2598
-5115
-4910
-3050
-976
58
-1087
-1731
-2107
-386
-207
654
2674
3132
3634
4285
4049
2666
2345
1422
1326
2011
1348
1572
1553
48
26
43
-274
-306
468
2497
3351
3079
2426
1671
1193
1181
-773
-2605
-1866
-2776
-3275
-2160
-2886
-3065
-2566
-2006
-2307
-613
264
916
2998
2386
1837
22
-2825
-4578
-4878
-4896
-5171
-5188
-3790
-2967
-1971
-877
-345
415
2491
4391
3915
5001
3860
2085
2463
1694
1230
1192
915
1348
2522
1769
979
1002
191
64
978
1863
3054
4308
3943
4002
3478
1192
-1434
-2980
-2803
-3593
-3539
-3222
-3425
-2961
-2728
-2681
-2427
-493
518
2138
3382
2249
1732
61
-2775
-3954
-4625
-5555
-5243
-5213
-5789
-6132
-5082
-4160
-1452
2218
4547
4827
4313
4519
3576
3485
2140
1750
532
19
596
1217
1332
491
1065
1247
2363
2273
2903
4495
5190
5717
5539
5133
4210
2608
1053
459
-1227
-4198
-5185
-5629
-5511
-4494
-3794
-3069
-1871
-154
1418
2183
1321
1140
1364
-300
-1803
-3405
-4865
-5254
-5838
-4875
-4613
-4259
-3328
-2847
-1253
-825
-142
-103
1979
5247
5407
4894
2679
729
-973
-556
-73
1407
1778
719
1826
1642
978
1005
2795
4871
7539
8696
7999
7588
5553
3099
1514
118
-1521
-3176
-3268
-4269
-4764
-5174
-5995
-5845
-4315
-2036
-330
1030
1316
2208
1784
6
-2153
-3255
-3894
-4098
-3714
-3566
-3667
-3884
-3568
-3211
-1949
-1359
-715
-1024
915
903
-298
-293
-1595
-64
932
1343
1345
1704
623
1640
3532
1941
2652
2372
3893
6706
6858
5922
7171
7098
5851
6364
4892
2769
506
-2324
-3160
-3757
-5230
-5048
-4298
-3118
-2380
-2018
-2571
-1955
-1169
-287
275
-616
-607
-808
-1086
-1144
-1609
-2549
-2915
-2315
-2830
-2931
-2443
-2483
-3067
-2090
-657
-1193
-1255
-1999
-2981
-3458
-4347
-3733
-2245
-130
2440
4325
4510
2671
2113
2840
5829
6722
6684
7230
7162
7558
6465
4789
3701
2755
1091
1509
1567
-316
-1638
-3091
-4843
-4080
-3545
-3916
-2350
-1011
-195
-83
-2669
-3917
-3490
-2793
-1819
-148
912
1159
1886
-201
-2686
-3253
-4246
-3863
-2318
-1387
-640
-1814
-2857
-3330
-3154
-3153
-3017
-1236
-207
530
-850
-774
-1091
-1737
2698
5251
6703
6305
4585
4939
7814
8820
7028
7625
5906
4858
5093
2447
538
284
-985
-1381
-1143
-2325
-3867
-4215
-5776
-5021
-4079
-5261
-4399
-2643
-888
-60
-34
-447
144
1219
1047
189
-1106
-1079
-848
-1942
-3167
-3645
-4107
-3878
-2956
-2481
-1771
-2378
-2056
-1258
448
1155
796
1774
817
-607
-1661
-3201
-2621
-2722
565
5570
7355
6740
4994
5660
6442
9234
9120
9077
7658
5713
4289
41
-3905
-3838
-3593
-3611
-1633
-2659
-4237
-5802
-7212
-5828
-3088
-1913
51
3813
4734
4211
2817
-1768
-3287
-2412
-2298
-2867
-2688
-2761
-2035
-1940
-3412
-4704
-4175
-2808
-683
2397
2954
2175
988
416
-778
-1246
-1512
-2301
-2535
-4716
-5521
-5452
-5076
-4274
2650
9052
9451
9882
8430
8711
10677
12263
9339
7828
4649
1506
503
-3805
-7797
-7106
-6150
-5166
-2015
-2194
-3471
-2586
-2550
-1527
270
248
1395
2816
2764
1403
-1066
-5182
-5274
-3524
-2800
-1686
-2158
-1724
-962
-1358
-2052
-1614
932
2801
4508
3963
1151
-880
-2380
-4100
-4829
-4608
-3739
-2459
-2364
-4290
-4387
-4570
-2967
115
8904
13906
13248
11026
6624
5664
7041
9318
7019
7509
3385
-207
-3112
-9118
-9748
-6266
-4032
-524
3038
1021
-2188
-3030
-5085
-4439
-2601
-1879
1187
3696
2015
-998
-3293
-5208
-3906
-1718
-133
566
647
249
104
-923
-1089
-466
1132
2833
3168
1112
-2349
-4915
-4732
-3116
-2650
-1775
79
92
-1921
-4878
-6047
-4153
-1523
1645
10220
11820
9910
6686
3869
5732
10286
12394
9499
8684
1424
-2157
-6721
-11045
-8003
-2961
-1866
25
-931
-7508
-9627
-8377
-6829
-1128
2321
3556
7166
6136
95
-2703
-4590
-3943
1349
2541
1964
-37
-3050
-5289
-5022
-3264
-372
3122
3630
3075
1583
-1671
-3972
-2197
53
1777
1521
-199
-1092
-2989
-7395
-9989
-9445
-5722
-2531
6077
13193
11586
10057
5589
5166
8631
15082
11409
10891
5094
-1992
-4427
-11016
-11576
-6371
-4317
-4238
-227
-5109
-8505
-5171
-3484
1892
5272
3668
5855
6315
962
-2735
-3886
-4862
-168
1575
-45
-817
-2694
-4710
-3542
-2314
509
4876
5401
4453
2239
-1152
-3963
-2729
-1295
1491
1323
-2064
-4859
-7200
-9346
-10209
-8985
-6040
154
2604
12206
12786
8250
6274
3575
6582
13615
17513
11521
9560
-1775
-7456
-10194
-14084
-8624
-1541
-1209
30
-12
-8468
-8676
-3972
-1015
5038
6475
4184
6120
2803
-3481
-3753
-2916
796
6671
4585
425
-2432
-6789
-6292
-2463
-857
2708
5719
4294
1243
-1939
-4980
-2580
832
1673
1634
-1162
-5621
-6242
-7359
-6705
-5182
-5144
-6150
-3633
-4774
1670
12356
9076
11234
9925
8101
11083
16145
9158
8278
2452
-5577
-2832
-9817
-11154
-5383
-5526
-6489
-1285
-8104
-8331
-789
-621
2904
5004
2225
6698
9522
3527
1710
-139
-2924
639
-699
-3366
-3563
-6139
-6155
-3089
-2853
-559
4734
4896
4273
1352
-2742
-1332
1031
492
1968
-777
-4673
-5861
-9144
-10273
-9317
-8844
-7651
-4422
-2782
-155
15595
13898
10603
9735
6225
9625
16455
16035
9364
8652
-5971
-6397
-11191
-16657
-8582
-2208
-3412
612
-2455
-10413
-2275
3296
5372
9983
6823
5195
7577
309
-4188
-2869
-3145
-262
1542
-3276
-5009
-5642
-5659
-1740
339
405
3586
4110
1723
995
-1519
-1519
554
216
-203
-2319
-6549
-8531
-8494
-8671
-5865
-3179
-3027
-3244
-6008
-4819
-2435
10131
17643
13249
13796
8168
6813
8806
14060
7751
9786
1879
-5091
-7795
-17116
-11479
-3595
-1099
1499
4556
-5707
-6287
-2740
-3566
2318
5618
5371
9186
5039
-2353
-3408
-2775
-480
3727
493
-1290
-2234
-5685
-5908
-4089
-2571
1536
3671
2497
1149
-3000
-4132
-2190
896
1502
1942
-2016
-4146
-7163
-8848
-7798
-4194
-725
-1437
-2422
-5263
-3823
-3203
11963
16471
13905
14136
6980
6210
9321
11953
5741
8898
-144
-3077
-9333
-18025
-11371
-6124
-4974
451
1288
-7993
-4911
-2552
-1695
4794
7496
9435
12325
4893
-1075
-2551
-4484
-2280
985
-1049
-1005
-3199
-7174
-7385
-6553
-5098
571
4148
3054
1259
-314
194
1015
1442
1475
2142
-852
-3314
-5380
-7514
-6923
-2519
-1610
-2028
-2753
-5355
-5003
-4787
1654
17313
13658
13042
11413
5360
5555
11698
10060
7289
5537
-6578
-5570
-14526
-15358
-7223
-4423
-3017
2992
-4149
-9311
-1545
-398
4362
9001
7372
10056
8435
-595
-3111
-2920
-2329
1949
1567
-1661
-2762
-8888
-10982
-7068
-3466
-426
5144
5665
3752
434
-758
849
3322
3093
2602
246
-3685
-5535
-7707
-7689
-4725
-1308
-2580
-2546
-3672
-3575
-2636
-2159
6702
19704
12159
11505
6702
1772
4508
9609
6872
6372
2373
-8686
-6739
-16085
-12783
-4704
-2786
736
4436
-5478
-7864
-1170
-30
6516
9714
7778
10014
5579
-3635
-5630
-4764
-1960
2328
170
-2535
-3984
-8867
-8130
-3114
-527
2765
5863
3973
519
-1854
-2977
-127
1245
2087
1979
-1706
-3728
-4917
-5232
-4005
-449
1407
1196
-1832
-5147
-4560
-3222
-1510
2573
15669
11995
8630
4211
-917
3227
10155
12120
7646
5756
-8007
-8599
-16430
-14334
-4249
-785
3092
4902
-2381
-8603
-3127
-686
5549
10684
9106
9398
5557
-2516
-4759
-5161
-2325
1755
556
-3461
-5178
-8385
-8226
-5005
-3535
825
4732
3231
519
-1522
-1270
1277
3423
4719
3337
138
-4226
-5110
-4741
-3982
-2046
10
-726
-2185
-4928
-5734
-3082
-141
1936
4374
16676
9396
6215
3375
-1167
3354
10720
10830
5268
4134
-8282
-6071
-13742
-11615
-236
2495
3761
5891
-2604
-10055
-2383
-158
5045
8539
5213
5385
2604
-6165
-7789
-5291
-1579
3719
3841
-438
-2918
-7384
-7448
-1610
-318
1997
5753
4217
-197
-4178
-5269
-3501
-307
1350
3500
2403
-1560
-2407
-2818
-1050
1923
2699
1324
-657
-4697
-7332
-7114
-6333
-1934
-266
12308
12493
6337
5404
190
3797
10571
16658
9277
9290
-2226
-5206
-11033
-15865
-5055
-2753
-1032
-198
-4275
-11987
-5691
-1459
2544
8719
7460
6788
6095
-388
-2017
-1063
531
4375
2908
-2979
-5725
-8391
-9974
-5970
-4776
-1345
2071
1590
113
-123
-320
3154
5582
5697
5586
1779
-834
-3024
-5522
-4413
-777
-250
-1366
-3252
-5298
-5950
-4650
-3596
-360
1545
3618
15759
9457
7002
6500
2023
5909
10211
8038
1230
1259
-9978
-7630
-12642
-11230
-856
-1071
-449
942
-5152
-7903
1356
2113
5728
9593
5678
4678
2466
-4732
-3045
-1489
-520
2090
-764
-3757
-3222
-5487
-5469
-1522
-2424
648
2247
-57
-2575
-2847
-312
3166
4285
4011
4874
2729
1028
-583
-2122
-1017
2132
1575
-558
-3865
-5917
-6775
-5698
-3704
-753
58
4320
14715
7066
5538
4176
2985
5048
11255
7495
3284
1893
-7538
-7316
-13953
-10881
-3069
-1033
-2093
1024
-3592
-6669
190
165
2844
7399
6679
6467
5851
-1032
-3695
-3325
-3053
-2062
-2388
-5044
-3587
-5173
-6959
-4695
-2372
2175
5251
6139
3365
2713
1961
2340
2032
2704
3740
2463
59
-2707
-4686
-5441
-2672
-573
322
277
-281
-1680
-1719
-2248
-2562
253
530
8719
7789
4111
2789
2539
904
2420
7134
1116
2291
-2864
-4971
-8103
-7819
-4347
-584
2210
2116
2578
-2596
-3425
-2273
-1867
-631
2675
3996
4242
1774
-1230
-2320
-1313
-1555
-649
1059
-142
31
-2433
-3334
-4594
-3009
-509
2005
2211
2250
3325
1510
576
109
2860
4220
4892
3372
503
-1139
-2250
-2955
-3627
-2909
-3406
-2583
-2927
-3330
-4002
-4354
-4108
-593
5831
5519
4812
5159
3926
2701
6311
5679
4276
1958
-1053
-4705
-7487
-8051
-6231
-1882
-159
3468
1171
65
938
1075
750
2102
3056
3076
2463
396
-1725
-2637
-3054
-4271
-2791
-1788
-118
-503
930
514
822
933
1644
3629
2620
3448
3234
1193
-807
-195
-1225
-593
-46
-619
-981
-1764
-4377
-5259
-4583
-4543
-1909
-1747
-1277
-715
-1007
-1945
-1793
552
1683
3956
2681
2030
1618
1276
3263
2985
2936
2316
2742
873
1023
-57
-185
744
1890
1834
244
-625
-1283
-984
-2770
-2313
-1469
-1138
-43
890
392
203
29
-48
-478
221
934
1196
912
2072
2572
1880
2129
2626
2582
851
74
-1120
-2061
-2455
-3175
-3442
-2435
-3232
-2770
-2814
-2540
-1740
-2904
-2790
-1414
-2005
-3189
-1057
-1031
-1202
-794
-101
1876
1845
119
158
-84
-728
1093
3074
3663
3765
3296
1994
1810
1669
2848
4595
4877
3786
2105
922
-436
-2017
-2304
-1145
-432
-703
-294
-48
-279
-93
222
2109
2334
1702
1747
1435
975
-645
-713
-606
-211
-1213
-2269
-2283
-4266
-4247
-3499
-2710
-1966
-2785
-3045
-3140
-2552
-733
414
419
525
632
-1482
-3335
-4096
-3189
-2161
-2527
-1080
-817
-274
-170
142
1129
2372
3374
5181
6535
5673
4527
3269
2923
1698
2202
1290
1056
1012
763
1198
981
986
1208
1862
1158
1366
1686
2344
3272
3143
2770
1575
-1059
-2031
-2699
-2732
-3514
-4485
-4202
-5677
-6385
-5863
-3926
-2056
414
1762
2105
2099
223
-468
-1166
-1448
-806
-868
-1557
-1586
-2542
-4102
-3411
-3709
-3755
-756
1246
2047
2099
1569
1362
1562
1259
2338
3687
1458
551
1304
574
-62
489
1498
2261
1790
1211
2932
3821
3613
4707
4717
4504
4429
4464
5253
3638
1403
-126
-1332
-3028
-3932
-3215
-3022
-3489
-4479
-4626
-4422
-4266
-2987
-501
94
-1036
-482
-437
-1178
-1279
-398
153
399
-1174
-2266
-3207
-3925
-3708
-2986
-1007
962
1649
401
306
-154
-1320
-703
685
1634
1497
781
366
-100
-363
-219
-75
-136
263
-484
-759
-341
1579
3401
4512
5794
5573
5114
4286
4095
3393
4009
3221
3008
2958
795
-1151
-2461
-2765
-3121
-3460
-2832
-3000
-3209
-3785
-3926
-3111
-3138
-1723
893
1179
-156
-202
-1132
-2347
-2581
-2237
-1627
-1077
-1929
-1531
-1313
-2012
-1951
-1009
284
110
898
878
2197
1854
915
1399
1088
470
-384
-490
-389
-797
-1176
-925
-223
448
535
879
204
413
680
1822
3657
5590
6603
6124
4976
3516
2492
2440
2350
1945
1017
47
-328
-1843
-2039
-2806
-2945
-1931
-1261
-789
-1055
-728
430
-184
-1612
-1743
-1538
-2045
-1678
-2058
-2469
-1644
-1856
-1363
-1775
-2392
-1970
-1796
-1717
-1146
-367
5
267
417
717
203
243
1193
2401
2060
1568
1154
-187
-126
-1671
-1320
-790
-527
333
-202
131
64
1028
506
412
893
1429
2738
2513
3667
3292
2031
818
187
-326
-917
-322
129
-75
-951
-486
473
1018
722
95
-40
296
-31
52
34
63
307
-1130
-2757
-3895
-4998
-3776
-2586
-2417
-1280
-534
-403
6
206
511
1964
2540
3365
3677
2298
1193
805
-132
-537
-282
152
539
171
-600
-1502
-1507
-2388
-1896
-802
-663
-728
-861
-964
-1625
-1687
-841
476
-122
-576
-381
-619
-63
627
1399
768
33
154
36
846
1135
1947
2884
2600
1311
761
1025
736
439
310
852
854
565
451
952
880
-405
25
126
-127
-531
-937
792
1419
703
1111
1791
2130
1701
1055
1644
2491
1429
565
969
-499
-2029
-3209
-3179
-2515
-3113
-3257
-2342
-2652
-4554
-4258
-3379
-1877
-324
-151
404
92
-1578
-1808
-844
-486
752
876
-49
-685
-2175
-1879
326
490
1334
1343
1481
2262
1630
2036
3084
4242
4082
4537
3022
1066
276
-757
639
1007
941
1271
1574
830
-980
-1631
-1299
956
1498
2000
2054
1184
772
-632
-782
203
449
-239
-752
-1430
-2720
-3439
-3490
-2051
-1632
-2028
-1826
-2190
-2262
-2691
-2099
-1172
-401
-962
-1388
-2334
-2667
-2310
-2920
-1916
-1957
-1597
-309
82
-8
654
1685
2244
1675
1337
1923
2207
1474
1378
2106
1778
1790
2371
3593
3507
2751
3567
4490
5404
4102
2650
2204
1277
581
-296
-61
803
186
-667
-1846
-2321
-2740
-2023
-537
1236
1834
1037
765
-879
-2240
-2945
-3351
-2786
-2267
-2901
-3112
-4158
-4978
-4622
-4140
-3359
-1858
-815
-226
539
-49
-14
128
-304
-907
-1501
-1253
-1317
-1750
-1739
-1469
-1513
-773
-677
207
936
1439
2987
4585
5284
5541
5686
4971
4676
3777
3232
3819
4228
3859
2861
1276
473
856
675
66
384
1104
780
-223
-870
40
723
-126
-347
-499
-1286
-2866
-3557
-2244
-1570
-2576
-3558
-3114
-2790
-3392
-3034
-1527
-392
-1240
-1682
-1393
-1903
-2702
-2443
-728
-257
-164
-1068
-1288
-1567
-2191
-1509
-733
-528
-737
-682
-955
-326
-491
484
2517
3219
2924
2538
2167
1602
2105
3796
5444
5426
4405
2968
1776
663
582
1584
2506
2613
1897
696
-273
106
710
684
1595
1152
-107
-1739
-2469
-1698
-1260
-1414
-1919
-1255
-2213
-3066
-3465
-2835
-1726
-1439
-1049
-680
-519
-1413
-1864
-1143
-422
-726
-895
-356
-886
-2367
-3629
-2478
-1609
-1384
-405
453
295
210
324
226
563
361
763
956
473
-192
304
623
838
1425
875
494
78
32
1942
3237
3290
3527
3605
2146
1123
1154
1530
2602
2068
1855
1273
-91
-1097
-743
-214
-327
273
-77
127
339
261
334
358
-378
-933
-1211
-1510
-1301
-2050
-1526
-673
-1199
-1848
-1433
-1205
-1198
-585
-125
664
364
420
24
-911
-1093
-1450
-1335
-1371
-416
-781
-1562
-1293
-1208
-791
-581
-14
400
-254
-685
-660
-714
-1229
-723
477
1533
922
-320
133
444
462
1045
1826
2494
2018
1164
1579
1686
1655
1693
2055
1761
1246
1194
1447
1318
197
-320
-474
-270
-309
-498
172
712
99
-900
-1463
-1927
-1313
-608
-502
825
942
454
612
-23
-780
-1306
-888
407
1236
593
421
-239
-1264
-2179
-1886
-1832
-1554
-729
-1517
-2288
-2935
-2994
-2798
-1995
-1566
-1310
-925
-742
-872
-586
205
1877
2371
1851
989
262
388
691
1531
1520
1990
1682
1382
1067
878
1965
2867
3531
3328
2135
1363
1157
925
866
993
650
868
547
-247
-184
60
480
1072
756
728
1041
42
-243
-156
31
-87
-679
-1393
-2088
-3389
-3780
-2641
-1838
-1156
-830
-1491
-2212
-3338
-3611
-2673
-1173
15
330
-851
-1865
-2614
-3243
-2211
-1141
298
286
231
-525
-979
-869
64
2647
3410
3672
2380
1415
213
-309
351
979
2188
1967
1714
932
-191
-90
872
2233
3401
4894
5903
5275
3660
1942
1233
888
1176
1447
1055
318
-1373
-2852
-3383
-3023
-2200
-1335
-821
-908
-861
-2010
-1564
-667
-411
-600
-1093
-1175
-1884
-2944
-4078
-3537
-3237
-3482
-3065
-2444
-1682
-1086
-384
