-9
-9
-3
-18
6
33
16
-6
46
53
85
99
101
100
130
132
137
159
149
117
111
75
34
69
82
96
121
142
160
131
117
119
102
95
97
111
90
62
91
38
42
79
68
58
101
115
110
84
97
85
65
48
30
26
24
47
-21
2
31
2
-1
2
-9
3
33
43
27
22
15
-16
-88
-73
-63
-58
-78
-81
-48
-40
-61
-39
-19
-12
-30
-61
-60
-48
-63
-4
2
-25
-45
-56
-75
-98
-81
-91
-53
-39
-54
-52
-13
-54
-54
-95
-108
-76
-87
-76
-94
-77
-97
-100
-95
-89
-105
-97
-68
-75
-86
-77
-92
-96
-81
-90
-80
-102
-95
-71
-62
-57
-37
-49
-51
-71
-39
-39
-45
-27
19
34
1
39
45
2
6
31
16
34
56
63
55
79
68
74
66
90
72
54
88
108
100
100
94
83
60
86
90
73
121
95
109
125
104
62
83
73
70
95
88
79
55
45
56
62
43
64
65
49
60
60
68
69
35
6
27
21
13
23
-5
-19
-12
-13
-37
-88
-71
-88
-27
-60
-53
-32
-59
-39
-19
-20
-11
-8
-50
-48
-54
-16
-15
-5
5
-26
-27
-41
-16
-20
-32
-59
-42
-20
18
4
-22
-34
-47
-40
-51
-47
-54
-72
-63
-68
-61
-78
-87
-62
-35
6
-11
-2
-22
-54
-48
-24
-14
-7
16
23
5
10
5
-3
-34
12
16
13
37
24
6
4
-13
-16
-19
-22
-32
14
30
22
-10
-8
-20
-34
-16
-40
-44
21
42
22
44
44
6
-7
-12
-17
-10
-26
-19
-29
-12
-13
22
20
13
17
40
42
12
17
12
-2
17
13
3
33
56
44
18
8
-16
1
7
38
54
78
116
105
88
72
72
71
42
78
15
26
27
45
63
46
91
47
57
41
54
37
17
35
43
59
30
41
41
-26
29
-11
-17
6
9
29
-53
2
-12
-17
-12
-37
7
-30
-2
3
-17
9
-46
10
-6
-6
-46
-80
-90
-102
-76
-74
-76
-31
-50
-34
0
-18
-25
-66
-51
-98
-39
-55
-55
-25
-46
-19
-68
-51
-52
-87
-45
-45
-39
-76
-84
-50
-113
-72
-50
-37
-71
-72
-47
-78
-96
-101
-87
-86
-110
-68
-93
-61
-43
-68
-49
-57
-50
-47
-27
2
-26
33
1
10
39
-12
43
49
78
49
33
24
18
55
18
37
70
67
73
56
67
80
88
85
60
87
74
79
81
124
132
82
132
112
120
148
114
121
119
124
143
104
123
108
132
94
85
113
104
161
117
126
91
67
58
58
49
3
9
4
-34
-15
-38
-16
-36
-43
-15
-38
-33
-57
-62
-103
-84
-80
-92
-89
-89
-84
-68
-70
-83
-82
-82
-92
-62
-85
-82
-105
-66
-43
-64
-44
-47
-32
-88
-80
-52
-46
-54
-55
-64
-77
-65
-58
-64
-56
-42
-39
-32
-31
-21
-5
-21
-25
-14
-20
-16
16
17
19
68
33
38
47
55
46
57
53
11
2
20
-27
-23
-18
-35
-33
2
46
33
21
9
-27
-29
-65
-50
-19
14
16
1
30
-16
-13
-25
-45
-79
-49
-36
-11
3
-16
-27
-29
1
-22
-13
-30
-26
-5
-11
4
28
18
53
49
63
38
60
62
41
58
52
52
38
44
66
54
49
80
58
64
67
51
55
44
43
65
58
64
36
74
65
48
45
37
34
15
22
0
24
-14
-1
2
-8
14
10
7
-35
-27
-44
-28
2
3
10
14
17
-32
-26
-31
-49
-55
-41
-17
-9
7
4
-8
6
-18
-42
-30
-29
-43
-32
-38
-19
-31
-37
-10
-38
-55
-29
-29
-41
-50
8
-29
-12
-30
-34
-25
-11
-11
-46
-16
-28
-14
-25
-32
-41
12
18
51
30
-11
-10
-13
-10
-36
-25
-24
27
31
10
9
-10
17
23
-6
1
-7
-5
31
26
22
21
31
24
9
41
49
52
15
19
11
-33
-43
-45
-34
-58
-60
-58
-74
-72
-84
-47
-80
-76
-56
-39
-52
-68
-55
-53
-42
-76
-43
-45
-29
-44
-62
-97
-89
-55
-26
-39
-25
-16
-17
-19
-29
-33
-28
6
24
16
45
11
32
60
34
24
10
31
1
17
25
23
44
60
65
78
91
102
93
91
88
74
119
124
162
137
114
116
143
134
116
109
114
137
127
111
98
119
141
117
75
93
63
93
62
58
89
78
91
86
80
75
92
65
36
67
84
32
6
-13
-20
-23
-11
-8
9
-3
12
-26
-42
-70
-99
-64
-62
-60
-70
-70
-106
-45
-79
-112
-128
-131
-109
-147
-157
-137
-97
-124
-149
-114
-118
-123
-117
-92
-117
-102
-105
-66
-93
-99
-47
-100
-64
-33
-57
-74
-41
-50
-73
-52
-38
-19
-56
-42
-29
-46
-50
-57
-54
-39
-51
-39
-38
-37
-39
-30
-19
-20
-35
-15
4
-15
-22
-37
2
-13
-32
-24
-9
-22
16
17
6
-26
-58
-14
-29
-43
-24
-10
-32
-40
-25
11
29
36
30
46
42
39
66
37
39
26
-8
-5
-20
3
9
10
3
34
57
50
57
59
63
106
137
97
129
120
80
85
86
73
71
97
129
111
81
125
107
127
127
132
114
114
147
118
122
106
131
108
88
85
61
106
75
56
82
47
60
39
31
35
34
-17
-30
-15
-1
1
5
13
18
3
-24
-7
-6
-17
-10
10
-13
-12
-37
-65
-88
-70
-81
-81
-18
-16
24
-18
-47
-76
-68
-74
-98
-84
-61
-64
-78
-72
-91
-65
-82
-71
-88
-122
-94
-109
-106
-86
-85
-101
-87
-55
-77
-85
-63
-54
-73
-43
-77
-32
-65
-83
-76
-98
-68
-36
-17
-14
-32
11
-14
-48
-31
-49
-25
-14
-11
-24
3
28
-1
-8
-51
-46
-33
15
23
15
21
16
5
-15
-21
-13
-25
29
43
17
9
17
13
-14
8
14
-16
15
-2
-13
-21
-66
-17
-37
-35
-6
14
10
-2
11
22
25
7
-10
-3
-9
-8
6
52
65
48
81
80
96
90
71
78
55
79
90
101
108
76
100
89
78
92
91
63
27
28
54
61
57
39
40
13
32
33
14
50
1
24
39
41
79
61
101
101
79
84
80
32
24
68
74
77
78
102
77
87
57
38
54
62
48
27
10
30
7
0
-8
-2
1
-28
3
4
17
-21
-32
-36
-55
-50
-58
-71
-80
-71
-74
-97
-125
-73
-64
-76
-90
-88
-93
-83
-107
-117
-125
-100
-101
-93
-87
-131
-101
-106
-62
-64
-58
-24
-70
-100
-98
-112
-87
-77
-90
-79
-56
-54
-62
-36
-32
-44
-14
-36
-45
-30
-14
-26
-32
-29
-72
-32
-6
-33
-34
-22
-7
0
-8
14
-54
-48
-20
-19
6
-9
-4
-4
8
5
-4
14
22
7
74
36
40
49
11
59
61
56
63
76
75
76
104
55
76
55
42
82
66
96
67
43
60
16
30
49
70
75
39
54
46
43
56
63
49
63
33
29
13
-8
-41
-33
1
27
58
39
2
9
17
1
47
54
78
27
25
35
35
51
13
29
48
32
55
70
22
5
42
40
73
86
79
78
37
52
34
-9
35
60
4
31
46
27
0
-8
-11
-1
19
5
-6
-17
-35
-54
-37
-35
-51
-54
-34
-34
-49
-47
-42
-43
-23
-25
-24
-44
-45
-57
-40
-47
-52
-50
-25
-37
-38
-80
-59
-59
-82
-72
-59
-76
-78
-70
-63
-76
-56
-41
-63
-60
-80
-104
-109
-71
-68
-67
-84
-80
-76
-68
-82
-87
-102
-70
-56
-71
-100
-86
-28
-51
-46
-29
-59
-83
-60
-27
-61
-73
-35
-16
-53
-8
21
2
25
36
37
35
35
36
33
17
57
31
55
72
29
40
20
47
42
47
52
55
50
76
51
80
100
107
153
110
72
86
70
44
46
78
88
76
82
75
60
61
49
45
37
41
65
71
70
60
84
121
107
83
73
73
65
69
100
49
69
86
68
113
111
92
111
93
66
55
31
44
9
55
31
19
34
38
15
30
7
0
17
20
-7
-28
-11
-38
-42
-44
-33
-52
-45
-50
-62
-70
-84
-92
-82
-70
-64
-57
-54
-63
-86
-56
-90
-70
-78
-81
-87
-101
-95
-127
-103
-99
-88
-64
-59
-101
-85
-51
-66
-75
-99
-81
-115
-107
-115
-129
-86
-52
-51
-93
-76
-83
-61
-61
-81
-66
-73
-75
-33
-42
-30
-10
-16
-32
-22
-31
-22
2
-20
5
8
-25
4
25
15
4
-1
21
35
54
62
54
83
77
61
41
40
31
17
12
21
20
17
56
39
60
74
50
36
55
21
32
38
43
57
56
75
64
95
40
47
56
49
78
84
91
92
75
79
73
21
39
37
54
71
81
83
69
49
27
50
27
29
19
-1
11
14
-6
19
5
17
32
27
37
16
24
13
-13
26
28
32
37
16
58
59
20
-3
-9
-1
12
-1
7
-3
-2
-11
-38
-28
-24
-48
-67
-49
-77
-60
-82
-38
-43
-44
-27
-58
-34
-6
-44
-53
-19
-48
-33
-35
-11
-13
-37
-59
-42
-20
-41
-37
-29
-40
-56
-45
-33
-72
-49
-62
-69
-100
-92
-68
-106
-107
-119
-94
-74
-71
-64
-55
-50
-27
-30
-29
-35
-41
-54
-15
-27
-24
8
-8
8
-20
10
-12
-15
20
5
2
13
37
26
53
40
51
61
69
49
62
92
44
50
65
47
3
35
42
29
30
65
35
33
58
52
49
105
74
103
98
77
72
80
60
40
48
35
31
11
18
-38
20
2
28
27
41
63
51
9
-38
-6
-27
-18
-10
-25
-38
-34
-35
-28
-14
2
3
19
-34
-83
-44
-5
11
-29
1
-4
21
16
27
30
14
25
26
50
20
29
16
39
11
-14
-15
22
14
-39
-22
38
14
7
25
33
3
-3
-31
-38
-30
-19
20
6
18
17
19
19
-5
-22
-5
19
25
15
63
14
19
12
-11
-31
-36
-39
-74
-66
-59
-103
-81
-41
-58
-41
-66
-87
-77
-64
-38
-42
-35
-24
-45
-43
-57
-73
-80
-77
-36
-46
-47
-23
-18
-23
-18
-8
-26
-26
-21
-8
-25
-13
-5
-23
-19
-40
-9
65
64
43
48
5
-15
-30
-28
-32
4
5
30
51
69
51
39
40
15
27
18
37
53
58
63
60
77
105
97
57
53
32
20
7
-8
44
13
40
47
51
50
69
80
34
68
60
22
7
15
-18
-19
-16
15
-20
17
29
-11
7
-14
13
-45
-34
-60
-55
-55
-64
-61
-73
-44
-44
-33
-31
-66
-18
-37
-57
-32
-23
-2
-44
-37
-22
-28
-34
-18
-21
-35
-20
-15
-31
-24
-59
-20
-31
-15
8
-7
7
-18
-12
37
22
68
41
61
45
22
56
15
31
-31
-3
16
-11
43
27
35
45
31
72
78
111
72
35
39
-27
-10
-24
11
-4
10
13
11
17
-21
-15
-4
-49
-14
-8
-2
22
-17
30
0
11
-8
-22
-14
-16
-6
-42
-36
-12
3
8
-10
31
35
25
57
43
23
10
61
23
-11
26
-28
9
-14
-6
-6
-1
-5
1
5
-35
-8
17
14
20
8
39
14
20
12
-39
-22
-50
-13
-30
-44
-2
-46
-8
-18
-18
1
16
52
16
33
19
-16
4
-16
-2
-5
-22
11
-63
-36
-41
-51
-25
-42
-10
-33
-12
1
-31
-25
-61
-8
-2
-13
7
-7
38
-18
-24
-18
6
54
38
38
19
69
43
3
15
-5
17
-10
-28
-14
-62
-16
-19
-61
-60
-37
1
-43
-31
-26
-31
-39
-45
-4
-34
-22
-37
-58
-62
-97
-47
-50
-7
-12
-26
19
-24
-45
-68
-63
-27
-37
-4
-6
15
42
3
32
-24
-8
14
6
23
3
10
-24
5
10
-29
7
-26
-1
52
31
65
64
80
54
40
55
42
42
3
38
22
37
63
19
43
23
48
-2
-15
-10
-19
-8
28
50
49
17
20
12
12
33
11
50
17
38
19
16
90
49
49
41
45
32
16
40
7
41
48
56
43
31
39
27
20
25
10
50
88
107
76
41
67
26
26
11
47
10
7
47
30
50
37
35
45
24
53
2
17
34
31
24
9
54
22
25
17
21
-14
-19
-29
-54
-88
-54
-29
-20
-65
-33
2
-59
-49
-116
-73
-51
-62
-46
-46
-36
-65
-90
-85
-109
-67
-100
-63
-79
-89
-32
-40
-57
-120
-108
-114
-131
-102
-141
-143
-161
-182
-143
-157
-115
-153
-135
-141
-135
-109
-69
-42
-75
-47
-37
-66
-41
-56
-41
-10
-10
16
21
48
61
77
78
53
58
38
56
115
83
133
101
78
98
132
122
108
133
100
120
99
66
66
66
58
28
51
54
77
96
77
73
26
36
50
22
39
18
27
30
21
21
8
6
-8
14
-28
-3
2
-2
8
20
41
-3
20
39
-8
10
-9
-14
-27
-19
22
-13
18
-11
-10
29
29
79
38
88
100
50
69
10
55
40
49
42
31
82
29
91
77
75
76
43
79
51
64
11
12
17
-24
17
-15
8
25
-3
14
-54
-50
-40
-65
-60
-62
-24
-9
-29
-26
-39
-46
-78
-65
-93
-81
-56
-98
-56
-100
-78
-66
-104
-89
-116
-127
-118
-124
-110
-134
-93
-100
-95
-87
-104
-56
-99
-27
-60
-67
-47
-84
-59
-85
-61
-71
-39
-16
-80
-59
-65
-81
-72
-70
-43
-58
-11
-11
9
26
-14
20
34
38
47
10
78
62
70
90
79
106
93
145
69
76
112
77
96
82
86
97
92
128
102
109
80
97
105
67
107
64
80
71
14
82
21
35
55
70
102
93
128
58
108
17
71
29
79
-10
122
-178
393
506
-203
-203
-177
-150
-181
-22
571
80
-497
-117
-187
-7
258
618
-382
-215
-240
-329
-168
-62
119
19
-353
-105
-163
-61
403
83
-253
-8
293
436
-107
-273
-101
-159
103
172
237
-28
-189
-276
-402
350
288
208
-36
24
214
-160
141
384
-81
-16
-269
-113
-144
247
18
-246
285
-47
-11
142
-125
-37
-4
515
646
-986
134
-609
-1136
-507
-480
-231
-675
-614
-146
-783
-300
-259
-712
543
585
48
-321
66
331
199
-111
473
326
485
957
278
418
451
323
808
-367
333
33
-545
632
121
78
-80
-470
-162
-802
693
693
172
-222
259
-43
-535
-167
197
-146
291
-387
517
431
-9
-33
203
527
165
-580
-502
-318
-319
343
-489
-49
-748
-1019
-604
455
980
-342
-305
634
-1064
-107
-281
117
137
4
1559
-482
-472
292
-146
145
510
598
449
126
225
590
-535
196
680
-414
399
421
-62
129
97
378
-291
-540
519
-268
-612
1221
312
-500
-488
-766
176
-214
493
629
-842
-799
-132
-1346
391
835
-689
-258
-1297
464
-519
-1110
694
-880
-1068
-227
-999
364
-764
191
356
-1009
741
185
276
1214
324
1355
1156
653
2609
679
1410
2159
863
2139
1471
1114
1656
-47
995
895
-736
486
-320
-835
-686
-1453
-1381
-1953
-1769
-1150
-2051
-1748
-1766
-2013
-2198
-2244
-1583
-1459
-1605
-824
-1649
-1641
-1614
-1044
-315
-190
124
371
-780
1191
2185
2179
3343
2525
2671
2120
2763
3836
3426
3155
3958
1922
2479
1939
1188
821
943
1055
316
-437
-1262
-2908
-3353
-2882
-3388
-2938
-3347
-3035
-3310
-3471
-3425
-3474
-2813
-1386
-810
-139
231
-257
394
-329
-45
140
-319
331
-114
-609
-1717
-2294
-2476
-2805
-2216
-2506
-2078
700
877
2556
2251
1831
2184
3316
5771
7598
7159
7901
6120
5188
5848
4421
3991
4187
4140
3130
1282
-602
-3988
-6206
-5079
-6409
-5780
-6444
-6371
-7173
-6666
-6830
-6894
-5973
-2764
-686
782
1459
1152
1376
1643
2575
2248
2481
2478
2530
1276
-775
-3378
-4210
-5600
-3584
-4207
-3997
-6086
-2581
-953
654
2210
2941
3037
4575
7967
9692
9921
10212
10538
7770
9116
7882
6053
4721
5416
3308
806
-1994
-4393
-8550
-8515
-8878
-10617
-10774
-11301
-10525
-10330
-8127
-7933
-6396
-4543
-932
550
2248
3019
4864
5321
6185
5813
4706
4160
3636
3176
1578
-708
-2956
-4616
-6343
-6472
-7364
-7604
-8262
-5689
-2193
-924
1245
2452
2935
4289
6808
10127
12477
12808
14099
10805
9668
9332
7867
6338
6381
5208
2141
-1259
-4340
-8540
-11869
-11117
-12426
-12274
-12775
-13173
-13448
-12681
-9943
-8471
-5570
-1874
1309
3014
4331
5497
6847
7883
9103
9402
7721
6626
4581
2891
654
-1130
-2834
-5555
-6410
-7392
-9330
-9898
-10108
-8747
-4302
-1652
1275
2527
2915
4018
5524
9709
13646
14492
15540
13275
10944
10025
8372
7217
6545
6259
3666
-225
-3982
-8702
-13144
-13060
-13182
-12796
-12870
-13868
-14709
-14481
-12372
-9910
-6725
-1843
2274
3922
5106
6216
7067
9174
10531
11524
10377
8450
6284
3774
1556
-196
-1779
-4053
-5106
-7318
-9314
-11588
-11190
-11314
-6845
-2518
-777
1774
1790
2242
3198
6931
12011
14561
15639
15286
11324
10084
8867
8198
7283
7935
5707
2103
-2281
-6067
-11323
-13518
-12483
-13329
-12706
-13910
-14780
-15856
-14457
-12079
-9557
-4704
-98
2693
3923
4966
6429
8240
10396
12183
11273
9591
7443
5472
3084
1359
-342
-2009
-4209
-6184
-9614
-12077
-12959
-11706
-11279
-6171
-3084
-1563
343
298
1203
2546
7886
13760
15253
16316
14360
10603
10298
10558
10199
9515
9713
6913
2840
-1709
-5850
-11417
-11902
-11035
-11742
-12364
-14145
-15460
-16090
-14322
-11837
-9348
-4614
-395
1928
2864
3918
5610
7742
10423
12102
10918
8859
7373
5160
3637
1834
590
-1434
-3197
-6111
-8660
-11308
-11270
-10504
-7559
-2323
-1551
579
299
173
1059
3756
10108
13310
14780
14979
10908
9279
8750
9328
8673
10726
9470
5947
1556
-3315
-7945
-11079
-9071
-9278
-9647
-11080
-13067
-14769
-13977
-11675
-10340
-6805
-2881
-37
1488
2317
3302
4197
6436
9295
9514
8222
5970
4233
2336
1155
22
-1264
-3654
-4689
-6790
-9126
-10264
-9711
-9080
-4998
-738
639
1527
1019
991
807
5015
10209
11647
12291
11713
8427
7428
8295
8248
7214
9274
7720
4891
1550
-2004
-7182
-8555
-6503
-6913
-7493
-8491
-10159
-11597
-11052
-9830
-9050
-6632
-2697
-751
-306
-85
-269
-480
1463
3355
3255
2295
1240
138
-1279
-2152
-2823
-3452
-3630
-2570
-3295
-4115
-3686
-3240
-2569
122
4542
5503
6236
7324
6189
4230
4425
6842
7474
7242
7853
6476
4621
4793
4194
2340
2214
3421
3062
2148
1281
-873
-3470
-3526
-2485
-2846
-1809
-1153
-1572
-1804
-2241
-2880
-3674
-2684
-762
-420
-534
-1278
-2741
-4026
-3908
-4633
-5397
-4867
-4310
-4585
-5729
-6023
-5903
-5302
-3141
-1623
-949
-100
1352
1785
2730
4016
4179
4078
4747
5059
4299
3718
1633
977
755
609
594
247
105
-327
-102
-656
-279
141
1231
2279
3110
3680
4583
5179
5594
6127
6047
6502
5965
5589
5016
4617
3793
2356
708
-1179
-2480
-3516
-3912
-4563
-4967
-5886
-6517
-7220
-7773
-7895
-7714
-6736
-5324
-3957
-2908
-2420
-1858
-836
-186
1408
1808
2386
3149
2927
2266
1219
-31
-1164
-1305
-1496
-1045
-1111
-1506
-2643
-3458
-3856
-4192
-3916
-2221
-820
-45
803
1948
2887
3997
5098
5767
6840
7878
8466
8896
8313
6966
5753
4609
3792
2308
962
116
-828
-1574
-2163
-3210
-4509
-5508
-6160
-5790
-5469
-4347
-3294
-2284
-1232
-2092
-2598
-1473
-20
738
1487
2957
2597
739
170
-35
-1791
-2432
-1422
-1320
-1537
-1655
-2723
-4753
-6059
-6127
-5624
-4786
-3455
-2684
-2200
-2010
-1596
-1001
-97
1479
3017
4452
5533
6133
5357
4997
4597
4841
5322
5305
4572
3809
3834
3395
2883
2527
1841
687
207
-349
-865
-1051
-303
107
485
424
-390
-674
-376
714
994
1849
1577
1233
855
-208
-1063
-1560
-1266
-1094
-518
-926
-1672
-3260
-3699
-3830
-4095
-2924
-2638
-3960
-4831
-4252
-4071
-4394
-3844
-1834
-2071
-2658
-991
569
141
-429
-123
46
306
1316
1004
-348
-705
-678
475
1290
1861
1765
597
855
1025
1782
2926
3594
4500
4468
4027
3572
3261
2807
2689
3201
3666
2921
2101
1504
471
-408
-109
-264
113
292
-252
-745
-1699
-1381
-1837
-1484
-821
-965
-1359
-1398
-1707
-1729
-1406
-673
-518
-173
2
-664
-1130
-1299
-1200
-1828
-1547
-2414
-3003
-3792
-3349
-3218
-2985
-1868
-1457
-1670
-1957
-1896
-1619
-1046
164
1155
1518
1827
1295
1779
1491
1913
2731
2912
3949
4148
4195
2806
2434
2579
2653
3555
4114
4075
2801
2290
1492
698
535
1000
1147
781
468
-239
-1456
-1763
-1350
-1073
-303
156
-166
-465
-1316
-1707
-2607
-981
1880
-438
-2787
-3794
-3713
-2089
-1908
-9
-2288
-5399
-4970
-4510
234
690
-2793
-5802
-6515
-2853
-2704
-1394
799
-2819
-4530
-4431
-1191
1513
2202
4248
1641
159
-571
1289
4270
4786
6781
5091
4188
4510
4773
4894
4528
6303
6919
6258
5852
3858
937
339
1457
2062
1897
1550
300
-1315
-2901
-3398
-4601
-3606
-2252
-1249
-1766
-3160
-3966
-5173
-4201
-2841
-1876
-1557
-2215
-2167
-2767
-3216
-2435
-1444
-740
-813
-775
-1805
-1875
-1602
-1098
-1481
-1796
-1069
-2051
-2084
-1670
-2025
-2378
-791
2326
1729
1321
1805
1784
324
2124
5533
4742
4483
5435
3827
2720
3664
5417
4712
5794
7302
5153
3934
2949
1612
7
946
1771
-197
-1071
-2125
-3464
-4404
-3895
-3265
-3830
-2741
-2191
-2886
-2996
-2537
-1548
-947
-624
-443
-1695
-2251
-2262
-2080
-2308
-2270
-2458
-3078
-3663
-3710
-3582
-3942
-3100
-1717
-1987
-2753
-3392
-3405
-2478
-1563
-853
-1216
557
3232
3364
3169
1778
1632
1914
5409
8381
7515
6472
4342
4941
5083
5952
7139
5844
7185
6009
4948
2944
1332
847
393
2069
689
-2661
-3485
-4887
-4396
-5277
-5287
-5229
-5695
-4578
-4518
-5120
-4606
-4318
-2928
-2322
-2241
-2020
-3447
-3051
-1556
-1334
-1444
-1184
-650
-386
-1350
-705
-966
-768
-272
-842
-2123
-1920
-1812
-1895
-2219
1038
1658
1502
2756
1730
1357
1049
4993
7490
5874
7598
5294
3843
4521
7094
8788
5893
8290
6199
4204
3033
2108
812
-915
1191
-1270
-5609
-6675
-8341
-8278
-8825
-7384
-8155
-10008
-7791
-7597
-7350
-6408
-4634
-2661
-2192
-678
-473
-748
1070
3132
3397
3224
3423
3337
3426
2709
2220
1791
899
1099
-119
-536
-1749
-3160
2250
3518
3225
825
257
525
251
6193
7575
5810
5750
4871
6109
4875
9270
7964
6967
8934
5467
3797
1576
1430
-325
-1166
-1003
-6454
-8416
-8717
-9467
-9120
-9723
-10315
-11529
-10576
-9813
-10160
-9064
-5653
-4089
-2165
-1212
-1330
-1343
469
4562
5625
6182
7097
6216
5733
4150
4456
3197
3552
4727
3108
63
-1120
3218
3647
3887
2366
537
-584
1103
7789
6937
4627
4012
2418
4636
5990
9630
7180
7025
9120
4892
3458
1681
1404
-383
-298
-829
-7238
-9804
-9395
-9440
-8863
-10626
-11675
-13425
-12298
-10100
-11166
-9288
-6908
-5987
-4425
-4136
-3530
-2395
516
4696
5445
5406
4717
5231
5516
5041
5009
4350
4834
5489
2884
1013
4838
5750
5744
3147
2263
1149
382
8652
8713
4988
3171
733
5141
6454
10920
8442
5166
7647
4109
3840
2767
2396
1170
-301
-111
-7044
-9424
-8054
-7518
-5735
-9414
-11463
-13966
-11916
-8567
-9205
-7792
-6688
-6172
-4953
-4219
-2824
-1877
688
4626
4966
3717
3378
4025
5423
5104
3502
2945
2046
3385
296
2350
6192
4216
3699
-495
569
-10
3310
11098
6946
4152
1172
899
7570
9821
12986
6821
6524
6610
3812
5329
4570
4066
1316
226
-2564
-8686
-7278
-6603
-5291
-6440
-11959
-14588
-13966
-9364
-7635
-8175
-7145
-7139
-7587
-5071
-3334
-1198
1168
3566
5115
3196
2571
3835
6414
7708
4551
1939
597
2298
1514
1084
6449
4104
2173
-1194
-1827
66
1260
10106
8852
1843
-419
-2668
5138
10767
13101
7641
2347
4609
2830
4704
5441
4151
927
-1153
-2356
-7978
-7589
-4939
-4259
-5507
-10836
-14952
-13688
-7946
-4574
-6184
-8782
-8139
-8059
-5135
-1308
-958
357
1149
2879
2175
1032
3825
5944
7380
3343
222
-1068
1728
5094
1260
5091
4931
2489
1472
-992
3767
2659
8531
13024
2858
-59
-1725
4672
13078
13265
9542
-592
1849
3715
5547
6479
3839
-53
-3911
-3153
-6814
-8789
-4515
-4462
-4749
-11358
-15392
-13659
-7431
-2446
-5068
-9436
-10109
-8011
-2883
731
336
-1081
-953
1125
3322
2870
4455
5985
6287
2555
-1732
-946
2097
6988
3243
2970
4644
1386
3217
1328
5584
4828
6535
13667
5346
1348
450
4067
12977
12345
9865
-975
149
4816
5411
6163
1649
-2918
-6103
-3622
-4434
-8929
-6398
-7346
-7115
-11512
-14941
-12482
-7446
-2465
-5952
-9946
-10304
-7084
-1649
2132
706
-2410
-3143
316
3639
3709
4250
3999
3211
547
-2506
-1079
1512
4872
2452
-2539
3246
3189
4606
2877
2383
4338
2963
12118
11147
1881
2129
2674
10877
12558
10594
4518
-402
5901
5519
5752
2539
-1366
-4506
-4494
-3159
-8053
-8434
-6340
-8128
-9595
-15183
-12793
-9031
-3934
-4795
-10554
-10554
-8007
-2797
1108
-136
-1937
-3701
-506
3086
2745
2521
3248
3466
978
-2625
-2973
1163
2569
3278
-2914
405
5511
4545
5050
959
3963
4298
9688
15466
5657
2193
3208
9145
14673
11271
8773
845
4707
6815
6095
4404
-517
-2942
-4476
-3284
-5678
-9167
-6215
-7556
-9448
-13761
-15539
-9457
-5045
-5123
-9361
-12832
-8286
-4316
186
1190
-3834
-4424
-2039
2790
3834
1603
2149
1824
1363
-1571
-2496
1091
2302
2803
-1870
-2337
6015
4886
6142
1160
1876
4583
6277
16520
10394
1630
2895
5596
14990
12829
10793
3635
2051
6518
6937
7549
1792
-1832
-4633
-3165
-2949
-8120
-5355
-6602
-8731
-11987
-15520
-10738
-5518
-4404
-8684
-12988
-11044
-5927
-1926
571
-3816
-7993
-4740
-244
3109
1144
-1265
-761
-1434
-2076
-2628
-786
1168
437
-1619
-4325
5432
5727
5772
2636
596
5809
5433
15063
13328
2302
2972
4976
13838
14201
10844
5623
1182
5996
6782
8442
3246
-1340
-5257
-3990
-1588
-6937
-5557
-6455
-9335
-11166
-14516
-10151
-5110
-3495
-8417
-12909
-11668
-5258
-1385
889
-2667
-8576
-6248
-884
2628
796
-2834
-2515
-2901
-2714
-3247
-2090
-513
-2210
-2397
-5960
842
7887
5338
3714
-2532
3650
6296
11382
17045
5548
1287
4410
11403
16749
12296
9155
1893
4086
7767
10153
7226
348
-3651
-5680
-1670
-2889
-5135
-4511
-9346
-10959
-13428
-11095
-5849
-2866
-6848
-11379
-12093
-6418
-402
646
-211
-7151
-7372
-723
2871
3209
-2167
-3878
-3302
-2865
-2143
-2496
-2099
-3105
-4151
-5330
-3378
7455
4503
2187
-2926
-586
6874
8985
15556
8772
-1044
3140
8424
16844
14043
8814
3040
2241
7744
11076
9963
1315
-4074
-5465
-1481
-298
-4525
-5140
-9498
-11614
-11303
-10505
-7201
-4473
-6662
-11717
-11746
-7480
-138
39
-1460
-6543
-8809
-859
4673
4213
-804
-4738
-2947
-1852
-152
-1456
-2812
-3512
-4405
-2206
-4480
5808
5668
181
-2005
-3421
7783
8673
11496
9862
-2607
1131
7605
15361
14998
7592
3073
1060
7752
11082
10807
2480
-4353
-4446
-1199
2622
-2976
-6197
-8334
-11820
-9360
-8077
-6582
-6021
-7495
-11497
-10812
-7034
-339
-96
-4050
-6278
-7641
-398
6102
3836
-1813
-5523
-2102
1788
1926
-481
-4223
-4618
-3989
721
-1717
2203
7257
459
-900
-4022
5646
10515
8353
10549
-458
-1778
7160
13159
16030
7162
2767
432
6708
11846
11336
3655
-4651
-4399
-551
3564
-530
-7995
-7909
-10463
-7792
-5863
-6637
-8047
-9138
-10695
-9528
-6252
-1731
-1218
-5615
-7360
-7053
-1166
5678
3555
-2688
-5841
-1367
4191
4651
293
-5181
-5080
-2305
4286
2627
-1417
6257
1690
2189
-338
4283
11399
5986
10011
4470
-1043
6525
10279
14401
7715
3479
2304
5677
10805
9900
5371
-3420
-4194
-264
2292
158
-8815
-8039
-8486
-7605
-4752
-7308
-9685
-10013
-8597
-7903
-6235
-4889
-3467
-6558
-7461
-5196
-2598
2311
1552
-3815
-5499
-2221
3811
2792
-1577
-5552
-5025
-805
1866
5102
-4271
3281
6249
2648
2640
-49
10632
8606
6273
9477
-1421
4202
9359
12976
11171
3177
3054
4236
9931
9689
6672
330
-3744
256
1438
1187
-5510
-9035
-5362
-7143
-4792
-5610
-8672
-9975
-7821
-7769
-5599
-6061
-4635
-4418
-7956
-5228
-3332
-1151
506
-4160
-5567
-3348
653
1445
-2568
-6938
-6438
-1513
-376
3415
-3775
-791
8139
3005
3508
-980
7153
11638
6563
11154
3058
2100
9112
12613
14448
6166
4158
3773
9298
10313
8421
3607
-3567
-834
1460
2335
-2012
-9045
-5162
-6727
-5000
-4212
-6647
-8861
-7811
-6775
-5773
-4778
-4539
-3863
-6949
-6504
-3401
-1035
1033
-2867
-6346
-4778
-270
1602
-2270
-6701
-9515
-3337
-990
2224
-3411
-5985
6234
2263
3594
-113
3290
10621
4607
10551
5170
1282
8248
9797
14721
6304
4360
4068
8485
10764
7425
4893
-3068
-1257
3252
2091
-922
-9530
-4685
-4626
-4902
-3910
-7183
-8515
-7816
-4726
-5662
-5475
-5999
-3182
-3956
-6671
-4023
-2501
175
-1047
-5397
-3721
-977
694
-1569
-5459
-7912
-3895
-735
-168
-1798
-8741
4600
6351
1523
-94
-1320
9767
6982
7757
8383
-660
4959
8962
14710
10301
3521
3215
5832
11961
9382
7292
-330
-3668
3202
3946
2262
-6432
-7482
-3229
-3868
-1991
-5313
-8032
-8564
-4996
-4099
-5212
-6096
-5843
-4379
-5847
-5971
-3312
-1732
-1731
-4521
-5594
-2102
65
-1270
-4146
-7231
-5393
174
-246
522
-7156
-674
9666
3312
1510
-3004
6803
10457
5695
10578
1172
1660
7125
11763
13802
3370
2332
3248
9953
10162
7425
3293
-4544
969
4813
3649
-1918
-8552
-2725
-3348
-1901
-3531
-6917
-8362
-5160
-3156
-5280
-6029
-6783
-3658
-5707
-7342
-4602
-4162
-1837
-4506
-6515
-4427
-2655
-1833
-3770
-6865
-7920
-2368
-1345
-640
-3143
-5815
8611
5422
1134
-622
1574
13241
7379
8504
6887
-115
7080
10761
15485
7823
2331
3218
8765
13037
8168
5897
-1962
-1646
6545
4912
1500
-7906
-5957
-638
-1840
-2183
-6137
-8307
-6889
-3025
-4110
-6487
-7329
-5767
-4193
-6856
-6912
-4486
-3937
-4172
-6633
-6318
-3253
-2734
-4567
-6307
-8546
-4984
-618
-2563
-3260
-8285
3845
9743
562
-1501
-2563
10216
10028
6285
8837
-1095
3708
9124
14649
12203
1607
2848
6184
13159
10855
7019
1329
-3541
5670
7767
4162
-4082
-7795
-25
54
121
-3928
-7418
-5884
-2490
-2218
-5718
-6747
-4883
-3366
-5340
-7009
-5562
-3626
-3176
-5523
-6293
-5533
-3341
-3519
-5795
-7136
-8130
-3301
-3308
-2281
-6614
-3365
8634
996
-1420
-4032
5121
11850
3431
8602
1973
188
7570
10850
15479
3976
1073
4194
11122
12731
8074
4982
-3239
2772
9743
6569
406
-7895
-380
2738
1082
-1218
-6708
-5593
-1573
-17
-4084
-7175
-5263
-2637
-3677
-6495
-6832
-4947
-3341
-4595
-5993
-6386
-5188
-3915
-5506
-6957
-8331
-6090
-4494
-3894
-4832
-7005
5399
3332
-2811
-4584
-567
12837
4792
4679
5202
-2108
6392
8860
14841
8725
-268
3100
8968
14371
9228
6442
-601
-1421
9055
8166
3834
-6346
-4607
4190
2024
539
-4935
-6621
-2037
905
-938
-5710
-6643
-2235
-2137
-4407
-5396
-5674
-3224
-3960
-5075
-5162
-5501
-3865
-4348
-6429
-6775
-6199
-4326
-5653
-3240
-6760
1329
7706
-2992
-3622
-5013
8804
11741
525
6191
-1262
1755
10176
11044
12316
111
448
6798
14003
11783
5420
2512
-3345
6264
10263
4470
-1429
-8030
2374
4619
487
-3102
-7591
-4443
1301
652
-4850
-8322
-4465
60
-2081
-5656
-5871
-4089
-2842
-3165
-3814
-5151
-5629
-4573
-4442
-4992
-5982
-5118
-6538
-5619
-3211
-4819
7844
251
-7108
-4092
1353
15013
3164
613
4374
-2146
8837
9992
12702
6487
-1384
4751
11099
15497
7431
4986
-310
-587
11672
7326
1737
-7698
-5341
6308
1774
-2680
-7366
-8185
-1279
759
-3862
-9011
-7198
-1422
-1100
-5085
-7136
-5504
-1846
-2094
-3181
-4906
-5933
-4075
-2428
-3688
-5515
-6935
-5964
-5238
-1386
-4963
1410
5142
-6048
-3537
-2453
10439
8960
-2543
5490
260
3806
10482
9597
11491
807
2766
9107
15192
11462
5062
3874
-1666
8354
10980
3547
-2268
-8452
3487
5137
-1744
-5413
-8157
-4573
337
-2352
-7258
-8080
-4198
-834
-4256
-7273
-5644
-3216
-1172
-3145
-4153
-5310
-4718
-2345
-2586
-4564
-6791
-5750
-5632
-2792
-3561
-3941
6943
-3639
-6367
-3379
3965
12254
-1522
1540
3505
-342
9149
9097
12214
4259
490
7368
12953
15013
6341
5417
-277
4022
14640
6514
691
-7273
-1128
7996
931
-3336
-7728
-6850
-556
1433
-4815
-9842
-6940
-1611
-647
-6686
-7539
-4533
-2951
-2442
-3453
-4008
-5409
-4728
-2496
-2867
-4507
-6511
-6270
-6401
-1294
-3807
1751
3076
-9882
-3414
558
10389
5829
-6186
3998
1063
4956
9867
7494
8813
114
5243
10342
14412
9966
3574
4856
-38
10753
11938
1936
-2792
-6358
6161
6651
-2441
-5000
-7311
-3313
2698
-2076
-7289
-8735
-3897
983
-5290
-7450
-6231
-4398
-1200
-5335
-4316
-5112
-6623
-3317
-3043
-5155
-5818
-6835
-6658
-2834
-2871
-4422
5607
-3187
-7137
-942
2218
11050
-1174
-2481
5539
-137
8013
8255
8024
6262
1142
7460
11857
14168
5769
5758
2409
3815
14977
7402
972
-4806
-1277
10220
3179
-3074
-5248
-6748
1705
2995
-4774
-8048
-8168
-151
-1018
-7407
-5795
-6772
-2942
-3444
-5646
-3208
-7345
-6382
-3157
-3531
-4634
-5533
-8083
-6561
-1055
-3173
-978
4927
-6995
-3109
485
5383
9681
-5161
1556
6235
972
10552
5100
8028
5106
2029
8116
12425
11328
3782
5471
769
6994
13668
3610
-441
-5170
3308
10654
-66
-3436
-6089
-3822
3289
353
-5325
-7240
-5476
-712
-3347
-6943
-5592
-6252
-3235
-5431
-5634
-4826
-7697
-6031
-4012
-5347
-5660
-7850
-7924
-4903
-1190
-6225
977
3893
-7755
-327
-751
8403
7130
-5776
6805
3139
4155
9722
4736
10791
3072
5086
9707
13758
8701
3710
6073
1544
10775
11256
1223
-1148
-4372
7838
7477
-2456
-4678
-7045
410
2979
-1213
-7529
-8839
-3428
-867
-3178
-6293
-7535
-6556
-3653
-4779
-4432
-6805
-9849
-6393
-3541
-4214
-6284
-10618
-8793
-3195
-1429
-6267
152
1277
-5799
110
-1119
8013
4452
-3810
8913
3848
5057
7615
6016
13466
4433
4894
9502
13056
9912
6133
6941
1661
9933
10975
3006
343
-2576
8232
6834
-1824
-5029
-4815
301
2277
-1800
-7176
-8205
-4886
-141
-2980
-6956
-8883
-8156
-3742
-5578
-5382
-7344
-11258
-6904
-3885
-4692
-7548
-12255
-8745
-3157
-2169
-5902
140
218
-6627
-322
160
9033
3763
-3640
8903
4729
5267
7960
7694
13582
4384
5651
10581
13928
10297
7223
7560
1367
10580
11099
3751
703
-1775
8088
6919
-2810
-3950
-2194
-379
1126
-2569
-6527
-7318
-5068
295
-2507
-9338
-9854
-7096
-2465
-5636
-7539
-8743
-10481
-5692
-3000
-6275
-10499
-12056
-5990
-2993
-3055
-8128
-184
1393
-7188
-811
-768
7477
4214
-3169
8911
3451
4056
9353
8627
12120
2886
6460
11077
14443
10100
6128
6876
1582
11447
11850
3001
442
-2069
7974
6797
-3190
-3266
-2900
-353
1336
-1421
-7186
-7972
-3978
1029
-2085
-10552
-9873
-6049
-2797
-5156
-8166
-10063
-10220
-5156
-3160
-6588
-11906
-11677
-5933
-3277
-3479
-10215
-3421
2935
-5864
-1774
-2256
3946
6360
-2174
8913
4077
2350
9748
8999
13427
4969
5704
10604
14130
12372
6685
8025
2153
10118
14203
4310
961
-2575
6949
8411
-1304
-2157
-3750
-1455
2293
-1036
-6339
-9098
-3543
2686
-3688
-9992
-9629
-6033
-2656
-6160
-7953
-8808
-9532
-6051
-3497
-7453
-11410
-10223
-7801
-3560
-5078
-8170
-6067
1455
-4209
-3365
-2240
-534
7199
-241
5348
6474
-66
9269
8304
12027
9240
4040
10695
13157
13820
8259
9138
4813
8036
15595
6776
2498
166
4794
9570
1182
-2486
-2595
-1003
1057
-747
-5583
-8194
-2965
-263
-3226
-9131
-9764
-5988
-3944
-5047
-8369
-7859
-8143
-7077
-4176
-7066
-9806
-9132
-7525
-4817
-6620
-7592
-7455
396
-705
-6726
-3637
-3229
6153
4614
-55
5890
-312
5887
10246
9339
10713
3932
7755
11766
14177
11102
8506
6700
5862
14606
11491
3588
2268
2124
8830
5542
-1972
-2326
-2459
-783
708
-3761
-7421
-5968
-3235
-2350
-7790
-9436
-7013
-5974
-5140
-7673
-6727
-7968
-8930
-4857
-5183
-7618
-8424
-7941
-6407
-6467
-5144
-6022
-5288
1930
-5339
-3874
-3242
670
9029
-1847
3371
3676
984
10882
6314
10884
7463
4396
9695
11913
14567
7780
9309
5623
8911
15234
5930
4738
1371
4704
8833
1107
-686
-2836
-2472
598
-290
-5298
-8564
-5179
-1802
-5606
-9489
-8523
-8187
-6119
-6101
-7361
-7415
-10118
-7625
-3157
-5739
-7866
-8102
-8408
-5314
-3667
-3706
-6961
-2192
1146
-3289
-875
-2722
5671
6048
-81
7474
2101
5217
9092
8290
12576
4742
5366
10651
14629
11864
8040
7345
4641
12964
12193
4699
2890
468
6300
7278
365
-3460
-4267
-2031
1524
-1816
-9565
-7872
-5423
-4397
-6136
-10098
-9150
-9327
-5471
-7408
-8609
-8023
-10258
-5494
-5181
-7150
-6826
-8002
-7254
-4091
-3606
-4491
-6480
180
3805
-2844
-1838
-1497
8621
6399
1173
7872
1209
6690
10036
9163
12304
2305
6424
12066
14958
11206
6132
6610
6143
13983
10967
3749
1160
-8
9527
6395
-3354
-5110
-3884
567
-188
-6578
-9923
-8432
-4869
-4237
-9338
-11849
-10613
-7367
-6819
-9437
-8831
-9351
-9111
-6240
-6300
-5945
-7964
-7701
-5632
-2931
-4850
-4406
-5552
902
6211
-3870
-1139
-214
7519
10379
1558
7118
3341
6881
11523
9790
12670
3975
7959
12446
14727
12605
6827
9260
6088
12499
12856
3421
2112
1208
6945
5208
-2920
-3444
-4775
-3414
-2970
-5158
-9086
-9210
-7259
-7511
-9548
-10710
-9382
-9801
-9397
-8514
-7945
-8108
-10429
-6917
-4599
-5574
-6843
-7231
-5022
-4706
-3929
-2989
-3723
-2865
4982
1207
-2633
-923
3855
11049
3824
3993
5660
4185
11145
9524
12088
9026
4670
10749
14280
15698
9039
7595
6577
10094
14679
7201
2657
-456
2802
8470
1259
-4758
-8023
-5244
-1447
-1718
-8422
-13745
-10144
-6021
-4509
-10024
-13426
-11659
-8424
-4429
-7779
-9878
-10283
-8042
-2051
-4213
-6653
-7866
-6920
-3074
-1388
-3461
-4524
-5616
2262
7860
-2027
-2084
-1186
9238
11290
2680
6915
3635
7211
13122
11644
12385
4437
8404
14807
16301
12008
5304
8253
7944
12965
11160
561
31
376
5944
3744
-7273
-8627
-6610
-1668
-3012
-9744
-14644
-11503
-5041
-5622
-10261
-14945
-12234
-7310
-5927
-6897
-10271
-10139
-7359
-3642
-2804
-6554
-8343
-6604
-1999
-832
-3280
-4793
-4499
597
8974
2377
-2951
-1132
4828
15723
7139
4169
5256
4963
14103
12934
12088
8231
5028
11951
15414
15066
7199
6727
6528
8298
13237
4804
-792
-1934
354
5381
-1885
-8475
-9027
-5833
-4128
-5711
-10497
-14072
-9213
-6520
-7487
-10482
-13478
-10323
-6519
-5839
-8091
-8295
-8332
-5883
-2112
-4780
-6155
-4689
-4174
-932
-1691
-3785
-938
-549
1097
9182
2437
-1320
3747
8201
15147
6345
4173
8566
9483
14312
11279
12009
9018
6861
14033
14685
13548
5820
5349
7870
8499
9109
696
-2297
-2121
462
2702
-6535
-10902
-9575
-7141
-4126
-9309
-14211
-14781
-9144
-5495
-9312
-14038
-14047
-8497
-5563
-5775
-8820
-10254
-7903
-3972
-1443
-4144
-6867
-5727
-2013
1669
-731
-3208
-2196
791
2526
9794
5770
-1794
3144
6899
16032
8947
3175
9260
7294
12699
12145
10904
11135
5687
10687
11826
12820
7448
4911
5333
2503
8253
4382
-2556
-4191
-4525
1531
-2933
-10643
-10371
-9240
-6693
-8253
-11496
-13530
-11211
-8217
-8712
-10798
-12197
-9184
-6427
-7490
-7755
-7192
-5711
-4937
-3859
-3657
-3063
-2120
-1785
-47
-561
577
1251
2471
2666
8479
9558
2086
3955
7169
15719
11615
4623
9919
7538
12434
13596
10904
10942
3601
8641
13345
12543
5635
1397
4391
4047
8068
2543
-5191
-4582
-4356
1423
-3242
-12096
-12054
-9421
-6215
-7752
-11694
-15558
-12373
-7319
-7227
-9687
-14002
-12032
-6364
-4410
-5823
-8536
-8610
-5271
-29
-262
-4049
-3825
-2197
3720
4024
981
130
1161
5674
7697
12791
4173
589
7153
11322
17401
5440
4834
10000
7392
13892
9451
8567
5923
3868
9673
9725
8426
862
2782
2521
2848
6345
-2373
-5765
-5356
-3093
-202
-7869
-12279
-10251
-7361
-7197
-8457
-12412
-14371
-8636
-6519
-8351
-11565
-11300
-8083
-4943
-5408
-7091
-5465
-5960
-2594
1347
-2283
-2062
123
1051
4778
3379
2299
3569
4173
5310
10549
11574
2916
4591
7644
13946
13970
2818
7060
8201
8241
11053
6077
6359
4397
5430
7836
6943
3897
341
3554
1448
1585
2195
-4544
-5742
-5911
-2704
-1921
-10116
-12640
-10240
-5912
-5969
-10096
-14052
-13220
-6299
-4796
-8802
-12654
-11121
-4351
-2356
-5226
-6764
-5388
-2821
858
2520
-946
-598
1853
6104
7395
2267
2268
4654
7296
8078
10576
9462
1290
4913
8888
14574
9127
-1104
6673
5992
7758
8860
3053
4987
267
4797
7853
5139
1848
-1593
2076
-242
2185
296
-6267
-5448
-5572
-2070
-4142
-10468
-10165
-9288
-6759
-6801
-9352
-12960
-12073
-5598
-4684
-8984
-11182
-8051
-3459
-1387
-4720
-4522
-1735
-947
4045
4060
1420
2330
4637
6740
8249
5477
4143
6165
6510
7148
9358
9922
1811
2649
5786
9281
9074
-1006
3080
4721
2348
5391
2586
4213
504
98
3894
4190
2865
-2254
-397
-733
725
1614
-5682
-6916
-5043
-1629
-2661
-10050
-11353
-8641
-5908
-6298
-9505
-12579
-10967
-5553
-3380
-6798
-9958
-7023
-2320
625
-85
-2343
163
2572
5707
7353
3411
3959
7206
8949
9308
5737
4436
6669
6242
5961
4221
7894
4160
-348
3072
3990
7472
-1336
-1761
4368
423
2820
-74
1266
2030
-1880
2330
2548
2162
-1176
-494
-5
-1329
1398
-2536
-4822
-5435
-4940
-2124
-7199
-10073
-9254
-7888
-6062
-6630
-10129
-9963
-6323
-3499
-3107
-7365
-4385
51
1159
1946
529
3073
4782
5864
8240
6438
5699
6471
7992
8292
6102
3605
3610
3822
4116
2853
3170
5508
-1933
-1735
505
3978
3898
-4930
-661
251
-284
1582
-858
2400
-2389
-2317
2240
3091
2608
-3050
-1545
-1352
889
1729
-5243
-6376
-5988
-2936
-1564
-7736
-9501
-8373
-5937
-2690
-4867
-9049
-7995
-2267
1940
-976
-4152
-1598
2301
5743
5175
4136
4271
4355
8263
9360
6067
4164
4311
6049
6463
4315
971
1491
920
1723
1414
1331
3315
-3839
-3487
-933
3235
779
-6496
-1242
-1600
-14
-516
-2632
1759
-2265
-1307
1335
1960
659
-1372
-386
-2149
165
-666
-3669
-3552
-6360
-2147
-1628
-5720
-5940
-6572
-4138
-1272
-1572
-6115
-3913
-416
3165
2374
-1494
1031
3923
7101
6393
3041
3356
3938
8063
7828
2823
1253
2258
5192
4796
1680
-2702
-1324
290
1397
-1332
-3522
698
-3766
-3647
-2961
-1037
-545
-5964
-532
-1689
-3315
-2003
-1646
4192
-1506
-2857
808
2185
3755
-1007
12
-1069
1400
3134
-1266
-2293
-3481
1256
1395
-2980
-3566
-3035
-587
774
438
-2141
-799
773
4147
4308
65
1981
2581
5325
5607
2923
2989
1135
3630
5234
2740
457
-1260
1104
2698
159
-3367
-4106
-2435
-1834
-3827
-5653
-564
-3249
-6613
-4994
-3636
439
-5549
-4718
-1002
-3246
-617
-1534
671
416
-1956
1239
2675
4246
1163
1589
1165
1603
6210
2845
-375
-1197
1228
5397
2714
-1639
-2267
681
2965
4645
133
-3025
1356
3390
5485
657
-1124
2075
1387
3591
1780
295
-42
-1157
1766
952
-1576
-2974
-2537
-993
-2060
-3491
-5075
-5532
-4387
-3653
-4176
-5471
-3131
-4902
-5847
-4320
-2598
-220
-5437
-3487
6
-2044
-47
-219
2402
2191
-610
3429
6026
6375
3486
3991
3906
5265
8491
5042
3405
2718
5224
8117
3540
142
1434
3424
3833
2973
186
-1448
1497
1702
2110
-491
-3079
-637
112
323
-2267
-3734
-3570
-1999
457
-4002
-6075
-4536
-2061
-607
-4483
-7789
-5726
-3340
-2141
-3122
-7288
-8224
566
281
-5570
-6495
-5739
2499
234
-2660
-664
-2960
1107
4599
6675
3610
-837
4594
9466
11198
6281
4783
6397
8090
12134
9250
4482
2503
5081
9410
6620
875
-1757
363
2632
2832
-732
-6739
-4623
-689
345
-4070
-8495
-6503
-3343
-1479
-5308
-8019
-6924
-4605
-1303
-3870
-7051
-7098
-3778
-1544
-2009
-5064
-6454
-4854
-3342
-1700
-4242
-6459
-5738
1052
234
-5181
-5607
-2480
4419
1993
568
1594
86
5344
7260
9752
6865
2879
8463
12774
14604
8833
6407
7153
10627
13758
8182
3174
1438
4203
8918
2745
-3789
-4568
-3533
-868
-1476
-6889
-9654
-7426
-6211
-3035
-6991
-10395
-7157
-6444
-4907
-4998
-6832
-6072
-5559
-3960
-2900
-3388
-5107
-4037
-2296
-2991
-2746
-2707
-4439
-3082
-3076
-2493
-1641
-629
2716
-2089
-1539
1256
6055
6652
569
5952
6712
6852
9615
9148
11994
8221
8442
12640
14272
12012
8162
8157
7303
10171
9543
3429
-429
-1218
3278
2959
-5339
-9226
-8132
-4943
-4163
-7561
-11718
-11880
-7931
-4951
-6314
-11297
-10729
-6242
-3477
-4534
-7135
-6918
-4802
-3272
-1950
-2655
-4350
-3381
-2135
-1265
-852
-1929
-1154
-1746
-1995
1620
1550
174
-1288
5453
6367
1759
2484
3472
10203
6808
5715
9795
5660
8803
10669
11846
9911
4345
8658
11507
10451
4968
3226
4792
2999
4748
437
-4444
-4737
-3749
-1406
-6465
-11770
-10468
-7565
-6542
-9021
-10532
-11769
-8837
-5975
-6427
-8615
-10203
-6425
-4164
-3406
-4999
-5603
-3142
-3183
-1163
-420
-2533
-967
204
1116
2110
1075
1626
2986
2307
3522
5125
3537
2709
3919
9172
8226
2981
3365
6489
12103
7649
5205
7411
4241
7839
8069
7505
6039
1147
3815
6732
6256
1927
-191
-1269
-1315
2130
-1779
-6831
-8391
-6218
-1614
-5270
-11888
-11499
-7343
-5273
-6234
-9828
-11865
-6693
-3511
-4219
-6999
-8158
-3717
-600
-1555
-3366
-2392
-467
1481
2281
1653
1252
1525
3914
5520
4964
2787
3688
5245
5304
6264
4843
3602
3860
5061
10748
6812
237
1848
6074
10031
4140
104
1666
2332
5219
4336
2255
-1032
-2839
2288
3584
955
-3683
-4983
-2237
-1509
-986
-5045
-9265
-7677
-5146
-3540
-7086
-11225
-8995
-6678
-4932
-4755
-7580
-8693
-4911
-842
-930
-4442
-5529
-676
3061
1369
-555
506
2241
3946
4349
4329
3694
3363
6240
6266
5197
5046
4885
6024
5171
4438
4971
3474
2218
2345
3473
5420
394
-1299
-129
2724
2903
-2645
-1354
-1064
-1762
252
-1823
-359
-2657
-4171
-166
586
-1029
-4077
-3472
-2819
-588
-1250
-5249
-5724
-4224
-2024
-1113
-5524
-6527
-3210
-1893
-1681
-1185
-3087
-3214
341
1169
2217
-244
-1294
2441
4461
3633
2266
2138
2899
5017
5741
3429
3315
3751
5079
5569
3629
1966
2945
2963
2115
2770
452
-579
-611
-1941
1443
1115
-5361
-5215
-3430
311
-781
-6128
-4193
-3000
-2755
-2109
-2249
-1360
-3909
-3079
-75
944
-152
-1938
-1313
-1056
1542
1923
-268
-2612
-2243
2851
3208
-562
-2146
-1050
2553
3444
2011
-720
-989
2201
4547
3349
-444
-710
3640
4446
2505
197
116
2768
2392
2707
1414
-444
1800
2191
2118
63
-1644
1180
-275
-1044
-1864
-2982
-2306
-3731
-4110
-1103
-2880
-7554
-5012
-3701
-1543
-3585
-6467
-2012
-3075
-2622
-714
-369
7
-1938
1132
2823
3618
2622
1381
3928
2941
4864
5480
2267
1667
3596
5486
3492
944
484
2645
4105
1313
-56
-1012
137
2905
1426
-2410
-3637
49
2096
900
-2647
-4100
688
2165
294
-1161
-3369
-597
2105
170
-1611
-3365
-2689
413
-1394
-3535
-4168
-4956
-3793
-3776
-3912
-5589
-3660
-4201
-5222
-3190
-3910
-615
-2326
-2109
1226
-1105
1121
1467
3641
5188
2664
4404
5771
8328
7298
5102
5008
5926
8989
6096
2646
2479
4108
5650
2842
-444
-1048
-55
1039
835
-1538
-4081
-2757
-668
-486
-3097
-4423
-3239
-1061
-1711
-3294
-3837
-3275
-1553
-1902
-2750
-3487
-3140
-1907
-2134
-2293
-3452
-3559
-2655
-2687
-1942
-3984
-4051
-3188
-1565
-1726
-1604
80
-2862
-917
136
3146
3695
-544
2902
4120
4680
5913
4610
6994
4747
5518
7517
7503
7084
4547
5749
4735
4681
5809
2804
1608
576
1409
3013
-1300
-3064
-2800
-1779
-1367
-2862
-5414
-5379
-3473
-3639
-4256
-6369
-5901
-4379
-3443
-4223
-5386
-4205
-3866
-2889
-2488
-2943
-2270
-1918
-1850
-552
-447
-940
-731
-543
25
896
-341
-397
328
623
1359
506
2504
1614
498
2048
2534
4378
1509
2277
4527
3016
3315
2591
5261
6094
3118
4149
4215
6416
5816
3459
2556
1938
4645
3591
-183
-1867
-1468
349
-1005
-4624
-5716
-5219
-4069
-3637
-6103
-8521
-7127
-4606
-3939
-6070
-7026
-5145
-3144
-2405
-2704
-2720
-1903
-838
971
699
-364
909
1952
2679
2229
1076
1911
2441
2662
2253
1876
460
695
2371
1729
381
-167
2019
895
-8
364
1433
2953
270
2787
3066
878
3381
4127
6021
2995
769
4759
5895
4712
1169
676
1680
1587
2137
-1380
-4385
-3872
-1918
-1277
-5316
-7844
-6162
-4093
-4108
-4955
-5959
-6297
-3346
-1851
-1719
-3360
-3302
150
1350
1015
-172
537
2039
2780
3028
1793
906
2018
3548
2933
1802
84
346
2075
1290
1123
-751
-1703
53
447
779
-1315
-1816
1704
1265
211
-27
234
2622
1221
1815
2226
284
1682
2050
4008
2342
-959
736
2011
3123
1484
-1845
-1908
-979
1006
612
-3496
-5383
-2863
748
-545
-3723
-5341
-3092
486
-138
-2395
-3740
-1731
1047
2052
-1131
-2245
-372
1448
2769
-507
-2318
-133
1017
2015
-393
-2185
-579
506
910
-360
-1311
-1410
162
607
130
-417
-1641
-551
623
347
-854
-74
1667
-89
-460
-262
1348
2419
-415
1371
1076
411
2306
2013
3067
514
106
2494
3440
3360
772
696
327
2072
3827
491
-1278
-1669
1220
3134
-490
-2754
-2369
-204
741
-153
-2867
-3477
-1076
-113
-244
-2901
-4017
-1646
-467
-22
-2093
-3675
-2260
-841
969
105
-2838
-2066
0
1565
1759
-1489
-1098
358
1069
1539
-363
-1218
-636
331
768
37
-807
-273
2288
680
-727
-25
616
2899
544
1035
2138
882
1599
2589
3051
2215
1019
1806
3655
3676
1847
1884
859
1380
3141
1248
-407
-1558
-852
797
-294
-3141
-3460
-2740
-2201
-1223
-3462
-4919
-3474
-1911
-1567
-3460
-4433
-3181
-1282
-1101
-2475
-2407
-2003
-897
410
-595
-1501
-216
486
773
1065
-114
1230
1565
1218
1562
652
1404
1969
1893
1312
817
1756
3919
3052
71
402
2446
4203
2539
143
1215
1837
2502
2546
1855
1357
214
1419
2075
2147
1378
-585
-166
-194
792
611
-2463
-3532
-2492
-375
-1333
-4386
-5403
-4458
-2113
-2106
-4206
-5483
-4217
-1962
-1380
-2662
-4025
-2303
-588
-3
-337
-1383
-302
1537
2573
2152
752
1015
2882
4385
3859
1989
1799
3381
4593
3873
2561
1740
1889
2761
2759
1421
103
-595
2147
3149
-794
-2463
-1834
1009
1572
-1790
-2609
-2460
-1345
505
20
-1974
-3363
-1905
567
761
-1279
-3050
-2157
-1182
-158
-397
-3191
-3974
-2327
-830
-605
-2778
-4173
-2580
-772
163
-363
-2490
-2069
1206
2296
1562
-1126
299
3122
3618
2772
1172
2471
3724
3946
3960
2644
2284
3843
3837
3400
2419
1730
2540
2120
999
997
-163
-723
-593
-1145
-1740
-2849
-2708
-2386
-1376
-3797
-5292
-3793
-3462
-1749
-3906
-5085
-3087
-2879
-1476
-1813
-2493
-2216
-1267
-152
69
250
-565
-118
895
1152
2443
1706
429
1222
2282
3361
2652
1190
1384
2911
3736
3246
2163
1388
2965
4713
3304
1803
1194
2964
4652
3287
1614
675
1978
3071
1999
419
-1470
-135
1179
-178
-1309
-3299
-2793
-1723
-2779
-3170
-4626
-5077
-3957
-4046
-4566
-5468
-5606
-5213
-4533
-3194
-4862
-5551
-4948
-3386
-1347
-3565
-3655
-1940
-1047
228
545
1028
1000
1947
4071
4913
4752
4057
5538
6742
5986
6368
6146
5288
5302
5908
5425
4567
3331
3790
4085
3032
2738
2309
1509
1549
1925
1175
-255
-1710
-22
268
-1223
-2749
-4039
-2820
-2458
-3327
-4076
-6059
-5836
-3885
-3784
-5149
-6941
-6205
-4168
-4107
-5228
-6105
-5864
-4798
-3673
-3614
-4457
-4957
-3830
-2218
-674
-1306
-2490
-995
798
2834
2304
1484
3674
4311
5411
6323
6244
7166
6489
7181
8520
8664
7739
6737
7331
7232
7486
6471
4595
4059
4204
4347
3310
900
-377
300
413
-999
-2378
-4079
-4163
-2577
-3459
-5170
-6766
-6523
-4909
-5007
-6414
-7704
-7134
-6045
-5283
-5897
-7517
-7048
-4710
-3265
-4695
-5431
-4698
-2554
-982
-2308
-1683
-1389
-374
1528
1421
1137
773
1783
3274
4165
4741
3714
3407
4205
6279
7304
4641
4464
5660
6625
7423
6221
5606
5663
5892
6856
6156
4501
3865
4682
4036
2568
1775
834
-121
-696
-1127
-2160
-3999
-5242
-4300
-4386
-5932
-7033
-6992
-6645
-6318
-6205
-7259
-7831
-7275
-5738
-5055
-6446
-6555
-5369
-3842
-3155
-3561
-3201
-2392
-981
388
628
397
751
2423
3808
3861
3571
3226
4124
5009
5196
5172
3599
3483
4875
5595
6152
3650
2251
3971
5352
5386
2997
1713
2829
3939
3818
2347
1257
1030
1752
1841
856
-262
-984
-561
-1059
-1705
-2449
-3170
-3312
-3433
-3619
-4446
-5066
-4949
-4704
-4743
-5386
-5173
-5123
-5080
-4032
-4175
-4017
-4027
-3078
-1647
-1740
-1846
-916
729
1203
1274
1395
1856
3772
4147
4079
3710
3244
5218
5846
4741
3705
3539
4411
4680
3197
2134
2115
2125
1555
1318
614
-776
-335
273
-64
-1486
-2925
-2407
-925
-1726
-2780
-3096
-3637
-2602
-1124
-1393
-2752
-3344
-2247
-238
-70
-1768
-2048
-1031
-368
898
-25
-2119
-1808
-206
1248
101
-2125
-1856
263
1434
660
-372
-733
992
2912
2493
791
67
2215
3982
3624
2061
1464
2552
3580
3422
2349
1392
1130
2244
2371
998
-40
-413
308
119
-1190
-1402
-1438
-1889
-2375
-2870
-3153
-3535
-3597
-3423
-3934
-3207
-2580
-3199
-3704
-3832
-1982
-1147
-1789
-2201
-1736
-588
821
1284
604
135
1178
3264
3876
2892
2553
3774
4172
4177
4129
3653
3144
3404
3621
3549
2594
1738
2612
2721
2003
1494
715
983
1467
676
-98
-1119
-1077
-160
-737
-2008
-2564
-2377
-1965
-2228
-3009
-3656
-3751
-3475
-2968
-3183
-4193
-4072
-3327
-3161
-3377
-3845
-3489
-2507
-2432
-2510
-2330
-2478
-1675
-789
-708
-863
-307
519
693
433
94
1609
2312
1809
1971
1965
2783
4217
4524
4281
3839
4420
5751
6486
5358
4461
4578
4749
5654
4912
3055
1852
2122
2826
2113
-260
-1930
-914
-264
-1160
-3080
-4925
-4005
-2703
-3341
-4643
-6103
-5425
-3936
-4211
-5082
-6014
-5195
-4416
-3905
-3733
-4482
-3923
-3298
-2462
-1456
-1477
-1663
-1063
-157
920
1483
593
1010
2127
2852
2934
2063
2330
2989
3385
3059
2621
3269
3146
2918
2957
2751
3171
2951
3264
3646
2969
3141
3298
4010
3669
2714
2926
3489
3719
2752
1702
899
847
1137
269
-1016
-2519
-2446
-1717
-2465
-4001
-4839
-4823
-4185
-3930
-4862
-5757
-5376
-4268
-3211
-3875
-5554
-4380
-2944
-1770
-2298
-3008
-2027
-777
386
101
-160
339
1460
2560
2440
1946
2125
2897
3277
3429
2859
2635
3009
2807
3411
2915
1835
1464
1749
2024
1395
632
848
1149
131
-300
-54
88
-370
-618
32
-400
-482
13
188
449
-762
-300
377
-65
93
-514
-745
-887
-953
-614
-1474
-2457
-2290
-1764
-1637
-2448
-2657
-2372
-2010
-1332
-1748
-2252
-1798
-748
240
-501
-1083
-393
651
1118
907
567
138
897
2007
2252
1533
561
1560
2729
2819
1486
644
1571
2093
2031
671
-510
-225
198
-61
-1206
-2163
-2048
-2046
-1998
-1928
-2369
-2397
-2147
-1833
-1334
-1083
-800
-719
-442
293
661
1118
963
1338
2216
1972
2382
2457
2662
2995
2471
2269
2023
1833
2007
1750
1058
405
468
937
645
-315
-941
-486
162
-38
-860
-1223
-508
416
618
-708
-994
-193
997
804
-749
-770
-27
102
-122
-923
-1083
-1253
-1610
-1073
-1629
-2211
-2419
-2430
-2160
-2599
-2579
-2204
-2784
-2373
-2027
-1705
-1627
-1657
-593
-608
-22
557
533
964
1295
1896
2886
2355
2567
3226
3242
3624
3756
3475
3306
3282
3452
3431
2723
2349
2381
1858
1283
873
406
37
-355
-881
-950
-1108
-1423
-1733
-2136
-1799
-1665
-2188
-2767
-2458
-2255
-2422
-2421
-3213
-3105
-2757
-2521
-2115
-2897
-3208
-2458
-2009
-2071
-2340
-2105
-1571
-1287
-1059
-697
-162
-146
176
563
865
1530
1486
1567
1720
1960
2345
2250
1796
2062
2352
2485
2375
2532
2130
1947
2008
2131
2692
1787
1664
1935
1692
1916
1683
1367
1079
1066
1351
1343
489
-558
30
243
-385
-1046
-1700
-1739
-1658
-1892
-2431
-2727
-3073
-2998
-2636
-3070
-3104
-2885
-2751
-2271
-2132
-1866
-1781
-1447
-1122
-687
-312
-309
144
358
745
1257
1487
1340
1106
1764
2187
2183
1460
1269
2169
2095
1642
1209
1196
1580
1562
1392
873
829
882
1031
1131
545
916
806
462
423
632
975
497
172
90
228
413
-26
-182
-315
-429
-313
-535
-854
-1275
-1436
-1583
-1538
-1463
-1845
-2394
-2305
-1784
-1734
-2113
-2488
-2049
-1285
-827
-672
-755
-779
-52
967
1006
619
573
1158
1719
1626
1230
1052
1011
1546
1506
929
681
705
1044
665
297
100
200
214
-52
-210
-510
-481
-134
-254
-616
-1081
-958
-369
-785
-891
-1106
-1283
-627
-775
-1014
-1396
-1448
-695
-394
-830
-1118
-748
-213
208
229
-91
1
292
913
1288
1046
532
780
1409
1686
1625
977
989
1554
1714
1649
1084
735
1270
1377
1256
876
705
712
611
811
465
118
-259
-493
-211
-410
-966
-1317
-1635
-1359
-1046
-1607
-1893
-1950
-1484
-1029
-1478
-1898
-1694
-1201
-959
-1341
-1417
-1113
-770
-709
-868
-803
-922
-648
-414
-358
-183
-105
75
345
239
689
1067
1129
1332
1393
1956
2582
2817
2725
2799
2986
3399
3634
3450
2906
2907
2955
2962
2676
1611
908
927
1093
617
-378
-1435
-1210
-936
-1279
-2074
-2702
-2754
-2178
-1869
-2583
-3096
-2895
-2229
-1824
-2585
-2994
-2597
-2114
-1767
-2355
-2456
-1973
-1390
-968
-1488
-1559
-884
-431
-392
-472
-292
-224
-102
307
465
320
-78
399
1020
1074
878
596
913
1881
2068
1769
907
1636
3203
3175
2353
1787
2512
3574
3408
2574
2049
2191
2433
2359
1827
858
748
658
425
32
-850
-1333
-1505
-1573
-1840
-2163
-2669
-2593
-2482
-2397
-2072
-2276
-2371
-2231
-1713
-1470
-1748
-1853
-1835
-1211
-1083
-1370
-1569
-1468
-1041
-801
-761
-803
-490
-288
1
366
200
324
394
666
861
937
1070
1073
984
859
1361
1473
994
796
844
1362
1301
1040
1232
848
1111
1383
1484
1105
755
1202
1294
1108
883
1140
1413
733
584
997
1034
823
242
175
69
235
-6
-680
-998
-899
-216
-538
-1453
-1515
-1158
-698
-885
-1013
-1219
-1209
-660
-291
-307
-1209
-1201
-396
-41
-472
-951
-719
-432
-159
-469
-452
-222
-354
295
254
-91
109
135
36
-68
-156
73
37
-492
-591
-47
-38
-469
-496
-711
-176
7
-128
-136
-105
39
406
616
266
692
823
651
979
938
1259
1526
1212
1232
1340
1510
1452
1582
1209
883
1066
937
978
615
22
135
239
182
-132
-751
-999
-808
-502
-954
-1238
-1463
-1341
-992
-1402
-1668
-1856
-1834
-1381
-1298
-1599
-1876
-1695
-1220
-1170
-1299
-1425
-1348
-1008
-982
-877
-707
-855
-626
-416
-244
-59
-91
-73
86
194
189
511
704
740
689
838
1302
1715
1847
1521
1628
1765
2265
2668
2267
2094
2188
2594
2917
2444
1939
2022
2143
2070
1705
971
538
645
463
143
-566
-1173
-1196
-905
-911
-1602
-2034
-2104
-1769
-1429
-1694
-1937
-2099
-2007
-1620
-1540
-1730
-2128
-2035
-1578
-1350
-1348
-1599
-1527
-1233
-1058
-801
-858
-845
-534
-405
-230
-77
-51
123
418
595
551
791
997
1227
1465
1150
1363
1808
1743
1508
1618
1731
1966
1738
1708
1918
1832
1715
1542
1541
1346
1473
1246
1111
1076
915
961
593
257
108
305
-8
-605
-870
-920
-757
-1146
-1626
-1636
-1649
-1469
-1666
-1781
-1735
-1603
-1528
-1791
-1714
-1361
-1018
-1269
-1555
-1195
-643
-575
-769
-971
-824
-368
-157
-357
-685
-592
-58
277
4
-265
-92
337
476
512
423
322
703
801
904
654
572
787
810
1041
869
760
792
864
1329
990
739
840
963
815
550
494
504
349
222
274
141
82
-114
-78
-303
-559
-385
-302
-375
-529
-473
-203
-58
-25
69
21
5
314
535
556
237
210
399
470
191
-25
-191
-348
-294
-498
-771
-1078
-1287
-1237
-1299
-1505
-1525
-1669
-1623
-1207
-867
-1112
-1299
-974
-313
16
-256
-279
214
584
665
570
401
599
962
1186
1047
897
874
1061
1236
1012
952
1044
922
1101
1175
796
652
780
1221
1042
341
429
1075
1422
783
519
598
827
1323
1020
456
195
395
830
665
-184
-468
-284
-384
-607
-1093
-1531
-1707
-1782
-1721
-1999
-2490
-2687
-2315
-2219
-2635
-2479
-2377
-2309
-2052
-2035
-1710
-1673
-1336
-728
-596
-631
-338
172
311
380
323
402
687
1000
972
829
909
1269
1601
1695
1449
1309
1852
2275
2143
1958
2033
2201
2423
2550
2470
2151
1973
2399
2465
1704
1305
1240
1167
1000
418
-308
-356
-132
-438
-1163
-1678
-1483
-1372
-1751
-1944
-2250
-2269
-2245
-2119
-2239
-2630
-2397
-2293
-2271
-2227
-2077
-1759
-1763
-1816
-1557
-1192
-943
-864
-929
-581
9
46
-18
279
717
860
814
965
1277
1437
1691
1799
1553
1867
2635
2580
2022
2182
2950
3110
2412
2368
2643
2450
2217
2337
1876
1297
1697
1755
928
77
303
704
291
-528
-1288
-914
-605
-1511
-2001
-1877
-2076
-2621
-2401
-2138
-2755
-3148
-2662
-2257
-2817
-3036
-2604
-2326
-2360
-2474
-2346
-1979
-1825
-1822
-1490
-1084
-1001
-774
-463
-157
-87
27
729
840
878
1214
1751
2125
1752
1958
2479
2615
2497
2376
2478
2517
2546
2374
2049
1748
1736
1860
1547
1120
649
762
1066
557
131
-170
-85
-24
-455
-486
-348
-627
-1233
-1328
-768
-688
-1431
-1932
-1315
-1062
-1625
-1987
-1653
-1472
-1798
-2042
-2063
-1710
-1746
-1829
-1315
-1388
-1806
-1475
-499
-615
-1149
-660
55
404
255
715
1150
820
1092
1778
1660
1430
1592
1777
2018
2053
1746
1822
1945
1577
1704
2073
1718
1074
915
1433
1592
907
357
514
666
723
542
20
-363
-213
292
131
-524
-664
-440
-317
-473
-465
-702
-1156
-809
-490
-861
-1093
-994
-1019
-1045
-943
-913
-952
-1006
-1104
-970
-746
-707
-1019
-730
-492
-873
-629
-122
-30
-430
-416
137
347
244
84
216
402
491
413
388
645
401
-2
279
579
170
-68
75
216
367
96
-7
68
253
248
-17
-26
27
-42
108
295
-92
-553
-194
210
-8
14
-324
-531
-42
471
-14
-659
-123
462
96
-218
18
320
273
177
401
184
201
542
173
-64
265
373
-79
-178
198
273
64
-141
-101
139
189
73
-110
-85
16
-221
-375
-163
-158
-440
-742
-577
-403
-481
-727
-796
-469
-531
-820
-452
-322
-630
-604
-78
50
-432
-237
178
371
259
71
185
462
716
666
240
379
859
779
587
651
896
685
696
1134
990
575
697
1134
1067
733
803
1055
827
639
936
715
439
713
671
401
364
548
161
-13
131
182
-154
-532
-167
-482
-1029
-591
-408
-1087
-1374
-948
-847
-1303
-1347
-1251
-1198
-1203
-1331
-1551
-1635
-1241
-997
-1162
-1254
-1155
-1130
-850
-286
-345
-555
-604
-189
230
419
580
389
17
292
1056
992
439
343
508
733
1128
1137
618
365
927
1195
869
541
716
1010
994
1044
832
667
723
813
862
585
151
266
396
141
-19
4
-70
-221
-254
-205
-408
-534
-440
-447
-627
-821
-794
-753
-585
-459
-715
-1133
-1043
-661
-380
-698
-1104
-1177
-712
-171
-352
-1139
-1287
-266
219
-457
-752
-447
-257
-130
163
-32
-491
-143
258
298
165
42
-397
-318
536
703
234
-54
218
630
990
1134
635
341
894
1246
1083
909
766
612
730
1033
868
403
275
453
561
306
72
195
146
66
211
214
53
-128
-153
80
-42
-52
-95
-199
-224
-120
11
-131
-297
-347
-147
41
-162
-360
-287
-72
-101
-131
-24
-194
-139
-82
-54
-88
5
159
-184
-207
15
117
233
108
-246
-349
85
472
170
-319
-283
145
447
396
65
-177
238
594
374
195
291
336
479
567
249
118
202
271
271
59
-278
-206
-74
69
-77
-787
-1021
-433
-30
-452
-1151
-1147
-534
-374
-513
-738
-903
-759
-539
-462
-530
-630
-591
-520
-179
-27
-227
-345
-164
-35
48
199
55
11
195
227
123
216
138
64
101
331
140
-73
54
160
191
131
272
124
-50
239
642
583
167
7
292
634
552
151
60
378
377
101
48
108
15
-63
-54
-210
-526
-590
-217
-328
-689
-827
-594
-299
-347
-489
-760
-450
165
353
-10
-221
-9
222
445
680
379
-74
177
634
581
316
281
343
346
476
493
256
225
379
513
360
212
384
670
580
440
283
237
509
633
507
165
27
213
239
369
125
-171
-64
82
89
-91
90
-138
-597
-245
349
13
-636
-578
-297
-182
-284
-531
-670
-659
-318
-259
-408
-458
-358
-186
-94
-52
-216
-190
168
221
43
-42
191
86
-59
301
343
93
-163
32
172
201
197
43
-8
10
254
159
-2
64
-3
27
175
77
-280
-457
-170
41
-106
-378
-482
-254
31
-42
-284
-283
-191
-177
-126
-7
-91
-196
-171
-230
-219
-111
33
-217
-474
-266
-231
-264
-315
-457
-475
-387
-333
-363
-386
-221
-58
-86
-225
-42
169
179
224
370
374
446
377
360
591
552
338
298
402
353
298
360
308
99
16
99
167
-69
-302
-232
-180
-162
-120
-202
-287
-282
-103
27
-178
-467
-218
54
133
25
-206
-101
330
494
137
15
16
288
603
500
176
-18
227
558
576
362
205
114
354
719
613
145
122
454
733
471
202
104
96
431
592
284
-66
58
404
546
261
-212
-245
-36
222
69
-343
-547
-484
-150
-80
-427
-713
-587
-265
-335
-636
-710
-560
-457
-638
-726
-596
-529
-477
-496
-514
-508
-443
-318
-372
-447
-518
-296
-151
-267
-221
-60
124
204
80
11
302
568
582
451
473
593
675
713
601
655
686
600
622
482
539
656
472
308
243
147
162
234
26
-196
-177
-328
-394
-292
-354
-498
-677
-655
-469
-439
-614
-669
-595
-551
-474
-322
-248
-313
-465
-477
-253
-187
-256
-238
-222
-244
-150
-54
-4
-4
-127
-163
-92
44
103
-8
-114
63
261
160
163
135
221
269
267
342
423
413
349
443
455
587
679
557
458
461
597
801
709
471
393
463
436
492
350
124
151
175
174
98
-106
-358
-321
-295
-423
-451
-508
-457
-392
-435
-356
-328
-523
-483
-248
-219
-256
-222
-142
47
137
-55
-57
55
78
40
-31
-85
-92
-119
-137
-161
-274
-315
-355
-372
-279
-189
-279
-464
-435
-249
-17
-31
-135
-140
-52
243
417
271
234
363
551
724
621
462
660
740
721
717
580
577
577
427
444
471
269
259
274
210
95
33
33
29
30
-84
-143
-114
-24
-114
-313
-427
-386
-336
-336
-433
-519
-486
-454
-524
-584
-524
-448
-489
-528
-494
-387
-363
-394
-473
-609
-488
-401
-462
-499
-570
-477
-315
-341
-434
-520
-305
-158
-140
-231
-98
128
236
356
366
420
572
667
803
923
833
850
932
1040
1177
1159
1016
884
989
1140
1004
739
612
571
574
503
246
-65
-210
-236
-316
-566
-799
-738
-737
-888
-989
-1008
-870
-891
-1077
-1086
-881
-739
-776
-874
-854
-568
-370
-476
-579
-507
-334
-140
-284
-494
-337
-184
-34
-52
-147
-99
57
190
225
219
303
459
594
626
672
742
879
1035
1066
1170
1120
1130
1241
1291
1198
1100
1085
1143
1093
952
822
624
485
480
440
232
4
-106
-136
-268
-429
-647
-793
-862
-846
-882
-1058
-1194
-1184
-1069
-1064
-1089
-1354
-1380
-1146
-1045
-1064
-1199
-1155
-956
-800
-775
-809
-760
-667
-367
-190
-273
-262
-112
168
378
305
372
648
784
809
884
885
826
936
1056
1033
895
807
924
1012
927
941
923
773
737
811
831
737
532
475
539
481
495
356
46
19
69
110
-22
-303
-377
-296
-304
-606
-821
-793
-765
-834
-961
-1105
-1226
-1077
-1012
-1103
-1150
-1141
-1117
-1097
-901
-674
-727
-784
-537
-195
-149
-125
41
163
393
534
644
657
594
665
747
758
617
612
686
719
614
550
601
561
426
351
418
435
409
369
346
374
436
322
332
359
340
362
192
121
215
233
205
64
-94
-157
-49
2
-211
-448
-402
-246
-301
-533
-613
-616
-567
-453
-485
-542
-581
-460
-325
-337
-416
-420
-148
-46
-154
-155
-103
39
81
23
-61
65
157
-26
66
120
120
82
-21
81
124
56
78
6
-33
-36
24
45
-7
5
-30
125
126
78
77
88
135
170
108
41
62
186
194
159
196
221
294
271
227
188
206
326
391
380
255
201
259
334
280
183
122
87
115
89
-3
-181
-317
-304
-161
-238
-457
-496
-494
-447
-425
-527
-670
-644
-574
-526
-557
-649
-591
-500
-364
-416
-385
-372
-307
-248
-317
-267
-286
-207
-196
-198
-156
-74
-87
-112
-37
149
191
189
208
315
518
515
575
645
711
730
792
863
855
822
875
992
1033
898
855
858
920
862
780
715
589
615
623
387
123
53
112
137
-46
-303
-396
-316
-393
-468
-637
-789
-719
-725
-856
-950
-1003
-983
-923
-896
-962
-1052
-995
-911
-850
-854
-892
-756
-579
-411
-459
-391
-149
-15
68
85
167
255
401
480
451
568
633
682
735
730
700
784
790
731
755
740
766
693
616
579
520
498
479
281
208
299
221
187
-23
-95
-30
-89
-214
-254
-324
-381
-310
-300
-408
-582
-643
-499
-481
-705
-851
-901
-775
-751
-859
-1004
-990
-843
-691
-604
-708
-769
-639
-464
-274
-215
-198
24
227
341
417
466
547
663
727
728
591
672
872
930
773
605
667
819
905
709
616
536
580
657
606
386
406
461
425
343
193
242
291
183
15
23
-79
-67
-102
-205
-268
-345
-424
-437
-444
-527
-587
-628
-673
-631
-663
-617
-686
-747
-667
-507
-515
-509
-505
-546
-390
-288
-185
-209
-297
-222
-40
39
-30
-96
8
186
272
300
217
243
375
501
391
363
459
474
515
532
430
408
362
388
583
475
285
261
382
368
315
165
179
263
297
224
41
-107
14
136
-34
-231
-315
-244
-183
-294
-442
-412
-348
-275
-239
-303
-341
-266
-186
-143
-231
-373
-283
-129
-161
-188
-307
-339
-267
-232
-320
-397
-351
-305
-224
-215
-228
-226
-171
-115
-64
-53
-57
-15
95
180
213
208
284
352
334
362
354
376
290
327
301
352
321
255
269
160
230
285
257
163
139
147
249
239
142
148
213
358
389
251
253
318
306
300
201
94
137
148
71
-14
-167
-215
-129
-175
-300
-419
-411
-352
-408
-519
-611
-595
-605
-565
-501
-479
-514
-402
-399
-319
-281
-311
-280
-304
-144
-88
-155
-168
-63
47
34
-6
4
91
148
162
151
141
175
305
344
261
239
282
384
483
375
449
494
470
555
559
525
590
641
536
520
509
502
413
262
245
244
155
48
-105
-144
-194
-207
-300
-526
-516
-486
-550
-632
-587
-537
-489
-520
-587
-528
-521
-561
-543
-515
-419
-284
-332
-361
-305
-225
-188
-208
-215
-180
-109
-7
44
-104
-132
28
190
208
104
139
309
448
431
331
374
537
624
605
553
530
509
570
569
396
380
338
313
256
203
101
98
44
65
-14
-131
-119
-171
-228
-237
-218
-263
-299
-327
-288
-317
-376
-405
-361
-388
-414
-376
-303
-284
-276
-239
-218
-228
-158
-135
-99
-106
-193
-95
-55
-95
-108
-81
-36
-40
-31
27
46
155
221
244
230
259
358
330
286
291
353
284
338
402
430
449
332
380
402
328
251
216
220
138
39
23
0
3
-2
-11
-54
-126
-83
-64
-126
-158
-116
-125
-240
-275
-198
-105
-144
-141
-133
-112
-124
-120
-103
-138
-127
-63
-2
-52
-80
-68
-33
24
-11
-51
-42
27
189
165
63
16
98
205
187
134
76
125
140
59
18
-116
-71
-28
30
-42
-207
-162
-97
-33
-195
-330
-250
-152
-68
-189
-266
-160
-81
13
-59
-99
-36
123
198
87
101
155
260
273
269
199
202
292
247
181
172
158
187
102
55
79
23
0
-17
-26
-142
-136
-175
-191
-149
-218
-215
-236
-271
-178
-183
-182
-317
-283
-150
-213
-275
-445
-410
-480
-459
-364
-488
-486
-484
-439
-344
-510
-464
-443
-377
-280
-218
-213
-264
-129
58
106
40
85
184
343
473
450
405
485
642
754
679
584
618
730
786
733
630
501
607
640
573
441
247
360
425
373
284
197
217
221
161
79
14
25
-65
-63
-124
-191
-112
-63
-119
-226
-257
-224
-207
-316
-440
-289
-233
-252
-317
-384
-290
-244
-260
-311
-390
-393
-245
-125
-230
-293
-184
-47
55
-9
50
190
296
358
345
419
401
475
600
549
503
448
521
532
528
452
259
315
339
335
288
92
111
100
92
-6
-149
-201
-240
-244
-349
-442
-455
-504
-461
-541
-626
-710
-713
-603
-662
-645
-659
-608
-581
-564
-509
-533
-495
-486
-419
-413
-463
-443
-424
-274
-179
-203
-247
-193
-1
5
-23
-80
-62
84
185
246
274
268
275
337
425
420
404
405
436
430
496
510
458
408
496
475
360
349
345
368
296
303
279
194
184
39
20
-25
60
-2
-173
-112
-111
-70
-127
-203
-126
-108
-169
-139
-124
-198
-168
-126
-156
-139
-220
-136
-175
-150
-72
-59
-64
-63
76
78
107
68
2
158
156
167
122
114
220
248
318
146
101
75
162
223
69
51
-42
56
193
180
106
3
140
232
185
81
-15
42
130
94
-56
-114
-4
17
59
3
-73
-105
-131
15
-19
-54
-59
-69
7
47
62
1
-18
89
125
128
47
27
70
164
150
3
-21
0
108
56
-8
-22
-18
62
24
-58
-66
-43
-37
-137
-153
-160
-166
-162
-208
-261
-260
-306
-304
-274
-345
-352
-340
-397
-335
-279
-288
-279
-239
-172
-115
-125
-161
-138
-59
-43
4
-23
-31
16
35
110
97
72
102
97
55
135
165
152
163
152
186
249
264
190
195
256
209
257
187
120
167
149
121
0
-53
-17
18
-21
-73
-108
-153
-181
-196
-227
-290
-278
-274
-283
-351
-391
-353
-336
-364
-405
-351
-292
-362
-348
-255
-171
-185
-265
-245
-116
-1
62
-15
-46
119
307
306
200
233
370
508
508
444
450
498
552
592
550
541
602
702
650
614
487
445
529
532
466
361
373
346
372
306
232
206
208
180
124
68
0
-14
-88
-122
-155
-200
-208
-289
-341
-362
-431
-473
-496
-509
-539
-481
-457
-403
-416
-420
-406
-347
-316
-342
-349
-318
-210
-114
-177
-173
-149
-88
12
5
-24
-24
54
162
208
153
125
127
219
212
188
78
104
220
288
200
73
86
186
217
97
-30
-3
32
78
7
-48
-88
-9
31
-51
-109
-133
-88
-90
-147
-280
-303
-232
-289
-304
-342
-424
-461
-394
-336
-362
-409
-398
-296
-279
-289
-185
-185
-97
-58
-35
68
51
74
117
176
171
188
185
165
236
248
200
168
132
170
195
197
177
143
107
172
198
150
127
162
170
236
153
100
132
129
187
259
227
230
169
234
305
249
205
188
220
218
209
126
122
22
2
25
-9
-122
-141
-124
-131
-147
-155
-200
-138
-96
-101
-126
-116
-139
-89
-84
-147
-129
-76
-51
-3
21
63
67
78
103
56
68
21
65
97
76
66
-9
-15
11
56
104
11
-55
-23
46
53
4
-22
-7
42
52
15
52
94
174
183
175
116
143
201
230
183
144
181
171
188
168
105
63
24
-2
14
-34
-60
-107
-132
-122
-113
-178
-187
-219
-228
-231
-270
-356
-413
-356
-325
-334
-339
-375
-353
-280
-251
-272
-309
-327
-297
-321
-321
-247
-244
-235
-206
-170
-129
-110
-83
-68
-61
-99
-74
-41
-56
-63
-89
-29
65
15
73
68
51
54
110
126
98
114
194
216
222
267
259
300
309
217
170
182
166
139
73
100
123
139
49
26
-8
-12
19
-50
-123
-138
-101
-80
-81
-144
-182
-116
-92
-99
-121
-137
-118
-65
-34
-29
-33
50
86
127
121
89
158
239
268
213
234
317
386
403
373
377
412
456
431
339
331
400
415
382
396
350
339
381
344
317
320
275
252
279
258
230
174
104
72
5
-46
-138
-189
-179
-219
-265
-298
-383
-381
-297
-318
-426
-459
-408
-383
-403
-450
-439
-435
-394
-357
-397
-461
-428
-293
-254
-310
-328
-317
-220
-198
-220
-241
-189
-143
-104
-77
-87
22
55
75
83
131
165
168
122
155
171
179
163
101
115
188
197
166
160
169
171
159
165
106
85
88
78
43
-9
-51
41
-11
-87
-136
-142
-81
-103
-189
-205
-178
-157
-150
-190
-203
-249
-178
-142
-175
-199
-160
-106
-124
-93
-102
-110
-81
-28
-26
1
-8
37
74
119
173
182
176
217
270
272
233
176
251
296
249
207
182
252
307
252
125
85
91
123
80
0
-27
57
88
47
37
67
56
47
20
20
59
-2
-17
32
67
28
47
60
49
71
96
51
38
19
105
92
32
-54
-17
8
-47
-53
-128
-116
-80
-40
-110
-162
-135
-46
-15
-49
-81
-41
2
14
40
-51
-38
-15
11
29
-1
-19
21
23
1
-88
-107
-71
-52
-90
-111
-118
-86
-14
-14
-140
-184
-71
-52
-124
-181
-165
-63
-37
-97
-118
-139
-62
-11
-34
-52
-40
-64
-18
46
-46
-72
-61
-21
38
-48
-59
-52
22
126
96
25
15
27
20
16
7
-73
-78
0
-50
-123
-100
-28
-37
10
-25
-50
-26
42
-3
-43
14
23
28
56
26
-32
-34
26
28
-32
-5
32
32
67
111
63
90
148
116
133
190
136
97
114
200
212
184
159
123
163
145
75
38
83
130
120
154
135
112
131
131
113
92
69
83
84
66
46
41
-32
-65
-57
-48
-73
-119
-106
-84
-40
-42
-57
-145
-126
-38
-52
-155
-154
-106
-114
-79
-137
-154
-136
-129
-135
-170
-142
-109
-26
-43
-45
-28
-17
22
37
111
118
103
62
40
85
59
96
94
102
121
120
160
68
22
35
65
24
12
18
30
55
14
-32
-85
-84
-57
-47
-98
-127
-103
-77
-91
-150
-209
-156
-90
-54
-62
-124
-179
-147
-177
-223
-289
-258
-223
-165
-190
-175
-157
-200
-102
-144
-107
-67
-50
-38
46
43
93
110
88
137
188
233
200
256
266
343
379
288
262
247
281
292
237
216
204
223
211
95
53
106
107
9
-38
16
56
49
67
43
70
103
70
62
39
-2
51
112
64
48
-8
-72
-22
-56
-59
-71
-96
-76
-110
-169
-189
-212
-224
-225
-204
-205
-215
-239
-220
-171
-173
-227
-246
-175
-85
-79
-99
-83
-18
32
-3
-37
-34
27
75
38
-12
-24
11
70
54
-7
-16
8
-9
32
17
-30
-7
-1
11
1
-30
-6
-45
-52
-7
-6
-22
-36
27
50
30
13
-8
-22
-43
-7
-6
13
17
9
48
54
92
107
84
33
41
35
-45
-67
-64
-71
-16
-53
-85
-77
-67
-54
7
14
10
29
4
28
91
44
15
34
60
65
38
46
28
52
62
97
94
92
108
77
104
145
154
102
94
123
104
76
34
42
49
100
50
72
34
84
152
79
91
20
50
80
73
68
97
126
120
85
75
65
-5
-1
9
28
21
-23
10
-23
-64
-109
-85
-89
-74
-56
-78
-123
-61
-57
-71
-62
-79
-84
-65
-14
-78
-101
-121
-74
-52
-10
-18
-34
-17
19
-62
-81
-36
-39
-17
-33
-46
-18
31
23
37
31
22
77
31
-26
-9
9
-3
-16
7
39
25
11
6
-57
-57
32
92
21
-17
59
120
100
63
-44
-57
17
-18
-16
-3
-35
-10
-38
-76
-138
-167
-175
-194
-172
-177
-193
-188
-162
-125
-111
-173
-160
-154
-85
-50
-55
-91
-58
27
15
29
9
-29
-15
11
16
5
-19
29
36
5
9
27
12
24
29
-5
-48
-92
-98
-96
-92
-118
-135
-121
-141
-89
-121
-104
-35
14
11
22
41
73
132
121
123
108
92
90
112
114
132
97
115
145
142
115
79
103
21
79
51
-3
-5
109
131
93
84
113
149
151
154
170
149
118
189
166
150
159
176
166
175
181
178
165
118
92
93
53
53
21
7
-42
-33
-27
-62
-107
-96
-54
-42
-9
29
13
-22
-40
-50
-31
-23
18
1
-5
8
13
47
91
76
68
107
103
123
96
81
104
131
125
57
1
8
31
-26
-43
-43
-42
-48
-70
-89
-119
-132
-112
-137
-163
-192
-188
-200
-180
-170
-210
-217
-250
-264
-245
-239
-200
-155
-231
-202
-150
-180
-223
-143
-146
-138
-150
-195
-172
-161
-139
-160
-190
-173
-103
-89
-56
-117
-159
-159
-114
-103
-110
-83
-36
-17
72
65
45
40
68
109
75
73
72
118
120
121
150
190
171
166
147
182
171
139
158
138
104
104
72
40
-13
25
44
24
72
82
83
59
31
39
37
36
15
24
58
74
87
63
42
48
95
111
77
79
121
150
178
118
111
122
158
190
165
152
111
123
164
152
152
187
162
197
220
161
98
137
143
104
140
86
66
74
71
75
-1
19
-21
-89
-73
-38
-56
-84
-130
-129
-104
-98
-119
-113
-96
-60
-45
-59
-121
-82
-77
-103
-98
-117
-150
-142
-68
-106
-157
-127
-88
-103
-107
-98
-86
-104
-44
-29
-121
-110
-81
-53
-45
-69
-87
-44
-34
-78
-64
-60
-38
14
86
66
9
14
25
-8
-10
-20
-46
-70
-55
-65
-105
-155
-206
-195
-175
-203
-252
-288
-296
-247
-248
-261
-321
-312
-262
-261
-217
-172
-165
-170
-147
-116
-134
-150
-123
-123
-102
-45
-88
-56
-6
57
72
82
47
81
133
142
92
78
164
202
210
164
184
164
208
216
222
221
286
323
317
284
255
304
358
316
290
276
284
308
290
278
187
241
245
250
317
217
204
187
137
76
64
46
52
83
138
134
110
105
63
30
12
44
12
0
20
21
-11
-27
-26
-29
26
35
34
-13
-27
9
-18
-88
-142
-94
-63
-49
-40
-68
-77
-52
6
18
-48
-67
-51
-39
-12
-2
-52
-71
-34
-47
-82
-107
-144
-110
-109
-74
-100
-93
-51
-46
-133
-167
-146
-129
-92
-100
-150
-172
-122
-135
-170
-203
-162
-120
-133
-157
-173
-169
-133
-141
-181
-180
-154
-139
-117
-140
-118
-115
-75
-66
-79
-131
-77
-67
-84
-91
-73
-21
-37
-28
-20
-35
0
-18
-16
4
-11
6
-29
-35
-85
-118
-110
-16
39
31
35
84
62
91
21
0
15
33
2
18
-19
45
78
36
46
38
30
102
126
60
43
50
88
78
78
34
70
24
72
68
82
103
89
90
83
42
69
127
180
206
211
216
201
197
205
190
164
182
195
198
143
150
167
178
186
113
85
15
22
0
25
54
29
15
38
71
38
-31
-79
-50
-70
-26
-27
-33
-69
-7
34
-18
-35
-50
-67
-44
-28
-85
-89
-77
-29
13
35
0
-6
18
5
-19
-54
-56
-52
-3
-64
-55
-69
-67
-14
-14
-23
-51
-33
-27
19
57
17
-19
-8
-9
-22
-33
-98
-56
-20
-34
-40
-47
-22
5
-20
-39
-6
-18
18
-8
4
-67
-71
-81
-87
-104
-156
-151
-135
-124
-145
-147
-120
-99
-76
-79
-92
-80
-83
-42
-81
-95
-108
-96
-71
-52
-15
-29
-82
-38
3
-23
-58
-98
-44
-88
-63
-52
-82
-49
-55
-47
-51
-65
-83
-101
-52
-44
14
8
-13
-57
-63
-25
-60
-38
-27
0
10
19
34
0
30
53
33
29
53
120
165
209
197
157
167
156
120
204
241
220
200
240
259
195
185
165
185
154
143
114
86
135
142
139
145
131
140
137
95
123
147
113
87
65
94
34
68
82
51
66
50
29
13
5
-39
-50
-48
-43
-92
-90
-63
-53
-21
-23
-65
-104
-61
-96
-138
-174
-168
-167
-102
-76
-163
-93
-60
-34
-55
-25
-33
-12
-8
-58
-34
-3
43
61
66
68
68
64
78
89
64
43
37
62
33
50
3
-33
-23
-41
-73
-124
-126
-95
-76
-104
-111
-139
-110
-113
-105
-134
-170
-179
-156
-140
-197
-180
-155
-180
-175
-193
-219
-161
-156
-157
-152
-173
-189
-143
-108
-85
-101
-70
-53
-93
-127
-100
-90
-68
-70
-45
27
65
66
85
83
68
103
113
63
69
93
85
98
68
77
101
118
95
58
53
68
109
89
107
132
78
99
92
52
61
42
67
102
110
110
152
181
172
130
133
101
59
12
-5
30
48
51
101
88
43
60
32
16
39
63
30
22
27
-7
-15
-5
8
51
102
133
123
94
129
143
149
167
175
158
187
178
130
105
128
87
124
103
83
90
59
54
77
41
-12
21
2
-1
-3
-7
-28
-28
-20
-10
-38
-50
-45
-33
-18
-22
-34
-48
-98
-73
-74
-99
-120
-114
-123
-76
-75
-111
-119
-145
-158
-151
-179
-193
-221
-188
-190
-215
-211
-161
-143
-135
-147
-121
-101
-129
-136
-138
-165
-164
-162
-157
-159
-120
-136
-179
-160
-148
-178
-193
-145
-128
-137
-127
-78
-58
-33
-24
14
-9
-34
-3
-17
4
-15
-74
-4
26
48
100
63
45
79
78
71
54
85
90
102
108
88
82
41
49
71
130
93
136
112
120
177
86
107
122
114
113
120
121
99
77
88
114
96
110
111
86
126
150
131
96
72
56
81
34
56
76
109
112
80
114
66
115
109
97
116
114
135
123
130
142
111
79
91
90
108
106
75
78
86
110
65
19
-19
-29
-46
-56
-109
-140
-92
-119
-127
-127
-144
-189
-135
-134
-99
-118
-125
-142
-172
-169
-165
-155
-154
-116
-103
-88
-112
-91
-88
-62
-53
-94
-39
7
18
-25
-44
-35
-34
-58
-97
-54
-40
-33
-9
8
28
-4
18
33
31
39
44
41
-10
21
44
8
38
46
23
19
9
-38
-35
-29
-22
-43
14
18
19
26
-16
-10
-37
-30
-22
-76
-73
-64
-73
-48
-74
-84
-59
-96
-65
-62
-83
-94
-123
-90
-46
-52
-58
-9
3
16
29
8
37
63
27
68
77
58
62
131
158
162
164
126
136
205
194
161
155
158
152
149
148
143
140
101
150
124
67
44
52
24
-10
11
-22
-14
-18
-13
-11
-65
-62
-34
-47
-56
-71
-66
-33
-34
-30
-84
-106
-129
-163
-144
-124
-82
-114
-108
-97
-100
-144
-125
-77
-78
-36
-27
-33
-56
-60
-41
-4
-20
4
-3
72
85
53
41
51
68
37
32
37
14
71
39
14
34
44
57
57
43
71
82
77
94
63
51
28
58
10
33
31
42
-7
-76
-76
-66
-55
-88
-41
-6
-5
-46
-63
-44
-80
-72
-81
-99
-75
-24
-44
-42
-47
-61
-52
-70
-36
-37
-29
-6
-19
-5
41
61
43
49
74
13
13
8
6
-4
26
-7
-28
-16
-6
-47
-100
-61
-40
-27
26
62
34
5
35
44
33
7
-7
49
98
89
70
49
48
105
88
105
91
118
124
117
125
59
48
16
25
55
32
24
34
62
86
43
17
7
-23
29
40
5
4
9
44
15
-2
-27
-8
-56
-78
-85
-77
-52
-81
-90
-123
-112
-123
-83
-72
-91
-112
-102
-109
-114
-158
-140
-127
-114
-116
-155
-167
-194
-136
-92
-54
-46
-51
-20
-50
-51
-9
15
34
11
29
36
39
54
39
81
102
107
135
140
154
148
155
177
147
146
125
102
83
83
56
43
64
91
103
84
62
80
58
52
-31
-62
-43
-27
-35
-68
-19
-9
-17
-10
-55
-115
-137
-97
-53
-45
-39
-41
-26
4
-7
-16
-29
-2
-3
-7
22
60
47
29
33
7
37
61
25
20
53
48
18
91
103
49
32
44
71
49
87
72
64
73
61
33
25
22
9
58
66
21
-23
-28
-26
-34
-31
-29
-38
-74
-48
-76
-85
-103
-103
-115
-139
-128
-173
-172
-180
-137
-140
-108
-122
-100
-77
-54
-56
-63
-40
-7
-9
23
16
-23
38
47
60
97
78
94
141
163
132
123
100
87
97
82
114
103
120
57
68
57
51
75
47
64
50
46
-22
-25
-30
-43
-49
-23
-7
-68
-57
-96
-76
-89
-128
-144
-150
-105
-59
-116
-108
-114
-69
-44
-63
-67
-71
-83
-72
-42
-38
-11
-36
5
-2
-4
-34
-5
-39
-29
-26
-52
-18
-56
-31
9
4
5
4
24
69
49
25
40
65
56
39
32
30
36
63
35
10
-16
-19
22
37
30
38
31
60
77
39
41
3
-36
-72
-81
-47
-67
-48
-21
-1
-13
-82
-110
-100
-87
-41
-47
-24
3
-4
11
8
-2
6
34
34
17
-1
19
59
81
62
75
42
85
73
136
130
132
122
91
107
87
80
55
62
39
63
34
50
94
91
60
37
61
80
83
81
122
96
56
109
106
67
65
72
83
91
60
64
74
91
131
153
143
130
159
134
151
152
96
64
78
86
93
83
83
83
41
6
-104
-124
-84
-83
-88
-66
-69
-90
-112
-153
-177
-189
-199
-205
-212
-247
-217
-229
-233
-235
-232
-210
-201
-195
-217
-188
-196
-160
-212
-199
-184
-186
-172
-143
-141
-117
-147
-167
-168
-151
-138
-108
-114
-116
-90
-99
-81
-124
-109
-115
-77
-92
-67
-40
-67
-11
-31
-50
-69
-13
-19
-11
21
18
62
99
87
62
44
38
7
-26
-20
-32
15
41
47
99
82
101
103
61
63
50
21
75
138
168
193
205
212
173
149
120
143
150
184
212
201
184
212
206
204
221
211
204
193
203
164
171
187
190
162
194
158
160
178
153
148
100
121
81
105
89
64
98
69
46
36
43
24
15
25
65
51
44
69
56
37
42
51
59
74
51
24
27
30
-35
-19
-26
-26
-78
-89
-87
-146
-96
-106
-100
-104
-101
-123
-132
-130
-142
-145
-168
-169
-190
-156
-146
-152
-160
-191
-172
-214
-186
-138
-172
-147
-164
-134
-122
-148
-110
-141
-118
-130
-145
-126
-164
-143
-190
-156
-176
-200
-152
-203
-143
-155
-165
-95
-129
-103
-136
-146
-109
-70
-69
-42
11
-20
-5
5
-34
-1
-59
-80
-72
-11
-8
-13
-13
-39
27
21
41
58
0
50
59
0
39
6
56
29
40
46
47
103
97
89
48
39
55
111
107
109
97
136
149
141
142
137
172
192
204
173
197
168
183
175
137
183
186
198
148
146
154
122
187
187
207
200
153
163
136
170
123
156
149
105
137
138
140
153
140
127
57
56
-2
21
-11
-54
-15
-52
19
-61
-53
-15
-64
-51
-66
-52
-81
-45
7
-52
-42
-51
-75
-36
-20
-18
-28
10
-2
-61
-19
-88
-57
-37
-42
-20
-20
18
-39
-4
-18
-104
-56
-110
-90
-106
-65
-26
-48
-47
-95
-82
-91
-100
-109
-133
-119
-141
-151
-124
-134
-124
-157
-153
-212
-226
-193
-214
-186
-193
-209
-183
-230
-198
-212
-206
-206
-229
-164
-215
-155
-136
-135
-103
-120
-109
-140
-119
-109
-99
-80
-68
27
19
54
82
28
66
52
49
48
19
73
57
77
62
74
134
122
140
158
192
167
167
156
122
142
140
146
161
130
155
151
171
147
119
98
104
146
114
143
152
125
173
126
107
103
71
115
77
112
93
112
89
86
118
123
152
132
155
203
187
213
163
120
89
91
112
90
48
51
44
36
2
44
44
78
58
60
55
-15
29
-30
-55
-34
-55
-80
-90
-90
-98
-174
-102
-122
-68
-86
-86
-65
-147
-104
-162
-179
-212
-218
-218
-170
-71
-124
-133
-99
-145
-116
-113
-92
-132
-78
-69
-97
-73
-113
-83
-80
-95
-74
-111
-41
-14
26
16
-13
-5
-11
13
-4
-16
14
-15
13
0
-4
-28
-42
16
-6
-31
-5
-9
29
51
47
0
-37
-14
-66
-36
-42
-63
-27
11
25
-1
36
9
-31
-28
-36
29
-19
12
11
25
10
-22
65
-1
5
28
-10
26
-9
6
16
0
5
-11
-25
-23
-17
-37
-22
-19
-48
-41
17
-5
-6
8
29
-32
-26
-2
-27
-13
-74
-41
-37
-23
55
19
26
-23
-28
-30
-27
48
40
9
33
23
38
3
-10
7
14
86
93
156
143
176
181
153
193
176
153
149
218
221
178
221
198
148
137
177
185
165
166
180
133
127
132
86
78
64
50
47
18
87
36
22
30
-21
6
-60
-68
-71
-88
-91
-95
-96
-115
-110
-111
-129
-57
-61
-67
-71
-84
-82
-104
-84
-103
-114
-58
-110
-98
-110
-104
-125
-101
-18
-18
2
-30
-19
-10
-37
-44
-58
-46
-53
-77
-18
-38
-41
-81
-77
-49
-59
-33
-70
-59
-62
-53
-58
-94
-86
-109
-99
-92
-91
-81
-98
-63
-97
-148
-122
-155
-122
-157
-118
-156
-192
-124
-138
-112
-112
-94
-88
-126
-118
-161
-156
-126
-133
-100
-127
-62
-45
-72
-34
-12
20
37
20
50
36
117
121
137
161
122
170
148
147
154
189
174
180
205
139
190
183
163
193
171
212
160
184
156
107
131
121
167
120
132
152
129
145
97
108
127
89
95
85
68
33
31
50
52
80
34
65
71
46
85
45
73
14
12
11
14
27
-2
7
6
-31
-29
-8
7
-45
-30
-6
-54
-12
-6
39
-3
-5
9
-8
34
43
43
50
14
69
45
55
30
29
19
-21
67
25
15
20
-19
-35
-49
-41
-51
-65
-78
-147
-109
-168
-162
-134
-180
-103
-101
-91
-89
-72
-64
-146
-117
-116
-104
-101
-96
-105
-93
-69
-115
-116
-98
-96
-45
-60
-70
-70
-116
-64
-102
-113
-142
-130
-137
-146
-136
-157
-109
-107
-102
-67
-102
-84
-88
-120
-92
-87
-46
-69
-29
2
-15
-11
-55
-17
4
52
40
22
58
33
70
117
69
91
84
100
64
82
112
111
131
86
146
56
61
80
65
125
126
143
97
94
119
46
83
81
55
83
44
92
15
39
14
-17
36
29
31
50
95
117
76
83
41
80
66
47
90
64
107
102
83
127
85
88
74
101
121
121
157
103
127
48
50
62
50
90
7
50
57
16
59
-19
14
17
-1
33
-14
-10
-18
14
-18
-44
-89
-82
-79
-98
-96
-64
-92
-86
-84
-90
-80
-128
-111
-152
-159
-185
-192
-197
-182
-214
-251
-183
-213
-179
-150
-160
-154
-105
-87
-122
-110
-126
-97
-95
-102
-70
-87
-21
2
11
10
25
35
11
9
30
40
102
92
76
68
94
116
78
87
79
99
99
94
86
64
72
65
73
43
17
15
2
-24
2
-7
2
21
23
-15
-20
-42
-28
-42
-9
26
47
44
51
35
28
27
-31
-11
-3
33
43
26
-5
7
22
4
-15
-3
19
47
79
93
35
98
108
97
89
70
38
46
36
48
96
84
67
117
131
105
67
99
98
96
139
115
91
63
87
60
7
22
-4
-50
-37
-29
-35
-23
-45
-25
-36
-21
-20
-67
-81
-55
-63
-92
-69
-56
-60
-48
-62
-56
-25
-35
-46
-70
-54
-53
-54
-56
-70
-66
-92
-92
-81
-81
-124
-129
-96
-99
-105
-116
-128
-85
-91
-57
-56
-105
-46
-52
-50
-35
-36
-68
-80
-73
-76
-35
-38
-33
-29
-37
-58
-14
-10
-17
-44
-28
17
30
22
41
20
28
30
9
9
21
75
62
86
88
37
27
68
26
25
23
34
6
50
70
44
66
16
33
32
37
75
45
57
78
9
81
65
71
74
54
68
75
82
63
54
66
70
51
46
34
36
52
49
34
65
72
51
19
-2
-5
-39
0
-36
18
38
35
48
30
49
-3
-5
0
-10
18
32
8
35
28
18
36
19
16
27
11
-32
-28
10
-8
-3
-25
8
-26
-52
-39
-31
-22
-57
-81
-73
-56
-101
-110
-108
-121
-88
-98
-97
-93
-44
-74
-55
-12
-23
-34
-89
-78
-20
-37
-14
-46
-43
-22
8
31
55
42
27
43
26
30
13
57
22
55
65
65
47
39
-4
1
27
-10
16
16
18
0
26
5
-20
1
2
-13
1
1
-9
-22
-22
-62
-41
-39
-67
-75
-72
-121
-127
-103
-102
-79
-69
-59
-93
-52
-42
-50
-62
-61
-56
-63
-56
-57
-38
-65
-27
-40
1
21
3
24
38
62
63
82
43
82
104
165
177
170
157
162
162
152
179
190
193
195
188
179
144
143
124
80
134
129
127
125
74
104
93
61
48
54
26
-27
-22
-99
-43
-86
-89
-38
-67
-63
-53
-30
-43
-14
-45
-52
-82
-66
-27
-23
-56
-23
-16
-46
-78
-117
-132
-129
-117
-99
-63
-71
-48
-32
-83
-114
-147
-117
-79
-61
-43
-44
-32
8
-12
-67
-13
-30
-17
-24
-20
-59
-64
-36
-10
-27
20
39
43
49
41
15
-4
-3
-37
-67
-56
-35
-64
-39
-50
-32
-6
-19
-47
-72
-49
-20
25
21
14
2
0
-33
-13
-14
-6
15
8
9
3
11
-10
-27
-21
-15
-9
-10
3
-6
-11
-43
-27
-12
-46
-65
-74
-85
-81
-54
-37
-57
10
16
-28
-8
-29
-25
-26
35
-6
36
35
107
82
37
91
64
68
86
114
101
110
129
99
59
81
70
91
104
85
122
98
72
93
101
87
78
72
38
36
28
68
73
62
16
80
96
85
86
110
61
36
39
45
18
14
37
9
15
5
30
11
36
49
68
58
45
22
2
-15
-17
-13
-8
7
-10
-19
12
19
-26
9
3
-10
-37
-98
-105
-108
-122
-77
-76
-51
-40
-56
-26
-55
-11
-37
-40
-57
-71
-89
-66
-47
-50
-17
18
3
-33
-36
-53
-61
-91
-66
-105
-83
-34
-53
-51
-80
-76
-80
-95
-84
-87
-79
-69
-75
-52
-43
-83
-45
-24
-21
-32
-21
19
-4
-11
-22
-42
-37
1
-69
-41
-23
-21
3
-23
-26
-4
-33
-10
-44
-50
-20
-7
-14
-10
-32
-56
-15
-62
-54
-36
-14
-40
-24
23
25
31
36
51
22
24
22
33
-2
66
22
-1
32
10
13
-31
-9
11
34
57
74
116
134
145
175
126
98
72
60
35
23
53
59
79
108
113
113
123
134
150
163
155
148
121
78
67
58
86
85
63
58
69
45
76
109
102
113
115
67
29
35
20
-13
-11
4
-1
-26
-5
16
-14
-12
-41
-90
-61
-60
-24
-50
-32
-28
-58
-53
-35
-69
-77
-79
-83
-50
-62
-80
-62
-52
-58
-40
-44
-62
-69
-68
-52
-73
-86
-80
-133
-81
-73
-113
-101
-107
-124
-97
-114
-103
-79
-83
-90
-86
-75
-83
-38
-81
-90
-112
-95
-97
-71
-50
-29
-23
-36
-18
-20
8
4
8
-12
-4
41
18
50
102
44
16
-3
-6
-14
27
11
11
31
-39
-36
-32
-59
-80
-94
-72
-64
-57
-48
-44
-48
-15
-64
-68
-44
-34
-48
-74
-49
-30
-11
-6
3
13
39
61
72
97
154
151
125
159
156
122
125
116
107
111
109
106
117
98
105
135
140
150
180
169
184
198
151
130
188
137
174
170
152
113
110
143
131
135
120
129
133
157
148
137
106
97
65
35
9
3
-1
2
-1
-4
-3
-3
-10
-30
-74
-29
-53
-18
-40
-37
-23
-20
-49
-73
-75
-116
-119
-131
-107
-135
-91
-89
-115
-72
-87
-82
-89
-107
-103
-105
-137
-145
-178
-183
-191
-190
-182
-180
-188
-161
-166
-136
-123
-90
-62
-89
-103
-80
-99
-112
-90
-80
-64
-57
-78
-86
-76
-82
