116
102
-97
-194
-158
-194
-127
-46
-84
-176
-122
-100
-133
-106
-138
-58
-23
9
41
162
148
64
-59
-30
11
35
-9
134
256
227
136
111
184
150
186
228
266
376
415
335
126
-56
-11
-26
-117
49
-57
10
60
-96
37
125
75
-37
-169
-143
-243
-328
-192
-180
-285
-319
-241
-148
-78
-41
-12
24
23
1
133
103
40
41
-112
-107
99
128
124
137
112
204
172
251
371
218
15
-78
-121
-82
-66
-83
-112
-67
-50
24
-37
-36
128
67
50
181
139
181
232
228
125
167
231
131
-66
70
102
-20
-53
-49
-120
-106
-120
-129
-65
-15
-147
-263
-209
-372
-386
-250
-129
-81
-179
-234
-340
-493
-483
-316
-197
-62
169
114
105
214
41
18
21
-95
-60
-160
-83
-37
148
359
329
271
124
172
159
-12
-172
106
110
20
-61
-93
-264
-127
-74
-99
-78
-130
-8
20
172
80
45
232
212
126
-104
-146
-52
-140
-231
-148
-267
-255
-139
-34
-70
22
211
347
328
226
128
-70
-73
-63
-62
23
116
22
-81
-123
-81
-148
-164
17
90
152
60
-51
-98
-122
-88
-46
-35
29
-28
-205
-249
-171
-43
42
14
-123
-161
-138
-153
-103
-204
-55
131
252
301
337
210
19
-61
52
58
16
-33
135
234
359
422
324
163
2
-37
-162
-197
-107
19
84
123
92
35
0
131
216
224
58
-117
34
53
123
143
64
-46
61
60
-46
-48
-80
-4
164
222
202
44
40
173
254
140
94
96
135
89
-12
5
-125
4
-70
105
281
262
91
44
-82
-161
-97
-142
-177
-192
-136
-52
44
62
-50
-159
31
24
-122
-315
-287
-314
-361
-325
-297
-224
-169
-70
-118
-150
-84
39
156
231
241
175
128
86
-62
-4
45
42
-66
-180
-197
-174
21
-58
-4
-16
17
87
15
-21
29
15
-49
-17
-92
-151
-212
-242
-233
-295
-219
-98
-218
-290
-86
-12
167
390
469
279
54
-25
-117
-132
-169
-225
-106
33
11
-50
-150
-46
-70
27
35
35
301
58
55
-70
-201
-293
-154
-16
4
135
226
290
208
185
131
96
35
142
292
400
258
337
223
330
348
233
262
222
280
230
183
23
67
-175
-63
119
50
30
-9
87
38
103
43
-115
0
35
37
70
113
99
44
20
-79
-247
-244
-132
-27
71
-6
9
37
-157
-309
-257
-314
-382
-138
-112
-164
-113
-23
-11
-95
-207
-81
-23
-85
-20
133
242
60
7
-153
-124
-150
-213
-90
9
-27
-10
-83
-58
19
4
-90
-211
-208
-184
-196
-120
-12
-70
32
-37
-96
-149
-21
172
158
84
-66
-132
-53
36
151
47
68
28
94
152
146
55
21
-40
-67
-203
-336
-237
-158
4
99
51
-7
12
-4
-30
44
-2
-5
-4
-125
-144
-160
-242
-80
51
-75
117
141
143
-58
-6
-108
-186
-380
-284
59
-24
-132
-189
-18
92
91
73
7
71
166
145
228
40
-53
17
-43
83
123
113
210
290
239
177
210
306
130
72
151
101
207
254
243
208
144
81
-31
143
214
253
247
163
169
103
97
28
-57
-30
-145
-44
-42
71
114
150
363
449
627
435
155
146
-103
-135
-89
-65
-41
-34
71
27
6
-28
-120
-79
-36
-51
-126
-71
-31
-49
-114
-227
-152
-140
-110
-210
-187
-261
-280
-228
-91
-56
-61
-25
-88
-88
143
115
21
89
-34
-44
-74
-184
-178
-73
8
61
44
-134
-224
-180
-193
-231
-290
-137
-148
-256
-291
-263
-168
-6
6
-9
-87
-63
32
80
47
28
-44
-58
-31
-56
-65
-80
-6
-87
-72
7
-14
-105
-185
-159
-71
59
142
41
-38
-92
-156
-100
-39
79
218
216
209
-63
-245
-226
-182
-33
75
43
89
111
154
124
76
17
55
82
-1
55
114
160
310
183
101
-38
-153
-110
22
61
-20
108
149
224
172
255
330
253
212
195
89
17
19
-121
57
10
-142
-151
-207
-169
-139
-75
-36
44
33
-54
-215
-185
-154
-127
-12
80
288
231
81
-57
-159
-292
-195
23
91
230
101
9
-35
167
259
265
302
250
269
171
11
-70
-73
-78
-2
48
83
218
328
325
242
171
18
-39
-42
45
4
-75
-133
-212
-258
-235
-26
8
23
-167
-202
-136
-59
23
38
-1
-62
-277
-238
-100
-79
-192
-311
-237
-167
-279
-96
28
28
98
21
91
133
140
188
45
-36
21
-19
-4
-29
90
70
50
195
213
180
234
115
-125
-122
-183
-91
-200
-209
-90
-176
-271
-230
-125
13
58
-48
16
-35
-27
132
64
69
36
66
-31
-134
-90
-64
-15
73
271
369
278
259
263
159
136
117
59
-88
-152
-175
-303
-309
-204
-103
-45
-64
-70
-118
-292
-179
-158
-258
-219
-196
-277
-234
-121
-80
73
-15
16
-25
30
176
208
297
249
97
125
72
33
-32
-95
65
25
-127
-329
-350
-129
168
76
153
244
327
291
315
309
162
81
180
310
188
244
236
346
199
-6
-73
-149
157
303
356
421
373
298
212
50
-214
-318
-286
-158
-108
-184
-5
-33
-41
70
55
24
-70
-73
-214
-167
-125
-59
-82
24
51
-69
-143
-341
-267
-237
-167
-131
-163
-55
-52
31
60
-37
-61
-87
-52
3
-117
-235
-73
-36
-30
81
187
13
189
296
245
374
378
346
192
-106
-68
-88
-219
-55
21
33
-21
-60
-58
-150
-183
-110
-112
-39
51
-87
0
93
14
-88
-141
-191
-301
-331
-359
-309
-117
-2
58
-36
13
-57
-203
-228
-171
-241
-305
-108
-88
-131
-180
-196
-318
-380
-321
-100
-190
-146
-108
-31
74
-47
-167
-132
186
281
310
259
265
256
184
232
186
114
-35
0
110
195
282
147
230
350
347
294
255
190
213
185
245
241
176
150
132
121
11
41
139
116
250
259
164
95
-88
114
85
68
-99
112
163
-13
-41
46
91
7
-101
-337
-372
-300
-205
-228
-115
-78
112
56
-75
-256
-335
-266
69
275
173
108
128
243
204
173
56
48
46
16
-85
-10
124
202
250
190
120
0
-41
-64
3
-84
34
-12
-27
-12
-158
-173
-297
-146
-88
-53
-48
-100
-63
-128
-59
-57
-24
-27
1
-30
-153
-173
-156
-98
9
15
-50
-23
-31
-27
-153
-223
-389
-322
-98
6
78
38
-40
-88
-97
-72
-171
-136
-15
-129
-202
-302
-177
101
261
356
270
16
121
151
109
-102
-99
82
-14
-51
-149
-64
73
124
18
-65
-173
-88
-63
-5
162
168
314
174
91
41
-107
-104
-119
-41
-79
-34
-36
-88
-9
96
358
505
453
264
242
158
78
70
60
105
61
155
71
24
66
120
212
74
29
19
-53
89
-21
-92
-88
-41
9
25
19
-90
-136
-165
-190
-412
-437
-311
-207
-185
-145
-92
-89
-64
-111
-11
29
22
-92
-209
-269
-193
-51
-68
24
42
125
123
128
-100
-99
-137
-149
-43
-148
-49
76
174
275
302
173
47
28
168
46
-150
-153
-29
51
5
-36
-129
-118
1
-177
-149
41
144
153
160
138
206
290
199
85
-53
-147
-287
-272
-70
-207
-87
18
77
85
123
209
139
224
198
226
101
60
206
174
105
-21
-62
-21
75
96
109
183
311
128
99
224
143
66
13
-13
-107
-188
-122
-90
-41
8
158
24
69
52
-175
-287
-306
-203
-241
-207
-87
-87
-10
58
-129
-297
-246
-36
-48
-51
30
-25
151
60
111
144
-87
26
203
232
156
267
257
201
51
43
-56
-82
102
171
150
291
270
94
156
94
13
-152
-149
-148
-139
-190
-325
-51
107
58
55
-10
-117
-208
-238
-188
-11
44
27
18
-46
-170
-135
-174
-118
-235
-319
-396
-513
-548
-387
-250
-338
-198
-194
-262
-296
-123
15
-29
-138
-320
-223
-38
138
205
200
253
232
152
3
-64
-8
83
172
146
281
371
377
424
254
234
225
245
376
353
273
436
350
59
4
9
112
235
378
333
220
2
-115
-103
28
92
88
162
-26
-24
-164
-275
-231
-231
-176
-72
39
26
38
51
-88
-222
-271
-396
-287
-107
12
-4
17
8
-8
190
267
157
21
41
-113
-277
-129
-174
-203
60
42
86
65
15
0
100
76
190
108
-29
-86
-198
-104
-202
-4
69
235
337
235
56
-262
-182
-110
-131
0
39
85
224
306
272
131
-58
-103
18
19
-33
-28
-5
45
-116
-261
-296
-215
-181
-104
-181
-153
-41
-82
-129
-168
-115
-167
-75
-35
77
-1
-27
-83
-282
-402
-409
-267
-346
-301
-339
-170
-175
-120
-211
-196
-126
-89
163
231
255
184
210
75
46
145
149
161
117
147
259
323
204
172
260
245
232
174
138
201
274
215
193
86
39
9
38
80
94
111
80
113
-44
-132
-212
-319
-286
-192
-73
18
73
51
237
249
330
273
97
47
84
102
106
92
224
88
152
133
-86
12
-94
-262
-283
-135
-64
99
195
144
-31
11
-27
-129
-206
-310
-256
-222
-40
-68
-89
-124
-42
45
-66
-123
-59
228
272
211
256
369
303
265
265
116
-62
-71
-92
-128
-81
-132
-107
40
-1
79
-18
-71
-192
-196
-266
-195
-106
-95
-47
-50
55
33
-25
-42
-38
120
239
94
75
126
25
-53
-17
-8
103
70
96
142
116
107
133
133
117
99
-4
-33
-50
-230
-358
-372
-259
-94
-59
-62
-144
-92
19
36
-70
-169
-114
134
62
-187
-185
22
-12
-201
-332
-342
-241
-105
-31
-108
87
254
167
-221
-284
-295
-304
-191
-132
-77
-134
-97
-37
38
122
317
286
178
217
145
18
-142
-222
-130
-124
-95
-86
-233
-147
5
-84
-249
-212
-186
18
22
-55
43
46
66
185
194
261
439
322
275
128
79
274
280
372
360
387
269
81
113
70
126
55
100
165
38
-87
-124
-91
-99
-67
-75
-91
-14
-31
-198
-180
-129
-86
-12
-53
-42
40
98
25
84
189
-52
-100
-45
-28
-146
18
244
43
12
122
180
97
116
239
173
242
156
109
12
56
152
-50
63
205
208
346
171
-33
-16
-41
-7
16
68
153
160
90
-139
-88
-93
-129
-26
-66
-65
-111
-134
-147
-183
-89
-157
-317
-440
-292
-115
-39
-151
-169
-299
-222
-11
-159
-231
-323
-212
-125
-65
-150
-308
-135
-75
-1
-10
170
261
241
111
-120
-219
-311
-239
-81
16
94
63
9
112
102
-44
-72
-133
-269
-152
-36
-69
-99
74
209
188
200
141
4
-38
-46
71
40
123
207
267
152
169
153
218
198
113
203
71
97
-91
-89
-96
-97
-220
-298
-240
10
112
18
141
40
107
148
164
155
125
160
4
-32
-52
-101
112
189
139
182
211
298
39
20
135
224
216
125
6
-117
-16
139
32
-155
-179
-117
63
115
-71
-155
-86
-3
16
-42
49
97
79
176
88
-70
-66
39
84
31
1
3
-3
-193
-251
-184
-5
27
41
148
-182
-285
-251
-171
-163
-132
-22
-35
49
96
2
-120
37
0
4
4
-159
-183
-101
-24
-95
-95
-161
53
82
-76
190
131
121
-59
-137
-84
-99
-69
-110
-97
-169
-86
-1
-109
-57
39
-95
-8
88
139
35
97
121
-3
16
100
-126
-96
12
11
0
-135
-184
-125
-86
58
-14
-72
71
43
198
119
85
172
73
-35
-117
-113
-41
69
106
121
87
107
42
38
61
-61
-22
19
-95
-62
42
55
222
322
220
109
86
-50
91
13
-123
-242
-401
-250
-110
-65
-156
-80
-115
-90
101
180
318
237
154
-137
-257
-350
-91
114
171
210
134
67
-100
-180
-253
-203
-126
-184
-222
-231
-126
82
152
147
102
191
177
134
166
9
95
95
-36
-12
92
74
-21
-83
-139
-59
168
256
266
281
229
287
290
129
-13
-141
-128
-122
-28
-30
-51
-46
-35
-52
29
117
67
43
-75
-143
-7
118
126
69
59
-48
-156
-209
-141
-30
80
203
181
127
-17
-79
-14
158
96
20
-6
81
-72
-70
5
-18
17
24
23
79
70
2
-94
-102
-113
-157
-109
56
224
341
296
83
-5
-153
-49
-65
-79
139
164
289
393
155
69
-34
-208
-44
-81
-201
-189
-298
-133
-149
-60
-47
-62
-56
-11
-59
-114
-145
-291
-105
-20
102
38
30
154
4
-146
-212
-87
-60
-153
-62
-265
-444
-419
-369
-457
-747
-674
-485
-374
-213
-79
15
115
215
338
407
513
436
281
139
65
28
102
172
1
-74
-155
-176
-179
-388
-614
-591
-517
-445
-345
-159
97
241
486
608
427
556
672
581
578
532
633
414
184
120
-140
-124
44
66
-55
-219
-283
-441
-460
-324
-271
-311
-102
-142
-10
138
248
553
549
368
480
392
554
395
341
350
317
404
170
26
12
-249
-410
-739
-802
-752
-655
-450
-249
114
-12
160
285
336
751
765
541
883
556
680
532
595
702
335
457
342
131
8
-279
-410
-615
-920
-853
-1010
-969
-728
-678
-568
-549
-393
-378
-267
-234
-56
55
199
485
487
438
577
626
784
669
543
381
122
74
-179
-411
-335
-370
-453
-690
-805
-624
-688
-583
-585
-440
-270
-171
92
167
212
437
535
735
762
558
500
446
541
431
308
51
-207
-395
-434
-513
-615
-643
-815
-797
-965
-973
-751
-639
-353
-195
-89
53
277
338
377
545
604
696
558
536
518
456
479
445
385
157
-47
-428
-608
-741
-724
-555
-378
-445
-638
-759
-729
-604
-465
-111
183
413
713
727
871
844
1064
-135
178
1454
1239
988
949
298
142
-167
-806
-219
-503
-641
-289
-297
-622
-217
-60
-309
-260
-160
-309
-683
-233
40
164
470
507
634
843
607
325
279
472
351
8
-175
76
210
17
119
-104
-169
-76
-180
-395
-499
-388
-87
-146
-171
-68
-12
159
-98
482
434
306
518
314
321
852
519
554
727
149
227
259
-6
120
-261
-375
-218
-101
-447
-359
-342
-446
-368
-444
-587
-605
-316
-139
-28
94
37
-67
-95
-11
4
-54
-91
-95
5
59
-97
-126
55
48
254
-110
-477
-551
-460
-446
-386
-351
-366
-224
-183
-328
-386
-381
-341
-258
-256
-248
-220
-151
75
42
245
282
194
158
68
-72
-153
-102
-49
-118
-163
-44
37
65
20
62
-18
-91
-229
-186
-45
-28
-6
106
223
214
382
314
305
270
78
-24
-69
23
311
474
311
260
352
423
259
76
262
266
318
151
-104
-64
-77
-124
-171
-295
-223
-103
50
357
262
161
196
264
479
459
271
237
281
219
231
106
292
351
205
108
-6
-84
-25
1
1
35
-118
-221
-497
-456
-230
-206
-2
-67
-19
-122
49
12
63
246
352
371
232
92
-152
-102
-37
-162
-122
-118
-262
-242
-360
-471
-396
-367
-213
-100
-16
9
126
113
75
-116
58
11
8
33
150
160
266
139
-199
-171
-181
-110
-95
28
15
-1
-110
-131
-129
-187
-319
-383
-330
-83
-68
104
150
152
72
16
81
67
107
341
301
360
249
270
189
18
45
-88
-192
-94
8
114
60
44
7
-377
-481
-407
-313
-330
-137
115
156
105
-2
-49
11
91
273
295
112
93
162
156
108
-42
57
68
-57
-287
-212
-164
-104
-121
-256
-311
-498
-365
-275
-240
-137
-49
-18
204
100
187
310
241
339
87
36
70
146
221
204
216
125
60
-31
-152
-248
-320
-269
-152
-110
28
-53
104
5
-126
-50
-108
-131
-60
166
141
-115
-123
-177
-156
-118
-11
-7
230
486
410
335
237
261
8
52
-27
-6
103
53
-90
-111
-33
-218
-123
11
-6
-73
17
58
-45
-103
21
-27
137
288
360
327
179
20
-147
-69
99
142
114
82
58
36
98
208
132
238
160
-94
-199
-136
-26
-236
-12
65
-149
45
-153
-25
-24
77
107
124
30
178
178
283
379
266
260
51
152
46
53
-93
-39
-43
-49
-103
-132
-205
-345
-292
-436
-517
-631
-292
-278
-176
-372
-51
-268
417
169
167
200
-265
28
101
-8
-49
73
-405
312
-381
2
-75
78
67
-217
-924
-652
-679
-47
171
243
423
168
-24
21
-77
-203
-55
183
136
50
254
347
622
501
536
418
370
335
243
112
95
-197
-141
-253
-100
-249
-158
-407
-349
-305
-334
-443
-369
-266
-430
-258
-456
-281
-412
-224
-167
-82
-23
195
-17
-91
-75
-154
-133
142
-55
373
142
100
224
115
301
605
323
394
387
417
667
595
777
691
804
972
685
633
762
688
923
719
690
683
626
513
417
294
218
49
-252
-67
-272
-235
-542
-297
-801
-669
-1049
-969
-1120
-899
-996
-982
-954
-1259
-1187
-1101
-1020
-977
-805
-1127
-1075
-1830
-1565
-1871
-1840
-1598
-1485
-1519
-1118
-1118
-432
135
698
1285
1937
2504
3144
3576
3908
4290
4707
4992
4936
4898
4704
4330
3687
3259
2706
1914
1260
396
-628
-1557
-2586
-3407
-4312
-4960
-5432
-5732
-6108
-6269
-6507
-6531
-6307
-5804
-5479
-4835
-4329
-3610
-3360
-2804
-2611
-1759
-1474
-156
-91
1333
2402
3404
4500
4624
4874
5746
6202
6611
7411
6728
7411
7040
6653
6432
6035
5884
5496
4788
3335
2395
1002
69
-755
-1828
-2587
-3010
-3818
-4439
-5275
-6293
-6150
-6614
-6433
-6371
-6482
-6230
-6375
-6607
-6537
-6272
-5421
-4613
-3879
-3418
-3138
-2596
-2267
-1583
-989
-596
428
790
2262
3193
4256
5147
5372
5615
6747
6978
8105
8308
7878
8039
7233
7161
6790
6484
6069
5792
4794
3895
2587
1225
234
-1025
-2155
-2910
-3805
-4451
-5013
-6246
-6747
-7316
-7694
-7486
-7839
-7670
-7482
-7602
-7304
-7130
-6486
-5479
-4521
-3525
-3141
-2777
-2439
-2020
-1360
-500
131
1223
1182
2010
1765
2675
3657
4335
5648
5632
6075
6658
7084
7289
7820
7303
7702
7398
7070
6472
6055
5613
5262
4568
3552
2560
1624
723
-211
-1277
-2261
-3207
-3625
-4557
-5470
-6394
-7334
-7649
-8171
-8487
-8523
-8506
-8056
-7264
-7081
-6297
-5692
-4992
-3644
-3366
-2816
-2128
-1613
-727
59
223
1239
1747
2184
2336
2699
2313
3477
3945
4698
5487
5520
5532
6123
6287
6615
7244
7063
7383
7150
7042
6464
6290
5862
5574
4981
4098
3041
2335
998
249
-867
-1896
-2907
-3629
-4860
-5681
-6959
-7728
-8141
-8315
-8374
-8005
-7824
-7452
-7064
-6932
-6281
-5698
-4872
-3676
-3027
-2245
-1881
-1354
-979
-89
342
1169
1849
2237
2411
2317
2198
2315
2965
3714
4559
5359
5508
5284
5156
5375
5533
6429
6327
6728
6713
6333
5725
5269
4841
4749
4598
3874
3459
2541
1390
463
-794
-1823
-2679
-3317
-4110
-4746
-6338
-7243
-8037
-8136
-8281
-7657
-7441
-6666
-6507
-6093
-6047
-5359
-4585
-3743
-2498
-2408
-1699
-1681
-891
-419
133
749
1224
1957
1994
2193
1905
2018
2135
2479
2860
3682
3918
4583
4431
4190
4657
4524
5538
5826
5764
5860
5864
5774
5881
5941
5859
5894
5728
5073
4292
3133
2271
1367
245
-865
-1848
-2890
-3690
-4844
-6001
-7152
-7558
-7613
-7508
-7094
-6664
-6621
-6395
-6084
-6020
-5495
-5099
-4646
-4098
-3998
-3451
-3129
-2608
-2078
-1388
-954
76
234
653
1173
849
1728
1986
2118
3041
4086
4132
5556
4975
5066
5358
5574
5813
6482
6239
6602
6527
6376
6511
6242
6374
6269
6303
5686
5087
4111
2851
2075
777
-251
-1085
-2436
-3705
-4795
-6690
-7258
-8180
-8536
-8124
-8197
-7761
-7610
-7564
-6864
-6755
-6361
-5897
-5885
-4681
-4502
-4378
-2917
-3170
-2089
-916
-1142
192
746
697
1553
1576
1750
2280
2642
2789
3706
3628
4368
4732
4794
4774
4941
4716
5328
5735
6311
6460
6500
6480
6379
6480
6429
6598
6637
6249
5873
4786
3896
2924
1813
975
-611
-2023
-3083
-4934
-5823
-6776
-7993
-7914
-8515
-8058
-8324
-7750
-8238
-7128
-6875
-6722
-6254
-6067
-5521
-4600
-4376
-3269
-2883
-2053
-815
-311
639
1415
2211
2854
3597
3413
4130
4478
4583
4942
5254
4429
5029
4407
4773
5038
5174
4895
5139
4957
5252
5366
5617
5534
5599
5423
5107
4844
4247
3844
3189
2855
1780
1236
251
-572
-1793
-2592
-3788
-4956
-5947
-6821
-7259
-7468
-7997
-7847
-7626
-8044
-7185
-6961
-6271
-5350
-4976
-5056
-3375
-3200
-2322
-753
-796
-37
719
492
2153
2434
3016
3211
2787
2838
2916
2922
3171
3138
3163
3129
3126
2781
3097
3096
2704
3134
2898
2736
3459
2543
2317
2311
2057
2097
2432
1667
1595
1451
591
813
407
542
701
615
453
-141
-400
-1108
-1406
-2082
-2509
-3207
-3682
-3963
-4893
-4649
-5182
-4566
-4560
-3570
-3548
-1689
-2258
-1416
-1030
-1153
146
627
-93
938
148
-582
741
-206
278
1230
-150
606
1111
153
1534
836
592
1303
1124
997
1832
570
1476
1187
748
942
1008
1066
1659
1607
1202
1245
1111
1193
1682
1970
1507
1785
1670
1612
2032
1910
1846
1899
1337
1170
506
-195
-693
-879
-1320
-1150
-1417
-1543
-1155
-1736
-1727
-1214
-2112
-812
-760
-924
-574
-335
-1449
-271
-1396
-1759
-187
-2506
-1910
-1438
-3002
-1684
-1077
-2631
-389
-1711
-1601
47
-541
-310
1640
-138
867
1550
323
1229
757
159
1333
536
302
863
7
635
908
519
1164
875
352
687
343
351
480
98
673
671
1015
914
1063
1303
1548
1904
1712
1731
1684
1605
2192
1401
1884
1226
1257
141
857
-694
-54
-271
-297
-236
-606
-700
-627
-730
-991
-428
-1664
-612
-1622
-1796
-1529
-2240
-1964
-1084
-2657
-1267
-1897
-1880
-819
-1692
-1471
-1285
-1830
-1321
-915
-1631
-422
-1742
-871
-1656
-1718
-1418
-1291
-1806
-649
-500
20
1039
272
1283
1115
2064
1859
2830
2906
3230
3851
3567
4335
4221
4608
4497
4796
4332
3970
3607
2793
2616
2606
1520
1603
396
93
-32
-976
-1088
-1066
-1881
-1499
-2128
-2157
-2225
-3447
-2436
-3131
-3200
-2870
-3973
-2555
-3104
-3151
-2534
-3783
-2916
-2085
-3055
-1555
-2511
-2669
-1220
-2520
-2002
-1084
-2135
-1212
-648
-1392
-312
32
-228
965
794
1015
1608
1779
2554
2982
3812
3304
3675
3561
4119
4135
4580
4533
4400
4623
4423
4418
4477
4761
4562
4663
4372
3421
2782
1925
730
791
-353
-830
-1155
-1664
-2688
-1618
-3527
-2818
-2706
-2902
-2622
-1654
-3692
-2163
-2551
-3889
-1531
-4130
-3223
-2819
-4662
-3885
-4187
-4751
-3800
-3808
-4045
-2965
-3706
-2731
-2245
-2236
-1146
-1010
-258
-238
751
1294
2104
2372
2708
2934
3973
3972
4610
4949
4708
5842
5622
5493
5667
4949
4654
4300
3983
3377
3096
2216
1809
1223
683
728
407
426
374
-146
-576
-904
-1518
-1336
-1731
-1838
-1914
-2394
-3188
-3049
-3732
-3797
-3330
-3753
-3442
-3535
-4148
-3610
-3632
-3473
-2793
-2904
-3114
-2419
-2193
-2611
-1070
-1231
-966
243
-934
733
520
1397
1342
1980
2561
2128
3737
2968
3208
3321
3038
2878
3082
2329
2546
2196
2084
1196
1784
1111
1194
1682
547
498
154
-140
7
-268
-143
-596
-563
-895
-665
-761
-804
-368
-90
-58
268
320
208
-183
386
-268
276
-165
-395
-749
-1002
-1730
-1229
-1446
-1677
-830
-1035
-1044
-776
-806
-1027
-477
-603
-462
25
-811
-1103
-513
-787
-505
527
-451
373
570
328
1007
1079
206
1620
428
215
156
-504
169
-875
-793
-812
-1738
-541
-1290
-936
-815
-1021
-395
-312
-312
23
-1
459
1087
1187
2193
1552
2070
2136
2364
2557
3019
2416
3016
2796
2440
1925
1756
980
1233
334
510
49
-800
-598
-1331
-1848
-447
-2039
-338
-1084
-1279
-341
-1190
-519
-476
-88
-812
-227
-1337
-487
-1123
-1462
-1725
-1801
-2407
-1499
-1288
-2504
-1474
-2623
-2147
-1142
-1643
-1317
-1582
-894
-1029
-420
-713
-291
-126
780
-239
1123
658
655
2731
1764
2691
2946
2307
3071
2961
2670
3187
2240
2954
2698
2303
3031
2268
2868
3014
2522
2596
2104
1475
1545
1200
667
268
270
-299
-240
-672
-1433
-1296
-1690
-1572
-1548
-2064
-2184
-1712
-2652
-2390
-1773
-2863
-902
-2175
-1891
-1018
-3097
-1754
-2987
-2810
-1566
-2138
-2148
-931
-1988
-1118
-610
-1506
607
-27
528
1869
807
1388
1673
1406
1979
2259
1699
2476
1427
2072
1653
1813
2158
1980
2110
1368
1815
2013
1623
2054
2222
1653
2226
1748
1415
2701
1555
2411
1795
1270
816
979
260
-529
128
-1143
-923
-703
-2308
-1967
-2686
-3317
-2543
-3194
-3060
-2451
-3363
-2734
-2932
-2148
-2581
-2281
-2255
-1727
-1571
-1702
-1007
-1294
-1748
-148
-1425
2
277
-233
444
177
-37
1632
972
772
1345
599
936
1105
603
941
969
1559
288
952
724
562
2327
893
1606
1497
823
2201
2192
1869
2081
1741
1616
2266
1410
2460
1223
1507
1122
1376
751
998
-409
-204
-1178
-418
-1480
-830
-1263
-1596
-1449
-1631
-1901
-910
-1893
-466
-1150
-810
-1903
-790
-1441
-1073
-728
-971
-1012
-290
-2188
-1329
-418
-2151
87
-1539
-1712
-221
-1942
-908
-1020
-1832
-300
-928
-1007
-184
-900
-419
-274
-1448
916
-706
1112
315
291
1920
2140
2528
3246
1503
2890
2390
2391
3116
2314
2795
2761
2491
2957
2787
2895
3384
3142
2269
2735
643
1141
757
258
284
116
-1029
330
-2179
-1427
-2739
-2820
-1928
-1522
-2088
-1222
-3831
-2126
-2585
-2435
-1236
-2487
-2065
-1918
-3818
-1671
-3836
-2258
-2727
-3054
-1102
-3545
-2112
-1954
-2545
-141
-1185
-1816
826
-1700
1416
656
277
2349
755
1874
1790
1475
3008
2679
3348
4414
2986
5241
3593
4538
4548
3880
4451
3538
3983
4041
3087
4034
2889
3104
2948
2223
1812
817
-66
-371
-466
-1368
-946
-2735
-1379
-2775
-2420
-3111
-3501
-3756
-3723
-3324
-3905
-3793
-5142
-3843
-3663
-4031
-3606
-3565
-4120
-2152
-4305
-2895
-2161
-3270
-1208
-1070
-1380
236
-1405
308
11
1096
1102
1474
2490
2100
3292
1906
2263
2631
3687
3454
4572
3471
3407
3753
3956
3537
3448
4237
2909
4611
2927
3656
2923
2404
3366
2482
2782
1753
820
988
441
-1162
-186
-2920
-1439
-1519
-3214
-2740
-4385
-3803
-3924
-3361
-4523
-4531
-4897
-4420
-4040
-4740
-3236
-3725
-3195
-3456
-1989
-2565
-1207
-1918
-1295
-1518
-1232
-755
-5
-841
934
362
483
1515
280
2294
2308
2703
2817
1985
1958
2925
2719
2639
2409
2312
2621
3141
3147
2513
3336
3331
2423
3111
1834
2297
2826
1742
2015
1272
99
1039
889
703
461
-337
-1142
-1522
-1814
-2472
-1793
-2205
-3289
-3329
-3343
-3228
-2988
-3482
-5722
-2399
-5289
-1772
-3260
-2922
-3613
-2554
-2243
-2264
-146
-1508
126
88
-1301
791
-119
12
1294
1316
542
2510
671
1215
3362
577
2969
1491
2152
1915
1184
832
2277
-445
2045
1473
689
3384
813
944
149
1076
518
2098
383
887
920
-284
1195
736
1223
1047
1997
518
164
-121
-1292
-738
-1353
-106
-1376
-1490
-2010
-2242
-999
-2620
-1773
-2541
-2209
-1182
-3691
-496
-2384
407
862
-2143
2042
-2017
1180
1352
-1485
1759
-79
753
824
-268
438
554
-2210
1714
-2264
1597
-978
-1140
-18
-2395
233
138
-1774
997
-1671
-788
1212
-2437
1596
-786
-1517
3139
-244
1783
766
731
1846
1700
2721
2410
1587
3336
2400
2327
2229
1120
1470
1221
618
1342
-660
402
-504
110
-1120
-245
493
-649
-444
-502
-976
-854
246
-1644
401
-793
-417
104
-2991
1435
-2374
-791
-1134
-2004
264
-1244
-2797
-389
-2204
-2200
-113
-2812
-2089
-1338
-2249
-2996
-822
-3327
-1666
517
-707
294
-733
-1344
764
1397
1736
2989
285
1731
2830
2888
4305
3731
4604
5154
4243
4712
1907
2634
2801
2266
3050
890
743
641
151
-396
79
-451
462
-58
-675
-1853
-1515
-1124
-2357
61
-151
-1522
-1550
-2423
-2071
-2107
-2149
-3421
-2180
-3502
-3308
-1913
-3735
-3442
-3609
-1837
-2622
-638
-3922
-3581
-3687
-1362
-1382
-342
524
-541
-487
201
212
2504
3641
3833
4125
3673
4019
5082
5235
6428
6609
6953
5956
5213
3647
3484
2526
2980
2146
1290
691
-670
-1646
-1602
-2209
-1359
-2103
-3037
-2501
-4282
-3748
-3546
-4904
-786
-3539
-2674
-2214
-3521
-2200
-2559
-4147
-445
-3000
-2366
-3093
-4056
-2430
-2608
-1826
-2163
-957
-897
-1669
-1656
394
-367
2030
2903
663
2604
2604
2419
5416
4634
5482
6257
5338
6722
6953
6894
6830
7089
6912
5740
4077
3143
1739
1345
2229
-725
-920
-2764
-4202
-4162
-5208
-5204
-5694
-6117
-5938
-5988
-7837
-5577
-5990
-5215
-3512
-4270
-3656
-3182
-2367
-2074
-2182
-2352
-2070
-271
-1427
-64
-2415
-2444
-106
-958
2439
699
-1044
2318
1388
3660
5916
2711
3175
4525
4043
6882
7661
6371
7153
6315
7169
7756
7600
7847
6537
7950
4396
3788
2083
181
647
277
-1825
-3231
-5431
-6300
-6615
-6782
-7665
-7659
-8386
-7937
-8151
-8289
-7738
-8210
-5254
-4141
-4684
-3222
-2962
-4358
-380
-906
-1806
1963
-60
1258
227
144
-912
1655
2924
783
2794
678
1890
4038
6664
4194
5872
3671
4057
6773
6059
7917
6454
6280
7353
7918
8092
7239
6268
7527
5873
4407
3676
-985
520
-1341
-1616
-2572
-4951
-6607
-6634
-7947
-7811
-8555
-10223
-9496
-9577
-9895
-9274
-8891
-7112
-6984
-4006
-4396
-4677
-1634
-3865
43
-148
2
1347
996
977
2241
1596
711
3281
3152
2935
1972
5287
3657
6862
6881
2412
4532
4445
5968
9782
7139
4762
6220
4763
7352
9720
7026
7413
6013
5185
3369
1851
364
-1081
813
-1990
-3579
-6979
-7890
-7796
-7040
-7151
-9271
-9057
-11364
-9920
-9989
-9126
-8139
-5895
-4528
-4184
-3501
-4151
-1566
-538
1652
2704
784
624
457
1474
1414
2707
2865
3063
3354
2653
2794
4170
6505
5592
5947
3224
3724
5542
6049
6587
6380
4797
6371
6838
8130
7466
6325
5735
5237
4778
2789
851
-146
-840
-1376
-3429
-5388
-7259
-7600
-6914
-8590
-8770
-10142
-10570
-9415
-8548
-9483
-7929
-7944
-5546
-3937
-3212
-2210
-1754
-306
1116
2363
1519
1994
1266
2056
2597
2993
1821
4097
3021
2785
6065
5222
5731
7717
3185
4322
6290
5540
7164
6601
3832
4693
7205
6546
8597
7677
5062
5202
3745
2651
1341
534
-1353
-1342
-3643
-5129
-7330
-7421
-7878
-7268
-8535
-10500
-10716
-11396
-9842
-9381
-8289
-8233
-6817
-6178
-5026
-3027
-3129
-443
112
1272
1906
-68
2165
1758
3382
3044
4231
2360
4609
3664
3652
8538
6696
9129
6291
4550
5024
7174
8594
8592
7952
4330
6101
7080
7220
9538
6076
6028
4323
2580
1947
-69
-995
-405
-2345
-3317
-6952
-7476
-7724
-7203
-6895
-9240
-10272
-11158
-11537
-9894
-9464
-9317
-7935
-7408
-6892
-4782
-4693
-2865
-1377
-31
92
-250
-859
447
1512
2062
2587
1945
2608
3172
4707
6239
9088
8283
8543
6625
5225
8827
9887
10433
10114
6797
6427
8186
9360
10725
9757
7557
5244
4707
2137
2076
408
5
-1216
-3480
-6175
-8758
-7648
-8321
-6218
-9092
-10910
-12044
-12812
-11131
-9490
-9159
-8517
-7878
-7912
-5807
-5261
-3516
-1836
-749
-728
-1150
-1702
-1086
980
1481
1247
608
213
932
1857
4392
6706
7397
6615
5039
3507
7258
8770
11158
10217
7122
5807
7598
9409
11297
11521
7745
6831
4820
3932
3614
2222
1274
245
-2399
-4441
-7265
-7018
-6347
-5827
-7210
-9742
-11806
-12000
-9813
-9003
-7964
-8485
-8646
-8306
-5814
-4928
-2493
-2170
-1538
-1127
-1896
-2423
-1131
4
925
895
-1405
-1982
-783
384
3167
7461
4410
5910
2571
1305
7113
9049
9783
9827
5675
4589
7266
10362
11253
13245
8259
6522
4682
3541
4273
3576
2404
791
-2879
-5531
-7372
-6503
-4382
-5525
-7175
-11380
-12104
-12510
-9405
-7526
-8053
-7414
-8884
-8026
-6261
-3170
-1582
-87
160
-1320
-1088
-1538
300
2934
2175
1011
-1057
-1842
445
1146
3789
6528
4440
4621
1662
1477
5752
8583
9285
7865
4321
2873
6663
10509
11907
12648
7232
4665
4421
4497
5647
4250
2177
-413
-3239
-6071
-6830
-5965
-4895
-4855
-8543
-12113
-12888
-12142
-8906
-7101
-8378
-8420
-9426
-8072
-4855
-2851
-1379
-273
-648
-934
-568
-875
682
2709
1485
1243
-818
-1589
2158
1989
4787
6326
4427
4483
3244
2968
6978
9285
8245
6962
4332
2928
8256
10775
11232
11787
6117
4579
4711
4578
5638
4310
1367
-1359
-3306
-5780
-5434
-4655
-4991
-5522
-9680
-12403
-11333
-11680
-7946
-8141
-9687
-8923
-9575
-7572
-4346
-3163
-2535
-1687
-2452
-2276
-1022
-1238
881
1153
-545
-527
-877
-9
2590
2595
4724
6788
4682
5676
3026
4395
9042
9957
8277
6119
2901
4077
10922
11783
11625
9627
4099
4977
6539
5811
5812
2983
-9
-2054
-3685
-6061
-5198
-4145
-5537
-6475
-11359
-11268
-10554
-8457
-6597
-8384
-10194
-9108
-7862
-5144
-2023
-3029
-2716
-2951
-2229
-1290
-973
-1194
-573
-1005
-2964
-619
-2272
1116
638
1444
5260
3236
5543
3045
2013
6037
9379
8609
6895
4852
2811
8225
12170
10363
11521
6172
3836
7083
5198
5901
3282
233
-1097
-3267
-3795
-5372
-3928
-4758
-5260
-8646
-10670
-8274
-8519
-5316
-6065
-8570
-7290
-6119
-3860
-474
-1201
-2017
-963
-1412
266
1360
-718
136
-687
-2648
-2798
-2422
-2737
1158
-1024
2139
2896
475
3734
711
4033
7104
6858
4402
3346
2458
4124
11561
9959
9102
8116
2911
6212
6879
5519
4335
627
-1542
-2764
-3929
-4639
-4502
-4974
-6770
-8815
-11248
-9725
-7344
-6884
-5547
-8877
-8741
-5642
-4278
750
-33
-556
-856
1291
1884
3629
3139
882
859
-693
-978
325
756
472
1285
3777
2314
3532
2479
1792
5478
7711
5934
3769
1748
1343
6770
10555
8960
7580
3582
2099
5868
5020
4423
1847
-1855
-3029
-5080
-5134
-5129
-5543
-5691
-8192
-11814
-11618
-8969
-8185
-6166
-7352
-10451
-9097
-6316
-2880
452
-325
-1344
-579
837
2971
5057
3248
3370
1900
-724
272
1285
2893
2491
2272
4466
2889
4148
3912
3352
6874
8412
6126
4205
2916
2415
7856
11317
8977
8348
3718
3271
6277
6838
5074
1383
-1802
-3710
-3991
-4679
-4929
-4981
-6671
-8334
-11552
-11479
-8846
-8201
-6694
-8699
-10881
-8728
-6632
-2979
102
-1436
-2701
-1821
-93
2664
3617
1411
950
834
-1256
-145
-9
649
1382
1173
4667
2208
3971
2626
2431
7280
8804
6508
3681
3289
3404
9003
11545
7854
8393
3359
4179
7414
6350
5612
2120
-1371
-2712
-3435
-4143
-3734
-3591
-4962
-7212
-10864
-10628
-7051
-6670
-5092
-7785
-10281
-7119
-5598
-1616
-39
-1817
-2213
-1148
-341
2010
2105
401
373
-788
-2932
-781
-1790
-89
-375
2751
1395
311
1250
-377
4508
7598
6391
2882
475
1015
4454
11776
9210
7352
4419
1686
6173
7147
5971
3507
-897
-1757
-3399
-3956
-4111
-4200
-4233
-6621
-9012
-10854
-6843
-5604
-4170
-4968
-8673
-6973
-3323
-814
2789
1120
-1575
265
2192
4224
5914
2548
887
1504
-842
500
1149
-497
-448
-120
3255
-89
1454
-1734
112
5535
6458
3572
-417
-1155
695
7955
10148
6022
4515
733
2945
6794
6075
3541
-685
-2230
-2828
-4207
-3855
-5861
-4936
-6061
-8380
-11597
-10032
-5930
-4827
-4513
-6881
-9314
-4148
-966
3068
3508
108
283
1706
5171
6168
5436
1876
1401
1458
140
2490
1326
1177
1115
4318
814
1747
1463
-384
5782
6928
4988
1376
-695
-215
5340
10603
6612
5445
1143
1313
5618
4922
4507
336
-3445
-3400
-5421
-4719
-5234
-6163
-7426
-9106
-11856
-11600
-6785
-6628
-4435
-7007
-9962
-6268
-1990
1719
4458
2152
-83
2529
4680
6519
8204
3803
2309
2395
-535
2465
1710
1361
733
1347
3321
1000
1297
-1124
940
5077
6674
3430
-636
-1512
29
7176
10282
6026
4684
687
2541
5841
5517
3121
-299
-1773
-3318
-4307
-4439
-5854
-4425
-6584
-8728
-11841
-10753
-7270
-6003
-4610
-8343
-9190
-4943
-1908
3631
3945
1531
966
2934
5434
6836
6250
3217
2673
1704
-315
2187
98
1261
-756
2612
2680
394
1266
-2655
1762
5818
4425
1297
-1382
-1534
1027
9388
6659
5362
3598
-1091
3801
4068
3223
1219
-2288
-3046
-5274
-5493
-5780
-5504
-4744
-7606
-9649
-12233
-7598
-5718
-4551
-3500
-7957
-4610
-1578
1884
5813
5307
3837
4691
7575
7750
10273
7228
5375
5105
1753
1721
3225
402
2104
-3431
1214
1788
574
1393
-4034
-282
2709
4045
-186
-1273
-2992
-1765
8601
4598
4599
2729
-1845
2941
3180
2095
-374
-2916
-4212
-5979
-6623
-8571
-7300
-7065
-8099
-9970
-13371
-8673
-7905
-5605
-4349
-8017
-4299
-2062
1541
5225
4508
4251
5770
8554
8797
10639
7910
6815
7899
4270
4663
3551
2603
4412
826
6258
2972
1941
1703
5
3636
6784
5188
-814
-790
-3063
1638
9622
4513
4243
985
-2004
2463
2789
805
-2050
-4386
-6789
-8187
-8451
-9762
-8402
-9673
-10658
-13502
-14314
-9538
-8731
-7206
-6978
-9735
-5868
-2365
1234
3738
3465
3012
5523
8323
8275
10660
7884
7892
8334
4658
4383
4253
4102
5379
1768
5683
4468
3969
4704
2595
3981
8202
7659
2743
3138
-1076
2607
10662
7604
7188
3524
-194
2994
4935
2291
-907
-3875
-6384
-6772
-8068
-9915
-10058
-10202
-11428
-13767
-15556
-12528
-11530
-9243
-8090
-10959
-8734
-5820
-1865
1637
2701
959
2857
5522
6293
9135
6834
6339
6705
4265
2650
3851
2366
4516
2065
1600
5793
2057
4982
3342
1723
7365
9093
4736
4465
3281
1114
10878
11543
7926
9740
2549
4314
8128
5155
3704
-124
-3391
-3734
-6217
-7359
-9214
-7990
-10236
-11495
-14930
-13506
-11472
-11391
-8884
-10424
-10867
-6766
-4931
-1463
1532
692
1109
3748
3792
6096
7417
5239
7197
4684
381
1500
1528
2662
4402
-943
2585
2596
2745
4598
1858
3685
8120
6409
3767
4430
501
5023
12830
9436
10544
5912
2240
7013
7894
5425
2418
-2131
-4302
-5037
-6812
-8360
-8272
-9515
-10775
-13219
-14634
-12158
-11322
-9671
-8093
-10429
-8439
-6127
-3045
1469
2392
1481
1938
3555
4740
7811
6962
6509
5735
2359
606
1498
2406
3031
1988
-2101
3667
2200
3141
4817
568
4462
8249
5134
5328
3850
672
7023
12396
8761
10114
5362
2789
7555
5376
3378
124
-3337
-4114
-6454
-7835
-9524
-9788
-10607
-11235
-14390
-14988
-12500
-12032
-8428
-8063
-11008
-8116
-6211
-2066
2829
2128
1337
2979
4011
5657
8266
6518
5949
6375
2060
1749
3021
1724
4242
1364
1311
5285
2542
5582
4089
2147
6982
9170
6864
6731
4945
1258
11339
12279
9955
11379
3724
4843
6823
4654
2978
-43
-3097
-5165
-7457
-9589
-10319
-9892
-10671
-11572
-15400
-15493
-13202
-12520
-7740
-10128
-11313
-8908
-7084
-2354
738
328
559
2842
2181
4784
6224
4839
7202
4336
1336
958
869
1748
4888
1447
668
4828
2543
6197
4970
1988
7159
10064
8005
8855
4162
3963
12023
14258
13319
11476
5432
5104
8387
6296
4795
746
-3048
-3703
-7247
-8139
-9752
-10224
-9784
-11624
-15369
-15921
-13907
-12039
-8145
-9921
-12213
-9319
-8391
-3353
36
-562
-563
963
846
3265
5148
3657
5250
3184
11
321
-712
1119
4193
-244
488
4735
1656
5703
4130
780
7680
9764
7654
8485
4739
3948
12294
14247
13421
12653
5689
7178
8696
7171
5714
1231
-1169
-2797
-6153
-7749
-9105
-8928
-8321
-10145
-14798
-14231
-12877
-11774
-7069
-9629
-10551
-8756
-8125
-3021
300
87
-272
1650
678
3594
4064
3001
4681
1780
-377
-1344
-1896
-539
993
-1635
-1037
3723
107
3556
584
-676
5875
8493
7123
7517
3683
3149
10540
14532
13205
12627
6789
7001
8032
7003
5109
2350
135
-1898
-6121
-8098
-9166
-8042
-6700
-9109
-13831
-14434
-13906
-10837
-6305
-7296
-9610
-8006
-7090
-2620
971
1157
2074
3890
3535
3646
4500
3621
6144
4957
958
-721
-3028
-2356
1118
-235
-397
2885
-943
871
961
-1167
5508
9094
6851
6939
2754
898
9714
13873
13027
12592
5755
4937
6025
6033
5004
2448
-736
-3473
-7776
-9245
-9532
-8195
-7109
-9371
-14317
-15634
-13856
-10488
-6322
-7768
-10262
-8628
-7162
-2873
1030
1251
3375
4505
4253
4423
5006
5476
7202
6879
2636
-935
-1780
-1216
2040
556
258
2723
242
1781
667
-138
6686
10582
8075
6718
2065
1439
10803
14150
14084
12163
5887
4100
5753
5125
3604
1840
-1195
-4243
-8108
-10343
-11014
-8683
-7452
-10033
-14409
-15885
-13553
-11597
-7798
-8936
-9710
-7836
-7500
-3665
-1112
1479
3437
5163
3751
2928
4162
3862
7969
6257
1777
-479
-2909
-756
884
-34
-330
3768
1110
1558
1059
-922
7694
11111
8972
8423
2794
3109
10555
14475
14719
12777
7871
5178
6172
4848
3848
2032
576
-2520
-7961
-9899
-12188
-9661
-6731
-9413
-12731
-15436
-14487
-12499
-8370
-8081
-8910
-7315
-7749
-4318
-1955
361
2967
4337
4381
2837
2931
2886
5179
4894
1369
-1121
-4114
-3424
-1378
-1374
-1510
2880
-12
1022
1093
-462
5954
10512
8761
9579
4697
3702
9873
13596
14974
14563
9826
6651
6103
5393
4257
3644
1859
-676
-5899
-8334
-11162
-9337
-5629
-6984
-9806
-12946
-13746
-12918
-7837
-6670
-6534
-5596
-7113
-5247
-2042
977
3086
5176
4115
2768
2602
1016
3156
3673
1356
-1249
-5061
-5709
-4466
-3516
-2937
3569
-905
630
-1277
-3206
4783
9241
7562
9035
2944
1641
7381
11294
13372
14509
9054
6317
4735
3380
2959
2910
2553
617
-5504
-8492
-11578
-8985
-4843
-5390
-8455
-10983
-12230
-11557
-6922
-6019
-4621
-2824
-4742
-2587
-1513
992
3626
6738
6850
4467
3041
44
3058
3476
1359
-903
-4691
-5208
-4134
-5228
-1073
2939
57
2107
-2305
-2808
5301
7596
7389
8663
1217
2019
6781
9945
12821
11524
7585
5286
3879
2153
754
667
444
-890
-6691
-9266
-12572
-9477
-6016
-6458
-8179
-10265
-11412
-11071
-6402
-5460
-3355
-1743
-2627
-635
485
1950
4984
7842
7357
6707
3627
2282
4037
2914
2000
-643
-3331
-3573
-3931
-4732
1321
2910
1340
3169
-2643
-285
6777
6987
8314
7495
1801
3882
7985
10099
11526
10210
7377
5345
2956
565
-1336
-810
-83
-2789
-7744
-10978
-13632
-10716
-8195
-7843
-10033
-11119
-12789
-11752
-7862
-6765
-3815
-2149
-2533
-897
-244
1986
5287
7638
7006
5762
4572
2496
4511
2729
1426
234
-2845
-2875
-3216
-3961
-919
3382
2180
2551
198
-1950
5004
8251
7214
9302
3699
2726
7801
9481
10112
11176
9054
6085
6021
1836
-505
666
449
444
-4490
-8205
-12365
-10268
-7011
-6639
-8258
-10615
-10876
-10855
-7973
-8053
-6913
-4289
-3577
-1819
-918
-479
1078
3794
4463
4356
4006
1944
2737
2627
355
-194
-2401
-2535
-477
-1283
-443
3303
3231
3056
2558
47
1552
6674
5180
6108
3769
101
3259
5648
6856
7718
7027
4612
3747
2876
686
1026
987
1160
-910
-3622
-5021
-5793
-2987
-2939
-4294
-4826
-5345
-5608
-4961
-5307
-5217
-4234
-3762
-2814
-2426
-1413
-528
521
1017
-101
-898
-1307
-869
220
304
-1832
-2695
-1632
-2064
-869
180
573
1865
3638
2604
1573
1800
1342
2764
4809
3355
1893
1360
275
2183
4109
4013
3010
2281
1555
990
1822
656
447
-850
-455
-1156
-632
527
-188
653
-15
-443
-835
-310
-398
932
1038
-941
-1017
-1834
356
1947
2235
1800
-248
-1502
-2719
-2386
-2224
-2092
-2049
-2941
-2258
-3412
-2884
-1485
-415
892
-38
-1128
-1363
-711
930
268
1052
-331
-872
-827
-2095
-817
-1401
-367
-1645
-2953
-3228
-3145
-1584
-431
735
-409
799
878
1551
3727
2933
4069
4180
5128
4395
4720
4133
5472
5804
4345
3996
2346
2858
3443
3210
1536
-438
-1866
-2700
-2521
-2792
-3043
-3731
-3776
-3187
-3484
-2989
-1957
-1313
-575
-43
-1003
-1092
-156
-422
-221
304
-623
-1047
-1908
-2996
-2826
-3417
-3105
-4222
-5043
-5709
-6440
-6355
-5477
-3998
-4312
-2474
-2913
-957
1138
1913
4414
5109
6451
6832
8071
7925
9117
9030
7986
7934
6218
5897
4996
4055
3025
2373
533
-1635
-1772
-2672
-2448
-3238
-3988
-3685
-3546
-2561
-2871
-1799
-1277
-175
713
852
476
-24
62
780
330
330
-835
-622
-589
-996
-1523
-4611
-4973
-5861
-4989
-5001
-5509
-6114
-6926
-4824
-5163
-3161
-1485
-606
177
542
812
384
2521
3498
4762
5481
4817
4775
5920
6162
5720
6196
5583
5400
4943
3508
2011
1495
1661
1067
1804
1658
1415
216
450
-319
-661
-30
-456
-336
-542
-701
-2020
-1018
-1266
-1328
-1069
-1586
-1592
-2534
-4041
-4511
-5536
-5931
-5106
-5037
-4052
-4392
-5544
-3079
-2348
-2456
-1730
-1548
-836
623
-821
-2095
-728
-321
1324
3612
4833
4514
4056
2189
1194
3254
3446
4373
3229
2361
1781
2456
3653
3419
4807
5812
6536
6370
5151
3319
1767
2624
2471
1894
1333
-160
-1246
-2050
-4455
-6452
-6073
-5304
-4822
-5527
-7072
-8240
-7855
-6528
-4604
-3516
-2418
-1642
-1740
-1959
-2858
-2792
-1468
355
1705
1285
814
425
314
262
1844
2175
1929
384
-1551
-1926
-2531
-1911
-821
2396
3812
3423
2386
814
2678
4924
6115
6925
6768
6434
7724
7930
6710
7893
8141
8330
8880
6200
2036
-484
-2180
-2757
-3536
-5783
-7496
-8268
-8653
-10023
-11997
-12357
-10353
-8252
-5910
-5428
-6371
-4629
-3123
-1140
524
1244
2726
4192
4444
2998
1497
534
1893
3489
2815
2186
-269
-1842
-1894
-2238
-3588
-4582
-4407
-2625
-2314
-2256
1265
3984
5857
5251
3776
5357
9324
11891
11556
10633
7748
6572
8802
8615
8450
7354
5459
3035
668
-3129
-6661
-7992
-7670
-7655
-9435
-11697
-13511
-13697
-11894
-11453
-10808
-8352
-6273
-4831
-3399
-3001
-1353
1066
3372
6185
7690
7800
7425
7079
6430
4436
3310
1886
3051
3718
755
-2186
-5033
-5735
-4982
-4756
-3973
-4355
-3369
-587
3522
5391
3989
2985
3602
9979
13218
11261
8554
6833
6564
9033
8406
6304
5349
4040
3021
276
-3585
-7561
-9966
-9519
-9644
-11117
-13256
-13880
-13540
-11912
-13341
-13956
-10663
-6234
-2411
-1763
-2223
-1381
2295
6309
8971
11389
11073
11020
10900
9390
7770
5625
4936
5091
5214
2263
-1918
-5222
-7079
-6995
-8108
-8214
-8225
-6556
-916
3503
3979
2617
661
3197
10129
14510
13902
12013
8473
7169
7890
6433
6347
5920
4783
2896
-1716
-7350
-12455
-14257
-13374
-12290
-13220
-14519
-15140
-15575
-14365
-15096
-12246
-7119
-1737
901
2243
2372
4414
7665
10672
13717
15386
14665
13531
12093
9275
7014
4527
3183
3898
1970
-1227
-5403
-7823
-9249
-10418
-12567
-12131
-11152
-7776
-1445
2343
3306
2062
846
5152
12737
15922
15310
12839
9621
9598
8837
7302
7002
5372
3629
481
-4377
-9326
-13183
-16161
-15923
-15719
-16060
-16493
-15907
-14465
-13445
-13023
-10438
-4672
534
5163
7673
8692
11752
13089
14187
15528
16864
16940
15448
12492
8421
5160
1291
-254
-849
-2348
-4424
-7834
-10225
-11309
-13840
-15565
-16114
-13661
-12364
-7000
-1001
4687
6554
4387
3581
8321
14736
17788
16236
13706
10054
9069
6782
4997
3845
1877
172
-2866
-4959
-9657
-14957
-17940
-17958
-15477
-14259
-13300
-12494
-10393
-8503
-7452
-3582
1442
6685
10093
11667
13821
15737
15391
14680
14504
14492
13794
11046
7278
3767
441
-3438
-5958
-6953
-7482
-9173
-10917
-11888
-12267
-14088
-15588
-16867
-15385
-12246
-7479
484
7960
11788
9579
6945
8456
14701
18848
17761
14405
10968
8399
6848
2886
1460
-966
-2099
-3747
-5990
-8839
-13608
-17366
-18053
-15946
-12977
-10931
-8157
-5630
-2723
-1503
-366
3785
8297
12062
14045
14899
15862
14971
12986
10582
9023
7730
5998
3492
506
-2272
-6318
-9148
-9950
-10018
-9577
-10498
-11569
-12071
-12283
-13850
-15132
-15397
-11767
-7806
-818
6548
12142
13761
11449
10618
12786
17672
18287
16081
12942
9462
7308
3756
412
-641
-2574
-3296
-6093
-7723
-10570
-13962
-16314
-16231
-13124
-10162
-7436
-4968
-2830
392
1339
4217
8138
11218
12851
12094
12207
12591
12284
9450
6381
4724
2445
1146
-1729
-3909
-5242
-7782
-9867
-11005
-10707
-10686
-11269
-11247
-11085
-11240
-13221
-13666
-12230
-7592
-2946
3654
9313
13469
13558
12080
12736
16467
18662
16850
12321
9808
7698
6281
3396
863
-129
-2082
-4199
-7136
-8972
-11145
-13889
-14698
-13749
-10751
-8696
-6560
-3227
-927
1222
1672
4514
8115
10284
10097
8496
8947
8826
7576
5439
3771
3401
1996
-314
-3279
-5324
-7285
-9297
-9616
-9226
-9562
-10074
-10745
-10594
-10039
-10413
-11214
-10585
-7415
-3602
1217
7995
12759
15728
13439
13194
15509
18172
17911
14104
10413
8542
6576
5111
1643
1038
-2048
-4329
-7162
-9346
-10787
-13573
-14179
-13243
-11108
-8983
-8248
-5311
-2630
316
1392
3094
6090
7939
8214
7562
7151
8242
6979
5573
3378
2125
937
-722
-2573
-4989
-6596
-8712
-9601
-9477
-8760
-8742
-9312
-8358
-7808
-7179
-7492
-7480
-6801
-3877
-1188
4364
11534
15778
17427
15382
15541
16949
18081
15624
11490
8890
6284
4520
1706
-1743
-3053
-5767
-6526
-8408
-9906
-12177
-15249
-15264
-13569
-10915
-8558
-6875
-3221
-711
1997
2340
4144
6869
8060
8575
7539
6802
7309
5815
3963
1434
-46
-1124
-1601
-3032
-4932
-6463
-8519
-8677
-8174
-7697
-7202
-6940
-5331
-4016
-3846
-5010
-5272
-4355
-832
1103
6024
12068
16508
18448
16069
15640
15662
15848
12775
8050
4822
2183
1271
-472
-2045
-3536
-6687
-8275
-9780
-11080
-12958
-15479
-14879
-12096
-9320
-6516
-5549
-2154
173
2485
2999
4396
6644
6972
6833
5295
4535
4777
3390
2329
558
360
-1119
-2179
-3603
-4773
-4994
-6240
-6186
-5869
-6575
-6085
-4906
-2701
-1089
-1283
-2049
-1958
-1311
-521
805
3154
10024
14077
17098
16234
15106
15785
15706
14100
8586
4241
677
-584
-89
-1413
-2850
-6144
-8109
-9474
-11334
-13676
-15343
-16611
-13500
-11719
-8748
-6921
-4400
-1667
552
2725
2431
4749
5610
6334
6463
5005
4775
4188
3892
2890
2738
1813
983
-765
-3498
-4436
-4626
-4541
-4421
-4566
-4662
-3125
-2569
-1607
-1824
-1291
-1677
-2178
-2434
-1269
641
6064
11625
14942
16942
15182
16319
16847
16259
11497
5220
1726
-595
-801
-2433
-4327
-5722
-7815
-9512
-12096
-14697
-15894
-17701
-16551
-14616
-12139
-8496
-6356
-1821
1092
4448
4826
5594
7366
7655
7776
6622
6494
6564
5615
4055
3123
3378
2984
783
-2265
-4119
-4840
-4822
-5257
-4847
-4999
-4158
-3765
-3754
-3168
-2986
-2108
-1700
-827
-844
255
694
5980
11758
15027
16860
14234
16134
16308
14596
9385
3238
675
-1918
-2752
-5746
-7449
-8947
-11199
-12877
-13809
-15108
-15238
-16654
-15597
-12196
-9880
-6293
-4541
261
4302
8505
9169
10036
10628
9252
8871
6951
6323
5328
4525
4748
4903
4267
1715
-1021
-3685
-5009
-6564
-7512
-7622
-6492
-5726
-4386
-3383
-3215
-1667
-1123
860
1676
1195
-488
-642
-136
2675
8331
10973
15257
14428
14361
14444
11851
8561
2679
-961
-3358
-5188
-6941
-8971
-9764
-11055
-11240
-10977
-10515
-10782
-11838
-13117
-10244
-8423
-5036
-3098
-183
4989
9485
12460
11316
10875
9238
8546
6921
4647
4085
4011
4829
4378
2982
457
-1564
-3484
-4084
-4641
-5759
-6973
-7545
-6754
-5165
-3339
-2293
-1171
1050
1344
1090
-1276
-2444
-3161
-2111
-1826
2470
7533
9811
12814
10160
11517
12512
10872
7279
2077
-745
-3371
-5447
-8033
-8446
-7638
-7125
-7537
-7514
-8116
-9035
-11139
-12165
-9484
-8474
-5327
-3036
2135
7555
10849
11800
10703
11279
9233
8150
5845
4816
5031
4353
3963
3358
2869
563
-1181
-3156
-4880
-7146
-9437
-10839
-9703
-8008
-6669
-4669
-2628
-180
1675
2152
2022
247
-1390
-3420
-2528
-1755
1215
6078
8538
12585
11630
11962
13148
11873
9952
4811
-399
-3550
-5551
-8161
-9255
-9027
-8790
-7559
-6940
-6964
-7911
-9186
-12371
-10698
-8523
-4200
-1005
2050
6945
11205
13218
12768
12494
11929
11319
8548
4894
2969
1615
504
-530
-828
-2333
-3730
-6072
-7444
-8540
-10019
-10760
-11481
-9007
-7148
-3463
-468
2851
6021
5988
4830
2589
998
24
-1031
-981
-1028
3105
6330
8131
11251
10308
12857
12674
9875
6317
184
-4096
-7374
-9293
-10792
-9471
-8380
-6845
-5197
-5132
-5392
-5769
-7058
-6960
-5549
-4357
-1746
932
4440
8560
12316
13667
13506
12197
9784
7222
3266
-752
-4197
-5465
-4841
-4452
-4400
-5391
-4712
-4999
-5920
-8346
-9199
-8656
-6235
-3448
-1020
1994
3681
6074
7658
8462
7576
5047
2388
-164
-3007
-4611
-4868
-679
3934
6258
8303
6625
9007
10680
8163
4771
-1312
-5315
-7196
-8902
-10156
-8867
-6752
-4529
-1483
-989
-411
-887
-2926
-3941
-4613
-4890
-3045
-941
2704
6379
9744
10396
10643
9933
7446
4796
-134
-4293
-7268
-8904
-8396
-7398
-5464
-4232
-1642
-640
5
-582
-1905
-1986
-1754
-1066
-135
2773
4828
7125
8055
7712
6384
4538
2209
-158
-2047
-5302
-7609
-9752
-6027
-2339
1238
4435
4798
9855
10109
7366
3098
-2305
-4671
-5099
-6205
-6420
-4303
-3468
-39
2245
2848
2936
1457
-1092
-2343
-4308
-5891
-5471
-4381
-1275
2222
5397
7163
8501
7337
4846
1404
-3596
-7409
-9414
-8970
-6521
-3575
-1050
1678
4461
6082
6627
6108
5068
3697
1571
-1110
-2453
-1586
789
3307
5440
6622
6492
4161
-275
-5644
-9839
-13016
-14725
-14652
-10440
-5818
129
3988
6032
11143
12093
11030
8696
4138
1075
-1671
-5425
-5624
-2978
276
3791
5305
5870
5106
1927
-3498
-6911
-8531
-8679
-7990
-8032
-5466
-1402
2563
4385
6190
6770
5512
3221
-1175
-3942
-5410
-5131
-4041
-477
3869
7819
11591
13110
12902
9388
4534
182
-1887
-3572
-4632
-4551
-2939
-1401
-698
-1296
-1399
-1576
-3853
-7271
-10820
-14102
-15060
-16182
-12485
-5780
-73
7052
8934
13361
16884
15628
13210
8658
4791
3116
188
-3159
-2993
-2098
-891
642
263
1273
1611
-294
-3493
-6452
-9804
-11624
-11967
-10722
-6091
-1190
2934
5622
7656
8563
7891
6183
3067
1291
722
393
1367
1785
3800
6399
9319
9979
9144
6783
3003
-499
-4858
-8351
-11204
-11397
-10215
-8348
-6181
-5315
-4143
-4542
-5288
-6727
-7670
-8978
-9048
-8482
-5205
-685
2730
7869
10338
15714
19033
17743
15972
11283
7389
4236
-1016
-5452
-6227
-5727
-4168
-2220
-1867
-179
472
-1745
-3807
-5653
-7741
-8574
-9938
-9264
-6070
-2403
1506
5352
9434
12119
12452
10614
7197
3940
945
-329
-339
1293
2552
4174
5786
5741
4552
1550
-1645
-5058
-8037
-12022
-14816
-15252
-14989
-12339
-9640
-6761
-3021
-443
857
1421
1098
-391
-911
-2823
-1683
1718
3981
8089
10254
13848
18351
17819
15815
12524
7336
3553
-2595
-9008
-10937
-10086
-8786
-5691
-3773
-1821
1567
298
-1605
-3829
-6945
-7853
-8568
-8334
-5748
-1537
2807
7095
10237
11925
13187
12237
10436
7753
4183
1647
-1561
-3422
-4349
-4551
-3803
-3132
-3232
-4012
-4900
-6195
-7496
-8853
-11204
-12254
-12351
-10714
-7477
-3264
1455
5820
7934
8112
7482
5376
3306
847
-1692
-674
814
2670
5697
7530
11943
14724
13053
11038
7283
3158
399
-5090
-9548
-9941
-10099
-9507
-7333
-5860
-2363
1699
1328
1435
1133
-26
-26
-1365
-2545
-2174
139
2066
5555
8133
9616
10966
9510
6950
3155
-577
-3933
-7659
-9791
-11912
-10365
-7583
-4279
-1676
-633
-513
-1207
-2224
-4650
-5753
-5778
-5137
-3594
-1909
-299
2262
4959
6255
6826
5574
4090
1990
-242
-3283
-3451
-1868
-1075
1573
2527
6938
12374
12962
12125
10702
7495
4462
-675
-6775
-8075
-8054
-8827
-8030
-6295
-2492
2983
4117
3628
4396
2943
1322
-1064
-4121
-4373
-3163
-2482
-1722
600
1745
2516
2921
1689
838
-705
-2354
-4163
-4560
-5014
-5048
-4247
-4205
-3588
-2771
-1276
379
1513
1194
620
125
-506
-1941
-3079
-2982
-1887
56
1097
1999
3599
3965
3367
2096
914
52
1313
808
1258
3399
4214
7518
9526
9266
9851
7991
5153
3226
-1003
-4486
-5568
-6085
-6353
-4309
-3725
-1628
1236
227
571
1000
807
-206
-3064
-6164
-7661
-7462
-8618
-7662
-5453
-2276
1094
2775
3384
3329
3238
1351
-326
-2157
-2951
-2857
-2099
-616
229
2085
2459
2803
2817
2241
1786
1455
519
-287
-397
-1060
-347
335
887
2048
2409
2401
2134
1105
-38
-1232
-1146
-752
-886
673
1656
4240
7737
8117
8784
9272
7136
6065
3489
-311
-2452
-4502
-7137
-7347
-6862
-6302
-3399
-2971
-3803
-4025
-5753
-6703
-7454
-8301
-8408
-6835
-5066
-4156
-2275
-608
1379
4153
5710
6500
7517
8034
7910
6782
4483
1777
212
-1189
-1040
-283
992
1881
2178
1505
583
645
254
-668
-1135
-1813
-2227
-2357
-3058
-2600
-1717
-594
-164
-384
-1441
-2434
-1953
-563
1125
2783
4177
5549
8064
8398
6968
6808
5057
3319
1625
-1644
-3502
-3928
-6583
-9298
-9787
-10326
-8203
-6068
-5790
-2782
-1359
-1242
-1515
-1733
-2034
-729
201
1200
3593
5294
5692
6599
6716
6441
6125
4496
4113
3534
2837
1675
799
117
-75
-217
199
1050
-354
-1117
-2263
-2056
-1651
-2502
-2524
-1997
-1218
-2647
-4499
-6317
-5620
-3919
-3013
-1651
-985
-435
-676
-656
573
1128
1535
2758
3939
6272
7226
5152
4901
3884
2240
642
-1447
-2737
-2582
-3699
-5479
-4897
-5727
-5748
-3872
-3291
-481
1864
1941
2664
3271
2410
1479
1155
641
775
1097
-145
768
1571
1973
3770
4987
6623
6639
5342
2877
1424
-274
-2451
-3743
-3903
-3227
-2855
-3043
-3492
-3354
-3097
-3986
-4518
-4087
-3975
-4412
-4933
-5005
-3848
-1938
-975
523
2389
3699
4140
2711
1623
1202
25
-222
-582
657
3481
4484
5304
6421
5675
5136
3737
1164
758
171
-2310
-3403
-2991
-2329
-112
787
1271
3444
4627
3221
1447
-1344
-3371
-3775
-4141
-4287
-2985
-2141
-1167
614
1644
2908
4049
5046
5250
4695
2717
354
-1059
-2580
-3566
-3899
-3367
-2476
-2227
-2316
-2808
-2678
-2661
-3719
-3952
-3972
-3365
-2617
-2639
-2068
-973
36
547
1182
1546
1526
1170
-883
-2298
-2591
-2200
-1371
687
2459
5653
8564
8606
9797
9683
9308
8437
5583
2326
760
-787
-3156
-3741
-4231
-3879
-2347
-2401
-2416
-1938
-2785
-4027
-4929
-5658
-4614
-3117
-2528
-1983
-287
686
1921
2878
2526
3366
3646
3440
2457
1196
117
-426
-385
-640
-1016
-1173
-1613
-2104
-2644
-3419
-3817
-3778
-3246
-2955
-1656
-478
455
1763
1910
1722
1567
771
171
-713
-1631
-2398
-2233
-2058
-1359
741
1934
2837
4136
4984
6766
8323
7883
8254
8001
6723
5017
2537
38
-1706
-3240
-5142
-5027
-4763
-4762
-3736
-4145
-3856
-2797
-2815
-2870
-3024
-3743
-3839
-3846
-4079
-4452
-3998
-2946
-1195
1165
2278
4040
5962
6785
6829
5764
4531
3558
2375
437
-788
-1445
-653
-556
-836
-1286
-1478
-981
-1330
-2052
-2468
-2425
-2621
-2753
-2775
-3228
-2097
-1603
-1114
180
671
1289
1315
1075
855
2047
2433
2437
2873
3166
4699
6668
6564
6497
6535
5115
3783
1103
-1955
-3724
-4739
-6638
-6770
-6176
-5615
-4113
-4280
-4350
-3353
-2652
-2978
-2727
-2617
-1615
278
858
1611
2522
3804
4469
5300
5585
5346
5127
4424
3216
1395
21
-1462
-2026
-2377
-2846
-2168
-1768
-1820
-2289
-3222
-3497
-2942
-2414
-2323
-1436
-1034
-223
481
988
1940
2702
2882
2108
1546
255
-874
-2038
-2523
-2611
-1874
-732
116
1838
2930
3785
5489
6039
6131
6157
4195
2378
425
-1781
-3031
-3322
-4004
-3895
-2758
-2438
-1010
-1349
-2733
-2927
-3057
-2368
-1500
-702
0
1275
1959
1952
2260
2489
2357
2454
1953
1733
1147
454
1
-540
-932
-1491
-1619
-1359
-1432
-2071
-2552
-3292
-3514
-3325
-3517
-2894
-1874
-1137
-101
918
1653
2450
2812
2716
2526
1195
-402
-1278
-2106
-2463
-2560
-2451
-719
1321
2539
3896
4564
6012
7124
6474
6134
5795
4941
4003
2251
-116
-1192
-2373
-4536
-5434
-5765
-5927
-5346
-5658
-5753
-4420
-3408
-2297
-609
658
2082
3102
2753
2195
1911
1211
863
771
660
863
1591
1883
1829
2115
1037
151
-1151
-2275
-3382
-4495
-5220
-5929
-5224
-4107
-2295
-443
1201
2489
3350
3991
3497
3139
2277
1923
2039
1406
570
321
621
946
1163
1251
865
432
203
-953
-594
-238
806
2682
4592
5743
5871
5146
3133
1539
-775
-3534
-4265
-5120
-5199
-4947
-5012
-4260
-3043
-2206
-1466
-129
370
610
490
-327
-492
-545
-572
-162
619
1585
2483
2622
2287
1106
157
-814
-1798
-2425
-3226
-3227
-2470
-1708
-546
394
949
1259
1886
1512
1463
862
-289
-632
-186
936
1928
2620
2699
2747
1524
-271
-2359
-3936
-4836
-5049
-4596
-4211
-2574
-1077
728
3384
5328
7257
8658
9246
9198
8089
5358
2631
84
-2621
-4017
-5079
-5440
-5382
-5477
-6113
-5823
-5752
-6244
-5672
-4861
-3566
-2019
-1155
-194
1289
2531
3483
4310
4245
3615
3007
2076
1830
1833
1631
1933
2423
2799
2596
2213
1778
1195
604
-529
-1381
-2210
-3205
-4146
-4329
-4020
-3406
-2745
-2138
-986
237
740
650
207
18
24
481
774
1499
2070
2210
2730
3075
3331
3689
3263
3603
3807
3532
3291
2252
1208
655
-70
-1394
-2304
-3938
-5318
-6038
-6715
-6821
-6894
-6090
-5015
-3132
-1372
-227
885
1668
2708
3694
4618
5395
5425
5073
4269
4071
3427
2524
2139
2022
2253
1788
610
-541
-909
-1782
-2954
-3856
-4660
-4881
-5662
-6231
-6125
-5047
-3997
-3167
-1244
977
2954
3819
3860
4114
4049
3680
2273
1396
996
165
-355
-1666
-1878
-1510
-1496
-976
-138
705
1427
1755
1597
2089
2496
2062
1577
873
-186
-702
-1638
-2352
-2574
-3369
-3483
-2797
-2203
-1655
-1078
-439
1016
2283
2519
3019
3212
3385
3284
2014
988
458
181
-33
-51
41
622
919
547
-87
-769
-1700
-2359
-3094
-3141
-2880
-2683
-2517
-2104
-1638
-1186
-498
-428
478
1266
1498
1664
1078
931
229
113
-19
139
76
-665
-930
-1191
-971
-1013
-859
-417
325
642
998
1616
2432
3031
3081
3848
3732
3728
2700
1413
756
62
-947
-1974
-2108
-2104
-1553
-1781
-1987
-1904
-2151
-1761
-1454
-397
1137
2366
3154
3872
4368
3846
3512
2688
2443
1777
379
-936
-2560
-4023
-5161
-5769
-6096
-6122
-6415
-6612
-6093
-5458
-4987
-4280
-3370
-2023
-909
-60
998
2689
4409
5718
7185
8249
9623
10579
9868
9456
8491
6497
4496
2037
81
-1192
-2419
-4098
-4698
-5413
-6104
-5626
-5536
-4714
-3674
-3227
-2578
-1140
-311
160
1037
956
1498
1472
799
739
726
81
-589
-412
-209
792
1334
1245
1631
1598
1023
190
-626
-1635
-2858
-4519
-6020
-6572
-6214
-5557
-4496
-3392
-1988
-893
48
1022
2046
3171
4148
5200
5758
5969
5826
5431
5175
4779
3992
2293
944
-73
-955
-1608
-2252
-2763
-3028
-3056
-3022
-2308
-1787
-1315
-877
-595
-84
230
83
217
725
1347
1856
2128
2302
2482
2864
2552
1869
790
-718
-2034
-2923
-2959
-3006
-2839
-2764
-2633
-1843
-1778
-1410
-1396
-1133
-575
-404
-429
-715
-327
-153
361
637
914
1256
1810
2177
2491
2683
2410
2085
1555
1138
506
-349
-894
-963
-620
-367
-123
-224
-253
-290
-441
-585
-433
-328
136
855
1881
2617
2766
2892
2908
3055
2631
2044
1155
363
-84
-331
-768
-1242
-1950
-2865
-3285
-3601
-3628
-3407
-3404
-3186
-2883
-2605
-2136
-1895
-1299
-381
500
1317
1701
2077
2351
2789
2538
1749
1167
415
234
-78
-539
-418
-99
-34
-315
-962
-1595
-1292
-1292
-1056
-930
-635
-102
79
625
1078
1716
2036
2129
2193
2313
2551
2587
2447
1948
1370
675
369
-6
-460
-335
-452
-348
-604
-1080
-1536
-1860
-2486
-2873
-3022
-3049
-2757
-2823
-2776
-2283
-1524
-924
-379
-136
390
786
777
742
828
894
1274
1354
1583
1996
1789
1546
732
207
-203
-743
-1373
-1960
-1943
-1790
-1457
-1339
-846
152
961
1930
2432
3253
3668
3772
3599
3181
2835
2401
2113
1782
1601
1376
913
578
-84
-1016
-1648
-2141
-2405
-2776
-3229
-3730
-3867
-3544
-3382
-2819
-1917
-1521
-1164
-1628
-1873
-2117
-2246
-2061
-1731
-481
375
1243
1815
2058
2581
2379
2104
1669
1350
1068
875
662
621
1041
1542
1920
2365
3024
3693
3921
3295
2065
1087
35
-887
-2026
-2685
-2490
-1775
-1161
-830
-130
969
1677
1684
1729
1498
1338
845
638
765
1217
1068
492
216
-363
-1523
-2916
-4230
-4657
-5074
-5453
-5394
-4673
-3589
-2508
-1439
-327
765
1445
1579
1936
1603
986
384
122
658
972
1234
1607
2133
2306
1928
956
-112
-982
-2177
-3133
-3752
-3593
-2815
-2103
-1029
252
1370
2442
3194
3524
3876
3878
3670
3632
3951
3930
3514
2883
1911
1057
-38
-829
-1077
-1124
-1485
-1698
-1840
-1877
-1916
-2454
-2344
-1434
-701
-73
-51
-245
-399
-976
-1898
-2777
-3084
-2923
-2482
-1986
-1123
-386
254
665
948
1037
844
478
-190
-823
-1196
-1452
-1410
-1337
-1079
-665
-287
344
747
1159
1895
2267
2392
2143
2407
3005
3491
3367
2821
3128
3753
4361
4398
3840
3208
1974
309
-1344
-2442
-2962
-3262
-3242
-2541
-1716
-1035
-803
-905
-870
-971
-1308
-1900
-2478
-2510
-2354
-2020
-1697
-1453
-1219
-818
-242
75
169
-39
-318
-416
-378
-853
-1023
-1048
-867
-642
-687
-278
144
201
-68
-590
-955
-1231
-1338
-1326
-1066
-68
1021
2056
2738
3258
3316
3022
2642
2159
1982
1695
1462
1598
1945
2249
2377
2101
1597
1064
211
-695
-1173
-1559
-1861
-1999
-2012
-1637
-914
-261
392
857
1202
1266
950
518
-229
-1168
-1913
-2345
-2502
-2503
-2420
-1947
-1177
-188
244
288
49
-197
-197
-242
-419
-564
-935
-1151
-1250
-1436
-1585
-1231
-1123
-917
-525
-499
126
464
853
1382
1969
2521
3205
3693
3692
3681
3403
3204
2755
2257
1798
1148
301
-611
-1309
-1703
-1772
-1952
-1872
-1361
-1188
-1159
-1509
-1870
-1726
-1651
-1433
-869
-412
257
663
863
1089
1373
1171
870
593
83
-278
-621
-1247
-1964
-2321
-2334
-1931
-1504
-1269
-1294
-1400
-1665
-2218
-2458
-1961
-1062
-221
383
1379
2184
2777
2673
2486
2678
2887
2418
1669
816
266
387
16
-36
202
634
624
476
490
459
429
184
2
178
536
743
1017
1258
1015
654
303
129
-36
-372
-854
-1037
-935
-1007
-633
-219
263
629
819
649
234
-420
-1092
-1647
-1750
-1515
-1179
-1150
-958
-693
-694
-798
-1111
-1217
-1216
-1499
-1654
-1463
-1347
-1081
-807
-150
774
1406
1895
2345
2616
2809
2189
1680
1401
848
376
-421
-1149
-1416
-1455
-1486
-1306
-998
-666
-198
223
605
1065
1390
1340
1465
1435
1632
1785
1789
1798
1548
1169
585
80
-478
-579
-815
-922
-1041
-1114
-1159
-1399
-1313
-927
-328
-140
-201
-319
-585
-825
-874
-934
-713
-257
-97
477
810
1160
1471
1360
1148
635
175
-376
-869
-1190
-1397
-1091
-953
-663
-538
-489
-253
-505
-973
-1388
-1243
-1069
-563
-258
-11
595
896
1038
894
1022
1173
1462
1261
916
965
1070
1232
1327
1780
2381
2914
3103
3032
2594
1815
764
-452
-1236
-2237
-2999
-3163
-3314
-3033
-2806
-2947
-2539
-2177
-1908
-1741
-1832
-1573
-1313
-1040
-433
487
1419
2076
2624
2939
2962
2482
1390
785
292
-271
-1172
-2191
-2757
-2974
-3230
-3455
-3273
-2931
-1922
-1145
-433
95
421
762
1065
1511
1871
2302
2599
2855
3057
2735
2236
1714
1112
913
1013
1023
1001
579
442
388
248
360
-36
-80
-211
-367
-480
-532
-511
-606
-923
-1290
-1265
-1255
-784
-404
49
803
1533
1853
1951
2052
1760
1522
1163
503
146
80
87
156
264
-54
-134
-724
-1155
-1719
-2230
-2276
-2577
-2238
-2105
-1900
-1797
-1577
-1277
-908
-479
-45
630
1269
1790
2041
1692
1245
867
640
747
736
753
830
971
960
758
280
-246
-731
-1277
-1510
-1500
-1562
-1267
-1270
-1330
-1280
-862
-360
-221
113
446
1153
1352
1267
1129
1000
788
396
310
-155
-295
-526
-678
-690
-593
-405
-447
-278
-327
-291
-285
-70
310
692
858
885
849
470
152
-294
-312
-301
-14
350
596
734
436
368
319
164
-56
-271
-164
-59
96
-14
-77
-223
-513
-477
-689
-696
-634
-653
-590
-779
-1028
-794
-532
-507
-459
-266
63
641
1101
1397
1659
1701
1508
1169
768
405
204
-92
46
113
-73
-160
-374
-380
-620
-802
-775
-358
154
487
794
932
1143
1170
1000
1175
1550
1604
1725
1617
1054
708
40
-399
-799
-940
-1339
-1727
-1658
-1891
-1830
-2093
-2180
-2083
-2349
-2295
-1994
-1199
-638
-416
-452
-51
662
1067
1234
1165
1228
984
829
813
857
1015
740
538
158
-281
-614
-1033
-958
-728
-414
-414
-180
55
337
436
19
-59
165
512
636
978
1332
1608
1806
1575
1395
1369
1148
589
271
151
49
-215
-404
-478
-123
159
310
136
-28
60
-166
-332
-696
-856
-1037
-1333
-1618
-1903
-2137
-2343
-2297
-2201
-1889
-1618
-1199
-490
148
942
1457
1988
2558
2961
2990
2747
2201
1141
172
-751
-1338
-1804
-2135
-2073
-1811
-1747
-1497
-1257
-752
-239
-197
-193
-350
-207
-115
203
475
1317
1983
2168
2200
1818
1592
1211
587
-189
-642
-812
-919
-947
-1023
-1190
-1220
-1068
-1001
-914
-825
-971
-884
-744
-519
-52
425
1032
1513
1898
2025
2091
1940
1677
1387
1060
1054
848
376
131
152
313
220
-58
68
142
-162
-766
-1284
-1302
-1226
-1311
-1111
-363
708
1483
1485
1388
1422
1037
706
339
206
473
214
-134
-196
67
-86
-290
-494
-755
-666
-873
-1195
-1464
-1377
-1158
-861
-707
-480
-337
-149
143
278
527
903
1059
1207
1239
902
533
337
315
504
811
911
833
439
-535
-1287
-2149
-2926
-3288
-3476
-3144
-2844
-2404
-1950
-1357
-683
-177
329
962
1564
1703
1804
1681
1648
1507
1309
1137
1010
1151
808
354
-102
-452
-485
-579
-505
-377
-37
20
222
642
1092
1526
1771
1742
1236
404
-666
-1498
-2058
-2184
-1877
-1243
-514
104
326
426
357
-85
-377
-256
103
588
741
1062
1348
1498
1661
1475
1360
1043
522
-206
-1097
-1568
-2031
-2223
-2066
-1828
-1253
-708
-281
-91
319
398
340
504
445
602
712
684
869
1163
1565
1878
2036
1969
1704
999
76
-633
-1143
-1290
-1354
-1126
-855
-388
-239
-20
-88
-333
-677
-1149
-1283
-1470
-1530
-1600
-1446
-1332
-1166
-710
-173
355
866
1137
1301
1181
982
903
900
1070
1002
754
779
811
570
174
-474
-893
-1081
-1219
-1270
-1448
-1635
-1445
-1185
-901
-836
-567
-310
177
563
796
1043
1216
1425
1552
1653
1663
1509
1306
1317
1141
987
657
341
-26
-498
-727
-854
-928
-1018
-1185
-1326
-1513
-1532
-1493
-1335
-940
-572
-424
-291
-134
30
416
596
797
908
1022
1145
1059
862
985
1238
1440
1443
1072
478
118
-435
-867
-1062
-1186
-940
-582
-211
95
276
97
-31
-553
-742
-777
-698
-375
-120
219
586
925
1098
1318
1587
1861
2016
1962
1686
1053
285
-434
-959
-1409
-1677
-1962
-2090
-1984
-1992
-1873
-2056
-2264
-2397
-2628
-2476
-1993
-1348
-678
329
1134
1905
2268
2259
2102
1918
1461
952
567
415
506
377
297
216
-65
-357
-764
-884
-931
-820
-604
-205
176
500
901
1083
1537
1901
2180
2528
2597
2279
1914
1361
852
287
-177
-603
-697
-410
-93
-80
-377
-732
-960
-1052
-1237
-1184
-816
-725
-567
-409
-293
-201
-435
-682
-813
-1020
-1399
-1695
-1737
-1513
-1348
-1254
-1048
-859
-579
-394
-239
-310
-329
-340
-271
-109
13
85
-216
-493
-470
-375
-36
241
722
1061
1076
970
790
738
639
664
894
1308
1741
1979
2160
2393
2326
2184
1772
1313
1095
826
570
270
-85
-616
-1042
-1458
-1677
-1837
-1924
-1769
-1421
-1067
-902
-715
-450
-201
34
140
344
477
482
358
422
394
159
-199
-585
-977
-1068
-1102
-1262
-1153
-1020
-947
-1159
-1218
-1488
-1260
-1045
-1079
-891
-667
-23
664
1526
2165
2704
2927
2715
2584
2122
1699
1400
1098
935
846
691
514
327
147
70
237
384
431
538
444
347
230
-101
-333
-237
-170
-261
-305
-453
-632
-772
-802
-771
-583
-580
-456
-444
-315
-256
-415
-624
-866
-900
-1058
-1283
-1693
-2124
-2278
-2300
-2273
-2188
-1943
-1687
-1311
-881
-768
-454
-91
218
699
1135
1428
1594
1686
1594
1486
1414
1570
1750
1812
1766
1522
1051
443
-125
-503
-622
-703
-784
-750
-570
-353
-274
-66
89
460
951
1292
1217
1069
1016
1028
1205
1284
1285
1371
1387
1164
783
347
-42
-395
-690
-1067
-1162
-1260
-1409
-1379
-1153
-895
-546
-408
-382
-414
-589
-913
-1092
-1174
-988
-707
-327
281
655
664
571
483
179
119
0
-152
-109
-175
-36
-45
-24
29
139
466
602
600
366
90
-20
-227
-436
-600
-539
-311
-126
-58
-84
196
440
732
938
1042
1213
1261
1256
943
784
788
606
258
-56
-141
-293
-628
-1016
-1226
-1327
-1267
-1198
-893
-759
-213
78
292
581
459
536
442
340
270
195
-49
-196
-333
-399
-530
-605
-595
-393
-379
-647
-679
-742
-680
-596
-575
-345
57
227
472
616
852
1043
967
806
588
478
176
97
31
11
-193
-162
-161
-108
-109
-170
-144
-36
103
-88
-238
-372
-370
-242
-73
162
362
345
430
670
1013
1133
1089
1015
966
778
393
112
19
56
-187
-409
-546
-668
-660
-749
-728
-756
-775
-944
-1106
-1007
-904
-729
-717
-746
-628
-518
-322
-96
67
174
197
259
67
17
-73
-38
-52
-87
-106
-130
-325
-844
-1066
-1154
-1074
-1017
-782
-477
-236
-102
-156
-23
163
372
493
596
882
1235
1499
1652
1685
1754
1927
1924
2045
2095
1980
1850
1684
1352
1098
811
526
221
-116
-476
-929
-1220
-1415
-1338
-1163
-1075
-1054
-893
-786
-881
-721
-599
-296
83
282
486
484
379
178
214
306
536
784
742
659
345
-252
-953
-1717
-2192
-2390
-2486
-2555
-2327
-2103
-1777
-1243
-1018
-605
-140
430
939
1295
1628
1848
1955
1898
1878
1877
1963
2057
2117
2024
1753
1404
1052
754
391
-69
-406
-691
-819
-889
-886
-807
-648
-649
-881
-1023
-1254
-1492
-1527
-1287
-1089
-685
-379
-80
208
288
155
-55
-188
-374
-396
-588
-620
-468
-450
-516
-455
-414
-320
-122
-144
-216
-422
-686
-1031
-1238
-1289
-1002
-680
-270
273
829
1253
1373
1529
1525
1342
1010
869
673
624
733
955
1286
1372
1557
1353
1240
1077
603
208
68
19
-84
14
175
370
421
550
640
553
432
74
-223
-487
-811
-1148
-1189
-1062
-759
-467
-149
263
432
461
430
118
-350
-623
-699
-696
-798
-895
-1029
-1010
-985
-1166
-1341
-1250
-1210
-1315
-1323
-1383
-1214
-755
-295
214
498
706
914
1146
1075
636
349
185
322
338
368
597
623
606
616
771
939
1098
1205
895
812
509
264
137
-33
197
484
751
871
862
825
816
730
467
239
-29
-69
-238
-507
-578
-735
-672
-641
-722
-769
-782
-939
-1041
-1071
-1140
-872
-637
-534
-442
-371
-278
-163
-160
-221
-191
-213
-203
-326
-402
-540
-707
-734
-453
-128
24
90
-52
-129
-164
-380
-608
-530
-336
-213
77
323
594
831
1134
1410
1552
1620
1387
1222
1113
897
610
361
163
323
628
729
714
811
786
544
349
12
-47
24
-124
-314
-423
-748
-948
-1048
-1142
-1081
-1164
-1223
-1296
-1202
-875
-422
-91
255
575
768
823
535
359
-33
-282
-493
-757
-990
-1202
-1313
-1427
-1504
-1319
-1219
-1132
-866
-544
-234
-152
-131
-53
99
302
630
904
1161
1594
1949
2207
2380
2361
2289
2183
2015
1850
1514
1275
1087
1014
917
733
581
401
171
-115
-461
-635
-811
-775
-598
-536
-302
-299
-314
-131
42
193
-36
-166
-155
-392
-698
-912
-799
-513
-405
-281
-71
-21
-195
-412
-841
-1350
-1876
-2429
-2492
-2494
-2291
-2117
-1849
-1418
-975
-610
-398
-115
143
547
845
988
1072
1150
1310
1424
1398
1193
1085
952
633
455
435
370
243
50
-107
-120
-179
-157
84
381
557
531
488
458
501
414
365
414
396
626
918
1093
1122
1054
653
225
-207
-652
-909
-853
-898
-1039
-1108
-1303
-1313
-1250
-1210
-1139
-1087
-1011
-733
-401
-258
-94
-74
-72
114
99
-155
-343
-312
-104
166
179
365
658
906
1157
1198
1314
1433
1485
1553
1400
1007
697
345
-61
-229
-510
-704
-599
-483
-450
-343
-410
-150
120
198
224
346
519
595
681
696
782
731
392
264
266
45
-158
-384
-726
-846
-788
-926
-1050
-1050
-1093
-1299
-1420
-1546
-1414
-1289
-1063
-746
-565
-400
-117
107
297
725
988
1129
1183
1090
1013
816
535
368
68
-242
-487
-740
-905
-1037
-967
-794
-525
-293
-96
108
326
466
511
627
732
840
971
1128
1209
1139
1080
861
643
348
316
260
311
223
22
-36
-152
-293
-554
-698
-655
-506
-575
-521
-582
-621
-785
-724
-550
-304
-67
168
465
465
541
334
287
185
66
129
229
290
278
312
487
433
362
228
54
-126
-407
-522
-631
-689
-829
-926
-838
-525
-219
-131
110
340
560
763
667
698
593
477
257
-75
-257
-239
-118
-34
11
15
116
-120
-405
-489
-606
-656
-562
-414
-102
117
25
64
-16
-23
-95
-197
-300
-209
-230
-138
211
409
713
997
1273
1351
1350
1283
1211
1064
748
242
-122
-383
-640
-978
-1280
-1491
-1603
-1483
-1295
-1111
-1021
-822
-622
-514
-56
242
622
982
1236
1340
1248
1028
586
245
27
-117
-345
-450
-526
-534
-573
-525
-416
-513
-540
-491
-352
-258
-78
106
301
491
618
625
602
703
705
810
914
944
712
572
355
169
26
-249
-161
104
316
360
419
476
322
194
114
180
1
-300
-573
-637
-673
-863
-1096
-1069
-1011
-980
-1040
-1000
-678
-383
-113
-81
2
191
234
233
24
-293
-570
-830
-978
-1029
-1006
-958
-682
-470
-538
-506
-364
-57
148
314
672
916
1143
1399
1420
1425
1406
1242
1011
712
476
320
157
109
-15
-2
15
127
306
428
616
813
1118
1205
1223
1176
1030
958
908
934
725
439
-6
-270
-556
-905
-1224
-1668
-1837
-1976
-1932
-1828
-1858
-1738
-1461
-1429
-1222
-1079
-806
-320
64
408
472
602
628
755
690
493
380
250
254
61
-112
-294
-482
-541
-331
-228
-153
-35
96
247
309
438
477
527
406
515
623
648
622
533
517
585
559
435
439
472
539
396
348
379
398
496
468
493
513
189
-37
24
-57
-367
-591
-796
-864
-902
-1130
-1331
-1347
-1198
-1077
-929
-828
-684
-577
-563
-379
-221
-84
163
368
478
486
536
543
385
356
174
-62
-191
-287
-453
-718
-637
-390
-175
107
289
372
559
736
811
901
1024
1082
1078
998
1025
937
872
815
756
711
521
279
-41
-214
-415
-548
-651
-543
-276
-68
77
67
140
213
217
156
-59
-199
-112
-122
-82
-215
-292
-222
-216
-315
-456
-418
-535
-441
-525
-493
-334
-275
-203
-162
-36
103
91
-85
-253
-462
-535
-528
-652
-671
-689
-609
-359
-153
-14
209
438
478
498
465
594
610
500
427
347
301
267
253
23
-122
-205
-233
-194
-381
-238
-182
-89
39
139
294
375
305
292
366
319
388
394
376
295
218
215
91
-41
-120
-133
-239
-186
-123
-99
31
7
44
-5
-101
-12
-94
-201
-192
-80
-134
-68
-65
-2
12
-267
-581
-717
-540
-553
-442
-396
-543
-432
-281
-215
-72
-19
227
346
329
280
290
400
530
491
260
102
-72
-296
-557
-731
-865
-926
-1033
-1013
-966
-911
-776
-662
-362
-67
111
235
336
359
453
445
514
600
914
1108
1039
1037
884
704
619
484
411
485
562
550
365
193
-8
-139
-151
-240
-294
-395
-512
-560
-676
-615
-312
-263
-1
183
313
542
450
311
169
283
424
561
538
404
268
143
79
27
-86
-45
-24
-93
-74
-285
-428
-607
-668
-777
-667
-372
-142
238
451
596
645
828
818
728
660
698
426
410
502
535
424
349
245
131
175
110
97
-33
-157
-178
-85
-88
-72
-180
-159
-271
-404
-414
-475
-449
-427
-445
-538
-636
-763
-655
-437
-208
-133
-154
-159
-325
-565
-665
-604
-617
-810
-814
-754
-662
-600
-637
-620
-547
-403
-369
-309
-142
-8
222
419
462
588
590
704
842
705
533
583
317
271
334
298
408
235
248
316
223
56
73
15
109
97
-150
-215
-219
-145
43
210
198
233
237
267
295
361
343
294
280
353
233
166
66
-75
-272
-554
-734
-854
-794
-722
-790
-799
-576
-443
-267
-89
85
105
78
208
398
536
825
906
910
969
1010
956
804
607
483
401
234
121
29
8
80
-5
-132
-206
-332
-346
-389
-291
-302
-335
-273
-254
-148
26
214
426
606
628
603
629
604
461
233
-58
-31
-244
-356
-534
-659
-632
-640
-622
-782
-1077
-1278
-1264
-1219
-1030
-915
-783
-626
-432
-316
-242
-182
-100
114
213
452
457
388
426
478
455
238
138
25
51
99
-10
-20
87
175
69
147
309
263
279
244
330
450
395
377
393
247
225
370
422
373
375
294
305
364
245
139
146
139
211
206
162
132
147
51
-129
-343
-483
-439
-289
-187
-182
-131
-162
-226
-474
-563
-588
-497
-219
-258
-390
-522
-541
-484
-547
-628
-727
-805
-760
-673
-876
-889
-676
-452
-183
142
365
389
576
698
744
767
735
673
748
815
631
638
502
499
564
554
645
548
378
200
-41
-158
-159
-278
-318
-118
33
287
473
430
348
231
121
178
256
410
506
539
584
532
358
358
455
434
301
98
-96
-131
-184
-232
-322
-373
-327
-455
-487
-435
-466
-521
-630
-802
-953
-1105
-1071
-963
-779
-440
-39
408
737
862
867
836
769
541
473
561
571
579
518
445
391
209
-23
-273
-459
-598
-806
-877
-860
-906
-778
-486
-249
-131
-114
-160
-140
55
116
216
364
496
612
780
914
870
836
698
658
652
531
301
-39
-272
-609
-934
-1181
-1262
-1092
-873
-766
-750
-770
-805
-730
-584
-390
-303
-145
-11
-79
-106
-204
-228
-315
-403
-284
-221
-216
-148
-131
21
243
306
362
292
300
386
362
313
406
331
183
109
-32
-13
-68
-271
-272
-62
217
335
435
415
373
525
356
176
141
155
245
133
-34
22
40
83
179
148
123
87
95
194
218
392
408
272
358
227
242
250
306
293
-24
-289
-435
-462
-452
-410
-468
-633
-715
-741
-604
-568
-513
-302
-71
163
250
338
546
871
1052
1212
1113
1151
1042
635
281
13
-149
-277
-413
-647
-627
-584
-558
-505
-485
-478
-627
-681
-701
-744
-558
-340
-260
-93
84
318
460
649
747
798
732
499
285
152
158
138
240
258
232
191
112
-90
-293
-549
-763
-847
-803
-661
-586
-510
-197
-31
22
87
89
92
-17
-40
59
284
479
828
952
1064
1021
908
732
485
287
128
-196
-273
-210
-195
-169
-258
-379
-343
-286
-378
-537
-635
-589
-623
-554
-522
-426
-325
-211
-111
-5
58
189
388
349
508
720
685
556
477
303
388
551
624
552
373
187
-129
-433
-780
-950
-997
-878
-746
-588
-482
-323
-133
-110
-47
42
278
364
389
506
517
521
470
515
514
411
230
85
-45
-113
-232
-282
-360
-405
-385
-441
-399
-385
-193
-144
-114
-50
10
-16
-78
-223
-86
-76
-135
39
161
171
331
277
83
60
-18
-9
71
48
173
181
58
65
-22
-21
-140
-199
-45
51
73
101
35
84
109
77
23
-20
-107
-202
-242
-114
-22
-69
116
190
273
148
201
148
54
105
196
302
160
163
-124
-260
-381
-616
-542
-616
-600
-526
-381
-166
87
83
112
272
279
273
325
293
272
175
74
-68
-128
-115
-160
-313
-285
-155
-20
-41
-85
1
199
271
242
173
219
411
586
541
374
503
540
514
363
175
18
-121
-161
-161
-332
-371
-394
-330
-432
-546
-526
-438
-446
-473
-423
-418
-377
-392
-255
-193
-220
-116
66
115
23
-16
-79
-102
-107
-136
-71
153
393
449
486
546
472
426
385
195
23
-98
-164
-227
-323
-331
-297
-169
-124
-8
29
132
296
386
553
768
1023
1052
969
822
723
674
473
418
363
234
318
428
169
-271
-602
-844
-803
-813
-805
-585
-567
-466
-425
-327
-346
-316
-226
-174
-58
-31
-40
35
217
158
171
90
156
47
-67
-246
-464
-608
-664
-745
-883
-745
-637
-402
-318
-195
-93
67
142
119
89
43
-97
-59
-43
114
363
428
642
778
624
593
485
384
591
716
741
726
732
688
577
387
248
48
-34
-208
-241
-164
-255
-222
-283
-321
-371
-264
-117
16
-48
-95
-293
-386
-284
-183
-48
53
161
175
128
210
194
268
191
67
10
-128
-344
-584
-445
-405
-511
-544
-348
-209
-234
-132
-35
195
374
463
364
429
493
295
96
-5
-30
9
274
336
311
233
154
106
130
-24
-110
-102
-97
-121
-164
-19
112
30
-149
-282
-380
-478
-576
-559
-542
-395
-422
-408
-252
-79
100
331
620
731
655
467
271
-80
-290
-391
-569
-605
-513
-454
-355
-262
-253
-180
-271
-357
-406
-400
-337
-324
-148
45
102
224
