-56
-68
-43
-36
-27
-20
-45
-67
-83
-124
-101
-79
-75
-60
-57
-29
19
72
54
40
67
77
34
-11
14
33
44
67
15
13
-6
-47
-15
15
81
104
115
45
73
23
3
-13
1
34
56
47
3
-37
-73
-68
-74
-34
-20
46
39
18
-6
4
-7
4
-18
-43
-70
-35
20
-50
-94
-123
-107
-50
-24
-30
-61
-60
-2
-6
-12
-22
19
16
37
17
-4
-44
-54
-24
-57
-21
-2
-25
-63
-23
-13
-12
-3
17
38
43
56
17
-24
10
8
1
50
20
-9
-60
-23
40
71
65
92
145
129
51
-49
-34
4
48
57
96
59
67
33
-8
-38
-14
28
9
-4
-33
-39
-38
-28
-43
-12
3
15
34
7
13
14
21
10
-4
-39
-42
-19
14
3
8
44
19
15
-12
-8
20
43
17
6
12
24
9
30
7
-34
-46
-55
-7
-56
-60
-73
-35
-13
-8
8
12
7
-47
-45
-19
-40
-35
-4
26
21
-6
-65
-87
-75
-59
4
14
23
-6
-56
-92
-84
-45
-56
-45
-49
-66
-65
-4
9
14
37
32
0
6
11
-12
34
14
-37
-24
-34
-15
42
48
50
-17
-19
0
1
13
-30
-28
-10
28
20
10
46
19
16
10
-22
0
38
38
26
44
2
18
38
85
83
53
72
92
112
77
85
86
73
50
38
-12
17
45
62
123
81
45
12
0
-26
-41
-2
32
49
56
71
71
69
62
61
50
68
63
109
89
78
85
38
36
38
41
32
12
58
75
58
62
-9
-4
33
18
12
-17
-51
-22
-11
41
6
-2
-10
-4
12
-11
-44
-89
-40
-56
7
-22
-67
-57
-92
-112
-114
-114
-169
-132
-66
-65
-70
-113
-141
-144
-149
-115
-87
-74
-78
-61
-54
-80
-96
-78
-27
-35
-75
-80
-87
-34
-1
1
-22
-37
-67
-99
-123
-103
-92
-104
-86
-68
-87
-95
-43
-38
-63
-21
-11
-24
-16
-34
12
9
-30
-100
-70
-48
-5
44
26
88
32
33
20
28
54
21
46
70
66
28
-29
-31
-2
17
23
42
52
28
15
-3
16
42
32
94
123
105
149
84
99
92
70
118
119
103
105
81
31
23
38
44
88
139
122
66
61
115
52
22
52
88
59
109
42
8
-37
-28
-10
-16
8
-16
67
83
89
-6
-26
-17
-18
23
43
61
76
131
27
-57
-73
-109
-91
-58
-56
-51
-64
-85
-82
-100
-100
-68
-46
-81
-129
-91
-59
-29
-43
-92
-70
-57
-49
-34
-39
-48
-18
4
8
30
12
-8
-5
19
41
56
104
95
78
28
14
14
43
88
104
102
84
47
29
14
20
-28
-48
4
35
65
36
20
-5
-3
11
-4
4
76
107
81
58
44
47
51
-15
-42
-31
-12
20
-37
-51
-55
-45
-11
-43
-74
-53
-30
-85
-47
-53
-61
-20
-19
-18
-26
-14
6
-5
-7
17
-9
0
26
-13
-65
-27
-48
-30
-34
-26
-1
5
51
23
-15
-1
-12
-7
9
-15
-11
-12
1
34
63
5
-41
-58
-43
-31
-13
28
36
23
43
25
10
22
-29
-43
-96
-106
-105
-104
-112
-113
-94
-53
-46
-63
-65
-80
-95
-90
-70
-62
-42
-51
-69
-58
-18
26
42
33
18
36
30
32
-19
-16
49
27
-3
39
98
108
102
89
53
4
-18
21
43
51
57
54
54
62
2
-13
-2
49
90
99
103
81
142
137
110
95
59
57
32
38
18
4
-20
18
48
36
30
11
24
20
23
10
-3
22
23
27
35
25
-3
8
13
38
16
-16
-16
-25
-36
-53
-38
-6
-3
11
36
-3
-48
-56
-69
-63
-12
-34
-36
-39
-50
-61
-80
-87
-69
-25
-17
-60
-83
-110
-80
-73
-48
9
-1
-3
-23
-19
-62
-66
-35
-68
-106
-106
-105
-123
-103
-79
-71
-46
-55
-70
-25
-31
-23
-33
19
16
-1
-20
-7
-7
3
40
19
12
46
33
17
12
25
26
61
55
41
36
29
10
-13
-6
-7
5
27
28
90
70
15
5
-26
18
69
79
57
19
-11
17
-7
-1
5
29
98
125
111
98
89
70
72
42
44
25
60
71
74
42
25
51
28
48
80
82
85
86
49
15
0
-11
-10
35
25
41
74
121
95
59
30
33
82
102
91
91
86
24
40
-12
17
35
23
34
64
29
79
79
19
15
-19
-7
-19
14
8
-20
-47
-82
-94
-81
-78
-39
45
27
-20
-58
-107
-114
-113
-75
-28
-15
-65
-131
-161
-148
-137
-119
-133
-88
-101
-130
-124
-175
-185
-196
-185
-112
-95
-34
5
26
21
-42
-83
-92
-83
-30
6
-33
-57
-55
-48
-89
-78
-62
-51
-66
-63
-25
-9
-22
-12
17
-36
-47
-57
-17
-5
21
17
6
44
37
2
-1
46
61
61
41
69
49
45
76
131
144
118
117
62
18
37
64
33
19
28
23
52
56
21
-4
16
28
56
12
51
98
73
37
21
1
-31
-11
-21
-8
-9
23
10
11
15
12
5
-10
43
47
28
50
24
-2
-3
-11
-41
-50
-21
-31
42
63
48
-38
-75
-59
-33
-16
2
65
76
115
59
38
16
-40
-45
-90
-47
-5
2
25
48
23
-24
-66
-85
-62
-14
-9
11
32
-56
-101
-132
-98
-24
6
-16
10
0
11
6
26
65
42
41
37
21
22
10
-20
2
13
48
45
63
59
54
18
35
5
-34
10
-20
-16
31
15
-14
-16
6
12
30
60
37
51
70
41
34
65
69
59
58
50
66
74
33
18
14
-19
-46
-48
2
23
31
33
39
-18
-16
-25
-57
-56
-48
-2
-9
-3
30
-4
-9
-9
-18
-4
30
56
69
44
32
-7
2
-51
-46
-37
-49
-22
-41
-37
-31
-12
-15
-9
7
-31
-27
-60
-49
13
-22
-31
-61
-53
-43
-15
-47
-56
-44
-64
-30
5
34
74
55
49
58
-1
2
-29
25
18
-34
-42
-96
-80
-59
-62
-63
-42
-17
26
3
4
-4
-45
-57
-34
-70
-46
-17
-26
-35
-41
-1
12
-38
-14
36
64
104
106
93
78
20
-6
-12
-18
38
58
66
28
-2
-6
-8
34
77
99
119
82
75
86
72
47
-8
-13
12
82
76
54
31
-42
-94
-84
-55
-51
-42
-40
-23
-20
-71
-64
-26
-30
-25
-16
-74
-64
-142
-91
-46
-88
-86
-104
-94
-83
-77
-69
-86
-119
-89
-99
-112
-77
-64
-57
-10
7
-16
-62
-81
-53
-19
-17
3
-29
-53
-72
-70
-45
2
51
67
37
27
37
33
73
104
72
51
33
43
55
39
32
15
71
77
67
26
29
66
29
23
-23
-2
14
30
39
31
50
43
97
97
81
62
66
35
88
97
105
81
51
74
14
34
80
62
54
78
38
15
16
59
71
27
9
-9
-50
-27
-19
-36
-27
-29
7
15
-31
-36
18
47
41
11
13
43
82
20
-42
5
24
25
27
6
-16
14
71
56
39
65
64
53
40
31
5
-23
-21
-31
-1
14
-34
-54
-48
-61
-37
13
9
28
52
58
43
8
-44
-31
13
-2
17
14
16
46
21
34
6
12
2
-31
-58
-26
-3
-13
-29
-33
-29
-41
-15
-8
-38
-69
-99
-95
-92
-130
-114
-77
-67
-9
-69
-138
-146
-129
-104
-65
-55
-40
-4
-9
-33
-24
-26
-51
-79
-44
-47
-48
-25
-17
-19
-11
-15
-4
20
33
40
61
77
53
16
-35
-5
-10
-3
-5
1
-17
14
7
-9
-21
-39
42
47
-11
24
5
16
-2
-37
2
46
63
55
-27
-42
-39
-48
7
28
57
74
87
58
39
21
57
99
93
16
14
-4
-39
-12
-16
21
6
-30
-25
-29
-42
-86
-95
-45
-8
-32
-21
-44
-8
-22
-33
-20
-30
-37
-51
-8
10
-15
2
20
0
22
-16
-20
-19
11
17
23
-2
-14
59
54
44
25
7
12
43
50
39
-2
4
16
56
66
45
59
39
6
-5
-8
-3
50
83
66
-12
-78
-72
-69
-58
-6
8
4
-29
-39
-41
-38
-8
18
-28
-32
-61
-23
43
16
2
-44
-31
-22
-41
-22
-18
33
72
122
117
88
39
39
10
-3
42
51
66
62
57
33
49
4
-34
-22
-1
23
1
24
20
28
60
101
99
74
27
4
19
50
47
66
94
58
62
9
20
48
27
62
71
44
19
-62
-28
-2
-7
-15
16
29
17
-35
-99
-69
-86
-49
-29
-42
-12
10
33
39
14
22
24
21
1
-3
21
22
-25
-36
-33
-40
-45
-76
-67
-66
-56
-42
-45
-41
-47
-72
-41
-15
-46
-71
-101
-84
-61
-55
-51
-69
-73
-64
-81
-44
-55
-1
31
-8
14
15
-42
-40
-35
-75
-74
-60
-17
13
11
-43
-55
-87
-70
-37
-23
1
35
10
6
-5
-32
-12
-62
-75
-77
-56
19
3
-8
17
1
-17
-19
-36
-45
-6
27
7
-19
-10
49
52
51
87
71
39
37
30
43
110
87
94
61
36
25
41
92
105
127
141
189
187
127
117
94
44
68
50
38
58
64
68
78
68
50
16
-28
-42
-56
-17
-72
-34
29
19
50
25
-1
15
-13
-41
-9
-24
-26
-39
-54
1
-14
-55
26
35
0
-49
-77
-79
-56
-47
-63
-15
-23
-37
-83
-120
-133
-141
-125
-75
-44
-21
-44
-38
-47
-55
-32
-16
0
-33
-42
-38
-50
-92
-89
-57
-58
-18
-55
-34
8
-23
2
-64
-96
-93
-87
-96
-79
-45
11
-7
1
23
-3
16
20
18
25
100
76
119
65
19
53
59
50
67
87
61
86
84
67
55
80
53
32
55
57
21
41
25
0
12
-19
-61
2
48
92
88
35
34
2
31
27
-2
14
39
34
27
-15
-15
-20
9
59
9
-7
-41
13
22
25
-29
-51
-48
-38
-39
-4
20
18
28
51
21
18
-9
17
31
41
95
84
66
58
47
13
51
26
20
8
10
31
65
61
29
-24
-3
62
38
47
-8
-15
44
45
19
30
-10
-14
-16
-5
-14
-66
-36
9
13
1
-35
-24
2
12
17
-30
21
7
-15
-58
-84
-65
-79
-18
-22
-63
-61
-27
-30
-54
-46
-65
-40
-17
-30
-52
-27
1
18
46
20
-2
-8
-19
-24
14
51
65
47
25
5
21
-16
-51
-59
-14
27
55
74
-2
1
11
-23
-79
-90
-72
-55
-66
-77
-131
-144
-105
-97
-93
-104
-78
-32
-58
-89
-124
-152
-168
-137
-87
-37
-63
-132
-148
-154
-151
-188
-180
-127
-80
-28
5
-28
-33
-18
-55
-6
3
-10
53
86
88
84
32
24
74
92
89
70
120
99
86
93
74
76
80
72
97
132
94
110
96
55
46
25
41
80
53
64
114
152
126
77
32
52
123
144
161
126
151
133
133
95
27
22
27
55
81
71
99
64
-52
-46
-34
-28
34
48
45
44
10
-10
-62
-92
-38
6
26
38
11
-20
-22
-55
-67
-19
-6
51
26
8
-7
-35
-31
-23
-16
-16
-9
-1
11
-18
-15
-74
-70
-67
-60
-51
-28
-30
-10
24
66
48
-9
-31
-19
-32
-19
25
33
28
18
-24
-29
-38
-8
-1
-18
21
-8
-17
-29
-51
-34
-36
-64
-35
-53
-86
-87
-94
-98
-120
-74
-10
2
43
53
20
15
-13
-44
-52
-25
41
73
60
10
21
18
-1
-50
-41
13
-15
-29
-5
-33
-53
-71
14
2
-27
8
9
3
-22
-31
-48
-3
1
0
-18
-57
-49
-22
22
19
-4
-14
34
30
53
53
29
31
-7
-32
-27
-54
-44
-17
-16
-3
-74
-99
-123
-101
-50
-32
18
38
30
44
29
-7
-30
-24
-15
41
63
84
43
30
29
21
34
50
22
46
70
93
91
63
68
10
11
-17
-22
-3
12
34
36
32
24
43
56
34
51
107
84
74
48
40
43
32
52
65
69
61
43
19
-10
-9
10
14
-7
-6
-35
-49
-43
-102
-93
-86
-74
-17
-35
-36
-60
-56
-73
-66
-38
-15
-32
-65
-61
-96
-119
-97
-52
27
35
-4
23
36
-4
4
-19
-11
-28
-13
-6
-28
-42
-34
-27
-20
12
10
-26
-16
15
14
-11
20
28
-1
22
10
14
-5
-28
-37
-77
-104
-71
-42
-54
-55
-80
-37
-33
-27
-24
-27
-86
-107
-106
-26
67
20
15
-46
-6
35
25
56
83
74
100
112
69
48
43
86
56
55
36
6
13
0
-26
10
49
59
81
53
58
37
22
7
-33
-45
-6
25
52
74
67
74
113
75
38
34
47
76
69
90
88
52
54
54
20
-13
9
34
44
56
61
61
36
58
13
-10
-15
-36
-5
5
31
69
55
-1
8
46
12
7
18
-19
-18
-38
-57
-90
-55
-12
-48
-12
27
77
11
-73
-51
-46
-32
-56
-78
-65
-24
-27
-38
-19
-34
-38
-36
-66
-77
-42
-47
-9
19
8
-20
-18
8
-31
-21
3
-1
-40
-24
-20
-7
6
-13
-42
-80
-87
-70
-69
-41
-58
-12
41
40
33
45
70
89
113
69
34
16
-29
-9
4
-9
-10
-17
-33
-60
-20
-7
-7
-15
-13
-9
-3
-93
-129
-82
-35
12
-72
-88
-60
-54
-33
-56
-58
-45
-40
-32
-9
-7
1
6
-14
-40
-61
-39
-59
-86
-43
-92
-93
-66
-105
-103
-48
-25
-12
-7
1
-13
-49
-44
-40
-81
-50
32
67
62
72
106
81
42
-5
11
11
44
38
66
81
87
116
85
79
66
54
73
63
36
67
90
83
102
70
73
47
-13
8
33
25
32
31
4
12
43
86
75
52
46
31
68
115
113
94
83
51
45
-17
-39
22
45
79
58
-2
-21
-10
-6
-6
-42
-82
-84
-23
14
-2
13
23
31
-10
-35
-48
15
15
-3
-12
-1
10
19
3
-15
-3
12
67
50
46
-8
-51
-46
-28
-29
-43
-25
-6
-16
-29
-7
-42
-72
-78
-21
-39
-33
-33
-25
9
-19
-39
-26
-30
-18
17
-8
-12
-49
-30
-72
-68
-26
-22
34
5
-68
-139
-149
-112
-82
-82
-63
-33
-35
-45
-54
-89
-71
-57
-72
-17
16
-20
-7
14
28
53
99
65
43
66
46
70
87
104
76
37
26
53
75
76
83
39
55
32
2
47
31
73
87
5
-2
-35
-46
6
63
75
85
70
84
13
-5
1
9
27
42
39
58
74
61
31
-33
-32
-61
-66
-24
-26
-2
-2
-44
-30
-5
-22
30
24
8
3
0
-14
14
14
-12
-59
-110
-123
-66
-12
-35
-50
-89
-59
-36
25
15
14
10
21
36
-6
-58
-72
-40
-23
-34
-51
-23
-36
-26
13
-8
-9
-4
-37
-13
4
-15
-19
-10
21
11
-13
-31
-50
-20
40
25
23
-10
3
-7
-9
-33
-35
-37
-41
-30
-70
-58
2
15
25
67
42
28
26
6
-43
-15
15
-12
-36
-48
-74
-42
19
9
-34
-8
32
41
-10
-45
-12
-9
5
-4
-43
-35
-58
-67
-36
-69
-40
-1
-32
-33
5
5
5
19
38
43
32
51
39
18
19
31
66
51
20
3
-44
-15
26
12
25
33
29
62
65
24
83
35
25
9
27
82
68
84
91
86
73
39
24
50
31
14
34
59
11
16
-27
-39
-50
-67
-20
-7
33
11
-52
-65
-60
-69
-20
-3
-15
-19
-35
-25
-17
-3
45
71
54
36
24
41
61
40
75
54
39
56
26
5
21
18
56
25
26
56
58
86
68
-15
17
49
55
33
-10
4
-7
36
40
71
68
67
69
35
37
60
56
13
-2
-16
-29
-18
-8
-36
-48
-39
-1
7
-26
-82
-128
-148
-106
-74
-92
-89
-72
-66
-81
-84
-114
-167
-185
-144
-131
-72
-12
9
12
-48
-39
-56
-64
-72
-41
-84
-53
-50
-65
-30
-58
-51
-23
3
1
-21
2
35
-40
-61
19
64
38
54
75
107
68
35
-25
-2
46
59
111
87
84
85
89
70
77
45
68
115
83
-11
-29
42
79
49
42
80
13
20
26
30
11
33
-8
35
-44
41
-103
68
-72
201
-249
834
610
-684
30
-738
172
350
-876
-596
-265
-442
-10
-162
107
-142
21
58
-343
24
-286
-13
-179
-144
-42
-47
151
181
149
56
167
7
139
20
-56
33
-34
-53
260
63
275
165
138
231
-55
38
-116
-30
121
-5
110
-110
-52
161
-126
116
188
1
4
-45
49
255
158
-1
-59
-104
139
-18
120
128
231
-76
755
496
-547
-156
-669
262
671
148
-565
-562
-500
-388
719
-40
-97
843
-218
-323
-586
-172
1097
-86
-616
-61
-200
310
-576
-256
320
247
-83
-230
553
132
-50
-411
-427
1137
-154
-229
-117
-822
431
-256
3
510
184
1544
426
-341
-228
-221
488
691
-934
-382
-386
-274
840
-507
355
478
10
768
-756
-243
-204
-837
117
-508
-327
354
-75
676
682
-489
540
-220
135
443
-348
81
44
-157
3
193
-16
274
295
120
93
-448
-798
487
-913
369
-743
-608
878
-1043
661
484
-596
422
-123
-301
1169
-845
48
302
-185
521
-65
145
562
188
7
-208
-643
20
-786
402
-522
-1470
-608
-157
623
79
-393
-338
359
-197
33
-64
10
169
61
-14
-218
76
575
140
702
-162
-391
395
9
133
-10
132
24
346
94
-11
334
-354
55
-10
-30
-281
-209
52
100
-205
-425
195
-246
55
604
-299
212
1
-126
665
-308
366
-89
-99
227
-195
10
-562
106
-77
-123
-37
-69
-362
42
23
-661
488
-508
-6
695
-583
-246
-130
-483
611
-439
-518
101
-326
564
114
78
329
-496
289
760
300
750
192
575
1032
67
621
608
192
1036
251
236
389
-126
650
9
-226
100
-559
-168
31
-464
-430
-879
-465
-445
-606
-588
-723
-696
-1080
-911
-1071
-1156
-1463
-776
-622
-883
-432
-707
-279
969
906
1444
1594
1286
1849
1720
2550
1998
2190
2179
1756
2408
1394
1461
1444
1353
1366
767
414
-526
-1052
-1207
-1631
-1830
-2300
-2464
-2508
-2897
-2988
-3282
-2849
-3045
-2491
-2817
-2674
-2651
-2557
-2152
-2037
-1886
-1483
-1354
-660
-353
-460
-280
1773
2123
3432
3813
2325
4130
3981
5480
5371
4505
4578
4143
4913
4239
3208
2889
2163
2674
1895
405
-855
-2176
-1727
-2934
-2828
-4121
-4425
-3835
-3986
-3895
-5143
-4391
-3943
-2559
-2141
-2473
-2092
-1774
-634
-104
-171
-192
-5
505
246
-346
-1341
-2166
-1500
-1913
-1617
-2288
-2669
-2765
-791
296
456
1958
81
2858
3840
4823
5509
4700
5717
5448
6808
6606
5826
6395
5412
6061
5090
2967
2177
418
1012
-740
-2302
-3232
-4982
-4246
-5148
-6089
-6711
-7133
-6611
-5746
-5832
-5976
-5530
-4656
-3738
-2741
-2636
-2311
-1139
-614
9
-361
-1215
-1282
-686
-427
-158
-99
-1093
2319
2295
3647
4538
1796
5393
5519
7231
6939
4968
5922
5181
6928
6013
4793
5774
4395
5892
4125
1902
629
-1373
601
-1873
-2504
-4181
-6025
-4642
-5993
-6171
-7234
-6426
-5846
-4984
-5243
-6331
-5446
-4755
-3358
-2296
-3256
-2697
-1794
-1399
-837
-1171
-1609
-1384
-348
-1291
-498
-1456
-1457
402
2435
2633
3930
3682
3004
6240
5693
6198
5943
5052
6032
5663
6015
5022
4508
5757
4999
5408
3757
2045
1523
294
421
-1968
-2141
-3183
-4079
-3465
-5751
-6075
-6262
-6074
-5214
-5083
-5626
-5375
-5136
-4347
-3653
-3363
-3468
-2347
-1704
-1108
-761
-1311
-676
159
1072
1259
1284
1373
1928
2734
2113
3719
3735
3854
4827
2994
3270
3411
2107
3047
1966
1116
2115
1427
1768
1631
1777
1848
2187
2485
1933
1581
852
978
647
221
554
-359
-416
-765
-1267
-1862
-2384
-2801
-2726
-2497
-2489
-2512
-2825
-2773
-2234
-2263
-2248
-1575
-1265
-752
-599
-354
-69
669
782
1273
1670
1673
1759
1316
1161
995
541
522
122
-234
-570
-1243
-1948
-2250
-2324
-2750
-2523
-2877
-2471
-2058
-1712
-1426
-1174
-776
-254
417
907
1419
1876
2053
2636
2783
2625
2752
2560
2914
2752
2738
2550
2421
2220
2055
1838
1933
1804
1809
1644
1394
1092
885
701
556
333
-37
-107
-739
-1000
-1632
-1881
-2546
-2864
-3163
-3675
-3757
-4276
-4334
-4425
-4674
-4798
-4887
-4596
-4416
-4084
-3994
-3413
-3151
-2632
-2001
-1338
-820
-287
503
1081
1674
2342
2791
3262
3746
3961
4470
4499
4868
4871
5267
5269
5207
4999
4769
4635
4527
4516
3892
3736
2795
2593
2012
1704
1342
793
383
88
-583
-1684
-2147
-2792
-2868
-3388
-3506
-3891
-3662
-4082
-4025
-4245
-4448
-3859
-3966
-3619
-3602
-3736
-3765
-3823
-3597
-3419
-3233
-3103
-2772
-2422
-2164
-1866
-1697
-1470
-1148
-701
-330
162
724
1289
2037
2917
3378
4122
4622
5286
5729
6335
6520
6674
6765
6463
6434
5952
5398
4622
4159
3314
2397
1132
264
-769
-1910
-2285
-3176
-3476
-4034
-4646
-4753
-5117
-5258
-4901
-5113
-4390
-4061
-4214
-3224
-3490
-2841
-2830
-2002
-702
-507
-30
-272
-317
178
237
385
298
-794
129
-66
98
-267
-1726
-429
549
391
690
-144
-129
1952
1340
1614
1015
1502
2796
2597
2960
2751
2545
2834
2796
2583
2685
1656
1729
1230
1136
466
19
-370
-708
-483
-865
-1309
-1300
-1537
-1501
-808
-958
-1503
-914
-678
-610
381
-728
-659
543
-669
341
-122
-1014
342
-628
-1190
34
-483
-376
-328
-767
623
124
126
-173
-438
1101
-273
-1407
-637
-2017
-999
-529
-2450
-1453
-1400
-2115
-1757
-2517
-1993
-1173
-1687
-914
-656
-919
259
706
1225
1866
2096
2668
3641
3440
3224
2984
3642
4024
3724
3457
3326
2915
2706
1701
1610
912
583
581
435
-150
-709
-1026
-1173
-947
-1185
-990
-1652
-1623
-1142
-1325
-952
-1491
-2085
-932
-1619
-695
-1550
-2253
-965
-1615
-1626
-1615
-2166
-2375
-1531
-2692
-2156
-2640
-3800
-2084
-979
-1657
-1893
-1452
-837
-3
308
478
542
1414
810
2366
3390
2710
3062
3445
3873
4552
4161
3060
3470
3691
3897
3133
2246
1919
1577
1798
1092
-29
-499
-733
-948
-1017
-1786
-2286
-2005
-1634
-1792
-1999
-2374
-2158
-2097
-2105
-2489
-2117
-2655
-3420
-1907
-2373
-2501
-2326
-3502
-1497
-233
-2721
-2043
-1697
-1631
582
-192
-1514
-1271
210
1461
1913
992
383
1164
2450
2495
2355
2116
1576
2288
2460
3674
2841
2429
3260
3468
4335
3122
1911
1434
1892
2383
1403
72
-968
-806
-134
-1025
-2336
-3398
-2992
-1878
-1683
-2717
-3591
-2827
-1601
-284
-819
-2050
-1380
117
570
108
-778
-1215
-45
630
-9
-586
-1274
-1152
-999
-1104
-1894
-2757
-1980
-2733
-2742
-883
-1309
-152
-910
-1415
993
1577
1341
905
1389
2867
2658
3375
3320
3570
5112
4567
5192
4545
3423
3721
2856
3066
1785
600
194
-1183
-1105
-2115
-3081
-3203
-3145
-3115
-3068
-3252
-3436
-2516
-2294
-1229
-657
-1175
-308
-387
-93
-188
-1136
-771
-297
496
45
-1363
-2254
-2232
-2158
-3076
-3246
-3345
-2509
-249
-1387
-416
-510
-1927
765
2371
3348
3621
1888
2695
3224
5437
5325
4136
6182
6020
7223
5680
2927
2438
2321
3406
1899
-115
-1531
-2648
-2492
-3698
-5432
-6065
-5612
-4721
-4113
-5062
-6002
-5557
-3966
-2453
-1837
-2378
-1636
-1027
-898
-1238
-984
-646
232
847
-450
-1428
-2583
-2353
-1462
-1412
-1446
-77
458
2268
679
-501
1938
3543
5974
5356
2914
3295
3455
6490
6592
5578
6862
5289
6976
5397
2409
1620
981
3016
1753
-386
-2757
-5352
-3984
-4619
-5204
-5612
-6280
-5346
-4633
-5770
-6588
-6196
-4689
-1903
-851
-1823
-2082
-2807
-1267
-353
-180
93
-495
217
-1010
-1743
-3421
-3048
-2128
750
2387
789
995
-1569
1057
5422
5775
5886
3261
3334
4517
5093
7157
4633
7362
7749
6455
6792
1847
2242
2474
3378
3652
-765
-1900
-3975
-3805
-3189
-5031
-5231
-4900
-5140
-4668
-6805
-7930
-6590
-4718
-2323
-2296
-3744
-3851
-3464
-2502
-1727
-1713
-275
-250
-197
-1710
-3003
-3199
-1548
-1053
1551
3057
1385
2594
-308
1925
6173
6901
7994
3872
2952
3233
4159
8073
5315
7127
6818
4415
5300
1366
1388
2006
2993
3643
-1007
-3043
-5157
-4840
-2548
-4098
-4135
-4967
-5776
-4906
-6485
-7208
-5699
-3439
-1693
-2171
-4656
-5192
-3836
-2123
-746
-1598
-1415
-1603
-1704
-1903
-3000
-2498
-734
-612
1684
2801
978
2624
409
3038
7675
8346
8168
3761
2622
4244
5992
9619
6506
6842
6116
3533
4887
1380
1602
2883
2587
1820
-3849
-5767
-6293
-4601
-1956
-4763
-6019
-7198
-7951
-6029
-6548
-5984
-4064
-2847
-2322
-4045
-5773
-4081
-1300
620
1000
-2067
-2080
-2600
-1321
-978
-2021
-1320
-489
-1620
-40
1638
538
3100
561
2214
6622
6422
6226
2372
1418
4496
5789
9961
6122
5506
5932
3984
7132
3427
3339
3758
2591
2437
-3097
-3994
-4674
-3314
-1385
-5252
-7383
-8738
-8800
-5638
-6066
-7081
-5731
-5341
-3804
-4006
-5893
-3721
-1177
257
1336
-1880
-1263
-582
1070
1698
-303
-682
253
130
1200
3437
954
3105
724
225
5748
5544
6316
2984
520
2933
3506
8685
6254
5337
7217
3534
6820
3835
3243
5282
3295
4219
-886
-2598
-2512
-3014
-979
-4170
-6590
-7109
-7978
-6030
-5775
-7921
-6386
-5656
-4856
-3506
-5134
-3787
-610
-619
810
-2275
-1868
74
889
2051
-540
-1514
-643
-1032
446
3932
427
2391
-656
-935
5882
4759
5464
1480
-1272
3297
3075
8743
5811
3428
7034
2618
6532
3963
2797
6126
2605
3533
-2367
-4002
-1725
-2362
-272
-4630
-8293
-8487
-8356
-5887
-5889
-7807
-6595
-6129
-5224
-4262
-5341
-3258
758
166
1101
-1607
-490
2194
2517
4049
567
-517
941
512
2303
5438
1944
2135
-865
-1139
6204
6631
6012
605
-3689
1023
2906
8155
6210
1902
4895
1451
4066
3164
1572
5058
2285
1786
-3485
-5559
-2836
-2030
-143
-4083
-8433
-8708
-7443
-4606
-4488
-6749
-6058
-5705
-4194
-2756
-3361
-1596
1570
787
1118
-1209
374
3037
4008
3566
-555
-1723
586
1784
3479
6052
1198
1967
-1279
203
8499
7381
6658
785
-3360
2092
3831
9476
6665
2555
5044
745
4117
3072
1982
4934
557
-273
-4799
-5526
-1982
-2490
-1975
-6478
-10348
-8744
-7185
-4393
-4913
-7474
-6949
-6840
-4554
-2349
-1500
-467
561
-688
181
-697
2284
4186
3494
2185
-779
-1315
1885
1672
5043
5474
-112
1079
-3335
3761
10370
6601
4383
-4327
-2597
4734
6602
11037
2781
1450
3671
1851
6355
3045
3736
4304
-353
-1760
-5830
-3276
-66
-1410
-4090
-10020
-11267
-7016
-4588
-3762
-7502
-10805
-8597
-6267
-3169
-2231
-2809
-1168
-884
-1489
4
-201
4675
4925
3327
360
-1851
1117
4992
4655
5091
3858
-916
1937
-975
6226
11545
6217
2645
-5394
-2628
6247
7991
11612
1188
-1449
2243
1699
8306
4743
3040
2615
-2298
-1430
-3940
-559
1423
-2118
-5247
-10476
-9724
-4473
-2417
-3195
-8782
-11910
-9194
-5108
-1775
-1747
-4837
-4683
-3561
-2012
1265
896
2898
802
-1164
-1251
-1191
2383
5543
2641
3889
1419
-1695
3576
1209
9832
11599
3988
761
-5436
2565
10845
9798
10290
-2198
-619
5616
5410
10260
2611
970
1269
-1782
691
-1941
681
356
-4595
-7139
-9815
-6925
-1635
-2542
-6134
-11488
-12296
-5659
-1479
-1521
-4185
-8375
-5302
-2553
-444
2028
-719
524
-1579
-2076
-890
-280
2898
3364
-859
1311
30
131
4204
-353
8423
8557
3076
759
-3984
5421
11363
10142
8903
-2597
2655
8954
9423
11319
2126
1844
3164
2013
3157
-451
491
-331
-3423
-5241
-7278
-5552
-1914
-4291
-8281
-11925
-10711
-3855
-1220
-4144
-7127
-9923
-4033
-471
206
408
-3146
-1065
-1206
-827
-268
-350
1152
2061
-2508
2279
1060
503
2990
-2930
7088
7626
2327
576
-4893
5028
10058
8662
7899
-2662
4429
9920
9715
10437
1585
3309
5331
4455
3773
95
636
479
-1667
-3959
-5400
-4678
-2259
-5437
-9961
-11378
-9133
-2871
-1717
-6653
-8556
-10686
-3712
-30
-366
-1341
-4716
-2368
-1167
-361
-303
-1568
-687
610
-1441
4329
1129
-594
-317
-3042
9245
8885
2560
-1696
-5879
5121
10109
8549
5498
-3695
4700
10243
10290
8328
735
3154
6091
5776
3518
745
989
1258
-601
-3359
-3792
-2735
-488
-4718
-10147
-10240
-7019
-140
-1123
-7312
-9342
-10084
-1353
688
-700
-2905
-5385
-1356
129
281
-1519
-3182
-1494
-276
330
5890
-147
-951
-3145
-2433
11294
7592
1359
-3885
-5774
7688
9752
7661
2282
-4640
6753
10774
10381
5564
-1038
3040
5532
4538
2244
223
-534
-21
-2521
-3797
-3211
-2665
-1208
-7159
-10464
-8173
-4127
1806
-3155
-8929
-8708
-6780
2693
1827
-1064
-4147
-4517
108
1583
410
-2168
-3388
-904
188
1583
5199
-2671
-1297
-5207
1013
12858
4701
-361
-6614
-3861
10931
8745
6907
-1682
-4170
8887
10413
9723
1716
-2468
3624
5600
4922
1333
-1250
-2023
-1340
-2988
-3186
-3188
-2848
-3369
-9375
-10391
-6118
-2643
828
-6589
-10294
-6809
-3867
4341
-372
-3507
-4461
-3046
2680
2691
-6
-2925
-3612
-17
1359
2736
4535
-2489
-2133
-3415
2952
12645
4727
-2017
-5540
-1170
11783
10275
5349
-1643
-2661
9289
12655
9371
1396
-2515
3149
6683
5515
1458
-1089
-2527
-1319
-1269
-1932
-2374
-4002
-5405
-8549
-8572
-4366
-2646
-2712
-8710
-10557
-5223
-2628
1740
-3290
-6097
-5075
-2078
2499
1370
-2026
-4634
-3321
878
1194
3632
3158
-3010
-1978
-3030
5985
12789
2665
-3417
-5057
2465
14244
9397
2677
-3516
-402
12587
13732
6982
-1252
-2719
5212
8346
4744
-282
-3130
-2556
-176
-415
-1777
-3854
-4608
-5761
-8296
-7004
-3706
-3313
-4199
-10079
-8735
-3226
-2444
-358
-6381
-6718
-3090
-215
2254
-1179
-5202
-5083
-2376
2210
1571
2908
884
-4241
-939
-1226
8095
10722
-890
-3801
-2367
6665
14520
5597
96
-2766
4204
15177
12173
3481
-2752
-89
8725
9293
3424
-2087
-2869
-1103
1706
-118
-2717
-5417
-5551
-5012
-6746
-6053
-4939
-6425
-6588
-10549
-6732
-3096
-5256
-3899
-8636
-5749
-1971
-1419
-1056
-4092
-5916
-3104
-1210
1105
-309
2381
723
-2392
-300
321
10321
9584
-1746
-3487
-555
10202
14451
4060
-1226
-1830
8150
15956
10099
457
-2981
3662
11219
8537
323
-3507
-1657
1464
3416
-544
-4126
-5671
-4134
-3708
-5457
-5568
-5251
-6538
-6741
-9097
-5189
-3697
-6699
-5330
-6971
-3370
-1800
-3208
-4520
-4644
-3856
-1718
-1070
-2141
-2388
2595
1816
-2281
-2254
-1244
10032
9621
-2695
-4468
-626
10038
14556
3524
-1495
-1105
8441
16200
9518
104
-1284
5750
12077
7669
-300
-2311
1074
3664
3678
-602
-4580
-4819
-2324
-2576
-4791
-5799
-5182
-6097
-6334
-8869
-5508
-4260
-7340
-5399
-6567
-4236
-2997
-5125
-5131
-4010
-3720
-1495
-3108
-2811
-2751
3247
-239
-3316
-1691
-249
12005
5844
-5805
-3424
697
12588
12107
-413
-1379
652
11641
14965
6124
-1203
771
8796
11887
5076
-2207
-1414
2880
4441
3175
-2026
-4440
-4366
-1776
-2688
-5496
-5798
-5759
-5845
-5018
-7761
-4137
-5649
-7723
-3334
-3707
-2023
-3482
-6189
-3552
-928
-1727
-1588
-4283
-3444
-688
4793
1107
-4890
-3544
-281
12240
6864
-6500
-5195
171
11507
12640
-419
-2675
205
10216
14627
5933
-1797
292
8516
11049
4922
-2303
-1709
2515
3011
3019
-1342
-4481
-4052
-2355
-1978
-4512
-5225
-5478
-5329
-4028
-6160
-3780
-5391
-6610
-2099
-2435
-2383
-4120
-5011
-1623
800
-1636
-3047
-3938
-2605
407
3765
2408
-5380
-3823
-161
9864
9534
-6391
-6844
17
9131
14123
1066
-3731
-860
7458
14849
7874
-951
-1195
7427
10240
5228
-1163
-3122
2575
2302
3173
158
-5043
-4602
-3328
-1376
-3722
-5538
-5358
-6841
-3920
-5411
-4020
-4185
-7634
-2089
-1190
-2775
-3776
-4599
-784
2107
-1508
-4074
-3503
-1961
1956
2525
4324
-4109
-4583
466
5806
13139
-2089
-8091
-600
5047
15362
5813
-4714
-1909
3367
14914
10978
405
-3540
3663
10082
6745
1288
-4886
54
1797
2680
2378
-5339
-5896
-4603
-736
-1471
-5722
-5912
-7657
-3826
-3104
-3932
-3556
-7807
-4301
591
-2317
-3301
-4351
-2150
1886
-101
-5089
-3360
-2872
1038
2551
2858
-558
-7639
-190
2877
11323
4863
-9071
-3534
3254
12043
11371
-3958
-4398
1553
12292
14340
2467
-4685
311
10049
9290
3602
-4744
-3144
3071
4188
4079
-4344
-7690
-4346
189
1177
-5754
-8259
-7977
-4740
-636
-3846
-6248
-7900
-6983
618
-821
-5835
-5596
-3719
1126
1928
-4821
-5812
-2431
-562
3284
1426
1095
-4252
-3377
1807
5754
10101
-1478
-7662
72
7101
13497
4796
-5995
-1151
6796
15098
9967
-1501
-2794
5465
11375
8692
14
-4891
-15
5792
6320
781
-7141
-6487
-283
3280
-510
-7988
-9175
-5936
-1154
225
-5495
-7876
-7936
-3252
1817
-2807
-5920
-4909
-1727
2136
-149
-5296
-4468
-1274
862
3431
-1203
1229
-2747
-2594
2589
3491
10640
-2079
-8467
1718
5814
12902
3373
-6599
586
6819
14256
8431
-1208
-2628
6208
12705
6711
-315
-5894
2382
7682
4414
-127
-7844
-4228
693
2874
-2863
-10075
-7497
-5124
281
-1739
-8942
-7391
-7701
-2615
1984
-4889
-6414
-4621
-2558
2193
-1228
-6276
-2555
-2296
1990
1412
-2842
3388
-4169
-2041
1489
3558
11820
-3017
-8041
1347
5774
13271
3317
-6248
-73
7334
14369
9481
-1534
-3367
8240
12177
7520
-797
-4151
4879
6685
4519
-861
-6280
-3511
469
2341
-3315
-9645
-6690
-5177
-398
-2548
-9282
-7025
-8188
-3084
2960
-5791
-7740
-5883
-3361
4206
-1559
-7121
-3712
-1461
861
1756
-3202
1256
-2802
-2454
2830
3084
8642
-2225
-7836
2669
6948
12225
3099
-6859
887
8409
15533
8542
-2536
-1906
8248
13211
6807
-340
-2266
4146
7479
4262
-495
-6256
-3456
889
3203
-2809
-9916
-6103
-5357
-632
-2056
-9112
-6644
-7779
-1514
2748
-7046
-9160
-5107
-1134
4096
-2395
-7534
-2912
-2559
507
1674
-5492
1006
-883
-3113
2276
-1882
8626
3078
-8619
1086
5204
10699
6058
-6652
433
9612
13993
8816
-773
-2010
7221
14120
7247
1095
-2582
1927
8661
4589
-746
-5397
-4804
571
2984
-2734
-8915
-6994
-5113
-1881
-234
-7664
-7360
-5700
-4159
3007
-4676
-9067
-3769
-2382
2638
499
-6124
-5064
-2217
-46
2611
-3759
-4032
3671
-2099
-157
51
2110
10478
-3471
-5489
4755
5946
10457
1850
-2964
5572
8962
10023
6101
94
1358
10782
10000
3243
-438
-1358
5349
5597
-119
-3687
-4816
-3127
860
755
-6104
-8979
-5657
-4764
830
-3633
-9002
-4521
-6643
-884
1425
-7682
-6976
-3111
-996
5508
-4376
-8034
-2492
-1223
1979
-664
-7090
1196
3787
-2104
1695
-2719
6763
9817
-5376
-1188
4619
7237
12617
-664
-3095
5695
9752
12019
5137
-2214
2474
11447
7666
3142
-1400
-2566
4813
2500
-866
-4078
-6209
-2518
1304
-1559
-9009
-6130
-5115
-3139
-307
-5918
-5039
-5465
-6969
1944
-845
-7233
-4847
-3074
1037
2262
-5055
-5465
-2156
-1606
2165
-249
-7141
1714
2954
-1689
1651
-4778
7992
8151
-7701
1303
4344
8460
9653
-4533
-350
7844
10170
9909
3925
-2549
4261
13716
6089
1976
-2560
-1790
8212
2439
-1694
-3237
-6045
-785
1518
-2642
-7666
-6073
-3774
-2716
173
-6750
-6688
-4740
-5496
3292
-1112
-8059
-4644
-1920
1996
2892
-7091
-5885
-784
-1084
2616
-3633
-8094
1132
6087
-1981
-2699
-6368
3995
14433
-3243
-5336
787
3105
14028
2475
-4113
4442
6545
11949
8234
888
736
9033
8559
3491
2497
-2519
4128
4387
-933
567
-3797
-3679
-434
116
-3418
-5361
-5795
-5644
249
-3265
-6394
-4033
-7145
-313
340
-7088
-4959
-4249
-1037
1487
-5146
-6890
-3234
-2137
-696
-2274
-6824
1744
1259
-4247
-816
-3772
9621
8176
-9811
-1732
3655
9799
11189
-4809
-1113
7891
11056
12087
4092
-2333
4682
12560
7976
3056
-2129
-242
7099
3793
-47
-2037
-4614
-2336
3639
-620
-6849
-6012
-4921
-703
271
-6103
-4978
-4317
-5990
2416
-690
-7269
-4735
-4072
540
1251
-6360
-4620
-2732
-2456
340
-3039
-7010
1955
2338
-3801
-306
-5345
8821
7903
-10599
-282
3998
7908
11037
-4909
27
9138
9232
10204
3743
-2264
5564
12424
4759
1815
-1173
186
7698
2031
-2270
-2081
-3309
-277
2719
-2920
-7387
-2663
-4066
-1282
598
-5965
-4078
-4494
-5281
3415
-2115
-7669
-4015
-4090
1248
2219
-6474
-6092
-3711
-1957
2550
-4089
-8122
1887
2511
-3454
-2504
-5434
8442
7847
-9837
-813
3510
6530
10822
-3421
-1167
7120
8869
9554
5027
-2690
3852
12701
5018
3700
222
-1087
6630
2794
896
212
-3167
-2169
2924
-395
-5040
-2660
-3714
-1460
946
-4822
-5891
-3847
-5429
2064
-1316
-10199
-4894
-2266
365
2171
-9175
-7662
-1237
-908
1241
-4799
-8789
2027
4261
-4089
-1694
-6625
5938
11705
-7174
-3232
2903
4939
12394
-1951
-3839
6788
8210
8979
5576
-2441
1572
12497
6449
3027
329
-2766
8561
5598
-746
-324
-3198
-351
4514
1275
-4333
-3022
-3933
-1220
2984
-4933
-6159
-3307
-5589
754
-1693
-9309
-4500
-2815
-2197
346
-8523
-6811
-865
-3205
-652
-4774
-8125
1432
4459
-5143
-4167
-5211
5278
13855
-7625
-6851
3029
4281
13785
-1112
-6130
5183
7108
10543
5492
-2387
554
12266
7436
1999
2240
-1367
7497
5564
-642
2538
-892
555
4538
2117
-3944
-2572
-1278
-1624
1851
-3622
-5719
-1769
-6219
224
400
-9059
-5903
-3315
-2152
1851
-5835
-9106
-1451
-4278
-1065
-1321
-8718
-3189
3887
-3990
-2198
-3968
-1973
13297
-3397
-9388
3820
1332
9839
2768
-8238
4971
7145
7390
7044
829
-1609
9110
9562
2683
5630
-1116
3129
7949
1013
4888
2107
-1980
2096
4210
421
-1889
-1657
-4027
1660
-255
-5688
-905
-5768
-4005
1292
-5932
-5227
-2205
-4858
-399
-3105
-7959
-2148
-3614
-3491
-1115
-7143
-5515
2202
1728
-5896
-3347
-6464
7422
9454
-11230
-3094
-546
3660
11936
-3593
-3331
4217
5684
9559
5452
-2380
1617
12069
5683
4713
2048
-1487
8746
6116
2703
2648
-2584
307
5102
2947
-4081
-2938
-2779
-1135
2768
-4849
-5030
-3932
-6780
2075
516
-8207
-5936
-4595
-183
1363
-6447
-6585
-2896
-3335
-817
-2542
-6519
-4158
4239
-1599
-4812
-4056
-2606
13312
-820
-12381
21
3085
11020
5943
-8817
-664
7495
10373
8774
856
-4838
7776
13604
4681
3717
-1394
2321
10561
4141
2494
35
-4202
1278
6142
20
-4803
-3563
-3635
994
-27
-6802
-3723
-3946
-3749
2313
-4475
-9256
-3210
-1690
959
-2360
-9048
-4151
-738
-2364
-358
-5341
-7642
-345
5266
-2603
-5384
-6841
1337
14310
-3679
-8760
1848
1787
11635
3976
-6073
5003
6245
8551
8243
826
819
11440
9192
3000
5123
340
5762
7274
-478
2472
-510
-2343
2899
2159
-4801
-4454
-2570
-4551
667
-2935
-5802
-2997
-8912
-3184
1941
-5803
-7263
-5734
-4144
584
-2889
-7340
-4019
-4537
-2765
-53
-6767
-7164
-375
3560
-3982
-4788
-4875
5872
12245
-8385
-5875
3843
5730
13831
530
-4759
6552
8334
11941
9476
-65
1991
12952
9062
5582
4025
-1274
6277
5511
1630
3352
-3232
-4219
1692
2455
-3208
-4215
-5276
-4298
613
-3941
-5767
-5142
-6945
-327
-532
-8755
-7629
-3052
-1183
-376
-6697
-8023
-2393
-2862
-1695
-3139
-8118
-5718
1265
5581
-4587
-6715
-4298
5785
13660
-4728
-6533
1671
5596
14982
4614
-4614
2981
8376
14224
9696
317
-564
9659
10492
5483
4049
-2677
2005
6683
4030
1372
-4631
-4335
2804
4704
-3749
-7281
-3867
-3834
1873
-1277
-8866
-4964
-6028
-957
791
-8184
-7785
-3229
-3209
-1855
-4229
-7924
-4545
-3059
-3126
-1282
-7030
-5920
97
4690
-1347
-6058
-2264
1589
12472
1240
-8558
2751
5109
12984
8557
-6931
2617
9656
11923
9504
789
-1159
8510
11174
3977
3220
-1810
803
8516
2717
-21
-2103
-4360
1933
4281
-2290
-5483
-4082
-3657
97
-199
-7274
-4882
-3805
-3619
125
-5874
-9353
-3156
-3067
-2021
-2739
-8810
-4697
-947
-3251
-1085
-5323
-5356
39
3017
2438
-6258
-2979
-992
10238
9734
-8833
-2231
4203
9161
13688
-4162
-3827
5983
9800
11581
3982
-4055
346
13090
7339
3164
-988
-3967
8605
6482
410
-472
-5618
230
5941
2115
-6259
-6675
-2652
-118
2020
-6085
-8599
-3813
-5462
-5
-2115
-11364
-6911
-3242
-1740
-594
-7782
-6934
-770
-2036
-777
-1502
-6255
-2719
1706
6117
746
-6262
-2583
4643
13502
2068
-7701
339
5415
11597
6627
-6879
100
7716
10727
7776
-1390
-2279
7457
10841
3319
1788
-1175
2516
7442
2870
481
-2473
-2163
2059
3286
-1240
-6617
-3413
-2219
-1513
-1091
-7992
-5906
-4045
-4236
-1588
-6522
-8571
-2686
-1842
-2969
-2079
-5972
-3317
1024
-1850
211
-3067
-4421
2916
1298
4526
-517
-4749
2445
1980
9790
1947
-8338
1962
5055
9038
4280
-7087
996
8080
8303
6415
594
-1704
5839
10308
4378
4119
-258
359
7735
3260
1955
176
-2075
909
2690
-1192
-5238
-3680
-3448
-2454
-470
-7525
-6588
-3780
-5279
-544
-4876
-9175
-2128
-856
-2226
-1354
-6809
-3175
3082
-858
-1441
-2290
-4266
3243
1191
-813
1329
-5570
344
1019
4479
4667
-9227
-3966
4923
6014
6462
-6092
-3998
5856
8228
7488
1941
-1554
1525
11600
7391
1347
984
-14
8654
7416
-1236
-825
-1939
1523
4866
199
-7375
-5569
-156
921
232
-8042
-9082
-817
-540
-480
-3573
-8533
-3732
1235
166
-1501
-4480
-4018
2619
1570
-2636
-2619
-4247
-941
1756
-1423
1826
-5790
-7670
2020
1617
7166
-3119
-13017
1649
5468
6543
2917
-9175
1351
9744
7630
3615
-93
55
8856
11956
1790
2876
1616
1975
10363
3486
-1205
7
-1028
3093
5007
-2279
-5119
-1329
-2050
1319
1481
-6781
-5232
-1303
-518
1940
-3876
-7637
554
1563
-1631
-235
-5710
-2603
1962
-1977
-687
-4989
-6787
-393
-476
-4277
-640
-3969
-6654
-168
-3911
6603
235
-12799
1457
3429
4808
3028
-7987
1340
8714
5996
4318
2110
-222
6876
12448
1350
1751
1825
2993
11316
2961
-1434
1502
996
3164
6698
-800
-5457
581
-319
2532
453
-6702
-1634
1480
-1456
-280
-3101
-6984
-358
625
-2554
-1745
-8388
-4151
1454
-3582
-4100
-7301
-6546
-848
-955
-6554
-3834
-2965
-4820
1398
-6322
709
3187
-8736
933
1282
1042
4726
-3657
903
6948
4041
4400
4649
2125
4471
10831
3888
3723
4864
2834
10300
6144
1238
3946
3007
3413
6652
1377
-3021
1401
2307
1446
1688
-5015
-3430
1328
-2611
-615
-2489
-8427
-3044
-1211
-4760
-3636
-8272
-6159
-216
-5040
-6144
-4981
-7253
-3170
-2588
-5543
-5528
-891
-4667
-2690
-2107
-5496
6634
-2603
-7725
3640
-490
4179
3358
-4726
5761
7045
3559
6567
4998
3106
9350
9853
4495
8661
4994
5586
10521
5185
5685
5715
762
4095
6979
1575
-1155
-639
-1106
1762
23
-6792
-3037
-3096
-4194
-2005
-7468
-8644
-3709
-5113
-5707
-5293
-8965
-5140
-3175
-6453
-4343
-6551
-7514
-2078
-3674
-4483
-5332
-1783
-2546
-2896
-2304
-4314
6689
-1650
-6330
4202
1497
6044
4486
-3306
7128
8346
6558
8449
4949
5277
11206
12486
6122
7988
6296
7880
11277
3993
3724
4499
2033
3928
3408
-755
-3048
-1122
-1818
-1652
-2408
-7701
-5648
-5356
-5926
-3133
-7172
-10709
-5809
-4912
-5862
-5970
-10191
-5255
-2572
-6432
-5389
-6126
-6489
-1715
-3740
-5168
-4450
-1815
876
-3115
-3431
-2364
6063
4887
-5424
320
4572
6599
7852
-149
4404
10030
9045
10320
7552
5410
8956
14249
9197
5748
6022
4994
10606
6141
1441
2921
1125
1798
2226
-581
-5017
-4215
-3228
-3689
-2812
-7964
-8887
-6576
-6522
-4465
-7456
-11443
-9357
-3973
-5520
-7822
-8291
-7806
-3385
-4564
-6262
-4187
-5706
-4148
-458
-1610
-3297
-2923
2960
1074
-521
-1374
1061
11401
2725
-1144
5635
5431
10855
9453
2136
8764
9315
10238
13009
7434
5436
9556
11260
7466
6692
4239
3757
6692
2502
1211
1495
-3599
-1574
-502
-4046
-6521
-6462
-7239
-5678
-5581
-9967
-9416
-9885
-8279
-4920
-8694
-12006
-8839
-5223
-4306
-6849
-8644
-6174
-1539
-976
-3095
-3472
-4035
538
3124
211
-1024
-727
6368
4473
1807
2364
2976
12291
5858
537
7753
6071
10882
9992
2375
8660
8705
9624
10847
6762
4672
7991
9126
4149
5857
2659
587
3211
-641
-194
-857
-6606
-5001
-3612
-6037
-7843
-8064
-9889
-8547
-7047
-10440
-9872
-10108
-8972
-6232
-8064
-10389
-4903
-3524
-6064
-3880
-4766
-1657
1110
-1907
514
863
-117
3330
3377
976
3266
3129
5498
6959
-65
4851
4627
6698
11136
276
3228
6328
7251
12937
3066
1342
7006
8651
9954
5522
2182
1416
7519
5524
2312
247
-5099
396
769
-2730
-4631
-7734
-7358
-5362
-4166
-8350
-10885
-9459
-9196
-4005
-6772
-11520
-8135
-6339
-3218
-3055
-7040
-5834
-378
260
-497
-515
-1825
1075
4073
2763
3110
1633
1146
5611
5317
3049
2630
2164
7460
6893
1533
1992
1693
10966
9494
-1040
1283
3316
9413
10018
-1092
376
3898
5792
7405
1545
-2074
-444
3009
1680
-319
-3877
-5732
-1958
-2256
-3165
-5083
-8808
-7482
-4016
-3206
-7052
-8954
-7735
-5153
-1665
-5136
-6791
-4615
-2946
1124
-541
-3814
-2326
1031
2883
2732
-307
-465
3307
4949
5517
2636
316
3538
5194
5599
2763
1074
3180
6866
5687
424
1766
1250
7860
6944
-4234
226
1265
4568
6941
-4150
-2422
1586
1318
3439
-824
-3010
-2384
988
-728
-1243
-2307
-6655
-1805
-1195
-3221
-3465
-6148
-5661
-1510
-2209
-4473
-4058
-5394
-3518
1061
-2334
-3574
-2953
-2567
1750
1687
-1900
-1290
1117
2765
4351
1358
-551
2991
5419
4683
3198
802
2341
4982
3501
1911
1445
-398
2754
4584
-1732
-939
-2815
1158
6415
-4856
-5373
-938
31
4740
-2228
-6168
61
823
2469
2105
-2983
-3409
2318
2505
1213
-228
-4269
-34
1985
23
-293
-3346
-4351
-198
1649
-1668
-4019
-3868
-2023
2049
956
-3213
-2006
-1213
1643
4567
-157
-1940
2062
3177
5021
2984
-1267
1930
3504
3272
3873
264
-1744
1152
1731
588
-2305
-4316
-2208
1771
-284
-5816
-4123
-5243
2697
3371
-8183
-4357
-2198
2027
5746
-4788
-2583
1109
2335
5850
2070
-212
-1435
4491
5132
2697
-349
-3655
3219
3817
459
-1192
-3030
-747
1953
1893
-1833
-2855
-1159
389
3710
-184
-2111
-390
115
3737
2769
-1521
-1187
1400
3030
3225
-1975
-3274
527
1314
1439
-2460
-4525
-1619
-67
-1383
-3140
-5846
-3282
-993
-640
-1020
-6348
-3555
-1244
2609
2911
-5983
-3723
2100
3746
5230
-3454
-2204
3918
4407
5678
1249
-411
1339
5409
5282
2396
350
-1017
3359
4450
2222
528
-1801
-135
2892
3627
-65
-3461
-1718
1763
3518
408
-3991
-2289
440
1459
510
-3657
-4357
-1062
-122
387
-3255
-5268
-1881
-1031
-315
-2549
-3899
-2642
-1357
-346
-1922
-2681
-3540
-1365
-164
1110
-639
-4452
-1941
-481
6208
1657
-6348
-1433
2280
7066
4481
-3763
478
4225
6314
6140
1848
187
3049
7831
5619
2935
-262
620
5623
4576
845
-525
-1511
779
3128
-127
-2829
-2392
-1749
21
-318
-3406
-3889
-3491
-1945
-283
-1827
-5235
-4501
-1455
-62
-1069
-4404
-4622
-991
248
-265
-2837
-4670
-1738
1311
499
-3230
-4652
-2183
1485
622
762
-3143
-2495
872
2150
6743
-815
-4146
3038
4914
8122
3045
-2297
3159
5550
7641
6112
1019
-267
3936
8072
3554
-3
-2081
904
4969
1602
-1584
-3238
-2916
711
1639
-1734
-5660
-3949
-707
195
-1016
-4596
-4351
-1531
-683
-170
-2595
-5861
-2934
68
117
-2068
-5446
-3591
-418
135
-587
-2891
-3487
-909
1117
865
-1567
-2607
-259
2266
1517
2585
555
-1172
2506
2285
6734
3755
-3541
2213
3942
5424
4690
-2058
324
3951
4163
4312
306
-2105
1133
4758
2911
-315
-2353
-1406
2897
2211
-670
-2703
-2158
469
2495
-139
-4225
-2862
-38
197
-150
-3732
-4696
-1694
-1563
-189
-1982
-5897
-4102
-466
-140
-1363
-4354
-4627
210
1673
732
-1642
-3943
268
4024
2741
-520
-2331
1138
4647
3619
-550
23
1000
1799
3484
-224
2316
961
-2076
2541
1478
1670
1649
-2499
811
2749
2457
2255
-80
-628
1924
4834
1166
-699
-722
472
3567
525
-1860
-795
-1232
108
345
-732
-2859
-2998
-1545
-1270
-119
-3332
-3961
-2345
-2124
-129
-1970
-3751
-3314
-836
508
-1189
-1931
-2126
313
1686
526
205
-821
902
3464
1684
446
-1074
2060
3182
758
-374
-377
3176
41
-208
-577
660
4467
-1879
-1089
637
213
4234
-416
-1994
1415
1257
3045
715
-580
-553
1464
2587
94
912
-1437
176
2774
243
-5
-506
-1513
1150
1119
-929
-2159
-2231
-1176
1076
-479
-4106
-3057
-1412
-317
-619
-3267
-3474
-681
61
-4
-834
-1710
-148
2202
1545
1080
228
380
2850
2559
1304
307
352
1189
2299
592
-1027
695
1608
-882
-295
-3309
568
3185
-4288
-1867
-1592
-243
3051
-2902
-2531
712
-11
2525
1576
-362
166
1799
3048
2689
1348
-545
1270
3059
1668
1071
-837
-1958
572
1566
-558
-2650
-3427
-2078
759
-819
-3401
-2806
-2918
-11
789
-1487
-2225
-1315
1008
2138
728
-458
428
1585
1944
1757
1088
765
1071
1318
1058
-348
-669
-1379
-416
-711
-2117
-2705
-838
-2315
-2642
-2255
-3808
1261
-1585
-4471
-850
-1526
1491
1331
-2316
858
1438
2671
2806
2371
973
949
4848
2143
2620
994
-569
3631
1820
99
801
-899
-73
1493
253
-607
-385
-1221
375
1513
-956
-514
-581
65
1782
629
-1000
-1222
526
1231
605
-420
-1062
458
281
-255
-390
-955
-658
-722
-1231
-1626
-1554
-1786
-2106
-2383
-2739
-2436
-2842
-914
-2644
-2421
-1998
-2633
2607
-1247
-3105
-564
-301
3770
2041
-1233
1414
2191
4032
3934
2338
1485
2723
4949
3425
3725
1872
1883
3770
2572
2276
2244
895
1638
2331
1390
259
-102
-216
449
1381
-1042
-1054
-1824
-1357
-284
-1025
-2007
-2573
-1735
-1313
-1299
-1734
-3216
-2589
-1484
-2433
-1718
-3318
-3312
-2168
-2933
-2528
-2641
-3881
-3276
-2292
-2589
-2186
-3102
-2319
916
-1999
-1694
-1093
-170
4772
-104
-804
2324
2421
6011
3075
957
4149
4420
5824
4482
3306
3278
4103
5646
3384
3535
2508
1877
3905
2649
1727
1409
-170
454
1994
91
-1519
-1189
-1970
-721
-697
-3294
-2842
-2664
-3340
-2486
-3352
-5146
-3248
-3418
-4685
-3478
-4867
-4179
-2737
-4484
-3436
-2283
-3002
-1756
-2062
-1918
-1380
-386
-404
-393
318
23
1174
1451
385
2636
3572
806
2255
1119
3819
6409
814
1249
3169
4110
6485
2822
1101
3756
4455
5618
3763
2247
2186
3834
4536
2389
2114
680
679
2099
649
80
-856
-2770
-1530
-1480
-2232
-3279
-4470
-4480
-3824
-3303
-5034
-5448
-5372
-4719
-3417
-4485
-4530
-4319
-3598
-1938
-2180
-2647
-2702
-1622
667
351
-165
-102
483
2210
2066
1588
1552
1838
2848
3008
2501
2332
2107
2570
2764
4563
2764
1366
2308
2480
6403
2618
-868
1366
2394
4871
3031
-960
-66
1223
3242
2676
261
-2008
-1145
2160
171
-596
-2875
-3029
-815
-1813
-2045
-2463
-4629
-3874
-2459
-2156
-3165
-5105
-4689
-2836
-1542
-2661
-3577
-4080
-2831
-820
-779
-1861
-2701
-1482
895
1377
260
-247
747
2529
3347
2687
1803
2403
4093
4654
3626
2420
2764
4237
3449
2708
1879
1613
2029
1315
1000
1612
97
-1184
-536
-1102
1496
100
-4098
-2035
-1359
462
416
-4144
-2744
-266
59
122
-1803
-2537
-886
259
-574
-1175
-2029
-2316
-167
-260
-1449
-1204
-1913
-1313
-206
-443
-760
-1126
-1043
-467
1016
59
-588
341
774
2143
1976
412
558
2532
2820
3085
1377
476
3069
3602
2620
1655
931
2012
2745
1660
961
321
43
523
645
-242
-1405
-1876
-1117
-762
-1861
-2637
-2002
-1687
-2395
-2875
-3129
-903
-1750
-3776
-2851
-2573
-307
-572
-3071
-1675
-948
170
1055
-413
-150
15
1662
1980
1501
1385
826
2312
2187
1581
2577
1369
1719
2594
2239
2697
924
480
1706
2454
1550
469
-96
464
1458
1026
322
-713
-705
187
541
-158
-968
-1077
-402
-169
-433
-1333
-1441
-1317
-841
-913
-1932
-1845
-1719
-2078
-1938
-2534
-2737
-2495
-2808
-2382
-2585
-2583
-1307
-2322
-2766
-2366
-1234
1659
-1065
-2183
-565
474
2825
1526
391
1640
2170
4275
4055
2832
2362
2672
5042
3789
3038
2660
2306
3937
3087
2053
1948
865
1537
2170
1055
253
-42
-9
57
109
-921
-963
-1581
-2179
-1143
-1764
-2505
-2446
-2939
-2556
-2277
-2934
-2559
-2828
-3127
-1909
-1893
-2516
-2287
-2079
-1497
-1452
-1450
-1542
-1506
-1606
-1026
53
-1007
-1630
-611
-307
267
-140
218
56
-128
452
1331
2913
735
223
2320
2727
3938
2499
1436
3235
3208
4753
4208
2636
2467
2838
4740
3228
2081
1963
1839
2960
2160
866
370
-574
16
597
-626
-2126
-2338
-1758
-1701
-2079
-3369
-3498
-3222
-3050
-2509
-2928
-3892
-3358
-2466
-1863
-2094
-2976
-2573
-1363
-574
-538
-1409
-1475
-808
240
402
-844
-537
-95
840
1167
-77
90
346
850
1384
763
188
1331
1477
1063
1119
484
2586
2647
433
1653
1930
3218
3381
1269
2364
2855
3421
3299
2410
1890
1775
2653
1475
1587
883
-26
641
-799
-577
-616
-2078
-2174
-2325
-2049
-2250
-3556
-3700
-3039
-2614
-3006
-3246
-3576
-3290
-2289
-2062
-1713
-2766
-2449
-1476
-775
-386
-1025
-939
-475
378
742
277
-243
22
1231
1576
990
636
655
1169
1470
1213
819
573
908
1267
1680
1680
1147
737
975
1283
3267
2573
415
1094
1390
3582
3229
1104
1197
1388
2427
3130
1775
50
-581
781
1511
216
-1751
-2624
-1389
-789
-1254
-2657
-3409
-3456
-2307
-1320
-2286
-3383
-3647
-2624
-813
-817
-2445
-2755
-2561
-594
700
-1019
-2075
-1641
-92
1448
435
-653
-447
1034
1937
1524
730
153
1181
1995
1921
1774
1062
930
1895
2101
2014
883
422
1163
1629
1560
1199
22
-101
800
1373
2304
-260
-1374
68
1236
2429
266
-1495
-713
679
2164
690
-1340
-1527
-365
1537
-277
-1613
-2136
-1743
-154
-789
-1572
-2276
-2383
-1446
-869
-1339
-2191
-2106
-1366
-922
-278
-1247
-1520
-1312
-550
544
-85
-623
-195
746
1045
1150
812
1053
1371
1475
1912
1674
1226
1347
1552
1809
1250
831
428
625
890
250
-202
-812
-481
38
-683
-390
-886
-1009
-456
-669
629
-339
-1457
-781
255
1207
587
-506
-542
673
1481
1204
448
-286
60
1179
888
72
-379
-865
-243
284
-378
-834
-1127
-1270
-161
208
-875
-1209
-886
-472
555
-129
-1086
-61
179
708
585
-405
-96
449
713
971
523
-416
-199
931
894
250
-638
-744
323
23
-426
-802
-1276
-957
-907
-787
-1343
-1678
-1364
-1129
-584
-941
-1610
-1134
-643
278
889
-434
-809
336
1429
2437
1217
291
1526
2151
2975
2203
1324
1466
1592
2696
2112
1520
633
662
1887
1358
960
-174
-527
381
478
178
-853
-1470
-601
-75
-568
-1295
-1747
-1295
-562
-665
-1200
-1731
-1522
-548
-415
-725
-1387
-1217
-526
-706
-297
-859
-1112
-811
-902
-277
-737
-1390
-1320
-1093
-935
-894
-1036
-1423
-1166
-817
234
308
-1033
-960
37
2125
1849
189
559
1560
3390
3663
2001
1787
2228
3784
4807
3563
2064
1875
3047
3886
2899
839
89
1116
1261
1069
-472
-2137
-1394
-1070
-904
-1559
-3266
-2992
-1934
-1734
-1874
-2896
-3449
-2216
-1191
-1611
-1851
-2486
-2119
-510
-622
-1099
-1531
-1756
-490
223
-765
-1565
-1414
-565
95
-414
-1387
-1200
-484
11
248
-633
-1207
-307
475
913
1024
22
1026
1543
2160
2991
1544
1482
2379
3395
4179
3130
2023
2596
3525
3443
3027
2060
1153
1752
2052
1450
726
-1175
-1249
-392
-746
-1219
-2322
-2828
-2500
-1666
-1931
-2920
-3148
-3072
-1836
-1530
-2537
-2374
-2272
-2162
-1190
-1349
-1645
-1588
-1353
-602
-152
-691
-1045
-156
-39
287
365
21
510
719
688
1091
885
387
701
915
986
1159
507
818
1746
1154
661
703
1009
2198
2273
803
855
1488
2055
2860
1355
587
1444
1796
2427
1564
379
626
918
1000
295
-279
-683
-624
-202
-1109
-1195
-1416
-2016
-1477
-1642
-1568
-1417
-2327
-2316
-1539
-1188
-1302
-1604
-1780
-1007
-115
-609
-719
-526
-377
304
89
109
546
574
473
716
945
610
646
253
463
765
417
105
-80
-124
-82
-173
-612
-700
-207
-203
-717
-544
-555
475
657
-163
-181
-8
790
1422
1070
608
759
1078
1747
1570
1193
679
573
1288
932
600
91
-250
146
69
-312
-322
-598
-916
-610
-663
-917
-618
-1011
-925
-267
-856
-726
-414
-574
-16
96
-380
-112
7
-52
197
10
-412
174
141
-177
24
-864
-743
-130
-423
-793
-1195
-1602
-901
-589
-1277
-1633
-1649
-1223
-349
-398
-825
-795
-535
296
797
726
531
438
1061
1674
2388
2115
1124
1621
2046
2966
2686
1324
1185
1705
2584
2102
884
263
663
1610
1150
255
-413
-365
536
325
-288
-1017
-930
-628
-652
-488
-1300
-1343
-1603
-1388
-953
-1526
-1944
-1999
-1470
-1289
-1523
-1833
-1817
-1343
-1207
-1218
-1292
-1588
-1207
-717
-641
-822
-804
-594
-335
-356
-276
-34
87
105
264
1167
946
780
931
1187
2119
1809
1054
1416
1770
2426
2646
2124
1750
2049
2813
3046
2666
1350
1339
2468
2458
1831
583
154
1190
1098
46
-746
-1361
-1054
-737
-1432
-2069
-2577
-2718
-2126
-2190
-2903
-3141
-3101
-2491
-2100
-2535
-2672
-2352
-2080
-1507
-1245
-1367
-1099
-854
-384
75
27
-231
57
481
974
866
375
257
794
1235
905
489
222
759
1440
1332
890
742
1028
1509
1964
1691
1308
1412
1532
2512
2448
1711
1708
1684
2055
2133
1700
1292
798
771
1070
845
-208
-917
-813
-635
-720
-1773
-2279
-2318
-2348
-1826
-2381
-3055
-2927
-2494
-1861
-2201
-2673
-2414
-1803
-1272
-1075
-1369
-1386
-961
-146
264
-243
-263
245
969
1076
813
744
864
1263
1563
1592
1267
862
1269
1524
1305
1249
1002
1087
1234
1273
1439
902
381
706
1463
1554
755
287
434
1101
1259
568
-43
-220
96
575
596
-340
-774
-724
-443
-209
-976
-1688
-1324
-1075
-939
-1047
-1918
-2055
-1589
-1496
-1175
-1395
-2057
-1465
-1019
-881
-629
-1138
-860
-188
-17
415
425
303
527
839
1469
1604
1193
1224
1437
2021
1868
1256
1338
1433
1682
1519
1230
816
678
788
711
633
-43
-625
-195
-548
-334
-566
-1163
-1088
-1371
-808
-667
-1230
-1400
-1343
-653
-274
-711
-804
-736
-126
312
127
-125
-148
3
542
759
94
-273
-422
283
631
-114
-500
-468
-75
261
-19
-351
-375
-260
325
508
-11
-64
352
760
629
353
643
714
800
918
736
793
318
585
926
412
271
-150
-22
5
-377
-541
-1023
-1266
-1277
-1086
-1411
-1967
-2079
-1779
-1211
-1708
-1898
-1836
-1410
-630
-837
-961
-860
-270
630
587
556
677
1105
1519
1553
1938
1738
1838
1756
1818
1965
1528
1432
1065
962
1179
1142
890
206
-58
390
587
253
-562
-672
44
234
127
-217
-565
-163
119
173
-13
-559
-388
-34
-144
-355
-775
-1026
-592
-650
-766
-1057
-1509
-1363
-1232
-1283
-1526
-1925
-2014
-1776
-1595
-1648
-1735
-1818
-1492
-1015
-816
-582
-801
-620
128
744
1103
747
922
1664
2415
2573
2172
2480
2827
3357
3387
2969
2953
2906
2997
2756
2569
2138
1603
1710
1338
1225
541
-32
181
-381
-415
-885
-1353
-1160
-1463
-1539
-1775
-1910
-1980
-1843
-1989
-2250
-2115
-2036
-1947
-1918
-2068
-2008
-1911
-1971
-1668
-1492
-1748
-1520
-1212
-1284
-972
-1194
-1081
-316
-448
-491
-304
-174
324
538
552
731
1124
1177
1622
1982
1801
2104
2255
2443
3048
2868
2574
2585
2704
3178
3046
2327
1982
2081
1994
1739
1174
528
266
-50
-382
-561
-1313
-1934
-2113
-2051
-2052
-2481
-3090
-3328
-2870
-2623
-2540
-3075
-3261
-2701
-2026
-1945
-2097
-2161
-1623
-876
-918
-901
-945
-674
-202
168
229
164
206
358
761
833
490
473
721
994
1345
915
944
1215
1195
1460
1283
1168
1522
1781
1804
1903
1926
1885
2071
2090
2030
2220
2048
2038
2205
1760
1623
1696
1134
874
693
371
360
-232
-855
-934
-1135
-1458
-1769
-2327
-2693
-2341
-2363
-2599
-2884
-3154
-2460
-2176
-2180
-1975
-2117
-1672
-1092
-669
-494
-633
-350
60
561
618
516
576
714
1009
1205
945
730
760
844
1230
904
515
485
518
815
896
427
289
347
549
1031
528
259
395
649
1076
799
247
363
806
1117
1005
427
165
629
1009
772
276
-319
-313
53
-126
-627
-943
-1412
-1154
-853
-1265
-1385
-1876
-1816
-1172
-1198
-1443
-1433
-1441
-986
-444
-478
-642
-388
-226
126
552
66
238
477
245
787
487
310
773
513
439
302
333
371
130
-82
-150
60
-62
-165
53
-382
-377
-146
-299
256
-176
-268
172
252
606
431
269
456
721
847
794
825
673
977
958
803
954
684
600
454
421
386
195
-30
-345
-181
-255
-350
-477
-945
-698
-702
-706
-581
-898
-763
-565
-355
-412
-478
-317
-157
164
143
-29
20
-40
129
154
-93
-77
-112
-245
-170
-254
-222
-427
-645
-626
-394
-236
-512
-540
-717
-360
-2
-38
-20
-26
249
770
869
866
898
1050
1294
1381
1464
1372
1413
1442
1478
1381
1307
1095
945
823
693
715
476
142
61
-85
-187
-291
-686
-984
-876
-1028
-1079
-1143
-1518
-1153
-1049
-1185
-1205
-1252
-910
-717
-731
-926
-890
-738
-488
-329
-640
-633
-495
-528
-419
-445
-569
-492
-347
-164
-60
-181
-374
-3
193
203
240
347
663
804
1095
1257
1257
1017
1114
1556
1704
1617
1192
1200
1450
1428
1377
918
667
749
811
624
-10
-324
-344
-88
-404
-878
-1365
-1361
-1187
-1214
-1450
-1773
-1887
-1686
-1485
-1649
-1807
-1836
-1544
-1347
-1074
-1176
-1223
-1101
-939
-666
-329
-512
-574
-332
-49
190
131
-140
134
627
788
896
617
841
1272
1165
1121
1150
1305
1672
1556
1549
1683
1756
1884
1813
1797
1661
1628
1552
1547
1545
1344
1180
944
760
644
516
26
-370
-461
-632
-656
-1168
-1406
-1428
-1533
-1578
-1484
-1463
-1828
-1885
-1680
-1496
-1517
-1819
-1737
-1482
-1303
-1149
-1225
-1124
-1022
-808
-588
-587
-585
-355
-131
35
329
466
628
673
657
1056
1122
1153
1411
1443
1517
1863
2025
2083
2045
1701
2156
2517
2072
1750
1275
1284
1557
1385
659
149
-267
-159
161
-522
-1077
-1368
-1445
-1258
-1579
-1994
-2115
-2251
-2139
-1760
-1753
-2077
-1890
-1491
-1091
-963
-1094
-841
-495
-241
-46
-71
-70
136
376
608
440
200
176
234
388
255
97
83
108
353
495
326
337
411
471
604
575
731
815
672
889
970
1007
954
923
942
883
1068
945
667
282
303
471
212
-85
-379
-436
-420
-558
-659
-902
-1209
-1120
-975
-837
-996
-1071
-922
-631
-491
-450
-481
-602
-166
135
128
-34
-188
98
465
361
47
-39
108
229
373
89
-235
-199
-334
-182
-263
-559
-614
-523
-430
-213
-282
-415
-206
-76
55
179
117
115
486
636
519
488
396
725
1001
704
614
581
655
1038
788
386
215
424
588
560
275
-12
332
456
417
203
-98
-22
88
230
237
-7
-81
-212
-20
92
-53
-228
-424
-255
-125
-149
-276
-383
-351
-172
-258
-311
-324
-431
-322
-559
-575
-489
-576
-467
-547
-631
-531
-667
-659
-711
-576
-513
-411
-334
-504
-323
-396
-232
-66
-94
166
137
293
523
564
694
777
738
780
908
1000
997
1064
910
932
943
852
1030
870
674
620
555
357
325
220
114
135
-125
-153
-143
-183
-332
-611
-605
-607
-537
-637
-763
-840
-910
-602
-704
-896
-1013
-1111
-807
-782
-909
-1040
-1003
-882
-904
-851
-934
-945
-791
-858
-633
-648
-826
-537
-580
-304
-83
-86
124
292
433
540
836
949
1103
1267
1366
1442
1551
1800
1731
1692
1593
1685
1755
1610
1493
1481
1413
1254
1185
913
606
470
468
522
377
-140
-246
-129
-46
-340
-713
-899
-627
-527
-793
-948
-1180
-938
-873
-1023
-1124
-1243
-1184
-1090
-1039
-1062
-1334
-1421
-1335
-1294
-1286
-1521
-1486
-1342
-1269
-1102
-996
-1146
-923
-677
-606
-352
-307
-141
118
317
509
947
950
994
1417
1584
1777
1737
1526
1776
1937
1882
2014
1846
1686
1666
1560
1310
1326
1083
831
869
598
576
359
166
-97
-62
-41
-183
-158
-470
-394
-302
-697
-702
-857
-917
-793
-1082
-1156
-1162
-1040
-999
-1146
-1361
-1453
-1369
-1330
-1303
-1291
-1387
-1289
-1014
-944
-865
-1025
-855
-525
-417
-268
-278
-62
252
403
519
480
565
885
975
923
1081
1255
1440
1442
1276
1267
1330
1425
1664
1551
1409
1427
1333
1350
1184
1095
943
702
571
552
672
398
-22
-116
-238
-210
-347
-523
-538
-752
-750
-708
-936
-1120
-1276
-1349
-1263
-1266
-1228
-1286
-1274
-1314
-1229
-1214
-1324
-1211
-1124
-1021
-926
-946
-999
-881
-797
-637
-640
-766
-628
-459
-448
-409
-296
-89
37
59
277
560
565
668
681
785
925
1154
1269
1206
1187
1326
1527
1527
1459
1347
1298
1379
1471
1378
1199
874
833
981
867
661
485
347
421
428
210
69
-113
-96
-59
-298
-547
-625
-624
-687
-800
-988
-1097
-1189
-1204
-1119
-1156
-1393
-1385
-1090
-1106
-1140
-1107
-1002
-789
-782
-819
-790
-670
-548
-392
-415
-424
-252
-67
109
163
146
315
481
483
581
569
642
882
835
892
1078
1092
1213
1180
1138
1134
1284
1446
1414
1302
1207
1267
1228
1056
744
476
484
563
411
297
-25
-48
-109
-262
-328
-583
-654
-750
-723
-806
-857
-919
-1084
-1062
-1159
-1153
-1008
-1005
-1032
-1090
-1132
-1021
-900
-899
-944
-875
-824
-588
-611
-763
-693
-638
-454
-442
-426
-397
-235
-86
-88
53
221
343
409
418
468
742
843
831
922
945
1194
1315
1181
1196
1155
1200
1331
1206
1088
1035
905
1008
967
832
600
366
289
323
241
-10
-75
-209
-188
-84
-261
-345
-458
-544
-534
-673
-661
-825
-780
-825
-916
-823
-1095
-1068
-1058
-1037
-939
-1051
-1131
-989
-888
-922
-883
-895
-878
-607
-525
-523
-436
-460
-188
-59
-108
-22
-1
195
356
470
621
658
716
887
957
1107
1057
1079
1151
1032
1210
1160
1027
1036
1007
1059
1095
966
979
956
838
774
809
795
748
638
443
411
241
169
34
-163
-232
-204
-253
-505
-616
-673
-796
-925
-1066
-1046
-1104
-1355
-1398
-1234
-1283
-1271
-1370
-1376
-1280
-1244
-1055
-1000
-928
-768
-565
-548
-658
-436
-251
-72
7
-74
170
351
399
375
351
397
549
659
631
572
654
805
810
770
603
680
866
961
1085
992
884
906
854
958
880
754
665
593
700
724
553
257
42
70
109
43
-144
-311
-407
-454
-576
-667
-708
-840
-730
-676
-762
-924
-884
-839
-706
-749
-853
-759
-719
-566
-594
-667
-691
-591
-416
-318
-344
-341
-242
-107
-147
-221
-189
-53
140
125
86
69
187
383
449
443
227
254
453
629
751
651
588
679
844
826
734
583
666
769
694
625
520
568
567
454
339
232
251
226
264
243
72
-52
-124
-66
-120
-299
-396
-316
-192
-269
-453
-569
-610
-417
-376
-567
-713
-631
-502
-437
-507
-647
-603
-627
-521
-476
-598
-646
-516
-380
-280
-389
-466
-316
-174
-21
-21
-134
-99
11
67
-61
-130
-46
104
205
177
264
234
231
399
416
431
432
522
732
793
720
631
696
851
920
812
728
714
826
1027
1000
856
750
712
686
628
681
683
517
325
253
262
101
-70
-180
-220
-218
-435
-602
-692
-748
-744
-817
-970
-1171
-1097
-897
-985
-1083
-1133
-1020
-868
-873
-829
-900
-906
-739
-576
-616
-623
-463
-348
-272
-277
-277
-163
-79
-65
35
125
163
185
222
385
575
620
632
668
764
937
1036
946
1002
1124
1130
1158
1165
1129
1064
1052
989
872
687
507
483
353
223
53
-207
-298
-485
-613
-799
-908
-952
-1070
-1129
-1336
-1337
-1209
-1343
-1431
-1353
-1269
-1118
-1100
-1070
-1020
-1008
-889
-691
-653
-787
-604
-425
-299
-298
-350
-160
-7
46
135
152
182
329
442
540
476
534
718
876
960
1006
1170
1294
1362
1367
1463
1454
1528
1672
1566
1444
1279
1272
1293
1211
1028
909
878
638
421
246
52
-6
-103
-284
-416
-619
-713
-687
-822
-1058
-1121
-1167
-1071
-986
-1176
-1207
-1143
-1038
-1026
-1090
-1077
-1002
-923
-869
-749
-735
-789
-574
-419
-425
-383
-316
-94
54
109
128
128
178
306
622
612
502
533
609
900
942
681
671
759
980
1179
972
841
810
923
1051
968
825
776
816
835
766
492
332
359
324
107
-64
-209
-251
-250
-416
-578
-668
-791
-920
-948
-917
-966
-993
-1024
-1023
-990
-1005
-936
-933
-901
-758
-758
-729
-559
-470
-270
-329
-418
-279
-98
43
39
-80
8
125
89
82
89
80
156
192
143
150
156
147
206
225
240
274
352
422
554
534
475
577
516
576
638
593
705
677
642
614
494
433
388
315
182
178
51
23
9
-184
-242
-357
-496
-471
-511
-532
-541
-594
-462
-399
-364
-473
-390
-350
-299
-128
-146
-132
-74
5
-33
-23
8
21
-21
-50
-31
55
9
-28
-74
10
53
56
21
-90
-83
-23
-76
-106
-139
-102
-3
28
101
167
138
105
219
303
343
337
477
628
655
700
705
664
672
646
649
660
495
458
481
355
264
203
133
112
38
-131
-211
-258
-214
-170
-289
-337
-338
-259
-275
-296
-353
-341
-380
-382
-324
-374
-403
-360
-341
-370
-451
-498
-448
-433
-468
-455
-501
-538
-454
-539
-569
-623
-618
-455
-408
-410
-389
-306
-197
-161
-102
20
123
233
280
394
424
431
586
632
613
631
631
681
684
626
668
685
574
582
497
407
388
279
286
213
149
97
79
-17
-12
-43
-113
-61
-145
-167
-165
-189
-238
-216
-315
-274
-316
-480
-493
-529
-512
-415
-540
-622
-508
-482
-445
-521
-541
-468
-356
-296
-395
-309
-234
-110
-7
-134
-57
8
52
229
260
282
362
397
442
552
548
473
498
519
515
631
558
468
580
605
653
492
353
436
517
509
395
198
199
266
241
63
-63
-13
78
36
-78
-139
-104
-91
-212
-179
-273
-363
-410
-464
-414
-505
-657
-555
-581
-647
-674
-691
-579
-539
-515
-525
-527
-495
-394
-296
-266
-291
-341
-230
-112
-30
-28
-75
73
193
231
293
291
408
550
588
564
549
549
632
738
738
780
714
701
785
761
722
636
622
722
611
466
412
375
277
205
155
99
14
-103
-76
-163
-249
-300
-389
-327
-414
-535
-636
-677
-686
-708
-737
-766
-752
-681
-663
-658
-675
-599
-510
-422
-397
-489
-477
-470
-389
-362
-361
-317
-214
-122
-113
-132
-112
-43
-14
-9
-10
47
199
207
245
335
301
405
466
411
453
473
492
579
580
548
447
406
450
429
382
295
297
290
267
196
36
29
-9
-70
-107
-166
-171
-172
-148
-162
-230
-256
-245
-192
-181
-225
-254
-162
-169
-207
-231
-254
-180
-165
-275
-313
-284
-153
-201
-219
-133
-86
-29
-23
16
39
97
91
102
101
136
168
250
274
248
270
277
329
282
285
295
295
277
324
398
351
288
278
180
205
244
168
182
160
178
106
-17
-12
58
57
30
27
49
121
97
74
13
10
13
27
-44
-153
-118
-96
-84
-183
-293
-315
-269
-227
-241
-330
-265
-260
-234
-228
-299
-355
-350
-328
-267
-188
-313
-360
-356
-288
-255
-340
-338
-253
-233
-175
-204
-208
-245
-243
-63
-57
13
4
24
138
142
125
110
93
129
245
196
218
278
291
292
257
240
394
381
372
337
307
328
326
286
227
307
268
287
333
229
222
189
113
70
6
-55
-83
33
63
116
41
-128
-162
-210
-264
-296
-308
-307
-273
-234
-292
-361
-390
-425
-315
-347
-313
-297
-354
-381
-301
-261
-242
-224
-211
-91
-59
-34
-13
-34
14
128
163
162
171
251
239
363
413
376
345
286
410
465
416
411
410
398
411
364
364
331
311
300
202
128
138
178
110
91
43
20
69
-47
-188
-221
-180
-157
-230
-275
-297
-323
-363
-415
-440
-492
-447
-373
-379
-489
-481
-381
-392
-402
-424
-370
-268
-204
-178
-159
-178
-171
-60
31
-14
-42
92
233
228
216
272
328
418
471
512
514
498
510
491
509
562
572
579
535
535
524
446
412
451
446
416
304
166
92
102
76
35
-83
-179
-148
-187
-282
-372
-401
-458
-448
-497
-579
-580
-634
-700
-685
-708
-767
-661
-642
-604
-584
-663
-606
-523
-467
-432
-433
-461
-422
-307
-253
-199
-110
-62
-20
72
69
98
180
338
487
492
437
468
546
613
682
678
630
651
745
786
703
594
593
605
616
575
424
402
439
384
294
131
28
-22
-40
-130
-215
-241
-281
-273
-325
-436
-523
-519
-459
-439
-369
-437
-414
-369
-422
-410
-457
-449
-401
-341
-266
-258
-191
-151
-193
-199
-194
-155
-100
-77
-10
11
73
54
118
239
244
203
225
268
271
347
368
363
351
269
332
378
323
289
328
400
462
376
278
258
263
290
231
70
-20
15
15
-53
-125
-131
-158
-250
-257
-233
-233
-261
-169
-210
-182
-123
-167
-149
-182
-196
-170
-178
-174
-118
-89
-110
-150
-94
-66
-70
-132
-108
-64
-63
-86
-85
-65
-130
-109
-24
-31
-38
10
71
65
24
74
58
3
48
73
119
182
229
268
251
202
149
175
276
219
205
183
184
192
115
120
142
126
183
180
77
-1
6
66
52
-40
-120
-75
-66
-5
47
-26
-74
-53
-14
49
57
-37
-21
-38
-40
-70
-125
-126
-108
-57
-157
-153
-169
-265
-281
-309
-305
-273
-248
-268
-200
-110
-184
-293
-297
-279
-185
-168
-134
-144
-203
-147
-83
-78
-56
-120
-121
-40
-53
-45
24
-45
38
82
65
96
130
190
191
215
187
198
153
169
245
283
242
196
186
173
145
156
153
128
91
69
96
39
7
-21
-18
4
-24
-39
-57
-53
-36
-15
-74
-140
-137
-88
-25
9
-53
42
82
-13
-54
-53
-45
-54
-54
-8
-28
-41
-33
-8
-51
-9
61
71
62
154
183
157
165
188
243
202
194
203
256
346
385
352
309
259
263
322
288
315
338
236
191
89
43
74
43
12
-19
-52
-74
-122
-234
-298
-303
-327
-203
-181
-251
-302
-332
-380
-455
-411
-390
-433
-408
-405
-413
-421
-392
-343
-398
-481
-452
-414
-379
-283
-326
-332
-299
-230
-139
-141
-153
-63
7
34
20
10
117
208
301
314
316
359
440
509
481
430
469
546
557
564
449
381
375
405
467
414
300
276
301
199
160
62
-13
-37
-65
-70
-93
-143
-229
-254
-285
-330
-369
-412
-355
-305
-347
-365
-295
-320
-276
-257
-297
-296
-275
-189
-217
-215
-218
-117
-51
-20
60
76
116
228
225
227
197
191
251
327
316
250
262
320
356
338
362
389
392
408
361
330
367
395
401
284
211
185
132
93
48
-47
-1
10
-40
-30
-92
-179
-204
-195
-242
-299
-347
-315
-240
-252
-374
-466
-455
-399
-385
-406
-396
-364
-340
-281
-298
-347
-296
-215
-130
-123
-81
-52
32
184
162
124
111
150
278
281
239
268
274
291
326
285
191
225
267
224
224
185
145
152
177
157
152
71
62
89
29
-20
-20
-39
25
43
19
-48
-85
-105
-148
-142
-112
-148
-145
-176
-209
-242
-254
-219
-318
-377
-385
-364
-333
-283
-253
-199
-239
-226
-210
-275
-190
-88
-54
-10
42
52
68
117
164
188
206
198
194
290
336
288
225
138
168
155
161
187
124
99
171
188
121
80
2
32
84
15
0
-69
-36
24
-51
-77
-156
-147
-130
-138
-95
-95
-52
-57
11
-63
-153
-163
-116
-84
-63
-106
-185
-185
-131
-126
-144
-110
-119
-25
9
54
19
0
18
29
-24
-4
-23
57
121
107
116
85
119
160
177
150
169
155
167
232
245
165
170
204
187
174
127
128
84
18
36
12
42
59
26
-39
-1
62
80
64
76
77
126
190
137
75
70
182
209
194
126
112
136
118
116
104
32
46
36
28
7
-72
-40
12
-28
-101
-145
-131
-122
-168
-164
-131
-149
-175
-179
-136
-179
-200
-164
-174
-141
-185
-195
-190
-207
-116
-122
-129
-135
-102
-98
-77
-55
-110
-75
-35
47
53
-32
-44
-27
-16
-27
-23
53
16
28
9
-3
40
68
58
150
228
160
130
157
131
135
187
153
204
183
154
92
-4
-42
-72
-76
-123
-134
-152
-239
-271
-307
-292
-302
-326
-360
-373
-347
-318
-333
-312
-287
-280
-220
-196
-235
-191
-87
-51
-20
-75
0
86
151
169
96
90
117
205
267
257
208
138
133
165
110
126
163
173
217
220
187
165
248
270
274
315
278
330
316
293
316
236
216
210
213
246
193
112
0
-45
-164
-183
-169
-216
-240
-269
-291
-322
-360
-355
-318
-332
-346
-329
-302
-302
-269
-219
-203
-165
-134
-88
-54
-27
54
136
215
276
240
230
289
352
395
392
375
404
420
409
382
387
355
381
357
364
355
256
255
223
174
104
87
97
126
97
63
41
-27
-40
-79
-196
-289
-265
-255
-244
-274
-337
-349
-354
-410
-477
-520
-493
-457
-414
-428
-505
-504
-481
-430
-380
-370
-377
-374
-329
-254
-251
-254
-184
-121
-68
-19
46
147
185
229
180
157
221
319
372
394
381
344
408
383
368
398
345
306
330
326
345
266
245
190
104
35
9
-4
-58
-54
-33
-35
-62
-95
-93
-69
-75
-85
-124
-141
-189
-224
-202
-236
-277
-309
-316
-369
-412
-404
-363
-332
-280
-268
-255
-203
-192
-154
-124
-103
-79
31
33
52
60
74
147
224
298
262
303
397
360
370
414
475
550
529
481
520
530
488
424
387
338
290
257
244
219
138
111
121
139
138
148
151
77
-27
-63
-121
-100
6
1
32
-4
-4
-37
-116
-135
-95
-116
-155
-180
-216
-271
-336
-364
-356
-373
-402
-395
-376
-353
-404
-427
-390
-413
-365
-321
-300
-262
-259
-269
-256
-162
-92
-17
-6
-1
32
114
148
186
192
200
189
187
183
145
129
117
136
131
128
146
132
125
155
165
198
202
204
178
145
146
145
157
155
79
85
87
64
92
89
28
-12
4
-52
-77
-117
-156
-185
-225
-186
-227
-339
-387
-372
-295
-320
-344
-355
-324
-287
-254
-280
-299
-263
-246
-142
-104
-131
-140
-156
-146
-130
-164
-125
-32
20
-7
-11
53
95
121
141
140
152
133
162
186
269
321
311
347
346
366
397
427
445
421
413
378
377
325
321
328
323
268
238
250
205
205
207
199
97
-4
-52
-84
-69
-39
-52
-165
-214
-269
-270
-277
-315
-268
-194
-183
-212
-271
-312
-255
-269
-249
-190
-193
-195
-188
-223
-239
-184
-171
-165
-84
-40
73
98
105
146
178
164
150
177
207
270
274
262
270
250
301
255
298
330
295
354
356
383
373
294
224
158
187
153
98
126
99
131
9
-44
-57
-145
-174
-209
-234
-252
-272
-251
-225
-299
-309
-336
-355
-313
-363
-359
-372
-399
-437
-410
-372
-364
-285
-301
-317
-344
-315
-283
-274
-198
-127
-87
-84
-95
-80
-58
-31
81
112
135
143
202
225
257
242
237
281
335
368
348
319
318
341
390
308
274
214
178
200
150
182
138
91
52
25
9
-10
-83
-47
-64
-37
-81
-190
-174
-169
-196
-207
-198
-169
-156
-167
-187
-245
-306
-271
-237
-226
-194
-155
-146
-145
-140
-150
-125
-81
-71
-60
-44
-20
-26
-12
-1
4
40
13
50
91
127
170
168
163
225
292
285
318
281
202
218
297
304
266
240
242
315
339
276
216
216
240
293
263
181
127
104
53
6
-92
-130
-116
-129
-80
-107
-161
-120
-106
-92
-112
-156
-185
-211
-155
-138
-140
-127
-181
-196
-229
-164
-192
-198
-199
-224
-185
-166
-200
-216
-204
-211
-243
-261
-233
-194
-42
-19
5
19
12
17
70
126
139
153
202
215
215
202
216
213
206
252
213
192
214
207
235
269
215
194
140
91
93
75
80
53
17
25
-6
-40
-80
-96
-60
0
-2
-56
-71
-148
-140
-149
-173
-161
-177
-140
-186
-240
-270
-330
-329
-295
-256
-261
-280
-286
-222
-239
-235
-250
-193
-178
-143
-103
-85
-74
-42
34
41
37
83
110
71
119
144
192
268
330
337
319
302
325
347
347
356
382
410
382
385
294
245
235
239
262
197
184
145
163
159
82
51
42
-2
2
-69
-46
-107
-126
-163
-199
-199
-205
-193
-197
-220
-252
-219
-194
-218
-204
-230
-233
-224
-282
-275
-253
-282
-244
-234
-228
-235
-216
-168
-172
-121
-89
-33
-31
10
29
55
65
79
147
220
179
234
246
262
258
263
296
251
262
320
278
184
197
167
172
198
232
221
216
82
88
111
42
59
16
-2
-14
-88
-107
-165
-165
-112
-98
-107
-161
-211
-271
-258
-234
-195
-207
-196
-221
-219
-239
-264
-254
-217
-191
-148
-153
-206
-140
-112
-73
-46
-35
-35
-17
40
36
48
18
41
81
131
272
264
256
247
240
215
240
224
244
310
294
271
241
182
131
88
21
14
20
39
19
10
13
3
-32
-99
-161
-133
-111
-151
-138
-95
-136
-159
-173
-215
-252
-237
-189
-181
-159
-178
-204
-223
-210
-283
-265
-204
-148
-122
-143
-89
-105
-163
-165
-147
-143
-113
-69
-21
23
73
71
79
134
130
175
230
187
210
173
166
219
239
252
246
195
174
228
200
202
162
190
267
205
207
220
204
206
182
143
86
113
99
67
34
-2
5
-1
-44
-52
-80
-72
-22
-55
-85
-82
-45
-59
-43
-23
-99
-122
-124
-118
-52
-76
-145
-166
-161
-191
-214
-190
-113
-74
-84
-68
-114
-97
-62
-59
-7
20
39
9
11
41
61
54
66
152
75
113
75
22
84
84
67
77
141
190
184
146
117
118
132
178
189
156
168
175
104
66
32
21
68
98
87
79
34
44
73
60
0
-29
-18
-78
-107
-123
-152
-177
-195
-210
-202
-254
-289
-264
-241
-278
-268
-305
-295
-259
-298
-266
-263
-211
-134
-149
-176
-157
-210
-206
-158
-93
-78
-67
-16
-36
-45
-19
0
28
58
148
177
184
183
152
192
303
288
247
228
232
230
178
183
166
165
217
189
116
94
107
90
116
66
28
21
14
-24
-61
-62
-77
-86
-46
-48
-124
-135
-167
-171
-145
-131
-122
-91
-55
-103
-141
-209
-201
-159
-157
-183
-171
-141
-123
-101
-104
-71
-75
-81
0
34
1
52
57
82
110
163
112
128
200
227
273
252
247
243
257
293
325
348
329
332
290
205
158
144
114
96
140
155
144
72
-13
-59
-92
-60
-6
-16
-7
-63
-119
-151
-229
-258
-250
-210
-196
-178
-168
-179
-153
-143
-148
-165
-181
-173
-129
-137
-102
-94
-84
-58
-44
-79
-48
10
23
26
63
77
41
42
62
36
65
53
94
108
79
90
84
49
119
140
133
171
173
141
117
124
85
52
-13
-28
-4
-56
-58
-113
-70
-93
-131
-139
-152
-180
-188
-129
-190
-192
-173
-203
-212
-177
-126
-93
-87
-68
-87
-39
17
-51
-79
-69
-93
-27
18
-31
-37
-34
4
-35
-75
-52
19
60
63
60
1
-11
20
18
24
46
100
167
200
200
211
175
158
184
223
171
155
157
174
166
143
124
136
144
120
139
128
97
111
132
138
150
126
123
97
59
35
-29
-24
-34
-56
-59
2
6
-53
-60
-36
-4
-2
-105
-106
-35
-70
-85
-138
-151
-159
-178
-220
-259
-261
-243
-234
-206
-160
-163
-158
-188
-144
-173
-178
-102
-67
-47
-2
14
42
56
33
71
84
88
97
105
93
115
169
217
200
179
215
237
224
189
190
172
113
88
55
66
89
139
106
67
-6
-30
24
49
42
22
42
73
65
16
-56
-142
-70
-60
-53
-44
-91
-44
-56
-77
-158
-227
-261
-280
-277
-201
-195
-203
-245
-322
-320
-302
-277
-197
-160
-129
-164
-182
-192
-202
-144
-59
3
17
49
49
32
21
71
85
151
164
186
177
179
183
176
159
128
190
180
191
198
158
102
37
90
110
127
111
41
71
40
32
-13
-45
-83
-61
27
62
26
-13
-48
-77
-102
-133
-146
-114
-98
-39
-41
-106
-128
-157
-211
-197
-134
-111
-143
-148
-139
-151
-88
-36
-27
-4
50
87
37
9
13
47
57
28
82
126
154
152
126
160
192
186
244
228
207
178
188
253
242
236
197
132
166
179
146
122
141
168
179
195
203
215
156
116
77
83
95
58
56
112
84
41
31
-6
-56
-88
-84
-116
-173
-180
-180
-172
-164
-170
-153
-198
-140
-130
-117
-71
-91
-97
-100
-103
-142
-173
-157
-151
-138
-55
4
50
13
28
32
-48
8
9
8
14
43
37
25
-2
8
50
47
45
18
32
50
46
8
-25
-81
-70
-91
-94
-63
-44
-24
-10
-45
-60
-139
-151
-105
-142
-125
-111
-103
-136
-188
-223
-196
-262
-248
-167
-106
-88
-75
-102
-132
-95
-111
-122
-100
-71
-15
-14
23
25
2
-66
-82
-72
3
87
83
106
129
142
129
123
118
159
105
81
115
120
113
112
151
150
131
104
126
126
149
174
127
111
108
101
96
113
141
120
99
72
35
-21
10
43
33
31
-7
-35
-56
-120
-171
-158
-80
-22
-26
-53
-99
-107
-82
-68
-66
-69
-48
-39
13
26
-6
37
79
13
24
30
46
86
65
75
98
130
84
71
94
75
76
72
100
106
59
74
91
84
61
44
37
55
92
53
7
3
-15
-61
-119
-75
-42
-5
38
19
-20
29
-5
-24
-23
-19
15
-22
-54
-60
-65
-17
-21
-97
-87
-55
-46
-93
-100
-62
-67
-37
-25
-18
-44
-41
-26
-45
-16
-49
-63
-49
-123
-75
-98
-66
-14
-68
-70
-114
-122
-86
-96
-78
-13
25
53
-27
-80
-62
-32
-4
-19
5
-3
44
15
-7
-56
-77
-12
20
14
24
15
-7
26
18
-7
-49
-47
-10
-36
-98
-57
-58
-72
-53
-71
-156
-102
-81
-108
-46
-59
-59
-37
-30
-49
-22
-3
-3
-7
22
58
95
88
30
44
32
22
45
20
92
129
141
123
87
103
95
75
61
83
110
151
190
192
163
146
165
136
112
146
198
221
235
218
238
262
271
288
254
241
242
206
240
217
195
220
199
159
92
20
-38
36
60
8
-21
-15
-20
-132
-136
-70
-132
-144
-112
-121
-154
-192
-242
-203
-180
-183
-177
-175
-162
-187
-216
-204
-175
-208
-167
-116
-137
-137
-113
-154
-141
-161
-216
-207
-178
-212
-151
-109
-63
-34
-7
-43
-59
-48
-49
4
24
48
27
0
11
31
-11
21
-21
-7
31
35
17
37
35
1
10
-52
-79
-94
-118
-104
-65
-134
-193
-111
-104
-89
-59
-95
-75
-109
-143
-127
-126
-88
-68
-36
25
15
-27
-37
14
31
-7
25
30
-7
-10
-48
-60
-40
-65
-4
27
-7
-7
-10
7
-21
-27
-28
5
38
132
148
150
187
149
190
227
155
111
159
203
214
215
193
155
149
108
144
145
195
237
154
126
77
49
92
54
57
101
69
34
17
-16
-20
36
51
111
102
78
94
-7
-11
15
36
41
23
-2
-11
9
-4
-18
-7
-11
29
102
82
31
-4
8
-5
-14
-21
33
37
104
70
24
25
-28
-24
-12
25
41
90
76
46
8
-49
-53
-44
-91
-80
-31
-23
-11
-26
-108
-135
-119
-116
-114
-94
-85
-54
60
53
23
-41
-91
-83
-88
-103
-102
-62
-60
-37
-36
-84
-92
-79
-26
11
-1
5
-17
-3
-11
-4
-5
-29
-31
-14
-15
-33
-98
-106
-78
-92
-60
-87
-43
-5
8
-11
-5
-29
-71
-117
-100
-56
-86
-30
-9
14
-18
-56
-65
-31
24
24
15
37
-18
-82
-95
-69
-53
-88
-78
-56
-47
-25
-22
-23
-4
-16
-20
-34
-47
-65
-27
-33
-11
15
-32
-13
1
-15
32
87
62
54
47
57
48
43
35
5
12
39
25
19
34
39
3
-2
31
61
-37
-40
30
-18
11
70
100
149
143
77
68
53
42
58
104
101
110
129
131
140
67
27
-11
16
-1
-40
31
47
53
-27
-47
-6
29
45
19
35
34
9
11
-2
1
8
45
96
54
36
72
68
79
40
-31
4
-6
-9
15
33
37
9
18
-5
0
19
77
51
-1
-11
-10
-27
-54
-45
-63
-14
15
-5
-3
-2
-20
-38
-7
-3
-26
-60
-37
-37
-44
-34
3
-2
-24
23
-26
-65
-24
-23
9
-9
-13
18
31
25
21
-9
-4
2
-41
-56
-59
-98
-119
-142
-123
-85
-84
-71
-122
-132
-133
-133
-112
-109
-74
-52
-61
-67
-81
-103
-99
-74
-110
-97
-75
-109
-132
-103
-66
-11
17
-25
-54
-74
-68
-36
34
39
85
117
121
76
87
92
136
102
82
89
74
69
82
116
145
168
138
127
123
191
175
191
184
161
127
86
85
35
46
58
24
22
48
24
-12
-21
10
47
82
85
-22
-25
4
-13
-36
-38
-8
-2
19
91
72
26
14
-37
-77
-50
-14
6
19
79
53
33
20
-9
-3
-15
-5
-12
-61
-43
-36
-32
-15
-4
-29
1
70
52
55
17
1
-55
-74
-47
-69
-60
-1
23
39
42
27
23
-4
-4
-8
2
23
12
-37
-74
-81
-112
-53
-91
-103
-83
-125
-129
-99
-158
-137
-151
-153
-84
-102
-86
-133
-100
-140
-96
-84
-96
-50
-97
-78
-60
-34
-41
2
-27
4
38
50
61
61
21
-3
-14
-26
-7
23
-12
-25
-15
-20
18
16
80
81
96
76
52
36
81
93
109
107
96
50
36
48
39
89
93
58
68
130
83
38
50
4
16
16
15
67
6
2
-53
-32
-27
-54
-24
-8
-5
58
34
-46
-39
-45
-59
-58
-29
-28
-1
78
47
39
2
-35
-43
-44
-9
-16
40
34
56
-29
-29
-72
-103
-99
-54
-66
-13
11
-36
-37
-55
-2
3
28
32
41
86
61
54
6
-13
0
-7
15
25
1
7
38
23
28
42
72
62
26
2
-57
-40
-40
-72
-32
-65
-53
-36
-71
-47
-28
-18
-18
-6
53
65
83
139
97
45
-5
9
14
-35
-20
1
18
19
68
75
25
38
3
18
39
55
86
49
25
-23
-37
-49
-54
-2
120
155
112
62
71
32
49
110
105
75
66
59
47
74
96
65
51
35
-20
6
-21
-7
4
-47
-45
-31
-54
-31
20
14
-6
-28
-38
-56
-13
-5
-21
-103
-110
-113
-42
-23
8
-10
-12
-24
-77
-76
-109
-81
-43
-61
-76
-30
-3
42
-16
-46
-75
-81
-13
12
17
25
32
-12
-14
10
-38
-33
-8
13
-13
-1
-18
20
44
-7
21
6
12
22
-27
-33
-60
-65
-52
-54
-125
-164
-125
-144
-138
-125
-133
-121
-76
-61
-59
-116
-141
-124
-84
-125
-122
-69
-19
-31
-78
-42
-61
-44
-71
-66
-86
-57
-31
-10
-46
-30
0
9
27
-1
-17
-25
49
117
100
100
152
218
264
253
213
202
195
185
215
200
211
191
225
184
200
187
176
195
208
204
188
137
77
14
-53
-14
7
32
73
71
37
4
-39
-50
-63
-81
-53
-42
-101
-62
-54
-34
0
-7
-34
-61
-105
-115
-102
-103
-46
-52
-8
8
-17
-32
-74
-79
-72
-45
-62
-70
-18
-36
-4
39
17
43
57
20
9
1
-10
-38
-10
-40
-19
6
17
3
-38
-5
-40
-75
-49
-4
-15
-21
16
20
-6
-26
-37
-52
-45
-82
-91
-78
-32
-51
-74
-81
-67
-71
-121
-146
-141
-111
-110
-125
-139
-193
-166
-120
-130
-55
-36
-65
-39
-50
-107
-128
-103
-41
-10
13
17
62
42
63
62
46
71
86
120
167
154
155
136
100
128
115
85
70
120
124
123
90
93
107
108
138
165
170
127
87
47
34
-21
-14
-2
33
139
96
81
32
18
17
16
56
50
54
72
62
31
33
36
27
76
64
41
66
75
36
-5
-20
-65
-39
-20
44
49
-16
11
0
13
19
-2
48
-1
-55
-23
-40
-85
-52
-11
10
15
30
-15
-67
-52
-47
-58
-70
-43
43
99
40
16
-62
-37
-34
-70
-94
-87
-28
11
-9
-96
-111
-117
-93
-74
-39
-74
-71
-80
-78
-92
-84
-54
12
-17
-45
-98
-161
-140
-154
-152
-120
-105
-118
-151
-206
-206
-190
-167
-138
-90
-103
-103
-95
-126
-127
-101
-114
-112
-51
11
37
51
43
56
68
98
115
79
98
122
159
114
115
105
109
105
131
157
166
125
131
160
155
181
187
148
117
117
99
73
105
116
105
72
62
38
32
32
32
54
23
32
36
29
9
-10
-38
-17
-33
-29
6
-16
-60
-103
-138
-146
-163
-166
-127
-52
-20
-56
-21
-30
-35
-37
-41
-41
1
37
54
90
84
79
14
-22
-45
-36
5
50
80
105
111
74
55
59
21
13
59
37
36
44
20
-7
49
15
-33
-46
-12
-6
-42
-49
12
-38
-56
-20
38
89
58
49
-14
-93
-112
-105
-103
-69
-56
-102
-144
-165
-149
-141
-79
-46
-29
-59
-57
-11
-23
-40
-32
-55
-20
21
48
87
59
74
27
28
32
59
110
135
158
178
177
173
132
87
77
54
74
43
46
84
127
170
170
155
117
52
45
29
-26
80
139
174
168
137
115
21
-48
-65
-71
-62
-42
-58
-96
-39
-79
-168
-148
-107
-84
-86
-82
-99
-109
-109
-100
-109
-137
-134
-156
-121
-124
-111
-94
-51
-26
-35
-72
-92
-40
-16
17
31
32
25
-11
-75
-110
-109
-60
-61
-51
-54
-85
-79
-38
-36
-34
-44
-96
-38
-49
-15
-18
-40
-25
-39
-94
-49
-62
-59
-27
-13
-20
-18
-29
-84
-118
-161
-122
-124
-79
-118
-80
-84
-70
-66
-62
-51
-17
-20
-63
-27
-45
-77
-20
18
72
95
86
111
144
142
92
120
121
138
160
178
226
270
244
225
222
206
248
260
256
315
295
245
241
215
197
196
166
163
190
186
177
136
93
83
30
27
46
108
111
58
90
42
51
5
-48
-64
-61
-40
-36
-38
-108
-143
-144
-135
-161
-134
-99
-97
-141
-171
-182
-227
-178
-115
-100
-114
-97
-124
-99
-154
-161
-130
-106
-77
-73
-124
-131
-116
-158
-162
-169
-207
-197
-96
-69
-37
-18
-19
-36
-42
-64
-41
-40
-23
23
-12
-16
-24
-15
7
25
48
38
36
40
13
1
46
14
6
33
59
-27
-24
-5
-21
-51
-64
-79
-71
-52
-106
-132
-106
-65
-39
-24
-20
0
2
1
-38
-81
-14
26
17
59
85
90
58
42
59
14
55
89
118
104
123
148
182
210
197
174
162
163
115
126
137
198
158
162
207
236
237
192
162
98
100
116
170
195
190
135
108
69
1
-17
-22
-5
-4
-25
-48
-87
-111
-124
-121
-120
-140
-92
-125
-77
-61
-81
-82
-87
-34
-24
12
4
-30
-32
-34
-99
-65
-113
-161
-139
-113
-49
-58
-19
-25
-50
-108
-139
-151
-112
-64
-74
-48
-68
-123
-151
-173
-142
-103
-90
-37
-52
-6
0
30
31
29
9
28
37
15
-20
-63
-19
-37
-37
-33
-24
-22
0
4
-14
-13
-82
-77
-88
-65
-31
-38
-15
-17
2
-19
-40
-12
30
56
85
62
84
147
99
54
47
62
77
90
106
103
102
89
67
69
19
12
35
17
66
30
-52
-43
-12
-20
13
-6
0
-34
-73
-70
-15
-9
30
47
20
-26
-48
-47
-46
-40
-54
-68
-50
-42
-56
-8
-5
-4
31
55
31
-4
-21
-21
-27
-31
-5
-14
-30
-20
-15
-26
-12
42
88
105
104
120
95
62
54
27
7
8
4
22
4
-23
22
10
33
89
84
83
58
84
97
111
118
56
24
10
-37
-37
7
-1
40
68
117
113
53
44
33
-14
-11
28
45
57
59
53
-14
-14
-43
-59
-97
-94
-76
-31
-3
13
-14
-23
-20
-14
-25
-34
7
-5
-5
-7
2
-13
-43
-24
-63
-116
-90
-110
-106
-73
-43
1
16
44
15
-2
-38
-48
-87
-51
-5
42
77
43
27
-9
19
38
13
26
26
36
61
53
-1
-1
53
50
53
54
78
81
73
49
33
-46
-18
4
21
26
13
2
-41
-57
-92
-90
-66
-88
-98
-86
-87
-39
-76
-93
-126
-135
-150
-139
-76
-58
-79
-113
-136
-139
-120
-127
-95
-92
-37
-26
0
-41
-49
-40
-79
-23
-45
-53
-32
-47
-64
-30
-57
-13
-7
54
82
57
89
58
52
38
54
94
184
177
148
115
98
52
43
25
48
78
90
132
110
103
79
44
24
42
39
65
36
5
-9
-24
-11
-20
-12
-57
5
-12
16
23
-33
15
14
-5
-21
-52
-35
-49
-29
0
17
56
33
32
50
41
59
14
9
28
62
81
98
122
92
84
88
92
72
82
90
58
27
83
123
94
97
108
103
51
22
7
19
65
38
-28
-42
-86
-66
-50
-73
-69
-125
-102
-125
-127
-118
-125
-76
-47
-49
-71
-108
-169
-182
-100
-70
-78
-88
-35
-47
-70
-100
-111
-106
-109
-85
-84
-81
-86
-53
-124
-106
-63
-84
-48
-101
-107
-90
-98
-88
-73
-53
0
37
58
124
95
68
29
18
11
90
130
115
127
97
104
39
16
72
58
45
58
84
96
101
114
90
67
68
45
50
104
104
79
56
63
31
24
41
19
35
47
46
18
37
3
-7
-1
27
42
54
53
70
63
60
70
26
47
10
-4
28
16
20
59
38
21
29
-4
5
-6
23
36
7
11
-25
-36
-5
-13
0
25
31
-33
-56
-86
-95
-92
-51
-28
-34
-57
-53
-6
-25
-77
-58
-21
-2
14
-6
-29
-83
-65
-40
-56
-24
52
30
81
18
-2
-56
-67
-69
-72
-11
-25
-13
0
-54
-92
-122
-131
-94
-144
-190
-166
-128
-125
-100
-127
-142
-150
-139
-91
-106
-41
-65
-73
-93
-83
-52
1
34
51
43
58
29
-11
-19
-59
-37
2
54
65
61
73
113
65
51
69
23
8
45
47
72
75
103
62
69
87
101
122
125
123
130
213
214
163
129
115
149
139
124
94
38
15
-15
10
70
92
103
57
32
-14
-46
-63
-76
-31
-15
11
25
-12
-45
-25
-14
-79
-95
-72
-95
-65
-94
-107
-110
-50
-34
-74
-89
-35
-19
-25
-33
-66
-43
-49
-1
11
-6
0
-26
-16
-49
-25
-3
-1
8
45
56
15
-5
-50
-13
18
25
10
-21
-35
-15
14
86
78
31
45
29
-4
-24
3
1
22
45
56
47
26
46
25
33
8
-34
-11
2
39
70
69
46
76
57
84
118
124
72
19
-15
-58
-54
-61
-52
-57
-59
-61
-29
-43
-86
-49
-18
-32
-18
-9
-13
-3
-28
-31
-59
-103
-59
-45
-50
-16
-16
-61
-10
-34
-54
-58
-82
-65
-44
-20
22
1
5
-44
-64
-8
-35
-63
-48
-67
-11
40
20
85
38
41
66
22
11
52
79
94
95
79
101
109
88
39
41
93
88
93
104
114
85
74
74
75
74
80
78
45
42
-19
-35
12
-18
-40
-23
-27
-27
-1
-57
-97
-73
-119
-143
-157
-144
-74
-48
-67
-57
-64
-116
-120
-132
-138
-147
-154
-73
-45
-52
-102
-114
-91
-93
-58
-128
-72
-14
8
42
26
59
22
33
-19
-38
-60
-39
75
97
120
138
100
72
46
45
19
13
31
-10
21
47
82
113
65
61
65
38
34
60
69
35
75
66
94
61
14
40
-20
-2
18
66
91
75
24
18
68
52
54
-16
-34
-41
-20
5
20
32
28
42
69
32
-36
-3
16
36
29
-13
-44
-59
-54
-60
-50
-49
-37
-9
-13
-24
-18
-98
-102
-76
-60
-66
-42
-23
0
36
-9
-7
-43
-50
-82
-11
26
30
32
37
26
35
48
25
27
31
61
40
87
18
-10
20
-11
13
28
18
2
-5
-34
-44
-22
-13
-25
-34
-15
-4
-4
-49
-60
-71
-81
-105
-115
-102
-51
-6
-22
13
-16
-8
-14
-21
2
29
34
-16
-27
-48
-57
-45
-36
-41
-58
-58
-25
-18
-39
-19
-36
-76
-101
-69
-58
30
60
55
68
13
-8
-3
35
20
59
96
110
114
90
89
98
164
147
98
104
99
81
117
147
148
129
90
89
62
52
42
26
-1
-14
-5
-4
43
57
30
64
54
34
33
54
31
37
62
52
58
43
11
-3
16
6
-27
-72
-64
-58
-103
-95
-105
-138
-153
-182
-166
-168
-173
-95
-83
-61
-90
-172
-133
-97
-132
-128
-102
-75
-106
-89
-53
-67
-66
-39
-23
-39
-22
-27
-45
-69
-99
-67
-26
-19
-25
-41
