92
-28
-118
-209
-213
-97
-48
-30
-158
-206
-195
-303
-176
-125
-25
-238
-291
-143
42
23
-108
-153
-109
-100
16
56
-7
264
267
241
65
-1
139
-112
-52
-8
50
130
124
90
-46
-31
78
142
127
-135
-401
-407
-299
-135
-96
-52
-19
1
139
94
-148
-202
-67
-90
41
-7
-60
78
130
-92
-242
-278
-134
-100
-80
-124
-171
-132
-108
-199
-367
-440
-231
-118
34
127
134
12
-42
-131
-293
-132
20
51
70
77
45
175
153
116
72
87
137
177
152
-87
-15
-40
10
161
188
244
127
127
121
119
104
247
87
100
150
153
-165
-97
89
41
6
-36
54
20
34
82
67
10
-36
-38
153
124
38
-72
-84
-100
-149
-281
-193
-96
-17
-36
-74
-201
-12
189
246
338
251
207
239
295
189
139
163
287
309
176
27
17
89
148
-46
-202
-243
-46
63
271
270
206
19
-164
-269
-156
-83
-87
-13
165
163
106
84
-54
51
63
102
0
137
223
195
166
4
24
-31
94
-93
-161
-50
-96
-38
-52
-99
-313
-282
-293
-119
-70
-91
17
6
-61
-280
-426
-473
-362
-169
-59
20
-162
-287
-278
-346
-205
55
241
311
192
102
191
40
112
23
-178
11
-84
-45
-57
-204
-122
-117
56
39
60
87
160
5
95
80
43
95
52
57
-61
142
140
50
5
-112
-119
133
25
-116
-86
112
131
10
-125
-175
-54
22
-66
-132
-98
-186
-242
-202
-191
-183
-34
24
-76
-171
-49
-67
88
115
105
68
-40
26
81
162
131
238
245
68
-23
-111
-39
51
21
-6
31
141
122
253
266
-6
-46
-13
223
397
299
438
454
326
268
176
194
95
50
88
1
-70
-68
-167
-199
-158
-209
-385
-416
-222
-224
-238
-283
-332
-353
-455
-414
-326
-272
-81
126
-82
-192
-253
-269
-145
-91
0
158
207
261
161
205
253
176
221
75
104
49
193
225
30
17
-21
138
90
36
101
6
-13
-43
-31
68
150
324
56
-107
23
-6
-95
70
53
110
150
242
230
115
15
-134
-253
-111
-175
-151
39
139
89
51
-79
-187
23
-21
-159
-131
-45
44
137
41
37
-79
-100
-40
7
82
46
-94
-269
-204
-179
-99
55
31
95
67
68
-132
-179
-96
-83
20
145
114
108
3
29
68
-13
71
151
275
314
254
141
149
264
271
249
110
81
131
-1
-33
-91
-32
-149
-159
-93
-141
5
-17
91
258
380
241
-54
-115
-293
-265
90
114
92
31
39
72
-135
-74
90
-72
-157
-267
-171
-120
42
107
20
45
-25
-235
-385
-325
-349
-187
-182
-86
-153
-103
-118
-81
-11
99
57
2
21
84
118
177
108
177
107
72
82
69
166
118
44
-134
-80
18
-169
-258
-220
-182
-97
41
41
-55
-109
-36
94
-62
-239
-265
-164
-23
154
203
189
156
13
-85
-201
-77
218
272
169
209
130
142
108
-145
-195
-147
-6
-12
34
-102
-289
-273
-155
-210
-177
-144
-30
-28
7
-134
-201
-102
109
190
219
145
-44
-102
-48
-87
-161
-148
-206
-158
-156
-177
-54
92
106
138
210
254
124
-21
34
-52
-49
69
46
-18
137
294
317
148
134
-100
-116
205
347
230
292
411
428
353
235
127
-86
-95
-84
107
179
222
360
302
209
231
238
162
40
-16
-77
14
24
-33
-83
-156
35
73
67
69
170
81
117
-75
-134
-233
-218
-166
-456
-358
-344
-310
-256
-211
-231
-314
-307
-291
-360
-284
-53
-57
85
204
177
186
11
-128
-249
-236
-246
-172
-156
-42
84
45
69
-20
-70
-81
-154
-223
-190
-146
-155
-8
74
93
67
65
-159
-229
-270
-300
-108
25
69
56
223
172
78
4
18
34
138
188
402
379
327
319
186
168
90
262
225
229
142
131
136
-81
-242
-220
-174
-231
-192
25
67
51
156
89
-98
-141
-144
-118
-111
-170
-164
-162
43
-20
-124
-6
28
97
133
134
-15
200
299
216
354
123
8
-11
-58
-135
-128
-141
-43
108
291
558
480
356
116
-125
-63
-16
-141
-71
174
389
199
116
135
77
214
108
144
41
47
-28
-92
-56
-123
-38
-72
124
127
130
55
56
95
-110
-83
-82
152
114
133
-39
-166
-220
-90
-81
-39
69
71
17
-133
-183
-305
-340
-293
-146
-248
-383
-457
-382
-466
-408
-397
-393
-352
-260
-186
-136
-85
-59
13
-20
27
32
-17
-52
-26
-44
-104
-86
-165
-128
82
54
9
-58
-80
43
29
-74
23
114
107
249
121
86
69
44
52
-9
88
84
68
-48
-11
-43
22
9
131
291
267
337
349
131
15
64
47
-42
-204
-95
50
66
82
5
-66
-34
71
180
94
252
251
122
-1
-4
219
300
186
24
73
28
-42
60
135
188
285
121
6
-185
-158
-68
-269
-245
-54
45
-75
-54
-28
-31
40
-19
-19
48
156
71
8
49
60
20
-90
-189
-239
-302
-314
-180
-295
-88
62
95
78
-48
-91
-242
45
195
79
-107
50
104
157
64
4
-67
-243
-67
-154
-90
19
104
94
153
184
250
378
272
161
113
12
-112
-206
-117
-48
-23
-28
-85
-24
-92
-127
-201
-105
51
-129
-151
-94
45
-89
95
206
407
278
41
-60
-47
-67
-110
87
18
96
132
69
60
-87
41
130
51
-107
15
67
-33
22
73
68
130
144
41
-17
-18
220
403
352
258
159
165
71
-9
-93
134
353
305
256
163
27
84
-26
-80
-249
-528
-440
-377
-309
-322
-122
-175
-420
-538
-555
-470
-492
-469
-406
-213
7
-6
-55
-22
-30
-11
-19
-128
-136
-188
2
37
16
-20
9
233
279
59
-98
56
133
127
-50
-129
-37
48
21
102
-87
-76
52
-89
-53
15
263
316
214
187
50
69
71
96
-16
73
338
295
178
89
211
418
525
354
-29
-172
-98
-10
-78
-396
-334
-192
-45
-51
-24
43
277
440
305
4
-119
70
246
75
-43
-19
-32
9
59
-6
-90
-51
28
-3
-122
12
5
-148
-38
-62
-55
35
1
35
30
3
-59
-33
-168
-228
94
57
104
31
48
132
74
6
4
36
139
183
134
-31
-145
-137
-280
-297
-266
-111
-102
-122
26
70
100
116
-5
-211
75
162
96
139
-65
-363
-400
-308
-289
-273
-258
-51
-47
31
109
246
329
152
90
5
-169
-129
-72
-73
-273
-345
-204
-118
-67
-135
-57
-167
-164
-197
-138
84
191
74
2
-4
-61
81
70
88
-160
-199
-63
-92
28
53
106
128
198
-41
-33
46
-38
47
35
50
136
284
363
309
16
65
269
450
434
312
301
219
139
-32
-68
15
254
492
557
457
158
-134
-254
-159
-16
98
193
256
287
50
30
-3
-7
-4
-145
7
-17
53
142
179
221
32
27
-61
25
30
31
103
150
-4
20
-30
-244
-279
-373
-305
-309
-343
-131
-112
-252
-316
-426
-323
-345
-376
-150
-177
-112
-89
-68
-61
-110
-116
-82
-173
-26
29
104
260
267
204
183
-25
-149
-116
44
178
52
-243
-137
74
21
20
-99
-189
-300
-122
-101
-196
-108
164
164
136
147
14
39
221
291
180
12
-30
-85
39
62
118
67
-132
9
-111
34
-51
-194
31
54
3
-145
-181
-257
-210
-167
-200
-38
46
174
156
142
154
-23
-273
-3
221
227
220
21
87
-30
95
151
-7
65
22
143
84
111
34
-112
-163
-121
23
21
-55
-193
-151
-57
-94
-74
-237
-209
-58
-69
-42
-8
191
298
284
183
44
176
281
236
91
154
152
49
-158
-320
-484
-306
-176
-62
154
227
136
142
47
5
42
125
334
348
225
133
31
-68
-128
-328
-297
-152
-33
112
163
96
122
65
-126
-101
-156
-138
-50
-74
-192
-255
-269
-273
-101
-39
-234
-152
73
241
348
270
12
-122
-83
81
152
152
106
104
126
43
90
198
35
30
-31
-65
-193
-251
-140
-58
10
126
163
267
314
194
91
19
165
146
178
181
193
253
300
94
-108
29
-91
-50
89
100
171
131
148
163
257
68
-225
-312
-201
-100
-83
-52
-64
-213
-415
-334
-144
110
153
-6
-50
5
-120
-284
-339
-198
83
192
147
-2
-197
-133
-130
-80
47
-52
-54
-129
-228
6
-81
-280
-220
-288
-232
-157
-166
-199
-109
57
167
251
193
-95
-136
-4
14
-132
-184
-82
109
175
172
206
214
257
274
155
13
-170
-160
-244
-202
19
-87
-83
-131
-424
-425
-217
-114
25
23
42
268
167
109
123
80
181
109
145
116
147
42
41
192
304
378
70
-19
42
9
59
-13
75
86
-42
-63
-162
-201
-223
-207
-81
124
154
136
67
-206
-330
-311
-227
-113
70
295
224
296
278
232
177
139
200
112
128
291
244
117
182
188
325
280
155
78
-47
-18
154
177
26
-40
-192
-228
-169
-17
67
-4
86
69
25
-2
-299
-267
-171
-156
-83
-211
-97
-202
-415
-364
-378
-259
-405
-327
-178
-68
52
101
112
144
214
177
44
65
-13
25
67
97
171
118
171
148
155
68
-70
-119
60
130
230
8
-71
9
-138
-234
-280
-273
-91
27
-2
-209
-177
-206
-157
-114
-237
-159
-157
-34
105
241
41
98
127
-2
-21
20
-103
-25
99
100
84
69
143
288
181
45
-36
-63
-1
-96
-76
-94
-18
-42
-31
18
190
290
116
-170
-149
-62
-34
-81
-31
-56
-40
33
60
166
107
135
250
269
112
82
-34
58
82
-90
-328
-337
-127
21
43
79
159
67
-91
-101
-77
8
10
48
81
-58
-126
-139
-267
-306
-260
-231
-111
24
11
-161
-153
10
206
224
217
273
179
-54
-244
-229
-95
197
323
278
266
228
259
300
150
293
338
331
189
33
66
293
434
289
49
25
105
42
-54
-205
-267
-253
-295
-346
-192
-101
-74
32
-20
75
-64
-105
28
111
45
19
143
92
-39
-160
-10
78
96
-2
-45
-98
-26
-136
-150
-151
12
1
-33
-29
-198
-126
-166
-258
-282
-158
-82
199
118
207
59
-109
-223
-214
-226
-281
-82
-35
25
397
565
356
208
50
18
-14
-14
43
-144
-142
48
118
213
107
-64
-224
-217
-341
-316
-189
-266
-235
-238
-249
-314
-267
-354
-295
-155
-108
38
86
163
112
-1
-121
-184
-199
-186
-154
8
35
-63
-159
-139
65
279
313
317
253
363
409
324
186
115
201
58
4
-58
-97
127
164
63
72
-50
-40
36
131
-58
-122
-150
-104
-141
-161
24
-140
102
133
17
1
-93
-192
-244
-65
37
160
160
180
145
239
329
159
113
109
213
243
204
-43
-65
-22
-3
-22
-26
65
197
286
167
-67
-306
-227
-75
-11
-94
-26
50
175
167
-55
-131
-97
-125
-161
-98
-45
178
210
213
186
111
61
-37
79
124
207
235
208
81
-34
59
134
76
31
-131
-144
22
61
167
303
283
235
103
-18
76
-7
42
-29
-148
-117
-81
-84
-113
-151
-83
-166
-336
-321
-216
-368
-394
-222
-38
-29
-45
-149
-147
-96
-43
-32
-39
-12
-96
-39
-32
88
94
-17
-171
-31
-80
6
-12
-85
-70
58
255
210
35
-60
142
18
-195
-522
-467
-287
-264
-251
-298
-136
-49
35
-80
-19
25
-75
65
29
27
-37
-55
-108
-27
30
51
117
175
80
-43
-95
-70
-167
-37
232
257
182
45
-38
76
42
66
-14
-58
-15
174
226
330
506
506
433
340
195
-73
-120
-62
132
236
415
395
382
404
279
303
208
184
151
83
-150
-155
-82
-72
72
-7
-172
-391
-454
-421
-346
-348
-245
-104
34
131
32
3
-3
-107
-100
-6
-34
-194
-325
-386
-373
-364
-238
-107
-24
195
203
82
-27
-151
-219
-51
81
38
24
-2
103
206
260
327
142
48
-48
-53
-77
-44
-181
-74
204
265
25
-94
-16
-49
9
-194
-226
-285
-391
-390
-207
106
287
235
16
-108
-321
-395
-378
-312
-161
-51
-16
23
204
296
158
128
79
55
107
82
12
219
215
122
145
177
89
13
77
9
44
-25
-118
-41
216
241
72
42
44
-28
-20
66
72
-36
-95
-100
87
130
60
87
172
251
376
194
62
15
-43
-14
-76
-91
-41
4
45
71
82
136
117
-56
-90
-59
102
139
108
45
-107
-14
5
170
93
140
85
156
28
-68
-76
-154
-173
-134
-206
-231
-88
24
181
132
-8
20
46
158
-34
-172
-194
-194
-67
1
157
157
173
89
-28
-226
-154
94
51
44
80
47
90
16
-12
-156
-226
-160
-130
-145
-58
-217
-346
-413
-445
-449
-304
-74
-36
-28
139
185
156
46
-110
-79
-59
-92
70
28
69
132
-45
23
231
301
257
316
259
63
60
-74
-77
-42
-179
-124
-94
40
25
2
47
-100
-93
5
-72
-127
-35
-39
34
335
387
235
238
190
63
-81
130
253
242
148
43
-57
-187
-106
-120
-140
-95
-100
-38
-9
107
29
-157
-218
-174
-97
-173
-95
-37
107
86
-96
-324
-256
-208
-176
-51
-72
-69
-35
24
-130
-139
-12
187
125
-27
-205
-222
-212
-231
-157
29
173
280
282
295
285
177
-97
60
-83
-205
-1
118
74
39
171
62
60
48
155
32
-55
-129
-289
-289
-127
-120
-37
71
185
50
1
55
52
50
1
-5
99
182
343
286
177
108
19
236
11
-23
-119
-157
-156
-195
-167
-74
-46
-256
-274
-206
-13
-27
-132
147
82
-146
-91
-23
104
183
196
294
325
184
197
101
57
111
195
348
403
315
168
58
157
218
148
239
184
239
322
104
93
151
226
-2
-25
-142
-117
16
-36
3
55
88
118
134
-66
-187
-205
14
77
2
-133
31
-106
-328
-409
-536
-409
-282
-328
-436
-387
-262
-129
-70
-209
-303
-183
-123
-73
-220
-357
-148
3
-92
-42
-95
95
104
-168
-164
-222
44
177
260
204
205
340
213
28
-132
-241
-136
73
-22
-74
-281
-298
-31
-44
-25
-125
-106
57
40
191
140
65
138
75
36
-15
77
-48
50
111
-47
-188
-86
-35
47
-34
-146
17
-21
-16
8
92
-49
-221
-88
-54
-55
-189
-248
-124
45
-65
38
5
-13
70
-5
227
382
268
173
161
289
233
-62
36
253
340
242
249
126
61
172
292
323
315
269
232
165
102
-33
-177
46
97
162
176
172
218
329
163
-32
-149
-238
-152
-57
70
164
131
153
147
-5
-28
-169
-277
-355
-61
-6
74
-8
-60
-26
68
-17
-97
-32
-30
2
17
72
107
90
39
32
-12
-109
-315
-289
-317
-136
91
36
-187
-267
-188
-175
-192
-216
-285
-322
-158
-92
-238
-241
-170
-67
61
-41
-214
-202
-72
-23
-266
-286
-140
-89
46
-79
-135
38
57
161
242
126
-138
41
171
138
-14
-114
-163
67
94
-105
-210
-289
-84
25
88
172
125
241
219
250
239
143
157
62
78
152
274
340
306
199
205
234
48
-184
190
462
262
114
3
-108
-134
-146
-161
-77
-170
-95
-70
106
102
11
-46
-189
-153
-250
-120
70
104
8
-91
-214
-151
-174
-224
-259
-299
-368
-319
-268
-239
-50
-30
69
68
48
-80
-92
-174
-136
162
117
35
-18
-43
51
-27
-159
182
93
92
323
462
356
8
29
58
124
134
-3
4
9
209
286
152
37
8
-87
-44
-12
84
201
306
256
108
-30
-46
77
29
-74
-7
-25
61
9
51
44
-57
184
223
106
-72
-66
-25
31
-115
-198
-248
-252
-131
-270
-230
-163
-166
-84
84
110
273
111
146
6
36
80
90
387
274
274
224
29
-129
-21
49
198
374
256
215
303
280
186
148
227
254
58
45
-64
-232
-200
-121
18
125
165
171
-1
-168
-305
-205
-232
-221
-110
-118
-117
-18
-160
-28
-174
-318
-174
-139
-28
-144
-146
-322
-360
-283
-431
-557
-531
-427
-357
-246
-180
-88
-20
76
72
20
100
32
-31
-84
-96
-105
-100
-213
-216
-54
58
216
24
183
80
-3
-64
-148
-91
-12
-40
-92
-110
-97
-97
-40
40
-30
62
222
438
359
113
85
171
280
312
323
225
204
113
-160
-229
-247
-113
-112
-214
-79
-6
-67
-38
-54
-107
-123
-87
1
97
78
45
-92
-256
-248
-182
-138
-11
148
196
233
182
52
106
108
118
191
13
182
175
151
109
87
17
115
254
315
165
140
108
149
208
44
333
466
408
350
212
127
212
150
191
80
75
239
147
38
-5
40
209
156
26
38
-57
-79
19
-73
-6
-30
-53
162
167
51
-83
-129
-98
-14
-178
146
-210
304
-258
513
-446
743
-548
2014
-282
1092
1113
-2063
2985
-3453
1945
-745
-1393
2352
-3413
1633
-2125
-1566
-291
-2541
-328
-1577
-689
-1729
-220
-2668
-816
-1825
-2048
-45
-1238
157
428
-324
903
-276
985
563
1513
1608
1985
2398
1943
2437
1588
2592
2017
2583
2627
2177
2378
1697
1396
694
754
60
239
176
-536
-292
-1184
-1625
-2309
-2318
-3032
-2689
-3287
-3624
-2936
-4360
-3281
-4221
-3636
-3294
-2922
-1965
-1228
-1202
-209
88
150
1553
1312
2530
3472
3459
4484
4059
4085
4491
4412
4225
4698
4267
3894
3722
2301
1893
1093
-22
-254
-764
-1160
-1036
-1899
-1412
-2242
-771
-3445
-634
-4327
-2376
-1987
-4689
338
-4460
-807
-2486
-3951
-1268
-4940
-2203
-3060
-2669
-2018
-1669
-1760
-721
-968
-1070
215
-76
1267
2752
3038
4233
4439
4149
4757
4536
4626
5203
5234
5652
5519
4940
4130
3024
1977
1495
117
691
-410
453
-1128
-914
-2312
-1478
-2267
-3053
-1070
-4993
-150
-4863
-1872
-2710
-4938
-1475
-5830
-3012
-4202
-5062
-2731
-4751
-3618
-3849
-4449
-2834
-2548
-1711
-619
-724
1499
516
3016
2525
4286
5021
4631
6374
4993
6262
5608
5932
6455
5634
6659
5080
4398
3827
1555
2181
-193
-173
-958
-1454
-1811
-2232
-2461
-2968
-1826
-4626
-1605
-5833
-2627
-4310
-4424
-2309
-5581
-1874
-5680
-4178
-4584
-5373
-3442
-4599
-4013
-4009
-3943
-2780
-1329
-1556
905
-544
2286
1085
2964
4114
4430
6795
5525
7101
6581
6683
7370
6225
7441
6076
7037
5956
4710
4627
1945
2208
447
-893
-133
-1221
-1017
-1406
-2759
-3969
-3856
-5915
-4540
-5575
-4868
-4246
-5214
-4281
-6223
-5641
-6341
-6097
-5602
-5121
-5246
-3949
-4568
-4269
-4279
-3963
-3508
132
49
2655
4084
1384
5750
2645
4200
6605
4083
8946
6322
8032
7731
6027
7462
5216
6090
5274
5418
4476
4089
2804
-487
1168
-3430
-1822
-1964
-3526
-1460
-3418
-3607
-5350
-4788
-7595
-5837
-5580
-6577
-3847
-5244
-5120
-5303
-5648
-6004
-4961
-4620
-4870
-2601
-4161
-2380
-3144
-2674
-1939
-1847
3007
43
5229
2662
3370
5680
1716
6868
3406
7176
6472
6183
9095
4457
8339
5377
6026
6292
5217
5758
4397
4561
1723
1064
560
-2409
182
-1939
-1849
-1652
-4301
-4270
-6351
-6169
-7817
-6414
-7287
-7040
-6715
-7244
-7550
-7350
-7271
-7515
-5889
-5761
-4887
-3824
-3894
-3191
-1775
-1628
-975
1156
3135
3266
5877
5228
5071
5896
5032
6498
6459
7493
7811
8463
8381
6810
7776
6342
6605
6508
5813
5824
4027
3924
851
798
-1664
-1144
-2316
-1760
-2033
-4506
-2702
-7529
-5693
-7627
-8517
-6425
-8654
-6579
-7743
-7088
-7522
-7239
-6617
-6332
-5051
-4494
-3445
-3173
-2134
-2537
-1343
-397
408
806
2835
3788
4214
5731
4763
5438
5361
4726
6764
6149
7839
7603
7611
7857
6025
6969
5652
6192
5849
5681
5050
4177
3452
1762
1799
-146
27
-2104
-1802
-3058
-3726
-3969
-6420
-5770
-7789
-8256
-8500
-9007
-8006
-7577
-6542
-6977
-5361
-7223
-4786
-4698
-4787
-2360
-2816
-328
-886
593
1498
279
2779
2021
3781
4356
5342
6087
5082
6074
4770
6064
5435
6439
6945
6220
7317
5942
5971
5531
4894
5282
4632
5044
3240
3862
2412
1029
1138
-2256
-1222
-3463
-3298
-3512
-5197
-4535
-7619
-7381
-8736
-9098
-8141
-7449
-6572
-5439
-5688
-5215
-4996
-4985
-3848
-3424
-775
-2549
974
950
72
1854
-47
2328
1484
1409
3835
3414
4638
4876
4056
4376
3605
3586
4368
4398
5653
5514
6304
5752
5018
4406
4229
4343
3998
4702
4649
4073
4204
2005
865
107
-1714
-1457
-2528
-2567
-3455
-4236
-6303
-7125
-7964
-8140
-7119
-6115
-5731
-5033
-4053
-5216
-4327
-3965
-3744
-1934
-2358
-400
43
-1267
1235
-2143
1043
-516
-602
2651
276
2127
1843
1906
3776
2410
2339
3191
2240
3440
3812
4312
4948
4375
5113
4229
4614
4053
5141
4394
6161
5317
5905
5091
3367
3093
566
1518
-1063
714
-1192
-1729
-2389
-4556
-5181
-6083
-6236
-5111
-6852
-3717
-5053
-3942
-4172
-3495
-3049
-4424
-3494
-2955
-3067
-2683
-986
-1704
-1840
-1473
-2047
-1245
-1175
-500
642
-234
527
1238
1376
2339
2289
2456
3246
2477
3821
4132
4496
4442
5175
4467
4972
4509
4919
5666
5905
5980
6815
5417
5623
3958
3082
3062
1033
2185
42
-53
-1246
-2371
-3289
-3903
-4952
-4312
-3323
-3835
-3112
-2532
-4083
-3681
-5504
-4060
-4853
-4298
-3825
-4862
-3787
-4674
-4845
-4204
-2541
-4673
-1257
-1936
-918
-713
-1541
778
-1243
1178
1586
2740
3399
3642
3596
3339
3996
3331
5309
4618
6513
5711
6268
5519
6161
5784
6396
6860
6782
7297
6105
5791
4112
3304
1277
731
-509
-693
-2001
-2373
-2930
-4097
-3949
-5147
-4819
-5098
-5057
-4825
-5375
-5009
-6466
-5690
-6026
-6096
-4208
-5048
-3628
-3695
-3048
-2522
-3232
-969
-1427
-974
714
148
1288
905
2292
864
2698
3096
4251
4561
4514
6031
4138
5502
4880
5590
5868
6040
6809
6495
6565
6426
7038
6304
6843
6367
5606
5329
4131
2572
2231
350
-408
-1326
-2618
-2909
-3884
-4065
-5137
-5339
-5443
-5883
-5580
-6075
-4962
-5852
-5105
-6188
-5271
-3838
-6866
-2915
-4849
-3668
-2755
-3419
-452
-2680
-1571
561
-456
397
1524
843
2990
1255
3327
3407
3612
4142
5545
5002
5392
6195
4785
6184
5767
6384
6245
6258
6280
5929
5084
6228
5086
5664
5398
3658
4286
2177
1627
409
-850
-1121
-2524
-2476
-3306
-3806
-3602
-5024
-4119
-5430
-5254
-5625
-5810
-5303
-6091
-5535
-5716
-5488
-5373
-5266
-4223
-4136
-2570
-4376
-1221
-3117
-1359
-399
-599
2043
298
1923
2094
2627
3134
4171
3612
3457
4586
3230
5301
4646
5837
5069
5816
5405
5277
4799
5631
5311
5104
5782
4268
5198
4522
4125
3523
2589
1670
1803
-88
67
-1249
-1686
-2565
-2784
-3456
-3989
-2643
-4480
-3542
-4043
-5455
-4051
-6025
-3502
-6280
-4990
-3965
-5540
-3337
-3582
-4072
-1858
-3369
-996
-1487
-884
66
-170
996
557
1065
1246
1151
2340
2066
2394
2789
3062
2772
3099
3354
3416
3962
4082
4038
4984
3146
4925
3054
4427
4126
3682
5345
2662
5145
2801
3977
2878
2463
2532
709
2341
139
1062
-668
-1149
-931
-3339
-1955
-3928
-2888
-3165
-4868
-1932
-6294
-2319
-4977
-3337
-3714
-4800
-1782
-4449
-2081
-3304
-1908
-2221
-2156
-1586
-1276
-1517
-1032
660
-773
639
-626
931
192
822
2509
477
4130
2623
3546
3435
3318
4051
3858
5129
4453
5345
4817
5592
4709
4511
5281
3912
5207
4218
4462
3674
3231
2965
1766
1172
735
292
-465
-281
-1867
-2109
-2908
-3661
-3945
-3620
-4709
-3314
-4401
-4188
-4157
-4418
-4109
-4903
-4250
-3663
-5061
-3118
-3503
-4724
-2187
-4324
-1344
-3556
-958
-1822
-1347
-568
613
470
585
2953
39
4553
2242
3846
3402
4022
4159
3739
5160
4371
4780
4147
6442
2712
5077
3678
3956
3726
2655
3223
2077
2599
2218
2187
1509
2028
116
1607
-949
198
-1362
-1423
-1368
-3479
-2093
-3552
-3165
-3385
-3445
-2676
-3968
-2477
-3214
-3279
-2772
-3457
-2267
-3752
-1982
-2996
-1603
-1327
-2531
463
-3016
907
-668
-205
1960
-264
2140
132
1255
3208
-212
4312
1232
1932
2664
947
4147
565
3385
2602
2148
4106
1736
4445
1884
3319
2800
1181
3065
982
1902
1321
535
1186
-106
129
-341
-553
13
-1786
-507
-1913
-1407
-2072
-2598
-801
-2557
-1316
-1756
-892
-1386
-1079
-1142
-443
-909
-715
-874
-617
-1161
-439
-1646
581
-3201
669
-1331
-1453
1093
-2701
539
-2134
-792
-592
-2316
1797
-996
535
745
-715
1996
-592
1517
1604
597
2636
-272
1689
220
245
1176
338
1046
-42
462
-662
-167
-687
-406
-440
986
277
1844
492
2149
846
1462
2696
1139
3998
1249
2711
1452
874
1511
551
1596
835
1029
1411
167
1458
366
-636
477
-1741
-808
-410
-1224
-363
-3209
-499
-3964
-1075
-2732
-2418
-2023
-3868
-2009
-3067
-2280
-2756
-2355
-2844
-2778
-2722
-1036
-2786
-1206
-998
-2165
-33
-2007
118
-306
366
1442
639
1807
1315
2030
2680
1551
3049
1783
3142
2271
3146
2842
2637
3313
2013
4381
2960
3974
4852
4057
3649
3911
2276
3685
1957
3810
2184
1862
2333
186
1118
-865
179
-1970
-1015
-2084
-2962
-1595
-3703
-2907
-3892
-2902
-4204
-4847
-2473
-4857
-4021
-3994
-3986
-3707
-4069
-2536
-2162
-3039
-1153
-2818
-185
-1552
-1398
969
-1067
482
-219
933
875
844
1917
2083
2592
2193
3967
3134
4286
3163
5205
3862
4144
5077
4654
5328
4989
6349
4544
5188
4126
3955
4400
3010
4030
2367
1588
991
425
212
-1104
-546
-1320
-1710
-2364
-1877
-3193
-2036
-3631
-3065
-3131
-4386
-2222
-5608
-2822
-4593
-4668
-4136
-3707
-2585
-4785
-3115
-3286
-3487
-2068
-2944
-1118
-2641
-494
-896
-1467
2137
-1672
1877
1093
1446
2119
1217
3594
1597
3096
3379
2805
3768
4063
4182
3999
3420
4323
3321
3654
4910
3714
3803
3829
3616
2521
3072
2093
2337
2598
2105
2313
1657
698
86
-1666
-1564
-1513
-2882
-1445
-3416
-2646
-3267
-4772
-3512
-4629
-2539
-4643
-2624
-4336
-3005
-3693
-3827
-2925
-4850
-1578
-4435
-723
-3031
-1739
-3000
-813
-1789
-1073
-35
-1095
986
-1591
2698
-1584
2435
12
2235
2002
1195
3001
2219
3686
1634
5028
1756
3980
2207
4690
2436
4015
3309
3103
3553
1760
3547
1916
2786
1121
2231
446
318
843
578
1081
338
960
-863
-1407
-801
-1022
-1628
-11
-2086
-992
-2637
-1454
-6
-2694
-326
-2407
-491
-1303
-1401
-415
-3322
-923
-2818
-1910
-2228
-2827
-1222
-1578
-1321
-1973
-1632
-1885
-2065
-401
-697
-434
-263
-187
348
-1368
1609
-344
1550
1607
396
2954
-723
2611
1223
1198
3062
777
2219
1259
2355
2620
1334
3389
276
2942
746
1720
2695
708
2864
961
2497
837
1849
1468
1864
1196
1325
251
375
651
-626
-193
-610
-1167
-205
-2029
91
-1834
-1687
-880
-2763
-602
-3802
-382
-3656
-2849
-3056
-3251
-1911
-4351
-2730
-3325
-3402
-2509
-2676
-860
-3436
-79
-1397
-667
-823
-2441
1595
-3181
2500
-2169
2051
-1275
-93
2339
-248
3163
895
4766
1135
4458
1514
3911
1598
2493
3241
4265
4118
2798
4532
884
4122
1513
5527
1995
4069
3555
2067
2260
972
2722
-353
1010
-701
723
-1291
-731
-838
-2385
-2275
-3793
758
-4767
-610
-2286
-2175
-2377
-3646
-1744
-4919
-2558
-2824
-4831
-994
-3580
-2496
-3040
-2775
-2933
-4063
673
-2737
-871
-429
-1543
-1208
-1016
1249
-334
961
2614
-461
964
2435
1531
3470
3542
3862
2344
2375
3461
2656
5748
3048
4700
4277
3236
4487
2219
4427
3037
4133
4098
2624
2689
1412
998
1436
272
503
-864
-854
-2302
-1941
-2692
-3108
-2054
-3150
-1485
-3933
-868
-4279
-2298
-3159
-2678
-321
-5750
-50
-3544
-3094
-2368
-3231
-1933
-3759
-15
-1289
-3432
344
-2886
693
-1830
463
-765
-919
1710
-1554
2269
-1672
756
1699
-40
1518
2159
2760
2810
2333
4525
1838
3433
3525
4064
4538
2263
4824
2400
3064
840
3673
1120
2436
2347
1394
1148
-105
531
-661
458
-847
1344
-1203
-533
-2842
-228
-3992
-393
-1543
-1204
-1728
-2192
-816
-1921
-2475
-1015
-696
-3494
-1630
-935
-1861
-4853
-872
-4206
-3525
-3090
-315
-3523
-1616
-1268
-2728
-893
-2557
1666
357
-1546
398
-115
-581
-214
752
1754
-1350
4290
1826
3095
1246
1968
1837
1541
3199
1811
5325
258
3923
1705
3617
1104
2765
3547
2484
4427
2687
2237
431
1443
723
1702
338
2649
-678
860
-2231
-1284
-2548
-1634
1056
-2355
997
-2363
-875
-2686
-1078
-563
-1878
-66
-2187
-882
-2795
-3162
-1002
-3544
-1841
-2059
-2159
-1532
-3011
-181
-4121
-1403
-1887
-1820
-1303
389
-1351
-1977
-1363
-2005
-237
-780
1406
-157
2808
-1062
905
602
2005
1431
3336
3887
404
5189
1384
4185
1809
4138
3599
3152
5033
3104
2949
2443
2120
2601
1652
2583
3094
1824
1604
459
1066
-2304
1060
-597
189
40
-577
-390
-2746
-610
-1390
-2370
-244
-1594
250
-3333
-4940
-890
-6459
-1286
-3802
-1737
-4273
-4185
-1140
-6353
-2038
-4444
-1464
-6051
-1485
-2480
-3954
-2916
-2434
-1739
-1999
-484
1116
450
-535
2227
1067
2841
1629
5931
4485
3521
5899
4478
5610
5018
8490
5118
8339
5302
7181
4295
4916
4925
4085
4828
2222
5343
2289
2070
544
568
-1554
-1361
1434
-2594
-307
-1768
-1902
-5130
-2077
-4657
-3548
-2933
-2075
-6549
-3237
-7436
-4653
-6678
-4292
-4157
-7504
-449
-10093
-2549
-7590
-4466
-5345
-1991
-2685
-3862
-756
-3946
114
-2444
4251
-1175
4441
2517
3099
3722
4066
6069
5323
7846
6394
9697
4773
9979
6013
10652
6919
10830
7133
7006
6176
4044
5738
1473
5579
1638
3232
1280
-720
963
-5804
-1551
-2452
-4940
-1064
-7363
-1052
-9093
-4185
-5239
-8178
-2154
-8654
-1101
-6519
-6763
-4950
-9265
-4484
-10747
-452
-5713
-7259
696
-11182
901
-9659
2590
-1961
-2846
5368
-7389
6679
-3469
8062
2566
4454
6715
3088
8335
4970
9574
5937
9468
6076
10249
5702
9920
6085
9948
7863
6288
8192
2644
5832
1205
3996
-703
-510
-80
-1954
-798
-4139
-2750
-8031
-4455
-6606
-6936
-3033
-9114
-5041
-8118
-8173
-6759
-8900
-4678
-5075
-4163
-2729
-7307
-5907
-7114
-6367
-2768
-4184
536
-6462
1704
-5501
99
-892
594
5489
-756
6896
-68
6277
3534
5358
5864
4202
5567
7405
7599
6559
7712
5407
7924
4868
9262
5931
6570
6703
5183
6111
2195
3582
1048
1089
-270
-1300
-1816
-2975
-3521
-1813
-5918
-3960
-8654
-5341
-7377
-6105
-4710
-7898
-4887
-8445
-4744
-6433
-3892
-4716
-768
-5210
-495
-4570
-1956
-2312
-3437
1200
-3947
722
-3076
3009
-3571
3649
-2694
3693
-345
2335
6887
286
10687
-1092
9055
-481
7819
4850
5250
9695
2635
9033
2294
7413
2763
6942
4525
6866
5189
4140
846
154
-891
-2402
-661
-2620
-800
-4511
-2735
-5749
-6676
-6422
-9270
-4475
-6208
-4988
-5326
-7688
-5379
-7923
-4018
-5624
-973
-4918
130
-3848
-3733
-3465
-5508
584
-5887
2203
-3479
617
-3516
1191
-2180
2064
-985
2053
5872
1131
8270
2115
6859
759
7145
6971
6919
9072
7845
6526
5756
7149
6024
8752
6129
10736
5459
6921
2403
3208
974
196
2036
-2618
-1436
-4723
-3274
-5741
-5887
-7026
-6710
-8926
-8422
-6818
-8338
-8485
-8902
-5124
-9559
-5458
-4650
-4288
-3777
-4333
-1185
-5112
-2422
-2936
-2233
-2717
-2623
-617
-4040
-1428
1274
-427
-1878
3650
2513
4009
7804
6425
5016
3694
7492
7022
9942
9729
10393
8500
9303
7659
8641
8533
9185
11766
8554
6975
2296
2585
-73
649
599
-1777
-2390
-4835
-4889
-8286
-9513
-9137
-8765
-9743
-7525
-10862
-10469
-11691
-9601
-9334
-6822
-7741
-3094
-5801
-3011
-4083
-5590
55
-5453
1702
-4597
-317
-2638
-1609
-804
-1213
523
-2169
6671
2047
9330
4464
5203
5525
4013
11484
8484
13455
8268
11075
8537
9445
9783
10771
11776
10846
12098
6370
4832
1814
2102
507
1611
-1373
-3469
-4276
-6819
-7678
-9396
-10563
-9420
-9305
-9605
-8977
-13098
-9970
-12662
-8769
-7764
-6510
-5253
-4506
-3606
-5619
-2819
-5398
307
-4016
1333
-3320
-2349
224
-2932
1285
-781
5120
5980
7646
8473
3638
5698
5953
9892
13669
10382
11967
8107
8230
10166
7386
12061
10295
12212
10942
6359
3886
1412
1307
2209
1605
-1177
-3860
-6124
-7180
-8069
-9141
-10811
-8348
-11925
-9949
-12733
-13549
-10660
-12067
-7616
-9063
-9165
-6249
-6201
-4233
-2421
-3367
-673
-4182
149
-3640
-869
95
-1037
5564
-2581
5280
1800
8726
7446
7356
7724
3866
9436
11365
13474
8679
11417
6243
10619
9440
10234
10136
8633
11645
7631
5697
992
2000
725
2027
-1094
-4267
-6459
-6770
-6854
-7261
-10681
-10276
-11014
-12357
-9932
-14692
-10914
-11428
-8973
-7321
-9901
-7103
-7521
-3057
-2099
-2120
-1150
-938
-1896
-1775
-2026
89
860
3853
2896
2502
5527
3757
12119
5633
8386
5846
8015
13590
8691
13119
4714
8522
8755
9946
10238
7096
9725
7255
6719
1921
1351
-1473
376
1706
-2999
-5391
-8622
-6343
-8318
-5962
-9610
-10301
-9603
-12461
-7230
-14405
-8939
-9358
-8057
-5821
-9615
-5763
-7049
-1835
-1087
-1512
-3016
-3272
-1982
-3064
-1699
261
473
3035
-635
6075
3865
6820
11817
4687
10711
5248
13452
11767
11787
10405
5697
9691
8806
11630
9645
8498
8274
6110
3296
1194
-1616
-1277
-1663
-2722
-7054
-10476
-9493
-10392
-7803
-8933
-11450
-10321
-11989
-10054
-10064
-10328
-6951
-7148
-4102
-7642
-5605
-5678
-3118
692
-1122
-468
-3918
-1424
-3950
-595
-553
-149
1951
-1108
6578
2587
8454
7631
4902
8824
6025
15333
10800
12676
10383
5305
11008
7780
12646
9892
8890
8511
3955
1940
-733
-996
-1475
-1051
-4480
-9392
-11725
-11783
-10642
-9571
-10418
-11255
-11865
-12089
-10833
-10201
-8201
-5399
-3398
-3023
-5636
-4132
-3403
-321
3347
660
904
-2944
-1650
-3314
11
-645
1604
-21
693
6574
825
9775
2142
7926
5308
9600
14670
7082
11720
4092
7362
9475
9617
11606
8413
8536
5708
3580
870
785
70
-457
-2023
-7445
-10527
-11791
-9319
-8998
-8211
-11794
-11935
-13172
-11022
-10310
-8283
-5592
-5901
-1867
-6566
-3628
-3494
957
3593
4477
1192
-1401
-1639
-1671
-409
1254
1054
127
-2210
3720
2370
5503
7101
2903
7411
4145
14766
9720
9918
8562
3370
8625
8935
11303
9398
8187
7183
4045
620
1358
217
141
467
-5162
-9569
-11165
-10199
-7666
-7312
-9406
-11365
-13429
-11204
-10308
-7971
-6506
-4831
-2557
-4389
-4232
-4715
-442
2069
5569
3553
-461
-1587
-2727
-40
-207
2418
-911
-1730
-2864
4925
350
7153
3330
2637
5445
5928
15749
5059
11321
2840
4806
9070
7944
11536
7147
8457
5299
2673
373
863
523
985
-1019
-6877
-10057
-10876
-7348
-6125
-6589
-9172
-11920
-10176
-10536
-6099
-7735
-3722
-3752
-2153
-2506
-4750
25
-219
5765
4420
2311
-678
-2048
-331
-1468
1352
-1543
-346
-5241
209
4049
-710
8673
-3605
4951
623
10530
12569
4166
10217
-2440
6773
6170
9803
9931
5676
6969
1417
1082
-1790
1515
-542
962
-3085
-9040
-9908
-9769
-5272
-5612
-6710
-10306
-11685
-9010
-7150
-4401
-4196
-3095
-1238
-1388
-900
-22
2696
4945
7093
4440
1388
-855
-154
2819
195
4109
-2862
-127
-7058
4467
1423
1824
6281
-5952
5425
-3279
15898
5194
7106
5188
-4466
7893
3344
11565
6238
5838
4316
-891
-643
-1810
165
-1528
6
-7411
-11297
-10703
-9705
-4488
-6047
-8352
-12176
-11706
-7946
-4778
-2488
-2479
-1968
-718
-577
301
2819
4584
8140
7828
4965
875
36
2767
3977
3190
1971
-1798
-3114
-4267
7693
-204
6206
196
-3818
1290
-1
16218
1927
9305
-1291
-1644
5583
4449
11834
4428
6830
816
-1533
-2260
-851
604
-527
-807
-10383
-11440
-11434
-7953
-3895
-6533
-10281
-14430
-13025
-8485
-4662
-1931
-2915
-4088
-2293
-2723
1483
3690
5838
8252
6244
3447
911
2256
4702
5753
3482
1992
-2197
-1872
-2222
10929
483
7624
-2082
-2401
1872
4309
17907
2037
9834
-4062
855
6287
8158
12216
4041
6573
-1736
-380
-1999
1416
1132
-1237
-2893
-12889
-11365
-11093
-5730
-3735
-8005
-11872
-16817
-11921
-8035
-2295
-2350
-3327
-5735
-4855
-2697
1069
5292
5372
6732
2761
1137
-315
3088
5660
4899
2262
-1546
-1757
-3521
867
10422
532
7231
-4234
183
446
7899
17141
2456
9283
-5055
1921
6322
10406
11984
4565
5141
-1949
148
-495
3805
783
142
-4909
-12370
-10601
-10089
-3763
-3626
-7603
-14191
-16401
-13277
-6086
-2744
-1775
-4895
-8238
-4649
-4558
3588
4096
5939
4130
1101
-53
-656
4763
4605
4854
-1213
-2354
-3786
-3469
334
9505
963
5115
-3065
-1742
1704
7099
18703
2539
8264
-4079
579
8688
11581
12611
4911
4401
-999
843
1770
4514
1625
243
-4605
-12409
-10211
-9063
-2139
-3348
-6813
-14585
-16668
-11101
-6240
-373
-2861
-4286
-8684
-4565
-3542
2851
4386
4530
2918
682
-883
-685
4781
3817
3399
-2815
-3464
-4390
-2315
1271
9784
-932
4024
-4437
-639
2812
9600
17828
1465
7935
-5377
2901
10111
12571
12643
4104
3659
-1002
2198
3200
5472
1166
-567
-6077
-11575
-8722
-7557
-1540
-5025
-8251
-15152
-15757
-8623
-5259
-145
-4200
-6473
-8613
-4343
-1136
4319
4850
3337
1245
-147
212
1260
5881
3497
1237
-4200
-4059
-4075
-1754
2843
8069
-1816
2331
-4779
100
4624
12528
15795
1145
5400
-4540
5639
12579
14094
10253
3314
2153
757
3798
5413
4977
124
-1771
-7916
-10585
-7596
-5219
-1895
-5749
-11807
-15897
-15067
-6447
-3337
-1547
-5540
-9648
-7006
-4462
1777
3920
3739
2029
-643
1071
554
4143
5576
2864
-1224
-4182
-4194
-2176
-860
2198
6658
-3720
2900
-5545
1930
4337
13148
14699
361
4722
-4410
7552
13669
14073
8712
1545
2091
1451
5540
5227
3711
-913
-3114
-7215
-10058
-7321
-5177
-2730
-6225
-12763
-15125
-13716
-5234
-1764
-2190
-5162
-9159
-5199
-1290
3074
4707
3187
937
864
1828
2060
4253
5081
2445
-2013
-3522
-3713
-1653
-1242
65
5850
-4614
2544
-5744
304
3437
9741
16098
-831
5061
-4356
5419
14141
12685
9710
1149
2571
2039
5631
5467
3269
-582
-3079
-5783
-10009
-6694
-6254
-2831
-6302
-12081
-15365
-13640
-5583
-1002
-2053
-5180
-8175
-5758
767
3256
5701
3205
1125
1622
3214
3469
5116
5461
2433
-540
-3301
-2274
-1778
448
-1619
6937
-4107
2193
-3286
-1658
5509
5906
18145
-2470
4816
-3367
2164
14329
9243
9918
-476
2640
2168
4299
4897
1558
-1007
-4210
-4587
-10540
-7441
-7113
-4918
-6538
-12650
-14687
-13961
-5918
-1662
-3553
-5063
-8387
-4447
1736
3829
5537
3919
893
3677
4032
4880
5972
5595
3107
-199
-1637
-1272
-507
1881
-2241
6430
-2174
2347
-428
-2114
6122
3546
18732
-284
4722
-1544
337
13540
8339
10269
-619
2126
1941
3280
3549
910
-1975
-4100
-4220
-10233
-8330
-8921
-5912
-6867
-12458
-14379
-15570
-7224
-3105
-4155
-5167
-9645
-4949
293
3929
4574
3175
878
3102
4806
5455
5691
5916
3851
1312
-974
242
-1172
3801
-3220
6060
763
-771
4678
-5553
8794
867
18794
4475
2748
3122
-3495
13697
8024
12499
1920
1776
3371
1662
5087
601
-220
-4546
-2982
-9349
-9528
-8836
-7687
-6033
-11711
-14047
-16493
-10436
-3894
-4884
-4636
-10034
-7369
-1209
1520
5182
2480
810
1530
4057
4865
5520
5230
4181
2397
-817
994
-2973
3942
-2277
3226
5192
-3439
6220
-6183
7733
814
14599
10767
-213
6936
-4641
11245
9458
12937
6177
1608
4760
1383
5291
2125
1774
-3671
-2396
-7490
-9996
-7972
-8125
-5346
-10835
-12080
-17038
-11754
-6012
-4864
-4602
-8472
-7939
-3898
890
2583
3926
360
1766
2222
4615
4726
5476
5028
1892
202
-949
-1245
863
807
-2983
6756
-2932
3771
-1620
656
4306
6924
18690
-178
7471
-2735
5558
12630
13223
11423
1423
5803
2436
6004
4606
3077
-1158
-2269
-4409
-10620
-9331
-8659
-5244
-8590
-11437
-17557
-15482
-8079
-5171
-4273
-8124
-9651
-5936
-306
1709
3047
420
674
2121
3653
4346
3761
5425
3676
1083
-1057
-2016
-415
2837
-2591
4250
218
9
3386
-2753
6423
1165
18786
5641
5298
2779
-1575
12414
11446
15362
3508
4793
2921
4389
6537
3039
1632
-3120
-1632
-8696
-10009
-9521
-6905
-7000
-9520
-15240
-17636
-10697
-6961
-2602
-6710
-8510
-8422
-2826
1196
2180
3215
-538
1926
1938
3379
2828
5109
4092
1809
-961
-3366
-1839
-2
209
-913
5334
-3550
4630
-4286
3928
2484
11176
14975
-124
7544
-4290
9312
11897
14570
8724
2338
5484
2119
7308
3886
3445
-774
-1929
-5260
-10293
-8327
-6289
-5013
-7071
-12784
-16550
-12677
-7252
-2561
-5082
-7183
-9029
-5591
-2
-99
3846
-35
1177
880
738
2272
3141
6093
1407
-219
-5262
-2296
-1914
2120
-3393
3319
-1021
476
1429
-2515
5361
4250
19869
3355
6215
-316
2107
14860
13780
14417
2990
5621
3711
6613
7127
3964
1566
-1005
-2994
-8566
-9869
-6473
-5101
-4878
-10191
-15797
-15019
-9513
-3255
-3517
-4639
-8964
-6080
-2839
-326
2712
2253
1838
991
293
-244
1809
5730
2610
1258
-5819
-4257
-4842
-170
-2942
-1428
3516
-4497
3675
-7182
3563
597
16310
10830
1503
4202
-5024
11879
12580
16145
6991
3469
4825
3351
7225
5796
3528
1320
-1473
-6158
-10499
-7244
-3554
-2947
-4955
-13404
-14572
-11623
-3988
-1351
-1925
-5552
-6747
-3398
-1665
2143
3978
3591
3055
887
-658
441
4566
5286
2909
-2602
-5910
-5766
-3308
-1640
-4837
4560
-4944
2104
-5918
-1861
280
7644
17777
120
6297
-6451
4284
11820
14255
12635
2508
5384
1788
4601
6314
3980
2613
-53
-4642
-9893
-10815
-4882
-3621
-2230
-9630
-15073
-13000
-8293
-101
-267
-1898
-6034
-4563
-1147
1086
6222
4528
4781
2773
251
1336
2924
6552
5176
1374
-3644
-5674
-5494
-2516
-5049
458
1478
-2302
-817
-7236
-945
155
16978
9638
3406
1432
-5669
8851
11928
16296
8158
4407
3946
678
4933
4453
3605
1413
-1975
-8023
-14523
-9854
-6081
-3137
-4443
-13317
-15811
-14690
-6306
-1266
663
-2768
-4997
-3087
-2174
3761
6099
7081
7097
3263
1870
1117
4878
6941
6794
1402
-2880
-5336
-6519
-2335
-5473
7017
-912
1782
-5143
-7001
-924
4942
20694
4662
6713
-5183
-1711
9824
13558
15751
6573
6153
612
983
3240
3864
3418
1752
-3463
-12804
-14965
-10298
-5658
-2437
-6765
-15277
-17467
-14315
-5552
-1017
-144
-3211
-4877
-3530
-2589
3614
4878
8383
6538
3454
710
-385
4955
6465
6781
292
-2484
-7679
-4860
-4594
-37
7239
-680
3231
-9748
-3129
-2106
13924
16383
5577
5831
-8048
4427
9164
16018
13149
7724
5742
-405
1613
2002
3492
4203
2426
-5634
-13448
-14154
-9462
-3766
-1685
-7961
-15280
-15980
-12324
-4205
-1698
-642
-3128
-2592
-2780
-1493
1969
4675
7909
6693
3675
-1642
105
3034
5226
4316
-1193
-3841
-8561
-4490
-7469
2336
3487
842
1332
-9988
-1766
-1855
18670
10908
9007
2200
-4706
7957
8928
17614
10147
9681
6108
1482
2352
1002
3233
4150
2718
-5432
-13370
-13569
-8986
-3669
-2494
-9028
-13363
-14295
-9777
-4512
-3077
-268
-1315
1177
-1833
-1428
630
3812
9241
7897
3820
-1089
65
1310
3715
1831
-665
-5167
-6421
-7315
-8504
3798
-2371
5712
-5889
-4494
-5619
3850
16192
5682
11528
-3762
4097
4940
12202
12957
8077
11888
4635
4400
569
140
906
3412
1828
-7404
-12028
-12972
-8582
-5375
-4961
-9899
-12101
-10753
-7951
-4468
-4268
-688
857
2832
860
76
797
4258
9319
6909
5083
813
1607
1109
1850
122
-1557
-3923
-4842
-8472
-7610
600
-2312
5141
-6171
-2379
-5986
6995
13193
5832
9781
-2434
6739
7194
12553
10186
7624
11582
6236
5992
377
-1675
-972
3655
138
-7562
-12950
-13274
-9752
-7301
-7039
-12838
-11987
-9636
-7653
-6175
-5605
-1991
1962
4159
1829
-185
596
5531
10205
7802
5821
1892
2855
2582
2359
-936
-757
-3646
-1763
-8859
-6406
-1949
-1863
4895
-5002
-470
-7778
10476
9382
8222
6248
-486
7369
8491
14383
7018
9600
9431
10222
6561
1152
-2577
-774
3882
885
-7565
-13175
-12707
-10514
-6062
-10040
-14035
-12077
-9739
-7873
-7175
-8123
-4609
1120
4117
648
-187
-1668
4882
7849
6886
5067
2116
4958
3134
2060
-2073
-1720
-1691
-602
-7003
-4276
-3081
1267
2669
-1477
-2253
-5084
13182
7725
10043
2715
2011
6317
10775
13146
5377
10050
9013
11936
5877
608
-2465
-599
5753
821
-7859
-11319
-12622
-7563
-6951
-10055
-14578
-11436
-7619
-7144
-7518
-10155
-7179
483
2626
846
-1802
-3023
3348
4539
5662
2324
2128
5047
3935
1828
-3959
-3077
-2580
1000
-3097
-2968
-1493
-431
2317
262
-1492
-2013
10287
7802
7763
3311
1541
3681
8569
10116
6850
7211
10452
9118
5858
2249
-2048
516
3556
2573
-4510
-6187
-7012
-7136
-5461
-8784
-10452
-7909
-4932
-4723
-5932
-8256
-7388
-2699
-989
-95
-2732
-1898
-1264
426
1024
67
2194
3045
4668
1894
145
-1488
-1524
736
407
669
470
1312
2632
1101
727
-563
-475
2571
2084
2876
1634
1538
30
1569
3578
3627
6890
4762
5397
2975
3506
1743
162
226
-915
1573
-1030
-694
-4234
-4487
-2173
-3260
-2118
-3870
-3122
-1809
-390
13
-1433
-1437
-795
785
-82
280
270
1574
2687
1935
725
-1611
-28
-1123
-156
-1917
-2831
-1722
-3312
-1622
-2880
-2994
-1490
-1498
-449
-1626
-1325
44
-775
93
-1740
-261
830
3884
3238
1162
837
670
2661
2428
1615
-238
1462
1142
1455
223
-1765
497
922
1838
479
-366
198
2710
3118
3216
1514
943
2197
2181
2598
1711
1939
2049
1390
1427
-1336
-606
-1346
-1792
-1081
-4369
-2040
-3126
-2133
-885
-3146
-2099
-2565
-1774
-587
-2169
374
-1987
-1138
-2212
-2319
-22
-514
2213
-1780
-2429
-2804
-2537
-691
-1756
-2537
-3060
-2215
-2317
-1227
-2068
-608
1306
1415
2154
952
1886
3591
5489
5247
4662
3210
3694
4450
4792
3904
3422
2297
1760
2139
414
639
8
-998
-877
-2758
-3250
-1893
-1759
453
184
-1482
-892
-1295
1478
2299
2618
2545
457
694
-57
1989
1339
2143
1048
-2627
-2509
-3870
-3567
-3869
-4682
-6619
-6913
-6885
-7205
-5707
-5891
-3888
-4082
-3696
-3025
-2302
-158
2209
2892
3250
3343
3768
4140
6577
6253
5650
5993
3201
4360
3249
3573
2916
2213
967
320
-924
-410
657
1136
2498
569
20
-213
1296
3487
3740
4386
1497
1008
851
1364
3747
2538
2807
604
-1113
-705
-1618
-1821
-2517
-3390
-5732
-4554
-6624
-5804
-5410
-6084
-4827
-6699
-6197
-6183
-4679
-2881
-2230
-1800
-2569
-1549
-632
-272
2436
230
1772
674
403
1199
1924
2215
2651
2002
346
1299
994
3509
4144
4696
3954
3091
2633
3243
5576
5228
6878
5572
3215
3619
1878
3763
4322
3507
2894
196
424
-469
-344
-1554
-2535
-4297
-4511
-4222
-4920
-4061
-5170
-4743
-5302
-5304
-4759
-4314
-2014
-2436
-1075
-1557
-2277
-302
-1395
1008
540
26
72
-1930
-1144
-1763
-740
-357
-471
-3263
-2651
-1616
-1479
172
968
985
-46
2120
1916
3470
4082
4843
6050
3626
4122
3954
3746
5656
4818
5122
2997
2692
1739
1307
475
-67
-915
-1493
-1468
-2280
-2355
-2790
-2674
-2953
-3418
-2927
-3206
-1758
-1460
-2057
-869
-1875
169
-1041
-752
671
-176
1021
-82
-934
-938
-502
1389
1236
384
-108
447
-1419
-652
701
1039
902
1804
603
-1941
-1528
-61
1374
1302
1252
1436
-844
-1475
-295
-1888
-1127
-1122
-1416
-1198
-1059
-1309
-2719
-2009
-1259
-1339
529
2118
2587
1992
1165
504
-92
910
2809
2317
3746
4027
2230
1828
-1312
-428
6
510
2423
-81
-167
-1323
-846
-1019
-2104
-1103
351
1393
2079
275
-1003
190
146
1696
852
1511
779
1531
3398
158
-1513
-813
-18
534
-513
-3273
-3821
-6905
-4216
-4937
-6824
-6044
-2415
298
-3124
-5006
-6069
-3230
330
3026
2047
-422
-214
2519
4053
2867
3705
6300
10736
10345
6215
4346
845
3078
4000
2285
1306
-1070
2585
452
-2143
-5745
-7389
-3365
-627
756
-651
-2694
-1088
696
1518
652
419
4150
4966
5158
2842
-739
-1258
197
1371
875
-2190
-4313
-3472
-5206
-7793
-10126
-11082
-9524
-10204
-10603
-12306
-13034
-7267
-894
3136
-143
-1301
-419
4038
12230
14498
12918
11144
12008
12316
10842
9936
9896
10671
14424
12797
5069
-909
-4530
-3706
-3360
-3070
-5287
-8166
-5382
-7181
-9120
-12806
-11887
-6526
-2939
2446
562
421
1688
4055
5726
4433
5472
6303
8757
7716
4116
-1741
-6778
-6371
-5944
-5999
-6170
-8406
-10712
-13293
-15167
-16278
-15331
-11155
-7864
-580
3195
5276
1878
2402
3415
9089
15755
19805
17921
13752
12329
9469
9630
7369
7569
8270
10307
7390
606
-5043
-10489
-9606
-8508
-7157
-7456
-9120
-7339
-10595
-11415
-14457
-11948
-6008
-87
4454
3699
4658
4105
5606
5767
6248
8382
8831
9991
6536
2445
-4188
-5449
-6292
-5598
-6468
-7795
-8887
-12076
-13192
-16638
-14929
-13676
-8763
-1493
3896
7070
3593
4457
2990
10008
15781
20637
19410
16550
14866
10174
10000
6329
6890
7433
9822
6362
-638
-7139
-12173
-12991
-12589
-11260
-11947
-11237
-9502
-11290
-11940
-15223
-11890
-7076
-77
4806
4964
7111
6711
8494
6637
6761
7290
9273
10509
8209
2863
-4283
-7198
-7476
-7294
-6972
-8383
-9088
-9348
-10572
-13176
-15153
-14289
-10192
-799
6339
11081
6627
7083
4854
11851
16339
20626
19866
17141
17883
11874
11657
3862
3781
3254
6346
4538
-2635
-7404
-13673
-14134
-15715
-15504
-14841
-13122
-8156
-8632
-8999
-12171
-10935
-6778
-53
6027
7749
11250
10248
12364
8349
7448
5045
5404
6114
5217
2785
-4490
-8113
-12821
-11703
-11491
-9889
-9164
-9304
-9016
-11163
-12912
-13989
-12583
-4952
4846
13216
14444
10427
10206
8692
18492
19618
23078
17775
17374
15047
11470
6580
-1937
-1110
-2094
2677
-2847
-7502
-13814
-15808
-16226
-16703
-15691
-15064
-9048
-5400
-3721
-5434
-7797
-5073
-333
5895
9744
12056
13781
13436
12750
7630
5680
1952
2283
1393
-129
-2693
-8104
-10201
-13995
-12384
-13737
-10660
-9235
-7907
-5829
-8552
-9588
-12702
-9340
-5644
6640
13350
19852
14750
14140
12133
15366
21333
21028
20925
12992
14701
6062
4661
-5007
-6362
-7373
-5155
-4634
-10234
-12490
-17266
-14990
-17117
-14937
-14869
-10306
-3849
416
1152
7
-113
2250
6417
9922
12349
13489
13674
12860
9324
3274
-511
-3683
-3391
-3396
-4137
-7616
-9405
-10136
-10243
-9402
-10134
-7943
-6815
-3946
-3616
-5693
-7580
-6619
-3875
3559
11296
17410
18241
16110
16043
13285
18225
15322
17051
9590
9315
4812
931
-3478
-9893
-8885
-10576
-6062
-11673
-11894
-15778
-14419
-13898
-13657
-11413
-9762
-3287
965
3755
3672
4088
4846
7264
8131
9693
9061
11395
10678
9627
4271
-949
-4623
-5972
-5265
-5020
-4427
-6616
-4874
-6402
-5863
-7515
-6702
-5156
-4444
-3392
-6150
-5997
-3958
-699
4769
9616
13388
14380
13347
15795
12757
18358
13956
14932
7203
5431
2329
-1356
-2641
-9976
-7627
-12040
-7813
-12476
-12788
-13623
-15155
-13019
-13766
-9926
-7821
-2512
1025
2623
3624
3665
5564
7165
7625
8354
7883
8578
8568
6771
4532
1281
-1344
-3730
-4020
-4961
-4081
-4011
-2611
-2571
-4319
-4791
-6126
-4241
-4499
-4197
-5889
-5582
-2930
-1864
5328
8838
13185
13161
12440
14438
12521
18636
13736
14752
5123
4109
-271
-3740
-4659
-10946
-7746
-11471
-8966
-14048
-14365
-14165
-14410
-12605
-12802
-9192
-7458
-1797
1864
3731
4911
5405
6394
6861
7870
7553
8236
9410
8847
8152
4902
3137
-179
-2775
-2874
-4168
-3150
-3950
-1837
-2298
-2797
-3866
-5239
-4585
-6340
-6182
-7021
-6534
-3341
-2837
4307
7891
13318
12572
13081
14304
12373
17392
11124
12162
2664
3265
-1680
-4107
-6832
-12129
-9232
-11628
-8536
-13934
-12846
-13655
-12316
-10043
-9430
-6575
-5754
-224
1839
4932
5436
6213
7173
7636
7724
6847
6566
8143
7915
8108
6208
3205
727
-3189
-2169
-3582
-2211
-3302
-995
-1604
-2318
-2797
-4602
-5268
-6459
-8226
-8876
-8656
-4607
-4228
2620
6981
10228
11657
9625
14318
10469
17421
11295
10573
3367
1967
1219
-3371
-3425
-11701
-8130
-10816
-7248
-10994
-11633
-10953
-11697
-9245
-10257
-6797
-7019
-904
1728
4766
5023
6050
7054
8634
8781
7698
6199
6897
7789
6914
6980
3842
2685
-1359
-1443
-3704
-3967
-3859
-2288
-858
-2349
-3735
-5808
-6040
-6810
-8425
-10373
-10758
-7831
-6257
-430
6605
8875
12850
9442
14236
10957
16589
13822
11868
7287
2129
2901
-3385
-1736
-9323
-7452
-9567
-8159
-10719
-12988
-10811
-12159
-9062
-10063
-7698
-7228
-2595
1089
4522
6027
7234
7963
8783
9134
7820
7542
7584
9195
7185
6409
3582
1906
32
-2359
-3375
-6702
-6727
-5644
-3119
-2762
-4003
-4965
-6664
-7254
-9683
-11662
-10825
-8060
-4764
-3959
4385
7089
13726
13375
15909
15677
14631
18246
11398
11933
2587
4542
-1310
-923
-6240
-9806
-8351
-10162
-8268
-13725
-10858
-12904
-11305
-10509
-8896
-6800
-4757
812
2711
6041
7185
9633
10140
12327
8852
7498
5382
7623
7474
5877
5292
1011
-325
-4380
-3832
-7714
-7110
-6724
-4756
-4562
-6063
-6221
-6620
-4857
-7063
-9135
-10247
-8652
-4758
-4512
2237
6955
11367
15672
15811
20032
14623
19366
13520
12155
4886
1471
296
-3445
-1908
-9144
-7018
-10910
-9249
-13050
-12370
-10840
-13090
-10935
-11387
-7631
-6429
-774
2880
6680
8432
9757
9898
11033
10703
8128
6769
5179
5629
3439
4080
1378
-139
-3575
-5491
-7330
-9336
-8517
-6530
-4301
-5150
-4510
-5775
-3657
-4370
-4228
-6939
-6357
-5946
-4031
-2682
2906
9244
12811
18435
16314
18427
13181
16926
11125
9485
3166
-40
-1032
-4411
-3673
-9934
-7389
-10132
-8581
-13175
-13066
-13081
-13141
-9726
-8573
-6189
-5874
605
3718
8886
9720
11192
10166
10213
9231
5395
4210
3557
4772
1875
1922
-2076
-3074
-4567
-5441
-6532
-8452
-7382
-5777
-4637
-3631
-3232
-2821
-803
-888
-1193
-4606
-3090
-4943
-2940
-3845
2180
8371
12811
18640
15455
17974
13011
16814
10425
7864
2214
-373
-349
-4242
-5790
-11825
-8795
-9255
-7172
-11592
-13532
-13485
-13088
-9805
-8712
-6934
-4298
1495
5731
9211
9754
10722
10696
10914
8482
4221
1381
1285
2288
156
760
-3294
-2379
-4341
-3802
-5616
-6315
-5946
-5208
-3449
-3425
-1899
-1141
989
1387
42
-3026
-4497
-6015
-5091
-3874
-1266
7048
9375
15916
14034
16988
15049
15444
14262
7019
5543
-2247
676
-4145
-3755
-9347
-8577
-8437
-9201
-10297
-14675
-12599
-13912
-10809
-10614
-7630
-5477
-9
4655
7668
9785
9026
11088
9629
10301
5237
2483
-276
600
590
279
456
-1075
-493
-1637
-2388
-5061
-7111
-7099
-4724
-3304
-2144
-2706
-820
1163
640
-1510
-5120
-5529
-6095
-2836
-2980
3763
7717
11780
15875
14791
18051
14797
18014
10066
7240
-823
-2733
-3523
-6113
-6494
-11813
-8891
-11484
-10167
-13329
-12323
-11335
-10893
-9229
-9037
-6893
-4034
3048
7440
11328
11646
11834
11554
11026
7848
2739
279
-242
1285
-33
757
-1068
504
-457
-1172
-5255
-7662
-7361
-5498
-3577
-3580
-3152
-2108
1673
2493
975
-1467
-3936
-3920
-5001
-3909
-4774
2704
7612
12675
15259
12421
15394
12401
16537
8482
5810
-1996
-2773
-3893
-6980
-9087
-12826
-9164
-8906
-7123
-10343
-9634
-9492
-8517
-8555
-8541
-6626
-2504
5014
7934
11783
11098
12800
11977
10740
6573
2205
1196
636
1190
-1421
168
-286
1489
-737
-2039
-5126
-6188
-6111
-6339
-5642
-5157
-3517
-1796
-11
427
-449
-616
-1827
-2992
-6328
-6374
-6217
-1110
6277
7601
12994
9631
14499
13536
16792
12123
7912
3178
-1502
-1639
-8456
-9312
-11875
-7846
-6337
-5404
-7754
-8903
-7778
-8781
-7682
-8826
-6533
-4234
2038
6208
9203
11446
11080
12574
11271
8943
4318
2163
912
1513
205
-456
-959
-806
-90
-1694
-3124
-6581
-7715
-7629
-6097
-5473
-4271
-3077
-1223
-43
-182
-1981
-2001
-3606
-3160
-4648
-4258
-5226
758
3250
7791
10136
10684
16307
15234
18143
9505
6947
-1826
-2026
-5906
-8246
-8959
-9725
-4604
-5864
-4213
-8641
-6467
-6376
-5573
-6289
-7348
-5828
-2887
3450
4935
7791
9361
11914
13238
11858
7202
4211
2875
1803
927
-2097
-2287
-2376
-1123
-2650
-4172
-6283
-6932
-5569
-5265
-4604
-5825
-4476
-4051
-2295
-2393
-1622
-203
1929
2490
773
-2352
-4639
-6279
-1525
2610
6085
10220
10466
15692
14993
16174
9749
7904
2964
1294
-1701
-7245
-7970
-10948
-6892
-7405
-4893
-6172
-3869
-3150
-4263
-5944
-8675
-7386
-5825
-1262
-60
3870
6866
10141
11738
11838
10020
6431
5449
1453
71
-4613
-5711
-6785
-5096
-5043
-3558
-2498
-1121
-907
-2928
-4771
-7248
-6268
-6246
-3178
-1626
872
3710
5596
5814
3242
1136
-2017
-2306
-4859
176
283
5446
7631
10060
14399
16039
17620
11819
10791
2797
1220
-6107
-9794
-12733
-11974
-9832
-8308
-6496
-6738
-3573
-4655
-4568
-7403
-8025
-9643
-7162
-4358
-1640
3407
6946
11685
13806
14837
11236
8548
4266
-63
-3156
-7394
-7535
-7256
-4376
-2918
-1100
-709
-1636
-1694
-4066
-4742
-5169
-3871
-3020
-696
701
2589
5648
7036
7807
5939
3424
-356
-2525
-4998
-1218
-286
4904
6402
10186
12810
15179
16241
10404
8347
-839
-2396
-9634
-12379
-16973
-15821
-13240
-10592
-7071
-7002
-2266
-1596
-1163
-4005
-5212
-6921
-4330
-1041
1173
5747
8186
11879
13427
14152
10546
8241
5123
1096
-1637
-6906
-8495
-9400
-7634
-6988
-4813
-3886
-2011
215
1815
1583
505
-194
-19
1591
2747
3329
4752
5949
5965
4125
2048
172
-462
-2880
-1354
-1181
-958
1165
1341
6406
7686
11589
6036
5950
-520
-3153
-6947
-11807
-13081
-14602
-11298
-9948
-4809
-4714
340
2329
2947
1245
468
-488
-1123
672
-1669
251
2971
5859
9256
12033
12037
9988
8304
2787
-1103
-7045
-9459
-10281
-9214
-9035
-6801
-3307
80
4147
5490
6233
5369
4956
2624
1907
333
-503
-1070
1776
2287
3158
2597
1463
-587
-3980
-8845
-7203
-8033
-5693
-3833
-2747
2256
4440
8537
5328
8643
3821
4642
764
-3477
-7753
-9130
-7240
-5637
-2297
-3136
1830
4259
4691
2799
144
-2454
-2611
-2170
-3757
-1245
1245
4244
7498
9168
7576
6312
4752
2656
118
-4899
-7262
-9076
-7821
-6570
-3466
510
4120
7269
8161
7351
6033
4884
2282
1755
-313
-1308
-2529
-2021
-2912
-3372
-3627
-5145
-5730
-7595
-9825
-11393
-7770
-8644
-4582
-3055
1871
8137
13034
15963
14129
15305
9840
9346
2700
-1876
-6598
-6909
-7079
-7034
-5643
-6084
-468
739
2329
12
483
-2143
-2083
-3285
-5570
-3325
-1938
1245
3557
7011
6513
7811
7252
5145
3166
-700
-1912
-4070
-3311
-4486
-2099
19
2708
5106
5675
6341
4492
2954
-947
-3445
-7235
-8814
-10015
-9307
-9131
-8524
-6177
-5175
-4212
-4547
-4422
-4090
-38
-814
2042
4007
6512
10966
13510
16121
14072
15647
10059
8259
2036
-4207
-7703
-9623
-9769
-10481
-7865
-5998
-1
1274
2313
1489
1722
476
-1778
-2729
-5728
-4625
-3507
-1189
2470
5666
8062
9562
11050
7238
4500
524
-1460
-2553
-3582
-4542
-2933
-1407
-23
1903
1983
2229
352
-1184
-4100
-6562
-10336
-11915
-11759
-10243
-7595
-4930
-1144
1537
3217
3041
2575
-74
-1481
-342
-146
3428
4240
6841
9249
13292
13714
13117
12337
8195
5539
-415
-4641
-8678
-9006
-9480
-6980
-3136
-1716
1905
1455
1124
-686
-2240
-5307
-5602
-5853
-5893
-2355
-189
1669
4881
7267
9069
10913
9845
7480
5148
2157
-1046
-3508
-5884
-6182
-4500
-3535
-2538
-3149
-3928
-3809
-3940
-4318
-5307
-5235
-5297
-4315
-3666
-2241
-1995
-682
773
954
1940
1561
549
-497
-1333
-1885
390
1140
2944
5733
7569
10491
11753
10570
8473
8207
5305
3936
817
-3521
-5986
-7497
-8258
-8650
-7516
-6352
-2459
-697
-649
-1456
-2606
-2107
-630
295
651
2140
3903
5628
7217
6580
6522
5689
5988
3989
1747
-1215
-3869
-5689
-6900
-7149
-6854
-4603
-3579
-1264
-838
-883
-1538
-1929
-2297
-2238
-2396
-2725
-1857
-1646
-1508
-454
-12
676
1018
342
58
-259
-1625
-1270
-422
1953
3405
4877
6256
8158
8668
8145
7546
4775
3891
912
-549
-2086
-3092
-5169
-5521
-6160
-6056
-4046
-3292
-830
401
960
1938
3161
2932
2851
2429
1801
1972
591
-945
-929
-906
-535
443
785
1089
2097
1285
952
83
-2350
-4431
-5425
-6218
-6010
-5416
-4109
-1906
-438
743
1003
1342
898
-219
-1522
-2687
-3457
-4107
-3384
-1749
945
2480
3616
4206
3042
2740
1739
1955
1337
1526
2125
3097
5165
5376
6124
5607
5936
4887
3083
993
-1339
-3083
-4172
-4041
-4463
-3687
-2073
-848
1249
303
-464
-1502
-2313
-3065
-3574
-4096
-4143
-2794
-2153
-617
1181
1923
2955
3662
3579
2840
541
-1110
-2133
-2292
-2958
-3079
-3065
-1767
-804
-271
-290
-22
108
490
1204
1350
1679
1134
767
635
327
-306
-153
-227
152
429
-736
-924
-1071
-1182
557
2479
3298
4886
5410
6278
6587
6699
5848
4722
4084
1991
812
-1364
-2660
-5061
-5977
-6545
-7486
-7697
-7641
-6238
-5148
-4869
-4525
-3100
-2310
-142
350
248
762
1184
666
1779
2029
2614
4092
4959
5015
3884
2389
1209
811
-27
373
-593
-272
-504
-47
-216
759
974
1685
2518
2117
1423
-602
-1553
-2806
-4179
-4736
-4221
-3830
-1982
-1981
-1629
-864
724
2113
3589
4551
4482
5403
5323
4476
3501
2963
2419
2665
863
-1086
-2664
-4254
-5958
-7709
-8860
-9066
-7653
-6195
-4791
-3271
-1655
294
1924
3113
3448
4324
4918
4438
3115
1815
629
1241
2168
2761
3717
3790
4086
4149
3539
2305
1539
1137
956
-34
-543
-1244
-1159
-874
-715
100
559
222
-546
-2176
-3452
-4795
-6250
-6262
-6348
-5310
-4166
-2244
-940
427
767
1596
1767
1679
797
215
425
-73
558
736
2085
3086
4092
4020
3710
2918
1130
-574
-1923
-3585
-4122
-4346
-3642
-2380
-1706
-318
1079
2157
2612
2690
2647
2478
1370
-8
-19
1010
1961
2833
3692
4650
5041
4655
4015
2826
2229
1462
1665
834
-218
-2428
-3021
-3408
-3864
-4936
-6331
-6037
-6027
-5789
-6346
-5048
-4984
-3186
-2416
-1669
-1007
-828
-972
-864
-812
-1740
-134
1274
2348
4267
5019
6517
7382
7151
5929
5949
4794
2099
111
-2581
-2785
-3662
-3625
-4403
-3229
-2158
-279
540
-30
-52
-199
1368
1324
2183
2070
2327
3002
2714
1594
1126
1113
1183
2607
2152
2309
1818
2235
1657
885
-813
-2586
-3524
-5435
-5922
-6939
-6375
-5399
-4145
-2360
-576
1648
2880
3820
3846
3345
2177
1534
163
-1361
-2272
-3056
-2711
-2840
-2905
-3082
-1773
-1497
-1911
-3201
-3647
-3553
-3016
-2599
-2093
-382
532
2419
4126
4650
5692
6543
7444
8304
8033
7410
6929
6355
4241
2507
221
-1107
-2175
-2625
-3071
-3092
-3380
-3661
-3057
-3124
-2644
-2844
-2784
-3229
-3102
-3222
-2220
-1322
-30
726
1428
2225
3056
3173
2964
2517
2147
1655
5
-1403
-3316
-4011
-4488
-4770
-5663
-6149
-6187
-4995
-2609
-3120
-2174
-675
1463
3881
6409
7491
9227
11538
9209
9262
6224
4436
2244
1064
-1676
-3236
-4082
-5701
-3555
-4385
-4136
-4013
-2971
-3541
-2846
-3389
-3768
-2520
-2028
-1470
273
2388
2954
5072
5546
5707
5424
5214
3635
2671
364
-2102
-2564
-3897
-4551
-4163
-2501
-1010
884
1190
614
1524
888
129
420
-792
-1475
-2120
-2778
-3169
-2905
-2366
-1318
-352
737
638
1810
2074
2177
1750
1405
1595
1062
1781
-163
854
-229
-768
-1662
-1765
-2351
-2829
-2786
-3265
-1370
-1337
-1199
-552
271
434
716
363
-152
559
444
1494
3363
5161
5760
7348
7738
7661
7243
4717
3608
1321
-565
-3356
-4581
-6265
-6757
-6610
-6278
-5073
-4299
-3158
-1661
-241
-799
-981
-1803
-1752
-1681
-1511
-899
-47
586
1334
2290
2874
3020
2875
2513
2723
2352
1416
773
587
1016
544
432
-227
-461
-96
-283
279
-226
-327
-865
29
-316
-841
-1494
-1835
-1306
-1333
-1814
-1600
-416
-253
768
970
1659
1725
2091
2009
2756
2410
1281
604
-478
-1280
-2171
-2328
-3199
-2728
-3229
-2527
-968
-288
115
233
1291
1186
1555
390
70
-215
-672
-1161
-1337
-1058
-1349
-814
-312
161
-357
-1273
-1447
-1169
-1411
-1359
-1697
-614
216
1300
2631
4109
6374
6341
8132
6599
5898
3586
1295
35
-1658
-3254
-5719
-5026
-6009
-4174
-4449
-3756
-2623
-819
-455
186
1181
453
1692
1309
1073
766
1018
403
1573
1193
835
1308
1512
1996
2626
2531
2152
2471
1621
380
-294
-1596
-2205
-2538
-3208
-3228
-2543
-2100
-874
10
1205
2225
3251
2975
2019
1132
-280
-861
-2057
-3226
-3188
-2084
-922
1013
1287
1361
1284
1220
676
-381
-2133
-3628
-4590
-5841
-6475
-6585
-5318
-3403
-706
464
2029
2307
2767
2877
1734
1025
-53
451
1146
1587
2218
2902
4042
5314
6158
6185
6834
6700
5982
4928
3018
1591
392
-570
-1594
-2206
-3775
-4223
-4969
-5993
-6618
-6565
-6192
-4635
-4265
-3615
-2619
-1568
-632
-662
-992
-692
140
206
525
643
1433
2749
4107
5484
6400
7093
7303
6828
5179
3181
850
-1043
-1559
-2510
-3130
-3545
-3520
-3420
-3370
-4046
-3823
-3871
-3887
-3613
-4086
-4031
-3427
-2743
-1294
1242
2890
4536
5877
6687
6810
6651
5024
4022
2630
1532
1174
-23
-512
-1386
-1973
-2664
-3186
-4303
-4927
-4961
-4925
-4867
-4509
-3867
-2406
-435
1358
2776
3621
3796
3516
3091
2163
1320
630
431
459
309
-308
-283
-187
9
-59
-56
-721
-960
-2008
-3402
-3660
-3785
-2982
-1951
-419
1322
3668
5166
5676
6229
6093
5991
5443
4562
3234
2283
1316
375
-422
-1547
-2470
-3430
-3287
-3845
-4172
-5139
-5253
-4908
-4718
-4748
-3917
-2444
-989
391
952
1184
1839
2370
2962
3609
3512
3557
3603
3878
3545
3272
2763
2238
2003
438
-613
-2081
-3250
-4023
-4377
-3224
-2989
-1951
-1318
-465
-3
-112
-283
-320
-28
-176
-447
-676
-627
-1535
-973
-937
622
1512
2362
3303
4178
4743
4165
4182
3301
3543
2565
1808
750
-646
-2303
-3711
-5050
-6611
-7414
-8260
-7611
-6716
-6249
-5631
-3526
-1367
1414
2948
4022
5090
5360
4735
3735
3288
2659
2569
1873
1416
1151
474
58
336
294
117
-270
-919
-1343
-2616
-3398
-3562
-3350
-2323
-1126
528
2576
4244
4728
5626
5999
5717
5299
3997
2714
1872
987
-253
-1223
-2540
-3168
-3535
-4693
-5374
-6018
-6512
-6339
-6057
-5990
-5109
-3780
-2741
-2072
-1634
-1402
-637
-154
594
1931
3248
5152
5973
7193
7896
8567
8705
8426
7858
6360
4800
1897
-206
-2647
-4461
-5678
-6434
-6466
-6240
-6148
-5511
-4337
-3209
-1874
-346
1112
2578
3498
4044
4760
4940
5122
5131
5007
5029
4493
3959
3545
2765
1801
534
-772
-2233
-3545
-5492
-6840
-8482
-9776
-10315
-10803
-10242
-9416
-7980
-6663
-4579
-3003
-1031
578
2122
3926
4986
5330
5016
4689
4463
4740
4544
4398
4430
4805
4997
5322
4762
4755
4307
4078
3637
2237
903
-1072
-2739
-4813
-5902
-7143
-6354
-5370
-3914
-2864
-819
1069
2938
4156
4282
4985
4364
4282
2721
2101
946
500
-266
-735
-1359
-1603
-1353
-786
-712
-1942
-2563
-3309
-3513
-4678
-5326
-5963
-5542
-5120
-4865
-3871
-2762
-493
1169
3257
4179
4531
5089
5837
6161
5633
4428
3164
2051
230
-1879
-3566
-4394
-4754
-5078
-5256
-4370
-3494
-2137
-959
244
1409
2630
4094
5308
6304
6328
6935
6588
5972
4988
3471
2896
1896
330
-931
-1943
-2186
-2794
-3328
-4448
-5033
-5127
-5565
-5045
-5359
-4749
-4103
-3249
-2621
-2628
-2235
-1411
95
217
870
1297
2261
3567
4001
4598
4959
4992
4692
4480
3820
3375
2640
1279
103
-1339
-2933
-3156
-2946
-2313
-1902
-1820
-1874
-1324
-1405
-1619
-1553
-1881
-1597
-1718
-1412
-1132
-720
-416
-360
152
716
1340
2140
2539
3587
3816
4636
4550
4521
4184
3524
2990
1833
482
-1361
-2355
-3375
-3948
-4540
-4808
-4325
-3955
-3533
-2822
-2007
-688
-13
929
840
1078
554
486
180
308
497
402
967
987
994
424
-29
-590
-557
-875
-1130
-1076
-1404
-1734
-1671
-1750
-1459
-603
198
1495
2249
2923
3495
4087
4008
3786
3432
2352
1778
524
-422
-1466
-2173
-3001
-2971
-3048
-3688
-3498
-3831
-3660
-3487
-3434
-3091
-2529
-1286
-146
1566
2620
3720
4552
4819
5156
4731
4607
3990
3349
2160
948
89
-222
217
151
682
721
879
347
-536
-1329
-2103
-2598
-3143
-3132
-3317
-3025
-2446
-1486
-744
168
358
1097
1390
598
-18
-524
-258
-522
-679
-805
231
1196
1619
1554
1011
950
696
225
-709
-1543
-2211
-1960
-1483
-1082
-785
-290
739
1214
900
-399
-1502
-2010
-2531
-2892
-3067
-2013
-760
918
1978
2559
3375
3381
3766
3542
2910
2389
1815
1473
969
1257
1133
1819
2241
1808
1083
34
-1128
-2230
-3096
-3541
-3459
-3245
-2827
-2460
-1643
-1154
31
376
949
884
859
924
1162
1242
1126
1296
1650
1691
1331
658
-171
-1041
-2250
-3250
-3527
-3416
-2871
-2001
-1213
-573
7
202
149
412
-14
51
-52
-301
-257
-240
198
375
981
1478
1923
2236
2001
2490
2326
2377
2253
2663
2739
2368
1757
972
280
-688
-1969
-2501
-2745
-2989
-3002
-2776
-2038
-1164
-524
152
632
785
941
724
646
434
608
383
1135
1099
879
1148
519
250
-1022
-1951
-2559
-2690
-2551
-2440
-2171
-1698
-1086
-937
-909
-1014
-1089
-965
-964
-1444
-1522
-1400
-337
434
1006
1748
2523
2545
2269
1834
785
386
-76
-325
-20
29
-63
418
868
1287
1338
1223
1226
1131
637
189
178
559
1136
1819
2332
2778
3013
2528
1514
723
-152
-991
-1559
-1844
-1681
-701
223
863
1795
2123
2369
2059
1372
550
-481
-1561
-2596
-3061
-3400
-2888
-2540
-1860
-1565
-1234
-1346
-1824
-1808
-1884
-1632
-1628
-1299
-926
-231
346
276
610
1333
1559
1727
1234
246
-256
-868
-1104
-1135
-1149
-839
-474
-311
-378
-788
-945
-754
-244
223
928
1934
2778
3493
3795
3810
3755
3438
3009
2260
999
-159
-1176
-1936
-2076
-1798
-1525
-826
-202
-92
-16
-354
-958
-1185
-1351
-1342
-1411
-1263
-910
166
492
1193
1673
2152
2361
1860
1119
362
-372
-1496
-2266
-2632
-2491
-2244
-2292
-2042
-1740
-1668
-1502
-1285
-1112
-1220
-1183
-1006
-605
-485
-261
111
647
994
935
1205
1533
1686
1994
2036
2165
2084
2055
1824
1998
2079
1738
1415
1196
1100
1053
1062
1047
1263
991
665
465
211
16
-408
-751
-1025
-1035
-1170
-1398
-1476
-1496
-1271
-670
-240
267
540
751
1312
1385
1268
880
403
-288
-1050
-2252
-2867
-3293
-3443
-3392
-3069
-2716
-2290
-1722
-1506
-944
-897
-570
-204
81
113
176
168
296
268
105
14
-68
-395
-868
-1162
-1074
-300
126
938
1958
3110
4113
4481
4553
4528
4079
3240
2351
1592
754
133
-664
-802
-881
-1220
-1092
-1197
-1301
-1583
-1634
-1374
-1102
-699
-333
485
1386
2091
2290
2180
1976
1697
952
235
-460
-1079
-1376
-1616
-1626
-1880
-2148
-2194
-2021
-2307
-2567
-2819
-2604
-2089
-1700
-1461
-869
-368
195
572
663
575
66
-222
-359
-155
127
484
1248
1961
2321
2476
2455
2588
2463
2227
1692
1502
978
714
880
611
880
686
690
356
84
-227
-756
-769
-641
-168
148
830
1045
1426
1396
1356
732
-30
-683
-1540
-2035
-2495
-2446
-2388
-1982
-1491
-892
-272
-116
-429
-634
-705
-678
-819
-1067
-987
-932
-782
-964
-1106
-1470
-1700
-2015
-2373
-2402
-2564
-2281
-1646
-832
-352
-59
504
817
1300
1354
1689
2004
2009
2295
2374
2771
2820
3139
3152
3353
3179
2805
2315
1926
1762
1203
900
430
156
-319
-591
-924
-1125
-1269
-1685
-1779
-1777
-1764
-1583
-1068
-746
-230
69
450
537
483
638
890
901
905
1018
1107
1258
1086
874
196
-191
-868
-1347
-2088
-2629
-2831
-3149
-2868
-2985
-2818
-2527
-1788
-1061
-755
-833
-849
-840
-648
-670
-876
-412
55
865
1086
1324
1629
1842
1966
1807
1736
1607
1524
1385
1177
848
554
366
168
211
-15
-240
-756
-742
-566
-639
-100
480
1285
1793
2242
2311
2469
2545
1803
1555
1300
1073
681
107
-270
-107
-64
-300
-695
-1131
-1126
-972
-1220
-1756
-2026
-2216
-1585
-1169
-786
-811
-307
106
562
567
323
232
-125
-244
-903
-1469
-1863
-1834
-1764
-1676
-1788
-1862
-1540
-1476
-1231
-1166
-1081
-880
-494
-323
-179
222
509
985
1347
1685
2274
2914
3402
3319
3022
2979
2682
2188
1663
1065
919
661
1
-803
-1565
-1787
-1570
-1541
-1398
-855
-233
459
814
665
591
469
906
803
678
359
419
547
266
55
-280
-124
-227
-126
-458
-752
-1349
-1731
-2106
-2032
-2314
-2025
-1877
-1909
-1861
-1895
-1480
-1128
-1068
-1046
-900
-853
-662
-723
-597
-432
-147
-37
642
996
1571
1636
1455
1456
1260
1148
982
1372
1349
1736
1518
1305
1275
1286
1575
2094
2395
2257
2577
2448
2389
1962
1615
1335
1178
778
-37
-634
-1211
-1589
-1945
-2108
-2233
-2111
-1326
-522
156
457
298
57
-230
-558
-810
-1070
-1510
-1914
-2137
-2168
-1870
-1256
-787
-359
-508
-809
-1179
-1533
-1602
-1440
-1090
-757
-214
300
621
867
980
950
896
348
-82
-670
-736
-898
-1093
-1086
-605
70
782
1295
1474
1631
1406
1055
848
878
1158
1495
1867
2364
2348
2010
1701
1382
806
167
-442
-958
-1147
-1202
-1093
-631
-6
612
866
1149
1220
821
218
-500
-1130
-1581
-1369
-1170
-897
-357
-37
12
-423
-867
-1203
-1458
-1531
-1712
-1942
-1405
-712
94
783
1512
2148
2300
2042
1474
789
-106
-598
-1134
-1372
-1384
-877
-589
-132
-257
-376
-583
-922
-1192
-1303
-1370
-1160
-650
-260
243
722
1243
1715
2173
2059
1813
1371
960
700
779
847
1074
1223
1485
1511
1439
1169
652
291
-316
-1150
-2072
-2301
-2501
-2081
-2069
-1725
-1115
-719
-442
-249
-137
-439
-270
-238
41
439
457
651
1074
895
912
671
330
181
-230
-500
-792
-963
-972
-554
-232
-61
50
-227
-314
-632
-794
-792
-922
-715
-222
22
601
1017
1093
1505
1926
2021
1877
1533
896
729
209
-225
-507
-695
-707
-394
-268
-232
-265
-263
12
213
492
370
711
1052
1023
685
508
655
907
1393
1353
1371
1422
1269
1068
459
-324
-1112
-1760
-2140
-2495
-2711
-2959
-2923
-2354
-2159
-1763
-1701
-1039
-434
-257
-222
-453
-269
-61
205
350
374
338
313
348
219
118
334
566
680
789
880
716
1040
1046
938
738
443
258
-240
-778
-1279
-1460
-1443
-1046
-749
-153
229
686
839
590
547
483
737
999
1343
1563
1956
2067
2082
2067
2022
1531
1059
556
-175
-743
-1685
-2120
-2488
-2658
-2862
-3081
-2838
-2489
-2178
-2118
-1789
-1331
-535
-176
176
901
1485
2235
2735
2786
2562
2302
2127
1898
1473
350
-291
-650
-646
-840
-1373
-1453
-1402
-1178
-1405
-1206
-1206
-753
-306
192
998
1669
2111
2464
2726
2651
2316
1995
1704
1605
1431
1195
992
595
435
165
-173
-572
-1084
-1600
-1972
-2263
-2524
-2899
-2705
-2376
-2080
-1782
-1514
-905
-551
7
354
341
219
72
122
365
592
618
1175
1498
1745
1828
1713
1258
915
494
-101
-764
-1359
-1672
-1916
-1827
-2023
-2054
-2245
-2204
-2127
-1908
-1915
-1713
-1372
-935
-107
741
1351
1937
2540
2860
3154
2932
2596
2243
1807
1410
962
725
425
463
439
314
32
-460
-1191
-1578
-1897
-2222
-1817
-1428
-904
-163
847
1629
2039
2250
2187
1908
1518
1355
1019
810
540
127
44
-172
-16
-77
-99
-401
-801
-1154
-1656
-1681
-2134
-2157
-2209
-2008
-1900
-1890
-1734
-1520
-1423
-1609
-1713
-1854
-1657
-1301
-754
-6
1042
1910
2484
2887
2842
2532
2019
1247
355
-293
-756
-654
-345
-63
8
24
128
185
217
271
367
358
418
812
1306
1463
1745
2148
2326
2301
1891
1489
1001
443
124
-138
-353
-626
-741
-600
-608
-629
-914
-1192
-1457
-1615
-1744
-1631
-1486
-1476
-1052
-672
-255
111
378
400
463
201
-206
-474
-611
-598
-740
-832
-669
-365
-109
-40
70
257
371
293
254
229
19
-179
-473
-779
-793
-648
-345
32
665
1011
1345
1554
1941
1980
1764
1649
1486
1180
703
490
178
246
43
-189
-436
-764
-846
-1059
-1209
-935
-779
-516
-130
281
348
618
756
900
915
748
685
310
119
-302
-638
-857
-926
-1025
-1114
-1027
-1124
-1209
-1357
-1560
-1635
-1705
-1590
-1334
-1069
-985
-756
-676
-415
-302
-185
-46
-44
152
400
807
1000
1240
1355
1781
2173
1988
1720
1602
1359
1206
830
204
40
-147
-149
-324
-528
-608
-633
-506
-428
-296
-292
-97
115
246
456
511
581
779
860
634
592
605
514
747
871
987
1023
1019
767
536
108
-210
-420
-730
-688
-920
-1015
-1293
-1412
-1497
-1467
-1534
-1627
-1550
-1313
-1281
-1379
-1107
-757
-344
123
578
1104
1510
1667
1717
1446
1096
701
402
59
-165
-427
-374
-253
-172
-233
-172
115
268
248
1
127
275
320
366
434
504
492
584
496
386
34
-253
-395
-350
-486
-416
-410
-383
-359
-463
-436
-270
-121
-131
-24
-99
-122
-34
139
53
123
359
476
368
305
-7
-160
-191
-251
-316
-534
-588
-527
-393
-486
-741
-838
-720
-530
-531
-431
-362
-327
-178
-83
122
425
488
363
225
325
343
386
690
852
969
764
723
766
593
-26
-285
-326
-246
-118
-175
47
257
406
433
223
177
203
325
287
84
-116
-152
-45
86
181
106
463
520
323
-95
-347
-374
-296
-322
-411
-333
-341
-113
-88
-120
-124
-122
-203
-190
-414
-606
-408
-328
-348
-525
-382
-308
52
64
-129
-161
-100
63
-28
-29
-64
-94
-341
-394
-379
-437
-347
43
127
102
-24
-50
41
62
90
110
532
760
835
649
358
385
254
221
54
42
154
487
840
1078
1382
1516
1596
1462
1340
1189
852
586
173
60
-147
-490
-760
-803
-974
-953
-706
-818
-711
-714
-743
-911
-893
-783
-701
-362
150
633
916
1212
1149
847
574
287
-13
-106
-165
-430
-704
-851
-1154
-1579
-1827
-2003
-2203
-2147
-2054
-1955
-1602
-1438
-1064
-610
-266
200
488
521
626
489
578
930
1150
1485
1755
2113
2187
2253
2148
1861
1653
1510
1212
853
575
459
385
276
288
229
394
431
328
37
-253
-434
-968
-1511
-1571
-1372
-1393
-1416
-1657
-1818
-1852
-1764
-1653
-1528
-1178
-630
-56
459
783
1115
1357
1516
1270
1049
809
367
192
-234
-658
-1082
-1139
-901
-702
-889
-902
-840
-817
-462
-265
-133
195
431
771
1131
1102
1165
1603
1901
2046
1980
1685
1490
1292
1113
782
756
681
752
570
244
-33
-145
-271
-365
-382
-492
-362
-421
-522
-945
-998
-1025
-915
-792
-642
-484
-686
-657
-752
-663
-708
-578
-627
-637
-522
-591
-527
-567
-473
-654
-686
-997
-1167
-1294
-1352
-1443
-1419
-977
-480
65
477
972
1514
1860
2051
2155
1987
1860
1874
1612
1386
936
363
112
91
151
-56
-54
-158
-193
-480
-876
-1156
-1242
-823
-342
90
283
688
637
796
958
704
626
485
621
606
597
471
318
285
6
-11
-226
-317
-618
-800
-979
-1133
-1139
-995
-507
-157
18
-116
-122
-182
-414
-316
-134
-12
134
4
-66
-87
-18
-36
17
140
115
7
-339
-623
-834
-942
-708
-286
-36
223
501
654
813
545
287
306
326
238
72
119
59
86
-4
22
151
88
84
156
434
301
274
580
712
666
827
720
552
496
279
98
-289
-716
-1259
-1446
-1653
-1659
-1471
-1184
-464
58
322
576
791
983
1161
961
722
465
618
726
705
372
-13
-237
-627
-953
-1330
-1514
-1734
-1722
-1687
-1487
-1188
-793
-530
-494
-104
142
371
485
476
469
479
582
739
876
1095
1402
1463
1487
1311
911
740
554
425
212
103
33
79
218
375
506
496
388
61
-424
-947
-1076
-1134
-869
-727
-455
-229
203
501
709
929
1039
967
941
1089
969
669
465
-18
-466
-627
-945
-1215
-1404
-1678
-2095
-2268
-2490
-2490
-2122
-1835
-1306
-756
-520
-201
63
414
651
660
852
1131
1378
1377
1564
1579
1516
1414
1211
1158
888
593
386
371
272
26
5
27
309
90
-78
-137
-234
-308
-229
18
258
706
905
1086
1285
1196
1163
1118
871
360
-116
-531
-635
-791
-1086
-1046
-922
-872
-846
-830
-784
-888
-914
-1173
-1294
-1268
-1085
-896
-890
-816
-890
-766
-728
-762
-887
-835
-485
-159
76
474
814
1117
1386
1266
898
589
338
-8
-245
-644
-845
-854
-992
-931
-721
-479
-341
124
327
571
983
1278
1516
1592
1633
1747
1771
1855
1908
1788
1506
1187
629
-26
-222
-399
-623
-777
-853
-1050
-1132
-1143
-1069
-1125
-1014
-723
-596
-418
-314
-289
-212
-63
-60
47
-127
-439
-499
-621
-856
-964
-1007
-949
-405
-21
101
229
294
452
444
293
408
280
193
107
-217
-537
-609
-646
-409
-21
208
628
885
1041
1194
1249
1085
1111
975
939
1034
788
606
395
324
164
25
149
450
546
565
693
534
446
404
246
90
252
191
-33
13
111
364
383
458
374
419
184
75
-297
-731
-1011
-1222
-1366
-1463
-1636
-1932
-1787
-1519
-1353
-1249
-829
-572
-326
-284
-297
-272
-211
-104
-115
118
290
509
580
449
320
112
-4
56
28
-113
-80
-39
67
206
74
-89
-120
-9
-8
-240
-197
-97
152
316
619
781
732
805
627
645
410
146
123
35
-115
-272
-496
-511
-452
-371
-109
209
637
771
572
379
325
326
204
232
161
-54
-211
-110
-367
-559
-732
-1021
-805
-561
-341
-67
302
451
794
907
791
639
510
204
-323
-692
-1145
-1389
-1545
-1599
-1514
-1152
-791
-365
-9
86
420
584
691
923
989
982
727
380
263
247
-5
-126
-298
-459
-509
-542
-560
-553
-404
-211
218
578
1002
1216
1494
1496
1541
1519
1331
1445
1379
1240
840
368
129
-163
-489
-882
-1020
-1248
-1342
-1419
-1671
-1727
-1604
-1214
-690
-394
-155
347
697
902
802
614
414
143
66
-92
-392
-551
-476
-384
-273
-256
-84
-73
2
-70
-218
-288
-295
-305
-422
-227
-107
-33
131
120
122
226
269
224
322
284
428
704
988
1108
1212
1481
1478
1631
1572
1407
1271
1116
1107
851
776
624
449
299
78
-342
-930
-1330
-1612
-1737
-1777
-1765
-1909
-1747
-1373
-1160
-981
-910
-801
-720
-808
-893
-913
-813
-603
-337
-146
-71
-18
10
-23
-168
-370
-433
-557
-588
-600
-568
-554
-370
89
375
554
661
760
726
465
453
339
388
431
656
904
1023
1110
1126
1082
951
939
830
1062
1076
1029
1012
1018
1140
906
683
428
423
111
-188
-487
-850
-940
-1395
-1299
-994
-716
-726
-692
-717
-834
-893
-982
-951
-789
-505
-406
-225
-142
-321
-407
-362
-256
-104
-178
-256
-316
-499
-447
-410
-383
-224
50
376
740
831
689
605
639
849
975
1037
1154
1277
1166
1045
760
653
370
227
175
17
-32
-168
-143
-64
138
437
985
1281
1445
1569
1495
1289
1038
705
239
-45
-356
-646
-948
-1097
-1196
-1225
-1330
-1300
-1412
-1715
-1828
-1932
-1952
-1738
-1532
-1184
-702
-414
-173
-83
-28
46
-191
-325
-484
-659
-688
-796
-641
-461
-256
-121
98
211
298
385
482
404
309
238
223
355
540
621
600
558
551
530
340
393
587
651
588
542
527
431
467
551
480
548
536
315
113
11
77
163
219
353
440
482
604
629
368
102
10
-109
-55
22
222
425
253
371
560
750
795
898
618
325
-146
-843
-1241
-1444
-1678
-1921
-1901
-1862
-1751
-1760
-1592
-1439
-1241
-948
-632
-239
34
131
254
476
582
555
634
687
719
575
468
305
149
261
372
391
270
291
59
55
59
20
138
366
467
579
590
552
651
499
450
548
842
907
953
1012
1055
1050
1048
901
658
524
465
402
500
441
242
113
65
-3
-268
-658
-893
-943
-1181
-1500
-1464
-1401
-1368
-1278
-1478
-1378
-1194
-1068
-1031
-1031
-974
-969
-852
-831
-715
-420
-34
269
363
420
287
331
185
142
-31
-220
93
247
284
377
514
478
525
578
787
1044
1231
1273
1237
1367
1258
1295
1110
887
680
376
225
291
104
-135
-104
-97
142
70
-159
-364
-522
-626
-814
-922
-861
-808
-671
-586
-491
-464
-527
-295
-154
-145
-64
-122
-153
-239
-549
-731
-693
-837
-872
-911
-759
-748
-1025
-1005
-943
-791
-677
-461
-315
-273
-38
61
-7
42
316
664
1226
1570
1671
1690
1809
1896
1718
1461
1106
989
783
603
327
226
117
160
238
271
310
306
373
201
-4
-174
-237
-264
-366
-329
-137
-62
122
281
283
385
276
151
147
-136
-300
-336
-366
-481
-503
-661
-953
-1128
-1425
-1512
-1569
-1535
-1319
-1089
-849
-722
-539
-486
-242
-223
-260
-181
-66
110
210
324
492
655
717
839
866
835
699
515
318
121
-7
94
89
233
532
676
573
425
300
186
49
-85
-207
-106
107
238
356
485
653
682
858
871
766
503
271
167
31
-39
18
-12
-60
-79
-241
-422
-520
-619
-788
-890
-925
-1014
-956
-776
-610
-454
-270
2
266
293
283
189
99
153
41
-62
-5
87
161
99
-168
-293
-430
-559
-596
-720
-507
-381
-191
95
360
532
685
878
858
740
645
399
398
442
248
205
274
399
267
288
313
184
288
304
89
-90
-56
12
-60
-125
-258
-295
-166
-179
-91
12
-37
-83
-163
-421
-395
-264
-131
-104
-85
-36
63
26
-163
-296
-313
-318
-563
-768
-1006
-1222
-1229
-1136
-1060
-999
-827
-653
-468
-300
-257
-266
-65
302
519
624
852
1065
1229
1263
1408
1351
1097
914
551
295
-68
-351
-377
-358
-266
-150
-30
31
98
219
228
313
414
473
344
475
433
454
681
742
986
1300
1491
1416
1167
891
655
427
221
53
-248
-483
-424
-505
-558
-872
-1166
-1345
-1250
-1417
-1726
-1734
-1729
-1592
-1540
-1360
-1186
-841
-525
-143
107
179
328
479
438
319
411
491
448
548
372
233
273
105
-12
-266
-331
-348
-482
-472
-427
-250
201
537
658
702
541
554
489
366
368
418
591
854
1039
1230
1469
1558
1467
1362
1098
803
489
41
-96
-252
-497
-685
-656
-658
-698
-911
-1273
-1306
-1371
-1493
-1420
-1225
-897
-589
-259
-36
-170
-281
-359
-391
-645
-928
-1041
-900
-670
-521
-440
-280
-15
162
193
46
-162
-363
-258
-43
84
77
268
715
997
1017
1049
976
832
899
970
858
849
962
1056
1029
993
1111
1124
1137
1027
665
497
201
-56
-121
-217
-220
-110
-64
92
103
-56
-99
-340
-463
-625
-750
-663
-425
-341
-223
-143
-120
-106
-419
-523
-542
-721
-955
-1258
-1237
-1235
-1169
-1003
-996
-892
-752
-596
-558
-620
-650
-512
-551
-277
-46
124
542
815
922
839
795
753
595
495
366
431
390
386
595
788
835
933
887
697
488
309
320
414
450
487
633
773
874
766
747
701
528
442
403
438
292
182
115
-20
-165
-382
-578
-804
-850
-892
-1111
-1112
-1134
-1122
-902
-689
-521
-335
-70
39
221
241
259
167
175
135
195
133
38
10
-234
-378
-707
-868
-942
-794
-610
-373
-159
51
238
249
323
213
13
-116
-108
-152
-39
107
127
265
389
592
787
924
1116
1231
1127
996
834
724
557
418
550
400
114
-147
-420
-805
-1044
-1118
-1212
-1230
-1171
-1027
-901
-706
-532
-405
-293
-175
-101
-135
-84
-98
20
295
283
392
393
337
238
63
-200
-245
-367
-527
-515
-680
-657
-570
-415
-363
-321
-118
-133
-145
-196
-273
-268
-57
138
215
204
266
565
759
743
765
799
612
472
366
338
289
409
520
474
493
543
621
524
532
451
283
66
-82
-1
78
147
-2
-3
-20
-155
-182
-171
-104
-75
41
-134
-287
-356
-555
-627
-500
-301
-276
-239
-195
-237
-274
-497
-591
-420
-276
-53
-135
-144
-250
-348
-335
-108
-54
49
298
264
239
5
69
169
71
84
60
161
195
308
469
519
544
366
289
378
453
404
407
363
363
423
435
636
749
750
759
607
660
509
354
200
12
-60
-375
-452
-584
-497
-504
-481
-536
-520
-521
-580
-599
-705
-681
-721
-836
-890
-609
-415
-493
-551
-491
-450
-552
-498
-364
-131
-63
-69
-13
66
131
198
323
453
441
499
529
417
426
318
222
148
138
142
41
64
152
203
16
-42
31
212
370
470
467
574
658
736
743
742
664
574
556
260
-54
-217
-229
-371
-421
-421
-467
-447
-379
-506
-606
-656
-757
-806
-741
-671
-624
-565
-451
-463
-497
-316
-266
-277
-163
-45
-39
136
89
64
208
266
185
72
-112
-58
-2
-65
-117
-238
-248
-187
-79
-119
-33
-93
-66
59
71
140
340
562
661
898
973
1103
1076
1112
1144
943
929
869
921
905
905
819
455
75
-173
-404
-635
-670
-636
-597
-625
-690
-540
-460
-311
-211
-253
-177
-116
53
142
189
212
230
291
178
171
235
11
-108
-188
-450
-773
-962
-1019
-988
-894
-901
-882
-792
-863
-833
-844
-878
-658
-530
-477
-381
-158
108
298
439
343
401
420
380
352
120
194
346
329
483
594
629
674
775
857
516
309
216
54
-88
-142
-40
209
337
428
501
523
518
374
337
156
80
99
241
287
245
185
56
129
158
61
-237
-459
-464
-471
-495
-479
-491
-500
-544
-577
-640
-803
-883
-931
-760
-589
-615
-488
-150
193
342
357
326
459
516
300
36
-143
-157
-146
-311
-223
-87
12
240
385
310
430
470
507
480
434
449
529
661
616
511
342
283
179
221
281
320
313
284
260
148
173
198
341
402
523
529
434
307
92
-263
-509
-628
-884
-944
-771
-566
-420
-572
-539
-578
-680
-640
-682
-503
-457
-405
-252
-361
-205
-64
136
263
272
206
97
41
-24
5
-75
51
-19
112
261
401
547
507
481
546
600
440
339
378
474
498
227
264
192
120
190
230
157
64
-104
-261
-270
-243
-138
-22
160
385
444
498
340
111
-41
-322
-301
-126
-143
-105
-115
-215
-189
-255
-355
-407
-387
-327
-576
-759
-865
-771
-550
-558
-575
-460
-307
-173
-140
-254
-211
-180
-89
-202
-320
-143
-49
81
162
172
224
377
554
477
472
411
385
309
242
290
356
313
371
298
178
-90
-236
-335
-537
-593
-429
-426
-469
-411
-275
18
222
331
459
565
524
511
504
424
196
147
199
159
138
-85
-300
-303
-360
-396
-468
-488
-598
-617
-633
-598
-279
-234
-107
70
103
204
258
289
295
217
214
306
157
61
21
-36
-106
28
24
-100
55
-65
-142
-143
-104
-9
103
277
429
506
602
423
242
134
28
110
126
265
352
369
544
799
989
1113
1114
890
771
547
519
366
211
143
78
143
-111
-223
-317
-595
-590
-572
-790
-835
-754
-536
-260
-178
-117
-199
-248
-32
-27
-65
38
-45
-195
-402
-472
-648
-643
-437
-412
-441
-476
-467
-469
-381
-400
-341
-327
-177
-15
-34
39
122
272
299
310
498
468
279
177
107
136
148
53
102
213
222
178
65
-28
91
103
-55
18
-18
-182
-214
-28
142
262
289
208
105
10
-29
77
221
76
-66
-97
-77
-25
-53
88
213
252
229
136
-80
-342
-675
-800
-780
-801
-694
-604
-477
-269
-171
-356
-325
-373
-261
-111
-9
9
-79
6
75
376
498
636
696
776
642
437
212
55
-27
-174
-202
-164
25
-93
-219
-123
-25
-69
-198
-284
-33
204
466
546
533
622
795
740
573
585
446
568
537
350
279
185
174
65
49
-8
31
28
-82
-194
-363
-340
-312
-433
-375
-342
-289
-187
-177
-98
-141
-200
-69
-66
-90
-90
-19
23
131
294
409
376
386
432
442
240
130
136
-72
-95
-203
-309
-357
-371
-379
-463
-453
-381
-450
-549
-471
-487
-399
-282
-80
89
239
496
515
409
447
655
731
648
640
470
395
271
73
-148
-359
-411
-459
-684
-697
-664
-648
-502
-558
-589
-557
-275
-111
-40
94
156
179
188
66
-165
-183
-146
-44
-90
-160
-245
-291
-176
-219
-235
-201
-230
-239
-66
-87
-20
23
32
44
34
-9
-138
-153
-180
-149
-36
-52
-48
-50
-6
133
266
414
546
725
817
773
723
595
573
417
165
-77
-175
-190
-193
-190
-168
-127
-160
-227
-289
-224
13
183
350
432
556
647
589
489
324
153
-60
-36
-99
-126
-236
-295
-340
-348
-365
-475
-375
-135
-98
-80
-60
-49
-29
3
210
325
427
361
329
305
341
224
142
155
146
202
172
80
-80
-74
-105
-58
-23
-36
-141
-56
136
-126
-109
-78
-179
-38
-146
-118
-36
-37
30
21
55
-34
-153
-237
-341
-262
-74
3
107
251
333
376
241
36
-114
-117
-350
-624
-626
-601
-500
-347
-174
-36
146
371
496
573
338
332
273
220
128
-147
-101
-162
-106
-172
-216
-246
-268
-128
-36
-74
-222
-175
-98
-122
-189
-274
-260
-41
84
-9
57
53
79
54
139
255
300
528
685
790
686
605
610
630
475
216
37
-144
-349
-352
-328
-226
-34
103
47
30
-44
-378
-416
-382
-420
-579
-602
-517
-459
-223
150
255
180
19
-72
4
-142
-253
-289
-299
-258
-226
-230
-248
-298
-244
-199
-310
-468
-600
-541
-418
-312
-137
-182
-126
-87
-44
115
181
214
264
374
386
340
357
331
259
288
493
506
505
404
373
289
134
-128
-268
-336
-277
-46
55
292
377
221
109
222
215
149
252
266
447
471
449
265
140
51
-217
-290
-338
-361
-421
-318
-270
-316
-165
12
12
126
173
218
257
279
115
-14
34
38
-39
-186
-345
-394
-324
-295
-307
-163
-50
-103
-18
153
191
112
169
125
87
105
71
-82
-34
2
-69
-17
184
209
248
377
460
459
345
228
163
267
189
30
49
-81
-42
-32
58
118
63
68
2
-52
-221
-277
-184
-144
-207
-180
-321
-305
-221
-240
-220
-150
2
-19
19
-5
133
262
272
186
150
25
-183
-352
-457
-521
-424
-361
-208
-25
133
286
141
99
-71
-163
-116
21
81
92
203
198
173
-13
-147
-162
-111
99
133
168
190
64
-39
-102
-176
-150
-16
-7
46
87
54
88
153
47
-9
-57
-45
-46
-24
32
122
267
243
215
77
11
108
12
41
20
-166
-181
-71
-169
-289
-348
-317
-284
-280
-140
-248
-169
-242
-384
-531
-514
-415
-342
-203
-249
-239
-47
154
40
74
187
264
345
563
494
338
283
314
285
102
-12
-194
-221
-92
-194
-212
-186
-110
41
231
233
254
262
342
507
589
620
496
400
483
602
463
354
329
333
422
418
472
389
310
328
247
101
3
67
12
-134
-231
-171
-206
-224
-371
-364
-429
-716
-743
-666
-600
-396
-427
-390
-316
-430
-456
-555
-481
-216
-227
-214
-308
-402
-429
-553
-407
-238
-180
-146
-32
11
-72
-38
-97
-62
47
172
295
354
435
350
253
46
-162
-119
-38
174
411
541
590
504
423
332
279
290
338
402
351
199
47
-76
18
36
35
154
102
3
12
-119
-214
-204
-166
-77
-138
-283
-253
-221
-333
-341
-260
-64
145
295
152
44
150
91
-66
-6
59
196
277
261
298
210
66
-127
-206
-267
-297
-296
-257
-207
-218
-247
-151
-11
-26
45
194
296
341
418
334
196
158
143
16
268
407
252
173
-11
-182
-200
-198
-196
-248
-280
-164
-242
-292
-261
-72
103
51
1
-137
-174
-94
-207
-260
-298
-176
-27
79
119
38
-119
-180
-122
-71
-58
10
42
7
-18
-28
194
419
478
405
291
289
265
37
-19
17
-62
-73
4
-29
-69
85
348
363
208
228
131
65
55
-31
-6
174
306
245
127
13
-99
-272
-409
-363
-271
-47
236
348
107
13
-4
9
-114
-168
-123
-57
42
197
213
150
34
-120
-140
-262
-363
-310
-177
-77
-133
-246
-232
-297
-397
-427
-448
-395
-173
-26
78
230
214
242
320
313
247
201
193
148
41
-88
-106
-139
-311
-207
-178
-224
-213
-208
-173
75
168
151
152
87
225
163
147
237
237
193
268
199
190
212
183
38
-71
-37
-147
-333
-320
-208
-197
-145
-166
-49
-163
-247
-266
-303
-337
-371
-329
-249
-183
-193
-188
-186
-119
-137
-46
31
-25
107
166
227
280
363
438
441
438
299
165
80
24
39
1
-77
-242
-259
-87
-283
-318
-155
117
212
123
66
181
303
294
388
215
160
187
287
273
272
297
288
240
13
131
18
-97
-34
-247
-259
-196
-122
-14
-20
15
36
45
164
94
-17
-41
-5
-24
130
189
197
261
295
179
-38
-87
-249
-242
-268
-364
-413
-299
-146
-133
-193
-265
22
-69
-220
-317
-313
-279
-180
-124
-259
-221
-148
11
89
59
26
62
144
240
181
32
212
290
254
245
88
95
243
159
92
-7
107
339
393
480
326
268
245
63
8
-34
87
339
524
511
368
230
90
-43
-121
-64
-158
-262
-153
-265
-327
-337
-302
-286
-288
-188
-272
-112
-88
-31
-199
-372
-390
-337
-394
-287
-75
139
55
-199
-328
-259
-296
-385
-372
-336
-233
-231
-327
-439
-222
-46
-17
112
129
118
98
130
298
350
425
493
530
415
231
205
204
282
193
73
55
113
157
187
132
114
155
59
-91
-127
32
48
20
62
135
66
133
67
-53
60
70
141
81
85
-21
-74
-37
71
256
263
210
51
-27
-118
-252
-201
-42
-21
-42
-130
-311
-307
-355
-500
-500
-584
-647
-630
-493
-323
-170
14
160
190
276
377
376
246
183
228
334
421
180
82
-149
-173
-147
-215
-331
-190
-150
-86
126
63
-46
-142
3
8
55
8
85
144
216
228
273
300
320
385
385
425
436
336
177
55
217
286
232
97
-99
-43
-69
-130
-287
-172
-32
-195
-284
-265
-232
-207
-119
-156
-212
-343
-313
-64
-49
4
-86
-112
-65
100
-47
-48
23
88
10
-46
-100
-217
-352
-423
-347
-345
-140
18
147
122
26
-266
-296
-222
-148
-25
-15
31
130
161
168
97
137
273
346
289
91
75
33
17
41
51
12
-194
-140
-132
-61
-13
40
71
5
-33
-107
-23
213
350
514
486
364
223
-70
-120
-47
102
189
127
153
87
-41
-147
-195
-264
-248
-192
33
25
35
21
158
343
265
259
10
101
149
234
290
107
-104
-100
-120
-117
72
132
123
195
199
60
82
-52
-24
-95
-67
-52
-167
-84
-189
-236
-323
-225
-45
12
97
135
15
74
186
131
87
301
340
232
128
-31
-196
-487
-506
-450
-269
-142
-119
-82
-61
-24
-258
-360
-174
-92
-151
11
47
120
294
299
210
134
330
253
95
177
233
196
155
130
-98
-91
79
-3
-8
79
112
69
24
34
47
-37
-39
-72
-152
-183
-200
-130
-67
36
70
28
45
-23
102
90
8
45
75
39
-117
-201
-297
-369
-471
-418
-309
-377
-380
-436
-450
-409
-431
-420
-457
-209
-51
-95
-114
-161
-123
46
190
149
212
355
476
428
244
79
108
172
75
-8
46
70
36
-14
-150
-106
-53
-41
-67
151
196
243
91
16
38
10
81
91
298
302
215
118
-17
-114
-79
-10
58
12
80
76
15
-107
-189
-79
-131
-40
74
58
-24
-118
-77
-211
-259
-122
29
35
-158
-71
-83
-84
64
124
233
237
164
331
316
231
164
153
211
291
290
113
39
-8
40
-3
-59
-109
-98
31
79
20
91
210
329
128
67
156
222
486
433
290
360
261
175
206
190
46
32
54
71
-21
-203
-155
-73
-130
-271
-383
-562
-618
-643
-499
-279
49
250
95
-5
-105
-238
-194
-33
-70
-29
-49
-28
49
7
-157
-265
-291
-240
-99
-9
-8
63
19
-70
-125
-203
-215
-199
-161
-109
-68
-44
-35
-23
-90
-58
-69
-144
10
16
168
280
328
393
354
315
116
3
-8
56
-77
-31
-9
30
11
-83
-65
-49
35
80
102
153
149
182
149
192
375
541
358
258
126
152
117
36
-2
-179
-257
-232
-114
-86
-73
-225
-185
-170
-189
-324
-404
-200
-201
-189
-117
-33
104
-102
-88
-90
-163
-181
-156
-229
-187
-74
-23
38
-79
-15
-151
-103
-139
-171
-100
68
153
45
-37
-12
129
48
70
189
306
141
43
-26
129
251
239
204
207
230
240
169
179
419
429
