234
269
239
216
149
92
82
86
116
125
159
97
1
-27
-61
-94
-82
-109
-102
-99
-108
-84
-85
-96
-91
-59
-145
-234
-142
-44
-32
8
-100
-118
8
109
184
160
121
115
78
-9
-2
27
31
30
37
29
87
80
31
28
-22
20
-48
-83
-78
-69
-130
-187
-187
-231
-250
-196
-128
-92
-77
-32
-69
-103
-100
-128
-108
-95
-47
-62
-81
-90
-114
-142
-91
-22
-71
-42
-64
-112
-134
-80
-21
-81
-145
-105
-127
-223
-196
-136
-123
-109
-135
-90
0
3
-6
-55
21
111
8
-1
10
-9
-32
-69
-53
-39
-77
-48
19
99
134
181
232
251
217
126
132
133
214
307
330
323
277
292
226
170
126
110
150
238
226
261
189
119
83
69
25
17
112
72
101
-8
39
53
10
-53
13
51
78
97
81
88
45
70
56
3
-30
15
79
109
167
157
160
122
73
-27
-119
-57
17
86
65
29
-56
-68
-125
-129
-115
-137
-103
-151
-153
-172
-216
-168
-127
-150
-167
-141
-209
-219
-214
-274
-236
-133
-59
-76
11
99
58
34
2
-112
-135
-121
-82
-34
-99
-93
-149
-106
9
82
94
73
53
-11
-6
-54
-119
-110
-74
19
36
-24
-40
-54
-112
-73
-32
58
45
-59
-134
-217
-223
-152
-188
-236
-252
-338
-294
-180
-113
-79
-74
-105
-98
-25
-16
32
14
20
79
7
-39
-62
-74
-90
3
82
123
136
99
64
141
153
113
103
113
81
53
72
-2
9
61
140
143
124
212
253
201
190
254
302
266
250
155
148
250
193
190
105
96
167
177
189
241
226
223
176
145
108
94
59
54
71
-3
-10
-31
-19
7
50
94
40
-78
-58
2
-24
19
73
79
57
84
20
-77
-57
-52
-20
-60
-15
-23
-8
4
0
-75
-119
-43
30
47
40
62
5
-18
-87
-109
-48
-14
25
-6
-89
-63
-71
-116
-281
-343
-276
-175
-191
-238
-243
-214
-159
-166
-209
-271
-344
-380
-300
-157
5
26
-21
-107
-121
-145
-106
-28
30
67
86
120
69
32
-5
29
-26
-9
16
23
-17
-90
-112
-81
-30
-53
-66
-93
-82
-115
-168
-210
-202
-167
-156
-88
-11
-11
38
-12
-63
-46
-22
25
121
162
149
119
93
103
51
51
109
117
120
176
142
111
169
192
192
71
31
95
6
13
50
37
87
143
207
293
317
300
287
238
183
80
70
124
121
133
222
327
289
310
234
134
112
103
122
167
130
103
63
17
10
53
137
150
126
62
-28
-113
-111
-167
-119
-72
-126
-203
-207
-165
-147
-145
-176
-204
-168
-148
-217
-281
-275
-234
-136
-73
-29
-29
24
-66
-146
-167
-202
-270
-167
-50
-116
-29
-4
-2
-18
58
-64
-98
-142
-202
-173
-110
-78
-33
-37
-69
-106
-114
-46
8
-5
-47
-76
-129
-56
-22
-58
-11
51
83
46
-12
78
147
255
259
335
361
230
273
259
264
230
171
192
136
102
87
63
50
54
3
-78
-138
-179
-168
-122
-169
-144
-135
-246
-235
-136
-60
-42
11
8
-49
-128
-128
-103
6
11
76
71
-1
-66
-71
-66
-6
59
62
107
2
-68
-122
-94
-45
-33
-141
-138
-104
-122
-141
-99
-136
-39
-21
28
69
23
-21
-42
-85
-124
17
-23
64
57
-50
-136
-157
-66
62
106
57
74
52
4
-20
-45
16
96
51
69
65
55
64
37
-12
2
81
160
221
111
47
-2
-107
-84
-100
32
20
56
158
131
105
12
-20
-13
-43
23
101
115
132
30
6
-122
-164
-134
-32
95
245
299
260
245
92
14
120
188
287
239
244
215
187
217
107
97
79
126
138
136
88
-4
-21
10
-47
-42
37
31
18
8
50
7
-24
-49
-25
-10
30
52
45
85
61
106
102
112
98
41
23
-27
-4
-84
-131
-3
21
-46
-136
-164
-73
-33
-83
-127
-189
-242
-258
-180
-201
-222
-216
-195
-152
-139
-97
-161
-254
-322
-331
-330
-291
-90
-108
-213
-273
-263
-168
-176
-132
-158
-194
-143
-146
-44
-59
-74
-86
-87
-45
-65
21
-33
-26
4
-78
45
-15
10
75
53
117
45
47
63
128
56
7
38
2
3
-21
-36
23
89
87
143
127
104
144
264
201
181
83
-3
134
147
251
237
218
186
100
127
131
138
69
165
155
156
160
60
52
-6
-9
-45
-111
-58
-30
-33
64
35
94
96
106
131
63
23
-106
-61
-25
43
183
156
201
164
92
-2
-42
114
119
83
15
3
-3
-47
-124
-174
-175
-137
-173
-222
-233
-210
-225
-228
-173
-232
-226
-245
-116
4
-38
-73
-148
-69
-75
-87
-52
-26
-31
-75
44
58
1
7
-71
-17
-27
17
41
-15
56
-26
-42
-10
76
121
101
139
138
96
51
58
26
35
70
20
18
54
-40
-34
-10
87
155
94
64
28
72
85
87
104
47
11
-89
-39
-26
-47
58
127
258
192
137
97
99
167
70
84
117
158
139
11
39
-72
-31
60
-21
-26
-77
-15
-17
-96
-162
-218
-144
-130
-67
10
-21
14
-32
-81
-150
-103
-30
-39
24
4
-40
-83
-164
-84
-53
0
38
13
71
72
34
-157
-245
-155
-100
37
112
148
62
-11
35
-39
3
-14
79
56
61
98
-23
-4
-41
29
88
47
93
-8
-68
-110
-78
-13
47
129
38
7
-78
-77
-81
-158
-157
-224
-231
-90
-44
-28
-61
-58
1
-28
-54
-81
-71
-74
24
113
-23
27
15
33
9
-25
-61
-88
-5
-37
26
-29
49
95
56
-24
-114
-83
-20
-15
30
-64
44
89
65
108
36
9
9
31
94
140
191
205
222
146
31
55
52
118
62
42
53
-62
-125
-149
-65
-33
-18
-42
-115
-176
-162
-22
56
95
119
21
-24
-62
9
113
125
250
202
158
58
-50
-50
86
149
204
248
188
124
36
-48
-129
-163
-122
19
35
80
42
-19
-54
-109
-108
-27
31
116
92
61
50
-43
-78
-120
-140
-92
39
23
-20
-85
-81
-111
-174
-159
-160
-87
-44
-74
-84
-164
-96
-93
-32
60
-30
-55
-70
-112
-150
-107
-41
53
133
92
56
40
-13
-29
-171
-200
-170
-46
-82
18
26
-38
-60
-83
-48
-47
-13
-42
-72
-63
-83
-194
-147
-80
-51
-4
-20
-4
-15
12
65
104
212
152
121
151
120
141
106
31
60
70
51
99
36
-30
-28
17
38
-10
-54
-55
-5
73
108
33
88
104
50
104
94
15
78
132
102
146
60
107
101
124
200
153
163
150
196
129
120
138
122
180
198
166
165
178
158
208
213
197
77
-12
-17
-28
87
141
118
99
34
61
20
-43
-40
6
56
48
51
42
-21
-165
-123
-118
-165
-176
-221
-193
-189
-178
-226
-223
-164
-175
-216
-292
-211
-116
-92
-112
-204
-306
-300
-297
-209
-123
-56
-37
-87
-79
-159
-196
-171
-92
-52
-40
-73
-111
-167
-165
-110
-99
-60
-100
-72
-25
-23
29
64
71
61
-9
-19
-44
-12
66
83
72
38
26
49
109
61
-39
-66
-5
33
84
25
38
-26
-67
-116
-65
-81
-119
-106
-177
-29
3
67
85
18
-3
15
-14
-116
-65
63
81
109
60
-19
18
27
57
85
79
91
161
276
200
123
154
82
56
82
77
105
143
113
25
1
-39
6
38
111
197
212
218
148
150
163
142
84
72
79
34
-21
-15
-30
-63
-76
-42
-115
-169
-139
-85
-38
-25
-97
-75
44
51
32
-55
-26
105
141
84
23
-26
86
133
44
73
17
50
68
94
66
26
33
91
101
71
23
-8
72
60
70
128
110
87
52
9
33
50
118
129
64
27
19
80
130
47
-53
-34
-16
-1
-14
-74
-73
-112
-135
-207
-184
-149
29
22
-73
-113
-143
-61
-61
-78
-87
-122
-178
-140
-164
-79
-57
-60
-108
-141
-169
-259
-184
-80
-3
-35
-33
-109
-110
-126
-102
-55
11
46
-44
-57
-126
-238
-251
-94
44
106
171
174
41
-57
-161
-181
-84
-16
156
184
132
139
75
19
-53
-133
-183
-152
-98
-72
-140
-88
-2
45
-13
-83
-101
-77
-55
-44
-2
-24
-34
-89
-135
-132
-98
-1
17
66
115
117
85
41
64
17
23
79
78
112
45
-64
-50
9
158
178
224
217
204
144
77
45
47
101
111
189
218
181
206
163
104
106
183
239
239
176
182
215
225
191
100
14
-27
-5
19
-28
-48
-18
-12
21
104
17
-47
-104
-113
-34
-60
-17
-36
-113
-121
-106
-14
41
58
61
-4
-118
-63
23
67
99
79
80
64
-38
-99
-120
-97
-38
-4
8
6
-8
-28
-32
-35
-71
-95
-73
0
30
-89
-102
-132
-138
-139
-131
-167
-90
-36
-57
-57
-84
-162
-70
6
23
-28
-81
-119
-140
-103
-81
-81
-20
84
140
63
18
-69
-64
13
19
-24
-42
62
98
74
39
-4
-59
-40
-33
-26
-76
-99
-18
8
-16
-91
-206
-147
-22
-1
-2
-20
-63
-80
-89
-74
-68
-97
-11
-31
-33
-12
-17
-56
-69
-80
-55
-31
36
53
-91
-112
-159
-139
-57
-41
-8
-45
-88
-91
-108
-103
-22
-42
-29
24
21
27
5
17
39
90
66
103
141
167
125
88
87
82
119
179
193
209
307
300
345
371
268
179
161
189
230
222
114
140
236
293
262
123
129
113
151
232
203
154
158
195
170
227
183
80
43
-15
-39
-111
-68
9
-33
-69
-96
-122
-163
-223
-241
-216
-106
-49
-41
-89
-122
-150
-204
-177
-140
-78
31
-12
-73
-87
-114
-116
-123
-98
-127
-40
-49
-36
-72
-120
-134
-156
-50
8
29
-113
-157
-161
-155
-192
-144
-65
-38
67
56
-44
-92
-96
-32
-47
-2
17
-27
-32
-5
-62
3
86
122
83
-39
-112
-120
-93
-82
-75
-71
-125
-71
-18
20
22
-79
-71
-135
-172
-163
-189
-160
-90
-79
-73
-108
-131
-178
-218
-209
-129
-74
-24
9
13
5
93
64
92
137
104
95
87
106
38
16
38
116
135
190
192
160
164
180
203
182
127
186
168
110
44
-16
21
96
116
104
42
-5
97
126
174
120
100
144
189
122
54
85
66
80
89
85
99
112
85
131
160
97
103
101
59
26
14
-13
-90
-112
-68
-93
-121
-132
-155
-94
-120
-127
-150
-171
-100
-25
-83
-159
-170
-107
-36
-82
-157
-170
-80
48
80
-9
-80
-72
-57
-16
36
113
149
138
151
90
83
108
102
125
74
51
-40
-33
49
50
-14
-63
-85
-54
16
-3
-61
-46
50
65
31
-47
-109
-165
-144
-174
-178
-145
-57
2
-51
-36
-53
-67
-18
43
-15
-8
-38
-131
-98
-61
-54
-123
-112
-37
12
32
20
-10
101
174
194
191
167
190
209
153
70
146
109
105
85
34
-2
-8
36
-30
-29
-20
-44
-40
-41
-32
-62
-74
-55
-70
-147
-148
-111
-29
6
-62
-47
-11
-28
-44
-54
-93
-19
20
27
19
58
35
68
78
103
26
-22
-69
-38
-96
-77
-30
6
-1
-81
-141
-184
-138
-138
-84
-64
-38
64
142
74
21
56
105
75
51
12
12
15
-1
-31
-62
-64
-84
-114
-141
-109
-66
-36
-9
-3
-50
-92
-170
-217
-194
-119
-33
103
102
38
-30
-107
-76
0
50
175
296
354
305
222
160
152
110
125
189
199
248
182
105
106
131
103
179
237
274
238
215
141
-18
-60
24
60
112
123
112
158
125
62
-13
-127
-129
-69
-18
2
-37
-89
-173
-133
-21
-32
-53
10
-60
-95
-236
-307
-292
-281
-178
-96
-55
-130
-169
-140
-100
-146
-80
-39
-18
-32
-31
-68
-7
23
-98
-175
-134
-86
-62
-108
-176
-135
-48
28
-58
-33
-19
-40
-84
-66
-81
-18
11
14
50
23
40
14
-23
13
39
28
42
18
-5
-3
-12
100
129
90
32
-89
-154
-136
-68
14
91
92
50
-58
-73
2
44
18
33
-15
-36
-50
-56
-93
-73
-20
42
54
-19
28
29
129
110
62
12
56
203
145
120
139
70
26
37
-35
-28
25
33
61
102
113
133
116
178
177
131
161
173
134
172
154
67
47
2
7
-38
-69
-5
53
14
-64
-164
-135
-68
-46
-34
-85
-123
-63
-39
-125
-132
-69
-70
51
66
34
44
71
48
81
52
-6
80
45
43
26
33
129
94
54
63
69
80
83
41
-67
-78
-3
5
-21
-20
-45
10
75
73
85
84
69
117
131
123
171
99
103
84
67
28
-4
14
77
72
2
-16
-119
-159
-164
-125
-160
-125
-70
-52
-132
-141
-180
-232
-228
-158
-87
-143
-166
-220
-245
-272
-174
-140
-228
-223
-174
-135
-73
-134
-132
-118
-162
-109
-84
-25
-40
-38
-22
-61
-125
-148
-143
-87
-35
-37
-2
-2
-5
65
95
49
96
54
-71
-55
-7
44
56
41
63
3
-43
-1
65
121
88
115
75
60
-51
-26
19
32
122
118
123
158
219
182
143
125
90
87
158
185
207
268
224
170
85
115
35
12
63
49
54
43
84
44
-58
-57
-69
-119
-57
10
42
92
-3
-107
-97
-119
-66
-29
55
61
31
1
16
57
65
111
110
160
139
118
105
96
48
19
8
31
-10
-111
-233
-190
-136
-141
-101
-59
-51
-61
-107
-117
-71
-39
9
29
60
47
-47
-126
-96
-73
-20
13
11
23
133
130
64
-26
-60
-23
-7
33
50
2
-79
-91
10
79
75
91
64
23
-14
0
-16
6
71
90
62
93
125
168
47
-26
-62
-70
35
28
75
107
64
41
44
34
13
-35
-52
-67
-97
-57
-28
41
111
84
6
23
-14
-80
-53
-110
-93
-36
-44
-30
-34
-20
-55
-7
23
-2
-88
-60
-101
-89
-98
-218
-242
-177
-160
-130
-71
-94
-61
-71
-115
-119
-191
-133
-133
-105
-35
-39
3
95
99
133
55
26
-13
-36
-57
-45
-4
-50
-5
-56
26
4
69
51
-4
-5
-41
-75
-72
-86
-40
33
15
55
55
173
148
66
53
-16
-27
25
47
166
77
43
101
137
60
20
55
57
44
136
198
231
224
168
102
-13
54
134
134
121
43
-42
15
7
5
61
67
134
109
50
-47
-5
18
-25
-43
-67
-20
-61
-34
-43
12
13
-60
-47
-103
-111
-94
52
104
35
15
10
7
-22
2
4
55
56
49
68
11
0
-18
-14
-62
-109
-104
-121
-97
-57
-52
-92
-89
-61
-35
-82
-101
-190
-135
-105
-73
-104
-126
-109
-97
10
33
-55
-19
-44
-82
-55
-61
-62
-37
-10
31
49
98
123
126
101
83
47
9
-29
-82
-128
-142
-166
-79
-50
9
-20
-16
-19
-30
-65
-100
-141
-104
-52
-46
-98
-182
-152
-155
-110
-119
-68
54
112
123
107
6
-6
11
78
152
54
19
41
115
150
173
197
209
176
166
136
110
119
147
183
119
107
143
179
152
99
75
39
33
35
34
-8
21
139
182
130
45
-9
0
50
57
72
143
121
127
115
42
-23
-19
80
35
33
25
32
9
26
4
2
-34
24
28
-17
-45
-117
-116
-164
-168
-181
-172
-167
-73
-58
-78
-96
-50
14
33
-29
-100
-47
25
106
85
33
45
50
53
-21
-103
-58
-52
-43
3
2
-31
-60
-82
-117
-135
-122
-126
-76
-107
-122
-133
-112
-78
-55
-72
-28
-49
-129
-44
-31
2
-4
39
20
-16
92
145
183
154
89
51
88
56
46
48
41
-61
-74
-62
-60
-24
-8
-10
-16
11
-81
-163
-101
-36
-50
-96
-103
-162
-155
-86
-84
-74
-59
-87
-82
-101
-120
-98
-73
-73
-93
-82
-45
-96
-163
-141
-59
-42
-27
-4
-18
42
60
73
103
148
166
140
127
74
28
4
15
64
41
105
119
126
116
65
-3
92
172
132
112
102
60
21
14
-44
-30
-14
62
98
172
125
62
13
-11
33
40
8
44
126
96
94
93
109
16
39
6
-2
33
33
-60
-100
-27
-68
-118
-170
-144
-77
-50
-49
-13
-17
-43
-73
-68
-38
-21
-43
38
24
-11
24
-2
-9
-18
-21
-50
-18
84
89
163
181
133
144
113
122
82
24
7
63
94
106
110
89
65
73
67
43
-3
83
120
177
228
160
52
29
3
-41
39
60
57
9
-53
-117
-170
-164
-79
-17
-23
-95
-108
-54
28
68
46
-9
-30
2
4
5
6
-36
-35
-127
-154
-145
-121
-49
-38
-103
-197
-206
-144
-89
-72
-116
-87
-86
-121
-61
-75
-61
1
41
94
151
153
-2
-391
367
1408
689
64
303
-122
724
3787
1965
-3274
-4434
-620
1742
-2137
-5234
-4223
-2688
1216
5187
3735
718
1613
5084
7495
3324
-4061
-5781
-1248
2720
400
-6351
-7004
-842
-1242
-7235
-8056
-3914
137
-2252
-7140
-4059
147
-963
-349
1705
1989
4597
7120
8745
8103
2253
2752
7805
6694
7517
10021
7173
5337
6014
4171
1783
836
800
-363
585
1383
-2420
-6337
-7469
-8340
-7272
-8268
-9988
-8870
-9042
-8017
-7799
-9975
-8512
-6639
-4637
-1748
-2552
-2657
2200
5709
6574
8482
8384
9029
12088
11563
8685
7353
7639
7811
8687
9232
6658
4940
2210
886
1007
-2301
-5760
-4218
-4574
-6114
-7112
-9472
-10309
-10776
-10279
-7442
-7103
-6391
-5792
-6813
-5156
-5107
-7074
-5519
-3663
-3492
-3138
-2335
-3191
-3735
-4030
-2199
-1177
-888
7
2847
10350
9717
9631
12369
10621
11967
11163
7495
6007
6574
8879
10368
9788
7957
6539
2638
2474
3351
-2919
-4750
-2851
-4443
-3041
-3191
-6976
-7025
-5977
-8450
-5513
-4656
-5198
-5776
-8781
-6628
-5095
-7058
-5353
-4162
-5178
-3207
-2898
-4680
-4224
-6204
-7072
-5496
-5415
-4561
-1597
-2237
2079
10674
7751
11356
14483
10238
13889
11371
7373
7429
8441
10426
10480
9024
7851
7950
2172
2482
936
-7529
-5959
-5330
-9583
-5625
-7943
-12250
-10930
-10426
-7285
-6677
-9206
-4401
-4685
-5571
-2450
-7141
-11238
-5674
-5229
-4377
-423
-5389
-5327
-2778
-6563
-4540
-7613
-8815
-3124
-2420
-2932
3597
8818
7652
14437
15151
13082
17383
11823
8213
8444
8489
9943
9902
9128
10772
9714
3642
3831
-1332
-9453
-8320
-10924
-12844
-9242
-11175
-13647
-10983
-11481
-11661
-11107
-11254
-5532
-6605
-6726
-2939
-5410
-6252
-2256
-3518
-4790
-2369
-5174
-3483
-519
-3478
-5205
-6636
-6867
-3837
-3189
-4800
4664
9129
7507
16436
14576
14522
18356
9394
6729
7672
7871
7896
10397
8272
10735
10818
4787
5647
-1898
-11211
-8846
-12084
-12932
-10294
-12738
-11877
-9066
-8973
-10825
-12081
-10641
-10462
-9376
-7394
-5210
-4753
-4083
-481
-687
-2473
-2491
-4192
-3660
-4015
-3500
-4717
-4418
-2795
-2261
-2888
208
9204
5736
12391
16242
13242
18950
12490
8467
8250
6330
6035
7054
6012
7463
10991
5521
5744
2146
-7469
-8809
-11090
-14535
-13807
-15093
-13523
-9363
-8097
-5229
-7476
-10998
-7103
-10745
-9708
-7220
-9118
-5397
-506
56
-603
-1739
-4950
-2953
-5290
-9120
-5521
-6555
-4142
-964
-1393
-1638
7169
7492
7419
16762
11086
16687
17921
9946
12503
9363
6947
9279
7980
5554
11504
7837
6147
6753
-2072
-6136
-8051
-13369
-14691
-15804
-16901
-13079
-12465
-11299
-6883
-11571
-7659
-6828
-10856
-6564
-9437
-9468
-3669
-3958
-2644
-345
-3287
-1049
279
-6152
-4730
-5429
-7701
-4484
-3987
-4542
268
8290
6367
13828
16563
11953
20656
14108
9921
11144
6117
5345
8713
6496
6868
11293
5865
5911
3209
-4692
-8742
-11803
-15817
-17446
-16642
-16620
-13269
-11223
-9247
-6896
-9337
-5989
-7742
-8045
-6039
-7877
-4786
-610
-552
2439
2712
1340
2249
342
-4376
-3127
-4201
-5856
-4276
-4111
-3275
1985
9399
5627
13559
16069
12140
21065
12912
8647
11794
6399
4839
9515
5523
5957
11864
5469
6180
5373
-3510
-6665
-8412
-15688
-17059
-15991
-18417
-13068
-11311
-10308
-5684
-6795
-4609
-6449
-8350
-8326
-9796
-8593
-5255
-4339
-1916
-426
-1393
1386
-1259
-4868
-4062
-7006
-7296
-6848
-5165
-4711
1587
8322
5442
15254
16501
12835
21699
13279
8883
12384
6102
4646
10204
5226
5290
12005
5222
6257
5693
-3141
-6692
-8291
-15857
-18208
-16285
-19986
-14337
-11764
-11228
-6150
-6376
-3987
-5391
-6743
-7579
-9603
-6796
-4783
-5058
251
536
-449
5450
-15
-944
-1374
-6848
-5656
-5534
-5867
-4640
-808
6498
6850
12329
16576
12179
20893
15411
9303
12235
7252
4284
8005
5143
3932
11002
7157
7452
7064
2121
-3755
-6131
-11523
-18130
-16604
-19969
-17883
-13200
-12469
-8853
-5388
-4940
-4646
-4555
-7476
-7493
-9584
-7544
-6354
-3587
322
-952
4125
4139
2135
1471
-2035
-5083
-4439
-5376
-4797
-2843
2505
7282
7340
17481
14363
16826
21141
10878
11268
10404
4883
4191
5888
557
5988
8277
5847
6788
4734
-751
-4588
-7743
-15232
-18483
-19705
-21436
-17112
-13182
-12424
-7450
-4864
-2456
-1308
-4742
-5587
-7800
-7588
-5713
-7909
-4337
-832
583
5619
4780
2364
3147
-730
-2101
-4004
-5517
-5210
-2482
5540
4131
10394
16398
12669
21654
18149
11193
12093
9212
3129
3948
2892
-1625
5860
5463
4803
6286
3933
-1446
-2898
-7927
-16587
-17113
-20906
-20071
-15877
-14204
-10976
-6149
-1634
178
1001
-1862
-3129
-5808
-5575
-6763
-9583
-4675
-4111
768
5507
3904
3648
3977
1392
-1110
-1753
-5663
-6547
1713
1860
3940
14771
11027
17187
22470
14291
13039
13827
5150
3207
5176
-4532
720
3836
1415
4391
5154
-347
-12
-2761
-12273
-15288
-20616
-22222
-20882
-18225
-16642
-11565
-4877
-1917
2122
814
1315
-1400
-2170
-3812
-8827
-7254
-6500
-3705
1751
3724
3027
7257
6812
4459
3082
-738
-4420
-260
2490
-881
8548
11539
11552
22498
18056
13962
17415
11060
4579
6409
-1973
-5185
745
-2312
-1214
3233
-101
-308
335
-6766
-11233
-15165
-19786
-22040
-20295
-20696
-16320
-9882
-5368
-640
1673
4321
2891
3365
1217
-2769
-6034
-5937
-7438
-3774
-284
-1010
4145
6848
6743
6052
4930
-1259
-828
3398
-1252
1596
10331
5826
16559
20862
13665
17840
17867
9032
8778
6161
-6104
-206
-2084
-6080
-1283
-2141
-3875
-972
-2578
-8647
-10982
-15744
-19886
-19441
-20599
-20645
-16368
-10550
-6426
-1375
1629
3599
4655
5205
2760
-2269
-1965
-5059
-5428
-2440
-3126
-690
4206
5519
5912
7613
4042
1442
4376
4685
-582
9039
8820
8440
21179
15708
14361
19880
15145
7399
12005
144
-3065
1836
-5822
-4896
-2650
-5558
-5608
-1967
-7968
-10120
-11080
-16690
-17374
-17904
-20152
-18068
-14031
-10307
-5566
-1296
2339
3874
6939
5793
2347
162
-2005
-4338
-3459
-3362
-4386
-497
2878
2446
4688
5161
1695
2874
7442
1510
5071
12506
5207
17182
18968
12514
17961
19516
8980
12479
8282
-2833
4031
-901
-5733
-2429
-3913
-7932
-2905
-6856
-11139
-10028
-14619
-16646
-15912
-18931
-19116
-15405
-12553
-7826
-4517
-1181
1858
3902
5519
3438
440
-209
-2720
-3911
-2156
-4972
-3672
103
502
1986
4059
2357
1193
7600
5992
2298
12813
8054
11688
21158
13977
14281
19699
12347
8787
13097
80
1160
3597
-4738
-3272
-1900
-7818
-5572
-4340
-11007
-10449
-11522
-15930
-15041
-16213
-19412
-16172
-12829
-10268
-6102
-3034
-401
2335
5094
3516
1644
525
-965
-2746
-2105
-3474
-4607
-763
243
361
3697
2891
1553
6735
8673
2484
11180
11832
8518
20851
15826
12146
18152
16296
7055
13758
4549
-856
5834
-2120
-4219
-1537
-5554
-8095
-3653
-9725
-12846
-10836
-15237
-16318
-14633
-18392
-17699
-12614
-11967
-8081
-5549
-1981
-47
3128
4448
1486
1257
1029
-2007
-2416
-1298
-5348
-1034
590
-881
2083
2729
1299
4342
9807
3026
8350
14968
7524
18905
17716
11105
15637
18411
6934
11167
8994
-2518
5680
1355
-4827
-1583
-3122
-8831
-3652
-6631
-13728
-10513
-13955
-17294
-13645
-16578
-18151
-12294
-11492
-9197
-5377
-2750
-576
2116
4519
2117
1311
2170
-1387
-2443
-688
-4585
-3192
429
-1450
-277
3144
396
3948
11009
4332
8635
17146
8483
18875
18656
10909
15402
18459
6918
9694
9632
-1958
5026
3308
-4908
-1966
-1350
-9169
-4459
-6309
-14637
-11400
-13052
-17757
-15004
-16512
-18643
-12816
-11534
-10220
-6684
-4141
-201
513
3998
2782
273
3876
410
-2566
52
-3694
-4082
865
-969
-1754
3763
924
2096
11641
5113
7311
17857
8548
16785
20380
11328
14897
18749
7254
8843
10846
-766
3471
4486
-4767
-2986
519
-9007
-5001
-5439
-13787
-11487
-11431
-16262
-15431
-14973
-18359
-13404
-10784
-10760
-7043
-4467
-1017
1038
3057
3796
-85
3258
648
-2145
-635
-3384
-5132
-1311
-1262
-2638
2382
1349
2033
11421
7060
8902
18631
9919
18204
19458
12641
14802
17876
7440
8784
10114
-32
4701
4248
-2382
-2200
1059
-7836
-4925
-5436
-13398
-12348
-12143
-16589
-15895
-14887
-18372
-13406
-11981
-10982
-7767
-4932
-2087
32
1016
2866
493
2345
866
-2577
-990
-2929
-3885
-1909
-1417
-2954
1884
1753
2537
11005
6712
10646
18510
11537
19322
18867
13270
15031
17043
7021
8974
8974
-157
5018
3410
-2144
-1663
397
-7664
-4977
-6435
-13408
-11839
-12782
-17473
-16190
-16244
-18660
-13267
-13301
-11384
-7753
-4965
-2540
768
-436
1779
1584
512
1669
-2343
-1562
-2333
-2236
-1720
-1202
-1773
1330
2181
4265
11210
5427
14520
16309
12644
21975
16380
14570
15859
15150
5453
10135
5509
-405
4802
1213
-2378
-253
-321
-7021
-3250
-6615
-11822
-10429
-12261
-17469
-14580
-15357
-17900
-11533
-12806
-11094
-5696
-3836
-2653
1281
-367
1499
3128
160
613
-2147
-1364
-2798
-2312
-2277
-2693
-961
1563
1128
4356
11211
3884
15538
16060
11278
21637
15370
13152
15312
14645
3563
9814
4808
-926
4335
1113
-2825
-86
778
-6874
-2884
-6161
-11728
-10260
-11533
-18131
-14931
-15324
-17697
-11316
-12378
-11401
-6662
-4014
-3046
-521
-348
-693
1333
231
-406
-2491
-909
-2673
-2450
-833
-2621
-205
2606
1009
4972
10839
4599
16325
15800
12263
22124
15847
14176
16075
14627
4093
9893
4021
-635
3880
226
-3491
57
539
-6241
-2519
-5603
-10965
-9018
-11010
-17924
-14985
-15732
-17391
-11766
-11945
-11667
-6590
-3225
-2333
-31
983
-516
1556
1699
-939
-2060
-344
-2983
-1957
-655
-3473
-669
2789
962
4973
10879
4118
16597
15824
12260
22062
15382
14485
15881
14255
3980
9237
3386
-1271
3322
-721
-3630
-455
-130
-5502
-2151
-4871
-10383
-8110
-11032
-17010
-14867
-16191
-17136
-12620
-13011
-11447
-7535
-2909
-2462
-920
741
-181
684
2218
-1675
-2826
-336
-3458
-1849
-696
-2988
-1016
2961
901
6292
10122
5592
16900
15067
14348
21739
15498
15124
16620
13286
5474
9407
2781
-405
2649
-1119
-4028
-203
-1403
-5383
-1856
-5317
-10136
-7183
-11326
-16177
-13548
-16995
-16443
-12515
-13423
-11050
-8033
-3633
-2758
-776
368
-139
224
2214
-1719
-2570
-504
-3848
-2153
-1850
-2786
-1826
2420
431
6998
9167
6748
18476
13302
17609
20708
16099
15734
17088
12619
5934
10151
513
649
2171
-1723
-4641
173
-2696
-4744
-847
-6304
-9526
-6407
-11955
-16016
-13073
-18036
-16260
-13129
-14083
-11176
-8192
-3841
-3744
-375
695
-501
799
1949
-1885
-1759
-516
-4413
-1910
-2226
-3047
-1473
2409
548
7660
8814
7683
19580
12475
19772
19358
16493
15503
16592
11849
5138
10113
-756
741
1472
-2773
-4912
13
-3642
-5265
-518
-6700
-8766
-5305
-11484
-14693
-12033
-17611
-16225
-12207
-13909
-11008
-7594
-3876
-3280
853
1325
-98
2538
1815
-886
-359
-467
-4048
-1956
-2546
-3814
-1009
1059
-51
7603
7635
7965
19420
12463
19488
19637
16399
15621
16678
11684
4714
9830
-1084
-250
1659
-3447
-5082
-216
-3681
-5430
-168
-6212
-8844
-5060
-11066
-14208
-11782
-16961
-16797
-12105
-13992
-11945
-7215
-5012
-3267
207
1178
-153
2461
1974
-836
-644
-957
-4101
-3053
-2459
-4864
-1535
-147
-455
7013
7217
7667
18384
12450
18875
19831
15845
16119
16420
12062
5042
9911
-221
-228
1718
-3831
-4728
-339
-3383
-5197
-296
-5558
-8173
-4726
-10095
-13503
-11672
-15867
-16610
-12134
-13612
-12200
-7766
-4424
-4624
524
696
-62
2640
2209
-936
-429
-483
-4120
-2036
-2962
-4235
-1956
634
-859
8063
6190
9392
18631
12195
21097
18294
17813
15899
17548
11462
6172
10010
-508
837
291
-4223
-5271
-890
-4804
-5630
-1499
-6195
-8014
-5055
-10688
-13429
-11591
-15531
-16120
-12672
-14118
-12773
-7926
-5623
-5124
-293
681
622
3558
2742
-16
773
1004
-3336
-1535
-3010
-4418
-1549
-17
-781
6971
6368
9111
18332
12836
20810
18983
18403
16028
18022
11853
6095
10406
-595
1033
-220
-4241
-5494
-1232
-4554
-6231
-1769
-6138
-7300
-4776
-10082
-12934
-11257
-14994
-15573
-13037
-14336
-12959
-8624
-6162
-5389
-1164
294
917
3234
3486
650
1367
1511
-2728
-1533
-3120
-4463
-2360
-728
-1507
4883
6756
6979
18324
11709
20380
18235
18283
16563
16540
13592
5030
10910
-717
1220
-742
-3655
-5592
-2501
-4084
-6971
-2053
-6123
-6769
-5707
-9067
-12484
-11032
-13669
-15924
-12806
-14737
-12901
-9433
-7140
-6111
-2147
-728
869
2649
3463
1635
1664
2388
-1000
-910
-2054
-3534
-2561
-324
-1507
3213
7398
5672
17548
12411
18956
19386
18222
18370
15248
15798
4775
10860
977
405
-329
-3783
-4958
-3656
-2914
-7163
-2642
-6024
-6679
-6524
-8243
-11751
-11761
-11955
-15941
-12049
-14412
-12829
-9808
-7772
-5967
-3209
-1220
801
2291
3145
2631
2041
3249
754
-397
-1084
-2598
-2367
-883
-1432
2038
6414
5072
16917
11631
18550
19283
17723
19274
15465
16399
5153
11150
915
80
-468
-4764
-5255
-4211
-3351
-7134
-2826
-5732
-6392
-6295
-7811
-11309
-11341
-11111
-15300
-11630
-13979
-12862
-10093
-7360
-6713
-3442
-1563
239
1910
3080
2629
1836
3870
1006
192
-246
-2072
-2275
-838
-1770
-45
6541
3414
14893
12623
15855
20807
17264
20767
14993
18504
6373
10670
3606
-1087
468
-4819
-5220
-5822
-2920
-7774
-3942
-5193
-7042
-6453
-7681
-10933
-12449
-10553
-15778
-12328
-13964
-13378
-10678
-8974
-6837
-5189
-2425
-355
1013
2466
3657
2312
3609
3074
286
1277
108
-1334
-711
167
-1510
6532
4416
10159
15285
12205
22141
16833
22301
15630
19128
10797
8651
8020
-1522
855
-4378
-4319
-7612
-3277
-7494
-6240
-4738
-7451
-7320
-7728
-9515
-13348
-9689
-14477
-13047
-13008
-13358
-10999
-9816
-6826
-6503
-3081
-1177
489
1440
3493
2938
2721
4303
1466
901
1747
-537
-625
1774
-1636
4340
6105
5353
15983
10557
19948
18131
20562
17678
17195
15893
6288
10757
-550
-303
-3263
-4535
-8581
-5415
-6411
-8778
-5233
-6953
-8574
-7883
-7956
-13144
-9995
-12373
-13769
-12131
-12438
-10935
-10751
-5992
-6612
-4275
-1083
-463
510
2912
3523
1711
4903
3430
1175
3670
1588
-395
2705
147
1718
7408
3352
12872
11723
15033
19638
17742
20340
15423
19774
8059
10800
4521
-1128
-1123
-4399
-8125
-8175
-6143
-9906
-7491
-6314
-9209
-8444
-6939
-11700
-11150
-10323
-13592
-12670
-11943
-11351
-12288
-7119
-6731
-6927
-1617
-1784
-727
1929
3824
883
4055
4836
976
4300
3421
224
3076
2686
915
5814
7050
4482
15727
9763
18258
17436
18541
17195
17373
16624
6067
11728
-472
-331
-2296
-7330
-9518
-8436
-8152
-11672
-6310
-9118
-10220
-7301
-8951
-11226
-9101
-10546
-13614
-10495
-11598
-11804
-9647
-6400
-7970
-3489
-1569
-791
750
4091
2337
3170
6060
3868
3189
6442
2541
3074
4692
2181
2327
6130
6618
3466
16529
6854
17437
15970
16435
15959
15684
15218
4980
12026
-1488
186
-4157
-6701
-10506
-8674
-8923
-12478
-6834
-10430
-8943
-8239
-7224
-10517
-7634
-9477
-11245
-8593
-11016
-10079
-9301
-7614
-7377
-4025
-3573
-1493
601
2232
3044
4010
4592
5661
5199
5855
5015
3737
5427
3793
2933
5222
6471
3656
14257
7458
14448
15852
15316
15827
14739
15642
5316
10925
24
-2196
-3705
-7861
-11053
-10231
-9570
-13535
-9555
-9362
-10687
-7882
-7196
-9483
-7724
-7263
-9574
-8812
-9433
-9134
-10302
-7373
-6410
-7213
-3077
-1737
-1041
2590
5047
2753
6475
7959
5641
7587
7627
3789
6343
5144
2985
2309
8287
792
9815
10368
7371
17481
11687
16759
10855
17652
5687
8293
4397
-4826
-2039
-8184
-10119
-12531
-9013
-13852
-10790
-8053
-10443
-7035
-5660
-6625
-7071
-3775
-8045
-7083
-6854
-8746
-9320
-6977
-7374
-8070
-3255
-3191
-1373
2581
4322
3698
8117
8531
7763
8792
9087
5374
7101
5457
2002
1924
4584
2720
2763
12271
2961
15164
12110
13371
12887
12797
11474
3165
8120
-4554
-3233
-7190
-10640
-13127
-11603
-12087
-13579
-9326
-9827
-8261
-5824
-5324
-6553
-4391
-5910
-6396
-6600
-8325
-8430
-8908
-7865
-6944
-5343
-3678
-197
1591
4732
7701
8207
10444
11511
10749
10212
9975
6425
5973
3255
1557
-13
1569
2240
-521
10092
1713
12110
10149
10249
11540
9219
10015
576
6361
-6215
-4633
-7558
-10727
-11874
-11089
-9468
-12063
-5402
-6724
-5545
-2836
-2562
-3716
-2792
-2474
-7076
-5345
-7225
-9269
-8677
-7288
-7808
-5942
-1967
-1250
2043
6208
7413
8510
11457
11351
10104
10709
8775
4496
5180
2196
-949
-828
-369
32
-1376
8059
1094
8741
9932
7899
10236
7445
8930
-699
4792
-4712
-6156
-5915
-9851
-10517
-9722
-7305
-9768
-5264
-4325
-4888
-1779
-1546
-3361
-3222
-3699
-5678
-6479
-6727
-8144
-8484
-6614
-5638
-3719
-1664
1543
3466
6821
10138
9750
11482
11774
11139
8869
8294
5831
1991
3299
-2045
-2046
-3123
249
-3444
1153
4836
-651
10920
3521
8381
4036
7223
2000
-230
2220
-7454
-3321
-6046
-6886
-8065
-4926
-6249
-6060
-1743
-3847
-3710
-1972
-2999
-5452
-2415
-5637
-6468
-5497
-6137
-7082
-4995
-3143
-4682
1192
1278
3715
6308
8417
8630
10185
10676
8349
9408
6442
5558
2349
2186
-1171
-2247
-2755
-4675
-74
-6247
3835
-2989
3413
4108
1848
6933
594
8270
-1901
4158
-1184
-2086
-958
-4137
-3856
-6582
-1851
-6590
-4415
-3853
-6100
-4227
-3520
-4328
-5418
-2680
-5082
-4001
-2345
-3838
-3523
-218
-802
804
2516
3792
3808
7134
7190
6140
8487
6790
7123
5622
5601
1885
1989
811
-3029
-2320
-5440
-4865
-3578
-7366
592
-6473
1975
1273
687
6365
728
9734
840
8394
2116
1576
2611
-2338
-896
-5287
-2703
-7057
-6201
-4483
-7328
-4645
-4002
-3923
-2879
-334
-1482
-961
2060
252
876
1754
1405
859
2888
2294
1551
3892
3373
4023
4389
5524
4093
5024
3923
2436
1502
-520
-2431
-4677
-6187
-6933
-6322
-9736
-1960
-7629
-134
716
1814
6640
4779
12349
4086
11133
5601
2984
4026
-1468
-3374
-6620
-4183
-9604
-7374
-5514
-8362
-3584
-1614
-1309
289
4558
2579
4021
5602
2193
1868
2407
-254
-1926
-527
-3075
-1860
-788
-413
-143
2077
3417
2126
5141
2148
2301
1211
-822
-2666
-5963
-6129
-10917
-5382
-11563
-6197
-3716
-5374
5645
590
10827
5341
15069
9503
9115
11471
1440
4483
-1402
-2790
-7780
-5528
-6722
-9624
-2110
-4983
-1657
2516
4253
4248
7799
7830
4653
7240
3214
312
-1206
-2167
-5655
-5793
-5346
-7780
-4668
-3162
-2776
166
1311
2848
3085
4282
2556
1972
61
-2282
-4109
-6780
-7911
-9640
-6550
-11035
-1674
-4515
220
7279
2949
13444
6866
14775
6428
9714
6082
-233
2825
-5087
-2619
-6087
-3149
-4340
-2367
1991
1088
6057
6339
7919
8111
7931
6568
3583
3028
-1715
-3424
-5870
-7672
-8888
-9558
-9540
-8558
-6905
-5110
-2278
-1338
1567
2151
3046
3348
2878
1201
-247
-1511
-4797
-5730
-7104
-7343
-5524
-7456
-723
-3258
3310
5092
4490
10529
5733
12575
5124
8937
4695
3019
3702
-235
1707
-1113
3192
1371
3037
4511
4690
5533
6149
6131
3390
3906
1210
-1329
-3598
-4960
-9356
-9621
-10927
-11917
-12796
-10192
-9945
-9506
-3265
-3692
-1267
2505
3070
2515
5851
3792
1799
2817
603
-3065
-2457
-5156
-7677
-3343
-8001
-2786
-3352
-1136
3600
1377
9003
3818
12733
7727
10065
11366
6916
10979
5983
7901
3420
6261
3943
1556
4308
532
2382
1494
1450
-1073
-359
-1920
-5477
-4792
-8193
-9758
-11300
-11117
-13499
-11790
-10503
-11143
-6284
-5159
-1769
-120
3879
4335
5872
7845
5511
6135
4257
2415
-1202
-1744
-5629
-7496
-7938
-7351
-10128
-3763
-4977
-1066
4612
4084
12040
9917
18300
13381
16998
15945
11813
13720
7612
7109
1892
3022
4
-2800
-669
-4698
-2190
-3233
-3226
-4658
-4092
-5256
-7260
-7202
-9434
-10178
-11714
-10690
-11843
-10365
-7988
-6757
-4315
-557
1499
3418
6559
7094
7200
7434
6806
3496
3240
-579
-3821
-5276
-8241
-8944
-10786
-6400
-9639
-2078
-510
1895
10228
7858
17155
12977
19887
15643
15126
15141
8238
9843
2522
2629
-2501
-2610
-3224
-7432
-3651
-7324
-4657
-5127
-4887
-5092
-5689
-4798
-7424
-6174
-8332
-7688
-8732
-7928
-7652
-7128
-4417
-3406
-1719
276
2318
2648
4846
4496
3997
3992
3317
1728
41
-309
-4009
-2881
-5069
-5107
-5297
-2620
-1681
-800
7342
2210
12619
9282
13703
13820
13440
14747
8879
12949
4516
5892
1739
-1315
-2470
-5515
-3965
-8062
-6082
-6919
-6903
-4863
-5715
-4506
-4507
-3174
-3354
-3721
-2894
-3697
-3350
-3816
-3691
-4794
-4036
-3280
-3933
-3005
-1437
-1790
-391
2007
1112
2900
3730
3624
3019
4374
2741
1229
2538
-127
-801
-1485
1498
-3469
2362
2754
-661
8310
3388
8895
5926
10389
6936
6187
9450
333
3944
-546
-2235
-4367
-4886
-5152
-8982
-3533
-6983
-5163
-2997
-2592
-1311
44
2010
-768
1834
-84
-1602
-2608
-4078
-5652
-7546
-6506
-8451
-7032
-5810
-3583
-2209
797
3810
4345
7592
8130
8497
8530
7813
6629
3502
3176
-1175
-2559
-4473
-3974
-6851
-5001
-2207
-5786
3146
-1295
5033
3591
7600
7435
5330
9594
2176
5433
1173
74
-2001
-3172
-1838
-5415
-1516
-2246
-1604
551
1058
1159
1652
1946
400
-724
-1925
-3612
-5929
-5936
-7733
-7949
-7802
-6251
-5916
-3493
-79
306
3829
5452
7870
7596
9451
8348
6843
7479
3808
1316
-1047
-3716
-7000
-8725
-10035
-10158
-12088
-5626
-8718
-3661
1624
-921
7651
4872
11335
7563
10815
9155
5979
8657
2838
3521
-460
1093
-1439
-2711
-797
-3145
-678
-649
-95
-156
763
2227
-287
1145
-378
-2281
-2137
-3520
-4946
-6526
-5404
-5431
-5795
-2399
-2733
-637
2555
3701
4351
5745
6097
4388
4461
2367
-1512
-2773
-5086
-9100
-10005
-11510
-12041
-10549
-10440
-4266
-5647
2102
4295
5650
12989
9819
17213
11368
15528
10960
8492
7726
2231
1646
-3474
-1436
-5513
-4609
-1633
-3107
295
2653
3438
4085
6755
5586
3782
3988
1018
-2958
-3037
-6398
-9888
-9033
-10428
-10480
-9373
-6667
-6531
-3274
424
-358
2411
3511
2669
2526
2637
-311
-2271
-3165
-5912
-8409
-7599
-10356
-8414
-5197
-6451
1901
-100
7715
8712
10687
14414
11414
16731
9243
13040
7079
5172
4887
-138
414
-3228
50
-2404
260
1925
963
5083
4574
5399
4023
4512
1606
-223
-1159
-6065
-7488
-9795
-11735
-13333
-13085
-13760
-12297
-10288
-8055
-5866
-2995
-98
1531
3874
4240
4883
4123
4203
2016
873
-639
-2803
-2543
-4966
-4115
-5237
-3017
-1658
-1614
4160
158
9612
5568
10759
10272
9485
13139
7289
12670
4918
7840
4425
3100
3446
-449
3192
-1922
2404
17
427
1506
-187
984
-2014
-832
-4798
-5260
-6963
-10167
-10693
-12636
-12213
-13662
-11863
-10859
-9624
-6227
-4282
-2584
750
2823
3802
6100
7007
6331
6208
6314
2779
3530
867
-1728
-1472
-4051
-3575
-4762
-554
-3438
1963
3945
3152
10971
6661
12748
8869
13298
9646
8007
9566
2154
4982
630
-602
-2350
-2010
-1998
-4564
-450
-3524
-1992
-799
-2470
-2088
-2083
-2776
-4670
-4340
-6069
-7707
-7864
-8621
-9386
-8617
-8425
-6922
-5768
-3258
-1193
-209
2713
3842
5275
5659
5808
5138
4826
4680
3258
2207
1918
314
268
-404
-712
-1706
498
-56
-192
3592
-84
5568
1886
5247
3219
4096
5348
958
5591
-190
1924
1
-745
-1072
-2891
-43
-3432
103
-783
-718
830
168
1207
-410
775
-1425
-1414
-2153
-4152
-4522
-6264
-6171
-7838
-7261
-7543
-6773
-5839
-4472
-2244
-498
2473
3243
6038
6758
8593
8799
8557
7969
6551
5670
2696
1181
-1780
-3360
-5207
-7224
-5718
-9000
-4335
-6123
-3435
-421
-1979
3898
320
5983
2829
4959
5238
2618
5163
1544
3087
935
2338
2251
804
4042
1893
4846
3802
3961
3528
2362
2957
-1461
-358
-4238
-5225
-6384
-8075
-8360
-9688
-7646
-7900
-5538
-3319
-1425
123
3235
4239
5444
6389
6183
4987
5692
3245
1693
241
-1911
-3192
-5050
-5935
-8142
-7600
-9269
-6333
-8986
-4034
-4171
-2824
1913
-1111
5839
1957
8155
5839
7376
9071
6303
10256
6548
8586
5754
6503
6899
3973
5605
2518
3620
2257
2328
1356
-807
1043
-1914
-1471
-3009
-4265
-4903
-6040
-6014
-8368
-8145
-8497
-9346
-7508
-7718
-6792
-5439
-3864
-1236
-1626
1792
1115
3035
3198
2867
2670
1034
1343
-1485
-2150
-4298
-5641
-6484
-7128
-4818
-8316
-964
-3554
962
4364
3754
9699
7143
14444
9410
13737
12053
9814
11776
7439
8923
4225
7343
4253
3723
5438
2516
4657
3020
3624
447
488
-901
-4576
-5348
-8631
-11594
-13077
-14189
-15986
-16807
-15336
-15375
-13469
-10135
-8973
-5659
-2335
-36
2855
4429
6864
5989
7742
6899
5423
5060
2937
1994
-88
-977
-2622
-3994
-3703
-4479
-2398
-4249
1033
-195
3364
6626
5394
11045
8371
14378
10264
14490
12983
11144
13227
9327
9521
5900
6444
2697
839
328
-4041
-4441
-5446
-7992
-9065
-9585
-11160
-12054
-11731
-12714
-14129
-12437
-12884
-13053
-11358
-10987
-9340
-7723
-4731
-3727
-812
2025
3374
6264
7312
9078
8386
10166
8807
7435
7427
4619
4269
2229
1007
-667
-2007
-1190
-3278
-146
-2883
2340
1986
3662
8436
5155
11645
7987
11759
8913
9505
8800
4766
6756
2457
1426
-280
-1847
-3170
-4885
-4389
-6834
-6675
-6298
-8640
-7701
-8802
-9327
-9024
-9771
-9114
-10175
-8569
-8583
-7808
-6355
-5684
-4177
-2819
-1028
215
1771
3535
4659
6229
7147
7590
8794
8773
9788
8668
9505
8449
7705
7327
4758
3905
1389
171
-2358
-4225
-4349
-7482
-5156
-6839
-5611
-2506
-3557
2314
653
5752
5006
7318
8439
6683
8644
4701
5050
1502
-118
-2225
-5452
-5417
-8448
-7632
-8310
-8632
-6601
-7070
-4282
-4618
-2767
-2542
-2332
-835
-3035
-1474
-4020
-2744
-3809
-2957
-3245
-1863
298
1180
5120
5870
9118
10260
12375
12594
12348
11405
9167
7059
3447
579
-3814
-6822
-9577
-12015
-12918
-14163
-12338
-11453
-9198
-4235
-4250
3036
3917
7891
9581
10023
12434
9018
11722
6818
6375
3982
1187
9
-2626
-2613
-4802
-4065
-3548
-4163
-2115
-2715
-923
-800
289
-306
-996
-671
-2195
-2225
-3884
-4049
-5203
-4214
-4208
-3564
-2842
-1039
324
1522
4315
3203
5664
5499
6009
5095
4499
3643
1258
1563
-2101
-2638
-4729
-5263
-6750
-7652
-6981
-7935
-6631
-3894
-5166
-137
208
2065
6315
4691
9413
6581
10992
8878
9207
9862
5808
8342
4525
4585
2085
1215
638
-1705
-391
-3528
-2455
-2984
-3485
-3326
-3685
-3622
-4574
-3617
-4959
-5142
-5418
-6585
-6086
-6896
-6480
-6763
-5189
-4565
-3033
-960
-333
2325
3138
4703
5018
6002
5913
5654
5380
3706
3044
1604
701
-1324
-1978
-3447
-3936
-4257
-4517
-4290
-3001
-1797
-1001
3464
1685
7427
6258
8818
9738
8843
11022
6964
10045
4836
5696
3046
890
-236
-2985
-2683
-5637
-5031
-6518
-6997
-6482
-7189
-6591
-7035
-5932
-5997
-5539
-4894
-5118
-4068
-4208
-3637
-3652
-3395
-2427
-2530
-1174
-1143
304
793
2520
3462
4128
5553
5657
7018
6538
7297
5922
6147
5185
3876
3269
1398
987
-934
-1035
-2522
-3003
-2607
-2389
-2976
-851
-816
-485
3227
1118
4210
3347
4714
4070
3830
3481
545
1225
-1114
-2447
-3383
-4906
-5117
-6340
-5302
-6077
-5809
-3853
-4631
-2768
-2439
-1692
-1100
-480
-162
-858
275
-706
-23
-35
549
799
1787
2501
2845
4107
4266
5550
5242
6249
6003
5975
5698
5058
4024
3172
2240
402
-831
-2174
-4188
-5098
-6215
-7465
-7701
-8334
-7496
-7196
-6589
-3893
-4427
-866
134
961
3920
3263
5611
4543
5852
3930
3602
3094
1238
354
-1127
-2115
-3375
-3426
-4153
-3965
-2950
-2282
-718
277
2312
3129
4649
5752
5612
6232
5777
5605
4274
3824
2443
913
623
-754
-1024
-2066
-1975
-2569
-2529
-1942
-2991
-2006
-1992
-2116
-2038
-1824
-2331
-2368
-2123
-3111
-3187
-3507
-4349
-4657
-4774
-5041
-5181
-3505
-4575
-1620
-1706
-238
2218
1197
5373
2781
6467
4960
5979
6313
4701
6440
4174
4981
3310
3304
3019
1866
2646
1334
2169
2459
2111
3571
3093
3919
3572
3572
2700
1616
973
-1604
-2800
-4798
-6821
-8305
-9737
-10461
-11163
-10177
-9688
-8489
-6163
-4126
-2536
86
1396
2805
4241
4559
4241
3824
3172
1382
321
-1333
-3145
-3978
-5000
-5512
-5446
-3927
-3380
-1596
2371
1375
6984
6121
8945
9737
9551
11007
8211
10601
6634
7474
5381
3733
3399
1378
1805
-708
413
-741
-1105
-898
-2242
-2120
-2736
-2935
-3582
-4183
-4506
-5410
-5533
-6014
-6570
-6440
-7170
-6722
-6564
-6396
-5628
-5393
-4312
-3702
-2805
-1901
-1189
140
582
1962
2627
4016
4533
5322
5400
5715
5585
5095
4482
3166
2923
1178
781
-455
-118
-909
99
872
678
3920
2502
5527
4812
6382
5830
5217
5433
2863
3292
403
-10
-2410
-2581
-4083
-5068
-4437
-5399
-4058
-3999
-3018
-2518
-1218
-1089
-913
-638
-1042
-1857
-2561
-3599
-5101
-5949
-7077
-7429
-7702
-6689
-6830
-4714
-3246
-1322
931
2982
5100
6778
8450
9514
9401
9974
9473
8311
7544
5598
4426
2161
1452
-932
-2055
-3368
-4712
-5556
-4860
-6346
-5078
-3899
-3831
-776
-1388
1490
1185
2983
3366
3032
4324
2275
3659
1528
1361
4
-944
-1105
-2898
-2078
-3409
-2365
-2265
-1637
-544
-646
488
185
797
638
142
-422
-1485
-2268
-3611
-3717
-5155
-4665
-4946
-4166
-2547
-1785
812
1944
5002
5814
7974
8805
8278
9249
7463
6729
4433
3525
863
-837
-2074
-4726
-5350
-6013
-6869
-6548
-6504
-5374
-4841
-3358
-1556
-2661
672
-279
713
1254
1025
1481
1079
2551
822
2651
2468
2518
3175
3652
3898
3688
4440
3250
3310
2682
1462
341
-157
-1609
-2304
-2847
-3774
-3792
-4329
-3983
-4392
-3826
-3401
-3425
-2532
-2380
-1493
-709
-40
987
1472
2557
3054
3762
4308
4381
5054
4360
4430
3717
2504
1783
276
-1088
-2355
-3876
-5141
-6530
-6889
-7801
-8092
-6445
-7543
-4070
-3776
-2105
977
784
4525
3688
6613
5803
6553
7012
5569
6528
4733
5006
3386
3239
2401
1119
1233
107
-330
-686
-1819
-1894
-2467
-2566
-3042
-2890
-2855
-3333
-2209
-2841
-2025
-1529
-1387
-101
-677
605
-190
1259
1181
992
1982
1155
1769
1129
1686
623
1101
1015
24
564
-370
-343
-1059
-1014
-2301
-2992
-3227
-4734
-5125
-5918
-6418
-5904
-5797
-4545
-3603
-2621
759
654
3996
4732
6102
7725
7393
8409
6910
7683
5911
5023
3994
2325
1781
-27
43
-1333
-1160
-881
-1382
-465
-125
71
392
812
767
475
743
-297
-899
-1160
-2607
-2855
-3437
-3918
-3788
-3776
-3129
-3333
-2085
-1978
-1610
-989
-462
-460
-167
568
-436
451
-120
-452
-1024
-924
-1877
-2732
-2629
-4066
-4288
-4231
-4633
-4223
-3393
-3284
-901
-415
2560
3464
5151
7578
7471
9548
9022
9869
8915
8939
7648
6370
5492
3186
2715
566
392
-777
-984
-889
-1046
-503
-455
332
-319
507
-789
-1051
-2236
-3314
-4705
-6233
-7235
-8509
-8525
-9233
-8687
-8207
-7118
-5511
-4223
-2527
-1048
595
1993
3132
3373
3721
3580
3364
2704
1694
1033
-148
-452
-1133
-1635
-2132
-1937
-1486
-1517
-460
-28
1361
1659
3920
2903
5224
5647
5484
7322
6585
7757
7058
8099
6580
6818
5903
4688
3733
2458
953
-653
-1460
-3030
-3625
-4774
-5043
-6130
-5292
-5908
-6117
-5343
-6522
-5183
-5978
-5438
-6134
-5604
-5810
-5637
-5189
-5431
-4208
-3741
-2122
-1551
147
1166
2307
3820
4038
4938
5422
5436
5490
4897
4153
3435
2836
1787
819
255
-355
-439
-422
-560
-506
507
695
1635
1758
2396
2880
2783
4341
2705
3952
3096
2875
3009
2129
1877
894
1232
-308
-90
-1422
-1779
-2234
-3021
-2989
-3998
-3901
-4261
-4075
-3997
-3696
-3388
-3109
-2493
-2750
-2203
-2496
-1863
-2286
-2025
-1926
-2434
-1662
-1998
-1349
-1286
-287
652
1403
3003
3688
4667
5787
5940
6058
6175
5652
4632
4199
2573
1440
261
-842
-2003
-2448
-2960
-3216
-3078
-2707
-2333
-2153
-755
-1248
129
390
302
1561
476
1334
856
890
1052
656
1139
1089
1380
1666
1276
1426
1124
844
984
-43
90
-1043
-1081
-2088
-2621
-2801
-3575
-2578
-3279
-2294
-2099
-1286
-768
-143
239
-142
973
-82
147
-706
-825
-1539
-1777
-1653
-2500
-1386
-1365
-562
548
1380
2368
3060
4158
4283
4852
4733
4110
3828
2522
1934
291
-501
-1499
-2720
-3250
-4224
-4026
-4157
-3403
-2664
-2549
-398
-208
1233
2319
2642
3427
3805
3607
3123
3317
2114
2063
1023
702
-139
-570
-775
-1519
-1099
-1764
-1391
-1963
-1585
-2092
-2207
-2154
-2883
-2535
-3244
-3429
-3701
-3946
-4339
-3970
-3696
-3609
-2399
-1748
-698
1338
1949
3587
4982
5971
6838
7771
7939
7423
7812
6274
5401
4235
2819
1382
-186
-909
-2930
-3301
-3887
-5275
-4814
-5190
-4852
-4876
-3708
-3427
-2941
-662
-1546
725
779
1153
1686
1293
1812
872
1206
-111
31
-630
-732
-1268
-1711
-1449
-2093
-1338
-1541
-1068
-817
127
529
1229
2015
2034
3041
2819
3140
2408
2120
1833
1292
860
373
-315
-511
-162
-133
298
1094
1474
2082
2817
2674
2881
3433
2969
2912
2281
1681
939
128
-773
-2261
-2897
-3767
-4808
-5243
-6111
-6729
-6530
-6974
-6478
-6759
-5576
-5481
-4725
-2924
-3658
-1210
-1451
476
1373
1926
3508
3874
5410
5446
6281
5662
6327
5741
5446
5228
4132
4249
3476
3354
2903
2611
2810
2484
2462
2031
1606
763
338
-171
-1693
-1746
-2784
-3192
-2918
-3572
-3532
-3356
-2727
-2815
-1834
-1700
-1739
-711
-1268
-1023
-1728
-1667
-2605
-2876
-3526
-4447
-4666
-5269
-5363
-5422
-4902
-4802
-3440
-2291
-1212
39
996
1855
2710
3023
3247
2746
3091
2811
2515
3099
2155
3160
3477
3657
4507
5018
5704
6088
6580
6089
6225
5544
4991
4134
3253
2257
1250
796
-268
-798
-1481
-1880
-2224
-2291
-2658
-2818
-2983
-3222
-3436
-3895
-4695
-5191
-5457
-6737
-6761
-7541
-7800
-7054
-6710
-5668
-4464
-2560
-1434
696
2075
3208
4368
5444
5635
5841
5753
4917
4587
4065
3222
1987
1657
466
25
-580
-1221
-1858
-1831
-1782
-1980
-1537
-1050
-453
289
1902
1593
2914
3128
3539
4210
3860
3895
3696
3648
3072
2864
1898
1573
786
91
-336
-1106
-1527
-1972
-2182
-2605
-2366
-2661
-2659
-2502
-2996
-2974
-3518
-3590
-4087
-4464
-4757
-5102
-4762
-4557
-4138
-3159
-2208
-927
181
1675
2701
3654
4440
4820
5238
4999
4915
4180
3923
2864
2068
1064
-42
-1025
-1819
-2483
-3272
-3421
-3921
-3551
-3710
-3289
-2792
-2151
-1206
-1025
529
198
1907
1919
2585
3296
3220
4202
3901
4330
3945
4197
3398
3799
2837
2675
2172
1346
1648
1020
827
146
405
-517
-641
-1569
-2577
-3266
-4141
-4747
-5602
-5626
-5981
-5534
-4979
-4243
-3624
-2490
-1361
-591
719
1355
1897
2465
2959
2786
3035
2434
2180
1694
1122
487
-385
-529
-1268
-1277
-1412
-1253
-1147
-568
-169
103
725
677
1104
966
968
571
1001
464
972
1079
846
2195
1424
2922
2078
2744
2540
2618
3023
2026
2535
1477
2256
1232
1630
897
108
487
-675
-880
-2108
-2354
-3464
-3655
-4359
-5011
-4835
-5323
-4855
-4999
-4420
-4050
-3322
-2023
-1483
-454
395
1003
1765
2369
2622
2884
3071
2967
2946
2536
2363
1966
1728
1858
1745
1968
2029
2313
2371
2327
1988
1287
733
-225
-1177
-2432
-3313
-4417
-5244
-5748
-5976
-6246
-5526
-4521
-3745
-1882
-776
549
2877
3738
5403
5751
6420
6945
6653
6615
5385
4454
3307
2562
931
460
-784
-1737
-1691
-2762
-2768
-3115
-3236
-3097
-3237
-3021
-3401
-3230
-3146
-3006
-2702
-2334
-1507
-1408
24
338
823
1704
2187
2386
2933
3008
3024
3265
3173
2802
2108
1761
988
295
-478
-1289
-2285
-2718
-3504
-4068
-4329
-4627
-4719
-4932
-4523
-4550
-4152
-3320
-3110
-2096
-1532
-853
61
1070
2316
2880
4482
4749
6072
6703
6975
7419
6725
7109
6155
5920
4902
3925
3081
2337
1511
465
-207
-1527
-2157
-3061
-3729
-4377
-4761
-4833
-4841
-4433
-4519
-3912
-3561
-2784
-2089
-1736
-971
-718
26
433
521
1021
843
1177
961
880
711
349
751
258
481
196
37
428
396
620
715
615
629
511
44
-286
-844
-1255
-1753
-2096
-2658
-2837
-2942
-2961
-2610
-2525
-2086
-1290
-455
507
1316
1991
3374
3941
4787
5415
4999
5560
5319
5325
4805
4352
3254
2535
2017
693
222
-1321
-1460
-2354
-3061
-3352
-4386
-4041
-4552
-4314
-4525
-4094
-3682
-3281
-2450
-2525
-1332
-1116
-79
488
1090
1759
1993
3089
3066
3679
3200
3637
3398
3073
3019
1801
1655
336
-138
-1268
-1785
-2595
-3303
-3478
-4158
-4316
-5073
-4872
-5185
-4817
-4494
-4390
-3785
-3202
-2336
-1715
-887
154
1159
2502
3606
4766
5601
7013
7239
8080
7924
7636
7670
6783
6414
5141
3932
2561
1401
206
-1092
-2173
-3389
-3749
-4650
-4802
-5217
-5419
-4878
-4908
-4225
-4103
-3588
-2873
-2409
-1721
-1497
-645
-459
589
1007
1315
1878
1962
2743
2161
2899
2000
2205
1941
1223
757
-422
-579
-1622
-1650
-2524
-2503
-2881
-2731
-2722
-2715
-2167
-2048
-1229
-1000
-309
-209
214
573
591
742
695
922
993
1930
1904
2646
2886
3933
4362
4764
5425
4415
5344
4362
4168
3057
2170
643
-438
-1222
-3245
-3516
-4982
-5114
-5541
-5420
-5460
-5135
-3981
-3789
-2549
-1904
-1325
-714
98
229
443
698
652
907
1177
1290
1266
2055
2249
3008
3517
3942
4210
4296
4480
3576
3202
2043
1062
62
-1306
-2625
-3575
-4638
-5271
-5903
-6283
-6443
-6287
-5608
-5260
-4086
-3228
-2138
-911
-368
573
1076
1865
2600
3160
3823
3960
4847
4995
5385
5793
5388
5328
5126
4505
3735
3056
1387
496
-720
-1955
-2814
-4012
-4319
-4913
-4398
-4443
-3721
-2824
-1881
-396
541
1899
2388
3776
3885
4084
4172
3379
3292
2412
1613
513
-195
-1164
-1948
-2215
-3142
-3254
-3764
-4041
-4267
-4657
-4892
-5105
-4807
-5053
-4799
-4409
-4188
-3275
-2753
-1861
-1301
-23
725
1638
2785
3559
4529
4920
5529
5448
5793
5532
5480
5225
4936
4476
4093
3889
3005
3113
2014
2001
1638
989
799
127
-221
-798
-687
-1522
-1670
-1943
-2257
-1946
-2355
-2095
-2456
-2179
-2177
-2407
-2102
-2908
-2894
-3240
-3452
-3754
-3752
-3785
-3681
-3109
-2770
-2347
-1563
-800
-374
490
552
887
965
1178
892
592
497
-173
-6
-548
-567
-414
-17
524
855
1852
2064
3138
3749
4148
4632
4850
4843
4554
4219
3011
2534
1573
1270
328
129
-309
-240
125
-119
614
-78
829
347
483
376
-270
-341
-1104
-1134
-2335
-2592
-3611
-4110
-4296
-4844
-4536
-4662
-3898
-3460
-2588
-1950
-1347
-446
157
1051
1517
2012
2112
2533
2421
2502
2451
2157
2082
1810
1964
1320
1080
738
189
-57
-591
-832
-998
-853
-1253
-1191
-999
-1085
-679
-567
-462
-181
-155
110
64
288
198
212
590
247
613
465
600
645
726
580
494
1116
809
1118
484
516
273
154
-115
-518
-329
-654
-626
-782
-997
-1204
-1029
-1128
-995
-865
-964
-623
-363
-235
-81
155
259
636
1048
1039
1212
1400
1458
1336
1354
898
569
245
-418
-1055
-1571
-2161
-2675
-2737
-3119
-3070
-2670
-2421
-1988
-1405
-1120
-643
61
441
744
1120
1171
1092
1089
728
484
398
272
75
212
255
323
968
1110
1625
1772
1890
2532
2686
3064
2687
2716
2391
2172
1949
1534
1460
1234
1282
921
769
71
-85
-189
-725
-1002
-1775
-1932
-2172
-2176
-2518
-2465
-1909
-1705
-1028
-571
-127
63
592
783
815
1105
715
753
261
14
-670
-1192
-1552
-2114
-2230
-2562
-2485
-2398
-2432
-2290
-2228
-2130
-1941
-1722
-1508
-1355
-1073
-999
-654
-651
-549
-228
216
708
1068
1458
1917
2634
3097
3277
3724
3758
3995
4012
4014
3630
3084
3041
2408
2175
1909
1257
1055
770
468
46
-222
-486
-852
-850
-1088
-959
-1077
-841
-866
-652
-526
-647
-147
-405
-142
-384
-692
-752
-1119
-1355
-1915
-2193
-2627
-2872
-3074
-3567
-3607
-3758
-3723
-3427
-3399
-3183
-2930
-2419
-2240
-1988
-1782
-1728
-1431
-1252
-1035
-855
-528
6
529
1347
1881
2537
3433
4134
4694
4931
5422
5589
5822
5646
5357
5156
4719
4418
3923
3587
3240
3216
2832
2472
1992
1687
1338
961
213
-495
-1001
-2017
-2527
-3331
-3993
-4483
-4420
-4630
-4517
-4155
-4121
-3565
-3272
-2874
-2771
-2323
-2229
-1940
-1695
-2283
-2075
-2501
-2542
-2782
-2946
-2720
-2739
-2060
-1880
-1345
-930
-491
32
301
671
573
922
1009
1123
1711
1529
2317
2522
2946
3486
3807
4391
4817
5325
5114
5256
5262
4897
4583
4154
3496
3125
2474
1865
1046
573
91
-391
-527
-995
-1123
-1354
-1558
-1716
-2155
-2431
-2884
-3000
-3586
-3763
-4048
-4229
-4007
-3926
-3673
-3112
-2603
-2225
-1677
-1192
-912
-387
99
152
645
772
763
857
908
814
594
662
119
180
-83
-259
-450
-447
-531
-796
-374
-490
-230
-9
270
571
929
1222
1382
1752
1975
1777
2033
1780
1727
1797
1595
1659
1505
1586
1295
1512
1379
1333
1439
1194
1440
1167
917
798
255
-77
-548
-946
-1520
-2035
-2159
-2711
-2631
-2758
-2602
-2453
-1990
-1566
-1146
-355
-317
327
229
264
223
294
245
-127
-3
-363
-218
-309
-421
-455
-347
-204
-195
-147
-505
-479
-758
-937
-1380
-2044
-2282
-2601
-2479
-2536
-2505
-2186
-1841
-1153
-660
27
683
1554
2257
2825
3253
3378
3554
3663
3448
3325
3204
3153
3166
2933
2776
2539
2472
2304
2244
2187
1673
1668
1148
533
-23
-607
-1213
-1645
-1855
-2208
-2593
-2584
-2767
-2705
-2502
-2394
-1793
-1237
-749
-485
-92
87
91
214
-116
-333
-511
-718
-1041
-1192
-1533
-1847
-1790
-1915
-1932
-1809
-1890
-1705
-1536
-1539
-1552
-1335
-1191
-1179
-823
-837
-360
39
358
766
1284
1721
2141
2661
2951
3320
3518
3768
3868
3780
3658
3319
3469
3067
2842
2334
1991
1686
1229
1200
787
832
340
-98
-454
-969
-1246
-1727
-2135
-2584
-2783
-3076
-3245
-3222
-3175
-2917
-2509
-2292
-1780
-1267
-885
-362
-10
214
286
662
365
464
133
-406
-671
-1216
-1426
-1991
-2041
-2429
-2581
-2484
-2671
-2229
-2159
-1764
-1584
-1041
-669
-402
116
36
510
643
990
1254
1286
1826
1857
2631
2694
3152
3478
3639
4147
4213
4487
4227
4235
3871
3398
2955
2247
1817
1380
638
128
-537
-920
-1232
-1712
-1912
-2189
-2121
-2262
-2311
-2328
-2412
-2063
-1933
-1607
-1328
-1304
-1140
-1036
-827
-900
-736
-559
-500
-352
-359
-509
-627
-626
-988
-1134
-1281
-1621
-1841
-1770
-1836
-1971
-1819
-1886
-1888
-1480
-1327
-760
-255
269
711
1390
1868
2077
2719
2724
3211
3463
3496
3505
3424
3448
3171
3293
3052
2775
2610
2331
2174
2120
1846
1477
1299
918
448
4
-435
-1056
-1266
-1832
-2381
-2840
-3172
-3303
-3351
-3253
-3280
-2807
-2353
-2050
-1336
-989
-558
-313
-128
-3
-74
221
-179
-347
-690
-1103
-1534
-1791
-1957
-2272
-2073
-2080
-1581
-1293
-803
-507
-81
326
388
860
713
1040
827
1070
1123
887
1325
1128
1433
1454
1674
1951
1929
2228
1975
2099
2008
1826
1821
1350
1220
686
646
318
221
132
0
130
327
437
603
893
836
947
853
680
291
187
-384
-885
-1097
-1521
-1569
-1637
-1619
-1462
-1092
-872
-720
-536
-483
-399
-293
-406
-676
-1056
-1335
-1796
-2280
-2642
-2795
-2912
-2748
-2479
-2263
-1611
-1099
-608
-102
242
674
1013
1319
1252
1224
1087
820
665
487
335
231
629
721
1089
1375
1653
2144
2386
2787
2826
2984
2885
2561
2322
1834
1685
1362
1205
877
554
549
234
184
-87
-171
-245
-242
-340
-680
-949
-1174
-1485
-1593
-1885
-2124
-2176
-2275
-2355
-2363
-2314
-2322
-2031
-1939
-1737
-1369
-1478
-1370
-1438
-1452
-1698
-1909
-1974
-2087
-2031
-1926
-1627
-1361
-697
-436
318
993
1563
2130
2593
2892
3197
3677
3678
3803
3508
3427
3101
2946
2826
2545
2602
2361
2440
1984
2021
1686
1635
1595
1173
1094
524
292
-216
-636
-1067
-1418
-1586
-1805
-1853
-1831
-1582
-1362
-1129
-1013
-888
-871
-960
-1140
-1404
-1849
-2121
-2625
-2917
-3124
-3318
-3482
-3535
-3363
-3390
-2902
-2723
-2041
-1341
-850
-363
32
508
613
1032
1095
1017
1005
1096
1227
1226
1518
1723
2211
2301
2617
2624
2806
3017
2938
3076
2587
2554
2084
1975
1636
1224
927
494
441
110
76
-99
-121
-214
-328
-361
-392
-462
-560
-519
-568
-605
-706
-870
-776
-888
-883
-966
-959
-916
-983
-1227
-1441
-1517
-1726
-1782
-1835
-1946
-1840
-1894
-1773
-1626
-1499
-1225
-1037
-498
-221
284
620
819
1024
948
907
864
771
589
478
522
376
504
606
649
820
989
1184
1277
1509
1425
1416
1484
1316
1103
853
793
546
396
245
109
151
187
182
284
384
407
447
479
325
279
161
10
-134
-311
-526
-744
-580
-730
-577
-482
-317
-91
49
201
-17
157
-10
0
-173
-451
-680
-1003
-996
-1325
-1253
-1178
-1065
-885
-692
-578
-591
-441
-483
-361
-310
-370
-462
-478
-533
-672
-611
-677
-755
-668
-495
-276
-14
300
447
601
721
619
801
747
867
719
474
245
60
179
-18
58
40
92
286
312
413
405
554
655
732
862
910
1176
1337
1353
1412
1463
1365
1230
1234
1090
1009
960
772
558
273
-33
-161
-392
-571
-854
-1060
-1314
-1551
-1649
-1854
-1819
-1783
-1669
-1730
-1716
-1680
-1682
-1529
-1545
-1436
-1391
-1280
-1337
-1259
-1056
-970
-720
-546
-213
89
501
722
866
892
795
740
763
754
797
786
798
852
824
851
863
787
845
902
1090
1087
1117
1249
1407
1574
1516
1706
1644
1651
1761
1552
1622
1557
1471
1301
1270
1049
729
542
125
-30
-505
-570
-936
-1080
-1301
-1647
-1674
-1964
-1992
-2310
-2366
-2562
-2380
-2302
-2283
-2017
-2124
-1786
-1641
-1197
-912
-612
-17
191
644
642
712
787
985
900
662
635
441
365
84
-58
-332
-371
-336
-179
-110
-116
90
175
497
696
882
1088
1198
1349
1488
1573
1528
1583
1457
1399
1231
1143
1035
918
759
579
519
469
416
186
-18
-249
-238
-375
-510
-669
-1004
-974
-1057
-1262
-1420
-1550
-1761
-1747
-1634
-1626
-1375
-1239
-1003
-819
-661
-633
-413
-111
-137
34
-54
-8
2
-172
-378
-588
-614
-853
-906
-931
-990
-913
-774
-544
-208
96
376
646
980
1319
1537
1667
1718
1757
1733
1841
1652
1590
1510
1414
1325
1162
1193
1194
1362
1418
1415
1413
1352
1318
1114
956
764
633
275
-73
-550
-694
-786
-931
-1099
-1208
-1327
-1464
-1260
-1372
-1263
-1203
-1154
-1106
-1013
-1058
-1198
-1297
-1436
-1631
-1770
-1828
-1906
-1850
-1760
-1651
-1491
-1291
-1075
-807
-452
-165
112
381
574
701
923
1054
893
857
725
508
488
457
416
425
566
634
748
1114
1407
1567
1881
1994
2021
2048
1970
1854
1707
1666
1329
1190
947
575
352
117
-88
-240
-207
-267
-314
-290
-364
-456
-483
-542
-716
-845
-1019
-1206
-1504
-1634
-1871
-1942
-2086
-2039
-1917
-1896
-1618
-1643
-1356
-1261
-978
-739
-476
-172
70
368
406
532
571
496
376
426
364
233
222
159
104
128
164
155
262
411
527
769
943
955
1236
1445
1533
1754
1891
1850
1897
2043
2077
2063
1901
1613
1727
1733
1431
1083
773
478
272
-58
-394
-605
-838
-1085
-1377
-1525
-1707
-1724
-1827
-1798
-1700
-1688
-1611
-1586
-1557
-1647
-1574
-1363
-1331
-1199
-1273
-1443
-1387
-1417
-1487
-1554
-1477
-1388
-1254
-990
-826
-604
-389
-153
194
552
795
920
1103
1081
1148
1137
1028
976
1053
1018
1165
1347
1340
1479
1485
1640
1715
1931
2113
2130
2067
2006
1935
1715
1465
1196
892
615
411
204
-97
-224
-409
-662
-618
-636
-671
-567
-612
-730
-698
-786
-883
-1036
-1135
-1329
-1406
-1493
-1738
-1730
-1830
-1883
-1860
-1720
-1767
-1649
-1493
-1513
-1435
-1422
-1204
-1033
-658
-365
-64
237
485
738
992
1208
1369
1726
1972
2011
2049
1873
1737
1574
1249
982
747
536
387
285
153
195
173
250
396
662
810
902
1046
1053
840
764
630
452
330
151
-21
-61
-129
-351
-413
-378
-311
-224
-160
-170
-305
-310
-504
-587
-897
-1111
-1307
-1555
-1670
-1855
-1740
-1742
-1549
-1473
-1347
-1090
-980
-693
-521
-229
-99
1
37
122
230
97
117
56
-38
-182
-168
-228
-306
-141
-301
-273
-194
-102
78
94
227
395
612
699
843
882
924
1088
1242
1230
1240
1169
1137
1098
917
876
785
855
847
769
870
841
848
821
743
754
804
869
728
798
640
636
641
507
542
368
398
-45
-297
-532
-783
-947
-1213
-1385
-1557
-1605
-1978
-2076
-2238
-2372
-2305
-2396
-2294
-2217
-1976
-1899
-1625
-1385
-1087
-828
-577
-179
122
526
724
932
985
1115
1145
1208
1087
982
935
847
860
661
562
364
430
501
437
494
558
832
940
1196
1362
1636
1941
1960
2066
1944
2022
1975
1888
1788
1500
1298
902
673
317
53
-252
-527
-701
-1072
-1124
-1381
-1628
-1884
-1955
-2084
-2192
-2237
-2506
-2413
-2458
-2449
-2506
-2332
-2043
-1785
-1431
-1215
-836
-585
-334
-46
-19
32
137
285
237
214
134
97
79
-27
-76
-123
38
337
602
782
904
1090
1205
1271
1416
1509
1616
1616
1754
1744
1721
1761
1763
1895
1855
1927
1991
2124
2089
1932
1860
1609
1360
1027
649
227
-117
-445
-876
-1277
-1550
-1732
-1896
-2120
-2167
-2110
-2027
-1913
-1801
-1725
-1819
-1771
-1822
-1805
-1759
-1663
-1509
-1306
-1127
-1126
-1024
-825
-685
-569
-557
-495
-461
-418
-528
-629
-681
-861
-835
-719
-525
-312
-66
251
646
1078
1449
1778
2089
2276
2355
2507
2449
2428
2223
2021
2036
1904
1884
1797
1812
1909
1875
1862
1776
1759
1647
1479
1246
852
593
68
-422
-883
-1259
-1567
-1964
-2258
-2424
-2470
-2523
-2525
-2310
-2053
-1866
-1650
-1558
-1407
-1355
-1357
-1438
-1720
-1733
-1860
-1857
-1817
-1863
-1778
-1652
-1367
-1164
-906
-440
-66
367
610
805
1096
1141
1249
1289
1421
1560
1597
1689
1689
1781
1822
1914
2071
2018
2120
2040
2046
2053
1900
1831
1767
1644
1464
1366
1203
1004
868
612
394
256
177
23
-140
-315
-467
-675
-870
-1032
-1207
-1401
-1629
-1835
-1896
-1867
-1932
-2044
-2118
-2015
-1881
-1731
-1595
-1529
-1397
-1291
-1119
-1026
-892
-680
-569
-317
-153
86
256
239
288
320
406
469
544
615
673
712
656
694
695
754
784
796
887
974
1039
1012
961
916
945
1096
1089
937
903
902
908
861
747
599
714
846
861
820
650
575
439
328
-26
-339
-570
-780
-1059
-1229
-1300
-1491
-1538
-1571
-1481
-1375
-1174
-1001
-915
-737
-587
-365
-239
-262
-299
-399
-463
-666
-741
-753
-770
-767
-763
-805
-747
-756
-825
-784
-671
-519
-406
-326
-295
-214
-254
-149
-11
159
304
278
471
490
598
734
875
1152
1454
1658
1715
1909
1868
1856
1820
1793
1788
1667
1663
1592
1525
1394
1288
1176
1112
1029
900
791
607
344
91
-161
-414
-534
-742
-798
-868
-923
-931
-1061
-1076
-1311
-1345
-1282
-1349
-1268
-1204
-1232
-1264
-1369
-1522
-1529
-1534
-1613
-1660
-1652
-1698
-1618
-1526
-1438
-1338
-1203
-1055
-864
-489
-324
-83
139
274
607
906
1127
1268
1432
1519
1601
1673
1632
1589
1602
1575
1550
1467
1490
1455
1399
1445
1346
1342
1187
987
881
725
619
397
287
19
-133
-343
-466
-363
-434
-456
-542
-520
-472
-438
-393
-331
-344
-400
-464
-622
-754
-1081
-1318
-1498
-1685
-1877
-2104
-2071
-2105
-2111
-2016
-1906
-1659
-1283
-975
-739
-509
-242
61
417
677
936
1112
1278
1412
1374
1283
1026
767
740
611
474
448
424
398
475
493
585
754
830
996
1032
999
1013
1019
965
879
765
724
598
676
700
639
714
605
626
540
437
427
348
278
169
30
-145
-271
-541
-656
-804
-1020
-1183
-1368
-1521
-1644
-1690
-1646
-1538
-1430
-1283
-1167
-956
-724
-563
-354
-193
-82
-121
-146
-215
-265
-176
-176
-204
-192
-137
-41
95
78
135
292
470
616
759
901
891
951
920
881
955
876
936
1065
1163
1276
1283
1333
1301
1289
1297
1251
1207
1060
825
648
524
253
41
-134
-354
-436
-582
-710
-740
-733
-715
-674
-790
-847
-858
-855
-831
-1002
-1122
-1177
-1256
-1358
-1304
-1253
-1151
-1207
-1261
-1221
-1131
-910
-810
-649
-624
-582
-451
-371
-289
-152
-69
89
272
391
458
515
588
679
662
668
781
753
758
773
756
746
739
591
692
765
798
906
857
788
577
337
126
155
-37
-142
-116
-43
17
-45
-26
10
264
438
509
621
623
678
618
426
230
105
-147
-474
-792
-1103
-1273
-1419
-1538
-1508
-1385
-1318
-1075
-806
-566
-447
-391
-202
-123
-36
-27
-158
-176
-268
-349
-463
-526
-626
-564
-548
-460
-311
-285
-174
-90
88
174
323
357
362
456
628
768
922
1076
1209
1382
1508
1571
1652
1674
1655
1576
1522
1316
1178
1159
1069
1016
1030
1057
950
923
875
781
671
436
224
-22
-233
-383
-639
-844
-1048
-1311
-1475
-1541
-1530
-1472
-1301
-1219
-1113
-1009
-1029
-1034
-981
-1056
-1292
-1549
-1704
-1845
-1955
-2110
-2171
-2031
-1831
-1623
-1495
-1263
-921
-568
-194
119
363
526
726
861
928
1100
1202
1324
1299
1283
1381
1487
1770
1847
2043
2180
2272
2218
2078
1970
1791
1703
1542
1375
1087
763
455
289
111
113
6
32
55
97
111
-27
-17
-179
-342
-510
-692
-954
-1135
-1363
-1674
-1804
-1947
-2129
-2056
-2015
-1960
-1752
-1601
-1500
-1467
-1411
-1374
-1225
-1051
-1008
-988
-860
-695
-461
-205
-99
126
348
497
618
622
686
760
795
685
723
788
737
844
866
1048
1076
1135
1130
1137
1244
1266
1329
1333
1374
1378
1467
1495
1525
1569
1504
1400
1279
1163
1076
937
770
600
401
242
81
-153
-391
-645
-854
-1166
-1369
-1533
-1675
-1650
-1601
-1405
-1322
-1182
-1142
-1075
-1017
-952
-975
-980
-958
-1126
-1122
-1144
-1075
-986
-932
-886
-755
-625
-559
-540
-479
-352
-337
-282
-277
-283
-240
-176
-77
-3
83
213
389
617
776
905
1101
1167
1302
1382
1538
1772
1932
2005
1964
1956
1882
1839
1733
1591
1362
1201
1021
701
321
-58
-291
-517
-752
-1053
-1282
-1296
-1383
-1423
-1295
-1212
-1066
-943
-953
-864
-808
-785
-688
-686
-663
-672
-738
-896
-991
-1036
-941
-833
-805
-740
-716
-595
-460
-380
-234
-53
139
330
377
412
421
281
172
49
-15
37
140
194
344
292
375
548
801
1081
1158
1217
1297
1387
1372
1271
1166
1031
926
802
785
698
624
526
396
235
109
75
39
-82
-225
-212
-283
-310
-377
-441
-470
-467
-336
-367
-276
-222
-263
-290
-323
-370
-450
-404
-449
-412
-463
-609
-613
-620
-553
-579
-529
-496
-530
-558
-527
-468
-372
-296
-321
-292
-330
-268
-310
-410
-519
-487
-422
-534
-519
-472
-430
-242
-78
22
114
286
500
671
991
1123
1250
1372
1347
1411
1428
1384
1328
1282
1163
1025
976
898
802
686
643
486
519
543
511
553
456
462
293
71
-103
-262
-502
-737
-937
-1147
-1354
-1415
-1437
-1412
-1366
-1287
-1219
-1136
-950
-922
-765
-691
-674
-727
-792
-815
-916
-1022
-1054
-992
-915
-786
-596
-501
-448
-303
-113
1
117
232
394
630
787
929
1015
1120
1286
1338
1502
1595
1743
1842
1916
1982
1908
1871
1723
1586
1361
1266
1038
795
632
369
164
-12
-160
-410
-580
-781
-892
-876
-911
-944
-1114
-1295
-1466
-1549
-1591
-1657
-1579
-1532
-1523
-1431
-1400
-1308
-1170
-1029
-984
-867
-785
-665
-568
-538
-598
-708
-655
-660
-660
-638
-550
-384
-164
118
249
398
486
612
779
809
862
1002
1063
1140
1242
1275
1372
1497
1698
1685
1760
1822
1877
1935
1965
1912
1794
1586
1329
1186
817
477
265
103
-64
-284
-477
-650
-704
-767
-919
-909
-892
-881
-876
-860
-796
-838
-966
-1061
-1150
-1189
-1245
-1300
-1338
-1308
-1279
-1172
-1096
-1062
-956
-884
-712
-641
-544
-550
-544
-429
-323
-291
-270
-154
-42
209
333
371
523
641
788
873
1018
1117
1171
1318
1281
1270
1229
1197
1160
1160
1021
1055
1043
947
901
824
826
828
904
865
784
738
684
610
461
316
147
-76
-346
-615
-865
-1064
-1115
-1240
-1309
-1363
-1522
-1608
-1728
-1694
-1650
-1462
-1277
-1217
-1085
-1011
-895
-737
-596
-511
-448
-380
-303
-285
-345
-428
-365
-341
-305
-133
-46
71
192
229
135
146
231
282
440
525
595
797
894
933
903
986
1023
1068
1130
1101
1186
1230
1299
1251
1169
1142
1176
1134
1023
914
817
786
752
629
477
414
231
55
-107
-298
-493
-635
-677
-885
-959
-1024
-1143
-1160
-1074
-1047
-995
-842
-823
-769
-620
-567
-514
-521
-633
-657
-754
-685
-632
-618
-652
-744
-683
-684
-726
-631
-520
-341
-229
-200
-214
-225
-279
-282
-257
-203
-133
-122
-34
132
312
458
548
686
843
926
1048
1178
1260
1294
1295
1234
1185
1163
1167
1025
896
831
717
593
560
458
449
407
390
416
380
377
315
268
83
1
-116
-281
-476
-599
-730
-919
-1034
-1148
-1283
-1454
-1528
-1605
-1656
-1655
-1573
-1429
-1297
-1105
-948
-833
-665
-487
-277
-165
-70
-46
-87
-17
31
22
177
359
394
472
554
606
714
858
888
927
945
931
888
861
846
911
958
905
942
974
1047
1136
1243
1380
1488
1616
1705
1717
1594
1409
1279
1029
805
571
268
32
-197
-523
-795
-1080
-1344
-1495
-1688
-1781
-1848
-1748
-1717
-1702
-1710
-1622
-1608
-1614
-1515
-1449
-1276
-1152
-1068
-1057
-1043
-1006
-833
-681
-516
-322
-127
80
149
206
237
211
172
155
260
388
435
393
431
458
562
603
566
632
795
887
977
1024
1065
1037
1015
933
954
929
904
993
926
843
787
709
616
525
371
303
296
247
75
11
-219
-399
-507
-693
-842
-1005
-1092
-1126
-1210
-1293
-1289
-1340
-1345
-1477
-1526
-1520
-1422
-1360
-1245
-1029
-760
-463
-317
-198
-163
-29
54
155
200
302
369
385
512
549
655
618
615
693
776
951
1114
1242
1277
1161
1111
1044
893
841
872
877
833
701
592
563
638
730
793
913
1027
1138
1241
1311
1285
1197
1127
1044
829
608
419
259
0
-250
-506
-850
-977
-1140
-1406
-1621
-1781
-1883
-1986
-2040
-2072
-1997
-1916
-1866
-1758
-1667
-1509
-1385
-1174
-940
-657
-392
-279
-82
130
263
344
388
438
522
635
660
615
616
620
485
361
331
313
256
211
171
179
167
162
143
134
117
137
302
540
727
871
910
953
1029
964
984
1013
1069
980
864
698
495
306
74
-130
-327
-451
-563
-700
-847
-1044
-1145
-1256
-1377
-1373
-1369
-1290
-1218
-1166
-1146
-1205
-1164
-1099
-924
-753
-596
-380
-227
-73
101
284
379
441
487
461
476
585
540
485
446
395
320
310
363
427
396
348
322
290
335
392
487
593
572
513
642
765
1027
1113
1097
1037
1018
1076
1029
1063
991
976
768
682
514
365
315
221
119
-27
-30
-120
-158
-253
-313
-395
-411
-488
-644
-748
-889
-958
-1002
-1056
-1170
-1238
-1315
-1258
-1285
-1263
-1239
-1169
-1025
-876
-746
-686
-630
-634
-529
-410
-246
-171
-90
-58
-70
-41
14
100
246
366
442
472
432
471
465
453
472
486
580
577
528
489
577
628
640
738
729
947
1076
1124
1166
1114
1022
1096
1071
937
887
808
763
601
513
282
67
-54
-246
-356
-509
-708
-822
-940
-1019
-1111
-1274
-1419
-1473
-1572
-1623
-1563
-1498
-1348
-1241
-1164
-1051
-840
-677
-424
-323
-243
-43
126
231
299
337
394
383
361
336
321
329
341
424
511
543
580
568
549
608
594
589
609
674
699
692
662
678
613
527
468
382
331
352
406
426
462
365
385
377
380
356
275
268
258
163
-71
-323
-524
-604
-721
-906
-1110
-1296
-1347
-1403
-1409
-1424
-1351
-1199
-1017
-918
-749
-569
-450
-249
-145
-61
20
88
170
317
382
277
243
246
319
341
310
297
307
410
307
278
227
200
226
260
304
328
419
493
576
568
583
597
657
672
714
820
869
915
872
805
715
681
575
492
420
229
64
-23
-117
-217
-273
-277
-263
-246
-247
-298
-281
-309
-352
-422
-464
-448
-467
-490
-490
-471
-557
-606
-618
-739
-833
-698
-664
-612
-534
-569
-460
-412
-315
-227
-128
37
166
202
210
226
229
279
298
213
125
160
141
185
263
341
366
353
347
332
378
383
433
433
345
211
128
94
29
8
-99
-166
-140
-166
-135
-43
-31
-24
17
68
32
-39
-101
-154
-157
-219
-321
-320
-347
-403
-357
-391
-421
-454
-489
-577
-622
-635
-756
-718
-712
-674
-650
-636
-666
-660
-625
-493
-335
-241
-66
78
265
448
550
619
634
681
682
689
743
720
656
617
673
693
711
588
474
488
465
423
388
338
290
228
168
106
122
245
346
364
384
419
365
397
434
470
572
672
787
756
704
540
403
315
222
110
-8
-162
-332
-379
-557
-583
-642
-686
-730
-706
-673
-627
-630
-683
-684
-608
-528
-555
-563
-494
-438
-358
-316
-290
-257
-203
-149
-48
18
60
45
74
144
249
362
393
363
359
441
381
318
324
234
198
192
147
139
107
137
168
154
93
69
123
152
101
59
46
164
