58
89
81
65
101
105
73
77
22
13
-29
-67
-81
-120
-100
-75
-9
3
-4
21
5
37
57
86
90
78
107
63
42
17
4
-1
21
-3
19
14
10
79
41
43
52
38
26
-8
-35
-54
-71
-92
-116
-101
-93
-63
-33
-53
-2
-37
-36
-19
-3
-27
-29
10
-17
15
-14
-39
-88
-83
-100
-81
2
15
35
9
9
7
-12
-12
-28
-30
-40
-55
-102
-111
-112
-71
-66
-104
-111
-130
-96
-61
-14
-22
-21
-17
-33
-47
-38
-16
-27
-36
-50
-70
-82
-66
-50
-46
-18
9
55
82
112
89
84
62
39
19
1
64
76
101
97
36
40
49
42
35
20
66
76
55
44
2
14
34
52
57
75
74
49
19
2
20
36
44
38
0
-32
-68
-104
-89
-65
-33
-9
8
36
40
36
53
25
73
94
47
85
81
110
105
103
43
-25
-24
-33
-9
18
36
49
77
48
10
4
20
10
12
30
59
63
56
56
33
5
-11
0
-16
-30
-7
-7
6
27
66
65
2
16
9
5
24
-17
-34
-60
-50
-69
-73
-71
-72
-25
-14
-41
-98
-105
-79
-38
-20
-47
-46
-82
-58
-34
-43
-72
-69
-71
-93
-60
-86
-74
-69
-70
-45
-62
-88
-57
-72
-56
-36
-58
-38
-28
-31
-14
7
4
-12
-28
-20
-37
-2
26
2
22
3
-14
-3
-15
17
24
37
75
52
70
56
42
49
17
-26
-17
-33
0
22
67
56
56
37
4
7
17
27
30
41
25
4
-19
-3
35
45
40
39
45
40
30
16
42
64
37
10
-11
0
-6
12
-22
-15
11
53
52
17
6
-6
9
-8
-29
-26
1
-3
11
-52
-54
-31
-12
23
37
73
55
80
57
71
57
103
36
34
23
-25
-9
-4
-3
26
39
31
53
53
23
46
33
45
102
82
111
82
74
64
43
31
66
67
66
17
-2
7
-41
-36
-53
-64
-70
-18
0
-24
-52
-8
-14
-58
-91
-108
-100
-76
-23
-27
-38
-57
-88
-127
-123
-98
-43
-51
-38
-26
-21
-14
-9
-2
37
40
40
-4
-31
-34
-44
-64
-57
-10
-15
-67
-97
-92
-105
-68
-79
-74
-98
-49
-17
1
12
-20
-42
-54
-34
-47
-67
-58
-45
-43
-49
-33
3
17
44
32
-5
-17
-39
-27
5
25
-2
-5
-33
-42
-57
-46
-25
-17
-20
-13
-40
-76
-64
-14
2
30
53
27
10
26
14
17
21
35
87
85
36
35
30
62
91
49
92
63
51
94
95
89
24
23
-14
-28
20
33
38
63
108
102
84
93
105
84
138
84
97
62
41
38
44
41
26
22
49
40
47
63
112
140
100
81
73
36
16
26
20
41
60
27
-15
14
-30
-32
-25
10
14
34
10
-4
-3
-36
-61
-94
-82
-66
-45
-32
-14
-41
-100
-121
-91
-81
-103
-96
-78
-52
-16
-4
-49
-57
-91
-57
-12
23
46
60
69
65
101
66
47
15
9
27
-18
-45
-39
-33
-30
-49
-60
-57
-22
15
10
21
-33
-26
-41
-74
-106
-108
-70
-70
-61
-97
-103
-100
-89
-66
-43
-68
-43
-25
-26
-54
-63
-76
-80
-42
-93
-60
-82
-17
3
-39
-59
-27
-43
-43
-22
-28
11
-11
16
-5
21
59
25
10
28
64
31
6
-1
-6
2
-1
27
53
103
91
28
66
67
66
28
-7
7
18
81
97
132
85
60
74
60
52
51
46
37
58
53
67
103
98
89
110
105
109
108
71
-17
32
62
73
36
29
13
-27
-49
-55
-76
-63
14
-5
-68
-76
-83
-66
-42
-81
-67
-63
-26
-60
-131
-81
-106
-50
-4
-41
-76
-50
-73
-46
-23
-17
42
11
45
-43
-60
-89
-75
-4
52
106
59
-1
-27
-4
51
67
17
23
49
91
111
118
50
0
69
24
68
68
104
107
119
117
74
10
-60
-45
-61
-60
26
16
7
-16
-16
-58
-62
-28
11
3
-11
-14
-22
-79
-80
-19
-17
-3
-40
-46
-27
53
17
4
-17
-32
-46
-63
-18
-40
20
-6
31
-12
-40
-55
21
-37
12
-35
-49
-23
-6
-6
-32
-13
-73
-46
-25
53
26
38
-17
13
21
91
67
40
-41
-38
38
55
19
13
15
-39
-59
-81
0
-45
26
-19
-64
-14
67
-30
-44
-29
-155
30
10
33
31
35
29
33
109
-12
35
4
7
-6
11
-19
-35
7
-102
-67
-39
-49
2
26
-53
-79
-48
-147
-51
-46
-31
4
3
-76
-96
-7
-30
-3
52
-18
-39
26
18
-2
18
44
14
112
50
56
8
5
-4
34
24
16
13
-7
66
18
104
39
109
16
69
3
90
98
130
75
102
-8
20
86
38
62
59
87
-20
65
-33
10
63
45
27
83
99
119
168
100
93
59
25
-33
-2
-63
-86
20
-26
15
40
36
-13
9
-79
-50
-24
36
-19
-87
-81
-77
-12
-80
-64
-166
-171
-195
-163
-113
-137
-74
-160
-110
-165
-100
-177
-81
-126
-164
-69
-62
6
-35
13
-34
3
35
17
76
71
10
43
15
-5
7
109
7
-23
125
-51
-52
-35
33
-6
132
51
-12
89
14
18
-26
0
-15
84
47
1
64
41
-20
81
20
22
-10
66
-6
66
-44
6
67
17
70
12
-57
-52
-70
-5
-32
25
-36
-14
26
21
-25
50
-6
-13
28
-30
-7
-33
28
-29
10
-51
91
96
111
58
3
5
45
101
125
13
38
42
19
2
-50
41
-24
96
52
77
-24
118
8
-3
75
-2
41
13
129
-23
103
-32
54
20
13
-18
9
-44
2
152
32
54
18
-78
-111
-42
-65
-138
32
-80
-135
-116
-145
-68
-113
-85
-134
-92
-46
-33
-35
-22
-38
-65
24
-14
9
53
-69
56
-143
-23
-6
-19
-41
-115
-41
-59
-32
-55
-19
-84
-9
4
-68
39
-31
-69
1
41
79
119
113
0
138
-11
108
36
160
61
143
168
-50
161
97
159
167
96
9
119
68
69
101
59
19
-14
-14
-133
106
-62
29
-7
-55
30
-106
-43
26
65
7
55
45
78
-142
100
-81
-26
-87
-166
-135
-36
-42
-105
41
-144
-79
-69
-17
-99
-61
-147
-104
-92
-87
-146
-82
-55
-151
-181
-102
-21
-43
66
35
28
-6
70
-71
37
-63
-61
40
19
13
-15
-63
-101
-54
-74
77
89
15
-30
1
-61
-98
52
-10
41
-39
26
-49
-25
-62
-21
52
73
14
68
55
14
110
119
167
44
83
57
68
62
63
81
32
104
51
195
37
181
-30
44
68
-62
10
-28
-19
-63
-26
-7
15
126
61
95
8
68
63
53
99
39
69
30
70
-84
102
53
45
24
-2
-52
26
51
-31
73
34
136
50
127
-32
-36
36
-120
-7
-22
-19
7
68
-24
79
0
-40
-24
-27
46
64
112
-32
-40
-58
-59
26
77
-44
74
-83
-102
-80
-68
-63
6
97
-74
-24
-90
-70
-96
-64
-111
-73
-92
-153
-99
-102
-145
-89
-91
-93
-143
-25
-157
-106
-30
-111
-112
-119
-141
-191
-84
-191
-96
-35
-142
-60
18
-85
-63
89
-101
-69
-44
6
16
2
18
-1
25
-26
92
22
23
-76
176
34
50
-7
-63
90
13
-1
-10
91
65
85
95
0
118
104
84
7
47
70
130
133
121
48
58
59
208
123
141
142
139
17
111
110
81
92
147
176
91
185
10
49
-26
5
59
-88
92
-3
67
62
100
-32
-28
5
67
31
-6
-57
-43
45
-119
110
-85
-30
-86
6
-49
25
-75
37
-61
23
56
96
48
-28
70
-85
-29
-33
-79
-122
29
-97
-19
-12
43
-27
-11
-87
-59
5
7
-80
3
-98
-83
-52
-11
-93
-17
-97
-27
-95
-144
-118
-12
32
-79
46
-66
-40
-15
31
-115
-13
-62
-5
24
-7
7
-65
80
86
47
69
-69
26
-74
-15
-53
-44
-8
-61
-58
-17
17
-151
-30
-81
-123
76
-5
-42
-125
-76
-113
-89
-50
-83
-39
-76
-120
-15
-32
-10
42
-27
-44
-81
21
70
31
-15
76
16
-5
71
123
-91
-42
-48
-37
-70
168
-7
-8
14
-42
-20
-26
69
4
122
33
114
70
124
63
53
117
-15
121
120
40
101
13
90
-54
96
23
65
134
72
69
140
33
56
61
103
7
91
-131
-9
-48
27
166
-40
141
-86
199
-56
164
32
87
26
40
149
-16
55
108
-76
-2
175
-130
97
46
52
24
72
22
-50
75
-46
15
-19
-48
-64
63
-24
22
100
-11
-13
90
83
34
46
51
13
70
-8
93
-45
-73
-103
13
1
-29
32
-44
5
-148
-40
-50
-55
-66
-50
-72
-141
-60
-118
-210
70
-220
-88
-130
-156
-218
-71
-147
-60
39
-165
-16
-124
-148
-133
-118
-191
-150
-118
-172
-146
-90
-168
-1
-69
-25
-57
-82
-172
9
47
-171
63
-90
-57
56
75
-20
-18
-96
-128
20
-13
15
118
138
77
-33
70
-108
30
90
124
53
72
45
62
127
52
110
-31
79
-43
79
88
112
177
37
82
-71
125
87
181
77
12
83
-63
127
-15
57
-15
39
41
-23
174
-5
206
-25
70
-79
-45
-27
39
86
-99
37
41
-79
126
42
-26
151
-3
39
-55
88
-21
136
238
-31
174
108
66
18
160
55
39
186
128
20
177
78
71
26
104
0
12
99
36
182
-108
134
-154
13
-26
-37
-43
88
18
6
44
-277
-75
-27
82
27
47
-49
-29
-78
-114
-77
-65
-66
-41
-64
-115
-119
-93
-145
-110
-225
-264
-139
-154
-129
34
-202
-48
-113
-176
-247
-145
-111
-63
67
-51
-101
20
-149
-144
-22
-81
-93
113
-56
31
53
-41
-60
-40
-19
-147
100
-47
-14
72
33
22
85
25
76
-88
80
-59
92
40
104
74
131
61
-16
95
-194
61
-13
24
-42
155
-53
73
62
-45
4
-4
-86
15
0
48
-23
130
-9
71
240
-98
7
-54
-41
76
156
33
-23
121
-61
45
21
17
-89
-57
-50
-67
-12
-51
163
20
20
-1
71
-37
40
-12
-32
-23
46
-112
177
-112
127
-30
80
-17
134
32
133
-14
56
194
-149
83
56
98
-26
232
107
-123
-17
-53
-231
135
-72
63
48
125
-70
167
37
28
59
-120
41
40
137
-23
154
29
32
35
154
-12
44
-49
-96
-6
-98
31
-281
212
-150
62
-36
-58
96
-228
148
-176
119
-233
-6
-176
-11
-65
-34
-8
-47
61
-47
79
-34
100
-38
63
34
67
-29
-13
-27
-91
-7
31
-27
-133
123
-318
685
525
76
109
-330
-412
-246
165
-165
-349
-433
-634
-357
-114
-354
109
-162
-146
-291
81
-220
286
17
-172
100
93
126
315
257
15
95
45
212
231
154
-55
259
188
138
101
528
-50
51
116
-172
205
-65
-64
-36
-180
-98
-235
112
-172
-6
-52
-192
-36
96
-102
37
157
-179
65
-153
59
-130
130
48
-25
23
-89
74
51
200
-24
286
-135
163
-118
-57
75
-83
174
-103
263
-102
163
-31
-51
52
26
-4
49
162
-121
260
-210
241
123
-98
43
-105
53
-40
-86
18
-11
-4
21
-49
-59
-17
143
68
74
-144
-107
-46
72
82
-193
119
-263
341
-144
103
-122
-16
-247
56
29
-160
38
-294
-70
-181
151
-130
167
-358
-191
-135
102
-134
242
73
53
-97
-28
22
-146
103
55
-182
92
124
98
35
47
-107
84
-98
41
-84
188
-154
-15
212
-51
280
-19
288
-175
161
-115
232
-4
67
-121
110
-193
214
41
212
93
29
259
-117
28
-66
-7
107
-1
339
124
-120
90
-326
-97
-146
27
-132
137
-103
-296
40
1
-79
354
-79
-342
-33
-143
-93
30
147
-417
51
-113
-62
30
-90
-44
-186
-40
-387
109
-73
20
-12
-40
-19
-26
168
-205
124
-117
12
115
-25
-36
-11
44
-20
84
146
-185
256
-210
111
203
79
69
16
82
-158
309
-58
-38
50
-10
-248
17
8
-153
217
-82
123
-24
238
96
-14
89
-94
188
10
127
221
110
-35
-28
65
9
129
66
112
-31
-110
106
-28
127
-64
-9
-24
32
-79
-118
-48
160
-29
-25
100
-385
229
29
75
145
-121
175
-254
254
-109
-211
244
-337
99
45
34
-280
200
-162
-46
203
18
12
-14
-41
-98
260
-105
12
6
169
-189
-10
-204
-73
-152
-21
-64
120
-347
112
-27
-93
109
-105
193
-318
91
-279
31
7
-139
9
-65
41
-21
-5
-135
20
-127
220
-149
382
-123
-21
-110
-29
-59
-118
231
-98
92
-242
242
-166
268
-169
312
5
-125
90
35
37
-4
66
-65
67
96
56
159
-71
28
-234
183
-141
73
153
-68
15
42
-148
109
128
39
-15
198
-263
67
25
145
-65
27
-88
67
151
-98
-69
2
-100
-153
317
-197
219
-36
10
-191
338
-515
-19
34
-306
-5
51
82
-151
63
-152
89
58
130
-95
114
-298
106
36
49
99
-89
70
-12
377
-201
321
-124
-101
53
-65
115
-184
189
-191
92
-66
68
25
6
-61
-136
96
-70
136
-45
89
-6
-33
-164
232
-72
6
-43
57
-274
175
-118
198
-21
143
-52
-147
327
-335
264
-189
110
-247
58
-69
-87
-27
-131
135
-313
-51
-25
-152
-29
255
-148
5
59
-61
-1
158
-112
-93
-4
35
80
72
229
19
343
-163
273
-149
-148
32
82
-18
60
-132
-85
158
-78
226
178
72
-46
183
-95
227
-10
23
172
112
79
255
148
9
1
105
-27
-86
274
-156
137
147
-20
-94
2
-169
-106
-101
-86
-59
44
-83
53
-26
-279
-19
-204
-26
-257
199
-214
-32
-69
26
-62
-54
60
-267
10
-260
47
-213
232
-207
21
-37
-80
-48
-215
-4
-287
142
-53
-97
-110
82
-143
115
8
-12
-88
-169
-31
-135
60
-19
145
53
18
8
111
62
40
127
153
103
-37
-48
118
-131
202
78
63
186
27
12
-145
178
-50
23
515
-75
69
127
93
-205
388
-31
23
75
-65
-71
105
139
-1
-33
151
-261
-111
127
-100
251
37
-78
41
-12
-32
-104
67
-142
-157
157
-55
-76
120
58
36
154
-168
-122
123
-179
194
-131
119
-121
-56
-68
-59
11
-283
26
-165
53
-212
216
-55
21
18
-13
34
78
55
52
117
-49
-75
216
1
7
43
-163
159
-52
213
-64
35
42
-83
175
-55
25
175
-192
106
-57
77
86
12
-53
-143
-101
-252
5
-25
-39
50
-133
-44
-61
-1
46
83
43
-91
15
43
-107
86
-136
-223
-55
-252
-303
51
-24
-269
-71
-122
-110
93
19
-82
-5
-12
-190
-40
52
-200
-83
-54
-203
-145
-80
-148
-17
-12
2
-49
90
218
14
175
182
-67
124
89
-15
151
77
-65
107
82
-146
83
101
-62
43
103
95
66
311
136
124
196
-68
-49
139
86
-8
181
75
4
56
245
36
234
166
106
248
129
105
151
48
-47
-2
-80
-96
121
0
67
4
1
-94
55
-125
-1
51
-9
119
-34
-31
-87
-49
-20
-104
-29
-60
-9
102
-59
-52
-71
70
-12
59
-55
-88
-50
-31
33
22
-5
-23
-24
-108
-23
64
-41
-39
-32
-57
-163
83
-44
88
82
7
-37
-34
-116
-83
-24
-1
-70
-16
51
7
85
88
76
14
119
-78
-77
65
-143
-73
-19
-13
14
28
43
25
-99
-74
43
-117
-11
-275
-106
-135
-127
-129
-94
-37
-74
-98
-88
-76
-157
-164
-180
-281
-91
-185
-75
-39
-15
-141
-31
-68
-187
-68
-83
-139
-64
-4
-132
62
190
30
60
292
20
91
50
81
-153
212
45
31
146
135
125
164
251
22
136
110
97
183
132
200
175
258
171
172
108
72
164
161
66
63
114
65
124
86
158
130
34
54
75
38
-25
-85
-88
-143
-146
-187
-103
-112
-17
-94
-77
-124
-239
-172
-177
-179
-142
-185
-83
-161
-82
-103
-176
-48
-254
-189
-189
-44
-39
79
47
169
139
141
203
280
343
254
350
223
359
273
433
313
389
236
293
189
145
213
76
131
136
154
-8
30
-62
-171
-111
-205
-249
-243
-419
-376
-402
-390
-494
-468
-619
-636
-747
-712
-837
-725
-765
-799
-886
-798
-788
-604
-498
-327
-170
-22
219
247
508
764
1075
1288
1702
1802
2176
2326
2253
2309
2032
1870
1495
1236
524
105
-262
-683
-807
-1003
-1099
-1154
-1047
-1054
-946
-1039
-1155
-1305
-1510
-1788
-1775
-1943
-1939
-1831
-1743
-1666
-1459
-1395
-1149
-1095
-983
-933
-726
-726
-545
-257
-199
252
460
845
1114
1906
2345
2914
3504
3576
3897
4129
3985
3755
3432
2676
2053
1502
741
108
-99
-483
-553
-476
-643
-804
-900
-1180
-1528
-1926
-2314
-2572
-2725
-2761
-2576
-2438
-2083
-1871
-1664
-1667
-1870
-2081
-2333
-2453
-2511
-2300
-2295
-1895
-1604
-1274
-742
-405
-193
46
-5
-78
-6
537
1511
2452
3677
4260
5389
6043
6597
6622
6117
5393
3986
3105
1611
679
-377
-821
-1042
-810
-780
-769
-780
-1021
-1397
-2107
-2927
-3566
-4055
-4328
-4035
-3695
-3064
-2546
-1925
-1667
-1655
-1999
-2670
-3151
-3484
-3759
-3474
-3292
-2579
-2041
-1274
-522
21
388
387
438
207
225
1316
2114
3639
5089
6036
7559
8418
9051
8290
7734
5615
3937
2203
307
-1419
-2395
-2925
-2849
-2212
-1936
-1770
-1528
-1828
-2468
-3163
-4183
-4898
-5250
-5138
-4640
-3585
-2744
-1735
-940
-734
-1064
-1939
-3015
-4080
-4646
-5062
-4674
-3913
-3035
-1605
-393
696
1117
1289
953
410
124
-555
998
2088
4044
5986
7539
9215
10355
11026
9884
8807
6018
3284
1063
-1149
-3298
-4256
-4558
-4141
-3113
-2417
-2185
-1700
-2212
-3133
-4060
-5262
-5942
-6115
-5272
-4189
-2318
-1090
373
1437
1459
732
-702
-2423
-4153
-5288
-5838
-5456
-4364
-3086
-1513
222
1356
1971
2092
1715
664
-139
-1029
544
2417
4675
7247
8747
10974
11865
12726
11082
9326
5774
1953
-760
-3598
-6141
-7401
-7335
-6654
-4921
-3705
-3154
-2320
-2587
-3557
-4667
-5985
-7065
-6970
-5746
-3993
-1366
495
2297
3778
3817
2379
114
-2336
-4859
-6654
-7287
-7040
-5239
-3433
-1221
1026
2751
3115
3080
2590
1126
-184
-1666
-1819
1304
3247
6610
9253
11364
13413
14079
13584
10240
7432
1790
-2138
-5079
-8005
-10130
-10060
-8909
-6796
-4291
-3370
-2462
-1741
-2650
-3724
-4903
-6308
-6669
-5805
-3522
-888
2078
3987
6042
7125
5815
3408
223
-3095
-6159
-7892
-8411
-7192
-4785
-2531
389
2952
3772
3838
3118
1741
-100
-2360
-3768
-3756
201
3157
6915
10650
12439
14659
14901
14052
10017
6213
209
-4594
-7278
-10285
-12023
-11258
-9192
-6556
-3414
-1956
-1216
-515
-1766
-3361
-4371
-6185
-6336
-5325
-2750
335
3856
5822
7911
8944
6954
4052
403
-3573
-6901
-8755
-9023
-7375
-4591
-1917
1241
3914
4724
4485
3172
1220
-1160
-3364
-4955
-5059
-1660
2591
5956
11111
12782
15307
15705
15064
11283
6799
1356
-4925
-7415
-10596
-12431
-12160
-9820
-7493
-3867
-2024
-1375
-720
-1819
-3749
-5081
-6624
-7349
-6130
-3517
-299
3859
6603
8704
10275
8800
5381
1686
-2683
-6824
-8859
-9472
-8248
-5098
-2106
1089
4456
5761
5120
3707
1387
-2010
-4062
-6330
-6832
-6191
-2253
3585
7042
13015
13562
15864
15318
14411
10032
5023
295
-6542
-8005
-10520
-11634
-11199
-8393
-6484
-2740
-1254
-1354
-1140
-1853
-4528
-4966
-5991
-5985
-3519
-696
3484
7010
9720
9950
11276
8304
4156
-128
-4747
-8291
-9757
-9795
-8703
-4664
-1775
999
4245
4780
3608
2109
-958
-3749
-6418
-8305
-8963
-7090
-4661
2780
7099
11657
14905
15267
16752
14989
12752
6047
2744
-3726
-7434
-8771
-10663
-11083
-8678
-6491
-4231
-903
-1504
-1777
-2233
-4116
-5939
-6180
-7062
-4649
-427
3375
7694
10869
11713
12398
11610
6340
1927
-2921
-7978
-10344
-10793
-10874
-8182
-4303
-1558
2262
4463
3328
2089
-87
-3530
-6567
-8975
-10499
-9415
-7283
-3023
4996
8319
13898
16074
17506
17326
15256
10922
4763
1401
-5890
-7946
-8981
-10496
-10074
-6378
-4402
-1453
268
-1346
-1412
-2447
-5796
-7275
-7384
-7322
-4146
-296
4926
10398
13360
13888
14176
11647
6122
976
-4745
-9277
-12487
-13276
-12695
-8907
-5355
-2001
1827
4341
3842
2210
-274
-3992
-7133
-10020
-10981
-9797
-7220
-3116
5423
9787
15251
17968
18679
18875
16002
11633
4750
1210
-6124
-9043
-9786
-10584
-9812
-6670
-4252
-1163
1322
-617
-1552
-2734
-6013
-8065
-8361
-8136
-4750
-487
4363
10016
14536
14590
15272
12684
6758
1217
-5007
-10545
-13851
-15082
-15374
-11731
-7409
-3987
279
3412
3619
2827
624
-3287
-5967
-9079
-10700
-9924
-7413
-4134
3130
10503
13634
19631
18809
19563
17564
14054
7341
1857
-3129
-9737
-9366
-11067
-10852
-8170
-4272
-2502
1162
829
-1158
-1658
-5037
-7879
-8232
-8265
-6876
-1996
3215
8608
13426
14745
15167
14816
9246
2484
-3504
-9579
-13943
-16030
-16355
-13957
-9329
-5790
-1427
3120
4375
3643
2131
-205
-3502
-6122
-8974
-9465
-7666
-4910
-1367
5243
12812
14661
19173
18449
17601
15630
11216
5582
-8
-3535
-10036
-9550
-10091
-9953
-7748
-3984
-2168
529
480
-2080
-2520
-4990
-8123
-7920
-7108
-5492
-50
4548
9398
13982
15174
13923
12936
7642
533
-5077
-11027
-15283
-16319
-15716
-13412
-8273
-4098
-391
3760
5286
3923
2812
-693
-3515
-5947
-8255
-9140
-7930
-5268
-1810
2479
8051
14698
14568
17663
15269
13846
11952
9273
4683
473
-1181
-6695
-5087
-5591
-6965
-6829
-4308
-5301
-3389
-4092
-6791
-5425
-5686
-6209
-4163
-1845
-356
4316
7655
10392
12409
11057
9080
8494
3712
-3190
-7024
-10990
-13611
-14317
-13466
-11330
-6220
-3147
-906
3327
4436
2867
2140
546
-1968
-3809
-5932
-6148
-4785
-4359
-3584
-689
2163
10268
10435
12651
15103
13215
14949
13567
12716
6525
5893
-555
-2982
-3241
-7867
-10222
-8337
-8208
-7515
-4101
-5737
-4117
-2563
-2884
-2261
-1136
-2847
-1206
2004
3352
5485
6936
5766
7533
6262
292
-2372
-6463
-10438
-11904
-11471
-11854
-8415
-5182
-2399
2403
5384
5043
4705
4568
1366
-963
-4192
-6935
-8199
-8701
-8153
-5964
-3348
4404
8450
10549
15666
14790
17045
16219
14986
9333
6471
1013
-4570
-4322
-8511
-11006
-9588
-7761
-6581
-2987
-3883
-3102
-1508
-3093
-4002
-3824
-5969
-5352
-2335
61
4056
6854
6491
9023
10896
5846
2650
-1156
-5279
-7516
-9457
-10979
-9133
-5530
-4117
139
3506
4206
3549
2886
363
-1832
-5680
-8629
-9714
-9638
-9721
-7372
-4456
3004
9585
10333
16924
16271
18517
17631
15662
10475
5775
1271
-6313
-6038
-9889
-12276
-10751
-7775
-6365
-2154
-1933
-1731
82
-1568
-3955
-4440
-6056
-6099
-2683
93
4104
8113
9577
11376
14255
9692
4380
524
-5333
-9202
-11607
-13908
-12778
-8175
-5376
-1032
4228
5439
4847
4501
1219
-2672
-6419
-10601
-11759
-11416
-10544
-7689
-3644
3453
11633
13100
18291
18385
18396
17177
13642
8487
2127
-1186
-8331
-8574
-9796
-11867
-10362
-5928
-4872
-1428
-411
-2125
-976
-2295
-4638
-4718
-5126
-5221
-553
3051
6408
10100
10992
11623
13443
8842
1371
-1898
-8448
-12132
-14290
-15469
-13662
-7971
-4502
-577
5375
6323
5470
4718
1778
-1789
-5465
-10032
-10568
-9636
-9181
-6818
-2647
2653
12427
12933
16413
18123
16074
15720
12351
8124
1836
105
-7140
-7304
-7002
-9886
-9296
-5027
-3919
-843
906
-1611
100
-25
-2906
-3293
-3224
-4940
-1322
1454
3447
7229
8727
8545
10568
7923
371
-2986
-7806
-12536
-13429
-14325
-13402
-7947
-3403
7
6271
8516
6994
6857
4408
-610
-4518
-9706
-11921
-11902
-11971
-10965
-6312
-1503
8440
11649
14112
18178
16490
17541
14621
12158
4882
2448
-3055
-6142
-4785
-7809
-8206
-4657
-2324
-1148
1404
-821
-543
-641
-3533
-5569
-5772
-7470
-5070
-989
1364
5220
7932
8469
10400
9559
2369
-1155
-5578
-9740
-11665
-12256
-11814
-7353
-2635
211
5146
7435
6391
4747
2527
-2386
-6368
-11230
-13334
-13431
-12420
-10889
-6673
-2124
5747
12989
12364
18808
16849
17148
16261
13595
8588
4722
2271
-4837
-2628
-6190
-8776
-7114
-4973
-5375
-2115
-3712
-4706
-2594
-3827
-5457
-4660
-5064
-4234
632
1905
4651
8023
8375
9420
10771
5174
999
-2027
-6585
-8841
-10425
-11470
-10333
-5627
-3243
306
3092
2830
2029
1300
-1621
-5725
-8800
-10744
-10692
-10316
-9095
-6647
-2551
3431
11771
12234
17338
18658
17291
19252
16008
12079
5527
2891
-5325
-5941
-8370
-12951
-11476
-8035
-7094
-3704
-1837
-2661
1221
697
-1562
-1000
-1994
-3796
-873
516
2166
5889
6248
7649
11806
8190
2886
92
-4337
-7938
-11589
-14500
-14697
-10391
-7850
-4997
768
3235
3844
4492
2699
41
-3818
-7757
-9212
-9401
-9270
-8482
-4336
113
9630
12630
15026
20218
17674
19082
15787
12044
4659
1165
-5431
-9411
-8661
-12682
-11870
-7360
-4745
-2294
1386
361
1797
2536
-429
-1824
-2187
-4885
-3187
-29
1182
4205
6523
7190
10047
9279
2587
-615
-4745
-9748
-12689
-15102
-15267
-12041
-6878
-3961
2006
5168
5402
6273
5003
1451
-2841
-7156
-9402
-9986
-10185
-9632
-5931
-1793
4212
13322
12654
18144
18429
16796
17513
13135
8093
1643
-95
-7419
-7105
-8376
-10724
-8040
-4172
-3216
-10
1474
-233
2079
1016
-2282
-2427
-4019
-4961
-1733
-533
996
4169
5899
6920
8404
5082
-156
-3380
-6725
-11083
-13271
-13629
-12776
-8161
-3450
-52
4367
6714
6426
5704
3776
-1655
-5786
-8896
-10892
-11384
-10692
-9136
-4302
907
10084
12459
16465
19798
17150
19325
14760
11263
3838
889
-5338
-7315
-7663
-10605
-8847
-5109
-3307
-1382
1154
-680
1109
664
-2580
-3482
-4492
-6600
-3837
-1877
-632
2745
4974
6551
8644
7341
1806
-898
-4250
-8572
-11387
-12189
-12089
-8896
-4005
-1360
3398
5835
5950
5664
4141
-986
-5233
-8185
-10677
-11122
-10902
-9755
-5091
-13
7007
13849
14965
19902
18802
18948
17231
12843
7093
1804
-1525
-6861
-6967
-9145
-9761
-6744
-3329
-2781
64
-246
-588
786
-1462
-3719
-4265
-5808
-5048
-2181
-1017
831
3774
5506
7517
7964
4178
82
-2597
-5552
-9597
-11251
-11955
-10659
-6220
-2631
561
3857
5144
4786
4280
1627
-4157
-6886
-9703
-10638
-10484
-10364
-7320
-2591
3013
11592
13635
17807
19449
18242
19106
14861
10489
3293
774
-5019
-7335
-8294
-10324
-8832
-5158
-3844
-1704
474
-1005
598
413
-2662
-3439
-4344
-5621
-3245
-2483
-1682
1829
4265
5056
7320
5816
2142
-276
-3290
-6512
-8879
-9834
-10741
-7317
-3980
-1797
1379
3558
4637
4378
3241
-1187
-4405
-6702
-9161
-9848
-10201
-9037
-5387
-1766
4824
12473
13103
18959
18415
18685
18526
14067
8191
2887
74
-6868
-7327
-9602
-10840
-7956
-4473
-4334
-197
213
-444
1835
-253
-2660
-3178
-5105
-5844
-3538
-3669
-2322
1568
2852
4342
8254
4569
2214
976
-3207
-4979
-7140
-9657
-9391
-5179
-4188
-1579
1330
2745
3833
3975
1083
-1435
-3798
-6851
-7818
-8609
-9572
-7278
-4197
-1053
6983
12405
12890
19182
17659
18074
17662
12979
7662
4007
334
-6107
-5851
-8763
-10114
-6583
-4854
-4484
-235
-1154
-77
1588
-1261
-2860
-3109
-5218
-5907
-4204
-4812
-2711
939
575
4989
7377
3683
3456
1216
-599
-3320
-6090
-8647
-7384
-5482
-4878
-2930
-392
1865
2790
2384
831
-1701
-3625
-6087
-7159
-8654
-8508
-6495
-4019
-777
7233
10515
12482
18030
15764
19383
16863
13645
7619
5297
399
-5743
-5995
-9579
-9863
-6975
-6582
-4933
-681
-1516
499
975
-856
-2659
-3333
-6455
-7066
-5896
-7342
-4282
-1316
287
5389
7677
5800
6285
4660
2290
-824
-4314
-7147
-6855
-6373
-6853
-5213
-2521
-674
541
839
172
-830
-2526
-4810
-5718
-7124
-7114
-6699
-4511
-1638
5882
9128
11725
17813
16731
20098
18022
15396
9747
6949
501
-5215
-6051
-9868
-10792
-8274
-7319
-5470
-1153
-1326
1003
1492
-331
-2581
-3538
-6991
-7936
-7363
-8208
-4509
-826
1847
6835
9845
8378
8797
7166
3141
-832
-4743
-8483
-8935
-8880
-10233
-7645
-3968
-2178
-116
1286
1058
713
-933
-3622
-4232
-6068
-6897
-6270
-4286
-1127
6169
10213
12180
19090
17613
19766
18977
14871
9306
6103
-604
-5977
-6572
-11183
-11967
-9186
-8004
-6221
-1589
-2124
193
1280
-930
-2710
-3498
-6788
-7122
-5596
-6657
-3085
321
2095
6297
9956
6963
7525
5447
685
-1912
-5791
-9741
-10167
-9495
-10635
-7184
-4221
-2722
-10
1791
1390
2162
-56
-1463
-1568
-3148
-4353
-3856
-2255
-347
7253
9723
11322
18390
15536
18612
18089
14360
9295
6410
345
-4893
-5643
-11182
-12485
-9846
-9950
-8130
-3577
-4297
-491
1358
-142
-1039
-1107
-4908
-4989
-5064
-7539
-4608
-2704
-1873
2556
5643
4929
6167
5570
3035
1068
-1249
-5581
-6308
-6792
-8531
-7211
-5265
-3817
-783
1696
2371
3599
4007
2378
1980
309
-3041
-3657
-3946
-4123
1020
5487
5613
14033
13583
17081
19552
17581
13129
10083
5578
-2802
-4615
-11146
-14415
-12913
-12365
-12088
-5608
-4524
-584
2861
1450
525
-455
-4886
-7252
-8016
-10936
-9423
-6465
-4218
501
6559
6966
8685
10445
7643
5064
1838
-3541
-6440
-6452
-9338
-9513
-5971
-4207
-908
3297
4068
5473
7049
3558
2810
182
-4609
-6377
-6579
-7548
-3230
3462
2725
11727
14318
16149
20450
18947
14346
11389
7737
-2280
-4653
-9737
-14535
-13697
-11725
-12681
-5787
-3942
-1685
2317
1586
-358
-1367
-3973
-8248
-7682
-9746
-9367
-4982
-3025
645
7469
8807
9985
11697
10524
6713
4875
-413
-4490
-4044
-7569
-9419
-5817
-4453
-2095
1894
2565
4233
6072
3415
1200
-210
-5292
-7083
-7877
-9223
-7183
407
846
7305
13725
13723
19782
19860
16784
13050
10890
386
-3238
-7274
-14223
-14643
-13482
-14450
-9566
-5043
-4427
815
1869
154
342
-1111
-6649
-5819
-8112
-9053
-5542
-3567
-1395
5540
8760
9233
13640
12779
10209
8271
3378
-1481
-2428
-7115
-10258
-8316
-7073
-5154
-1988
404
2284
4809
3380
1447
555
-3709
-6641
-8067
-9325
-9130
-4164
612
3344
12372
13386
17433
21276
18841
15026
11939
4858
-2651
-5790
-12775
-15752
-14833
-14508
-12963
-5666
-5041
-966
2336
1279
1577
484
-3936
-5407
-5112
-7650
-6107
-2775
-1406
4100
9257
8965
12476
14020
11017
8894
5132
10
-2827
-5479
-10038
-9746
-7931
-7493
-4405
-1499
672
2888
3086
1343
1124
-1210
-5072
-6165
-7686
-8195
-6810
-766
2309
7163
13307
12926
19758
19434
16862
13278
9812
2602
-3035
-6860
-12786
-14462
-13647
-13966
-10320
-5548
-5526
-255
1524
2161
1516
306
-3068
-2704
-3921
-5975
-4204
-2389
-556
4231
6929
7803
11616
10980
9478
7387
4092
-747
-3200
-6777
-10042
-9711
-9648
-8317
-5272
-1717
-267
2221
3032
2757
1460
-1162
-4054
-5469
-7588
-8410
-7237
-1735
2759
5424
12230
14114
19023
19762
17760
13863
11056
4044
-2852
-6220
-12120
-14524
-13917
-13940
-10798
-5675
-5058
-526
2346
2598
1710
1407
-2543
-2450
-4160
-6587
-5129
-3053
-1420
2150
6730
7608
11267
11504
9998
8552
5137
734
-2944
-5436
-8966
-9491
-8675
-7581
-4451
-2366
-859
1751
2605
1733
452
-1642
-4526
-6148
-8219
-8497
-7379
-2631
2143
4493
12416
12888
18012
19579
17797
15152
11802
6172
-340
-3727
-8949
-13093
-13014
-12872
-12400
-7104
-7763
-3339
-109
696
-178
497
-2030
-2699
-2934
-5512
-4609
-2386
-2216
1795
6358
7122
10302
11518
11449
9871
7692
2219
-969
-2709
-7789
-9153
-9015
-9042
-6770
-4776
-3261
-356
1194
868
485
-153
-2834
-4447
-5902
-7404
-6218
-4050
1688
3129
9752
12642
15836
19669
19078
16056
13673
9298
1761
-1753
-7638
-12661
-14341
-13740
-15713
-10077
-9810
-6530
-1330
-283
-324
994
-926
-2160
-2095
-4817
-5375
-3155
-1660
144
6526
7106
9743
12944
12403
10604
8831
4102
149
-1952
-6927
-9925
-9246
-8970
-8268
-4999
-3596
-917
2111
1207
1633
722
-2002
-4382
-5660
-8086
-7376
-7709
-2369
2696
6091
11737
13699
18832
19775
19157
14857
12448
6605
291
-4576
-9401
-13985
-13517
-14779
-12915
-8466
-7517
-3609
-914
-11
-951
-115
-3619
-3558
-4159
-5071
-4323
-714
133
4604
8515
10315
12277
12978
11384
9009
6789
821
-1944
-5002
-8638
-9307
-8893
-8768
-5753
-4119
-2691
-175
560
-700
-1079
-2817
-4757
-5575
-7264
-8026
-5843
-3442
3082
4692
10139
14023
15762
19512
18385
16049
12852
9322
3020
-1795
-5947
-11023
-13303
-11834
-14334
-10163
-9540
-7733
-4227
-2792
-3022
-1773
-2104
-2780
-1614
-1485
-2254
272
1967
3027
8368
8048
9187
10446
10787
8061
6487
3424
-475
-1754
-4629
-7762
-7241
-7581
-7987
-5848
-4951
-4258
-2205
-2053
-2379
-827
-2167
-3647
-3950
-4795
-5007
-3307
-2988
2637
4659
8325
11925
13559
17134
17333
15968
13030
10623
4940
74
-3719
-8775
-12025
-11305
-14836
-11810
-10553
-9428
-5935
-3570
-3388
-722
-593
-942
710
132
-398
1560
3138
2296
6571
6941
7841
10283
9435
8134
7555
4654
1517
-220
-2842
-6536
-7994
-8496
-9431
-7815
-7602
-6742
-3532
-2447
-1887
-1366
-2076
-2405
-2945
-3972
-4712
-4316
-3875
1403
2865
6585
10057
12540
16940
18528
16983
15000
13199
7414
3100
-1808
-7773
-11957
-12586
-16803
-13935
-13285
-12414
-8333
-4805
-4137
-552
-278
-6
2623
2247
708
2046
2939
2335
6043
5557
6307
8790
8737
7663
7791
4994
2001
798
-2373
-5967
-6812
-8833
-9517
-7512
-7765
-6690
-4657
-3664
-3241
-1793
-2918
-3655
-2998
-5110
-5370
-4266
-5210
-549
3296
4249
9978
12272
15322
18477
18721
15395
15083
10797
4108
340
-5141
-11435
-11989
-14862
-15766
-12316
-12389
-9432
-4741
-3232
-1660
1441
1399
2493
3413
1519
1857
3788
2167
3480
5486
5386
6658
8536
7090
7007
5805
2722
1692
254
-3594
-5787
-6280
-7070
-7209
-7399
-8131
-6477
-4438
-5236
-4073
-4095
-4290
-3603
-4343
-4813
-3497
-2988
-1188
3696
4922
8876
11650
14169
17009
18925
15798
14368
11632
6732
2167
-2518
-8292
-10183
-11360
-14567
-12482
-12570
-10172
-6628
-4842
-3842
-403
-232
1177
2265
1620
704
2455
1523
1967
4142
3443
4360
6733
6329
6532
6470
4615
3960
2476
130
-2751
-3759
-5840
-7105
-7843
-8845
-8649
-8278
-7946
-7460
-6517
-6968
-6163
-5917
-5200
-4569
-2906
-2530
2651
6085
7327
12731
14452
17283
19123
18399
15199
14483
9500
4282
607
-3612
-8487
-9585
-12527
-12957
-11279
-11758
-9899
-6687
-6299
-4599
-1724
-2458
-439
632
-151
1248
3518
2220
3919
5931
5570
6924
8206
6804
7527
7170
4994
4269
3166
-546
-2151
-3996
-6048
-7791
-9261
-11804
-11419
-11158
-12667
-11313
-9342
-8661
-4852
-3183
-1863
1865
4183
4808
8986
11606
10843
14471
13884
13766
15367
14284
10764
11927
7815
4487
2008
-1119
-5997
-6764
-10370
-13320
-11367
-13281
-12878
-9433
-9205
-7515
-2742
-3152
-347
2208
1412
2088
4496
2799
3329
5384
3845
5172
7347
5628
6960
7761
5531
5264
3840
117
-1901
-4572
-8463
-10685
-12165
-14836
-14267
-13509
-12826
-9389
-6611
-4319
-363
2002
3563
6005
6533
6220
6683
9085
7153
8950
9460
9529
12335
13632
11430
12488
12097
8561
6376
2086
-2726
-5494
-8338
-13827
-13528
-15119
-15352
-13122
-11453
-10621
-5782
-4847
-3798
569
1295
1403
3580
4187
4519
6994
6121
5364
8474
8525
7232
8118
6068
4826
4396
247
-3111
-4785
-8377
-11422
-12341
-14949
-14608
-12648
-12336
-9352
-4969
-3293
83
3637
4396
6815
6405
5946
5346
7418
6945
6101
8775
8878
11394
13342
13654
12974
14418
11200
8500
5039
1044
-4640
-7916
-12083
-15550
-15569
-18506
-17890
-14936
-13385
-10831
-6165
-4620
-24
3433
4221
6024
8709
7797
8282
9454
7506
7734
7908
5727
5154
4496
1687
626
-335
-3714
-5823
-7394
-9835
-10529
-11055
-12778
-10879
-8839
-7811
-4923
-1952
483
2973
5200
4492
6794
6643
5180
4665
5988
5924
5772
6974
6625
9415
11174
11180
10233
11717
8595
6835
2634
-1073
-5691
-9447
-14191
-17186
-17618
-18808
-17544
-14645
-11665
-6922
-1806
629
5623
8038
9417
10277
10186
8018
7432
5524
3270
1645
1331
502
554
467
-130
327
358
-1300
-2359
-3472
-4707
-6171
-7895
-8493
-7935
-6738
-6357
-3907
-1322
1073
2733
4783
5394
6984
5945
4961
3876
3647
4231
2204
4185
4509
6037
8354
10268
9329
10947
9030
6131
2821
-1758
-6764
-10248
-13193
-17160
-16466
-16013
-14374
-10178
-6428
-3307
2906
4612
6628
8970
8517
6823
6290
3261
1047
877
-1212
-2695
-701
-203
155
2552
2371
3164
4251
2824
161
-84
-3114
-5383
-6921
-8824
-8940
-7313
-7228
-5103
-1070
1324
3469
5489
5688
5847
5819
2466
998
-561
30
-328
360
2252
4090
7295
9184
10333
9610
9635
6479
3324
-824
-4939
-8790
-11428
-13181
-13353
-11614
-9774
-7137
-3016
-455
1740
3251
2586
3472
2974
910
-550
-623
-1355
-1130
125
203
1889
4681
4128
5090
5129
3563
3097
1094
-1141
-2609
-3242
-5076
-4873
-4410
-4164
-2684
-769
-282
2137
2235
1738
2305
1709
397
-273
-266
-1252
134
-1089
560
2572
2427
3434
3879
4374
5561
5516
3034
3713
2690
1355
-32
-577
-2308
-1969
-2777
-4498
-3493
-4366
-5305
-4439
-5027
-4600
-3216
-3469
-2487
-142
280
359
1921
1477
2090
3164
1474
1005
2299
1257
629
952
-115
694
2044
962
1443
2400
2035
2103
1816
88
159
-428
-2197
-1871
-1669
-1687
-972
-230
-184
955
354
-1426
-1655
-2747
-4229
-3533
-5156
-4046
-2757
-1252
1200
4656
6350
7973
10430
9696
9324
7571
4585
1194
-829
-5231
-6547
-7788
-9055
-8307
-6546
-5651
-3082
-1637
-693
1307
2058
432
961
714
-1661
-977
-2618
-3501
-1856
-1624
-852
1616
3051
4217
5919
6824
6661
7014
5582
4031
3798
1487
28
-792
-1745
-1989
-1793
-2659
-2664
-1781
-2947
-3777
-4520
-5879
-7420
-8249
-10190
-8902
-6625
-6552
-3025
206
4369
8190
11339
11855
14822
14335
11781
10207
7451
3771
535
-2350
-5224
-5196
-6678
-7640
-5750
-4490
-4498
-2840
-3058
-2629
-2020
-3500
-4697
-3626
-4951
-4545
-3263
-2474
-465
1647
3300
5226
7422
8067
8985
10034
9657
9192
8504
6825
5614
4035
1948
39
-1276
-3063
-4802
-5873
-7112
-8599
-9280
-10306
-10698
-10852
-11075
-10961
-9427
-7964
-6596
-2593
-1582
2161
4733
7336
10151
13484
13542
14724
15410
13466
12455
9581
5920
3186
725
-3530
-5236
-7651
-9397
-10261
-10403
-11124
-9352
-9080
-8124
-5953
-4292
-3979
-1803
-1109
-338
1411
1367
1985
3797
5322
6061
7869
9399
10452
12412
12432
11345
11369
9283
6977
4124
1
-3697
-6454
-9738
-12390
-13778
-14946
-15321
-13758
-13489
-12080
-9829
-9015
-7017
-5324
-3832
-2712
1423
2362
5227
8134
9744
12738
15527
16260
16799
17745
14732
13193
9760
5670
928
-2159
-7397
-9478
-11566
-13743
-13358
-12243
-11661
-9279
-7379
-6071
-3670
-2053
-1613
-287
1245
617
2532
3209
3675
5631
7566
8680
11052
12302
12489
13112
12385
9981
7743
4265
-126
-3309
-7512
-11373
-13708
-15500
-17115
-16373
-15976
-14481
-11610
-9608
-7503
-4562
-2721
-1335
139
915
1630
2552
5267
5720
8956
10610
12612
14915
16778
16585
15683
14850
10631
7892
3180
-1907
-6098
-8734
-12241
-12545
-13053
-12416
-10135
-7735
-6528
-3685
-2021
-1442
286
252
42
747
1282
1246
3303
4505
5508
7628
9190
9643
10577
9567
7605
6270
3637
139
-2727
-5971
-8729
-10397
-11943
-13231
-12807
-11938
-11140
-9477
-8256
-6628
-4722
-3232
-2365
-801
469
1281
2425
3024
4219
5264
7438
7774
9008
10230
10194
11068
11399
10941
9888
9375
6415
5195
2931
541
-2328
-3584
-5627
-6726
-7765
-8905
-8997
-8194
-8474
-7121
-5591
-4515
-2326
-778
1047
2615
4394
4555
5887
6434
5743
5089
5137
3781
2824
1612
-370
-755
-1821
-2999
-3918
-4185
-4804
-4976
-5469
-6193
-6346
-6431
-7368
-7098
-6825
-6517
-5106
-3711
-2181
-63
2281
3199
4719
5974
5762
5346
5700
5858
4827
5696
4682
6390
7846
9277
9250
10424
10397
8925
6971
3433
-59
-3694
-7192
-10649
-11773
-13502
-12935
-11192
-8952
-6358
-2736
-937
1806
4248
4455
3734
3759
2125
456
-355
-2623
-3498
-2604
-2255
-1752
22
725
2213
3045
3039
2107
1862
313
-1026
-2373
-4417
-5052
-5568
-5782
-5363
-4381
-3571
-2004
-534
332
945
1764
2000
2105
2776
2254
2519
2648
4281
5526
6023
7095
7091
8847
8846
9164
6998
7386
5602
3578
1253
-1066
-3341
-4731
-6359
-7839
-7843
-7986
-7568
-6474
-5589
-4934
-2955
-2935
-1723
-1289
-858
-1154
-698
-968
-897
-393
-784
-956
617
1393
1444
2957
3272
4553
5346
4987
3851
3677
2036
49
-1700
-3797
-5412
-5903
-7365
-7410
-6172
-4987
-3244
-972
1043
2992
4718
5101
5210
5425
4103
2519
1194
1071
1253
545
1568
1735
4520
5315
7029
6521
7510
6466
4581
2303
-327
-2959
-5772
-7902
-9336
-9526
-9525
-8676
-7033
-5342
-3723
-1386
-1090
134
110
121
-703
-657
-1551
-1553
-915
-458
174
1513
2691
3181
4671
4532
4675
4115
3193
2283
1413
168
-756
-1018
-1485
-1435
-832
-724
-76
442
378
715
1006
587
176
436
58
-380
-577
-1348
-1834
-1413
-2150
-303
-548
869
1423
2876
4122
5206
6112
5472
6487
5123
3698
1882
-36
-2708
-3495
-5736
-6741
-7234
-6981
-6625
-5268
-4820
-3559
-2417
-2029
-1434
-1240
-1777
-1865
-1907
-2608
-1480
-1601
-872
348
2237
3594
5359
6803
7941
9505
9286
8528
7319
5795
3572
1700
-1055
-2588
-3555
-4380
-4793
-4456
-3809
-3194
-2216
-2008
-1186
-903
-1504
-2084
-2630
-2755
-3688
-4726
-4666
-4225
-1142
-1539
611
2279
4663
6748
7838
8137
8258
8497
6315
4523
2466
189
-3119
-3979
-6279
-6887
-7661
-7971
-7236
-5607
-5655
-4549
-3574
-2469
-1632
-1477
-1315
-325
1046
1214
3076
4175
5462
6737
7794
8233
8478
8338
6932
6343
5460
3119
1320
203
-1561
-2432
-3585
-4944
-4801
-4762
-5283
-4902
-4399
-4234
-3312
-3311
-3326
-3032
-3001
-3703
-3427
-4072
-4559
-4016
-3105
-2958
-488
1530
2788
6440
7095
9188
10068
10919
9162
8354
5689
2789
235
-2637
-5483
-6713
-7452
-7640
-6544
-5470
-3624
-1331
45
657
2266
1898
2083
1523
808
175
537
-104
536
2081
2625
3558
4386
5038
5229
4909
3345
2124
1295
-326
-1990
-3134
-3847
-3912
-3530
-3933
-3527
-2966
-2939
-2993
-3590
-4032
-4994
-4977
-5940
-6079
-5323
-4528
-3478
-1752
-186
1732
2988
3642
3985
5209
5821
4326
4805
3299
3977
3536
3179
3165
3890
4107
3538
3494
2796
2326
1172
-100
-1067
-1093
-2381
-2573
-2414
-1865
-1824
-1044
-1263
-493
231
-102
-310
-258
-689
-833
-646
-1290
-1076
-426
-134
308
1025
1239
1881
2286
1792
1560
1217
-69
-925
-1952
-3349
-4200
-4728
-5420
-5146
-4359
-4094
-3037
-1838
-1449
-167
389
105
484
332
-81
-681
-937
-1605
-742
-581
1029
2712
4225
5612
6542
8164
8119
8981
7073
6628
5183
3224
791
-775
-2323
-3172
-3652
-3978
-3197
-2014
-1605
-1203
-808
-975
-995
-2255
-2971
-3872
-4304
-4774
-4499
-3710
-2440
-754
502
1983
3569
4569
4613
4462
3666
2841
1804
48
-1295
-2100
-2664
-2815
-2751
-2501
-1824
-1593
-1471
-1382
-1412
-1974
-2499
-2718
-2657
-2478
-2102
-1483
-50
1355
2228
3080
3829
3644
4200
2602
2785
2404
1128
949
-188
681
397
1863
1595
3284
3546
3903
3457
3268
2057
1102
-470
-1945
-2711
-3677
-4211
-4422
-4196
-4171
-3027
-3007
-1865
-1363
-913
-562
-8
-438
-308
-582
-582
-854
-879
-847
-522
48
33
879
1406
1918
2198
2411
2760
2743
2113
1353
742
201
-789
-1370
-1724
-1594
-1356
-1156
-766
92
228
383
158
-228
-788
-1766
-2956
-3716
-4111
-4546
-3854
-1875
-881
1742
2925
5167
7162
8504
8592
8292
7759
5953
4582
2207
772
-586
-1391
-2389
-2465
-2410
-2021
-1892
-2039
-2524
-2756
-4108
-5215
-5831
-6695
-6655
-6345
-5636
-4281
-2088
-628
1424
3153
4325
5438
5941
5897
5675
5340
4778
4425
3878
3523
2917
2409
1604
616
-559
-2240
-3462
-4889
-6176
-7009
-7576
-7448
-6805
-5815
-4511
-3335
-1957
-960
43
139
199
-98
-113
-283
877
1784
3228
5283
6369
8791
9844
11245
10168
9678
7783
5442
2267
-1024
-4086
-5718
-7270
-8116
-7955
-6876
-4875
-3838
-2598
-1879
-924
-1477
-2140
-3091
-3537
-3774
-3332
-2898
-781
1715
3766
5893
7771
9529
9725
9193
7508
5977
3854
1061
-1755
-3730
-5007
-6033
-6519
-6808
-6196
-5371
-5073
-4610
-4322
-4158
-3934
-3724
-3902
-3407
-2582
-1705
-594
657
1965
3358
4128
4406
4454
4588
3625
4032
3284
3208
3543
2934
3634
3997
5034
4289
4502
3492
2740
1577
-33
-1964
-2978
-3734
-4117
-4048
-3683
-2976
-2175
-1562
-1410
-932
-1074
-1473
-1652
-1695
-1620
-1014
-1179
-94
1223
1920
2215
2582
3010
2653
2073
617
-312
-752
-1871
-2751
-2890
-2765
-2390
-1886
-1850
-1109
-572
-855
-967
-1320
-1568
-2133
-2276
-2638
-2047
-1565
-1021
-245
1072
1930
2490
2814
2923
2839
2820
1749
1647
2478
1625
2519
1943
3111
3510
4745
3938
4471
3987
3008
2293
1172
-136
-1153
-1492
-2435
-2247
-3088
-3462
-3615
-3471
-4438
-4379
-5027
-4828
-4279
-3782
-3071
-1844
-984
309
1808
2371
2784
3039
3233
2891
2925
1953
1535
1516
1141
955
656
193
-63
-169
-974
-2098
-2941
-3619
-3341
-3476
-3199
-2564
-1060
86
993
1714
2213
2739
2645
1604
969
161
-887
-1693
-2213
-2037
-1633
437
746
3108
4126
5122
5845
6243
5684
4736
3181
1458
206
-1225
-2248
-3692
-3296
-3559
-2937
-3337
-3188
-2995
-2569
-3363
-3786
-3893
-3947
-3256
-2633
-1835
-314
1057
1709
3327
3678
3859
3562
3077
2325
1784
994
334
525
931
1232
1796
1934
2039
2076
1258
186
-999
-2089
-2896
-3263
-3884
-3697
-2858
-2128
-1305
-543
-264
72
76
-788
-1622
-2200
-3155
-3111
-3262
-2689
-1630
-184
2382
3735
5740
5736
6926
6849
6335
5351
3590
2514
1431
473
-464
-205
-785
-314
-284
-573
-1064
-1661
-3094
-3757
-4994
-5968
-6249
-5775
-4964
-3277
-1708
117
2187
3490
4834
5313
5393
4561
4345
3548
2807
2351
1881
1638
1937
1730
1535
1123
449
-665
-1823
-3630
-4806
-5875
-6650
-6805
-6903
-6236
-5286
-4002
-3160
-1955
-1506
-749
-686
-459
-405
128
592
978
1893
2734
3882
4290
6408
6263
7442
6338
6143
5407
4639
3460
1925
1049
-54
-322
-1399
-1548
-2364
-2463
-3030
-3398
-4210
-4239
-4769
-4492
-4512
-3593
-2705
-1459
-32
1562
2951
3744
4553
4506
4895
4084
3341
2378
2113
1497
805
383
231
179
-390
-962
-1525
-2338
-3414
-4930
-5816
-6647
-7194
-7463
-7038
-5751
-4223
-2868
-1263
612
1634
2762
2888
3416
3077
3186
2626
2675
2567
2371
2565
2583
3379
3184
4651
3985
4596
3391
3259
2371
1735
787
-48
-649
-1311
-1449
-2006
-1964
-2615
-2128
-2432
-2099
-2310
-2067
-2108
-1735
-1909
-1495
-1251
-761
-249
424
1351
1910
2494
2616
3252
2969
2424
1723
881
223
-816
-1676
-2607
-3057
-3349
-3792
-3700
-3690
-3689
-3695
-3278
-3397
-2674
-2648
-1814
-824
-125
701
1718
2703
3292
3985
4040
4236
4120
3668
3020
2817
1991
1140
688
127
-323
-769
-59
-49
798
867
1519
2291
2694
2649
2283
1894
965
237
-1094
-1799
-2724
-3150
-3329
-2780
-2606
-2235
-1598
-1019
-851
-794
-948
-888
-685
-653
-646
-399
-103
176
779
918
1182
1295
998
1029
656
-182
-549
-1174
-1645
-1918
-2021
-2197
-1768
-1704
-1253
-770
-209
16
789
984
1450
1383
1303
1570
1353
1328
878
1055
963
1128
1240
1554
1583
1633
1534
1051
845
-201
268
127
346
219
101
614
656
961
533
543
56
-235
-1040
-1360
-2030
-2231
-2254
-1995
-1786
-1303
-1126
-723
-530
-391
-109
-125
34
277
825
1019
1370
1118
1532
1448
994
201
-314
-734
-1456
-1985
-2638
-2481
-2174
-1974
-1397
-1040
-662
-358
-72
153
271
278
457
768
1114
712
1016
1250
1272
1345
1105
1131
880
577
179
-58
-264
-876
-1387
-1615
-2024
-2359
-2339
-1140
-872
320
370
1553
2244
2955
2789
2753
2355
1778
1196
685
533
38
291
376
1081
1057
931
789
628
-79
-660
-1518
-1955
-2335
-2317
-2303
-1775
-1413
-1085
-340
-17
313
203
302
287
459
494
356
418
616
692
758
547
404
754
443
312
111
-20
-184
-189
-410
-521
-258
-915
-1025
-1111
-1256
-1343
-1369
-1352
-1054
-827
-1161
-948
-832
-832
-1081
-856
335
810
2000
2042
3522
4337
4992
5291
5004
4503
3628
2768
1388
546
-934
-1621
-2345
-2675
-3497
-3825
-3890
-3582
-3628
-3496
-3137
-2534
-1802
-1202
-698
11
380
692
1401
1463
1658
1448
1849
1993
2315
2049
1932
1775
1378
636
-399
-1582
-2526
-3224
-3962
-4354
-4305
-3634
-2785
-1625
-1218
-195
618
759
800
465
207
142
-200
-319
98
484
1059
1311
1876
2211
2321
2360
3082
3106
2959
2433
2132
2122
1584
1445
856
792
325
196
-197
-88
-748
-929
-1210
-1569
-1931
-2532
-2706
-2678
-2545
-2482
-1526
-702
423
1368
2350
2832
2904
2217
1646
862
-147
-1233
-1724
-1719
-1588
-1010
-664
170
625
704
562
13
-891
-1754
-2426
-3002
-3077
-3037
-2417
-1317
-249
790
1738
2337
2535
2442
1832
1337
439
-122
-673
-657
-656
-569
-117
331
901
1416
2735
2983
3805
3307
3512
2889
2672
2024
1270
644
62
-245
-319
-41
-580
-412
-680
-774
-1727
-2514
-3595
-3958
-4563
-4648
-4089
-3240
-2058
-678
819
2032
2892
2973
3159
2893
2192
892
268
-556
-1013
-1447
-1884
-1869
-1762
-1765
-2050
-2053
-2259
-2285
-2265
-2445
-2255
-2146
-1632
-1277
-644
-206
329
857
1104
1507
1710
2103
2204
2531
2407
2460
2278
1909
1845
1589
1307
1292
2204
2254
2520
2264
2317
2110
1689
771
54
-538
-1459
-1866
-2153
-1996
-1945
-1533
-1271
-603
-475
-531
-449
-279
-457
-285
-279
-33
424
559
900
1091
969
484
313
-193
-627
-1190
-1501
-1802
-1913
-2203
-2444
-2234
-2503
-2504
-2496
-2401
-2197
-2049
-1751
-1189
-646
-222
382
1052
1717
2128
2688
3002
3260
3491
3456
3490
3144
2686
2156
1396
408
-780
-1672
-2328
-2571
-2781
-1775
-1005
19
794
1801
2743
3218
3420
3093
3075
2252
1728
917
654
126
-191
-738
-696
-812
-1105
-1217
-1401
-1556
-1582
-1685
-1805
-1802
-1855
-1752
-1693
-1721
-1907
-1558
-1406
-1006
-677
-490
-70
137
132
84
-52
-594
-897
-936
-1046
-877
-580
170
800
1320
1409
1924
2109
1845
1332
722
177
-549
-1243
-1848
-1639
-1643
-1505
-1097
-423
97
455
667
859
1454
1249
1706
2209
2535
2619
2294
2426
2488
2858
2419
2286
1977
1651
1176
682
-84
-901
-1683
-2391
-2871
-3607
-4006
-4183
-3750
-3392
-2686
-2006
-1238
-464
56
278
525
600
742
902
973
1086
1164
1382
1461
1609
1368
1098
573
-55
-644
-1308
-1876
-2348
-2604
-2666
-2552
-2316
-1768
-1089
-366
52
833
1299
1546
1908
1750
1536
1448
1099
835
709
484
415
478
426
344
465
815
1700
2021
1909
1667
1989
1666
1455
956
438
120
-247
-733
-1135
-1164
-1713
-2004
-2141
-2158
-2245
-2134
-2081
-1402
-949
-372
348
850
1505
1797
1885
1769
1576
1270
736
203
-215
-839
-943
-1358
-1551
-1421
-1450
-1360
-1433
-1333
-1340
-1274
-1345
-1314
-1154
-1210
-868
-550
-140
487
850
1243
1805
1928
2080
2022
1685
1441
1107
819
412
189
-226
-306
-411
-565
-707
-360
304
731
976
919
1269
1610
1808
1661
1828
1739
1673
1543
1275
1384
1166
785
392
-64
-590
-1141
-1719
-2170
-2308
-2275
-2376
-1932
-1388
-1025
-461
-34
387
686
703
386
151
-234
-740
-1299
-1897
-2126
-2072
-2128
-2257
-1975
-1718
-1186
-723
-394
-126
190
405
481
661
697
716
838
930
680
577
169
-86
-330
-641
-693
-679
-720
-957
-992
-792
-287
141
593
1615
2707
3671
4081
4416
4559
4547
4020
3063
2142
1142
148
-707
-1124
-1690
-1812
-1998
-1970
-1811
-1712
-1722
-1796
-1902
-1988
-1961
-2020
-1845
-1697
-1330
-907
-431
-22
194
577
705
774
864
604
234
-168
-551
-747
-907
-1047
-1158
-884
-700
-386
-217
-166
-9
114
136
80
-43
-130
-51
-184
-115
6
417
672
1046
1534
1916
2205
2183
1994
1896
1705
1816
1733
2189
2344
2391
2523
2643
2906
2547
2021
1321
888
139
-662
-1532
-2034
-2726
-3221
-3729
-3872
-3851
-3952
-3591
-3150
-2502
-1820
-1182
-398
280
862
1205
1342
1391
1152
1058
624
118
-253
-654
-827
-1173
-1353
-1487
-1405
-1521
-1686
-1635
-1490
-1261
-1274
-1254
-1172
-851
-429
-55
450
902
1207
1669
1719
1913
1852
1857
1725
1458
1274
1228
993
1030
1042
1612
2272
2610
2722
2627
2654
2313
2315
1683
1211
149
-592
-1142
-1302
-1630
-2033
-2344
-2208
-1930
-1747
-1539
-1398
-1176
-1482
-1462
-1208
-897
-911
-791
-711
-178
262
430
674
894
943
1001
911
445
117
-523
-889
-1150
-1173
-1300
-1339
-1174
-1146
-715
-515
-478
-453
-494
-630
-531
-601
-654
-497
-336
-104
387
654
889
1134
1085
1158
1183
1086
1070
1154
1081
1190
1416
1660
2047
2334
2418
2512
2444
2243
1995
1567
967
260
-506
-1161
-1712
-2003
-2397
-2375
-2429
-2429
-2070
-1881
-1749
-1510
-1388
-1080
-714
-557
-126
293
646
905
1124
1185
1245
929
664
402
104
-392
-755
-1083
-1460
-1509
-1731
-1892
-2032
-2075
-2107
-1994
-1670
-1379
-942
-292
281
977
1590
1956
2201
2079
2039
1873
1582
1288
978
699
581
516
673
846
890
723
524
459
274
46
-271
-437
-638
-718
-749
-726
-516
-387
-235
31
326
530
823
1011
1039
896
837
870
1033
905
833
1007
1144
1290
1387
1452
1502
1535
1137
602
140
-655
-1410
-2137
-2736
-3155
-3457
-3477
-3286
-2719
-2314
-1769
-1298
-925
-479
-311
-206
-84
189
386
564
823
1005
1417
1665
1694
1732
1539
1308
987
623
212
20
-315
-483
-695
-767
-781
-746
-578
-377
-33
147
541
804
972
1144
1047
1034
812
565
396
173
-104
-225
-209
-284
-333
-494
-497
-508
-712
-1051
-1093
-1015
-894
-819
-633
-393
-149
-80
6
-16
-74
-189
-396
-568
-701
-727
-891
-798
-779
-727
-586
-494
-393
-338
-156
79
200
433
491
549
570
519
661
599
514
412
320
302
316
266
449
759
888
961
1046
1194
1249
1225
1118
1154
1185
1139
1074
1041
1004
640
238
-96
-536
-1062
-1536
-1893
-2101
-2120
-2005
-1775
-1468
-1134
-589
-262
113
295
465
723
858
828
844
1016
1228
1256
1192
1071
1018
839
448
115
-212
-441
-743
-1001
-1239
-1303
-1475
-1471
-1457
-1186
-866
-540
-243
11
390
609
643
731
797
960
925
920
1077
1355
1629
1660
1717
1849
1910
1548
1060
646
310
-174
-675
-998
-1118
-1258
-1276
-1334
-1316
-1390
-1615
-1856
-1968
-2133
-2168
-1995
-1783
-1413
-976
-504
-25
335
607
854
988
919
762
703
548
543
461
466
532
503
387
203
3
-368
-672
-1074
-1386
-1634
-1864
-2062
-2065
-2021
-1877
-1516
-1213
-845
-330
280
1024
1625
2159
2618
2969
3133
3013
2862
2585
2378
2239
2030
1901
1758
1483
1353
995
627
153
-313
-808
-1224
-1521
-1810
-1730
-1690
-1451
-1156
-936
-671
-431
-221
-84
-127
-170
-98
-12
-182
-328
-220
-161
-26
-31
-38
25
-30
-167
-256
-367
-537
-701
-887
-1085
-1232
-1583
-1799
-1739
-1755
-1702
-1586
-1311
-904
-573
-404
-215
61
226
335
395
562
769
973
1289
1625
1954
2131
2259
2385
2392
2298
1963
1619
1500
1334
1110
815
873
903
992
796
607
586
398
188
-168
-266
-296
-388
-424
-409
-310
-166
-262
-75
-10
-53
-33
-53
-6
-147
-403
-585
-789
-1148
-1596
-1850
-1954
-2088
-2167
-2099
-1881
-1568
-1291
-1007
-645
-409
-454
-570
-641
-712
-729
-840
-792
-596
-395
-306
-214
-109
-35
64
152
361
553
718
973
1199
1451
1756
1812
1931
1944
2060
2090
1922
1880
1739
1696
1436
1096
906
620
307
-116
-369
-516
-521
-605
-662
-471
-306
-160
-124
-56
-51
-51
-264
-526
-684
-782
-892
-990
-1160
-1066
-949
-1093
-1315
-1454
-1482
-1679
-1858
-2007
-1925
-1693
-1612
-1403
-1086
-846
-695
-669
-534
-408
-295
-248
-189
-25
140
322
451
613
783
918
1057
1177
1421
1662
1891
2145
2359
2392
2390
2182
2054
1793
1514
1449
1181
1002
932
749
598
424
214
98
-53
-221
-383
-410
-458
-343
-359
-217
88
278
385
353
292
255
181
75
-54
-236
-392
-754
-1046
-1542
-1743
-1760
-1790
-2356
-3080
-3451
-3040
-1827
-652
-161
-367
-693
-589
265
987
1177
538
-229
-442
-36
800
1370
1364
964
439
469
782
1127
988
370
-277
-642
-310
245
815
892
763
688
947
1302
1483
1237
772
293
-80
-61
-38
-19
-187
-426
-478
-325
-35
262
324
383
223
209
188
174
-24
-310
-697
-991
-943
-854
-646
-608
-608
-538
-531
-496
-508
-624
-661
-712
-694
-617
-304
-116
18
37
76
100
155
90
67
55
-2
48
8
100
150
156
-50
-166
-326
-445
-542
-644
-747
-617
-502
-217
89
460
746
804
921
908
911
762
540
415
300
156
92
26
39
19
-24
58
78
135
84
15
179
294
330
421
563
566
607
690
633
576
478
362
276
191
-36
-317
-754
-1055
-1199
-1197
-1210
-1219
-1056
-845
-470
-42
184
385
521
557
611
575
460
291
247
169
203
285
309
400
347
244
-19
-259
-537
-665
-812
-1056
-1031
-934
-609
-232
16
162
341
482
610
705
686
623
570
634
701
835
870
909
1006
1031
1097
1095
1137
1087
912
646
223
-227
-558
-919
-1223
-1463
-1586
-1670
-1603
-1363
-1100
-823
-704
-518
-456
-459
-540
-691
-776
-654
-595
-422
-224
-56
211
393
435
394
324
233
128
-5
-155
-337
-448
-640
-708
-749
-871
-910
-992
-1033
-928
-806
-619
-286
144
605
1233
1851
2334
2657
2617
2509
2282
2129
1945
1597
1192
739
506
433
338
14
-366
-608
-868
-965
-991
-1080
-1338
-1484
-1570
-1483
-1209
-996
-866
-636
-270
135
533
710
812
754
426
198
165
-52
-417
-682
-919
-852
-528
-337
25
231
369
270
206
-7
-470
-845
-1286
-1397
-1440
-1274
-1188
-717
-65
501
1049
1199
1413
1684
2000
1922
1864
1626
1452
1306
1198
1116
954
726
648
753
746
528
429
398
139
141
-65
-503
-1041
-1330
-1303
-1290
-1345
-1484
-1422
-1242
-733
-318
-188
-245
-123
-230
-273
-177
-276
-368
-320
-532
-776
-726
-577
-568
-528
-616
-1072
-1265
-1262
-1041
-922
-1205
-1447
-1230
-912
-225
145
204
429
784
1175
1737
2181
1840
1462
1667
1862
1913
1688
762
165
400
662
653
648
311
374
1083
1542
1374
796
75
-11
487
582
118
-320
-660
-577
-100
102
-299
-727
-928
-577
-261
-254
-593
-1043
-1125
-380
36
-24
-163
-519
-703
-486
-157
-385
-724
-1191
-1028
-499
-352
-298
-503
-774
-959
-199
411
219
-334
-573
-832
-356
233
-24
-405
-761
-249
517
1128
1040
392
152
732
1402
1133
537
-22
-248
254
989
813
220
-306
81
939
1417
956
364
148
81
338
256
-340
-839
-732
-422
-62
194
158
92
-62
79
-86
-141
-405
-971
-1348
-1064
-584
-316
-436
-506
-389
190
793
1004
449
116
211
276
459
51
-674
-1215
-895
-868
-661
-860
-1084
-1154
-685
-95
56
314
-191
23
269
285
396
532
314
175
395
649
1007
1008
946
936
1000
1281
1034
765
409
519
425
748
681
357
303
459
597
318
422
-28
-250
111
291
170
65
-518
-302
-95
-27
-472
-635
-695
-584
-202
-22
99
33
267
124
387
-217
-312
-762
-779
-991
-1070
-970
-880
-987
-1166
-817
-915
-1036
-946
-889
-1072
-1019
-1079
-814
-656
-527
-417
6
155
454
942
1227
1086
1093
907
751
1197
1354
1200
707
436
734
942
661
340
-230
-170
431
730
137
-247
-222
-326
156
260
-62
-134
218
387
462
431
237
251
373
135
-261
-563
-700
-298
-104
-408
-604
-602
-286
-110
-300
-655
-910
-916
-1044
-1168
-1501
-1653
-1584
-1155
-817
-726
-664
-567
-192
0
1
-24
89
270
492
758
767
736
887
1226
1547
1455
1431
1214
975
1045
1021
696
387
323
294
344
404
344
458
569
504
733
937
666
632
732
690
553
484
343
152
97
133
108
145
79
79
136
98
23
-147
-417
-688
-685
-877
-1143
-1271
-1443
-1551
-1373
-1449
-1398
-1496
-1719
-1548
-1144
-721
-507
-355
-220
40
462
613
527
471
390
363
480
318
189
193
181
251
349
319
206
111
29
-84
-209
-157
-97
-97
2
75
326
542
714
761
760
971
1086
1072
852
517
433
483
273
-65
-123
-58
-18
-10
-49
-309
-271
-192
-163
-165
-383
-677
-914
-892
-884
-969
-1078
-1070
-906
-547
-325
-252
-326
-199
-84
-99
-17
-119
-343
-416
-343
-190
28
96
-105
-296
-56
-21
-99
-361
-473
-428
-334
-141
-61
26
78
299
470
613
900
898
691
728
808
873
818
731
514
471
733
871
683
338
436
622
693
662
457
183
64
-43
-211
-197
-146
-199
3
118
225
445
859
962
965
689
559
668
619
260
-214
-283
-303
-132
-242
-397
-812
-900
-696
-629
-855
-1095
-1252
-1156
-1087
-1191
-1271
-1161
-1114
-1053
-723
-505
-393
-422
-317
-231
-197
-212
-160
-234
-304
-276
-268
-193
-62
4
124
351
507
436
377
334
325
398
400
285
232
201
219
293
238
178
348
728
772
703
676
710
940
1129
919
692
703
873
1054
1026
882
644
524
420
225
-99
-499
-525
-450
-622
-809
-979
-988
-898
-687
-777
-868
-752
-547
-394
-303
-338
-391
-351
-334
-368
-459
-580
-543
-422
-399
-315
-115
26
136
228
129
273
423
486
383
215
78
233
474
329
153
131
350
539
622
448
351
572
789
896
704
442
361
436
472
482
306
110
209
281
191
-68
-123
-21
49
59
-96
-339
-401
-342
-406
-670
-896
-930
-856
-781
-903
-1041
-1147
-951
-737
-807
-1000
-1023
-818
-626
-558
-717
-672
-354
-113
-31
-113
-195
-138
239
470
436
268
185
359
550
618
420
151
94
359
498
297
61
45
387
628
599
488
452
599
849
881
601
438
495
472
527
375
292
355
442
431
359
218
231
314
334
110
-200
-287
-163
-14
-121
-371
-571
-464
-242
-126
-225
-364
-414
-265
-156
-179
-444
-497
-401
-232
-163
-238
-251
7
373
576
521
378
359
431
427
215
-18
-239
-276
-182
-117
-267
-352
-241
11
184
189
90
117
331
421
392
170
105
353
573
574
466
466
597
773
596
288
-57
-145
-190
-343
-645
-928
-992
-895
-646
-648
-825
-968
-695
-210
-38
-159
-225
-215
-28
214
89
-223
-421
-360
-179
14
-67
-368
-445
-255
-99
-141
-346
-571
-535
-380
-216
-184
-258
-268
-95
154
208
122
-78
-164
-104
-41
74
99
121
172
385
519
575
506
426
465
565
669
648
511
497
510
408
254
130
115
90
118
8
-56
-47
-31
-58
-143
-167
-101
-12
27
44
90
211
204
275
374
411
401
432
325
306
232
21
-158
-448
-623
-686
-724
-807
-904
-982
-951
-732
-501
-453
-541
-608
-464
-95
93
33
1
9
175
191
233
308
418
409
449
591
547
451
352
273
244
311
318
191
110
174
398
532
650
699
593
555
600
658
675
525
292
175
321
327
172
85
76
186
293
319
192
155
84
133
170
-1
-130
-282
-431
-331
-239
-231
-431
-611
-738
-729
-752
-901
-1046
-1115
-1035
-956
-932
-874
-764
-644
-437
-304
-218
-107
-162
-316
-354
-336
-431
-630
-731
-744
-529
-349
-183
-63
-24
120
262
268
383
440
409
455
536
583
552
615
718
854
906
893
865
867
735
545
348
199
201
208
222
157
130
216
283
263
161
202
181
155
248
233
243
183
-28
-87
-173
-197
-133
-199
-324
-393
-401
-455
-502
-599
-653
-661
-679
-656
-615
-578
-569
-643
-627
-523
-373
-373
-382
-424
-530
-533
-377
-220
-87
87
200
503
768
844
808
723
756
876
796
700
582
478
555
608
503
480
430
398
372
328
316
272
191
122
83
42
25
-24
-62
-45
78
132
134
249
134
2
-86
-188
-245
-231
-255
-269
-217
-186
-260
-315
-374
-432
-470
-426
-413
-439
-579
-693
-701
-685
-645
-666
-614
-533
-300
-242
-212
-229
-181
-56
-76
-202
-109
19
119
221
134
198
285
477
581
582
432
373
449
427
326
268
261
355
437
518
510
402
377
395
411
313
285
258
209
291
257
144
26
41
81
43
2
41
59
119
189
166
186
138
78
100
119
-10
-92
-97
-85
-153
-143
-160
-168
-196
-273
-276
-275
-319
-495
-563
-548
-523
-562
-598
-595
-538
-513
-502
-432
-404
-331
-214
-172
-100
-159
-144
-83
-6
-26
-60
-81
-122
-196
-216
-148
-39
69
150
101
72
179
175
216
149
56
-19
55
132
194
145
182
222
284
273
236
196
78
79
37
15
29
-6
25
99
183
329
358
366
351
320
288
244
126
0
-173
-417
-509
-505
-471
-435
-438
-340
-118
64
85
53
115
267
275
225
150
9
44
131
189
225
232
271
389
485
492
407
315
215
227
280
347
256
134
76
41
83
90
32
60
103
184
237
83
-18
-114
-153
-183
-211
-142
-174
-275
-209
-99
47
128
71
42
74
63
71
-64
-241
-285
-286
-298
-362
-413
-429
-349
-268
-127
-79
-156
-218
-252
-272
-363
-456
-457
-436
-376
-305
-292
-252
-110
-34
15
89
143
142
131
188
226
286
300
238
276
301
295
286
292
253
199
131
89
68
35
60
57
12
59
130
203
251
191
130
70
-2
-121
-229
-361
-434
-468
-458
-418
-308
-208
-139
-54
28
57
114
191
222
163
47
-45
-162
-200
-195
-263
-324
-253
-106
-33
-102
-188
-185
-223
-217
-219
-301
-225
-41
102
137
202
289
346
418
497
482
409
371
370
388
468
393
413
463
459
471
499
470
436
441
376
366
283
178
84
-57
-113
-119
-71
-49
-114
-120
-62
42
86
37
-111
-202
-263
-292
-414
-545
-523
-444
-292
-191
-158
-206
-219
-226
-197
-207
-305
-385
-423
-395
-417
-490
-500
-480
-322
-235
-214
-279
-362
-425
-453
-477
-419
-394
-328
-256
-100
93
216
384
451
563
639
768
799
827
741
662
597
532
470
400
414
473
535
582
601
619
557
408
271
259
155
14
-192
-308
-370
-401
-389
-416
-389
-403
-370
-367
-376
-418
-404
-364
-233
-89
-43
-29
81
135
281
324
292
213
100
37
-139
-213
-332
-461
-595
-629
-627
-645
-747
-792
-745
-589
-396
-370
-335
-218
-122
-70
40
131
231
291
373
492
553
637
672
684
787
878
875
800
768
674
570
464
470
432
369
316
253
204
80
-46
-237
-346
-391
-405
-477
-459
-429
-408
-369
-318
-241
-223
-178
-187
-136
-84
-1
59
29
69
-4
-88
-35
-63
-206
-309
-385
-522
-656
-717
-809
-886
-880
-889
-932
-952
-896
-794
-607
-444
-280
-121
-12
103
205
326
441
446
523
689
851
1027
1079
1079
1070
1018
946
888
794
645
475
351
315
326
220
70
-27
-19
79
96
47
-7
34
125
162
155
147
110
119
243
271
256
247
254
323
372
319
290
288
262
148
72
-23
-86
-206
-407
-557
-567
-618
-685
-770
-856
-833
-743
-675
-703
-678
-596
-438
-382
-356
-309
-303
-173
-53
-17
87
179
183
290
421
428
426
417
421
416
343
279
193
110
-13
-67
-69
-66
-86
-97
-105
-22
44
45
36
48
19
-19
-76
-150
-242
-213
-202
-150
-106
-85
-45
-40
-9
-9
-65
-111
-144
-127
-99
-144
-118
-77
-77
-84
-146
-214
-224
-137
-119
-184
-253
-315
-241
-215
-220
-278
-280
-227
-169
-176
-179
-185
-141
-28
26
32
25
77
180
290
421
515
501
515
529
558
472
374
374
339
362
329
210
171
211
218
226
240
142
156
159
167
166
178
107
19
-12
-60
-73
-65
18
33
-17
23
128
179
239
156
39
-8
16
102
164
165
164
205
174
138
33
-100
-197
-194
-238
-373
-514
-583
-592
-572
-498
-505
-420
-288
-110
33
62
166
220
241
354
371
332
301
288
245
206
204
196
182
129
144
94
20
-54
-156
-214
-273
-248
-238
-250
-230
-276
-287
-224
-164
-178
-147
-191
-174
-133
-129
-86
-135
-131
-103
-67
-87
-96
-110
-10
30
24
-30
-126
-191
-235
-260
-261
-259
-291
-315
-352
-333
-324
-309
-287
-309
-223
-113
-81
-65
0
61
79
139
233
303
353
406
499
537
529
531
496
465
470
470
463
420
325
214
193
228
221
140
34
15
39
100
140
145
97
151
249
222
156
91
48
71
11
-101
-168
-197
-174
-169
-206
-268
-237
-248
-247
-236
-254
-253
-227
-109
-99
-162
-239
-261
-180
-182
-225
-271
-329
-295
-228
-275
-266
-259
-183
-111
19
82
83
78
132
250
282
242
223
287
266
251
241
191
190
265
290
303
345
354
395
384
310
251
154
125
115
131
112
116
142
173
164
117
15
17
54
-26
-42
-101
-116
-184
-186
-165
-208
-242
-258
-269
-350
-408
-404
-443
-361
-236
-219
-284
-379
-378
-379
-352
-302
-298
-278
-222
-174
-171
-165
-152
-159
-73
30
116
115
54
57
70
107
124
126
176
211
293
299
289
266
203
189
243
296
253
224
223
234
228
328
353
371
373
419
453
461
448
355
310
238
175
100
-21
-41
-66
-144
-151
-200
-320
-370
-390
-431
-472
-548
-589
-581
-551
-460
-359
-253
-281
-253
-208
-90
-46
-37
-29
-92
-138
-184
-187
-183
-195
-222
-213
-228
-175
-133
-85
-86
-115
-111
-125
-180
-242
-306
-283
-214
-163
-13
117
194
231
301
397
489
584
687
667
630
639
572
544
512
443
377
376
416
326
262
191
185
134
46
8
-84
-74
-70
-116
-153
-94
-57
-45
-63
-115
-78
-25
-33
-50
-94
-132
-108
-45
-13
42
52
-6
-91
-195
-280
-322
-370
-396
-411
-415
-373
-374
-372
-361
-349
-354
-283
-237
-196
-152
-150
-133
-121
-42
99
204
337
452
461
505
551
544
559
515
462
345
255
174
133
66
70
83
98
114
136
195
203
245
234
225
189
168
188
195
172
63
106
135
126
118
44
-10
-101
-99
-132
-135
-191
-244
-339
-381
-394
-372
-358
-357
-297
-266
-284
-296
-298
-353
-314
-327
-281
-234
-173
-162
-156
-182
-182
-192
-167
-132
-112
-85
8
49
15
-31
-48
-28
-7
64
91
47
97
192
191
164
102
122
122
162
177
120
93
81
124
156
127
85
127
55
18
16
-34
-78
-141
-156
-143
-173
-238
-333
-378
-364
-315
-307
-264
-263
-213
-157
-86
-56
-53
-30
-26
75
90
118
156
181
134
150
153
84
51
29
61
76
84
47
64
35
11
75
138
267
302
388
457
497
459
458
492
477
423
348
349
314
288
293
282
267
284
252
216
159
132
136
69
61
-30
-89
-97
-104
-188
-237
-286
-335
-360
-378
-345
-396
-434
-361
-329
-285
-185
-158
-92
-54
-8
10
2
-74
-40
-6
16
-45
-122
-141
-163
-170
-201
-195
-197
-161
-146
-110
-149
-146
-82
18
15
-60
-110
-104
-39
47
52
35
106
182
236
254
242
286
344
366
409
401
330
285
209
120
-29
-185
-210
-212
-214
-222
-197
-128
-55
-73
-76
-82
-87
-109
-136
-143
-203
-225
-170
-95
-98
-59
-41
-29
16
14
36
77
78
98
76
-34
-162
-203
-165
-130
-122
-98
-90
-105
-108
-85
-104
-104
-125
-139
-115
-169
-211
-158
-64
4
44
118
179
247
292
276
252
261
257
193
186
124
99
95
88
167
150
195
131
82
70
44
-18
-21
-90
-87
-42
-31
-18
-30
68
96
87
52
94
79
63
33
10
18
-35
-29
-33
-84
-36
7
-26
-11
-46
-127
-188
-155
-162
-182
-202
-146
-122
-113
-100
-62
17
54
123
113
111
156
210
166
140
96
66
99
131
136
68
21
64
67
67
67
36
52
89
104
85
44
90
97
97
165
158
154
175
167
183
145
110
84
9
-25
-65
-75
-90
-3
43
42
44
-18
-76
-149
-191
-213
-223
-256
-284
-335
-386
-400
-382
-354
-360
-278
-271
-308
-267
-205
-173
-138
-139
-105
-86
-110
-124
-150
-121
-17
6
3
11
11
14
-40
-21
-44
-53
-91
-34
50
83
136
147
253
289
265
250
253
335
368
358
314
185
122
132
106
75
63
86
122
149
145
128
95
95
131
123
136
132
116
50
32
-21
-80
-157
-129
-102
-177
-179
-198
-159
-193
-227
-241
-221
-266
-289
-224
-172
-110
-26
36
18
24
68
114
104
114
91
105
96
121
166
111
137
119
108
63
21
14
-26
-26
34
76
30
42
57
