100
-18
20
-16
2
15
113
125
40
-52
52
-10
-67
-68
-26
-58
-65
-63
-65
-9
6
138
59
58
-75
-91
-111
-177
-204
-169
-50
69
56
121
145
69
30
55
174
54
190
7
-98
-169
-201
-26
-113
-146
-177
-288
-334
-261
-362
-267
-57
-41
135
130
-115
-82
-66
14
-43
-126
4
197
287
224
164
132
167
204
207
182
300
270
238
168
123
48
113
193
139
186
282
424
327
106
-156
-90
-250
-93
6
89
134
123
51
-113
-26
61
150
55
-15
-79
-48
35
-88
-229
-412
-393
-214
-91
-123
-250
-162
-139
-154
-43
19
-78
-28
-208
-195
-147
-188
-87
9
-2
28
41
207
303
182
297
302
223
208
188
87
193
187
270
154
54
187
149
46
41
6
-108
-150
-48
105
155
125
38
-189
-310
-201
-100
75
131
125
-53
-67
-37
21
-21
-92
28
-41
117
264
282
378
173
-15
-127
-294
-298
-254
-152
12
58
11
-35
-171
-282
-290
-168
-114
-74
89
18
-85
122
26
70
33
-174
-206
-204
-79
-2
-126
-108
-21
14
89
-92
-118
-110
-291
-256
-219
6
87
-44
-90
99
-8
-140
-137
-228
-156
27
89
33
-108
-225
-107
-138
-11
29
14
1
-63
0
2
-103
-31
83
185
160
67
-45
-132
-240
-137
-62
-134
-93
-150
-76
-68
-41
-104
-128
1
96
132
175
197
175
162
152
115
-51
-42
174
246
193
240
166
177
160
18
39
178
361
465
307
234
154
-3
6
127
254
330
115
93
48
-129
-196
-78
-14
96
162
199
298
126
258
232
63
-50
-18
-30
188
126
166
85
-137
-183
-212
-229
-259
-154
-155
-183
-368
-253
-150
-126
-147
-135
-63
58
4
-88
-46
-119
-50
-143
-236
-65
109
38
-76
-165
-207
-238
-119
261
255
145
240
177
161
142
-108
-110
-87
-153
-67
-33
46
12
-97
-125
-168
-190
-179
38
-5
-1
-87
-20
-43
-50
57
-55
33
-50
-123
-90
-52
-50
-65
-201
-164
-221
-297
-248
-16
91
-15
-31
56
97
46
82
87
65
122
204
263
245
264
325
269
192
229
166
293
311
154
101
85
100
124
230
362
315
149
135
146
112
34
-26
-30
-145
-86
1
23
-1
27
39
7
-36
-34
8
-118
-168
-356
-289
-236
-139
10
90
38
-115
96
-43
-178
-290
-372
-318
-285
-385
-418
-232
-221
-376
-391
-306
-274
-98
37
24
2
-47
-168
-79
-147
-151
-25
139
206
206
104
13
-186
-175
-112
10
139
98
72
37
105
92
-38
-141
64
189
233
391
317
191
118
-6
2
146
261
329
234
215
243
184
35
34
-70
58
111
130
265
190
142
44
-38
-63
-74
-49
40
-27
41
72
-138
-88
-150
-154
-48
112
40
92
153
190
115
-157
-141
-30
130
180
106
-105
-132
-180
-197
-271
-166
-19
60
160
0
-104
-141
-9
-58
55
77
249
201
76
45
31
117
79
13
156
174
61
2
-38
-3
77
16
17
117
165
231
110
32
-109
-301
-445
-287
-129
-81
-31
-48
-289
-345
-284
-377
-372
-246
-226
-136
-86
-101
25
-104
-255
-188
-64
-125
-185
-1
145
178
8
-136
-153
-209
-109
34
133
204
182
100
-63
-207
-241
-257
-16
118
27
4
-148
-35
-79
-148
-247
-262
-55
126
208
148
191
222
209
-58
-10
-8
45
162
258
246
150
80
66
119
156
155
220
339
196
97
-66
-51
-39
-131
-43
66
133
213
224
-1
3
103
131
8
5
10
-83
-14
97
31
71
182
236
294
221
134
69
-13
38
39
27
14
-52
-44
-63
-4
56
16
80
89
11
51
31
-63
-75
-73
-25
15
-66
62
187
319
278
247
217
213
-65
-61
-120
-291
-167
-212
-139
-180
-127
-229
-315
-152
67
182
144
79
-65
-73
72
-2
-32
58
72
61
-87
-13
101
185
15
-16
-48
-7
12
-139
47
78
-119
-200
-244
-118
137
211
87
92
211
152
-8
-158
-153
19
-52
-132
-127
-155
10
112
68
-168
-106
-208
-281
-211
-156
17
140
47
-11
-86
-175
-244
-287
-130
-215
-329
-303
-204
-244
-226
-174
-145
-70
-128
-126
-250
-142
-110
-26
84
-13
-59
-61
-251
-229
-99
-100
-96
-145
20
-22
-94
-218
-231
-84
174
264
131
22
-137
-19
86
98
121
250
97
74
-25
17
109
99
109
123
271
177
238
229
308
293
406
261
199
131
118
19
-4
13
17
100
87
225
257
157
24
-15
66
42
56
193
239
167
139
105
-36
60
29
-84
75
104
160
75
-78
-67
-77
10
194
194
223
113
30
123
73
30
45
74
27
-104
24
12
-77
-9
90
110
95
96
236
257
358
235
109
141
32
8
-75
-20
-9
-19
-88
-149
-192
-260
-270
-316
-236
-320
-387
-429
-165
-42
3
-121
-143
-118
-250
-294
-288
-175
-124
-49
-32
-12
-92
-116
-212
-174
65
152
76
-26
-73
-79
-66
-77
54
272
318
144
-24
-200
-323
-328
-330
-207
66
156
135
98
-116
-221
-109
-52
-102
-246
-192
-155
-18
-32
-50
-47
53
81
-77
24
35
197
282
261
97
-66
-173
-113
-78
-109
13
65
-16
90
18
-122
-48
-103
5
103
52
-19
-105
-164
-20
29
130
163
95
165
155
17
78
173
256
199
2
63
-20
9
180
116
155
129
85
-5
-46
-18
233
391
340
239
318
282
102
124
158
202
158
247
180
176
145
173
116
-18
-32
85
129
89
111
105
199
46
-95
-149
-163
-236
-251
-303
-434
-537
-411
-325
-124
-104
5
96
-62
-133
-226
-135
-72
-84
-33
71
87
-100
-125
-109
-97
-37
-29
-10
-17
-93
-108
-24
58
40
-48
-286
-223
-205
-220
-137
-112
-77
-59
-16
-77
-91
-37
-123
-56
269
275
251
187
-6
33
77
59
16
64
155
114
70
-91
39
-59
-170
-144
-185
-97
-49
-69
-68
-122
-281
-317
-300
-27
52
130
164
170
69
14
-8
79
162
157
188
151
246
250
277
76
-85
36
66
-13
129
229
210
104
-123
-224
-334
-271
-223
-102
-120
-117
-112
-81
-26
-78
73
107
-10
-46
29
56
217
265
218
221
61
19
30
4
224
220
63
134
155
196
14
-41
-90
-112
-115
-107
-81
-85
-49
-115
-79
-131
-142
-154
97
235
182
157
80
-13
-161
-110
-135
-70
-45
23
43
197
-7
21
143
1
30
61
191
322
259
212
90
-28
34
31
96
-71
-98
-108
-30
112
101
-26
-14
77
45
63
99
27
125
196
127
132
91
-6
-17
-115
-57
16
96
92
-74
-61
-116
-251
-115
-31
54
46
113
207
136
-43
-205
-197
-307
-235
-143
-162
-211
-215
-257
-143
-74
58
-8
-185
-170
-114
-207
-228
-185
-107
-78
-32
-109
-130
-69
-101
-121
-173
-289
-228
-74
12
26
-2
90
2
87
91
153
159
26
27
-4
47
-1
-119
-176
-181
-214
-123
-176
-78
-139
-249
-144
-80
113
-20
-44
54
85
-3
12
39
179
187
79
175
263
261
138
167
197
105
88
-38
-118
4
113
291
358
303
238
164
18
-67
23
-27
97
47
-78
-218
-205
-65
6
151
177
201
160
134
0
-16
-13
-99
-29
118
283
274
227
86
-48
-167
-226
-195
22
210
154
130
2
-124
-64
-94
-46
-56
27
51
102
218
335
64
-111
-131
-33
45
125
315
218
192
51
36
-128
-171
-126
-170
47
106
192
144
48
-88
-298
-184
-233
-276
-163
-153
-215
-186
-15
-28
11
99
145
199
194
270
144
-89
-68
-66
2
56
194
95
32
-58
-35
-16
-18
56
-47
20
-68
-98
-12
-94
-266
-126
-90
-57
-147
-215
-127
-55
-134
-220
-134
-17
63
81
50
72
87
7
11
-7
16
-73
-23
-28
-140
-118
-139
-276
-283
-225
-58
10
176
291
150
115
-119
-276
-363
-300
-113
-8
103
51
-82
-153
-177
-206
-196
-64
76
196
194
247
105
-46
-82
-79
-57
-105
60
59
1
25
78
-43
-82
-119
-246
-217
-129
5
39
-13
97
-44
-124
58
97
173
204
171
149
-86
-104
-17
59
86
152
148
21
9
-171
-99
37
140
221
288
251
294
418
364
242
69
61
104
184
119
247
412
224
150
82
240
392
243
138
-27
-6
82
-7
-8
88
96
-178
-213
-141
-252
-69
7
-152
-117
-106
-168
-146
-237
-357
-234
-56
-14
40
14
115
255
266
255
16
-72
-7
-42
-106
1
91
206
181
48
-123
-235
-27
87
184
127
20
-149
-163
-223
-240
-159
-204
-190
-96
25
-18
-105
-100
-21
-25
141
152
8
-101
48
169
12
138
89
2
-15
91
68
-8
43
-25
59
33
-45
-195
-257
-227
-38
-63
-218
-292
-241
-224
-181
-80
-148
-174
-111
-35
-80
-74
-81
-213
-266
-182
-194
-152
-168
-74
39
-36
-70
-201
-155
-67
-35
158
224
227
90
-33
-139
-289
-403
-394
-185
-106
-39
-58
-29
13
-21
30
50
28
9
88
203
291
269
68
-39
-75
181
291
285
273
281
316
276
117
13
127
204
304
240
212
219
226
336
328
233
245
176
188
200
204
196
93
49
134
10
-15
61
-34
43
61
14
-52
-89
-36
55
10
23
31
-115
-181
-94
-175
-106
-149
-224
-201
-225
5
85
116
177
82
-163
-246
-111
-69
75
133
105
62
88
-91
-177
-185
-121
-38
-108
-152
-246
-200
-191
-197
-266
-210
-239
-34
46
130
223
191
26
-19
-103
-17
166
126
185
206
57
-8
-156
-187
24
102
181
331
134
37
28
-50
63
138
-32
-50
-53
-165
-162
-213
-277
-147
9
-110
-209
-140
-128
-45
-49
57
104
47
81
-41
-14
-43
39
63
-68
-90
-65
-3
-7
-16
-73
-135
-118
-165
-126
-338
-406
-283
-250
-289
-192
-72
41
217
196
256
307
314
367
318
218
121
59
-71
-160
9
75
156
217
166
196
94
-41
133
45
26
142
11
108
26
-115
-90
-99
-73
-110
-45
120
194
259
232
192
195
50
111
136
-9
-33
127
200
14
-124
-151
-187
-163
-177
-244
-306
-105
-138
-119
1
26
-112
-198
-184
-328
-283
-155
35
197
204
93
253
249
164
93
21
-33
-7
204
55
-95
16
128
80
5
-13
-51
52
125
26
-65
18
-37
-155
-144
-227
-184
-17
10
-76
-69
-67
-62
-50
3
26
0
130
173
130
216
279
64
45
95
152
201
357
254
113
201
155
59
151
180
19
-107
-98
-174
-247
-174
-183
-249
-249
-314
-324
-277
-79
-131
-12
57
60
80
-38
-98
-170
-125
-149
-124
-219
-191
-154
-115
8
65
138
279
275
337
376
112
-2
12
-29
67
75
54
-64
-284
-190
-36
-94
-26
55
-156
-134
-92
-62
73
-2
-38
-107
-232
-172
-220
-241
-252
-284
-277
-272
-153
-41
45
-75
-241
-193
-217
-264
-93
-43
2
181
246
365
353
199
277
166
2
176
285
288
353
367
331
280
120
88
82
152
184
105
113
26
102
116
254
189
191
217
214
122
128
87
-29
65
-11
28
79
161
286
136
139
185
-32
-15
111
213
156
-104
-95
-115
-165
-148
-149
-59
-148
-194
-200
-278
-171
-122
-333
-185
-95
-285
-291
-226
-102
54
113
91
-55
-168
-149
-247
-222
-137
10
28
88
61
-178
-274
-304
-194
-59
1
122
38
133
11
-17
82
158
228
94
132
128
-24
-49
8
-170
-157
36
71
146
171
-25
-106
-37
-133
-102
-119
-140
-5
27
88
-216
-438
-383
-311
-212
-151
-136
-103
-75
-5
-51
-104
-61
68
175
179
175
179
233
267
143
59
135
249
149
180
193
311
335
225
118
184
87
101
56
26
59
-19
-5
-9
76
-2
79
96
132
25
-154
-169
-176
-180
-84
9
118
175
125
109
27
68
84
-33
-159
-127
-68
-100
-96
-118
-138
-142
-24
-49
-28
-32
-106
-240
-285
-283
-144
-35
-73
-161
-129
-129
-184
-179
-154
-22
49
159
326
193
203
289
230
243
131
173
233
181
225
100
-58
7
10
97
124
28
156
120
-22
-113
-99
-4
-217
-229
-133
-127
70
213
53
-113
-211
-299
-359
-202
-280
-161
-58
-80
5
-70
-142
-145
-89
-159
-166
-301
-130
20
-75
-59
-222
-323
-130
-45
-30
36
-3
28
30
198
171
38
-63
-106
-5
4
74
186
250
234
395
352
316
220
258
343
353
407
305
157
62
51
166
173
197
256
137
16
-37
9
129
272
248
170
60
99
-56
-77
-193
-210
-56
39
-51
-168
-269
-213
-150
-192
-54
-1
-17
11
118
131
239
144
92
9
-13
-135
-46
285
300
212
154
193
43
-63
-52
175
228
187
37
-139
-244
-277
-349
-322
-275
-110
-35
-88
-79
-213
-293
-309
-301
-187
-59
-164
-96
-259
-308
-306
-366
-346
-316
-320
-248
-132
-151
-26
41
71
115
105
45
26
-16
-116
-191
-207
-91
-144
-176
-253
-212
-82
-22
-99
-78
22
-68
-193
-228
-120
-61
-56
80
127
260
303
203
128
-11
27
31
8
210
335
286
355
185
53
206
165
83
183
252
261
446
249
-2
-1
91
82
-5
-56
-78
-114
-78
38
109
84
128
142
247
311
217
36
46
134
23
31
111
244
387
380
325
292
275
267
169
283
260
217
299
335
169
-103
-339
-330
-266
-179
-38
103
226
135
54
-175
-122
-63
-134
-249
-299
-175
-190
-149
-133
-46
-98
-130
-253
-323
-239
-186
-230
-232
-219
-108
-146
-165
-116
-95
-127
-201
-154
-124
-33
-173
-263
-290
-152
9
-61
-75
-38
-34
-13
67
7
-128
-211
-119
-210
-191
-138
-131
-200
-130
-147
-57
41
58
-15
-140
-134
-265
-240
-241
-1
167
150
139
56
60
-65
-56
-4
-24
44
101
35
-62
-4
-112
-138
-89
-15
-119
-151
-68
57
-7
43
35
-28
53
103
136
153
213
97
13
23
173
72
146
352
279
372
378
293
241
235
263
443
560
445
405
446
256
172
211
211
265
231
162
82
74
18
12
-59
-55
12
136
232
145
132
239
346
356
191
73
11
40
-3
-65
-99
-61
75
211
240
132
126
86
138
42
-40
-83
-107
-48
-155
-153
-306
-249
-283
-256
-146
-225
-134
-183
-120
-80
-67
-237
-259
-270
-252
-279
-306
-223
-187
-390
-374
-249
-260
-183
-240
-208
-138
-138
-173
-260
-295
-247
-282
-227
-196
-145
-20
37
-16
-128
-84
-65
3
97
65
160
159
175
62
-161
-131
-224
-90
33
8
-106
-67
-139
-78
-66
-51
64
39
168
46
10
33
-41
-101
-209
-121
-50
166
134
-95
-180
-23
-86
168
98
-1
41
64
42
71
-24
-53
-4
-129
18
45
53
60
62
16
60
49
-85
-59
-30
-33
-162
-55
99
-4
79
75
112
161
168
325
342
379
380
349
455
447
361
235
199
204
210
276
237
131
89
-4
54
48
83
40
100
56
68
-41
-59
-44
-79
-19
-14
7
-38
-15
-124
-140
-282
-111
-121
-101
-150
-150
-145
-36
86
81
52
-62
16
-138
-138
-127
-135
-155
-139
-173
-33
-37
-119
-132
-181
-141
-91
-54
86
190
143
69
143
162
-41
-2
62
65
91
-2
-47
-26
38
126
93
61
122
108
151
157
157
173
-43
-24
9
39
103
96
201
267
223
0
-150
-163
102
85
123
337
320
275
115
156
101
274
415
373
334
-50
12
-53
-24
-699
-843
-903
-532
-590
-537
-434
6
229
-216
-347
-321
-292
-511
-588
-704
-347
81
64
89
198
328
339
376
257
139
-11
-23
64
59
4
148
277
517
499
151
126
10
-157
-470
-573
-556
-321
-280
-314
-226
-82
-31
-219
-321
-60
79
38
-98
-54
64
92
52
-52
-122
-57
-42
-258
-206
-137
-97
8
-9
117
11
-4
59
188
156
6
44
247
364
209
78
132
173
209
318
395
389
214
156
87
200
333
267
191
164
-84
-111
-257
-243
-99
-71
-88
-176
-161
-142
-218
-321
-204
-146
-46
91
207
143
124
86
54
155
85
-32
17
90
222
295
333
248
111
208
224
394
536
377
246
294
236
176
232
284
310
442
390
191
84
-58
-181
-243
-161
59
55
156
164
65
-21
-208
-479
-507
-430
-277
-190
-203
-246
-342
-452
-488
-382
-384
-198
-264
-391
-502
-319
-369
-369
-324
-273
-262
-272
-227
-82
147
118
-41
54
122
4
-111
-269
-149
100
193
173
99
82
78
153
296
281
294
147
212
121
-203
-295
-185
-85
-72
-82
-108
-76
-87
-210
-239
-114
42
103
-37
-292
-229
-167
-157
-377
-417
-361
-358
-137
-8
95
-100
-118
-167
-192
-276
-99
-28
129
247
247
253
146
242
159
52
-5
250
113
286
279
368
345
483
412
526
668
521
479
418
519
600
687
646
749
800
795
744
449
393
402
298
207
231
224
183
272
215
116
-73
-190
-222
-134
-139
-247
-375
-332
-355
-344
-312
-422
-421
-572
-710
-842
-886
-1052
-1038
-1172
-1080
-983
-777
-654
-645
-745
-1071
-1404
-1432
-1360
-1100
-918
-634
-363
102
818
1517
2209
2724
3243
3556
3623
3700
3509
3161
3041
3007
2861
2748
2510
2438
2042
1361
402
-612
-1566
-2321
-2963
-3466
-3801
-3782
-3494
-3280
-3238
-3505
-3574
-3578
-3489
-3494
-3502
-3409
-3331
-3119
-2948
-2881
-2747
-2341
-2011
-1799
-1621
-1345
-1041
-661
-479
-122
346
916
1863
2885
4031
4970
5570
6166
6536
6058
4835
3900
3452
3068
2993
3141
3583
3952
3696
3128
2656
2113
1258
384
-433
-1174
-1706
-2276
-2705
-2837
-2957
-3218
-3615
-3802
-3948
-4152
-4501
-4670
-4284
-3936
-3483
-2937
-2442
-2160
-1998
-2084
-1896
-1970
-2016
-1803
-1548
-1178
-787
-311
-99
145
315
331
90
4
-190
57
753
1866
2865
4018
5132
5939
6437
6091
5380
4432
3549
2885
2573
2588
3167
3722
3846
3723
3289
2638
1783
728
-396
-1322
-2028
-2840
-3051
-3087
-3098
-3204
-3269
-3330
-3292
-3768
-4363
-4696
-4715
-4421
-4142
-3591
-2807
-1846
-1360
-1121
-1230
-1255
-1418
-1626
-1775
-1729
-1423
-1167
-862
-723
-528
-459
-348
-424
-707
-926
-1035
-652
98
929
1853
2905
4013
5148
5715
5648
5497
4989
4343
3576
3210
3073
3523
4236
4582
4489
3982
3367
2513
1261
-120
-1202
-2101
-2723
-2979
-3161
-3245
-3014
-2604
-2225
-2495
-3023
-3449
-3617
-3782
-4031
-4198
-3575
-2692
-1883
-1590
-1430
-1219
-1055
-1182
-1666
-1981
-2283
-2188
-1911
-1639
-1468
-1237
-980
-744
-622
-903
-1351
-1243
-870
-634
-303
186
1078
2133
3301
4367
5447
6052
5994
5875
5441
4945
4348
3922
3854
4426
4864
4848
4596
4206
3499
2519
1184
-292
-1503
-2516
-3231
-3541
-3670
-3499
-3258
-3084
-2974
-3101
-3520
-4004
-4278
-4427
-4563
-4449
-3930
-3148
-2491
-2293
-2212
-2048
-1687
-1494
-1725
-2316
-2470
-2481
-2564
-2274
-1945
-1641
-1214
-986
-984
-903
-715
-546
-224
-33
126
743
1617
2525
3376
4233
5076
5930
6255
6156
6020
5961
5786
5310
4954
4857
4942
4942
4679
4238
3560
2701
1647
457
-830
-1904
-2991
-3681
-3891
-3841
-3848
-3795
-3682
-3332
-3416
-3745
-4065
-4342
-4469
-4479
-4406
-3985
-3040
-2511
-2321
-2072
-1910
-1880
-1780
-1896
-1966
-1949
-1919
-1754
-1378
-1159
-903
-613
-229
137
411
485
751
1124
1307
1197
1506
1955
2601
3048
3316
3774
4442
4805
4788
4705
4510
4466
4141
3872
3529
3403
3282
3155
3163
3034
2420
1466
600
-257
-1169
-2288
-3128
-3611
-3488
-3351
-3462
-3311
-2894
-2495
-2518
-2956
-3453
-3658
-4185
-4282
-4016
-3430
-2786
-2292
-1884
-1549
-1466
-1497
-1533
-1492
-1458
-1465
-1144
-770
-569
-426
-189
165
661
983
906
737
788
896
606
509
688
955
1227
1388
1515
1766
2234
2542
2618
2580
2752
3174
3380
3552
3498
3850
4080
4081
4017
3689
3064
2490
1894
1286
492
-238
-835
-1602
-1884
-1987
-2217
-2481
-2221
-1774
-1816
-2097
-2459
-2815
-3151
-3205
-3233
-2767
-2113
-1743
-1383
-925
-591
-190
-395
-908
-1224
-1326
-1479
-1152
-1086
-1067
-759
-553
-325
-171
-381
-610
-490
-577
-919
-922
-1023
-842
-428
-283
-267
217
798
1606
2235
2089
2160
2499
2992
3532
4100
4296
4694
5158
5214
5078
4785
4043
3565
3069
2218
1109
-30
-1215
-1924
-2172
-2664
-2936
-3122
-2627
-1922
-2194
-2916
-3269
-3168
-3496
-3664
-3724
-3248
-2432
-1945
-1672
-1375
-1329
-1035
-904
-1377
-1691
-1897
-2014
-1802
-1718
-1866
-1650
-1261
-884
-627
-863
-1166
-1089
-1147
-1512
-1745
-1732
-1469
-765
-102
370
867
1353
1930
2509
2745
2791
2967
3491
4173
4681
5006
5265
5540
5761
5830
5414
4651
3807
2957
1826
729
-397
-1574
-2131
-2115
-2343
-2823
-2645
-1976
-1058
-1237
-1861
-2387
-2211
-2220
-2192
-2788
-3075
-2249
-1448
-1072
-899
-1175
-1231
-945
-1435
-1744
-2078
-2304
-2037
-1829
-2188
-2182
-1951
-1670
-1328
-1401
-2054
-2179
-1918
-1945
-1853
-1806
-2044
-1415
-378
62
514
1133
1647
2489
3045
2987
3015
3222
3486
4148
4571
4760
5135
5527
5625
5806
5418
4646
4038
3167
2238
1281
-108
-1008
-1122
-1481
-2205
-2478
-1975
-1265
-894
-1415
-2049
-2268
-1945
-2106
-2594
-3381
-3523
-2895
-2533
-2262
-2391
-2558
-2104
-2051
-2513
-2722
-2830
-3059
-2883
-2845
-3226
-3076
-2735
-2451
-1768
-1480
-1640
-1388
-1096
-880
-640
-710
-784
-63
634
897
1319
1820
2381
3135
3681
3732
3741
3924
4035
4200
4401
4632
5089
5566
5871
6036
5830
5187
4524
3612
2545
1295
-280
-1054
-1553
-2341
-2881
-2416
-1601
-1007
-709
-1244
-1898
-2382
-2688
-3000
-3519
-4278
-4295
-3501
-3039
-2876
-2846
-2810
-2199
-2205
-2806
-3012
-2942
-2978
-2945
-2705
-2612
-2200
-1613
-1365
-734
-338
-503
-573
-481
-316
-269
-286
-415
-12
491
693
1150
1556
1832
2215
2542
2817
3106
3094
3228
3495
3787
4023
4373
4864
5342
5571
5558
5204
4597
3753
2599
1160
23
-559
-1281
-2039
-2055
-1463
-1104
-1217
-1305
-1469
-1897
-2528
-2780
-2751
-3296
-3830
-4060
-3669
-2996
-690
-367
-1970
-2701
-1442
-1719
-3441
-4569
-5555
-4596
-2768
-1586
-1101
-1115
-819
-818
-461
-205
-808
-657
-453
681
-184
-624
-244
1080
1466
1054
1485
2226
3451
3671
3847
3708
4063
4172
4401
4752
4436
4275
4517
5080
5354
5247
4556
3654
3023
1827
656
-562
-1921
-2839
-3200
-2991
-2642
-2219
-1782
-1694
-1581
-1556
-1900
-2353
-2723
-3131
-3687
-3478
-3455
-3095
-2538
-1738
-1785
-1331
-1227
-754
-1124
-1629
-1970
-1163
-537
-1684
-1512
-1501
-504
-428
-686
-1404
-1273
-857
-802
-651
-912
-1135
-1570
-789
-74
64
245
1004
2070
2695
3129
3209
3363
3589
3403
3495
3389
3637
4127
4501
4915
4995
4745
4250
3584
2595
1553
242
-856
-1314
-1240
-1137
-996
-914
-824
-454
-743
-1218
-1997
-2653
-2762
-2610
-3579
-4066
-3550
-2767
-2149
-2694
-2990
-1822
-1125
-1404
-2348
-2584
-2699
-2293
-935
-3227
-3039
-2148
-1105
-1135
-987
-865
-1912
-1194
-689
-605
-1235
-1388
216
684
595
760
1540
2020
2744
3275
3106
3431
3433
3589
3730
4038
3913
4245
4811
4976
5524
5299
4709
3984
3296
2310
1245
272
-552
-662
-548
-672
-770
-1227
-1048
-1093
-1481
-1919
-2153
-2451
-2664
-2587
-3476
-3735
-3965
-2979
-3098
-2439
-2343
-1826
-1432
-2155
-2086
-2632
-2542
-2135
-2816
-2439
-2371
-2097
-2181
-2352
-808
-1589
-728
-1130
-717
-825
-252
-320
-321
656
338
750
818
2124
2458
3019
2850
3149
3264
3102
3476
3662
4112
4437
4920
5353
5683
5463
4621
3759
2747
1783
514
-542
-519
-561
-656
-899
-822
-876
-480
-326
-983
-1312
-1656
-1827
-1998
-2378
-3671
-3913
-3016
-2795
-1859
-2543
-2349
-1666
-1481
-931
-3190
-2753
-4392
-2513
-2557
-3407
-2733
-2244
-1134
-2015
-783
-1841
-1389
-1465
-1346
-1500
-1224
-986
-624
258
-118
1358
1489
1788
2555
2676
2319
2318
3017
3218
3444
3815
4225
5101
5241
5473
5362
4676
3720
2845
2242
1341
682
-256
-316
124
-373
-532
-492
-229
80
-104
-1001
-922
-1579
-2072
-2445
-2396
-3184
-2973
-2059
-2555
-1165
-2530
-1586
-2055
-942
-2699
-2807
-2291
-2352
-1996
-4749
-3195
-2768
-2048
-2822
-1754
-1667
-2337
-1456
-731
-110
-2312
-1928
270
1198
158
101
1024
1857
2672
2101
1933
2587
2705
3183
3605
4176
4562
5130
5817
6011
5932
5017
4164
3588
3001
1768
603
333
154
133
-26
-121
269
62
373
316
-108
-991
-1198
-1931
-2098
-2756
-3273
-3800
-2722
-1733
-2173
-2229
-2050
-825
-1762
-3078
-4123
-2232
-2629
-2825
-3557
-2609
-3280
-2427
-2886
-2136
-2446
-2341
-2141
-2290
-516
-1441
-1257
-1873
518
203
890
1365
1884
2313
1978
2116
2505
3478
3262
3836
4179
4841
5152
5581
5668
5963
5469
4524
3693
3217
2083
988
-80
-94
426
199
193
173
485
275
234
-586
-933
-1748
-2362
-2555
-2821
-3962
-3219
-2458
-2700
-3378
-3390
-1698
-2266
-2574
-3889
-2417
-2474
-2868
-3548
-3683
-3297
-4483
-3651
-2701
-2361
-3068
-2433
-1310
-1194
-1687
-1654
-488
-287
228
827
1393
1679
2166
2730
2977
3309
3260
4035
4140
4410
4947
5067
5761
6417
6565
6464
5952
5049
4096
2977
1745
547
20
-208
182
-1
-246
-301
-594
-749
-1029
-1442
-2062
-2362
-2757
-2550
-2657
-3735
-3993
-3482
-3324
-3871
-2981
-2822
-2731
-1765
-2550
-2801
-2150
-2095
-3706
-2989
-3176
-3784
-2968
-2626
-3206
-2711
-1867
-958
-744
-1291
-900
-42
-59
788
2007
2379
2742
3605
3807
3864
3836
3643
4139
4559
4794
5078
5911
6611
6855
6836
6224
5433
4351
3070
1852
866
-270
-818
-891
-1115
-1154
-1554
-1917
-1426
-977
-1557
-2226
-3042
-3342
-3741
-3143
-4133
-4906
-4276
-3207
-2935
-3262
-2992
-2558
-2334
-1659
-2856
-3061
-1398
-2768
-4514
-3613
-1481
-3227
-2891
-2825
-1770
-1503
-1106
-1515
-458
-405
-365
1238
1933
3034
2898
3805
4346
4980
4349
3631
4262
4529
4716
4670
5105
6078
6697
6587
6380
6189
5168
3353
1910
495
-788
-2194
-2725
-2203
-1597
-2007
-2441
-2200
-2001
-2643
-2932
-2737
-3128
-3834
-3924
-3412
-2840
-3025
-4896
-4406
-3051
-3183
-3256
-2709
-2647
-1863
-1104
-1726
-1970
-900
-3458
-2532
-1092
-2743
-3887
-3120
-1859
-1498
333
-1503
-1053
451
2454
2624
2492
2428
2974
4700
4940
4828
3594
3610
4226
4752
4478
4473
5074
5910
6834
6721
5868
4787
3341
1970
289
-1674
-2814
-3142
-2921
-2403
-2012
-2257
-2265
-1968
-2191
-2351
-2655
-3085
-3034
-3003
-3017
-2634
-3805
-4463
-3174
-3643
-3253
-2039
-1361
-2354
-1280
400
-1051
-1134
-2295
-1759
-1239
-1146
-2904
-1925
-759
-1579
-1408
-868
383
-321
847
1721
3038
3082
3506
4588
5274
5112
2998
2717
3296
3775
3712
4135
4851
6165
6721
6760
6510
5972
3956
1674
118
-1525
-3143
-4785
-5170
-4406
-3172
-3308
-3218
-2852
-2752
-3376
-3600
-3200
-3125
-3448
-3488
-2767
-2396
-3045
-5072
-3496
-2257
-3167
-3286
-1097
-1103
-631
978
-279
-1888
-917
-1314
-2054
-1753
-3210
-3128
-885
-794
-680
-339
-447
1093
4137
4945
4528
3934
3973
5390
4648
1719
1300
2263
2694
3611
4140
5276
7190
7975
7776
7463
5502
2455
-231
-2358
-4068
-5817
-6600
-5221
-3063
-2344
-2185
-2015
-2006
-1873
-2427
-3800
-4434
-3888
-3816
-3257
-2793
-3582
-3516
-3019
-2228
-1340
-2503
-2672
-506
569
-667
-793
-22
-430
-467
-2337
-2971
-2858
-2899
-3041
-2143
-1109
-1050
1733
4457
5802
5721
6173
6810
7574
6540
2685
647
342
843
1551
2808
4043
6196
8431
9119
8859
6794
3157
-385
-3019
-5262
-7189
-7766
-6549
-3898
-1430
-406
-204
-497
-372
-1573
-3438
-4315
-4809
-4796
-4066
-4046
-4448
-3608
-2886
-2724
-1775
-1444
-1794
-522
-615
-219
-767
-1468
-2296
-1976
-2569
-3266
-3592
-3985
-2539
-1641
-2265
30
4386
6296
7824
9359
9785
10114
8651
3612
881
-52
-1300
-1254
400
2439
5545
8560
9406
9709
7310
2386
-1742
-4793
-8064
-10137
-10364
-8224
-4174
-1224
25
1267
1672
1122
-606
-2700
-3593
-3957
-4851
-4251
-4034
-3632
-3113
-3508
-3351
-1598
-2145
-2209
-812
-595
-513
-850
-2171
-2588
-2752
-4533
-4777
-4438
-4454
-3685
-2322
536
4614
7252
8426
11093
13071
13644
11970
6766
2581
774
-1412
-3042
-2146
-232
3000
6565
8161
8390
6221
1450
-2853
-6190
-9516
-11997
-12271
-9703
-5005
-1504
401
2626
3805
2729
629
-1824
-3506
-4607
-5591
-5824
-4488
-3379
-2822
-2482
-820
-304
-656
-1201
-1122
-346
-712
-2132
-3018
-3499
-4589
-5040
-5467
-5208
-4456
-3665
-306
5028
7934
10125
13139
15423
16668
14431
8200
3954
1947
-1233
-3252
-3498
-2031
1242
4095
5342
5844
3124
-1830
-5728
-9014
-11904
-13881
-13473
-9127
-3092
600
2707
4623
6001
5414
2000
-1663
-4172
-6263
-8124
-7963
-7419
-6417
-4696
-3432
-816
1181
172
-196
873
1058
102
-1818
-3612
-3965
-4784
-6322
-6396
-6026
-5613
-1012
4659
8323
11908
15391
17534
19022
16064
8466
3635
446
-3191
-5538
-6152
-4518
-311
3011
4299
4833
1596
-3454
-7281
-10617
-13472
-15093
-13746
-7799
-684
3941
6761
9409
10366
9058
4857
580
-2995
-6748
-9855
-11435
-10937
-10510
-9678
-6890
-2857
-850
-419
429
2116
3267
2004
-347
-1542
-3214
-5392
-6812
-7229
-7179
-4131
2289
7517
11884
16359
19615
20956
19015
10926
3114
-1236
-5514
-9039
-10030
-8406
-4092
1140
3822
5099
3532
-1599
-5957
-9400
-12612
-14908
-13716
-7739
589
6771
9961
12158
13611
11764
6027
-354
-4611
-9299
-12156
-13875
-14190
-12740
-11329
-9318
-4750
-2201
-1773
-27
2065
3853
4481
2225
517
-657
-3791
-6296
-7134
-7968
-4155
3397
8497
14001
19706
22119
22271
17909
7253
-1159
-6501
-11867
-14151
-13328
-10077
-3454
2831
6362
7931
4643
-871
-4604
-7833
-10521
-11088
-7826
272
8378
13023
14711
14096
10706
5087
-2275
-9116
-13908
-17296
-16896
-14205
-11376
-9860
-7162
-3412
-20
701
1036
2443
4890
6175
5129
2905
215
-3391
-6970
-8934
-10453
-8805
-1333
5896
12065
18731
22888
23210
19754
8948
-1926
-8036
-13911
-17278
-15855
-11502
-4388
3233
7702
9816
7938
1509
-3198
-6234
-8903
-9327
-5709
2252
11414
16019
16455
14235
9897
2482
-6687
-14259
-17589
-19234
-17321
-13017
-8924
-5123
-2183
-253
1822
2344
1873
3698
5209
6085
5582
3072
-45
-3692
-8563
-11627
-12870
-11992
-4326
4494
10695
17833
23428
24350
21712
11823
-517
-7364
-13237
-17294
-16231
-12605
-6291
1475
6298
8282
6458
-392
-4978
-6704
-8281
-7560
-3515
4947
14947
19443
18784
14974
8032
-767
-9271
-15964
-18775
-18847
-15516
-8325
-3154
-1896
-1720
-788
518
646
91
1791
4834
6863
6776
4406
741
-4116
-9612
-12879
-14267
-13923
-6670
3439
10784
18357
24274
25437
22772
13171
-22
-7717
-13246
-17680
-16877
-12849
-6661
623
5477
7455
5846
-471
-5344
-6391
-6542
-4976
-462
7758
16704
20143
18206
12391
3780
-4820
-13289
-19769
-20363
-18215
-14125
-6040
-1480
-134
2009
2005
1414
2009
1004
2644
5677
5858
5042
3080
-1654
-5734
-10246
-14084
-14435
-12698
-4472
6119
11828
18328
24936
25198
21691
11255
-2194
-8326
-13312
-17711
-15946
-12098
-6844
622
4895
6236
4155
-2408
-4620
-2692
-2563
-289
4616
11947
19002
18807
13474
6461
-3362
-12080
-17267
-21176
-19735
-14733
-8788
231
4481
2896
3596
3173
676
-543
-1427
-231
3455
3825
2731
1335
-2581
-6508
-10095
-13232
-13712
-12219
-4102
7186
12902
18061
24628
25899
22350
12086
-2362
-9486
-13955
-18606
-17662
-13837
-8651
-1111
4577
6839
5660
63
-1759
1144
1962
3126
6556
12777
18541
17147
10387
2145
-7930
-15885
-19107
-21367
-20252
-13790
-5860
3385
7253
3701
3568
4928
2484
-206
-1224
-834
1998
2545
513
-1507
-5061
-8921
-10973
-12670
-13197
-11336
-1997
9512
14872
19380
25112
25854
21577
10014
-4599
-11367
-15885
-19787
-17876
-13594
-8106
-514
5600
8572
7155
1814
1082
4560
4936
5495
7871
12502
16271
12494
4824
-3812
-13256
-19431
-20708
-20076
-16465
-8791
537
9485
11319
7044
4600
3746
402
-3674
-4789
-3450
-909
531
-269
-1926
-4623
-7909
-10018
-11338
-12088
-10632
-1689
9656
14865
19029
25077
25925
21004
8848
-6790
-14020
-18229
-22014
-19488
-14196
-7728
935
7892
10915
9522
4571
3638
6618
6155
5722
6815
10050
12745
7910
-123
-8278
-16137
-20141
-18552
-16056
-10668
-1597
7130
14326
14435
6907
2463
-87
-4090
-6931
-7109
-5159
-919
1332
830
-306
-3344
-6851
-8988
-10887
-11903
-10140
-982
10260
15120
19620
25552
25210
18838
5568
-10135
-16343
-20136
-22879
-18356
-11887
-4689
4216
10496
12244
9501
3807
2987
5330
3891
3492
5021
8051
9792
3930
-3998
-10886
-17077
-18611
-15121
-10627
-3641
6064
13374
17707
14098
4791
-973
-4849
-8738
-10414
-8780
-4985
134
2714
2521
947
-2322
-5862
-8889
-11413
-11681
-9853
-487
10917
15307
19855
25855
24230
16837
3113
-12768
-18069
-20771
-22269
-16607
-9689
-1884
6783
12094
12709
9059
3304
2826
4379
2133
2004
3055
5664
6856
709
-6250
-11707
-16020
-15539
-10262
-6296
438
10172
15216
16673
11176
144
-4310
-6892
-10856
-10246
-7033
-3438
2626
4676
3054
1829
-1866
-5593
-8201
-11530
-12249
-9580
-209
10994
14962
19497
25882
23723
15827
1581
-14234
-18520
-20537
-21192
-14922
-8000
-337
8390
13119
12360
7872
2065
1912
3244
651
466
1613
4391
5400
-629
-6642
-11220
-13626
-11902
-6955
-2198
3901
11120
15457
15038
7220
-2482
-9091
-11164
-11452
-10956
-6272
-473
4276
7008
5596
2246
-1153
-5132
-9384
-11796
-12833
-11087
-1563
10027
15202
19717
25646
24172
16422
2617
-13287
-18569
-20364
-20544
-14511
-7581
-22
7667
12439
11913
7183
1952
1356
2538
409
-64
543
2989
3824
-1081
-5768
-9621
-11184
-8871
-3895
-278
4019
10848
13515
11525
4787
-5373
-9835
-10415
-11551
-9327
-4157
-252
5054
7315
4847
2761
-543
-4943
-8348
-11545
-13103
-11605
-3137
9018
14761
19074
25437
24862
17502
3670
-12862
-18542
-20027
-20388
-14368
-7459
-105
7558
12378
12300
7544
1983
1327
2306
35
-931
-660
1391
2763
-1406
-5397
-8363
-9240
-6943
-2421
1615
4683
9432
12326
9454
2385
-6454
-12917
-11671
-9758
-8198
-2072
2563
5949
8879
5685
1601
-1033
-5931
-10027
-11986
-13961
-11953
-1963
9070
14983
20356
25959
24580
16362
1717
-13276
-18245
-19835
-18868
-12846
-6283
923
7607
11997
11099
6117
2245
2192
2581
477
-647
-779
1236
1288
-2448
-5175
-7699
-7014
-4038
-388
2415
5150
8839
9893
5919
-1230
-8613
-12657
-11339
-9002
-5872
-388
3716
7234
8508
5336
2011
-1315
-6071
-10330
-12937
-14209
-12670
-3560
8646
14741
20081
26092
24642
16646
2082
-13121
-17633
-19209
-18763
-12609
-6188
811
7214
11039
10743
6205
2500
3125
3377
1053
-54
-717
708
421
-3489
-5603
-7390
-6335
-2926
826
3452
5427
8458
9233
4378
-2530
-9429
-13111
-10528
-8034
-4572
1483
4795
7699
8848
4650
981
-2325
-7664
-11111
-13521
-15354
-11759
-839
10114
15719
21440
26361
23329
13387
-2370
-15449
-18366
-19462
-16890
-10284
-4314
2466
8167
11099
9217
4582
2378
3912
3551
1028
-31
-651
619
-836
-4434
-6333
-7198
-4645
-974
2040
4008
6334
9075
8397
3048
-3958
-9659
-11970
-9773
-7292
-3532
1733
5145
7797
7625
3946
790
-2660
-7677
-11503
-13930
-14981
-10883
831
10834
16097
22720
26915
22464
10999
-5447
-16685
-18687
-20024
-16426
-9688
-3604
3599
8491
10516
8113
3546
2703
4930
3480
987
185
-648
364
-1969
-5593
-6834
-6899
-3510
98
2692
4599
6965
9001
7787
1878
-4417
-9232
-11215
-8498
-5806
-1914
3189
5941
7783
6841
2776
-194
-3891
-9209
-12609
-14182
-14696
-9022
3914
12812
18044
25016
26571
20362
7094
-9916
-17922
-19670
-19814
-14253
-7823
-1236
5026
8858
9999
6964
2792
3461
5398
2737
778
-847
-1165
-759
-3922
-6297
-7300
-5677
-1581
1834
3753
4762
7202
8835
5771
-531
-6095
-9661
-9118
-6720
-4758
0
4101
6265
7819
5096
1130
-880
-5400
-10084
-12658
-14691
-13722
-5175
7103
14138
19641
25797
25926
17406
1950
-13271
-18691
-20073
-18634
-12546
-6452
384
6055
9474
9152
5390
2640
4513
5626
2108
248
-1166
-1349
-1847
-4935
-6962
-7347
-4216
-265
3267
5402
5896
7606
7951
3206
-2897
-8486
-11622
-8902
-5603
-2307
2844
6335
7471
7639
3721
-341
-3289
-8459
-11731
-13570
-14743
-11551
49
11808
16974
22527
26852
23000
11456
-5301
-16756
-19156
-19629
-15278
-9388
-3424
2366
6531
9217
7512
4330
3357
6216
5187
1448
-709
-2559
-2212
-3814
-6074
-7093
-5637
-1418
1912
4551
5724
6825
7790
6373
1496
-3831
-7988
-9983
-7443
-4978
-1467
3570
6426
7143
6362
2701
-586
-3677
-8966
-12354
-14161
-14502
-10264
1774
12650
16953
22976
26977
21244
8616
-8163
-18207
-19204
-19935
-14953
-8724
-2581
3483
7230
9021
6889
4071
3954
7098
4905
928
-1075
-2998
-2755
-4847
-6784
-7238
-5102
-258
2577
4990
6275
6608
7477
5791
-23
-4772
-9100
-10274
-6135
-3311
435
5802
7845
7778
6464
1518
-1495
-5284
-11052
-13165
-13888
-13896
-5751
8230
14962
20290
26378
24703
15923
-633
-16460
-19817
-21131
-18261
-11367
-6185
978
4957
7763
8010
5301
3813
6058
6368
2637
-371
-3753
-3911
-4508
-6041
-6043
-5635
-1786
1867
3964
4995
5531
6420
5838
2606
-1724
-5651
-8485
-7186
-4937
-1565
2770
6270
7974
7246
4440
1236
-1563
-6605
-10959
-12579
-13422
-11347
304
12194
16134
22180
26804
21439
10086
-7854
-18809
-19034
-20334
-15012
-8969
-3490
2446
5659
7640
6054
3773
4349
7019
4730
1124
-2337
-4765
-4491
-6240
-6607
-6506
-4627
87
2294
3994
5296
5646
5815
4699
509
-3097
-7051
-9221
-5807
-3317
235
4839
7520
7908
6540
2900
125
-2911
-8315
-11430
-12048
-12586
-7450
5984
14695
18953
25576
25995
17928
3803
-13433
-18570
-19055
-18214
-11506
-6831
-624
3357
5853
6675
4874
3997
6182
6987
3232
-22
-4401
-5345
-5713
-7391
-6324
-5810
-2726
651
1868
3150
4231
5206
4269
2454
-673
-3733
-7117
-8079
-5611
-2563
1448
4761
7083
6696
4827
2210
-575
-4181
-8545
-11090
-11629
-11291
-4555
8571
15723
19521
25598
24674
14168
90
-15348
-18484
-18120
-16849
-9484
-4824
1072
4303
6571
6127
4652
4854
7041
7058
2422
-568
-4781
-5606
-6161
-7514
-5715
-4899
-1226
1406
2217
3502
3472
3893
3517
961
-1772
-5009
-8381
-6822
-4386
-1545
2512
5177
6104
5790
2913
293
-2084
-6431
-9493
-11255
-11216
-8883
1959
13396
17520
22874
26800
19704
7380
-8897
-18507
-17346
-17268
-11822
-6517
-1207
2769
5163
6215
4934
5077
6452
8651
4574
735
-3373
-6523
-5927
-7352
-5759
-3714
-1669
1644
1854
2159
2674
3126
2834
2024
-454
-2352
-4859
-7684
-5364
-3539
-133
3577
5176
5414
4601
1792
-392
-3404
-7853
-10605
-12103
-11374
-6754
5440
14954
18928
24585
26258
15893
2261
-13162
-19273
-17061
-16640
-10266
-5218
343
3640
5518
5554
4788
6149
7909
8688
3155
-643
-4619
-6711
-6211
-7693
-5031
-2562
279
2252
1514
2886
3065
3235
2489
762
-1473
-3555
-7068
-7276
-3756
-1296
2815
5409
5533
4999
3354
-28
-1466
-5574
-8819
-10156
-11512
-9751
-473
11817
16961
21337
26449
21574
8674
-7314
-18670
-17525
-16852
-12441
-7414
-2647
1656
3269
5086
3666
5203
7320
9662
6153
292
-3456
-7555
-7077
-7540
-6461
-2992
-414
2461
1607
1524
1773
2380
2360
695
-398
-1976
-3803
-6494
-5137
-2851
534
3764
5037
4505
3826
2049
-77
-1993
-6453
-9137
-10152
-10802
-5961
6829
14425
18088
24796
25376
15518
1299
-14448
-16940
-15393
-14137
-8639
-5275
111
1901
4274
3512
3469
6037
9119
8479
2169
-1640
-6746
-7445
-7185
-7748
-4117
-1620
1925
2447
565
1553
2069
2565
71
-1178
-2159
-3637
-6617
-6958
-3352
9
3921
5359
5517
3630
1985
-295
-2041
-5075
-8793
-9856
-9676
-8972
1503
12990
17632
22820
26527
20083
7720
-8381
-17753
-14570
-14193
-9303
-6304
-2247
967
2341
3893
2984
5613
8996
10593
4844
-484
-5185
-8584
-7225
-7931
-5287
-1417
1164
3336
938
983
905
1706
1371
-1867
-2567
-3243
-5108
-6366
-4356
-2318
2578
4753
4561
4337
1616
-278
-1050
-3780
-6530
-9336
-10176
-9963
-5830
7637
15711
18952
24593
25345
15001
1256
-14377
-16731
-12741
-11910
-7738
-5317
-956
736
3248
2819
3396
7355
11132
9894
2230
-2132
-7044
-8006
-6833
-7416
-3230
-60
3239
3350
68
1422
2293
2341
-213
-3110
-3397
-3947
-6868
-6888
-2865
356
4525
5830
4970
3140
190
-1603
-3176
-5841
-8702
-10423
-10196
-9585
792
12972
16750
21387
26003
20405
8336
-7449
-17357
-13280
-11727
-8053
-6278
-3624
-1042
802
2729
1698
5145
9234
12244
5566
-836
-4868
-8980
-6717
-7062
-4876
-199
2605
4284
1490
450
674
1971
1709
-1925
-2791
-2882
-4139
-5956
-4257
-1710
2743
5796
5130
5031
2010
-1116
-2001
-4636
-6809
-9966
-11266
-10456
-6104
7734
15371
17871
24315
25267
15501
1533
-14105
-16188
-11252
-9466
-7095
-5689
-2778
-1158
2354
1331
2636
6805
11452
10405
1240
-3224
-7792
-8326
-6661
-6908
-2507
1428
4264
4015
346
-224
1423
1757
-518
-3156
-4713
-3222
-5395
-5792
-1642
1529
5412
7189
6008
4044
708
-2562
-3643
-5922
-8763
-10948
-10491
-9501
-853
12619
17766
20564
25671
21953
10185
-4130
-16389
-12929
-10089
-7583
-6612
-5275
-3245
-1774
2282
988
4759
8783
12200
7228
-1603
-5060
-9212
-7359
-6822
-5359
-505
2071
4938
1770
-736
-819
554
1065
-2224
-4913
-3843
-3141
-5185
-3698
-968
2855
6558
6455
5117
3394
-1079
-2838
-4342
-6959
-8989
-11279
-10696
-7735
2636
14503
17491
21109
26286
20209
8659
-6988
-14974
-10420
-9381
-6388
-7600
-4871
-3820
-726
2267
963
6180
9485
12472
4727
-2256
-5660
-8416
-5267
-6571
-3628
158
2663
4045
991
-1271
-2048
869
-617
-3475
-4714
-4905
-2876
-4637
-3274
373
3965
6560
6059
4395
600
-1876
-4256
-5323
-7418
-9882
-10573
-10149
-7392
4626
15048
17351
21663
24983
19259
7020
-8355
-13367
-10301
-8515
-6045
-7934
-4785
-4424
129
2305
1858
6575
10466
11613
3405
-2285
-6281
-6433
-4105
-5073
-1631
1044
4284
4258
-300
-2544
-2435
-79
-1888
-4140
-5766
-3216
-2626
-3915
-1767
846
5130
6748
5412
2543
-72
-2731
-4237
-5186
-7909
-9070
-10831
-10439
-6688
4954
14762
17045
21993
25121
18639
5450
-8710
-12689
-10106
-8202
-6811
-8799
-5290
-4605
408
1764
1717
7343
10469
10838
2053
-3539
-5756
-4828
-2743
-3250
-62
2685
5052
2832
-1589
-3630
-2618
274
-2237
-4178
-4814
-3532
-2390
-3962
-1378
2729
6448
6930
4572
1027
-1309
-3044
-4092
-5230
-6742
-8304
-9970
-10483
-8182
5010
14243
16851
21211
24809
18563
5526
-7802
-12891
-10144
-7224
-7326
-8810
-5940
-5241
251
547
1390
6400
9953
9866
1099
-3625
-5213
-3782
-1374
-1645
688
3565
5267
948
-3311
-4789
-3377
-365
-2522
-3842
-3497
-2447
-2081
-2773
-520
4291
6950
6970
2741
-369
-1747
-2795
-2985
-3882
-4465
-6591
-9558
-11015
-10506
6
12511
16042
20034
25076
20565
9379
-3718
-13103
-9919
-7484
-6896
-9068
-6536
-4138
-1232
634
-682
3627
7130
8903
1299
-3243
-3305
-2943
1044
-72
1252
4059
4884
916
-4211
-5350
-5210
-1746
-3030
-4430
-3185
-2491
-1802
-2795
134
4769
7456
7338
1726
-782
-1671
-1810
-1824
-2917
-2994
-5787
-8371
-10903
-12105
-3421
10355
16157
19150
23471
20764
13055
141
-12191
-10821
-6994
-3992
-6924
-6774
-4035
-2026
472
-2827
-369
4471
8033
1972
-3295
-3175
-2637
2106
1461
2288
4802
4942
1109
-4507
-6043
-7370
-4239
-3276
-3627
-2987
-3003
-1816
-1148
1348
4340
6890
6967
1232
-1996
-2434
-1771
-1152
-2007
-1995
-3775
-6607
-11170
-12609
-9213
3812
14832
17677
20693
21669
19117
7924
-7142
-10603
-8382
-3514
-4411
-6914
-1506
-2880
-1190
-3432
-3208
-576
2290
4504
-616
-626
-2691
1256
4498
3611
5082
2970
3322
-1302
-6185
-9136
-7624
-4028
-3667
-3752
-4056
-987
-439
1185
3343
5584
5667
1793
-1540
-1910
-1817
-815
-504
-1872
-2918
-5272
-10075
-11579
-10859
-3178
9990
16431
18627
19242
20351
12182
-245
-8142
-8756
-5074
-735
-3240
-1842
-1067
-2907
-3699
-5969
-3647
-3023
3416
2803
187
-647
-243
4725
4961
6269
2483
2938
2426
-4977
-7901
-9254
-6130
-3636
-2740
-3348
-2332
536
1852
2724
3619
3334
1446
280
-897
-2061
-812
440
-1317
-1922
-4492
-8021
-9611
-9749
-7614
299
11124
16346
16593
18496
15863
7773
-705
-7110
-6573
-1482
1669
-506
270
-2334
-5706
-7607
-8003
-7085
-3268
4405
3667
1279
1104
2382
4796
6081
4436
2361
4107
-388
-6081
-8864
-9030
-5740
-3169
-1428
-2332
-154
3201
2632
862
77
95
1119
1088
-1236
-1367
245
166
-1945
-3607
-4453
-5867
-6973
-7037
-6651
331
10362
13630
13245
14058
13070
7882
233
-4320
-3570
2171
4698
2169
-294
-4455
-6889
-10398
-9296
-8624
-2804
4775
3998
2751
350
2622
2986
4765
4722
1828
2194
-398
-5277
-9094
-7444
-4818
-1267
887
602
2088
2836
412
-3334
-2997
-436
419
943
-2
-907
-652
-1417
-2756
-3072
-1351
-1472
-4108
-5527
-6167
-1187
5388
8004
8090
9516
12387
9228
3598
-231
334
4691
6615
3444
-1712
-4224
-6332
-8630
-9552
-7164
-2079
2634
4706
1584
-1366
-122
1966
3325
2148
235
-295
-1372
-3738
-6098
-5492
-1727
2629
3918
3913
2508
-369
-1002
-2894
-2984
-1861
238
1004
-24
-1388
-3060
-1646
-831
850
770
420
-789
-3462
-4509
-5776
-4001
-549
1193
3004
4416
5802
5807
5150
4716
4086
2921
688
-872
-2311
-2485
-2667
-1442
919
2550
4189
3553
1234
1135
2557
2846
1864
188
-1807
-3093
-5312
-6484
-5435
-2332
1751
3265
4088
2070
-210
-1053
-1926
-1377
272
1715
2276
1211
-1456
-3043
-2671
-985
646
621
-383
-1299
-3924
-4816
-7016
-7845
-5629
-5366
-2366
368
2050
2898
3114
5553
5798
4023
490
-3200
-2797
-1488
-227
1281
4352
6715
7679
7296
4559
4400
5460
6660
6168
4403
1816
-71
-2301
-4707
-5206
-4144
-161
1404
1160
-1296
-3267
-3612
-4313
-4645
-3410
-1837
-120
-158
-3023
-3789
-3714
-1222
562
413
-165
-1038
-2253
-4641
-6853
-7547
-6485
-5304
-3333
-753
1530
4314
4779
5172
4238
2863
2328
-1348
-2604
-3291
-1384
1895
4649
7050
7153
7293
6956
7525
6480
5792
5899
5269
4509
2347
-289
-2282
-2367
-1346
3
37
-502
-1996
-3273
-4384
-6221
-6094
-4787
-3649
-2829
-2136
-3662
-3211
-2833
-1837
234
273
437
-716
-1028
-2981
-5207
-6673
-7061
-5395
-2926
-804
133
2560
5091
5809
3513
94
-1596
-2258
-1281
-2112
-2808
-537
2416
6414
7574
6448
6942
8577
8656
7448
6071
5250
5300
4838
3558
1167
-74
456
1201
668
-1163
-3110
-3022
-2797
-4936
-5597
-5843
-4968
-3696
-3862
-4080
-3839
-2863
-1469
-204
-488
-790
-1829
-2021
-2316
-4390
-5802
-6654
-5129
-2063
-414
1405
2536
4415
4233
884
-946
-2303
-3609
-4123
-5004
-3685
200
1695
2134
2960
4136
6856
9086
8283
7241
6004
6433
6519
4455
3999
3569
4008
5134
3218
792
-345
-902
386
-856
-2685
-3555
-3676
-2800
-4258
-5481
-4623
-3231
-2573
-2195
-2443
-2166
-1669
-2407
-3367
-4068
-4225
-5037
-6230
-4895
-1974
534
2997
4182
4682
4187
658
-2008
-4474
-5963
-5538
-5488
-3884
-3075
-2521
-545
2583
4366
4507
4233
3601
5480
6299
5974
5262
4796
6186
6586
6200
5641
4431
3568
2527
1262
1631
1463
1120
621
-1004
-1091
-2803
-3332
-2249
-2733
-1628
-1898
-3239
-4157
-4459
-4851
-4943
-4965
-5663
-5500
-5953
-4302
-2099
453
2698
4263
5809
4454
653
-2203
-3436
-5063
-5874
-6771
-6003
-4223
-3047
-1817
-374
1066
2357
2830
3542
3509
2399
2093
1681
3824
6293
7237
7402
7008
6158
5170
3323
2351
3769
4587
5579
4962
2723
2525
1235
615
275
-1147
-282
-716
-1811
-4390
-6308
-6623
-6796
-6946
-7938
-7329
-6425
-4262
-2670
-966
1154
3450
5097
3031
-20
-2408
-3153
-3894
-5585
-6115
-5075
-3364
-3307
-3342
-2737
-1298
989
334
-834
-1508
-564
1904
2375
2320
2556
3569
5575
7478
7540
6208
4942
4743
5273
5689
5911
5608
6077
5991
4845
4680
3616
2996
4003
2419
-166
-3142
-5180
-5473
-5862
-7158
-8839
-8550
-7359
-5994
-4782
-3554
-1624
894
1861
294
-2284
-3133
-3279
-3836
-4832
-4339
-3323
-1937
-1333
-1955
-771
-549
-800
-2061
-3600
-4615
-2816
-578
-111
312
979
3506
5370
6019
4351
2698
3301
4853
5928
5864
6170
5862
6817
6864
5667
6294
6422
7017
7666
6367
3512
1035
-344
-1983
-3449
-5303
-7068
-7022
-6007
-5760
-5155
-4472
-2881
-1297
-2041
-3754
-5607
-5664
-5469
-5455
-5210
-3467
-2259
-1811
-1458
-1066
375
-88
-982
-2724
-3436
-3787
-3318
-2066
-1358
-144
1386
3017
2995
3272
2260
2060
3290
4109
4396
4061
3886
3405
4484
5107
5323
6542
7404
8186
9387
8112
5799
4235
2581
1536
535
-1241
-2619
-2948
-3515
-4138
-4039
-3662
-2252
-1253
-3300
-5537
-7768
-8164
-8050
-8381
-6981
-4237
-1918
-1005
-1242
-1501
-128
-715
-1882
-3598
-4108
-3609
-3022
-1306
-655
950
2434
2427
1972
1901
294
554
920
926
1275
1651
2154
1987
2762
2026
1923
2088
4258
7266
10026
10092
8039
6609
4341
3818
3282
2316
1993
1748
1480
425
-454
-495
-55
10
-1697
-4017
-6568
-7544
-8492
-9383
-8068
-5944
-3463
-1642
-1983
-2248
-1959
-2830
-3542
-5115
-5355
-4260
-3651
-1957
-1166
617
2866
3338
3838
3497
2377
1418
671
-164
-888
-443
-585
-1249
-1297
-1856
-1804
-890
1055
4251
6675
6649
5683
4919
4651
5128
5328
5365
5228
4833
4636
3989
3663
3990
4383
4188
2525
193
-2717
-4770
-6173
-6899
-6148
-5139
-3826
-1968
-1889
-2556
-4022
-5673
-6070
-7331
-8075
-7369
-6241
-3936
-2432
-630
1867
2990
3514
3056
3077
2274
1945
1434
905
1646
742
-776
-1965
-3186
-4426
-3841
-2205
-204
2074
2957
3171
2616
1979
2095
2927
3704
3954
3907
4734
5930
6406
7021
6854
6383
5946
4677
2196
-179
-1864
-2303
-1482
-1183
-936
-597
177
-628
-3123
-5420
-7093
-7311
-8478
-8936
-8943
-7873
-5756
-4136
-2019
-288
1409
2030
2797
2418
1107
826
1157
1967
1765
171
-543
-1172
-2222
-2375
-1861
-438
909
1136
1308
216
-1496
-1596
-1172
225
780
753
1268
3198
5194
5505
4873
4541
5680
6523
5686
4109
2848
2017
2233
2756
3057
3044
3198
2760
896
-1355
-4527
-6153
-7469
-8280
-7298
-7457
-6399
-4872
-3662
-2662
-2243
-1995
-939
744
128
230
780
752
1067
-187
-816
-1520
-1386
-701
-506
472
1319
2412
2644
1849
-42
-1056
-1627
-2091
-2698
-3327
-2955
-2340
843
2483
1909
1883
1320
1613
2978
3187
3178
3746
4421
5717
6702
6470
5797
5707
5096
4382
1339
-1357
-3040
-4746
-3820
-3989
-4215
-3440
-2570
-1817
-1689
-2506
-2726
-1746
-1630
-1011
-1219
-1543
-2483
-3047
-3094
-3533
-2861
-1700
176
1312
2039
1973
2113
1381
1510
2059
1044
775
-1227
-2839
-2580
-2396
-665
509
243
-1168
-2624
-4596
-4888
-2209
-70
2149
3034
3351
4466
5906
5157
4700
5170
5503
5981
3927
1401
-507
-1201
-835
136
730
582
984
705
-18
-302
-1795
-1440
216
152
-778
-3597
-5367
-5455
-5968
-4983
-3782
-2396
-724
80
568
211
-442
948
2611
2589
1911
276
-596
-639
-106
982
1053
1794
923
-1531
-3168
-4997
-4421
-2756
-2155
-1610
-446
-810
-508
326
751
2168
2544
2188
1650
1654
928
22
-83
931
3763
5083
5410
4597
3401
3504
2510
2199
2125
2528
1622
92
-1043
-3677
-4776
-4183
-2986
-1523
-600
-1432
-566
-733
-1868
-1258
-1007
-173
-285
-339
-669
-796
733
1596
1801
2020
848
-1126
-2284
-3031
-2728
-2677
-2362
-1448
-1035
-430
-1179
-1715
-885
-561
-593
-1033
-2724
-3389
-2725
-2405
-1899
-1236
332
2415
4613
5599
5401
5021
4016
4750
5501
5876
5093
3263
2261
907
-86
-890
-263
343
851
1371
945
-486
-1524
-1347
-1355
-622
-2158
-3152
-2674
-2417
-261
-137
-632
-131
-944
-1350
-2206
-3353
-2618
-1785
-1738
-1243
-1866
-1932
-1717
-1528
-152
-235
338
-88
-1600
-1780
-2883
-3469
-3600
-3859
-2498
-580
95
598
1972
2964
3435
2923
2017
2822
4144
4443
3564
1659
846
2358
4227
4770
3663
2858
2801
2824
2317
562
141
243
-343
-559
-1569
-1344
131
494
327
-27
-1387
-1644
-1748
-2786
-2637
-3390
-3120
-2189
-2238
-1879
-2187
-1770
-544
-89
39
-30
-1300
-1531
-2199
-3272
-3526
-4161
-2656
-956
287
1140
1154
1415
1857
1199
273
-139
-529
280
493
173
453
1198
2341
2712
3111
3642
3975
3447
2068
1282
2150
2933
2147
1190
-151
1250
3277
2664
2031
932
732
1936
1442
-852
-2056
-2455
-1981
-1079
-2529
-2973
-2174
-1175
-231
-1494
-2196
-1879
-1478
-1637
-3380
-4439
-4080
-3669
-2976
-3020
-2577
-553
512
616
652
130
584
774
124
171
135
314
393
676
1078
1130
879
350
549
671
949
565
-8
272
198
967
1535
1963
2214
2538
3378
3552
3331
3240
2804
1931
1056
547
187
-56
-578
-568
848
1612
1562
441
-277
-87
-23
-452
-2607
-4062
-4272
-3954
-4054
-4838
-3941
-1974
-454
-663
-1542
-1883
-707
-395
-1304
-1438
-1637
-118
776
1099
1513
1850
2568
2238
2351
1183
297
324
-313
-943
-1782
-2619
-2053
-329
185
945
699
391
298
1262
2299
2218
1209
-305
43
741
1600
1676
1762
2909
3638
3839
3475
2650
2576
2558
1220
-580
-1633
-1272
-1164
-1422
-1095
-1314
-1876
-2498
-3221
-3637
-2944
-2761
-3566
-3854
-3784
-2658
-1114
-396
-78
642
1473
1541
1652
1490
823
1352
1258
1187
695
446
1163
1470
1521
1084
364
-56
-241
-1249
-2251
-2827
-2956
-3206
-2528
-2529
-2828
-2114
-1699
547
2536
2912
2614
2272
3227
4136
3592
1449
586
1077
2298
3148
2874
2737
1990
1441
705
-292
-1384
-1461
-1443
-2681
-3546
-4033
-2917
-1645
-1317
-1290
-1653
-1233
-1175
-1266
-1453
-534
358
943
907
921
2063
2763
3268
2745
2476
2229
2222
1897
627
-221
-520
-1114
-2589
-3708
-4437
-3982
-3695
-3853
-3244
-2783
-1893
-1112
-405
-561
-1141
-1689
-1230
835
2399
3639
4407
4266
3880
3806
3399
2136
1361
862
1719
1993
492
-293
170
1749
2197
1841
394
190
427
-570
-1583
-2876
-2322
-1705
-1301
-1201
-588
-48
503
1082
1269
1786
1827
1849
1537
1661
1334
703
-561
-2123
-2318
-2191
-2019
-2170
-1843
-1414
-1370
-1767
-2875
-3592
-4677
-4771
-4267
-4477
-3076
-1276
329
1284
385
-769
-1167
-1145
-946
531
1214
1363
1443
1000
2077
3914
5418
5481
4724
3915
4100
3666
2617
1742
1396
1501
1677
1305
751
864
830
960
1099
421
-66
114
-100
124
-43
-577
-1103
-1370
-1484
-1362
-1537
-1822
-1059
-410
-489
-1402
-2480
-3141
-3702
-3613
-3068
-2649
-1368
188
1008
804
-992
-2257
-3271
-3633
-4656
-5637
-5142
-4321
-2879
-2325
-1866
-1314
577
1816
2416
3919
4178
4207
3746
3038
3525
4876
6009
5907
5580
4371
4212
4740
4494
4022
3302
2843
2554
2361
1473
1068
194
-155
-592
-1345
-1866
-1998
-1796
-1544
-1448
-2571
-3158
-4130
-4343
-3445
-2806
-2314
-1360
342
1322
1141
-497
-2239
-3029
-3320
-3807
-5004
-4911
-4322
-2991
-2938
-4238
-4023
-3198
-1547
-1289
-1680
-2098
-1983
-1612
-1280
-527
86
2177
3258
4066
4782
4863
5316
5671
5300
5567
6514
6896
7323
6486
4801
4177
4296
3633
3680
2864
2322
2662
1944
917
-577
-1832
-3073
-3369
-3456
-4116
-3215
-2725
-1529
-690
-1308
-2083
-3415
-3729
-4142
-4307
-5070
-5062
-3852
-3000
-2621
-4136
-4009
-3288
-2535
-1474
-1739
-1846
-1946
-1474
-2021
-2352
-1536
-693
493
536
-339
-1329
-668
-94
724
1749
1832
3348
4515
5020
4690
5207
6045
6175
6249
6144
7042
7864
7822
6293
4412
2496
1654
1904
1249
397
175
746
2144
1497
-432
-1952
-3369
-3764
-4645
-6088
-6911
-6728
-5448
-4748
-5073
-6029
-6000
-4897
-3902
-2657
-2563
-2656
-2635
-2447
-2606
-2833
-2145
-924
387
446
-145
-715
-1007
-473
419
660
303
600
1399
1608
1012
-137
46
1018
1947
3011
3664
4695
5370
5326
4759
4342
5272
6102
5670
4740
4160
5762
7193
6620
4779
2274
537
-47
-899
-2548
-3029
-3211
-2455
-2459
-4132
-5116
-5130
-4626
-4557
-4985
-5728
-5838
-5455
-5376
-5566
-4955
-3748
-2245
-1259
-974
-1083
-1203
-1641
-972
446
779
664
614
1184
1380
734
-402
-232
887
2245
2973
2515
2641
3054
3303
3094
2270
2007
2317
2495
2659
2605
3662
4919
5272
4719
3224
2478
2317
1606
732
-122
-42
1055
1011
-3
-793
-1151
-1287
-1082
-1945
-2847
-3539
-4306
-4902
-4789
-3884
-3318
-2754
-3148
-3284
-3350
-3775
-3881
-3076
-1941
-914
-570
-893
-469
-426
-460
-625
-949
-190
1144
1613
990
840
1311
1841
2286
2361
2858
3028
3286
3387
3705
4445
4530
4232
3318
2232
612
-755
-2044
-2078
-1590
-1247
-1230
-1541
-1279
-843
-604
-340
247
469
667
-458
-1893
-2956
-2204
-100
1167
778
-717
-1456
-888
-648
-977
-873
-718
500
1301
310
-927
-1986
-2160
-2198
-2643
-2411
-1897
-1245
-1107
-845
-611
-780
-557
485
1800
2301
2201
2208
3169
3968
4322
3968
3431
2962
2312
1248
39
112
1113
2140
2053
1051
52
46
-53
-498
-1230
-2574
-2805
-3447
-4719
-5402
-5250
-3549
-1726
-992
-1483
-1586
-1004
86
1415
1645
1503
1984
3370
3656
2730
1117
-331
-872
-495
522
609
43
-892
-629
251
-358
-1086
-1279
-556
600
423
-125
35
452
1498
1883
1550
887
249
488
396
723
1380
1791
2466
2702
2437
2438
2495
2055
2110
1002
221
-505
-2149
-2858
-2978
-2142
-2321
-2791
-3736
-3857
-3598
-4112
-3456
-3006
-2508
-1954
-1471
-987
-699
-596
-1459
-2012
-1717
-56
1847
1910
1224
766
1685
2316
2337
1776
1029
1332
1414
1934
1587
914
827
965
1707
1028
-223
-728
-360
597
907
592
484
1042
2005
2980
3043
2499
1945
1573
1541
680
-603
-838
-286
772
310
-1184
-2142
-2021
-1532
-1420
-1049
-1065
-754
-525
-632
-1251
-2579
-3556
-4600
-4501
-4323
-4208
-3448
-3096
-2110
-1516
-1549
-1520
-773
330
925
1013
829
1425
2413
2516
1790
957
849
1318
2201
2076
1682
1703
1945
2933
2972
3026
3282
3789
4213
4467
3750
3002
2667
1164
633
339
311
729
237
-443
-569
-372
-295
-286
-483
-212
-197
-513
-966
-2037
-2718
-3416
-4600
-4975
-5037
-5095
-4229
-3191
-2045
-1211
-915
-649
-460
-114
-339
-892
-1035
-1043
-1163
-1307
-2004
-2214
-1747
-2125
-1924
-1573
-627
348
888
1112
1090
2658
3715
3970
3272
2721
3602
4762
5281
3869
2803
2624
3847
4548
3595
2737
2222
3174
3868
3100
1806
1391
1423
1286
152
-2044
-3439
-3876
-4095
-4723
-5337
-5591
-5231
-4314
-3210
-2638
-2316
-1629
-1174
-661
-659
-1154
-1292
-915
-462
-501
-412
-526
-739
-504
-433
-664
-1049
-1467
-1370
-1831
-2252
-2122
-1646
-959
-756
-1062
-1275
-558
175
1151
1908
2084
2813
3398
3864
3667
3505
3918
4787
6135
6421
6223
5827
5581
4460
3130
1897
609
66
-698
-1153
-1632
-2232
-2981
-3430
-3053
-2506
-2227
-2070
-2083
-2512
-1881
-1704
-1996
-1943
-2310
-1700
-1126
-1775
-2191
-2007
-1141
-810
-1451
-2086
-2947
-2213
-1409
-416
123
-289
193
93
125
-655
-1219
-1089
-586
45
-609
-1110
-1357
-828
113
745
1255
1776
2695
3957
5278
4924
3462
2260
2023
2584
2300
1767
864
817
1595
1871
1542
1097
1160
1465
2040
1438
820
765
674
687
-81
-806
-1107
-1491
-1425
-1663
-1771
-2164
-2929
-3464
-4166
-3623
-3222
-2350
-1761
-1901
-1297
-1654
-1534
-1491
-1186
-725
-316
-27
-864
-1028
-688
74
971
1446
1777
2171
2135
1830
1901
1896
1152
209
-369
-767
-782
-867
-1181
-1471
-1417
-1037
-605
92
677
947
1081
1498
2037
2440
2421
1523
1062
1726
2649
3136
3086
2579
2033
2100
1586
264
-889
-894
213
1276
845
-902
-2057
-2163
-2380
-2924
-3338
-3094
-2275
-1868
-2681
-3632
-3163
-1952
-496
231
395
632
1205
1316
1346
1230
494
209
21
-12
179
327
348
225
-71
-91
-237
-505
-750
-991
-878
-1015
-1375
-1378
-1033
-875
-1101
-1801
-2304
-1657
-144
1369
1451
1205
937
815
1415
1401
2301
3221
3414
4082
3872
3194
2192
1001
515
1104
1753
891
-398
-1490
-1016
303
399
-317
-746
-97
340
-225
-1424
-2110
-1917
-1291
-1317
-1348
-999
-571
-183
-917
-1624
-981
-197
551
322
-769
-724
-541
-463
-301
-345
-430
-405
-759
-1535
-1670
-1130
-661
-912
-1413
-1933
-1917
-1625
-1833
-693
388
739
1093
692
422
554
735
959
1414
1904
2076
2094
1667
1603
1971
2530
3433
3760
3836
3442
2174
1038
596
243
-56
-327
-366
414
968
201
-1061
-1846
-1748
-1187
-728
-1070
-1425
-1038
-1001
-1150
-1539
-1807
-1318
-908
-1117
-1879
-2141
-1570
-1249
-1653
-2205
-2442
-1748
-1039
-546
219
962
1769
1921
1246
-23
-730
-662
-334
-59
-240
-987
-1481
-1309
-540
41
137
374
656
995
1199
1239
945
752
616
712
1291
1714
2172
2288
2019
1962
2245
2437
2699
2481
2198
2397
2119
1552
1095
759
737
966
-2
-1295
-2167
-2545
-2128
-2792
-3767
-4351
-3982
-3091
-2373
-1457
-684
257
892
959
394
-791
-1373
-1186
-712
-608
-709
-856
-612
15
549
662
868
1174
1484
1598
972
203
-535
-831
-1224
-1541
-1558
-1195
-427
-25
-276
-1149
-1207
-1025
-185
904
1727
2607
2301
2129
2337
2560
2303
1837
1610
1680
2078
1906
1273
5
-1206
-1698
-1409
-970
-549
513
929
1546
1493
478
-325
-1348
-1724
-1706
-1801
-2330
-2430
-1975
-1487
-656
-144
-300
63
427
574
513
-239
-830
-829
-753
-985
-793
-590
-27
974
1328
903
248
-53
-160
-35
-72
243
1000
800
415
-201
-859
-770
-835
-985
-797
-733
-915
-1208
-1534
-1968
-2054
-2012
-1583
150
1631
2274
2209
1804
1757
2166
2120
2181
2059
1279
1083
1005
997
1513
1952
2142
2293
1780
1126
478
33
-300
-720
-1178
-1797
-1955
-1950
-1573
-958
-645
-327
-596
-979
-1225
-1513
-1429
-982
77
1241
1734
1751
1595
1171
828
807
1158
1307
1301
848
-200
-1446
-2813
-3414
-3615
-3166
-2137
-1804
-2110
-2544
-3012
-3357
-3403
-3446
-2717
-1350
-624
-728
-1119
-1008
493
2590
3208
3198
3107
3407
3740
3596
3403
2945
2907
2691
2650
2373
2247
2434
2396
2718
1973
1096
186
-898
-1384
-1239
-698
-841
-853
-774
-766
-1051
-1560
-1650
-1065
71
577
257
-157
-539
-999
-1004
-1008
-292
972
1363
866
-343
-1259
-2037
-2424
-2596
-2626
-2343
-2744
-3546
-4469
-4359
-2956
-1699
-1333
-1855
-1872
-1482
-1563
-1906
-1874
-988
157
744
796
1010
2088
4166
5529
5444
4495
3947
4482
4948
4706
4887
5522
5605
5270
4527
3287
2147
1135
481
958
1385
1008
-26
-1500
-2565
-3152
-3450
-3268
-2205
-1085
-556
-1157
-2402
-3164
-3464
-3137
-2490
-2256
-2157
-2088
-2449
-2854
-2353
-1181
-86
57
-813
-1373
-1138
-1366
-2142
-3016
-3338
-3065
-3069
-3431
-3350
-2500
-1251
-39
30
-483
-276
393
696
924
1723
3361
5021
5560
4730
3755
3531
4099
4637
4750
4903
5081
5380
5006
4245
3510
3294
3542
3862
3290
2036
280
-1321
-2360
-3305
-3879
-4051
-3936
-4135
-4277
-5162
-5461
-4633
-3389
-1531
-1038
-1506
-2048
-2452
-2696
-3107
-3118
-2906
-2464
-2346
-2653
-2738
-2222
-987
256
720
532
435
444
150
272
729
1534
2179
2036
1483
578
-116
-586
-620
-30
884
1572
1881
1925
1850
2247
3287
4594
5336
5241
4133
3264
2960
2054
1087
616
1060
2202
2533
1615
411
183
600
1161
1097
-152
-989
-1830
-2568
-3416
-4685
-5126
-5067
-4786
-4980
-5296
-5314
-4610
-3156
-2134
-1514
-1244
-718
-280
-162
380
1127
2156
2565
2335
1910
1099
638
492
667
876
940
978
859
1096
1450
1856
2265
2615
2778
2445
1721
646
-329
-1118
-1469
-1467
-1339
-1137
-863
-929
-936
406
1823
2855
2952
1966
1829
2208
1685
552
-402
-535
60
313
-467
-1362
-1932
-1759
-1169
-1543
-2282
-2745
-2310
-1762
-1710
-1473
-666
244
377
-549
-1286
-1536
-1300
-858
-650
-114
186
151
164
308
867
2002
3208
3565
3616
3130
2097
1337
269
-394
-610
-574
-807
-1010
-1047
-1312
-1145
-836
-64
674
512
28
-779
-1285
-1838
-2288
-2399
-2424
-2466
-2585
-2606
-2404
-1650
-457
203
26
-326
-61
935
1496
1460
1787
3111
4624
4737
3216
1716
954
831
859
268
-293
-398
-658
-869
-959
-673
457
1890
2476
2185
1665
878
453
138
-99
1
135
-166
-654
-933
-913
-74
787
1374
1614
1300
727
-3
-340
-708
-1042
-917
-1256
-1734
-1967
-2583
-3287
-3464
-3405
-3018
-2772
-3428
-3870
-3770
-3321
-2393
-1284
-366
607
1063
543
161
426
936
1600
1743
1439
2040
2162
2109
2167
2406
3887
5502
5958
5305
4664
3561
2902
2228
1105
865
522
176
-426
-1212
-1539
-1131
-118
577
696
220
-217
-448
-681
-743
-951
-748
-824
-1197
-1190
-1318
-1746
-2116
-2340
-2387
-2570
-2864
-2980
-2706
-2015
-1306
-696
-448
-306
-563
-1162
-1985
-2610
-2799
-2451
-2335
-2836
-2998
-3150
-2923
-2062
-1275
-46
1319
2432
3163
3694
3869
3820
3756
3484
3644
3835
3550
2708
2167
2486
3517
4603
4627
4037
3381
2687
2204
1271
262
-287
-735
-1012
-1389
-1689
-1943
-2292
-2340
-2630
-2798
-2960
-3027
-2681
-2217
-1557
-687
94
438
512
313
-46
-482
-807
-1094
-1408
-1641
-2379
-2953
-2949
-2705
-2301
-2058
-1550
-1032
-514
-154
-327
-411
-541
-582
-478
-776
-807
-664
-622
-559
-151
725
1848
2829
3274
3671
3772
3756
3475
3203
3298
3387
3046
2416
2012
1998
2218
2234
1614
690
81
-240
-402
-568
-846
-490
114
303
136
-385
-741
-572
-679
-927
-1260
-1685
-1627
-2009
-2317
-2435
-2159
-1685
-1082
-844
-805
-252
-179
-489
-875
-1155
-1090
-900
-879
-1284
-1575
-1698
-1608
-1085
-798
-360
-260
-348
-434
-607
-429
-291
-196
-274
-244
-113
72
24
95
265
427
760
1187
1598
1778
2114
2494
3208
3737
3717
3326
3134
3106
3398
3509
3121
2451
1580
791
-95
-956
-1506
-1495
-822
-479
-781
-955
-755
-627
-903
-1290
-1612
-1711
-1664
-1207
-1141
-1367
-1380
-1303
-1045
-752
-459
-366
-386
-838
-1380
-1636
-1711
-1641
-1698
-1782
-1698
-1586
-1870
-2219
-2353
-2311
-2159
-2174
-2160
-1730
-1193
-745
-419
-117
73
446
1071
1361
1760
2436
3157
3456
3133
2651
2474
2491
2746
2811
2695
2815
2965
3323
3672
3411
2686
2140
1665
1030
498
-104
-451
-590
-682
-596
-677
-682
-627
-697
-766
-1417
-1874
-2007
-2055
-1947
-1722
-1305
-1011
-957
-1215
-1557
-1948
-2204
-2528
-2742
-2746
-2450
-1985
-1678
-1712
-1649
-1629
-1292
-702
-561
-338
-154
39
95
-281
-421
-181
-152
-346
-372
-163
557
1164
1703
2163
2470
2955
3173
3276
3049
2795
2895
3133
3031
2912
3049
3123
3212
3059
2723
2372
1549
954
343
-156
-509
-837
-786
-771
-851
-1144
-1454
-1883
-2278
-2579
-2615
-2479
-2410
-2212
-2070
-1853
-1701
-1864
-1721
-1331
-1079
-791
-683
-853
-885
-1202
-1501
-1411
-1333
-1398
-1297
-1143
-995
-715
-256
-117
-90
-35
-116
-109
-401
-543
-594
-334
283
780
1099
1374
1750
1906
2100
2031
1931
2077
2043
2046
1952
2016
2216
2403
2076
1837
1803
1721
1613
1231
1068
837
728
417
-11
-339
-786
-1176
-1082
-974
-1081
-1012
-1166
-1137
-1452
-1822
-1980
-1934
-1640
-1448
-1348
-1237
-1040
-1019
-889
-634
-417
-259
-562
-944
-1329
-1374
-1450
-1487
-1008
-474
41
121
168
99
83
-108
-333
-563
-840
-716
-587
-238
15
169
370
520
458
703
855
921
1404
1907
2460
2724
2576
2335
1981
2159
2728
2754
2348
1878
1815
2271
2055
975
185
-364
-523
-940
-1696
-1895
-1593
-1163
-1046
-1109
-1073
-523
-451
-863
-1474
-1884
-1609
-1011
-248
266
640
889
955
922
464
-2
-353
-880
-1102
-1247
-1294
-988
-775
-849
-843
-928
-1359
-1454
-1566
-1719
-1518
-1411
-1447
-1521
-1577
-1504
-1478
-1203
-779
-374
150
279
668
805
612
735
1104
1406
1744
1695
1559
1863
2170
2770
2996
2837
2849
2903
2592
1784
1120
819
956
1188
1225
1406
1787
1894
1524
972
351
244
87
-535
-1091
-1287
-1064
-694
-653
-1048
-1373
-1604
-1921
-2569
-2922
-2808
-2483
-2342
-2409
-2608
-2744
-2913
-3116
-2988
-2615
-2085
-1435
-1267
-1280
-1280
-1257
-1008
-1031
-1117
-1194
-924
-634
-336
33
625
1265
1744
2239
2472
2905
2835
2590
2508
2635
3285
3701
4101
4461
4648
4537
4150
3601
3106
2425
1753
1237
550
433
441
344
64
-425
-878
-1307
-1797
-2354
-2449
-2168
-1960
-2093
-2128
-2312
-2642
-2727
-2832
-2635
-2194
-1765
-1473
-1569
-1763
-1849
-1835
-2014
-2270
-2443
-2083
-1634
-1358
-1086
-863
-458
-249
-198
-317
-240
-213
-558
-542
-267
474
1446
2282
2848
3219
3508
3474
3617
3564
3210
3337
3473
3446
3467
3162
2963
3102
2882
2605
2260
1633
1050
681
367
444
201
-317
-907
-1815
-2341
-2560
-2460
-2352
-2309
-2344
-2572
-2750
-2593
-2406
-2317
-2516
-2703
-2463
-2215
-1974
-1592
-1260
-848
-590
-831
-1074
-1499
-1722
-1947
-2081
-1848
-1185
-358
187
823
948
1045
916
616
576
635
803
778
900
1048
1395
1822
2091
2363
2481
2693
2713
2896
2747
2803
2890
2775
2717
2285
1990
1625
1235
913
717
536
299
-212
-891
-1064
-1039
-1268
-1715
-2269
-2380
-2253
-2210
-2277
-2244
-1914
-1618
-1732
-2048
-2465
-2872
-3070
-3110
-2825
-2264
-1541
-721
-181
29
-10
-96
-334
-634
-837
-932
-872
-615
-357
-257
20
327
685
985
1024
1018
1285
1499
1764
2069
2314
2387
2189
2080
1872
1899
2129
2240
2203
2069
1865
1860
1973
1776
1520
1208
857
780
760
644
631
857
941
560
-35
-566
-903
-1308
-1745
-2230
-2366
-2052
-1684
-1238
-1296
-1450
-1463
-1565
-1844
-2259
-2406
-2537
-2473
-2179
-2005
-1847
-1410
-974
-550
-267
-318
-213
75
297
337
496
787
995
998
818
609
538
695
886
927
829
816
778
781
664
407
172
146
315
634
1039
1340
1533
1798
1779
1651
1493
1225
1145
1022
810
834
1016
1368
1628
1584
1330
1121
745
214
-533
-1287
-1837
-2096
-2027
-2082
-2112
-2177
-2256
-2222
-2175
-2018
-1946
-1966
-1647
-1432
-958
-275
-24
173
209
150
480
779
1005
1190
1104
798
564
104
-387
-731
-1135
-1216
-1146
-1095
-911
-580
-131
89
36
-259
-434
-577
-531
-421
-414
-171
312
1076
1526
1833
1944
2108
2065
1914
1761
1527
1547
1538
1459
972
774
793
744
686
276
-148
-377
-556
-886
-1060
-1016
-839
-809
-783
-856
-881
-718
-776
-702
-419
-222
-7
103
-104
-364
-706
-911
-771
-525
-344
-10
411
577
505
402
225
-250
-877
-1321
-1440
-1407
-1082
-657
-240
69
342
333
209
109
3
198
389
539
679
738
581
511
522
705
958
1198
1233
1102
720
245
411
820
1001
1065
900
596
417
196
-119
-293
-212
126
325
-18
-545
-968
-1432
-1429
-1220
-1316
-1202
-841
-551
-161
-290
-487
-371
-457
-638
-886
-1061
-791
-194
440
960
1307
1349
1333
1136
678
234
57
323
436
481
101
-429
-533
-513
-444
-400
-376
-98
147
30
-239
-407
-361
-355
-391
-359
-304
-257
-241
-299
-327
-22
526
893
898
479
-9
-248
-292
-28
48
160
247
186
182
-80
-342
-481
-621
-803
-958
-1134
-1236
-1050
-397
238
634
852
765
361
60
-11
82
585
1057
1356
1467
1492
1405
1277
1304
1304
1344
1584
1459
989
575
150
-130
-187
-321
-546
-837
-933
-1098
-1460
-1674
-1662
-1304
-821
-681
-990
-1505
-1793
-1667
-1376
-999
-538
-220
81
292
107
-67
-277
-336
-353
-395
-449
-398
-169
192
504
510
494
450
177
-257
-599
-702
-535
-125
222
248
206
232
425
662
879
1083
1407
1532
1522
1573
1635
1864
1944
1973
1978
1845
1581
1408
1005
736
734
703
784
501
-223
-974
-1539
-1721
-1642
-1595
-1427
-1426
-1360
-1472
-1642
-1778
-1909
-1763
-1704
-1593
-1562
-1519
-1191
-639
-208
129
262
-151
-516
-816
-945
-744
-332
261
682
725
595
384
343
307
344
538
860
781
445
383
608
1007
1338
1392
1347
1410
1264
1229
1064
919
1031
1304
1464
1298
913
404
127
165
398
665
944
993
893
522
142
-239
-516
-764
-1245
-1492
-1852
-1785
-1686
-1545
-1539
-1387
-1229
-1463
-1749
-2132
-2055
-1577
-1140
-739
-493
-378
-396
-366
-150
15
192
270
316
234
111
276
520
779
1173
1314
1324
1211
1017
581
443
564
713
969
1005
748
309
-129
-324
-206
-13
148
459
705
595
411
280
150
178
226
342
434
261
430
556
681
817
754
733
277
-408
-1137
-1493
-1357
-1270
-1086
-977
-1013
-1156
-1320
-1385
-1306
-1160
-1202
-1264
-1418
-1464
-1257
-893
-355
-57
352
668
838
837
563
350
416
894
1147
998
813
406
197
149
150
205
312
551
612
487
293
47
78
178
24
-12
72
154
423
714
776
809
849
679
337
-184
-646
-634
-286
21
249
464
650
729
667
271
11
-258
-340
-446
-761
-897
-949
-665
-336
-204
-258
-128
-58
-99
-191
-124
247
692
879
709
457
108
-25
-64
-68
62
403
591
509
168
-126
-183
-62
-86
-340
-503
-586
-456
-354
-245
-248
-270
-313
-497
-687
-923
-1088
-915
-760
-491
-119
98
254
385
423
211
-14
-93
-277
-378
-473
-461
-108
174
479
649
710
856
1046
1185
1082
973
1173
1372
1323
1089
711
314
193
100
94
272
472
597
437
-5
-372
-433
-493
-630
-845
-1006
-946
-879
-865
-695
-539
-526
-563
-956
-1374
-1574
-1614
-1467
-1212
-973
-685
-311
-188
-122
20
-90
-144
-259
-523
-578
-457
-305
-323
-225
-104
99
207
173
177
195
190
295
701
1029
1194
954
719
816
959
1197
1489
1783
1966
2135
2013
1667
1443
1457
1489
1368
1124
910
916
983
852
538
426
420
219
-452
-1120
-1560
-1777
-1817
-1913
-1818
-1532
-1192
-968
-957
-1026
-1141
-1133
-1238
-1360
-1531
-1520
-1345
-1150
-944
-860
-732
-482
-403
-418
-365
-354
-97
293
415
313
53
-162
-83
4
108
148
379
949
1313
1242
1228
1265
1416
1610
1573
1426
1465
1709
2102
2307
2251
2086
1778
1518
936
357
35
-127
-165
-292
-347
-354
-427
-483
-745
-960
-1002
-1182
-1418
-1648
-1835
-1877
-1919
-2077
-2029
-1825
-1602
-1449
-1416
-1474
-1393
-1188
-876
-686
-712
-720
-743
-829
-907
-981
-926
-665
-211
105
129
109
225
395
468
512
657
825
1020
1251
1433
1724
1900
1875
1802
1678
1228
915
927
965
1047
1223
1518
1649
1645
1612
1443
1344
1294
992
760
552
493
390
215
99
-54
-212
-400
-472
-447
-485
-624
-843
-1114
-1296
-1406
-1540
-1656
-1814
-2146
-2276
-2312
-2352
-2165
-1882
-1799
-1820
-1650
-1474
-1313
-1223
-1032
-673
-309
49
326
558
603
722
638
458
320
265
361
537
677
781
1005
1203
1266
1355
1443
1375
1317
1164
1020
978
1183
1408
1602
1643
1751
1781
1698
1700
1746
1726
1825
1932
1843
1520
1184
897
658
401
68
-316
-714
-1064
-1230
-1206
-1341
-1635
-1735
-1837
-1998
-2164
-2337
-2251
-2053
-1763
-1536
-1434
-1410
-1371
-1410
-1433
-1396
-1209
-1014
-785
-635
-507
-278
-188
-135
-122
-105
-81
-133
-257
-440
-517
-327
-71
229
346
429
511
523
657
792
882
1054
1378
1667
1754
1917
2056
2268
2275
2165
2008
1721
1708
1819
1947
1702
1424
1217
783
243
-171
-237
-26
-9
-137
-214
-467
-716
-1075
-1454
-1685
-1946
-2013
-2123
-2252
-2251
-2106
-1963
-1772
-1580
-1415
-1533
-1693
-1830
-1899
-1793
-1655
-1360
-1035
-772
-747
-949
-1071
-1170
-1117
-879
-525
-167
124
288
358
554
702
848
981
1125
1229
1454
1643
1794
1891
1963
2160
2225
2198
2132
2046
2159
2393
2692
2812
2735
2397
2126
1956
1715
1516
1142
839
529
275
99
-14
-6
70
-19
-284
-619
-1079
-1455
-1677
-1799
-1884
-1913
-1878
-1953
-2279
-2537
-2650
-2751
-2626
-2469
-2138
-1895
-1828
-1810
-1714
-1427
-1057
-1022
-1026
-984
-842
-645
-570
-568
-449
-239
22
173
241
457
640
943
1185
1573
1857
2105
2166
1979
1924
1835
1871
1901
1798
1794
1761
1719
1648
1769
2088
2217
2163
1884
1565
1400
1167
1035
773
743
703
366
-120
-532
-750
-940
-1136
-1393
-1573
-1653
-1763
-1925
-2010
-2083
-2005
-2041
-2168
-2308
-2355
-2321
-2340
-2265
-2037
-1688
-1525
-1522
-1584
-1448
-1149
-986
-839
-529
85
567
659
407
159
31
58
129
198
397
684
975
1086
1178
1471
1889
2019
1879
1839
1789
1723
1710
1620
1817
2056
2076
1851
1419
1262
1157
1062
1009
1000
1056
1123
979
702
452
185
-33
-237
-552
-847
-913
-1044
-1286
-1569
-1628
-1543
-1693
-1873
-1927
-1740
-1518
-1484
-1324
-1146
-1039
-897
-747
-948
-1191
-1283
-1292
-1165
-1025
-793
-587
-435
-362
-181
-60
74
59
30
84
87
159
305
584
902
1070
1070
909
824
827
888
1008
1152
1234
1345
1409
1340
1330
1165
1080
978
845
764
780
791
758
584
534
684
695
654
616
564
550
525
437
326
286
189
22
-332
-736
-1078
-1269
-1327
-1283
-1124
-983
-958
-977
-1014
-1072
-976
-989
-1010
-1063
-1300
-1366
-1245
-1083
-1024
-984
-889
-926
-1091
-1190
-1175
-961
-722
-455
-199
71
326
364
274
176
125
109
118
236
376
450
544
558
497
464
570
807
983
1193
1369
1587
1786
1857
2003
1912
1721
1512
1233
1041
939
895
938
757
631
624
571
374
77
-172
-343
-503
-712
-827
-935
-948
-903
-899
-916
-953
-1232
-1504
-1565
-1454
-1203
-1020
-968
-839
-760
-829
-945
-1160
-1245
-1225
-1087
-1070
-1038
-1105
-1179
-1078
-944
-733
-688
-529
-455
-278
-88
149
464
741
1070
1203
1128
1046
1017
1128
1286
1635
1904
1930
2079
2288
2333
2218
2108
2098
2022
1892
1549
1219
1138
1121
1042
766
473
209
-119
-477
-737
-879
-841
-791
-607
-501
-508
-606
-901
-1152
-1322
-1357
-1323
-1224
-1391
-1667
-1696
-1558
-1778
-1835
-1671
-1537
-1360
-1308
-1348
-1252
-1114
-1019
-809
-644
-722
-967
-1193
-1190
-822
-306
215
495
698
1019
1171
1053
1072
1242
1442
1623
1689
1717
1855
1919
1906
1822
1800
1720
1612
1459
1334
1314
1301
1410
1499
1688
1609
1299
917
462
104
-166
-342
-409
-464
-652
-880
-1030
-1218
-1310
-1227
-1190
-1182
-1281
-1404
-1478
-1506
-1486
-1439
-1520
-1656
-2026
-2314
-2362
-2159
-1895
-1717
-1360
-962
-616
-527
-588
-571
-472
-292
-209
-128
143
451
688
794
938
1042
1146
1110
935
885
1044
1349
1560
1823
2034
2192
2155
1984
1851
1659
1587
1587
1651
1583
1464
1285
1097
901
735
693
616
626
476
333
161
-60
-201
-245
-393
-815
-1313
-1791
-2060
-2089
-2065
-1980
-1939
-1871
-1845
-1830
-1999
-2154
-2044
-1874
-1722
-1600
-1492
-1246
-1044
-767
-543
-408
-293
-346
-376
-380
-330
-161
191
581
743
885
954
930
992
967
961
1080
1229
1272
1206
1198
1121
1150
1339
1463
1467
1424
1450
1347
1402
1461
1583
1569
1439
1077
685
394
213
74
-27
-32
-4
0
-262
-611
-883
-1030
-1120
-1103
-1120
-1171
-1138
-1101
-1235
-1382
-1398
-1310
-1136
-1088
-1057
-1143
-1222
-1169
-929
-609
-443
-401
-352
-328
-273
-257
-354
-379
-398
-301
-235
-194
-133
-36
36
212
362
292
356
460
607
741
947
1147
1354
1451
1261
1109
1009
1005
1030
1033
1010
1060
1001
942
644
443
423
367
487
593
562
383
180
90
37
-98
-2
-114
-242
-208
-267
-283
-258
-132
-128
-66
-108
-306
-532
-644
-618
-718
-748
-849
-1020
-1132
-1174
-1260
-1333
-1245
-1216
-1205
-1192
-1127
-985
-811
-644
-596
-503
-465
-439
-382
-343
-423
-433
-295
-84
73
84
228
395
490
615
701
885
1033
1023
842
726
742
852
947
944
887
816
985
1053
1078
1244
1355
1462
1467
1420
1398
1274
1164
952
742
610
493
320
152
-54
-159
-174
-318
-406
-568
-867
-1022
-1103
-1114
-1066
-1114
-1114
-1001
-1147
-1281
-1234
-1141
-1055
-1010
-962
-877
-909
-885
-951
-883
-777
-744
-639
-621
-708
-736
-806
-603
-456
-367
-247
-158
-9
-1
184
377
555
698
1020
1230
1362
1493
1576
1726
1759
1796
1842
1833
1877
1850
1781
1686
1424
1243
1096
1003
1036
785
440
173
58
-46
-209
-335
-498
-604
-802
-1083
-1114
-1113
-1134
-1152
-1300
-1385
-1560
-1687
-1729
-1649
-1468
-1270
-1214
-1340
-1395
-1392
-1394
-1445
-1410
-1233
-1025
-872
-837
-833
-843
-732
-618
-552
-326
-89
47
150
331
385
592
856
1039
1199
1331
1469
1606
1778
1867
1898
1854
1824
1731
1569
1442
1397
1391
1239
1196
1146
1136
1157
979
856
699
600
567
397
114
-42
-228
-289
-348
-443
-553
-733
-878
-1085
-1217
-1388
-1459
-1448
-1476
-1497
-1519
-1592
-1574
-1513
-1480
-1404
-1405
-1316
-1233
-1292
-1330
-1227
-1118
-928
-761
-625
-370
-78
106
263
395
661
795
774
934
946
910
1096
1271
1352
1449
1442
1538
1494
1340
1341
1299
1289
1277
1260
1393
1346
1174
1185
1152
1162
1070
1021
1015
725
352
170
-3
-153
-258
-314
-320
-531
-707
-858
-1103
-1179
-1239
-1358
-1389
-1361
-1540
-1501
-1435
-1533
-1591
-1524
-1489
-1391
-1224
-1078
-961
-817
-678
-678
-595
-495
-602
-570
-447
-324
-139
-10
204
224
273
348
294
311
526
626
830
997
1152
1298
1371
1441
1520
1544
1507
1388
1287
1224
1081
1137
1208
1259
1262
1131
973
949
852
754
699
644
498
227
-84
-244
-484
-680
-750
-746
-645
-662
-797
-936
-1022
-1020
-1034
-1037
-1075
-1047
-1161
-1327
-1427
-1466
-1334
-1228
-1172
-1209
-1029
-1029
-1103
-1175
-1237
-1188
-1109
-1009
-839
-662
-507
-418
-286
-187
-57
202
307
371
456
609
700
872
1028
1184
1122
1037
1001
994
1139
1189
1173
1056
987
932
921
833
847
991
1124
1156
1015
893
940
932
767
669
562
436
325
43
-149
-67
-92
-73
-106
-226
-274
-412
-642
-879
-956
-1010
-1124
-1139
-1186
-1224
-1205
-1189
-1190
-1184
-1100
-1045
-882
-822
-863
-847
-752
-676
-618
-512
-339
-213
-132
-129
53
233
330
321
284
425
471
508
575
795
994
1049
1045
1108
1176
1240
1274
1285
1332
1418
1446
1263
1094
1195
1419
1470
1474
1394
1176
1035
805
499
436
323
235
136
-57
-273
-430
-592
-841
-946
-1097
-1030
-1250
-1444
-1478
-1519
-1578
-1567
-1540
-1660
-1665
-1635
-1578
-1645
-1422
-1234
-1089
-1117
-1175
-1135
-1012
-924
-921
-841
-614
-387
-356
-336
-265
-294
-290
-252
-44
202
521
673
673
873
1149
1324
1457
1622
1643
1594
1450
1398
1456
1537
1512
1473
1406
1257
1179
1132
1041
934
922
813
636
381
161
-18
-126
-202
-301
-463
-706
-831
-1037
-1141
-1060
-851
-806
-832
-790
-705
-783
-884
-945
-873
-769
-597
-601
-806
-858
-884
-1038
-1127
-1108
-1140
-1079
-981
-878
-672
-416
-226
-140
-18
8
80
100
265
632
877
1096
1270
1331
1370
1429
1494
1440
1492
1617
1776
1855
1688
1583
1399
1248
1064
976
925
862
790
600
378
210
78
-28
13
43
-12
-180
-317
-330
-464
-449
-375
-495
-597
-768
-863
-968
-1057
-1089
-1187
-1271
-1367
-1447
-1409
-1321
-1276
-1235
-1150
-1147
-1136
-1127
-1178
-1082
-845
-651
-487
-439
-468
-433
-403
-364
-197
30
248
463
640
764
778
848
1029
1073
1083
1141
1064
1076
1007
829
769
801
815
694
572
569
601
605
642
861
1031
1040
874
572
425
462
468
345
224
62
-151
-195
-211
-372
-373
-394
-403
-569
-878
-948
-974
-1026
-870
-701
-813
-935
-1023
-1153
-1167
-1194
-1246
-1139
-1040
-907
-759
-685
-586
-559
-505
-423
-476
-357
-231
-132
-55
48
110
137
163
201
160
281
564
779
952
1083
1277
1394
1401
1324
1243
1115
1151
1311
1312
1294
1253
1145
1047
975
951
1077
1024
750
521
379
258
173
92
-7
-37
-95
-257
-344
-523
-670
-825
-957
-971
-1022
-976
-888
-731
-711
-717
-789
-887
-933
-910
-975
-1133
-1301
-1454
-1427
-1361
-1321
-1297
-1297
-1237
-1043
-920
-780
-657
-486
-355
-348
-295
-191
-38
209
329
355
561
764
998
1152
1307
1414
1491
1579
1420
1363
1359
1432
1555
1495
1465
1405
1247
1084
961
885
661
461
315
182
164
250
410
429
418
307
201
171
109
33
-11
-92
-353
-606
-751
-925
-1100
-1081
-932
-734
-753
-797
-923
-1037
-1104
-1097
-1056
-1053
-1070
-1069
-1051
-1041
-871
-719
-540
-462
-393
-376
-242
-32
142
275
485
730
955
1012
921
862
766
829
950
945
970
951
889
858
836
772
737
733
724
736
684
584
468
361
274
158
-22
-168
-301
-426
-497
-443
-332
-216
-304
-430
-513
-691
-731
-722
-780
-809
-935
-1038
-1221
-1276
-1299
-1235
-1168
-1125
-1075
-1056
-1006
-1026
-956
-1015
-974
-919
-644
-402
-231
-124
2
212
215
203
194
266
306
463
623
789
1026
1113
1128
1215
1238
1265
1298
1248
1387
1476
1345
1174
1057
843
748
681
617
581
467
500
514
396
336
294
263
164
2
-153
-290
-263
-246
-349
-377
-282
-339
-379
-449
-517
-557
-591
-565
-588
-613
-632
-624
-517
-445
-471
-533
-618
-635
-748
-710
-622
-519
-386
-352
-317
-260
-233
-205
-206
-149
92
355
398
324
288
327
356
423
558
669
683
808
859
929
864
776
822
735
607
500
439
317
363
415
312
225
280
211
41
-193
-257
-264
-221
-99
-114
-197
-286
-260
-287
-274
-331
-301
-278
-424
-517
-586
-598
-500
-573
-604
-600
-761
-840
-859
-851
-892
-819
-674
-634
-662
-672
-670
-567
-467
-345
-330
-366
-324
-306
-161
28
148
283
392
481
583
637
525
554
655
704
688
675
700
629
496
543
601
541
571
688
617
489
479
467
448
441
443
304
224
161
102
68
4
69
122
102
188
142
-16
-125
-299
-404
-411
-478
-410
-468
-541
-453
-496
-492
-536
-562
-470
-465
-485
-462
-295
-310
-215
-166
-215
-142
-116
-47
87
115
148
134
73
7
-50
40
162
143
166
243
329
457
498
573
658
670
591
683
628
646
641
705
793
766
753
684
617
604
545
384
358
258
180
76
-16
-123
-214
-286
-276
-397
-521
-499
-579
-705
-811
-804
-766
-806
-827
-906
-882
-675
-535
-446
-431
-345
-329
-288
-371
-494
-555
-536
-512
-456
-468
-501
-432
-342
-326
-208
-99
-94
-216
-203
-73
24
235
347
383
403
524
614
592
610
634
629
556
534
462
387
385
376
435
584
680
649
638
413
148
23
-100
-122
-125
-1
101
36
-101
-209
-263
-203
-95
-36
118
108
-1
-102
-129
-109
-152
-141
-137
-200
-297
-328
-291
-314
-389
-433
-486
-557
-576
-521
-393
-291
-307
-375
-452
-439
-337
-210
-70
8
9
-21
-16
-46
34
135
193
312
377
464
512
426
331
330
368
428
421
403
376
323
271
253
200
258
381
492
468
454
394
258
181
133
111
188
198
145
40
11
-84
-57
-60
-31
23
-71
-142
-212
-309
-375
-329
-424
-439
-407
-407
-365
-350
-352
-396
-371
-326
-349
-339
-291
-232
-77
84
108
76
5
-120
-199
-256
-324
-214
-75
12
154
184
217
139
146
241
180
142
114
163
251
275
248
392
468
525
575
641
623
564
669
666
619
589
568
542
424
362
401
258
233
235
88
43
-60
-121
-150
-91
-238
-303
-265
-307
-266
-284
-376
-406
-313
-266
-281
-418
-523
-599
-612
-517
-555
-534
-459
-458
-466
-481
-504
-546
-579
-554
-577
-627
-622
-695
-678
-591
-472
-295
-196
-137
-36
-15
115
240
271
319
424
519
579
592
614
684
553
434
415
513
496
542
463
229
70
8
55
-1
98
128
14
15
26
66
-40
-80
-109
-187
-274
-267
-296
-280
-221
-292
-124
53
132
202
131
-19
-129
-304
-377
-429
-448
-334
-156
-50
-10
-122
-185
-274
-320
-169
-39
110
153
180
162
188
215
300
423
463
578
681
767
810
670
611
411
292
231
292
367
463
554
457
384
336
227
127
107
56
33
-18
-71
-120
-85
-5
17
-12
15
-21
-66
-46
-129
-255
-282
-300
-336
-396
-281
-129
-196
-246
-301
-335
-298
-320
-282
-287
-266
-283
-246
-251
-275
-161
-37
47
-55
-146
-158
-131
-114
-61
-85
-73
0
40
45
-117
-77
-58
-42
-98
-131
-84
-23
51
64
38
2
88
67
110
33
98
138
63
-54
-217
-270
-319
-395
-380
-348
-372
-243
-108
-111
-125
-160
-271
-314
-244
-256
-233
-275
-179
-132
-84
51
121
110
155
181
124
124
181
350
325
308
394
369
331
283
262
261
299
368
386
409
411
316
266
247
222
222
236
241
262
319
222
232
267
215
226
117
9
-66
-30
17
36
98
58
-16
-141
-180
-225
-147
-102
-206
-243
-151
-172
-187
-236
-227
-98
6
41
-23
27
4
55
78
132
241
344
376
321
207
108
241
262
216
205
170
182
244
161
-14
-141
-199
-109
-145
-177
-191
-127
-182
-145
-107
-176
-181
-214
-231
-210
-242
-301
-365
-285
-275
-275
-277
-326
-298
-341
-333
-288
-295
-267
-245
-277
-184
-182
-205
-263
-174
-220
-248
-216
-207
-181
-182
60
105
-4
-84
-93
55
123
256
236
235
291
399
288
147
193
118
132
122
131
143
215
222
264
310
210
100
-27
-141
-89
-20
83
153
182
172
101
-59
-115
-136
-64
-23
1
17
-60
-70
-203
-170
-149
-141
-143
-115
-131
-95
-72
-101
-56
-3
72
17
-28
-105
-79
-10
69
118
85
72
130
52
188
266
267
262
265
245
187
293
380
515
437
344
259
134
47
47
17
101
117
154
138
-1
-96
-119
-71
-5
38
-7
107
146
103
2
-78
-104
-139
-55
-80
-116
-159
-225
-314
-335
-283
-174
55
68
19
-111
-193
-283
-452
-480
-447
-266
-111
-133
-171
-163
-168
-238
-169
-152
-200
-64
73
149
95
-32
-146
-203
-194
-54
81
142
220
233
164
80
-17
-80
-52
56
51
137
238
314
362
207
166
267
255
191
61
33
170
160
146
35
20
132
210
283
230
87
-7
-29
-30
-14
32
-37
-75
-110
-141
-95
-129
-120
-64
-4
188
175
96
116
88
13
-20
-60
-65
-18
52
10
-115
-205
-227
-307
-368
-418
-459
-367
-260
-146
-57
-49
-37
-35
-21
48
-3
-61
105
114
175
145
64
177
187
203
218
291
196
106
126
209
274
277
294
253
219
257
222
176
127
80
45
14
48
121
40
8
-6
-86
-126
-226
-280
-245
-275
-227
-219
-150
-177
-175
-175
-282
-257
-283
-308
-333
-361
-334
-308
-273
-223
-242
-198
-249
-115
-144
-246
-280
-242
-156
-77
65
98
1
-100
-132
-120
-71
-27
-16
39
69
108
49
1
49
77
65
168
282
418
454
417
402
334
293
313
351
348
406
370
399
274
209
260
173
118
73
141
171
99
152
120
136
67
113
82
3
-74
-131
-97
-151
-124
-128
-173
-177
-135
-150
-194
-249
-195
-227
-223
-164
-224
-193
-200
-150
-214
-263
-309
-371
-408
-399
-282
-398
-271
-52
95
73
-26
-96
-126
-70
-3
234
289
426
569
597
658
486
305
236
358
442
472
383
257
207
257
314
186
94
34
49
16
-75
-161
-224
-230
-297
-323
-254
-286
-254
-235
-187
-236
-247
-293
-389
-286
-160
-121
-39
11
22
-58
-137
-70
-127
-149
-193
-132
-89
-165
-192
-208
-256
-206
-33
-1
35
-16
9
-41
-85
-47
87
160
167
192
199
223
238
241
320
392
324
354
342
288
202
120
206
178
150
101
69
156
214
236
76
46
30
-8
10
-65
-56
-53
-103
-208
-230
-179
-187
-171
-285
-244
-110
-125
-206
-245
-205
-178
-169
-129
-135
-111
-237
-281
-234
-340
-297
-279
-220
-96
-80
-129
-34
60
136
301
368
243
112
66
110
175
259
279
316
374
361
330
287
339
370
376
391
298
233
201
95
89
107
80
114
159
185
105
81
2
-69
-57
-31
-22
-94
-142
-202
-196
-233
-273
-395
-391
-264
-248
-294
-262
-304
-363
-333
-279
-303
-340
-300
-221
-166
-120
-96
-175
-279
-294
-305
-318
-329
-350
-335
-161
-75
-8
40
-29
-1
17
21
107
267
363
479
510
440
326
351
318
260
416
468
511
543
549
570
465
410
376
385
499
437
348
260
126
92
97
61
-33
-144
-172
-124
-37
-76
-173
-213
-156
-118
-201
-183
-146
-170
-286
-429
-577
-580
-508
-450
-424
-479
-534
-560
-597
-634
-731
-684
-541
-486
-468
-473
-361
-316
-200
-94
-135
-123
-62
67
116
134
193
312
342
302
436
422
465
430
399
372
396
412
458
499
355
376
392
351
352
290
217
204
231
303
183
105
97
108
103
137
110
156
192
168
124
33
17
-40
10
-24
-105
-198
-221
-225
-238
-357
-449
-445
-455
-530
-551
-467
-333
-303
-354
-359
-338
-385
-296
-260
-142
-38
63
111
123
180
260
291
298
331
378
425
368
335
311
452
547
561
542
542
544
477
403
357
375
395
386
444
414
413
408
356
179
167
249
225
158
21
-81
-147
-146
-190
-127
-117
-184
-280
-409
-453
-481
-517
-548
-589
-604
-540
-449
-447
-427
-513
-517
-527
-527
-549
-421
-371
-374
-242
-188
-196
-233
-261
-235
-186
-151
-132
-93
14
-18
-35
-93
-116
-97
-59
80
218
252
342
385
329
269
312
220
272
402
387
357
345
382
333
260
265
279
267
190
122
136
106
-10
6
-53
-173
-208
-218
-242
-235
-197
-214
-212
-241
-336
-432
-536
-555
-459
-438
-468
-441
-379
-280
-244
-257
-236
-254
-171
-223
-198
-169
-217
-200
-151
28
116
173
269
227
172
172
141
269
343
382
505
474
493
576
579
676
719
748
627
568
578
654
571
538
573
528
559
546
514
450
413
339
308
343
362
367
343
201
89
-47
-124
-148
-216
-191
-174
-145
-193
-279
-443
-580
-682
-759
-755
-736
-743
-713
-564
-484
-505
-555
-630
-655
-535
-472
-548
-494
-369
-248
-191
-111
-81
-151
-86
-87
-48
15
69
151
161
156
58
1
17
76
106
170
186
241
251
220
200
179
162
180
228
268
218
189
236
227
284
317
278
328
275
251
191
60
5
-3
6
29
90
36
13
-15
-146
-277
-333
-366
-420
-472
-511
-520
-493
-354
-329
-342
-292
-246
-259
-218
-245
-219
-144
-124
-137
-160
-175
-210
-72
-78
-15
5
21
-5
-84
-53
-5
157
279
223
122
165
169
224
290
298
324
343
333
278
249
237
365
423
483
524
572
507
422
407
454
366
249
185
104
175
135
147
221
164
133
147
71
62
72
87
137
216
135
117
105
55
52
7
58
93
73
-25
-117
-135
-193
-159
-175
-161
-212
-183
-147
-285
-358
-291
-188
-139
-221
-346
-385
-337
-283
-311
-246
-110
-45
-24
15
104
127
164
202
156
88
33
45
83
59
-35
-5
-17
-6
-88
-123
-87
-79
-113
-110
-133
-201
-254
-254
-329
-363
-291
-178
-157
-92
-96
-127
-212
-219
-240
-292
-182
-145
-137
-236
-284
-261
-280
-272
-253
-271
-222
-229
-268
-336
-348
-262
-239
-167
-73
-34
42
65
60
79
63
47
56
17
60
149
203
236
199
283
374
375
398
505
638
648
616
510
324
174
153
43
39
114
202
259
247
143
-20
-84
-87
-7
43
62
135
164
213
179
113
46
-2
52
9
-96
-144
-67
-110
-81
22
86
67
205
80
-26
-27
-96
-57
-132
-107
-93
-37
-11
-35
-177
-288
-316
-271
-245
-130
-37
75
193
223
180
91
116
216
348
366
328
377
371
393
308
78
-3
12
140
171
227
218
331
344
292
279
213
141
58
-75
-133
-171
-163
-153
-185
-117
-121
-43
-49
-24
-54
-74
-90
-197
-293
-319
-345
-329
-273
-261
-229
-158
-152
-243
-287
-330
-384
-420
-334
-262
-278
-270
-247
-354
-339
-278
-217
-201
-181
-160
-207
-178
-167
-230
-199
-33
0
109
229
333
319
260
213
185
136
137
242
237
264
290
223
149
113
84
105
197
186
218
215
114
32
-54
-96
-56
-2
50
64
41
-31
-139
-143
-152
-142
-128
-64
-7
-29
-32
-100
-186
-194
-154
-36
-34
-42
-66
-149
-112
-111
-152
-238
-252
-252
-171
-73
-3
12
118
76
67
73
106
68
99
153
163
196
205
260
242
323
310
408
401
396
293
199
124
197
295
228
158
176
172
271
264
276
233
282
325
223
169
59
61
89
134
118
71
-19
-66
-138
-205
-182
-127
-75
-9
-5
-182
-312
-368
-295
-290
-284
-171
-209
-276
-337
-368
-478
-512
-389
-241
-86
-118
-111
-175
-171
-237
-385
-353
-219
-137
-81
-81
-40
45
-12
-26
-1
68
139
78
-9
-60
-10
89
170
186
93
114
228
207
220
149
92
213
303
342
191
80
86
61
-4
35
58
94
157
61
5
-15
0
-91
-245
-290
-259
-257
-186
-145
-126
-168
-179
-268
-237
-128
-129
9
34
13
41
-20
-54
-79
-193
-173
-84
-110
-101
-40
59
87
87
117
155
176
199
192
225
251
220
135
76
130
158
101
159
175
146
86
51
85
63
126
164
216
312
227
144
127
128
153
136
95
141
104
151
145
17
-103
-95
-41
-61
-102
-76
-90
-87
-145
-271
-322
-273
-154
-98
-49
-90
-179
-173
-168
-322
-396
-415
-282
-186
-14
41
-30
-88
-124
-154
-158
-122
-61
37
25
-11
-104
-124
-107
-52
136
203
136
116
133
147
159
192
146
171
312
366
335
402
482
483
421
281
175
167
267
319
315
268
198
208
274
220
100
-93
-138
10
-50
-104
-129
-119
-171
-168
-104
-72
-107
-117
-236
-271
-334
-284
-175
-80
-31
-107
-211
-302
-277
-266
-269
-247
-259
-362
-334
-350
-369
-401
-383
-302
-310
-328
-306
-223
-80
35
53
28
-91
-39
129
181
292
266
233
199
224
261
263
314
238
249
330
306
234
180
152
53
111
133
155
155
176
280
153
85
76
-5
-24
2
-28
17
26
-50
-90
-26
88
44
-3
24
-63
-123
-110
-180
-211
-159
-134
-144
-127
-151
-314
-353
-405
-370
-374
-374
-388
-393
-410
-397
-371
-379
-213
-143
-40
37
140
142
107
-30
-93
16
86
244
331
402
326
303
233
325
341
360
477
472
479
467
513
464
312
304
277
141
71
74
127
156
221
205
85
-35
-85
-92
-21
87
54
-41
-47
-109
-221
-172
-183
-215
-266
-319
-285
-276
-281
-319
-413
-405
-388
-418
-385
-415
-340
-253
-207
-195
-258
-260
-259
-254
-161
-132
-103
-52
-69
-68
-7
8
27
28
45
94
195
273
335
345
345
303
331
409
379
416
343
303
383
409
345
318
349
460
511
414
324
257
175
54
-66
-94
-75
-46
-93
-99
-96
-30
-75
-90
-31
-69
-137
-198
-278
-271
-263
-290
-153
-53
-130
-168
-157
-165
-139
-61
-52
-62
-94
-108
-106
-70
0
111
137
182
190
114
42
109
145
167
243
303
300
357
240
246
304
323
346
280
269
217
88
87
72
-23
-52
-95
-16
22
40
57
-6
-148
-189
-253
-338
-282
-270
-290
-317
-350
-358
-255
-340
-437
-445
-392
-296
-347
-418
-454
-400
-426
-422
-553
-532
-438
-351
-330
-219
-230
-221
-132
-139
-230
-207
-185
-119
-85
-11
55
67
219
184
100
53
131
324
301
340
349
346
419
424
401
359
388
394
392
422
442
423
342
243
247
333
364
298
323
306
298
357
329
271
179
80
-28
33
37
58
-18
-83
-81
-107
-295
-495
-516
-435
-323
-431
-453
-451
-541
-546
-526
-446
-412
-360
-211
-86
-67
-150
-174
-184
-164
-107
-20
53
156
157
202
272
316
322
249
285
210
137
221
216
219
215
302
296
312
292
279
316
333
314
280
225
171
163
200
251
219
246
223
213
88
19
-2
38
70
88
-7
-100
-63
-103
-156
-169
-175
-207
-227
-224
-278
-345
-322
-306
-340
-329
-353
-225
-170
-222
-399
-461
-413
-377
-374
-308
-253
-210
-186
-171
-198
-209
-184
-142
-133
-157
-119
10
117
118
76
48
77
64
141
175
184
146
190
203
206
219
343
329
286
192
142
93
103
160
88
115
149
130
112
67
67
16
-41
-30
2
34
59
33
-13
-75
-45
14
-8
33
-6
-18
-8
-34
-65
-53
6
76
251
295
250
186
82
103
89
-2
3
44
79
87
43
49
4
-32
46
23
10
73
76
86
70
-42
-47
36
102
159
153
106
217
269
254
241
163
225
285
313
299
259
108
51
72
145
145
78
27
-40
-54
-111
-256
-322
-395
-355
-355
-335
-363
-444
-435
-484
-490
-529
-414
-384
-314
-320
-441
-507
-546
-428
-266
-158
-143
-111
-116
-87
-21
-82
-133
-86
54
119
95
3
0
50
75
74
170
202
317
323
165
122
48
65
106
148
169
236
226
274
286
197
115
-19
46
151
192
195
113
14
-35
-64
-72
-115
-88
-63
-88
-285
-370
-444
-504
-454
-299
-292
-327
-324
-324
-237
-187
-173
-161
-156
-133
-164
-208
-202
-127
-17
113
205
268
340
258
199
198
166
193
188
291
337
360
528
519
413
289
242
234
251
224
271
349
462
440
401
349
285
320
257
255
282
327
369
340
258
149
69
78
65
89
-13
-15
10
-68
-132
-131
-116
-142
-94
-223
-317
-326
-270
-253
-212
-171
-265
-296
-281
-265
-236
-214
-214
-214
-237
-258
-296
-274
-260
-255
-216
-166
-133
-99
-166
-232
-294
-323
-262
-173
-80
-32
-49
14
17
-3
-44
-37
32
170
217
231
241
197
178
156
197
268
316
382
431
309
291
205
148
95
83
113
71
101
125
69
-79
-119
-51
-47
-67
-106
-78
-19
-96
-127
-113
-208
-159
-133
-171
-147
-108
-75
-144
-191
-269
-309
-287
-238
-198
-197
-138
-211
-216
-204
-126
-72
18
129
207
164
136
62
39
58
117
150
199
210
240
234
191
149
26
75
161
246
257
242
150
149
77
67
158
168
236
254
179
88
-16
-13
-38
-62
