192
-28
-44
-31
-59
-64
-98
42
106
248
191
238
306
317
205
199
322
321
360
311
201
132
97
46
169
95
106
14
28
152
178
91
76
12
-92
-20
311
476
626
601
515
390
178
-2
-54
38
109
227
133
4
-128
-118
-152
-112
13
60
175
38
119
9
-227
-255
-185
-95
-136
-87
18
-11
-161
-348
-258
-171
-17
16
-39
-108
15
31
-15
-22
-67
-264
-317
-281
-134
-53
-132
-204
-419
-303
-374
-238
-93
-45
8
61
47
-56
-219
-324
-252
-159
-140
-86
-21
-34
-29
114
169
-3
76
61
-24
-29
-146
-123
-164
-50
62
114
39
-47
-76
-87
-38
20
59
77
126
78
116
-29
-77
-133
-87
-110
-101
-104
18
84
-7
-162
-141
-130
41
149
215
193
167
276
201
223
174
94
-181
-181
-163
95
223
294
102
-146
-191
-116
-57
-35
62
183
134
10
17
1
177
3
-38
-96
-52
98
167
278
285
294
193
207
166
56
48
127
144
90
25
43
23
70
128
325
399
443
381
101
73
54
-21
-50
-80
-115
-64
64
202
46
35
-12
-149
-64
-30
90
168
197
106
135
-1
-214
-409
-453
-506
-546
-265
-71
64
96
-77
-104
-106
-101
-26
8
-13
-40
-99
-34
-23
-10
5
64
129
72
-43
-160
-46
178
153
-5
-72
-65
15
-21
11
-39
-108
-17
65
85
-20
-132
-323
-370
-288
-137
-1
152
212
215
87
-19
-131
-215
-126
-134
-12
235
169
57
-132
-245
-154
-136
-261
-230
-160
-158
-121
-262
-367
-391
-313
-271
-175
-60
73
101
22
88
48
-30
-32
100
170
145
80
-71
-15
-73
-48
-37
-4
54
146
223
314
298
107
-7
-78
-58
34
131
123
258
267
153
-104
33
69
-65
-44
-42
94
113
126
68
-87
-80
-4
103
148
220
166
-20
-10
51
43
-120
-92
23
20
-47
-26
-1
64
128
124
-42
-135
-82
-129
-99
3
77
106
172
169
113
27
-31
-52
-93
-49
-100
-34
133
143
-10
-97
33
22
-4
40
24
21
170
118
1
-17
-111
-114
-26
29
-50
-38
149
256
32
9
-21
25
64
3
18
111
99
107
33
-18
68
-41
-47
-123
-141
-99
-88
-73
-89
-64
-73
-134
-175
-124
-206
-187
-82
25
44
183
159
24
24
3
29
53
246
324
303
284
226
53
11
-4
102
191
177
54
-4
125
210
202
174
74
7
-66
-202
-110
-42
-26
-87
-245
-240
-238
-47
105
-39
-57
-35
-60
-130
-271
-289
-227
-70
82
192
180
98
37
-112
-135
-126
-195
-145
-88
-91
-147
-177
-151
-106
-149
-130
-29
123
110
101
99
-7
-27
-89
-33
14
63
60
199
238
195
103
56
31
11
40
81
211
258
186
106
-44
-123
-43
3
-67
-12
-2
-78
-133
-232
-223
-303
-278
-198
-113
-78
-68
-54
-113
-91
-137
-212
-168
-142
-85
-75
-26
39
1
-111
-83
-54
-23
-153
-211
-162
-145
-34
54
-17
-105
-162
-149
-183
-74
64
210
251
211
263
239
280
287
293
235
166
164
148
41
-48
85
105
131
33
36
-63
-86
82
79
190
178
176
80
27
69
108
74
-9
18
45
-77
23
10
-125
-79
-100
-1
102
72
-118
-69
38
34
-14
60
124
21
-96
-254
-364
-368
-193
-6
132
179
-7
-104
-136
-136
-24
73
363
423
382
263
244
120
35
42
86
187
1
56
-37
-165
-21
-33
-75
-109
-235
-80
155
226
115
71
-78
-69
-50
-85
26
104
133
-6
-146
-19
53
-111
-18
15
-41
-14
109
117
44
-198
-278
-220
-87
-77
-222
-266
-200
-119
-81
-8
64
106
96
78
-38
-109
-136
-4
71
28
-1
-130
-4
190
205
34
9
85
195
259
99
65
-65
-194
-108
2
-131
-79
45
-50
-82
-47
120
206
108
-83
-171
-222
-146
-14
-38
-130
-131
-187
-201
-226
-100
58
160
216
251
125
-47
-117
-168
-169
-44
70
146
101
86
9
46
157
44
127
239
151
68
34
10
56
-99
-113
-182
-362
-263
-242
-214
-65
102
67
37
119
39
-6
127
196
237
209
115
76
-11
-71
-96
-84
113
162
127
51
-55
-80
-40
-141
32
217
190
370
225
56
-34
-79
-114
-114
-126
-179
-49
1
81
75
-24
-27
3
-20
-41
17
81
266
297
156
47
-68
-46
-63
-138
-70
7
21
-17
-137
-240
-262
-197
-101
-1
83
185
118
201
133
59
-14
-174
-103
3
107
150
172
148
72
62
-8
55
93
72
-11
3
-22
17
-33
-100
-37
26
-18
-62
-171
-291
-208
-182
-153
-73
-86
-157
-152
-201
-235
-251
-96
-88
-147
34
46
18
-166
-239
-311
-398
-530
-467
-332
-212
-47
-24
-91
-177
-32
115
10
47
-21
27
184
246
334
242
205
186
167
81
-48
2
-24
49
89
43
126
209
299
317
212
156
235
262
195
124
-20
-3
230
189
79
-17
-17
-33
-26
-15
2
-165
-153
34
67
100
197
224
78
78
-98
-113
-76
28
50
162
192
-9
-77
-131
-181
-350
-312
-161
-20
181
288
134
-3
-112
-152
-52
28
1
41
70
125
257
311
286
286
209
157
174
165
165
227
226
322
374
210
-8
-64
-44
-30
-109
-109
60
102
206
219
197
60
37
53
138
55
-10
35
-61
-134
-158
-162
-158
-58
-59
-12
53
51
15
-92
-260
-323
-286
-294
-348
-231
-132
-99
-173
-209
-140
-197
-142
-198
-70
-143
-138
-136
-243
-154
-212
-151
-139
-79
-74
-136
-116
-94
-225
-220
-190
-207
-26
-45
-112
-22
-118
-123
-88
-2
-18
-175
-169
-150
-101
33
15
47
140
395
440
180
-5
112
116
-35
-152
-198
-278
-172
18
-1
46
229
250
92
-11
-192
-76
-57
-133
-192
-229
-157
-97
-104
-31
-31
42
140
144
128
121
138
45
66
226
285
322
97
-120
-61
-7
-56
85
218
192
146
224
185
-18
-74
-16
92
74
-24
11
23
100
164
163
224
263
393
334
313
255
118
96
134
91
141
184
340
441
312
250
178
206
221
223
193
256
276
25
-184
-175
-39
33
-21
-125
-162
-137
-123
-304
-311
-241
-164
-118
-289
-286
-130
-163
-117
-111
-200
-172
-214
-150
-120
-190
-338
-315
-209
-171
-124
-88
-19
-25
-123
-196
-132
-119
-69
-41
69
132
139
27
-48
-112
-17
45
40
103
196
278
130
48
67
150
86
134
162
248
180
21
-37
-259
-300
-247
-99
71
73
-83
-165
-202
-292
-353
-274
-273
-150
-95
-251
-315
-130
92
2
46
-62
-12
63
78
-70
-170
-230
-161
-131
-9
80
116
175
146
139
-35
-64
-167
-104
4
-31
81
26
110
164
112
178
77
-2
134
217
251
257
288
317
91
-114
-107
-64
12
155
218
217
213
72
71
198
220
173
111
81
33
-77
-5
-23
55
160
148
53
-30
57
-25
105
100
53
-53
-3
168
151
111
172
139
-2
-27
-21
111
341
448
394
245
136
93
44
-14
-50
28
-114
-44
18
-122
-164
-301
-372
-309
-273
-309
-212
-78
-57
7
72
-73
-160
-216
-179
-157
-236
-186
-223
-63
26
12
-60
-34
-83
-314
-326
-162
-85
-30
-167
-71
-29
-92
-38
-195
-224
-272
-175
-155
-130
103
139
95
83
64
39
-11
19
48
-38
-168
-176
-180
-65
-30
72
289
307
293
224
195
86
-54
-135
-98
-64
9
126
95
-26
-37
-55
-69
94
1
-30
63
149
147
152
59
42
2
74
125
141
212
195
109
32
-149
-188
-65
-57
-2
-22
-4
-50
-85
-139
-182
-337
-263
-279
-105
-36
-199
-171
-172
-26
112
-38
-195
-124
-98
-103
-170
-136
-103
-37
186
113
67
5
33
1
70
107
64
119
181
157
128
124
233
256
227
218
195
159
191
129
84
326
479
441
393
323
164
79
30
-32
55
51
25
72
81
179
48
-6
-3
-39
-81
-116
-12
97
163
100
53
41
-125
-303
-265
-184
-130
17
181
71
70
-19
-49
-19
83
105
29
21
-26
-100
-62
-45
-123
-38
-64
-114
-10
147
-14
-125
-169
-121
-120
-25
-73
-116
-10
107
88
19
151
191
154
74
79
-25
36
-125
-238
-164
-10
57
104
99
70
36
-36
-188
-353
-515
-427
-232
-171
-108
-97
-114
-298
-79
-70
-157
11
60
-11
-22
-202
-268
-375
-291
-117
-99
187
129
139
74
-59
-35
-37
121
-52
-52
-60
-85
-58
-114
-157
-166
-238
-198
-50
34
62
160
144
82
-14
-98
-89
-55
37
18
38
-17
44
-17
7
2
66
104
129
243
161
49
-20
-98
-21
87
82
100
39
114
178
125
181
154
40
167
240
184
262
104
69
184
227
278
163
222
205
135
28
-114
-140
-124
-84
-33
0
109
161
28
-194
-255
-213
-118
-130
-153
15
86
47
43
-3
2
12
105
127
234
304
180
103
63
22
89
148
70
-42
-117
-159
-115
-57
-74
-34
78
104
-25
-204
-196
-121
-125
-178
-123
-29
-67
-64
6
52
50
119
100
57
-14
-12
20
-104
-56
-200
-183
-147
-70
-4
118
164
80
51
-15
-17
160
128
-31
43
78
166
99
71
39
36
-37
-166
-234
-263
-227
-64
53
41
-9
-74
-143
-93
-84
-16
-84
-44
94
-110
-255
-325
-251
-118
-128
-148
-72
10
-48
-147
-235
-132
62
146
328
393
311
215
95
1
-106
-58
-23
-70
-5
1
47
63
-40
-19
-27
-62
-40
-160
-172
-113
-74
1
109
86
53
-15
-40
26
79
246
268
94
36
-75
-15
129
167
176
39
86
88
65
186
262
235
311
55
-65
-41
-3
114
131
137
-54
-17
5
-82
19
-74
-161
-135
-99
-137
-117
-111
-117
-144
-102
-89
5
37
-11
-124
-252
-219
-57
2
99
161
197
68
-118
-99
-14
-98
-86
-40
125
89
50
90
136
163
23
-55
-6
127
260
287
199
130
13
-37
-68
-55
-88
-41
162
143
98
20
-20
30
195
62
-44
37
-8
-82
-46
11
136
285
304
254
159
46
-72
-47
-97
27
14
102
316
226
173
-42
-63
-10
4
-69
-216
-168
-95
-199
-293
-330
-378
-346
-358
-422
-376
-292
-356
-316
-368
-330
-330
-375
-308
-268
-158
-125
-164
-196
-232
-136
-39
-106
-190
-104
52
123
107
60
111
40
-34
-112
-155
-81
74
38
1
-7
-55
-123
-153
-84
-100
-59
-3
172
279
450
542
416
380
262
237
165
194
291
274
268
266
189
161
125
-18
-61
-135
3
111
175
339
232
170
235
83
133
69
-54
31
10
107
132
171
131
217
251
159
3
0
-71
0
222
307
180
-9
17
5
89
78
-32
-136
-93
-104
-207
-250
-297
-288
-209
-111
-103
-94
-120
-48
17
21
-21
-15
-24
-111
6
67
132
243
284
257
220
118
-89
-208
-328
-147
134
353
424
363
183
62
-90
-190
-150
-117
-119
-133
-152
-155
-394
-473
-475
-270
-110
6
49
-92
55
102
12
-184
-396
-397
-216
-116
-36
-15
9
36
-23
10
56
26
99
77
21
167
220
208
48
-58
-199
-245
-220
-171
-181
-81
-65
1
-8
23
125
119
277
357
230
92
-21
-96
-84
114
162
125
148
185
213
94
-9
-181
-119
-64
14
46
97
153
137
115
2
-12
-57
-66
-89
67
47
-32
-114
-232
-102
39
221
181
174
123
64
10
-156
-241
-261
-336
-328
-305
-355
-231
-100
-66
-122
-229
-305
-380
-284
-135
6
-66
6
82
1
-41
-7
96
192
127
55
114
100
36
20
72
11
-38
-139
-69
48
50
51
61
62
23
-37
34
117
56
2
57
148
85
-29
-167
-59
-12
71
155
85
159
257
237
90
129
46
131
221
61
-16
68
160
-10
-149
-205
-163
-54
18
84
127
248
251
248
123
61
88
83
214
234
207
264
359
290
132
6
39
40
-9
-88
-133
-141
-311
-165
-86
43
156
182
150
82
109
-19
-132
-105
-81
19
84
74
117
25
1
-123
-195
-97
-86
-117
-72
-57
-111
-188
-187
-145
-205
-118
-90
-75
6
-55
-66
-120
-257
-179
-121
-119
-154
-227
-322
-147
-81
-64
-4
-68
-33
38
111
93
62
37
-34
-51
-71
-33
10
40
24
-136
-136
-29
84
96
49
65
31
-22
-142
-252
-165
-167
-141
-55
73
160
196
130
30
-132
-139
-129
-35
26
225
382
393
356
202
195
208
187
162
198
204
273
297
168
120
83
4
91
123
140
76
-21
-71
-40
10
-37
-50
-105
-53
-85
-271
-308
-235
-114
-27
-95
-47
-42
112
124
148
177
190
202
113
-48
-166
-242
-204
-25
-22
88
73
168
171
91
64
17
-33
-170
-286
-364
-330
-279
-194
-78
-64
-20
-50
21
-100
-280
-377
-153
-74
-82
-55
-130
-37
-71
34
150
243
148
99
34
-30
-49
-57
-103
-137
-29
5
84
115
120
132
125
147
145
80
125
88
2
16
125
29
-81
-83
-119
-78
-74
-62
-47
35
-2
-25
-74
5
-1
-85
29
-29
10
24
30
-107
-109
-89
-50
109
37
23
-27
69
5
-42
-59
-131
-84
-34
80
78
12
-44
-24
16
36
-70
-202
-85
0
-86
-166
-220
-121
-24
89
157
139
174
90
60
107
188
205
134
97
11
31
-40
-77
-121
-119
13
118
133
118
80
94
119
141
150
64
57
15
50
76
-77
-205
-117
-14
155
303
272
320
246
111
70
36
148
212
224
289
280
108
28
113
177
26
-27
-69
-208
-317
-305
-344
-392
-265
-134
-55
-12
-52
-167
-277
-326
-272
-327
-315
-144
-74
31
103
32
-20
54
-12
-26
-61
-81
70
104
176
172
78
40
9
-68
-23
-24
16
88
124
28
-3
-9
59
63
-37
-58
-99
-85
17
92
122
246
313
387
327
345
194
102
213
254
230
205
40
-75
-76
-184
-194
-119
-49
23
-9
-121
-169
-198
-180
-284
-393
-382
-300
-277
-350
-329
-338
-248
-289
-236
-137
-1
-25
-36
-11
-71
-4
114
177
171
182
179
230
232
67
-81
-21
29
15
155
191
280
246
221
129
16
-2
-13
17
37
90
64
67
106
58
-104
-65
-102
-79
-175
-122
82
145
25
-12
64
25
67
-57
-250
-330
-266
-251
-167
-155
-101
-78
-62
-69
13
6
25
23
-60
-87
-154
-58
57
105
-35
-64
-28
17
-10
-29
76
196
70
-53
-214
-149
-66
-16
44
85
242
162
156
196
145
72
49
-133
-118
-10
55
57
68
20
-32
-17
8
108
118
158
260
301
419
376
177
157
28
-43
-91
-116
28
118
169
113
91
57
2
8
-59
22
118
129
87
-63
-163
-308
-233
-89
-193
-186
-70
-125
-286
-196
-192
-227
-91
-128
-194
-86
-25
62
174
154
194
249
270
207
-1
-35
166
213
205
43
-68
-119
-107
3
-38
66
155
73
-98
-208
-182
17
146
175
67
-32
29
-49
-97
-168
-169
-148
-150
-136
-136
-161
-227
-188
-138
-193
-190
21
64
10
36
102
95
-55
-56
-42
20
112
158
93
12
42
66
132
209
126
63
76
60
34
-46
55
42
-14
-61
-45
93
219
180
43
-83
-79
-75
-35
28
4
27
195
252
181
126
-39
82
-23
6
-6
-72
-106
-149
-131
-228
-168
-80
-20
-58
-87
-93
-177
-366
-345
-316
-271
-298
-313
-257
-172
-118
34
45
34
197
144
139
193
136
72
20
-14
-8
85
206
232
196
274
347
322
226
237
74
64
59
40
114
65
23
40
-84
-99
-92
-115
-106
-42
14
42
33
-18
-134
-223
-233
-133
45
109
121
76
14
-8
-6
11
153
115
61
133
71
30
24
100
119
134
195
128
60
17
134
194
251
305
375
253
122
-119
-191
-137
-116
-67
-100
-174
-138
-151
-63
-79
-285
-327
-248
-192
-174
-271
-333
-248
-245
-271
-388
-347
-273
-274
-241
-128
-107
-148
-210
-224
-156
8
73
156
135
7
30
76
104
173
242
303
324
295
134
77
125
137
228
256
218
253
349
283
121
248
376
302
346
234
21
87
92
10
-89
-227
-321
-302
-294
-365
-342
-246
-330
-327
-287
-475
-488
-548
-662
-586
-450
-432
-396
-186
-20
-82
-87
-71
-88
-82
-114
-176
-294
-205
-66
13
86
220
349
454
615
724
724
710
860
771
791
728
604
547
516
513
582
636
582
600
655
643
698
634
474
428
316
117
0
-179
-220
-187
-221
-296
-498
-633
-821
-768
-636
-668
-714
-791
-887
-927
-1052
-1128
-1064
-1123
-1079
-984
-976
-985
-895
-721
-501
-460
-483
-506
-542
-415
-273
-137
53
350
644
834
1085
1182
1240
1298
1376
1491
1650
1911
2108
2218
2272
2132
2013
1942
1790
1573
1350
1260
1284
1038
710
397
-59
-328
-654
-864
-1073
-1217
-1342
-1490
-1691
-1887
-2063
-2332
-2366
-2233
-2368
-2412
-2517
-2767
-2713
-2689
-2646
-2616
-2585
-2589
-2336
-2047
-1735
-1444
-1246
-1003
-622
-351
41
566
1075
1629
1903
2204
2584
2919
3229
3421
3486
3645
3834
4042
4062
4059
3972
3843
3835
3741
3560
3137
2731
2143
1423
766
212
-266
-803
-1269
-1679
-2109
-2358
-2660
-3103
-3501
-3919
-4257
-4497
-4551
-4770
-4775
-4693
-4587
-4410
-4160
-3843
-3634
-3289
-2934
-2639
-2306
-1910
-1482
-1137
-708
-145
286
830
1608
2286
2822
3444
4110
4603
4845
5029
5177
5281
5394
5395
5273
5176
5149
5097
4936
4665
4447
4094
3625
3050
2280
1428
699
-112
-834
-1557
-2356
-2983
-3374
-3633
-3977
-4241
-4714
-5185
-5433
-5659
-5783
-5817
-5692
-5602
-5423
-5245
-5077
-4639
-4205
-3684
-3160
-2706
-2200
-1714
-1246
-799
-211
457
1122
1758
2616
3275
3750
4256
4707
5169
5460
5566
5697
5707
5685
5654
5520
5344
5111
4958
4929
4854
4598
4295
3735
3147
2541
1801
899
98
-699
-1514
-2274
-2949
-3557
-4079
-4394
-4705
-4904
-5032
-5045
-5124
-5226
-5407
-5587
-5658
-5565
-5375
-5360
-5051
-4728
-4406
-4104
-3842
-3375
-2868
-2172
-1574
-1014
-384
246
704
1074
1390
1757
2319
2953
3672
4195
4579
4869
5171
5516
5601
5548
5432
5292
5291
5222
5205
4993
4867
4797
4643
4354
3996
3670
3102
2357
1609
708
-317
-1293
-1925
-2430
-2949
-3529
-3846
-4025
-4280
-4390
-4560
-4735
-4884
-4981
-5125
-5234
-5248
-5069
-4930
-4793
-4515
-4335
-4163
-4014
-3820
-3357
-2995
-2664
-2194
-1617
-1039
-431
198
679
1103
1416
1576
1872
2324
3085
3813
4308
4773
5273
5677
5776
5681
5588
5518
5381
5369
5239
5149
5116
5025
4961
4663
4259
3777
3339
2720
1923
1025
-65
-1118
-1946
-2440
-2880
-3424
-3812
-3982
-4135
-4234
-4357
-4710
-5168
-5363
-5538
-5660
-5553
-5349
-5136
-4886
-4644
-4504
-4385
-4282
-4088
-3918
-3590
-3118
-2497
-1862
-1387
-880
-355
308
958
1548
2000
2270
2511
2895
3504
4184
4668
5053
5390
5820
6178
6330
6217
5934
5626
5288
5068
4899
4732
4465
4227
4015
3770
3301
2548
1785
894
-90
-1212
-2287
-3026
-3558
-4010
-4449
-4784
-5019
-5100
-5189
-5281
-5461
-5622
-5751
-5792
-5702
-5543
-5333
-5098
-4819
-4489
-4171
-3900
-3693
-3392
-3026
-2621
-2175
-1669
-948
-164
636
1394
2045
2543
3096
3458
3625
3700
3838
4170
4617
5221
5611
5814
5940
6146
6320
6031
5535
5160
4747
4209
3803
3529
3417
3271
2984
2603
2309
1783
1123
221
-767
-1919
-3009
-3654
-4169
-4385
-4651
-4893
-4867
-4797
-4679
-4705
-4685
-4831
-4917
-4973
-4867
-4614
-4466
-4261
-4087
-3764
-3399
-3152
-2957
-2806
-2599
-2207
-1792
-1249
-523
284
1041
1682
2220
2635
2997
3123
3272
3361
3335
3375
3611
3943
4293
4751
4945
5047
5104
5104
4978
4532
4062
3554
3062
2712
2524
2463
2403
2266
2025
1650
1070
388
-377
-1197
-2209
-3046
-3445
-3503
-3700
-3824
-3850
-3747
-3667
-3760
-3822
-3911
-4101
-4284
-4443
-4350
-4151
-3880
-3628
-3479
-3210
-3028
-2717
-2543
-2369
-2109
-1874
-1526
-992
-505
15
659
1386
1951
2419
2728
2599
2490
2472
2437
2482
2792
3021
3201
3493
3886
4017
4031
3970
3897
3851
3621
3321
3076
2997
2887
2829
2844
2731
2551
2261
1894
1292
437
-513
-1472
-2061
-2394
-2476
-2588
-2638
-2639
-2678
-2656
-2666
-2730
-2967
-3300
-3667
-3843
-3968
-4199
-4056
-3876
-3730
-3364
-3083
-2837
-2688
-2589
-2432
-2206
-1936
-1594
-1077
-478
-3
523
1005
1443
1689
1787
1904
1811
1711
1614
1702
2037
2446
2812
3222
3808
4199
4220
4176
4135
3952
3709
3426
3089
2966
3047
3111
3118
3143
2933
2571
2004
1208
318
-666
-1410
-1924
-2186
-2323
-2513
-2485
-2374
-2389
-2390
-2527
-2759
-3105
-3538
-3810
-4013
-4039
-3884
-3744
-3467
-3075
-2850
-2824
-2870
-2806
-2673
-2455
-2026
-1682
-1146
-700
-280
174
573
925
1145
1232
1075
989
924
971
1135
1408
1673
1914
2236
2755
3281
3790
4062
4082
4161
4048
3910
3704
3491
3360
3299
3288
3158
3065
2873
2455
1918
1234
242
-515
-982
-1253
-1634
-1919
-2041
-1991
-2008
-2144
-2328
-2598
-2832
-3179
-3453
-3628
-3666
-3763
-3650
-3488
-3173
-2846
-2556
-2644
-2804
-2835
-2750
-2593
-2385
-1932
-1413
-1052
-732
-489
-271
48
290
175
201
403
431
570
800
1025
1377
1766
2145
2624
3249
3781
4065
4257
4371
4386
4287
4317
4296
4142
4062
3998
3900
3860
3742
3419
2794
1877
796
-38
-607
-1253
-1650
-1959
-2041
-2027
-2086
-2258
-2525
-2892
-3277
-3646
-4083
-4276
-4412
-4313
-4210
-3999
-3785
-3581
-3512
-3436
-3407
-3435
-3364
-3181
-3017
-2700
-2155
-1749
-1166
-708
-427
-209
124
438
538
576
436
395
640
1164
1719
2362
2982
3528
4162
4705
5091
5171
5215
5167
5119
5003
4930
4771
4759
4750
4769
4580
4250
3548
2564
1540
636
-109
-915
-1475
-1853
-2172
-2441
-2654
-2689
-2726
-2702
-3063
-3691
-4227
-4635
-4839
-4812
-4588
-4272
-3885
-3671
-3582
-3526
-3506
-3570
-3544
-3434
-3129
-2706
-2239
-1690
-1063
-593
-269
-105
88
129
120
253
492
692
890
1241
1718
2403
2870
3398
3980
4354
4711
5012
5156
5204
5026
4773
4534
4429
4397
4414
4266
4063
3796
3299
2711
1909
997
143
-634
-1338
-1977
-2331
-2520
-2674
-2876
-3089
-3098
-3355
-3661
-4106
-4454
-4700
-4744
-4665
-4512
-4224
-3935
-3556
-3423
-3393
-3150
-3115
-2973
-2839
-2725
-2308
-1851
-1587
-1100
-536
-143
174
375
660
730
828
1087
1320
1615
1808
2233
2644
3099
3516
3965
4492
4787
4936
4907
4870
4733
4506
4165
3881
3729
3674
3590
3445
3260
2935
2267
1494
733
89
-480
-1263
-1927
-2294
-2525
-2846
-3162
-3371
-3399
-3263
-3348
-3576
-3787
-3908
-3967
-3800
-3563
-3539
-3210
-2828
-2674
-2866
-3049
-2693
-2344
-2418
-2433
-2053
-1761
-1504
-1159
-466
101
337
394
476
632
825
784
708
986
1338
1713
2068
2386
2678
3100
3560
3809
3850
3894
3943
3821
3752
3582
3296
3202
3252
3207
3163
3033
2795
2480
2161
1611
946
282
-304
-796
-1288
-1597
-1915
-2200
-2230
-2136
-2115
-2431
-2638
-3123
-3180
-3161
-3351
-2531
-2927
-2780
-2517
-2368
-2063
-2895
-3113
-2749
-2608
-2699
-2960
-2331
-1886
-1447
-1001
-710
-578
-476
-168
2
64
301
643
897
837
1087
1494
1792
2196
2558
2961
3048
3329
3725
3816
3829
3813
3738
3621
3502
3585
3562
3359
3238
2938
2755
2619
2265
1610
931
251
-486
-1079
-1566
-1932
-1966
-2013
-1998
-2277
-2770
-2692
-2796
-3113
-2852
-3023
-3566
-2576
-2895
-2643
-2459
-3412
-2595
-2845
-2795
-2590
-3085
-2567
-2795
-2117
-1903
-2261
-1158
-1228
-803
-271
-186
171
284
518
520
225
583
962
1096
1378
1820
2363
2731
3330
3882
4252
4466
4438
4325
4069
3955
3640
3317
3215
3199
2905
2840
2823
2534
2307
1637
942
385
-385
-996
-1461
-1909
-2136
-2134
-2094
-1977
-2346
-2593
-2399
-2387
-2197
-1261
-1536
-3071
-4109
-3200
-1953
-2721
-4267
-3120
-2760
-1951
-3247
-2434
-836
-1388
-503
-1870
-1452
-481
-475
229
-66
813
1830
1171
1030
1046
1527
1722
1615
2153
2374
2409
2794
3135
3458
3607
3755
3952
3955
3506
3187
2974
2630
2415
2439
2653
2541
2357
2221
1676
1283
364
-595
-1332
-1889
-2319
-2693
-2602
-2097
-2297
-2155
-2241
-1793
-2103
-2782
-2823
-2468
-2018
-2470
-3206
-2721
-2017
-1823
-1094
-2108
-1585
-2399
-1391
-228
-2883
-2766
-2170
-655
-600
-2131
-1060
1483
-108
4
703
1234
1162
-558
539
670
1178
1418
1828
2440
2443
2891
3509
3244
3430
2951
3074
3043
2558
2280
2278
2620
2762
2433
2301
2686
2481
1841
776
216
-563
-1369
-2148
-2500
-2148
-2103
-1793
-1594
-1666
-1047
-1261
-1614
-1702
-2241
-1619
-2062
-2241
-1717
-1522
-1482
-1116
-1512
-304
-438
-1369
-1326
-1567
-710
-1232
-2109
-1895
-393
542
-379
-824
-650
-261
406
-296
-612
-763
-1260
-96
713
1118
1084
1546
2626
2540
2490
2582
2812
2685
2279
2029
1978
2039
2041
2033
2358
2538
2337
2024
1656
1141
370
-608
-1098
-1173
-1120
-1045
-1064
-700
-324
-777
-941
-164
-22
-623
-732
-1738
-1055
-1473
-1407
-602
-1209
298
-1
-1076
-475
-1629
-546
-809
-1683
-2126
-3108
-1109
-668
-1487
-1529
-1627
-879
-1166
-2074
-1176
-923
-1526
-2033
-1164
-245
642
878
1267
2068
2827
2819
2540
2344
2091
2116
1961
2047
2203
2537
3234
3550
3385
3356
3050
2347
1672
548
-269
-700
-983
-1094
-958
-511
69
234
177
350
51
-475
-52
-1584
-1290
-2012
-1382
-1081
-1560
-732
-645
-159
-1674
-1241
-1181
-1883
-1837
-2977
-2104
-2345
-3447
-2148
-2738
-1333
-1462
-2328
-1335
-2726
-2443
-2181
-1732
-1209
-1284
-72
700
1496
2317
2924
3556
2959
2847
2953
2699
2617
2526
2966
3433
4103
4497
4306
4134
3803
3092
1960
850
-23
-706
-1040
-988
-768
-267
552
1137
888
245
-49
-384
-1030
-2136
-1801
-1706
-1773
-1883
-1408
-1357
-716
-1483
-738
-1220
-3838
-3061
-3259
-2295
-3476
-4326
-2927
-3210
-2437
-2805
-2413
-1937
-2658
-2396
-2719
-2014
-542
77
734
1363
2655
3790
3961
3849
3553
3245
3053
2967
2756
3299
4072
4800
5372
5515
5322
4780
3649
2292
998
-90
-976
-1262
-1162
-849
-206
69
429
611
363
1
-919
-1024
-2231
-2598
-2890
-3072
-2005
-2140
-1629
-1764
-1639
-1780
-2110
-2167
-3750
-3900
-4345
-2680
-3379
-4324
-3388
-3224
-2172
-2433
-2163
-1457
-2543
-1419
155
1094
1940
1702
3682
4656
4758
4708
3705
3780
3553
2905
2857
3403
4801
5524
6052
6389
5883
5025
3399
1917
16
-1992
-3002
-3483
-2709
-2079
-1608
-773
315
257
-622
-1479
-1960
-2132
-3114
-3612
-3516
-2806
-2233
-2376
-2229
-1659
-1033
-2203
-3317
-2793
-3703
-3453
-4427
-4341
-3325
-4569
-4305
-3597
-2515
-1635
-2107
-209
1535
2894
3969
4628
6691
7356
6816
5070
3735
3295
2641
1936
1739
2402
3979
4970
6155
6674
6244
5081
3058
941
-1304
-3600
-5461
-5532
-4733
-3872
-2837
-1650
-96
45
-1198
-2399
-3174
-3991
-4758
-4842
-4161
-3033
-2082
-1323
-301
281
-230
-1230
-1836
-2407
-3143
-4652
-4739
-4463
-4096
-3879
-3407
-2804
-1807
-835
1843
4158
5516
6296
7599
9607
10701
8995
6640
4901
3973
2143
325
-419
602
2204
3001
4092
4611
4072
2293
-157
-2375
-4988
-7204
-7893
-6614
-4655
-3343
-1548
131
1419
711
-1689
-3616
-4975
-5909
-6197
-5895
-4376
-2412
-666
521
2243
2032
298
-1158
-2585
-2901
-5732
-6637
-5817
-5191
-4440
-3997
-2156
-56
3916
6846
8321
9824
11415
14115
14251
11173
7985
4929
3279
498
-3148
-4613
-3615
-2007
-304
670
801
403
-1332
-3931
-6171
-8833
-9992
-8578
-5627
-1955
574
2847
5472
6180
3605
-686
-4888
-7982
-9717
-10708
-9584
-6764
-3328
518
2851
3660
2611
220
-1628
-3546
-6130
-7748
-7480
-5569
-3626
-1684
-480
4584
9751
11857
13815
13767
16743
17982
13612
9081
3639
-16
-3407
-7997
-10229
-9980
-8158
-6486
-3334
-1867
-1492
-1550
-2845
-3264
-5498
-7349
-5574
-1906
2110
5217
7534
9737
10275
7211
2387
-3150
-8654
-13122
-15698
-15374
-12936
-9200
-3997
1390
4679
5693
5105
3568
1771
-1798
-5311
-6582
-6487
-5293
-3491
-1494
3980
11022
13646
16077
16401
17915
19288
13419
6826
602
-4645
-7593
-12049
-14118
-12458
-8878
-5934
-1968
238
451
745
-870
-1944
-3697
-5764
-3959
106
3705
6988
9073
10042
10004
6218
651
-5324
-11379
-15429
-17551
-17062
-13899
-9656
-3926
2417
6299
7646
7757
6286
4759
1833
-2358
-4810
-6117
-6101
-5511
-4798
-2375
5146
10554
13158
15784
16866
20904
18301
9803
3014
-4157
-7913
-12291
-16036
-14749
-10495
-6019
-1432
2803
3412
3206
1500
-543
-2564
-5971
-5948
-2095
2860
6412
8837
9516
9357
6410
-131
-6866
-13638
-18134
-19047
-17167
-12730
-7060
-243
6993
11695
11882
10302
7307
4380
394
-4652
-8284
-9042
-8484
-7327
-5653
-4383
3667
9742
12655
15982
15971
20643
19185
11594
4920
-3234
-7100
-11355
-14866
-14666
-11121
-6797
-1999
2677
3139
2833
1529
-207
-1641
-4594
-4993
-1017
3429
6627
8736
8514
7734
3901
-2426
-8419
-14309
-18051
-18176
-14884
-9630
-3421
2327
8801
12464
12314
10276
6845
3184
-312
-4845
-8121
-9702
-10223
-9186
-7952
-7349
-2134
6401
10683
14670
16018
19484
22481
15393
7930
-414
-6448
-10000
-15563
-16464
-13362
-8616
-3811
1705
3970
3851
3155
1276
648
-1868
-3769
-560
4659
8158
9612
8668
6996
3979
-3088
-10055
-15476
-18541
-18139
-14418
-8710
-1950
4138
9364
12905
11969
9379
5894
2472
-484
-3886
-6780
-8433
-9428
-9972
-9797
-9521
-7548
286
7336
11508
15566
18123
23315
21297
12539
4248
-4678
-9795
-15054
-19005
-17323
-12353
-6428
-58
5023
6034
5785
4569
3275
1361
-1618
-1432
3307
7825
9589
9687
6921
4516
-902
-9148
-15154
-19396
-18931
-15093
-9287
-1992
4444
9775
13857
13029
9472
5751
1514
-1427
-4397
-7607
-8961
-9658
-10195
-10263
-9877
-9065
-2793
5859
10137
15064
17544
21922
23852
15091
6779
-2824
-10207
-14523
-19609
-19292
-14575
-8603
-1867
4838
6934
7015
6418
4920
3634
494
-945
2767
7537
9271
9310
6482
2563
-1991
-9685
-15947
-19443
-19177
-13906
-6180
1128
7981
12417
15307
14132
8046
2838
-1296
-4458
-6419
-8237
-8991
-8590
-8923
-9219
-8976
-9180
-6389
3393
9743
13792
17190
19575
25249
19455
8900
-944
-10683
-14754
-20214
-21927
-17507
-10615
-3276
4695
9269
9243
8574
6884
5751
2934
-487
995
6033
8616
8425
5406
136
-4177
-11056
-16978
-19916
-18889
-12933
-3076
6154
12805
16892
17556
15354
7587
-550
-5637
-8511
-8892
-8915
-8430
-7121
-6180
-6582
-7395
-8336
-8675
-3910
7010
12116
15986
18541
21979
25418
14977
3645
-7955
-16336
-19483
-23823
-21576
-14780
-6219
2528
10534
12778
11309
9355
7034
5288
1484
-884
1969
6374
6838
5020
-1057
-7314
-12012
-17419
-19523
-18822
-13285
-2739
9327
16657
19192
17785
14049
7810
-2336
-9131
-11715
-10959
-8502
-6479
-4977
-4177
-4779
-6321
-7107
-7655
-4906
6329
12493
16644
19589
21343
25578
15633
2964
-9202
-19150
-22137
-25352
-22492
-14193
-4789
4155
12589
15161
12681
9531
6335
4115
1193
-2117
-562
3302
2973
1345
-4187
-10055
-13363
-17162
-16874
-13996
-7597
2329
13260
19137
19732
15821
9905
2841
-6582
-12341
-13540
-11336
-7120
-3799
-2092
-1776
-2900
-4489
-5493
-6501
-2683
9440
14008
18113
19692
21711
24088
10873
-1574
-14101
-22577
-24199
-25765
-19888
-9734
146
9039
16520
16713
12579
8158
4515
2451
-651
-3525
-1832
1055
-179
-2200
-8017
-12479
-14256
-15165
-12375
-7946
-539
9194
17267
19006
16346
10015
3259
-4086
-12294
-15071
-13190
-9051
-3561
-175
850
279
-1888
-4839
-5916
-6379
-1835
11748
15268
19272
20221
21665
22729
7426
-5216
-17752
-24737
-25276
-24611
-16890
-5617
4426
12773
18778
17172
11447
6460
2916
694
-2118
-4864
-3370
-1349
-2867
-4918
-9786
-12830
-12983
-11487
-7022
-1848
4885
12942
18039
16721
12161
4431
-2262
-8624
-15005
-15387
-11930
-6914
-1081
2115
2174
531
-2891
-6062
-6354
-6222
124
13039
15909
20440
20449
22481
20487
3862
-7719
-20531
-25373
-25124
-23017
-13128
-1514
7685
15684
19395
16086
9831
4829
1495
-389
-2671
-4847
-3082
-2801
-4120
-6191
-10634
-12332
-11321
-8517
-3104
2361
8241
14890
16903
13531
8238
142
-5702
-10738
-15342
-13350
-8935
-4088
1301
2869
1818
-726
-4725
-8632
-7562
-5758
3654
14761
15816
21383
19780
22611
14991
-1563
-12258
-24081
-25329
-24317
-19066
-8245
3384
11693
18604
19337
14226
7823
3186
229
-1936
-3570
-5101
-3062
-3911
-5171
-7553
-10681
-10746
-8471
-4575
307
5975
10935
15587
15076
10136
4506
-3013
-8118
-12006
-14436
-11121
-6279
-1269
2977
3934
2187
-1676
-6167
-9803
-7844
-5951
4763
15024
15989
20947
18477
21452
11882
-4036
-14303
-25381
-24360
-22799
-16848
-5549
5301
12823
18456
17998
12265
6193
2196
-396
-2378
-4048
-4891
-3313
-4422
-5741
-8157
-9826
-8982
-5573
-1181
3071
8168
12239
14824
12962
7353
1401
-4379
-8670
-11990
-12931
-8961
-3872
1338
4619
4908
3083
-1477
-6590
-10638
-10167
-7303
1114
13890
16702
19924
19689
20180
15068
-1443
-12869
-23671
-25035
-22221
-17592
-7390
3219
10960
16418
17369
12184
5948
2043
47
-1927
-3083
-4794
-3639
-4045
-6159
-7979
-9916
-8953
-5052
-16
3680
8082
11549
13891
12360
6743
893
-4097
-7804
-11132
-12058
-8876
-3236
2300
5803
6256
4392
116
-6119
-10662
-11641
-8997
-2216
11989
16968
18676
19677
18935
17295
851
-11237
-21651
-25261
-21289
-17900
-8469
2235
9727
15106
16981
12378
5713
1525
-163
-2154
-2814
-5345
-4864
-4082
-6715
-7834
-10145
-8907
-3678
1582
6128
8979
11505
13286
11675
5980
-202
-5258
-8660
-11120
-12299
-9533
-3628
3084
7203
8656
6856
3018
-3360
-9908
-13301
-12065
-6677
5922
17179
17793
20442
19059
19466
8808
-7840
-17108
-25316
-22250
-18546
-12082
-1306
6818
12864
16170
13701
7428
1853
685
-1275
-2443
-4248
-6107
-4721
-6300
-7884
-9936
-9776
-4351
2355
7539
10364
10899
12347
10894
5833
-669
-6012
-9481
-11661
-12169
-10854
-5198
2214
8069
10851
10392
6301
756
-7151
-13983
-15126
-11901
-2976
12675
18447
19799
20111
19588
18139
916
-11015
-21199
-24952
-19435
-15732
-7131
1871
9168
13979
14886
10542
3133
721
179
-2394
-2991
-5561
-5777
-5454
-7043
-8824
-9680
-6366
53
7128
9982
10135
10001
9296
5913
157
-5153
-8779
-11254
-11577
-11135
-7348
-213
6382
11564
12761
9651
4259
-3019
-11432
-16337
-15383
-10467
3156
17521
19261
20814
18826
21421
12571
-4551
-13206
-24424
-21364
-17060
-12622
-2935
4766
10683
14144
13266
6536
1387
800
-1141
-2766
-3652
-6677
-5791
-6284
-8282
-8092
-6973
-2172
4930
8989
9295
9177
8350
6084
909
-4730
-7479
-10022
-11314
-11789
-9876
-3441
3525
10271
14243
13334
9079
3177
-5620
-14737
-19419
-16496
-9813
7098
19920
19327
21880
20294
23143
10253
-5814
-15546
-24738
-19063
-17121
-11635
-1539
4821
11444
14669
11702
6229
1249
1523
-962
-2463
-4394
-7503
-6494
-8656
-8767
-8482
-5305
1316
7216
9820
9536
7074
5064
1739
-2616
-6505
-8754
-9606
-10014
-8354
-6116
-125
6337
11976
13536
12093
6971
1318
-6292
-15855
-19833
-18542
-12503
570
18497
20504
22343
22044
23859
20021
-224
-10261
-21616
-21914
-18216
-15709
-6759
900
8598
13361
13699
8976
2420
2747
1710
-1902
-2521
-6804
-7862
-8380
-9242
-8948
-5818
-451
6314
10399
9553
6471
3022
523
-3347
-7300
-9486
-9488
-9122
-6252
-4507
942
7262
11170
13074
11070
6920
860
-6163
-14934
-19791
-18886
-13412
-5742
13121
21598
21088
23346
22201
24171
6459
-6261
-15885
-22497
-17270
-17619
-10504
-1464
4540
11077
12268
9858
4908
2895
3544
-1293
-1395
-4222
-7339
-7427
-9346
-8018
-5803
-1461
4524
8847
8982
5755
1676
-1287
-3323
-6259
-9005
-9002
-7111
-4567
-2043
1090
5897
9759
11100
9751
6282
556
-5982
-13749
-19149
-19074
-14985
-9100
6526
22414
23423
25474
22389
24943
13595
-3500
-11554
-23310
-20448
-18794
-14079
-4202
2378
8816
12065
12559
8273
3362
4529
577
-145
-1445
-6315
-7626
-9761
-8267
-5969
-2907
2580
7301
8086
6719
1802
-1644
-3174
-5648
-7793
-7099
-6217
-3572
-941
322
3703
6231
9121
8992
6435
1670
-5344
-11698
-17731
-20338
-17605
-11142
2347
20978
25334
25512
23331
24195
18965
357
-8682
-21572
-22927
-19196
-17388
-7866
192
6953
12479
13959
10217
4816
4462
3479
910
881
-4604
-7448
-9053
-9344
-6998
-5297
-321
5723
8396
7351
3242
-1155
-2686
-5173
-6340
-5535
-5122
-3696
-1263
-776
728
3923
7237
8941
7395
2517
-4290
-9930
-18243
-21094
-18267
-10847
-99
18140
25494
25303
24020
21260
21825
3128
-7310
-18302
-23894
-19958
-19371
-11445
-1757
6072
12025
14024
11923
6121
4781
5215
1119
1660
-3349
-6413
-8480
-9887
-7574
-5964
-828
5137
7927
8038
4223
-596
-2337
-3631
-4508
-4030
-4181
-3657
-1859
-3280
-2153
1392
5501
8889
7972
4148
-2298
-8653
-16447
-20148
-18923
-12259
-3888
12715
25575
24203
24265
20281
23679
9089
-5693
-14554
-25140
-21442
-21734
-15065
-3483
4533
12201
14381
13656
8039
4126
6099
1265
1571
-1158
-5516
-7341
-10083
-8718
-6007
-1422
3565
8316
8138
4967
1169
-1483
-2566
-3354
-3565
-2898
-2634
-3311
-3796
-3573
-436
3774
7850
7945
5353
-781
-7351
-13512
-18583
-17946
-13625
-5384
7670
23770
24171
24046
19716
20706
14083
-5191
-12277
-23612
-22940
-20109
-15626
-5378
3902
10893
13890
12819
8438
3381
4580
1761
304
279
-4741
-6017
-10334
-8746
-5358
-2294
2928
7884
8841
6766
2146
-2579
-1998
-3041
-3241
-2452
-3406
-3443
-2796
-3877
-887
2067
6097
7829
5922
999
-5400
-10762
-16763
-17145
-14059
-5909
3098
19894
24679
23706
19672
17777
16455
-2827
-10572
-21564
-23592
-18655
-15946
-6070
2993
10410
13181
11680
9282
2458
2659
2108
-983
225
-3482
-5713
-9464
-8939
-6088
-2872
2588
6581
8918
8915
3675
-1483
-4185
-4391
-3837
-3490
-3709
-4188
-2770
-2232
-1358
1454
5358
7732
7457
3975
-3472
-8831
-14481
-17348
-13707
-7787
-1172
11009
25345
24318
22827
14769
16255
7245
-8868
-14010
-24092
-19597
-16381
-10741
-226
8148
12001
11932
10231
4719
1628
3614
-1000
-579
-1403
-4943
-6794
-10658
-7870
-3739
1039
5401
9009
9043
6642
730
-5121
-6417
-6754
-5029
-3508
-4327
-2971
-1361
-789
1396
3593
6442
7965
5470
133
-6336
-11412
-15496
-14073
-10910
-4282
1976
15559
26447
21988
18880
12424
14507
908
-9285
-16091
-21925
-16507
-14342
-6290
3141
10198
11420
10364
8246
3946
2632
2766
-2432
-841
-2337
-5428
-8279
-10159
-5563
-272
4506
7746
7799
7987
4181
-2474
-7852
-10117
-7676
-4875
-3705
-4749
-1998
78
1769
3456
6237
7459
7597
3655
-3790
-9310
-14445
-16774
-12979
-8184
-1846
3988
21062
24756
21205
16600
11634
13597
-3366
-9215
-18357
-19227
-15073
-12622
-3102
4986
10599
11146
9827
6737
2710
3296
1856
-2412
-1772
-3771
-5109
-8618
-7683
-2628
2489
6853
7716
6787
5994
633
-5416
-10487
-10676
-7282
-5274
-4465
-3465
-365
2326
4371
6342
8743
8473
6633
-233
-7941
-13719
-16388
-15801
-12393
-7186
-570
7036
23362
22746
20398
14751
12734
12417
-5313
-9364
-18927
-17176
-14228
-11561
-3412
5268
10993
10091
8158
4637
2572
6118
1849
-2516
-974
-3630
-3541
-7725
-6062
-1378
3016
7773
6750
5297
3724
-1310
-6433
-10892
-10024
-6621
-4273
-3568
-2362
1852
4168
6605
8432
9010
8961
4321
-3647
-10376
-15651
-16569
-16073
-12341
-6201
171
7544
23044
21346
20616
14799
13056
13647
-4259
-8988
-18497
-16767
-15694
-12092
-4677
3129
8495
7273
6266
5171
3958
7186
4141
306
654
-2354
-3637
-7396
-5803
-2458
3299
5629
3856
3580
1641
-2368
-7011
-10303
-6870
-4380
-1634
-1846
-532
3268
4819
7867
8025
8132
6794
2202
-4135
-11563
-15714
-15474
-15119
-11658
-7388
-974
5232
21049
20766
20988
16226
14740
16325
-1341
-7020
-18686
-17671
-15725
-13920
-9042
-384
5698
6459
6669
4662
5443
9926
6854
2089
1518
-1756
-2534
-5734
-5699
-3451
497
1703
674
598
-360
-2535
-5301
-6376
-3569
-1418
888
-502
710
3095
5217
6381
5091
6249
4830
1293
-4584
-10472
-12961
-13919
-14667
-12046
-7924
-1850
2638
19502
21457
22098
17896
15118
18146
-462
-6917
-18131
-17382
-15318
-15300
-10931
-1849
4820
5636
6511
5298
6338
11029
8062
2498
2014
-1408
-231
-4552
-6933
-5226
-2096
-610
-2257
-1967
-751
-93
-1239
-2685
-1339
107
1456
199
-436
1602
3262
4037
4000
3835
2633
1053
-3968
-9062
-12021
-14101
-13980
-11428
-7473
-2108
4177
20508
20591
22541
16512
15675
15170
-1470
-7318
-18739
-16035
-15806
-14351
-9894
282
5318
5970
5868
4202
7381
10013
7053
3645
2561
876
-184
-6553
-7476
-5872
-2227
-1023
-1681
-787
193
1261
-1201
-1858
200
500
2114
-461
-746
1494
1795
1967
1337
1982
2043
-299
-4479
-8440
-10605
-11883
-12726
-10620
-5977
-1057
4903
20584
19506
21201
14151
13896
12424
-2802
-8323
-18157
-14574
-13517
-10883
-8003
2014
4264
4701
4453
3183
5721
8673
7359
3080
3193
809
-1182
-5441
-5847
-4102
649
274
-1407
-1219
-580
633
-1557
-1397
-485
1063
2429
-421
-227
626
538
1487
520
1268
1121
-249
-3726
-7512
-9006
-11181
-12185
-9955
-5353
-400
3091
18240
17327
19183
12315
10758
11805
-2888
-5704
-15731
-11118
-10223
-8719
-7437
409
3346
2875
2271
1418
4038
7256
6588
2178
3848
1901
1128
-2703
-2927
-1822
1338
-616
-2932
-3076
-1979
858
-1437
-1526
-920
2249
3023
256
-431
116
1540
746
77
-176
-152
569
-2425
-6967
-8216
-10397
-9945
-7905
-5411
-1773
336
13850
14403
15736
10046
9040
12686
641
-578
-10715
-7409
-8215
-7379
-7862
-4316
1187
-1034
1057
-181
1886
5310
6233
2767
5028
4417
3559
1392
-451
-878
152
-2276
-5228
-4093
-3381
-485
-323
-706
1092
3228
3413
1991
824
1303
953
-472
-2259
-3035
-1756
74
-1657
-4018
-4912
-6174
-6569
-7062
-6805
-4871
-3468
3536
11762
12066
12149
8384
15115
7882
4571
-2808
-7253
-4818
-9744
-7513
-11990
-2364
-1826
282
-714
-609
3021
4510
5766
3239
7044
7443
5721
1824
-773
-3858
-5108
-5587
-6375
-2930
941
1214
2263
1386
1421
3020
2934
941
311
-546
-3372
-4736
-5684
-4463
-564
2402
1292
217
-3033
-5118
-7192
-8125
-9598
-6391
-2645
6229
11799
11875
10331
11000
12964
5782
4644
-4066
-2683
-7860
-6805
-8654
-8004
-725
-2243
449
-2929
568
490
5048
3968
5575
9833
8753
4056
-918
-4209
-8083
-5199
-4662
-619
3092
5069
4687
1794
73
-2111
-228
-606
-2865
-2319
-4610
-5734
-5582
-4043
-780
4465
4894
1873
118
-3227
-6718
-10143
-11022
-8851
-2856
1670
8637
8903
10104
6406
8778
8739
3658
4186
57
124
-4739
-3022
-6149
-4083
-236
-536
-699
-1148
309
347
3345
3804
5460
6975
3945
-1840
-4432
-7430
-5527
-1299
2528
6510
8520
8574
3913
-314
-4498
-5066
-4505
-4818
-5040
-4810
-4073
-3224
-2133
-769
1776
2194
2017
472
-1730
-4163
-6580
-7522
-6132
-2413
398
1015
2095
3246
3183
3033
1403
2205
3477
4164
2271
1007
-346
-1634
147
338
1554
4463
6416
5283
4106
3197
2903
1982
-461
-3985
-4823
-3952
-5386
-3042
-514
3063
6120
6477
5232
2194
82
-3447
-3663
-4360
-4543
-3413
-2704
-965
606
2085
3275
4294
1525
-634
-1960
-3674
-5279
-5236
-5414
-4498
-2490
-3357
-3617
-3687
-2340
-1113
-7
286
-473
-1347
-1998
-3830
-3826
-1934
-731
2469
4427
5639
7455
9249
8595
8425
9178
7652
4203
2262
-1495
-1202
439
-597
3338
5573
6534
6636
5026
947
-2528
-3635
-6675
-5910
-5440
-6486
-4197
-4579
-4556
-1876
309
1701
2194
411
-1757
-2264
-4796
-6932
-5933
-5932
-3944
-2779
-3046
-2147
-2259
859
420
-496
-741
-2076
-2364
-3303
-5595
-6996
-3712
-64
4010
7741
7949
8547
9783
7991
6989
6630
5587
4648
3453
311
1476
2644
4044
7102
6528
7090
6689
5319
1106
-2366
-4158
-6375
-5944
-7236
-8070
-6570
-6199
-5323
-3687
-1595
443
1526
1317
-719
-2828
-4596
-5936
-5490
-4875
-2615
-2226
-1614
1237
1023
3107
864
-1792
-3130
-4700
-7162
-8886
-6897
-6478
-1488
1890
3151
7041
8473
9947
9497
7000
5453
4940
4566
2640
2686
2657
4734
5936
5965
6486
6643
7815
6317
5896
3107
-102
-1807
-4311
-5947
-8060
-8669
-8560
-7270
-5730
-3944
-1440
1122
1052
-1182
-2965
-5886
-5554
-5084
-3646
-1873
-436
98
120
2444
1182
1441
-241
-2316
-3762
-6511
-8915
-9843
-8541
-6456
-1536
2617
5296
7802
8067
7421
5594
4022
4047
3703
3332
815
416
947
3452
5787
5985
8308
8970
10230
9094
6693
4506
2603
295
-3536
-4772
-6195
-6255
-5657
-6445
-5421
-2587
-1584
-1123
-1259
-4206
-5861
-6010
-5276
-3746
-879
-231
459
1194
29
777
662
1114
-1745
-3049
-5072
-8100
-8189
-7886
-6335
-2472
1372
2986
5229
5409
5488
5111
3868
2228
747
-910
-2625
-4695
-3701
-306
3080
6076
6619
8256
10244
10564
8878
8185
6967
5252
3535
-993
-2374
-2873
-3725
-2388
-2831
-1364
592
769
-450
-3266
-6138
-7598
-5959
-4125
-2066
274
86
-526
-2274
-2644
-1523
-1423
455
-1571
-2879
-4645
-7059
-7799
-6763
-3803
-1103
4203
4774
6637
7736
5053
3760
1243
-1857
-3229
-3119
-5245
-5894
-4798
-3840
-793
2294
3188
6492
9080
8413
7759
5664
4097
4693
5173
2191
2157
2440
1488
2310
908
1189
1799
2116
761
-1832
-3889
-4688
-2939
-1040
-143
-953
-2219
-3129
-4586
-4261
-3536
-2816
-1034
-1863
-4585
-6852
-8151
-8274
-5584
-2613
898
5618
6119
6503
5544
2251
1668
-465
-1711
-1619
-1465
-2798
-4542
-5853
-6390
-2669
21
1757
4509
5654
4378
3085
1756
1013
2883
4746
3938
4484
3442
2256
2896
3113
3957
4584
5349
3204
1548
-538
-1211
269
1279
1256
153
-1359
-2981
-4063
-4656
-4904
-4491
-2791
-2752
-4528
-7054
-7763
-7006
-4659
-2339
730
3551
4463
4392
2037
-175
-27
-174
-48
805
-178
-836
-2504
-3424
-3789
-1212
1485
2326
3380
1164
-810
-1846
-2232
-1768
-931
1431
3044
3457
2817
1111
281
2139
4312
5146
5447
3296
2043
2958
3875
3181
5058
4758
3388
3111
-1178
-3791
-2861
-2695
-2374
367
-1693
-3406
-4243
-6863
-7112
-5831
-4271
-1907
1107
969
-301
-1323
-3091
-2759
-675
506
2019
3063
1381
-297
-405
-1658
325
2695
2795
2535
663
-2537
-3658
-2927
-2762
-563
1485
2003
2645
1153
-1243
-2040
-2760
-1018
385
1922
1275
370
350
2673
4171
4389
5239
3915
3779
2140
-301
-149
2152
2225
3313
1920
-1595
-2514
-3398
-5122
-4763
-2244
-1607
1551
642
-2596
-3801
-4445
-3919
-1757
760
1720
4071
2796
-176
-1102
-1625
-1125
1021
2020
246
-576
-2544
-2901
-1903
-1489
678
3213
4611
3433
1194
-586
-2136
-3128
-2651
-3535
-2589
-2501
-2728
-2116
-1771
-1420
565
3664
3509
3546
1798
-594
2791
4779
3637
4160
1281
27
256
-1841
-2894
-622
2042
2494
3594
-434
-1765
-1278
-2230
-404
670
3604
5766
5018
1749
-1538
-3603
-4298
-3048
-2632
-1527
-1771
-2729
-3075
-2696
-1527
998
4594
4985
6089
3917
922
-863
-3292
-4351
-4498
-3984
-4244
-3513
-3542
-3568
-1972
-1060
1142
3372
4231
4919
2536
69
-477
-1238
-1903
-1109
-545
-546
-713
-2922
-2935
117
2692
3319
3983
1621
1348
2044
661
2190
3340
5840
6694
4584
1351
-986
-2410
-3380
-2371
-2816
-1570
-85
-1614
-1135
-772
7
2802
4623
4352
4106
2621
-539
-2501
-5677
-6550
-5723
-4676
-4212
-4003
-3150
-2343
-495
392
3003
4488
5106
4583
1772
-614
-2519
-2972
-3880
-4154
-2713
-1134
-91
-647
-2379
-2399
-412
764
2088
2818
2324
445
-1026
-957
1858
5466
5380
4036
1535
393
-1408
-2536
-2158
-763
1209
2891
2484
1137
2795
3195
4598
5431
4404
4436
4067
235
-3248
-6986
-8508
-7359
-6397
-4154
-2439
-78
972
1369
1395
2309
3239
3521
2657
432
-2327
-3555
-4096
-5419
-5698
-4449
-2247
-482
-114
-56
747
1737
1627
894
464
193
-54
-76
-803
-703
-96
-144
148
186
-300
-2199
-3397
-4178
-824
2810
4211
4720
3255
4089
5667
6060
5945
6530
5292
3527
1018
-3050
-4905
-3900
-4114
-1873
-216
-213
2149
2243
1456
680
601
857
788
276
-1870
-4107
-4052
-5159
-5938
-5039
-3571
-1757
375
419
149
1046
668
608
186
-569
-741
-70
149
439
1397
1552
826
-69
-670
-1841
-2051
-1636
-2357
-1472
-1251
-1465
-1307
-505
1763
2950
3557
2222
670
1170
2702
2239
1311
342
231
1800
2764
2679
3201
4298
2862
3232
2368
952
1404
523
-483
-1019
-2527
-2275
-1510
-2663
-3070
-2851
-2735
-2094
-768
-1428
-1241
-1047
-2182
-1602
-2007
-1484
-277
764
1637
1519
1385
538
285
-243
-1202
-1222
-137
130
333
-219
-1238
-1874
-1655
-921
-626
95
-525
-1379
-2632
-3121
-2931
-1680
154
1595
2838
3482
2883
1079
1227
2157
3844
5711
4073
1018
608
305
24
1029
2058
1975
2597
2900
186
-814
-1595
-1941
-1093
-454
-1943
-2085
-891
-2796
-2184
-2380
-2329
-479
536
264
-682
-266
-788
-319
680
1497
1950
1514
149
-1338
-1334
-987
-539
51
-245
-1402
-2209
-3556
-2984
-1372
831
2372
3208
2317
538
-167
-1465
-905
-879
-1372
-700
-1286
-2835
-3099
-2045
-57
2238
3711
3757
4367
5404
3524
1375
-334
-1930
-756
1274
349
454
613
-1162
-774
-933
-677
1378
2942
3180
2121
478
-764
16
844
1491
1215
-214
-158
-882
-1813
-2042
-1713
-113
1369
449
-1875
-2532
-2063
-509
1793
2271
2550
1803
153
-2232
-4074
-4410
-5125
-3346
-2190
-2131
-1636
-1951
-2065
-830
885
2342
4086
3455
1857
15
-2235
-3349
-3630
-2583
-40
1546
1171
168
-1460
-1460
1703
3412
4231
4789
3210
3259
1737
-35
-63
864
2471
3248
2117
1427
1521
-411
-246
-21
-299
1499
1431
-640
-969
-1065
-977
1398
2182
1282
-23
-629
-2830
-4489
-4885
-6175
-3748
-1439
-1580
-1534
-1023
-810
-37
816
464
898
1626
410
-841
-1964
-3235
-3181
-2713
-2285
-1649
-139
819
602
664
875
1543
2388
2098
1161
927
76
168
-120
52
805
2390
4719
4544
3594
872
185
1574
2283
2470
2090
1508
1932
3209
2070
1499
1921
864
-384
-1166
-3583
-4231
-2955
-3761
-2633
-2155
-2890
-1649
-389
151
562
1205
1021
938
441
-2184
-3489
-3785
-4926
-4870
-4382
-3319
-1928
75
669
746
2008
2551
3646
3517
2048
119
-1062
-1944
-1900
-940
11
1572
1983
1555
709
-20
2
179
681
1724
2999
2773
829
469
1515
3333
3884
2639
165
-1644
-1213
-1556
-1590
-359
352
904
1296
-423
-1296
732
1774
2367
3588
2125
458
-378
-3307
-5348
-6267
-7271
-6517
-4002
-2483
-1357
1132
1763
2279
2483
2139
2207
1322
-157
-1823
-1987
-1865
-880
-268
154
1348
1732
2341
2028
1513
2036
2095
1837
1076
412
416
-547
-185
-613
-1115
-999
-1534
-2077
-2745
-1536
-1297
160
1380
689
192
-574
-599
1417
3173
4006
4074
3096
2823
653
-1373
-2263
-2807
-3365
-2817
-2936
-2739
463
956
1603
2715
1284
1271
1908
-77
-2003
-2538
-3354
-2704
-1839
-671
135
1210
1771
1508
2199
2160
2534
2349
2537
1514
661
986
-626
-2089
-1643
-2201
-1742
-596
-590
-114
44
733
-624
-1093
-1626
-1991
-979
-1369
-1760
-1047
742
1273
926
-711
-2244
-2163
-1576
-1851
-2446
-2638
-2515
144
1177
1701
2411
1972
2307
2382
2103
506
1021
446
-408
438
-687
-97
2074
1392
1604
2584
1969
2867
3992
3071
1593
1218
-764
-568
285
-1639
-1871
-825
-850
-162
738
732
1051
1204
924
-508
-987
-1513
-1809
-1369
-1464
-1361
-737
384
303
-316
-1904
-3141
-2949
-2920
-2052
-2181
-1736
-782
-1123
-1690
-2055
-2248
-1615
-1178
-2076
-1756
-1225
-699
-943
-2073
-1754
1119
3748
4245
4051
2587
3805
6257
5383
5006
4363
2183
1768
165
-1340
-247
112
622
2357
2082
1618
2415
3015
2986
2360
894
-773
-818
-1567
-2309
-2264
-1526
-996
-649
-775
-1775
-2274
-3220
-3459
-2750
-1261
-874
-855
-604
-1489
-1543
-1699
-1933
-1783
-1174
-1684
-2643
-3547
-4600
-4147
-3433
-2884
-1999
-452
-32
946
1320
917
2114
2385
2956
3179
1919
712
-1499
-2864
-592
2009
3093
4237
4249
3963
5551
4993
4880
5910
4741
4103
3319
1344
657
803
64
148
197
-273
-459
-111
-1408
-2344
-2585
-3223
-1548
-834
-990
-570
-858
-1692
-2049
-1853
-2664
-1340
-1459
-4118
-4605
-5343
-5772
-4032
-2398
-1872
760
1146
1240
1688
824
665
592
448
-1713
-2044
-2540
-3853
-3907
-3315
-2339
-228
1572
2564
3080
3404
3320
4071
5511
4298
3747
2385
2268
3336
3135
2759
1784
1692
2943
3224
2467
2254
1559
916
1486
668
186
2065
1232
1095
949
-1763
-1779
-1183
-1997
-3342
-5480
-6932
-6308
-4864
-4735
-2779
-87
1211
2383
2033
101
-727
-981
-2303
-2096
-2719
-3464
-2991
-3444
-4391
-3506
-1605
-205
2097
2679
1697
1946
1822
1432
1954
1117
883
1172
693
315
90
505
1032
1793
2017
1459
1588
2414
2073
1110
314
33
2023
4755
4398
4066
3373
1109
1785
1515
-259
-1371
-2826
-3798
-2855
-2533
-1957
616
2289
2904
2451
750
-914
-1576
-2457
-3203
-3598
-3866
-3923
-3538
-3668
-4072
-2641
-827
215
1035
597
-242
61
-496
-587
-398
-1122
-440
409
360
820
970
1339
2353
2704
1931
1195
1024
377
-394
-1074
-1077
318
1630
1870
2200
2047
2236
1570
287
-887
-2423
-2763
-2890
-3071
-3306
-2371
1009
4001
5180
4612
1901
319
139
-661
-922
212
1076
1617
1664
-675
-2435
-2088
-1248
1122
1962
737
328
-81
-1078
-2318
-3573
-4439
-3239
-1633
-759
553
1542
1753
2505
1844
792
578
-71
-172
-478
-1212
-1363
234
1310
2469
3021
2650
2931
3134
2536
978
-537
-2315
-2879
-3178
-3208
-2945
-1498
505
799
813
-469
-2034
-2583
-3457
-3746
-2457
-387
1263
1449
-656
-2278
-1460
320
1967
3503
2592
1891
2525
1168
724
448
-362
144
1228
675
1361
2198
2412
3357
3084
1353
341
82
-1253
-2286
-3099
-3446
-1988
-48
1327
2204
2557
2073
1326
1258
250
-372
-577
-1080
-874
-1016
-1642
-1727
-890
-28
342
219
-853
-1485
-1744
-2482
-2841
-2483
-1345
-825
-907
-2289
-3616
-3295
-2583
-1282
240
414
394
-144
-1816
-2203
-2189
-1183
426
1484
1641
2307
3775
4833
4695
3246
1279
1138
2070
1819
1670
1849
1689
2709
3124
2709
2914
2690
1959
1457
744
-701
-300
-148
-573
-728
-1976
-2915
-2796
-1881
-1005
-206
296
253
245
-694
-1824
-1944
-1486
-638
-673
-1421
-2134
-2464
-2167
-1980
-1713
-985
-338
162
-623
-2015
-2545
-2839
-2175
-1080
-361
694
1366
326
-177
-1135
-2473
-2191
-1484
-636
266
462
1063
2352
2962
2309
1786
2849
4438
5477
4933
3885
2173
2434
3045
2101
2299
1295
781
1146
1118
872
1496
1622
1063
1066
-802
-1846
-1634
-1423
-1450
-1835
-2688
-3154
-2574
-2182
-1875
-1599
-817
-166
444
-361
-606
-458
-708
-687
-1189
-1129
-902
-711
-1837
-2521
-3607
-4215
-2915
-1993
-1641
-1402
-989
-610
-710
-596
-750
-205
1096
1393
2017
2249
1793
779
174
-478
-1398
-282
255
1766
3146
3520
3522
3692
4654
4434
4200
2857
1779
1868
2216
1602
1626
924
-838
-789
-1339
-1669
-1500
-999
-816
274
201
-419
461
68
106
-353
-1455
-2307
-2713
-3183
-2774
-2694
-2397
-532
-112
-505
-1247
-2462
-2892
-2873
-2564
-1748
-415
483
638
403
-599
-1365
-1562
-1510
-1026
-1265
-920
-570
-135
1106
1906
2550
2606
2399
1583
1089
1240
1130
1317
1021
450
459
951
757
500
470
264
1090
3234
3628
3761
3507
2136
2696
2509
1800
1206
133
-1651
-1837
-2397
-2582
-1128
-784
284
501
-968
-1488
-2119
-2628
-1735
-1176
-1070
66
-16
-649
-530
-1283
-1850
-1253
-1355
-1427
-1096
-1697
-1649
-895
32
514
1426
1398
1035
824
301
189
489
872
-42
192
-321
-1274
-1621
-1979
-867
-326
87
471
908
1761
1561
1445
1063
372
137
-586
-710
-672
-379
-757
-605
1190
2633
3463
2443
917
460
360
105
371
1624
1753
2728
2355
-146
-703
-1323
-1707
-645
-111
-773
264
-55
-1119
-528
-970
-1095
192
605
-185
315
-160
-522
-62
-987
-1852
-1529
-1827
-2091
-1956
-2000
-1080
-419
-325
-684
-391
155
449
855
707
597
160
-736
-1677
-1948
-1427
-1158
-619
123
391
717
297
-437
-811
-1694
-1653
-667
893
1730
2369
1647
-82
218
1263
2601
3527
3906
2494
2294
1612
193
1230
1817
1936
2998
3084
1395
1091
-285
-1121
-302
-859
-1222
-10
327
-348
-727
-2202
-2479
-1913
-2361
-2318
-1347
-739
-510
-219
-705
-533
-162
-1178
-1619
-1808
-1735
-1153
-578
-470
-566
-226
-412
-513
-755
-1693
-1885
-1437
-1124
-1248
-722
-744
-796
182
872
1414
1886
1686
622
-324
-1609
-1241
999
2776
3801
3777
2891
2902
2942
2132
1959
1967
2188
3499
3856
3128
2592
1389
-113
-516
-1811
-2777
-1786
-1987
-1108
-597
-824
-39
951
731
-660
-1487
-2991
-3124
-2436
-2601
-1269
22
683
605
-736
-2310
-3251
-2663
-2652
-1971
-1362
-440
493
239
-34
-73
-367
-611
-199
-1330
-1786
-1836
-1795
-679
702
1391
1852
2224
1063
175
-120
104
1472
2549
2627
2416
2139
1311
793
-193
-893
-1483
-1450
490
1993
3499
3852
3300
2398
2325
1226
-2
415
-442
-833
-348
-1207
-854
405
61
-82
-356
-1668
-2191
-880
-1115
-717
-156
-328
82
-105
-768
-935
-1043
-1818
-1784
-2078
-2611
-2190
-1333
-1001
300
387
322
1357
501
-200
-494
-460
522
1336
1184
756
382
-688
-2224
-3108
-3186
-2380
-696
846
1717
3047
3802
2782
1124
-622
-1977
-1967
-1219
-782
-204
370
31
658
2134
2533
2801
2530
1378
1350
2338
2113
2665
3262
2346
1891
595
-943
-1336
-1707
-2347
-1666
-689
-822
-433
23
27
499
252
292
1036
1312
792
491
780
292
-372
-1383
-2281
-2387
-2542
-3239
-3432
-2604
-1575
147
1487
1853
2397
2139
486
-1350
-2945
-4349
-4460
-3869
-3616
-2708
-1739
-1297
-828
-121
-116
1004
2173
2157
2154
1604
1090
754
1533
1928
1626
962
105
224
846
873
953
1663
1754
2528
3495
3611
3677
3477
3020
3046
2137
965
1186
450
-32
-1018
-2739
-2741
-2230
-2329
-1952
-1337
-913
14
1007
986
1512
2016
866
-522
-2961
-4825
-5683
-5592
-5202
-4708
-3622
-2774
-1618
-1259
-998
-633
-13
574
312
163
-74
-936
-1871
-2125
-1847
-993
-37
342
680
396
-110
-275
301
1223
2115
3258
3535
4040
4096
3822
3544
2691
2271
2939
3262
2876
1797
505
476
860
1031
1823
3014
3595
3969
3458
2209
2103
1940
751
-454
-2425
-4076
-4770
-4993
-5033
-4376
-3164
-2715
-1784
-1515
-1609
-989
-497
-580
-1185
-1824
-2417
-3056
-3888
-4036
-3301
-2153
-1149
-1225
-1137
-1258
-1798
-1582
-1258
-236
1094
2059
2411
2462
1931
1580
1614
1421
1375
1704
1823
1756
1115
432
804
1276
2272
3647
4266
4733
4893
4406
4859
4874
3801
2582
867
-491
-962
-2095
-2359
-1514
-918
287
361
-145
-190
-255
-906
-1230
-1925
-3189
-3082
-3439
-4095
-4424
-4302
-3752
-2765
-2617
-3130
-2399
-2350
-2292
-1881
-1818
-1090
-229
-57
-373
189
443
558
1066
554
556
943
708
180
-690
-1109
-599
431
1154
1860
2593
3287
3270
3178
3321
2779
2535
1724
594
-28
-590
-531
512
1522
2507
3207
2639
2608
2533
2154
1705
631
-247
-684
-309
-361
-359
-514
-671
-228
-703
-1859
-3078
-3203
-3315
-3150
-3043
-2954
-2344
-2072
-1715
-1650
-1103
-411
265
793
476
352
142
103
-488
-1786
-1995
-1440
-773
-172
337
722
1891
2585
2620
2573
1447
510
-452
-1685
-2262
-2263
-1345
-267
298
671
450
243
742
1394
2098
2474
1903
989
483
1001
1906
2443
2211
1692
1853
1475
497
-544
-797
-1122
-1275
-1162
-1537
-1330
-1229
-1234
-935
-172
728
1759
2346
1382
479
-792
-2290
-3006
-3498
-3212
-2050
-947
-613
45
515
1108
2001
2326
2100
1445
293
-852
-1267
-1682
-1740
-1015
-275
247
596
228
-249
-268
-554
-319
35
-157
-430
-1010
-1100
-553
102
409
579
362
-485
-1272
-2467
-2643
-2095
-1611
-871
-619
-442
69
545
785
1521
2478
3332
3659
2704
1469
323
-640
-1084
-1317
-669
746
1565
1729
1966
2159
2800
3584
3725
3382
2870
2164
1579
779
-189
-438
-67
364
-10
-385
-720
-887
-589
-506
-471
-107
-231
-762
-1362
-1872
-2272
-2452
-2376
-2916
-3252
-3638
-4459
-5114
-5226
-5008
-4503
-3208
-2849
-1929
13
1247
1921
2647
2828
3314
4472
3631
2366
1092
-400
-397
448
1157
2630
3913
3768
3608
2894
2437
2932
3239
2844
2422
1542
495
13
-1012
-1414
-1006
-1036
-1360
-1444
-1713
-1895
-1235
-1078
-738
44
182
-301
-1052
-1832
-2494
-1996
-2099
-2600
-2540
-3020
-3531
-3808
-3691
-2985
-1795
-529
-197
259
773
806
1524
1959
2273
2497
2104
1231
-27
-1166
-1431
-1496
-1152
-206
594
1621
2377
2052
1693
1670
1548
2159
1888
961
517
62
-544
-1120
-1448
-1296
-791
-820
-628
-595
-290
497
786
1213
1775
2165
2077
1873
1881
1611
2049
1876
1088
795
319
-68
-266
-26
257
1017
1885
1739
1742
2195
2127
2402
2370
1725
1097
154
-1155
-2396
-3163
-3912
-3864
-3156
-2737
-1823
-1281
-1206
-1283
-1395
-1297
-1481
-1402
-1757
-2156
-2466
-2617
-2856
-3342
-2992
-2583
-2304
-2072
-1807
-1640
-1031
-199
226
995
1889
2411
2931
3057
2856
3034
3484
3718
2937
2192
1180
1234
2681
3427
3226
2690
2215
2276
2634
2200
2385
2593
1618
698
-1067
-2813
-3266
-4281
-4716
-4013
-4036
-3231
-2358
-2623
-2530
-2272
-2529
-1981
-1650
-1776
-899
-987
-1355
-1056
-933
-608
295
446
283
124
-354
-198
-10
465
1355
1891
2344
2317
1765
1359
810
602
169
-36
-129
-213
114
-71
-22
98
320
641
465
414
10
110
769
1118
1577
1670
1341
832
244
-616
-636
-243
320
1068
1509
1698
1902
1789
1533
1297
1065
978
797
826
470
556
687
868
1070
1048
587
222
70
-958
-1342
-1660
-1798
-1215
-872
-685
-926
-1407
-2173
-2515
-2674
-2992
-2654
-2323
-2114
-1854
-1915
-1804
-1506
-1299
-1306
-1167
-688
-656
-399
-44
437
1105
1244
995
415
-109
-512
-473
221
1095
2026
2795
2717
2305
1525
304
73
293
703
1505
2148
2400
2458
2314
2338
2856
2785
2678
2483
1782
859
-1
-732
-1099
-939
-458
-36
-321
-1022
-1696
-2349
-2297
-2526
-2531
-1952
-1996
-2130
-2714
-3265
-3202
-2564
-2284
-2139
-1596
-1855
-1236
-355
-463
-243
-510
-862
-897
-431
-340
135
946
1361
2061
1891
1156
608
-13
-107
188
845
1514
2214
2940
2957
3033
2883
2950
3382
3308
2995
2400
1223
-109
-935
-987
-701
-225
544
914
861
228
-598
-822
-512
-330
-25
109
-893
-1566
-2684
-3227
-3189
-2678
-1993
-1673
-807
-804
-458
-637
-1322
-1326
-1384
-1205
-1226
-864
-531
-227
161
104
151
-281
-919
-1216
-1428
-1371
-1337
-687
305
1127
2035
2025
1895
2021
2198
1987
1612
1429
1028
707
70
-487
-496
-112
493
1296
2015
2153
2320
2383
2052
1578
1307
1355
1020
294
-430
-1271
-1328
-1331
-1240
-579
-138
488
882
753
497
378
330
498
534
147
45
60
-313
-210
-273
-527
-643
-1111
-1575
-2091
-2334
-2469
-1908
-1460
-1006
-248
40
-97
-313
-722
-1110
-1177
-1456
-1733
-2090
-2661
-2935
-3028
-2304
-976
470
1547
1721
1633
1315
934
590
676
1085
1067
809
356
-209
-421
-463
-126
773
1650
2147
2443
2287
1745
1552
1189
1396
1734
1722
1762
1598
1173
1015
1004
816
928
773
697
-14
-693
-962
-808
-272
103
331
367
421
-111
-1002
-1615
-2226
-2676
-2880
-3617
-3849
-3510
-3200
-2291
-1097
-169
515
790
257
-296
-847
-984
-851
-795
-597
-732
-819
-1002
-973
-793
-586
90
688
1095
1246
1173
924
1237
1447
1551
1748
1512
1460
1430
1396
1518
1838
2182
2405
2275
1761
885
427
387
841
1746
2486
2945
2766
2441
1529
530
-135
-581
-814
-987
-1373
-1578
-1424
-1300
-774
-269
165
425
56
-657
-1258
-1718
-1934
-1755
-1585
-1492
-1670
-2104
-2448
-2448
-2226
-1667
-1029
-874
-581
-613
-910
-1224
-1438
-1482
-1304
-829
-707
-705
-671
-459
-296
-140
-58
2
120
320
-76
-176
67
806
2082
2950
3530
3524
3153
2272
1513
1158
1068
1164
1369
1497
1351
1438
1707
1890
2401
2548
2025
1488
880
390
261
-48
-166
43
108
-111
-648
-1101
-1250
-1228
-1193
-1067
-1049
-1100
-1294
-1861
-2586
-3177
-3643
-3351
-2792
-2608
-2355
-2369
-2299
-2420
-2758
-2649
-2462
-2364
-1937
-1998
-1858
-1297
-548
260
1033
1639
1598
1718
1410
824
751
957
1087
1810
2365
2731
3197
3232
3015
2705
2405
2133
2163
1748
1540
1324
1017
1047
1046
1210
1230
1186
1107
1331
1031
593
508
141
187
162
-150
-411
-788
-857
-330
4
149
433
188
-315
-993
-1681
-1715
-1726
-1636
-1400
-1470
-1450
-1514
-1544
-1307
-1128
-920
-857
-881
-1311
-1507
-1726
-1983
-1773
-1397
-845
-392
54
120
237
34
-2
211
416
531
555
465
231
85
143
666
1128
1655
1851
1967
1723
1113
730
492
813
1321
1801
1943
1734
1596
1726
1821
1693
1697
1472
844
224
-386
-1041
-1252
-1084
-549
-83
44
15
104
9
-520
-782
-1296
-1511
-1597
-2225
-2597
-2679
-2793
-2532
-1959
-1659
-1255
-953
-1109
-1262
-1142
-998
-838
-816
-855
-1022
-1036
-968
-960
-671
-257
208
551
831
406
15
-94
-111
301
898
1453
1835
2418
2513
2414
2096
1731
1650
1501
1082
750
712
524
569
1084
1588
2017
2272
2210
2001
1767
1378
866
486
7
-345
-706
-1149
-1157
-935
-520
86
575
891
1170
810
474
456
51
-359
-728
-1145
-1297
-1345
-1650
-1897
-1963
-1854
-1550
-1528
-1675
-1923
-1908
-1976
-1996
-1703
-1225
-608
-509
-381
-463
-660
-899
-1067
-1154
-1218
-1144
-914
-382
-243
172
518
925
1338
1591
1708
1868
1979
1821
1507
1010
504
82
-161
-190
265
806
1413
2102
2450
2467
2333
2212
2035
1614
1209
929
664
422
-54
-260
-432
-642
-506
-577
-639
-717
-1015
-1455
-1627
-1743
-1881
-1617
-1346
-1147
-1181
-1517
-1793
-1990
-2031
-1901
-1665
-1535
-1412
-1184
-1091
-1039
-657
-283
233
847
1013
1169
1257
1409
981
582
258
-17
-119
-453
-339
-57
256
838
1308
1743
2114
1989
1943
1741
1344
1226
1280
1045
1008
1039
796
789
807
704
995
1432
1532
1404
1005
590
410
201
355
501
549
626
328
-195
-693
-896
-955
-781
-712
-919
-1301
-1780
-2029
-2043
-1637
-1266
-971
-682
-896
-1087
-1198
-1537
-1646
-1652
-1899
-1996
-2065
-2040
-1700
-1380
-799
-116
436
578
475
107
-150
-233
-113
94
84
72
106
104
29
253
544
1192
1967
2278
2266
2075
1879
1611
1512
1516
1433
1829
1951
1814
1637
1237
1062
1104
1223
1315
1207
730
455
167
-302
-338
-185
-123
29
-154
-583
-745
-1184
-1749
-2125
-2650
-2791
-2765
-2951
-2763
-2510
-2114
-1445
-982
-754
-355
-351
-663
-985
-1582
-1830
-1649
-1129
-632
-486
-484
-356
-92
73
285
612
1085
1459
1246
825
368
-3
117
463
668
1126
1307
1422
1328
1212
1211
1408
1779
1948
2012
1826
1625
1458
1676
1855
2119
2204
2093
1970
1479
879
269
-382
-781
-837
-852
-685
-472
-131
-56
54
188
112
-92
-575
-1172
-1813
-2324
-2457
-2194
-1963
-1812
-1688
-1651
-1537
-1305
-1196
-854
-468
-519
-886
-1195
-1671
-1758
-1535
-1320
-940
-540
-378
-357
-310
-326
45
723
1073
1319
1623
1427
1003
957
1071
1564
2466
2967
3350
3231
2411
1568
936
633
659
762
886
1288
1405
1392
1301
1321
1552
1333
1083
852
276
-312
-846
-1519
-1601
-1478
-1501
-1334
-1133
-1230
-1254
-1213
-1238
-1267
-1601
-1975
-2335
-2498
-2380
-2206
-2210
-2256
-2193
-2185
-2056
-1893
-1814
-1472
-1447
-1458
-1337
-1304
-1278
-1093
-840
-550
18
491
979
1280
1259
1076
717
598
957
1329
1593
1915
1962
1882
1992
2216
2415
2920
2898
2535
2284
1705
1228
913
726
799
1129
1168
1253
1340
1396
1374
1308
1184
875
703
459
129
-53
-295
-532
-659
-881
-715
-738
-678
-926
-1361
-1547
-1752
-1957
-2115
-2025
-2035
-1870
-1915
-1835
-1454
-1271
-1197
-1053
-1232
-1320
-1425
-1661
-1314
-897
-591
-219
21
49
257
585
863
1335
1283
1227
1354
1017
789
841
906
1129
1427
1196
1135
1231
1362
1405
1371
1305
1109
1126
980
709
643
690
800
866
968
1058
1001
924
520
49
-207
-320
-308
-299
-344
-596
-751
-894
-808
-433
-197
-210
-527
-1153
-1869
-2210
-2286
-2102
-1776
-1762
-1634
-1494
-1521
-1481
-1350
-1077
-591
-525
-537
-648
-939
-924
-1067
-1100
-965
-755
-605
-180
233
461
608
562
527
560
702
737
955
1274
1502
1751
1582
1486
1379
1246
1199
990
863
931
1160
1357
1406
1384
1380
1383
1483
1597
1623
1476
1006
552
-55
-328
-580
-771
-801
-818
-877
-933
-800
-626
-440
-231
192
431
205
-131
-588
-1138
-1446
-1875
-2144
-2100
-1895
-1884
-1505
-1437
-1436
-1276
-1313
-1240
-938
-647
-623
-360
-271
-74
162
107
-54
-212
-359
-323
-378
-403
-72
373
842
1150
1365
1597
1763
1794
1899
1948
1868
1830
1455
1006
763
568
434
445
415
460
594
656
824
1193
1390
1629
1714
1391
1227
1008
810
426
13
-207
-371
-457
-616
-760
-740
-515
-529
-727
-1026
-1247
-1178
-1068
-930
-749
-992
-1025
-1350
-1922
-2361
-2623
-2600
-2415
-1899
-1443
-1183
-1034
-1031
-935
-596
-400
-206
90
320
474
553
342
87
69
55
96
253
341
535
673
804
1171
1448
1604
1840
1995
1883
1705
1691
1687
1603
1378
1187
967
852
815
674
692
893
740
613
598
316
481
480
307
165
-157
-628
-1029
-1596
-2086
-2042
-1827
-1615
-1336
-1172
-1222
-1286
-1549
-1609
-1530
-1374
-1169
-829
-479
-594
-738
-858
-707
-422
-460
-641
-559
-477
-453
-403
-327
61
543
866
677
596
410
305
551
670
654
732
678
480
633
621
782
1156
1471
1690
1922
1982
1809
1692
1435
1394
1372
1193
882
533
392
139
155
587
744
849
859
442
126
-237
-558
-714
-767
-945
-897
-725
-856
-816
-833
-1023
-1044
-1174
-1438
-1491
-1288
-1221
-1304
-1201
-977
-711
-755
-903
-996
-1029
-934
-961
-1023
-930
-823
-883
-845
-688
-423
80
551
865
1134
1194
1007
875
925
817
850
734
666
677
512
566
543
671
975
1515
1823
1658
1319
964
751
494
307
260
270
290
339
353
325
324
366
383
-64
-422
-507
-572
-525
-543
-491
-286
-147
-315
-462
-520
-544
-604
-964
-1352
-1572
-1625
-1638
-1483
-1286
-1077
-700
-429
-244
-228
-207
-87
-68
-61
-210
-334
-395
-691
-829
-689
-425
-105
232
489
576
712
593
375
353
368
276
410
528
419
378
459
700
967
1151
1089
930
749
394
280
453
577
815
1318
1656
1735
1486
1108
819
689
427
183
-32
-378
-540
-920
-1304
-1403
-1206
-903
-685
-399
-484
-508
-610
-893
-933
-1046
-991
-1173
-1425
-1527
-1466
-1122
-801
-474
-94
210
340
193
-83
-145
-112
-56
-56
54
125
269
333
548
729
846
1108
1132
879
603
525
569
812
1018
1332
1540
1492
1404
1122
954
1105
1087
898
721
330
34
-82
-215
-243
11
389
686
731
430
207
37
-342
-564
-726
-767
-926
-1148
-1226
-1316
-1137
-1008
-745
-360
-59
-187
-578
-716
-879
-980
-1047
-1099
-956
-797
-802
-974
-986
-1036
-1113
-928
-939
-1021
-940
-854
-851
-724
-603
-454
-288
-213
14
104
99
233
208
266
252
128
73
102
331
634
909
1153
1537
1667
1807
1926
1883
1813
1591
1550
1642
1682
1413
1227
1000
937
1191
1315
1518
1617
1381
905
515
147
-154
-359
-608
-796
-968
-1173
-1308
-1436
-1485
-1612
-1676
-1627
-1585
-1534
-1521
-1601
-1571
-1575
-1565
-1369
-1188
-1073
-994
-881
-846
-856
-802
-794
-926
-789
-539
-185
14
231
709
921
1106
1123
1137
1177
1304
1377
1201
1109
1082
1109
1160
1346
1458
1575
1687
1909
2046
2096
2055
1777
1537
1165
812
421
148
31
160
-4
-249
-417
-817
-966
-1060
-1092
-1025
-942
-850
-885
-1139
-1239
-1331
-1404
-1404
-1408
-1332
-1379
-1420
-1541
-1850
-2071
-1927
-1700
-1475
-1393
-1171
-811
-575
-373
-265
-90
13
170
140
-57
27
132
175
234
344
548
783
882
1043
1391
1633
1764
1919
1738
1458
1039
733
642
716
812
877
1083
1102
1042
1018
1048
1189
1249
1096
879
698
643
630
565
397
254
202
-50
-232
-335
-422
-564
-623
-659
-640
-537
-565
-623
-675
-698
-673
-738
-848
-1013
-1260
-1399
-1664
-1893
-1979
-1745
-1387
-1214
-1011
-883
-852
-725
-569
-344
-95
237
463
150
-176
-313
-359
-208
124
372
561
700
544
507
590
708
897
1095
1201
1212
1192
1072
899
783
688
620
855
993
1006
989
842
666
524
568
655
786
785
619
507
373
286
59
-173
-391
-649
-880
-1132
-1118
-869
-711
-705
-738
-892
-1157
-1183
-1150
-982
-747
-590
-469
-783
-1168
-1237
-1075
-921
-835
-713
-575
-313
-285
-444
-399
-262
168
621
724
615
387
116
-143
-95
-3
76
465
706
671
626
599
630
691
793
890
1028
1097
1135
1104
899
791
759
564
472
394
501
553
520
445
416
438
343
139
-191
-318
-543
-504
-481
-451
-201
-148
-216
-356
-555
-730
-745
-711
-680
-650
-576
-515
-316
-61
150
114
-12
-121
-337
-560
-666
-641
-588
-463
-460
-581
-620
-542
-603
-553
-557
-397
-184
-68
-26
31
63
153
247
149
143
260
491
784
1008
1077
1247
1319
1250
1037
840
695
793
806
861
1078
1333
1572
1509
1205
820
537
371
248
-2
-132
-262
-351
-453
-474
-310
-181
-229
-282
-522
-817
-901
-1008
-1130
-1126
-956
-875
-998
-1175
-1339
-1530
-1652
-1634
-1394
-1098
-914
-781
-832
-934
-1096
-1103
-1033
-881
-566
-196
52
125
210
203
183
111
-33
-134
-76
184
327
520
786
1104
1448
1555
1525
1302
1227
1086
883
852
927
980
1040
952
927
1007
1152
1259
1216
920
622
494
334
264
268
151
-29
-275
-609
-1058
-1271
-1166
-851
-500
-354
-434
-730
-1030
-1231
-1347
-1317
-1144
-1045
-846
-583
-520
-460
-408
-467
-363
-362
-451
-463
-441
-238
33
315
521
702
744
658
629
591
585
551
441
448
532
544
639
749
777
694
790
855
911
987
849
868
807
798
817
796
674
543
386
145
81
139
198
321
448
499
320
24
-235
-457
-555
-647
-586
-546
-604
-643
-595
-704
-1028
-1067
-1102
-1098
-1017
-1262
-1416
-1467
-1344
-1295
-1171
-930
-796
-755
-839
-784
-781
-793
-738
-621
-551
-444
-305
-189
-15
144
377
559
624
596
482
273
363
612
881
1054
1067
994
930
924
971
1087
1232
1393
1462
1317
1030
788
486
345
414
476
548
651
486
208
22
-164
-99
78
105
96
16
-211
-472
-716
-890
-696
-568
-382
-419
-776
-1020
-1169
-1214
-1281
-1229
-1117
-848
-766
-818
-749
-745
-572
-342
-240
-293
-325
-279
-214
-136
24
116
134
338
274
313
401
555
804
936
961
889
788
655
414
147
120
219
265
363
464
554
625
641
749
915
843
688
567
416
261
249
271
393
787
1020
1193
1000
699
418
182
183
247
260
252
187
-104
-441
-659
-831
-836
-722
-892
-957
-1094
-1358
-1362
-1258
-1043
-918
-926
-901
-941
-1012
-978
-934
-812
-574
-437
-444
-521
-704
-866
-840
-732
-628
-327
-62
145
242
308
498
617
655
629
542
427
368
289
225
454
817
1192
1451
1396
1296
1072
1073
1139
1223
1349
1445
1314
983
749
490
456
432
392
333
189
57
5
-106
-171
-154
-431
-715
-898
-1088
-1231
-1265
-1195
-1020
-892
-918
-999
-1169
-1394
-1546
-1512
-1433
-1264
-1028
-899
-674
-521
-447
-357
-440
-533
-618
-716
-618
-521
-344
-120
186
545
782
759
496
402
278
275
414
573
879
969
909
799
616
572
834
1145
1331
1514
1546
1435
1309
1062
1031
1201
1252
1274
1265
965
676
427
449
551
573
573
445
114
-255
-681
-1023
-1145
-1032
-767
-712
-710
-866
-1214
-1518
-1741
-1717
-1538
-1259
-1092
-931
-826
-813
-736
-581
-377
-183
-177
-206
-300
-292
-87
16
29
84
40
-9
57
143
334
608
793
924
1053
1086
1016
841
654
609
681
686
557
608
607
648
754
926
1066
1101
1111
846
509
239
210
180
184
194
110
-44
-321
-462
-675
-660
-645
-774
-846
-933
-855
-833
-961
-1059
-1031
-905
-794
-793
-847
-879
-930
-1068
-1168
-1183
-986
-754
-609
-521
-337
-219
-90
29
29
53
-7
-164
-280
-282
-326
-208
-106
-93
-39
22
99
149
366
514
734
972
1090
1057
846
751
698
662
738
709
678
589
695
687
674
695
699
740
701
654
405
269
250
233
255
218
93
96
48
0
-78
-308
-489
-449
-431
-422
-315
-321
-297
-227
-212
-111
-149
-356
-690
-923
-1017
-1003
-810
-627
-588
-722
-795
-766
-686
-534
-309
-80
83
164
139
40
-67
-15
-56
43
140
226
366
538
646
707
803
766
855
806
794
645
563
581
552
634
718
685
697
576
466
535
492
445
453
498
565
590
624
658
501
458
301
99
-95
-306
-399
-433
-395
-513
-565
-652
-825
-850
-800
-830
-808
-683
-609
-577
-600
-718
-969
-1159
-1286
-1335
-1237
-1033
-806
-562
-292
-103
-101
-183
-300
-356
-503
-511
-470
-446
-232
-28
192
216
223
178
113
171
234
348
497
716
831
928
895
800
765
712
746
794
840
729
573
459
501
607
535
533
457
392
358
316
274
352
347
266
138
-95
-272
-477
-604
-705
-699
-713
-684
-417
-284
-149
-215
-289
-437
-632
-796
-981
-1048
-968
-858
-711
-605
-449
-395
-438
-309
-291
-287
-81
76
218
267
271
319
253
225
283
409
557
704
813
740
717
749
856
1046
1018
975
919
926
991
975
963
1030
1083
930
657
360
69
-73
-94
-189
-115
69
219
350
347
292
246
98
-210
-522
-798
-923
-1001
-1058
-1092
-1074
-1117
-1123
-1088
-1019
-990
-1064
-1123
-1071
-1008
-1073
-1020
-955
-1000
-1080
-1083
-956
-714
-467
-369
-419
-428
-315
-109
46
144
183
389
572
636
766
772
829
1064
1098
932
831
802
664
591
644
709
866
1050
1133
1197
1183
1164
1114
984
876
631
489
377
252
153
41
-11
8
99
84
38
58
56
-38
-216
-313
-462
-624
-745
-912
-1122
-1196
-1204
-1208
-1050
-983
-1014
-1025
-1020
-1090
-953
-817
-660
-562
-406
-272
-198
-63
64
270
306
374
350
289
185
233
271
332
564
770
867
969
1013
1061
1019
872
675
487
352
288
235
164
96
156
237
274
371
484
499
488
484
299
122
6
-52
-99
-40
-57
-77
-146
-278
-366
-583
-744
-847
-773
-682
-562
-495
-582
-802
-1052
-1081
-1078
-932
-803
-595
-434
-309
-396
-467
-413
-392
-379
-280
-81
138
215
264
311
316
341
273
167
34
84
198
219
76
3
110
262
401
528
612
703
709
595
463
469
479
587
657
704
729
715
796
830
808
644
617
618
437
330
241
247
285
193
-33
-224
-169
-171
-111
-41
-56
-240
-639
-908
-1082
-1153
-977
-845
-717
-533
-326
-223
-199
-128
-204
-254
-296
-441
-446
-524
-528
-555
-442
-300
-259
-63
49
171
191
241
184
230
359
416
475
464
362
307
299
209
185
228
292
378
435
394
333
304
481
566
456
338
274
250
309
467
514
532
393
224
-46
-270
-363
-333
-186
33
327
410
350
175
-71
-191
-233
-350
-406
-423
-420
-408
-530
-694
-735
-680
-582
-430
-414
-484
-623
-755
-753
-747
-684
-600
-595
-680
-720
-779
-664
-548
-516
-387
-198
-48
-16
-107
-62
125
174
114
220
388
456
522
687
689
636
638
395
354
367
335
463
665
832
879
934
784
646
476
379
377
371
392
282
199
134
-61
-310
-388
-390
-409
-352
-115
-59
-93
-173
-183
-217
-296
-327
-370
-272
-352
-490
-611
-630
-592
-471
-455
-448
-418
-520
-503
-398
-310
-80
8
68
67
-95
-196
-209
-89
-17
43
-9
106
228
293
424
648
840
875
897
841
724
689
700
676
638
585
523
420
314
242
227
246
302
314
367
299
246
264
259
289
261
169
77
-121
-124
-148
-139
-39
-35
-16
-54
-142
-236
-405
-473
-325
-245
-141
-201
-379
-504
-626
-714
-766
-671
-667
-600
-531
-583
-547
-359
-170
-126
-38
-77
-135
-94
-34
31
68
147
226
266
275
321
355
283
280
232
76
99
148
144
311
404
451
471
471
462
343
176
140
155
152
185
198
271
273
131
-2
-116
-82
30
111
100
69
56
-91
-199
-366
-485
-530
-560
-564
-641
-702
-796
-787
-702
-677
-588
-510
-615
-643
-545
-581
-523
-366
-325
-236
-194
-195
-204
-215
-131
-44
153
166
48
53
97
244
404
503
526
538
405
112
-14
50
240
315
447
440
419
358
225
139
130
319
487
624
638
595
505
370
310
325
270
280
321
349
302
218
292
269
52
-70
-61
-145
-138
-93
-126
-109
-69
-98
-79
-47
-117
-145
-246
-392
-540
-645
-709
-637
-512
-309
-278
-234
-48
-20
-48
-75
-167
-224
-206
-183
-154
-47
-3
107
271
322
304
328
405
490
570
507
462
491
466
528
472
419
473
426
354
281
263
270
227
138
14
-82
-148
-93
3
-12
36
144
127
92
74
-56
-213
-387
-498
-482
-460
-400
-388
-525
-491
-480
-466
-387
-305
-405
-532
-649
-779
-858
-826
-709
-634
-580
-531
-558
-606
-464
-355
-305
-61
4
39
29
34
-10
-27
66
161
203
216
187
61
115
121
145
223
252
351
438
374
452
589
683
701
654
520
359
345
291
315
334
461
502
446
515
561
576
603
588
544
452
331
237
-9
-185
-222
-168
-154
-187
-294
-339
-270
-237
-236
-192
-190
-110
-113
-225
-329
-312
-259
-194
-44
-70
-102
-203
-351
-407
-389
-297
-173
-39
-36
42
115
33
98
204
240
295
260
156
25
-99
-102
-42
-39
78
339
501
545
447
331
294
216
195
223
269
284
276
204
63
-17
-121
-155
-86
4
166
252
228
207
117
-36
-267
-350
-432
-454
-467
-429
-394
-450
-457
-380
-354
-406
-439
-498
-496
-461
-372
-236
-125
-24
38
-42
-109
-175
-260
-317
-445
-577
-600
-549
-524
-460
-351
-230
-96
-29
69
135
75
19
108
167
203
254
259
306
343
417
352
390
503
554
567
513
512
448
425
362
313
258
309
282
237
267
205
166
68
65
27
-2
9
-58
-95
13
66
7
79
127
32
-62
-119
-192
-268
-310
-368
-407
-275
-204
-216
-204
-249
-315
-398
-409
-461
-432
-396
-460
-473
-426
-480
-505
-396
-252
-39
105
162
69
153
163
166
104
139
221
209
306
420
463
398
422
362
332
362
323
313
386
391
392
446
482
459
363
350
438
531
542
507
494
437
278
141
-36
-136
-40
-15
61
89
37
-36
-155
-236
-334
-394
-357
-340
-397
-458
-468
-503
-403
-366
-330
-329
-345
-363
-366
-422
-533
-481
-424
-291
-176
-169
-188
-172
-67
121
258
272
249
184
119
91
121
142
135
176
224
275
273
359
496
571
583
485
378
283
232
190
108
126
189
252
242
107
20
-40
-76
-146
-193
-203
-282
-330
-320
-267
-225
-212
-177
-125
-184
-289
-416
-444
-421
-445
-424
-420
-385
-363
-353
-303
-211
-145
-155
-216
-210
-162
-155
-179
-138
-80
-11
-2
-19
-8
103
180
258
294
263
293
233
237
197
137
104
157
351
416
373
373
351
300
208
207
292
352
221
125
112
117
155
190
207
162
126
145
218
232
157
45
32
19
-2
59
156
208
221
184
12
-79
-215
-202
-262
-418
-485
-505
-436
-385
-431
-435
-324
-185
-191
-165
-66
-127
-177
-306
-342
-329
-294
-293
-275
-218
-117
-121
-59
-18
46
-50
-49
-30
-27
88
67
71
129
150
157
221
254
256
265
277
333
331
312
353
352
305
293
251
282
333
305
238
85
91
174
197
122
54
66
9
-41
-140
-210
-242
-238
-339
-368
-360
-363
-428
-566
-530
-550
-570
-524
-442
-425
-249
-149
-147
-59
-80
-66
-36
-63
-92
-92
-116
-76
-27
56
158
273
404
388
335
224
151
132
52
94
209
267
332
332
310
324
438
451
479
496
419
349
277
253
273
189
91
30
18
97
11
-95
-102
-175
-118
-22
33
68
91
20
-18
-63
-151
-144
-109
-93
-95
-67
-152
-272
-354
-402
-415
-362
-349
-160
-82
-97
-129
-179
-178
-265
-366
-357
-169
-21
49
70
13
-31
-59
-108
-39
-4
55
150
254
276
239
213
182
212
170
218
243
255
233
142
149
198
297
380
400
314
303
237
177
99
42
96
160
227
145
126
-8
-134
-260
-309
-311
-306
-258
-297
-230
-221
-246
-294
-296
-317
-446
-472
-384
-352
-347
-334
-280
-240
-256
-290
-188
-132
-185
-188
-124
-136
-125
-140
-89
-28
67
162
280
232
168
129
1
42
28
175
321
285
360
311
294
284
229
297
388
540
588
536
555
465
427
412
253
277
190
105
129
77
29
39
39
80
76
139
72
99
110
-3
-79
-200
-344
-428
-442
-475
-492
-525
-519
-478
-400
-264
-260
-366
-417
-334
-172
-167
-177
-244
-280
-267
-270
-330
-344
-245
-158
-126
-144
-157
-185
-168
-30
90
163
276
315
279
214
79
-56
-67
-76
-51
64
183
301
335
337
358
337
263
206
105
125
151
177
206
121
0
-92
-212
-300
-369
-304
-173
-123
-54
-85
-141
-185
-92
-78
-84
-7
65
7
-45
-107
-136
-90
-64
5
14
-35
99
191
320
253
241
308
290
194
15
14
-142
-121
-77
-67
-113
-55
49
22
50
77
106
129
124
144
81
19
129
206
222
225
192
135
181
261
243
274
344
328
248
232
266
279
277
293
230
136
56
33
89
179
91
-23
-67
-50
37
1
-1
27
65
123
71
-78
-138
-175
-150
-185
-207
-322
-428
-423
-419
-355
-278
-162
-119
-141
-123
-187
-244
-260
-274
-260
-223
-207
-227
-232
-191
-207
-202
-221
-129
-3
64
73
83
102
110
211
148
98
96
60
-13
-72
-107
-31
107
121
120
74
6
-96
-150
-112
-138
-57
-9
31
49
-34
-27
-37
-81
-84
-116
-93
-38
16
-16
21
64
89
94
28
-26
-90
-105
-62
13
41
31
59
50
22
-107
-155
-78
38
138
112
76
19
-33
-82
-18
16
37
44
-32
-69
-79
0
2
110
160
112
75
15
2
58
68
128
88
60
200
148
163
234
245
294
221
218
286
275
334
350
268
232
244
194
128
39
16
27
126
103
67
-59
-216
-255
-312
-300
-260
-167
-188
-151
-188
-267
-346
-368
-396
-362
-280
-176
-230
-269
-271
-337
-437
-357
-289
-264
-104
-52
-71
-58
18
89
109
107
142
194
165
183
191
170
266
236
195
191
200
214
191
124
34
-11
-97
-118
-109
-86
31
236
291
224
221
192
145
124
107
193
222
217
151
6
-31
23
-19
-22
53
85
110
81
10
-77
-76
-118
-137
-65
-62
-79
-115
-114
-205
-288
-310
-284
-249
-209
-187
-190
-126
-117
-123
-53
10
67
84
24
-15
29
-38
-61
-86
-138
-52
10
15
35
78
37
57
83
116
188
189
219
293
140
120
130
129
176
158
166
143
152
97
73
-26
-51
10
-66
-70
8
0
-5
-31
-72
-79
-157
-190
-199
-225
-216
-198
-207
-356
-305
-224
-178
-123
-129
-181
-183
-99
-123
-74
-73
-69
-37
-16
-5
57
151
318
378
325
260
254
256
264
293
323
186
177
175
60
3
-108
-81
21
115
156
154
23
-29
-45
-25
82
151
137
125
104
25
-94
-170
-123
-107
-140
-155
-131
-104
-73
-8
16
90
103
65
65
46
-17
-99
-186
-134
-131
-154
-101
-165
-64
19
126
198
134
21
-78
-162
-149
-138
-204
-224
-206
-176
-219
-178
-134
-135
-36
-66
-78
-57
-33
22
71
57
33
-41
-51
-8
-77
-67
-16
2
85
187
221
272
332
348
314
304
316
344
345
388
402
373
296
250
172
125
72
69
221
141
99
10
28
32
89
76
66
-27
-176
-194
-219
-291
-312
-306
-252
-274
-281
-210
-211
-220
-227
-266
-389
-414
-483
-548
-494
-496
-378
-312
-223
-159
-269
-392
-477
-432
-322
-167
-43
16
-39
-106
-58
-5
23
163
214
243
280
273
226
212
328
394
408
407
442
464
491
430
381
388
390
329
204
39
13
-4
-58
-131
-78
-10
77
104
46
46
-38
-56
-89
-182
-231
-174
-128
-91
-47
-33
-5
31
41
84
43
80
120
69
-2
-92
-119
-86
-12
-12
-74
-67
-65
-84
-92
-92
-145
-168
-175
-163
-99
-43
58
127
167
102
-2
31
27
9
28
84
109
47
-6
5
52
177
304
377
414
370
335
287
198
120
60
109
131
167
162
158
96
117
143
91
73
93
76
42
2
-71
-48
-114
-171
-298
-373
-401
-400
-365
-281
-328
-364
-412
-419
-358
-408
-401
-338
-281
-221
-137
-140
-78
-35
-84
-96
-89
-67
-64
-115
-133
-86
-22
85
155
221
285
306
254
219
160
127
83
61
73
104
74
39
109
93
140
129
22
70
108
135
158
86
130
149
179
188
205
204
216
167
158
133
29
1
-55
-81
-57
3
25
39
-13
12
-53
-117
-128
-250
-282
-262
-201
-151
-152
-239
-362
-365
-213
-35
-6
103
119
69
-51
-160
-124
-117
-89
-30
37
87
37
25
4
58
150
194
227
170
84
33
14
-50
35
83
153
303
375
356
242
145
104
81
-12
-19
-58
-49
112
184
173
154
96
37
12
-42
-152
-175
-206
-274
-260
-253
-274
-349
-385
-384
-326
-244
-142
-83
-29
-35
-69
-162
-200
-151
-79
5
63
7
-33
-32
-66
-83
10
59
77
113
124
31
-14
-19
29
131
205
257
191
144
165
77
55
140
206
360
366
359
254
142
