20
43
-9
-45
-48
-49
-24
-6
-13
-31
-40
-94
-100
-93
-90
-114
-52
-34
-38
-33
-27
-51
-98
-127
-95
-54
-54
-51
-88
-108
-95
-108
-102
-78
-115
-99
-84
-69
-88
-82
-94
-89
-86
-111
-120
-112
-75
-75
-28
-25
-28
-15
5
52
72
81
41
-9
2
17
57
90
130
128
76
27
-18
-2
30
14
57
96
69
36
34
17
-39
-30
-24
-4
40
39
61
55
79
63
32
41
57
46
17
10
14
27
32
29
20
1
-19
-17
-27
9
-2
-46
-60
-44
-36
-33
-33
-64
-38
-16
-58
-80
-85
-113
-69
-37
-65
-66
-30
-16
-33
-39
-70
-23
-28
-24
-22
-22
-23
-58
-53
-77
-43
-7
-12
-25
-7
32
28
23
20
0
43
75
67
22
25
55
70
101
51
60
68
122
109
78
59
52
71
57
24
32
92
113
87
55
63
10
4
22
58
89
84
51
28
-10
-11
2
32
40
10
-14
-18
-26
-15
-32
-57
-15
23
17
-21
-67
-86
-79
-74
-68
-57
-35
-45
-102
-159
-203
-216
-215
-184
-127
-146
-122
-132
-147
-107
-71
-51
-38
-65
-89
-74
-46
-42
-30
-18
-1
3
32
81
128
145
149
146
123
97
86
91
92
121
104
140
144
158
173
170
185
177
175
167
171
214
221
198
150
151
138
100
82
105
119
110
85
80
48
13
-19
2
12
-15
10
23
7
22
41
-17
-92
-116
-130
-109
-85
-94
-57
-71
-95
-105
-87
-97
-120
-133
-134
-123
-127
-141
-154
-175
-188
-169
-191
-165
-115
-72
-50
-66
-84
-144
-180
-140
-89
-82
-80
-66
-44
-28
-26
-13
-51
-13
20
2
23
49
40
22
20
9
-35
-50
-31
-5
-14
-33
-72
-64
-33
-1
29
10
-1
-10
10
-17
-19
-32
-1
44
48
44
49
61
73
51
19
23
18
59
116
104
76
48
30
39
36
27
-6
19
29
9
27
21
7
5
38
44
5
-6
20
15
12
36
5
37
47
62
115
111
79
25
-24
2
17
18
3
45
61
70
74
98
80
68
45
31
3
27
45
59
82
92
76
40
36
23
27
61
105
76
38
12
-27
-23
-13
29
47
14
17
2
2
-9
-55
-58
-64
-61
-18
-36
-49
-56
-89
-77
-105
-113
-81
-39
-3
-13
-22
-37
-58
-72
-48
-55
-46
-25
-3
12
21
-7
-25
36
10
-36
-73
-97
-74
-39
-24
-10
-29
-93
-131
-154
-123
-89
-34
38
81
93
65
18
-68
-73
-54
-28
4
28
39
41
27
19
-4
28
16
12
68
84
53
17
-1
-29
-61
-60
-44
-54
-66
-23
-15
-10
-75
-113
-135
-142
-109
-124
-107
-63
2
-45
-121
-178
-184
-129
-104
-44
-35
-77
-86
-103
-76
-60
-34
-20
8
9
39
-1
-46
2
1
46
85
114
90
116
120
101
155
164
169
179
213
216
238
263
243
265
256
250
215
194
208
236
263
249
213
172
192
175
174
229
240
213
193
138
115
67
61
110
98
109
83
73
83
22
-36
-59
-80
-69
-67
-80
-54
-78
-127
-175
-167
-204
-172
-137
-107
-104
-148
-164
-163
-123
-112
-125
-127
-139
-104
-113
-135
-140
-141
-134
-111
-112
-119
-93
-98
-92
-136
-150
-160
-174
-149
-150
-160
-177
-219
-187
-156
-128
-131
-101
-85
-83
-74
-60
-81
-115
-116
-106
-96
-70
-54
-91
-81
-102
-92
-89
-73
-64
-90
-52
-61
-38
-27
-53
-34
-29
-15
-43
-73
-65
-14
13
10
14
36
59
72
76
89
110
147
157
134
133
142
163
164
150
111
92
67
86
104
113
74
127
125
111
130
67
72
73
113
114
108
126
144
129
211
203
204
213
207
190
151
165
158
197
203
209
169
175
227
226
210
160
95
33
-13
-48
-24
-16
-15
-21
-65
-93
-123
-146
-109
-92
-103
-109
-106
-115
-114
-52
-57
-105
-166
-213
-197
-189
-182
-158
-138
-103
-64
-96
-125
-124
-147
-161
-151
-138
-151
-123
-101
-104
-64
-97
-135
-107
-16
-12
-14
-31
-50
7
57
86
90
134
105
70
59
0
25
54
80
105
94
94
61
62
86
86
88
104
132
156
152
149
126
104
118
103
132
138
68
32
58
79
81
61
54
21
-16
-37
-65
-55
-37
-14
-55
-62
-37
-50
-101
-97
-137
-171
-205
-182
-162
-105
-68
-99
-91
-146
-151
-137
-122
-89
-70
-58
-73
-75
-102
-123
-116
-76
-66
-82
-55
-60
-52
-70
-106
-109
-106
-79
-16
-39
-37
-9
-60
-37
-26
-6
32
74
95
80
92
89
119
144
162
155
132
132
143
116
112
133
108
109
92
59
59
69
81
63
30
7
23
59
62
24
-19
-50
-76
-88
-60
-44
-34
-9
-6
-22
-71
-54
-14
4
21
17
-23
-12
-6
-33
-33
-55
-52
-33
-37
-7
-28
-36
-38
-52
-59
-32
-2
26
34
60
61
50
51
45
58
40
17
7
44
67
59
19
36
58
68
90
102
77
86
76
80
86
78
85
97
89
85
62
50
92
67
75
47
25
24
32
17
37
40
48
60
57
51
36
11
15
34
38
16
-35
-35
-38
-50
-57
-109
-107
-136
-128
-117
-100
-90
-109
-143
-161
-141
-150
-140
-117
-96
-86
-116
-169
-166
-191
-168
-161
-130
-80
-75
-86
-100
-117
-89
-79
-61
-49
-41
24
17
-3
-22
-55
-95
-75
-75
-93
-61
3
37
41
22
48
65
84
100
68
50
41
33
32
67
104
113
101
94
42
17
49
62
79
91
84
101
79
65
34
0
44
70
93
142
160
112
83
10
3
32
63
107
105
71
58
28
8
-6
-5
24
-4
5
51
55
25
-7
-4
13
-18
-12
46
59
36
55
35
26
34
31
64
43
56
61
84
54
47
-8
-33
-40
-64
-36
-42
1
-21
-19
-56
-114
-149
-112
-99
-71
-13
12
-13
-19
-38
-32
-9
6
48
41
89
93
69
35
56
45
56
56
51
79
92
102
72
60
56
52
29
-29
-46
-22
-3
-21
-30
-53
-47
-65
-98
-100
-118
-116
-112
-140
-134
-115
-148
-140
-130
-103
-128
-150
-141
-120
-103
-77
-82
-89
-71
-85
-104
-97
-55
-42
-59
-72
-68
-65
-98
-107
-100
-67
-21
-18
-1
-38
-76
-50
-25
-62
-16
18
20
29
24
1
-35
-36
14
25
18
30
66
87
70
51
39
55
120
146
135
137
138
133
134
95
61
117
116
128
166
168
192
209
181
160
123
86
65
66
81
56
18
46
56
15
-53
-92
-63
-43
-20
-30
-57
-41
-70
-117
-135
-102
-78
-47
-49
-36
-3
-21
-61
-72
-85
-108
-62
-29
19
19
16
-8
22
5
8
39
21
29
61
41
9
2
-7
14
58
43
5
19
69
105
75
57
23
14
15
50
40
25
10
-6
-13
-9
1
-25
-39
-64
-85
-60
-37
-35
2
-26
-42
-38
-33
-32
15
37
15
2
19
-6
-47
16
46
6
-27
-37
-4
-11
-24
-46
-36
-34
-18
-11
-7
2
-33
-94
-112
-120
-84
-66
-15
39
-16
-15
-42
-33
-45
-8
45
71
60
49
1
35
85
127
162
110
83
55
38
1
57
68
93
122
109
84
47
37
56
59
32
11
1
-10
-1
-36
-57
-60
-27
40
23
40
36
14
-20
0
40
64
51
68
75
27
12
19
43
14
-33
-37
-36
-58
-20
-4
-40
-52
-142
-159
-174
-192
-140
-111
-108
-92
-155
-172
-185
-196
-170
-156
-149
-112
-135
-164
-148
-159
-105
-106
-113
-114
-104
-82
-78
-71
-26
-45
-74
-94
-147
-122
-51
-12
52
73
90
98
97
103
83
95
143
152
115
112
83
79
82
121
154
170
192
203
179
147
155
180
168
182
209
196
162
163
167
114
107
143
181
128
135
179
165
101
79
97
102
104
123
92
110
58
41
43
24
16
0
-19
-9
9
-45
-79
-99
-130
-154
-120
-83
-95
-76
-76
-88
-126
-140
-153
-136
-88
-97
-102
-114
-120
-120
-135
-152
-148
-109
-83
-87
-45
-54
-66
-62
-96
-86
-97
-109
-106
-130
-120
-105
-76
-69
-68
-59
-91
-92
-54
-12
-25
-33
-62
-52
-11
29
14
-34
-38
-42
-52
-46
-11
15
29
21
-27
-103
-115
-79
-25
-19
-63
-45
-42
-12
-36
-70
-66
-43
-19
3
21
29
17
50
59
59
41
56
44
6
55
74
75
64
67
59
75
94
134
154
164
165
113
107
96
95
126
160
187
194
209
189
179
155
152
152
140
140
128
142
179
152
77
47
33
45
24
29
13
-1
0
-24
-62
-56
-54
-40
-69
-76
-43
-57
-13
1
2
-2
4
-39
-41
-35
-14
32
68
24
-21
-44
-32
-49
-42
-43
-46
-28
-29
-77
-61
-71
-67
-25
-30
-33
-91
-102
-102
-64
-92
-69
-44
-24
-19
-36
-58
-59
-54
-49
-8
5
27
31
22
-35
-30
0
-28
-8
-30
-11
10
6
-2
29
12
-7
-57
-76
-99
-114
-61
-5
19
10
-8
-38
-74
-91
-101
-94
-79
-39
12
-9
-28
-62
-96
-104
-96
-58
-43
21
66
38
-56
-88
-46
3
37
20
-18
-59
-62
-53
-72
-49
-10
8
4
-2
18
22
16
76
90
94
88
33
58
25
-4
8
63
92
43
49
30
30
46
37
47
34
53
74
56
23
65
59
19
24
49
21
31
22
32
34
17
11
1
5
24
47
61
49
-2
-23
-38
-23
-20
-13
-10
8
-17
-49
-64
-48
-88
-90
-107
-135
-112
-102
-51
-26
-62
-91
-127
-119
-75
-50
-14
-3
13
20
15
-22
-34
-33
-5
30
25
-9
-28
15
14
-12
13
15
39
74
51
49
31
32
60
60
66
92
112
143
146
110
65
65
108
149
151
143
172
163
151
118
46
106
141
155
147
119
128
129
98
76
45
42
53
98
132
152
133
95
67
30
28
-24
33
64
66
27
-21
-15
-41
-59
-65
-79
-105
-82
-83
-92
-105
-74
-104
-152
-189
-171
-133
-114
-91
-96
-123
-137
-107
-119
-112
-117
-97
-50
-26
-70
-88
-84
-68
-77
-109
-98
-138
-133
-120
-117
-132
-156
-163
-151
-167
-169
-149
-132
-114
-124
-129
-144
-130
-98
-37
-54
-18
-14
-8
-9
-10
47
73
79
53
27
33
29
-49
-75
-54
-60
-50
-46
1
16
2
22
7
-34
-39
8
17
25
53
47
29
31
15
1
30
62
87
130
133
117
85
68
56
85
123
136
162
193
214
207
196
121
125
143
124
146
158
165
134
135
126
148
174
190
182
158
158
135
129
128
104
138
150
108
52
14
36
47
43
26
-23
-56
-63
-105
-120
-105
-128
-125
-106
-129
-104
-91
-129
-144
-123
-124
-134
-137
-113
-124
-147
-144
-136
-135
-109
-86
-54
-37
-53
-60
-45
3
0
22
-16
-61
-68
-80
-57
-25
1
-5
35
10
-29
-20
1
23
16
16
24
46
41
19
9
-12
-42
-84
-65
-23
4
10
-18
-13
-16
-17
-25
-6
-17
-1
14
-28
-9
29
15
15
25
-11
-15
21
53
80
49
9
-50
-41
-38
-17
-5
-34
11
30
14
-23
-66
-86
-106
-51
8
31
-3
-28
-69
-99
-102
-128
-112
-61
-6
19
28
-8
21
47
62
56
41
10
5
66
54
28
16
16
47
39
15
4
51
57
53
-8
-44
-36
-21
27
26
16
50
86
16
40
50
68
67
84
127
132
131
123
145
101
96
93
102
111
128
74
70
46
13
39
80
125
92
82
20
-57
-68
-45
-8
5
23
5
0
-29
-43
-68
-85
-38
-7
10
-8
-13
-10
-59
-63
-96
-104
-92
-69
-52
-42
-59
-49
-55
-79
-45
-59
-46
-67
-74
-107
-76
-73
-40
-34
-45
-47
-40
5
24
-6
-18
-12
-20
-73
-50
11
30
58
18
-11
-39
-57
-89
-105
-40
-28
-25
-15
-46
-72
-58
-11
-25
-57
-59
-34
7
23
-2
28
35
21
48
26
6
37
51
58
55
62
15
6
35
52
57
33
59
65
6
-46
-54
-64
-60
-46
5
15
3
12
2
-10
-5
-18
40
71
39
42
32
55
51
41
-19
-44
-17
-11
8
25
14
15
62
54
4
-32
-40
-20
-20
-49
-66
-66
-89
-77
-55
-20
-11
-21
-38
-42
-7
34
72
70
65
4
-23
-22
-41
-9
1
15
-16
-23
-61
-37
-34
8
-17
-40
-30
-30
0
-2
-10
-48
-45
-25
-21
-8
30
41
43
35
32
-9
-17
50
80
109
131
125
132
121
75
42
47
72
86
95
100
76
82
93
80
64
59
83
76
116
127
102
112
118
149
134
125
77
62
54
27
1
10
51
37
32
-21
-54
-39
-32
-62
-77
-127
-120
-80
-21
-36
-63
-104
-102
-84
-103
-65
-29
-17
7
12
-16
-32
-57
-32
-17
-37
-24
26
-20
-17
-34
-48
-70
-64
-50
-85
-79
-121
-118
-130
-111
-79
-111
-88
-83
-54
-75
-119
-122
-117
-125
-86
-64
-61
-62
-52
-64
-55
-50
-79
-94
-72
-51
-30
-72
-81
-15
-46
-28
-50
-64
-67
-58
-36
-44
-41
-37
-69
-97
-65
-48
-18
16
34
1
-23
-55
-14
-13
-43
-47
-16
-21
-11
16
40
44
29
56
42
42
71
118
124
128
126
126
157
129
141
179
188
219
198
227
211
204
232
237
236
236
250
234
208
176
194
146
124
149
139
173
158
126
84
64
48
19
32
32
61
83
99
50
14
-5
-9
-2
31
-2
-13
-15
-43
-24
-29
-21
-65
-87
-89
-97
-74
-62
-64
-67
-70
-109
-133
-194
-173
-156
-182
-168
-183
-178
-206
-233
-213
-164
-154
-126
-125
-136
-151
-162
-128
-136
-111
-97
-87
-103
-96
-74
-86
-44
-66
-79
-87
-130
-95
-78
-68
-61
-69
-69
-78
-50
-33
-15
-21
-3
-9
-28
8
22
39
-15
6
21
12
32
23
-21
-53
-25
-24
-21
12
-11
-27
-11
0
-28
10
52
33
53
80
38
-12
-9
14
25
40
70
74
56
75
86
69
112
101
111
104
97
123
108
94
90
100
106
78
51
80
120
117
136
165
135
92
70
77
78
75
110
122
144
144
134
95
47
64
73
77
87
113
109
75
92
94
70
42
43
52
62
58
44
11
7
-48
-60
-29
-38
-16
-1
-3
-32
-82
-107
-85
-100
-87
-39
-33
1
15
25
-5
-34
-48
-47
-65
-84
-80
-95
-91
-97
-90
-74
-66
-56
-61
-71
-34
-43
-27
-5
-15
-35
-65
-107
-108
-109
-91
-35
-57
-65
-80
-91
-70
-59
-58
-59
-46
-26
-17
-70
-92
-107
-93
-69
-46
-21
-34
-17
-4
-37
-51
-71
-101
-68
-47
-31
15
16
-12
-38
-35
-31
-51
-68
-44
-32
-11
48
18
17
48
28
30
17
13
2
-12
0
-18
-27
-46
-47
-30
-14
16
41
53
38
53
19
-7
29
53
48
62
30
35
16
-14
-15
-18
32
73
111
107
88
56
21
14
10
21
2
40
62
51
50
38
-7
-41
-19
-39
-24
-2
28
3
6
-7
9
33
44
39
26
-35
-46
-10
-49
-18
14
23
24
-2
-29
-53
18
17
47
30
26
23
66
108
94
107
115
149
126
110
71
83
75
109
115
113
89
104
81
81
55
50
121
149
143
102
92
66
29
22
15
8
-9
6
15
41
-2
-20
16
-17
-17
-2
-4
-23
-49
-19
6
-19
-66
-64
-84
-85
-65
-89
-127
-134
-110
-103
-91
-123
-131
-167
-187
-198
-181
-171
-131
-93
-74
-64
-43
-21
-26
-48
-43
-11
-15
-8
-1
5
-19
23
48
26
-14
-4
2
3
23
5
-9
-9
20
-13
1
10
29
12
21
55
18
28
54
61
48
63
71
51
31
31
36
36
24
-13
-13
10
-3
1
-35
-52
-60
-29
-83
-16
-72
6
-19
20
-80
-3
-28
17
27
104
526
-186
874
-400
784
-1008
87
-667
-625
-1088
-1891
-763
-1537
-779
-1556
-982
-1010
-268
-392
823
210
891
1056
1384
1958
1381
1549
1537
1218
1324
595
1152
551
132
-131
-392
40
-592
-668
-587
-704
-524
-548
-205
20
28
-88
397
533
733
595
611
757
390
543
432
594
310
-126
-53
-107
-226
-348
-537
-457
-545
-742
-516
-479
-434
-420
-471
-166
-182
246
-50
292
-63
477
383
593
225
417
307
193
59
-94
-59
-464
-473
-1029
-563
-1354
-774
-1265
-1353
-1376
-1308
-846
-718
-981
-660
-629
-125
-250
239
180
896
660
1089
1136
1323
1439
1188
1286
995
1152
870
822
656
297
332
192
174
-26
-312
-117
-146
-6
-81
60
158
402
289
446
441
573
594
334
363
95
244
12
-74
-405
-569
-829
-954
-1111
-1433
-1504
-1635
-1557
-1811
-1899
-1793
-1660
-1576
-1079
-629
78
35
777
1312
1747
1757
1279
1983
1712
2088
1643
1300
1270
610
856
390
-33
-400
-862
-594
-1007
-1176
-1205
-952
-826
-945
-852
-351
133
283
397
368
647
688
768
901
689
769
633
717
591
235
50
-39
-115
-214
-440
-232
-199
-298
-385
-411
-183
-129
-84
61
312
457
549
513
621
552
446
509
466
355
219
132
118
-109
-355
-479
-588
-651
-842
-944
-851
-835
-795
-887
-853
-677
-361
-503
-292
-569
49
-189
35
11
-394
-42
-581
275
-610
-335
-969
-559
-591
-752
-901
-900
-918
-962
-902
-827
-605
-790
-517
-671
-320
-579
-218
380
892
1230
976
1906
2582
3197
2736
2499
2574
2455
2611
2134
2077
1377
856
1087
722
457
-292
-435
-286
-890
-899
-1004
-452
-562
-938
-908
-413
126
167
58
8
98
97
173
138
-104
-349
-554
-311
-304
-608
-877
-1089
-799
-1059
-1149
-1211
-1140
-1185
-1463
-1407
-1163
-1279
-1265
-1320
-1048
-1032
-1177
-1092
-1068
-1244
-1385
-1334
-1114
-985
-1333
-1307
-1306
-1143
-1041
-1067
-246
-73
640
658
1539
2138
2549
2773
2482
3043
2897
3271
3064
2734
2452
1923
1980
1611
1171
621
187
196
-232
-463
-740
-517
-617
-627
-631
-182
285
475
559
730
1404
1409
1505
1425
1679
1352
1075
562
415
-145
-505
-832
-1361
-2019
-2634
-2577
-2752
-3251
-3768
-3846
-3726
-3875
-4248
-4063
-4039
-3501
-2655
690
24
233
196
3931
4884
3899
2839
1881
4924
3499
4077
2604
909
914
453
1792
-629
-2557
-2109
-2094
-1642
-3430
-3155
-1609
-902
-2003
-2450
-502
1595
2068
1277
1119
1503
2517
2988
3318
2965
1731
1682
2395
2555
1310
-220
-8
59
-913
-1165
-1654
-1050
-2286
-3271
-2826
-2463
-2314
-2981
-3380
-3284
-3009
-2891
-2260
-2194
1099
2162
1763
1906
3841
7077
5846
5566
2985
4626
5215
4404
4544
1133
-132
-600
681
287
-4019
-4374
-4194
-3136
-4310
-5593
-4165
-2749
-2766
-4160
-2870
-417
1243
936
580
357
1654
2861
3005
2745
1839
1059
1475
1459
826
-1019
-1536
-1090
-1847
-2839
-3637
-2650
-2519
-4015
-4808
-3790
-2958
-3136
-4051
-3406
-2859
-1495
3944
1711
2771
919
7947
8197
7233
5098
2603
8365
5090
6338
3533
801
1446
-149
2740
-2488
-4984
-3597
-4297
-3350
-6829
-5867
-3465
-1975
-4532
-5487
-2178
1381
1955
347
259
1079
3220
3629
2400
3416
1249
1778
783
935
-566
-2876
-2217
-2804
-4411
-4592
-5085
-3366
-4496
-7022
-5051
-5272
-3029
-5459
-4306
-4428
2130
4559
1772
2253
4205
12672
7750
9014
3818
7166
9341
6399
8023
2010
1065
470
2589
3099
-6537
-5049
-4218
-2485
-4917
-8708
-5043
-1258
-1954
-6137
-4076
1768
4751
3058
1856
2679
3485
6660
5004
6721
3743
1425
2077
2514
2348
-3238
-4311
-2741
-4341
-5955
-7560
-6552
-4713
-9014
-8647
-8473
-6578
-7025
-7652
-5980
2964
1809
816
350
8533
12023
7423
7131
3085
10242
6887
7449
6571
1313
293
-1282
4347
-143
-9065
-7245
-6018
-2957
-8074
-10032
-6504
-1688
-4583
-8058
-3118
2653
3643
1494
1185
3067
4350
8473
8257
6760
3085
2012
6987
5639
1832
-7114
-3130
-1334
-2741
-5439
-8835
-5760
-5147
-6956
-7155
-8063
-6455
-5626
-6563
3107
3523
2605
1384
8253
13672
9055
9541
3989
11568
8036
6969
7285
2527
1692
-2930
2589
1066
-7971
-7356
-7916
-4632
-8233
-10444
-7364
-2914
-3751
-8704
-4553
2341
4218
2352
693
1226
5027
7308
6867
5248
3663
2867
3315
2257
401
-5480
-3869
-2940
-4594
-6049
-8885
-5810
-4312
-6523
-8507
-8384
-6251
-4166
-6839
2658
3427
3000
1591
7307
15211
8994
10470
2151
10644
9237
7498
8159
1278
1600
-2111
3365
2376
-8063
-7136
-8561
-4513
-7043
-10245
-7404
-3887
-4017
-9374
-5741
2251
5006
2621
44
232
3928
6726
5129
4335
1217
703
747
1639
-61
-5858
-6915
-3389
-5203
-5094
-7783
-5069
-3588
-7906
-7464
-8190
-3526
-4475
-2998
6037
2280
3924
2426
14310
11106
8748
4914
3432
12058
5842
7910
2231
-393
-864
-1984
4762
-4250
-8352
-7063
-6579
-3588
-8597
-7847
-3828
-1273
-4836
-7330
779
6736
5694
1428
-220
2963
6266
6209
2274
2468
-1485
-1597
-3476
-2032
-4986
-9499
-4953
-6174
-4745
-6874
-5739
-1785
-4036
-6952
-6451
-5418
-597
-4369
5020
3847
3913
2542
8771
15667
6811
8494
-1161
9239
7112
5282
4866
-3147
-1083
-4323
1089
-447
-9868
-7837
-8514
-4213
-6108
-7462
-3486
-870
-973
-4430
239
7658
9157
5473
4434
3625
7959
7821
5190
4334
-1721
-394
-4323
-3243
-5446
-9424
-8871
-6737
-7572
-5834
-7893
-2729
-4224
-5055
-6077
-5606
-2906
-3013
-3694
5002
8369
5266
3343
9493
18385
10937
8560
561
7466
9054
6205
5779
-2328
-3786
-5033
407
1070
-11617
-12640
-9931
-6318
-6152
-10666
-6450
-1159
-1662
-4989
-2781
7521
9960
6757
3300
3393
7679
8982
7417
4364
36
-1941
-2744
-1971
-4747
-10787
-12105
-8833
-7832
-8474
-9505
-6403
-4136
-6384
-6023
-5747
-3925
-3780
-3976
-1149
9287
7431
5860
3787
15321
15507
10713
5736
2838
10705
6436
7558
1936
-2582
-4820
-4668
3610
-4124
-13970
-13048
-9509
-4904
-9728
-10593
-3732
-157
-2413
-6499
1275
11040
10236
6497
3898
7828
10046
8571
8229
5249
993
-2620
-2502
-1347
-5106
-12262
-11332
-7775
-7982
-9349
-9219
-4381
-5999
-7328
-7884
-5422
-4183
-3355
-5009
5219
10279
5918
4664
9730
19372
11332
8235
1974
9421
10138
6130
4477
-1676
-3200
-6094
379
1120
-12545
-14503
-12616
-5735
-6928
-11466
-7338
-2726
-1475
-7012
-3190
8786
12166
7675
4010
4401
10966
11196
9360
5552
2800
1633
-1963
-1131
-3392
-8688
-11819
-8051
-7668
-8381
-10916
-6635
-4978
-6445
-9216
-7843
-3933
-5167
-4582
-4954
7557
8501
6140
3297
10348
18279
9813
9070
1218
10168
8374
6468
4961
-2589
-2834
-3875
2664
343
-14138
-13279
-9679
-3533
-6416
-11442
-6001
-1461
-1600
-7141
-3027
9911
10386
7407
2038
5292
9411
9380
7406
4887
2378
-2444
-1872
-1884
-2438
-11532
-10993
-7017
-7195
-7884
-9975
-4812
-4236
-8494
-9127
-7730
-5200
-5023
-7005
2946
8719
6777
3594
7359
18887
11471
9334
1635
8805
10818
6148
5278
-968
-1280
-3397
759
2398
-10731
-13949
-10582
-4376
-4717
-11771
-8169
-2987
-436
-7561
-5784
5750
10771
8376
2687
2672
6902
9778
7223
5311
1886
-825
-2344
-2450
-3378
-9485
-10804
-7543
-6345
-7107
-10090
-5354
-3703
-4800
-8100
-8182
-5578
-6338
-3320
-4467
8677
7544
6371
3216
13150
17363
9890
7227
1652
11401
7111
6323
2751
-1138
-986
-4031
3359
-2519
-12695
-10574
-7426
-2354
-7842
-9970
-3543
1178
-2184
-7489
-1349
11251
11330
6347
1254
3167
7891
7261
6244
4304
-2092
-4154
-5699
-2954
-5313
-11353
-9488
-6422
-5797
-7566
-7753
-1986
-3222
-6180
-7507
-6584
-5087
-3094
-5322
3578
9548
6301
4020
6949
19125
10133
8323
401
7237
9791
4521
4933
-1519
-1738
-4666
-42
3333
-10673
-12386
-8770
-2907
-3034
-11301
-6855
-915
-195
-5311
-6059
6744
10913
6938
2133
409
4976
5516
5188
6624
-2405
-4361
-7954
-3281
-3177
-10158
-12313
-7832
-5285
-5701
-8077
-3605
-2608
-5177
-5908
-6684
-5064
-3606
-4071
433
10553
6297
5100
5031
18320
12426
8027
1930
3620
11245
4628
4903
-1720
-2681
-3832
-1593
4439
-8529
-13006
-8795
-3914
-892
-7653
-6107
-561
1788
-1825
-5244
5572
12607
9531
4787
86
3769
7208
5595
5900
-3256
-4780
-7678
-4158
-2720
-9834
-12052
-9283
-5049
-4537
-6637
-3766
-1768
-3202
-5412
-6738
-5053
-3463
-2528
-2355
9457
6882
6659
3733
15477
14460
7250
3229
624
10983
5732
3793
-1354
-4088
-3749
-4297
2361
-5439
-14970
-10928
-6656
-1094
-6247
-8978
-2561
1584
-175
-5271
2799
13310
11767
5723
2428
3669
7769
6238
5734
310
-4627
-7660
-5016
-1896
-8324
-13308
-10482
-5026
-4863
-6397
-6228
-1413
-3779
-4526
-7026
-4418
-4764
-3625
-2863
5396
10013
6632
5881
9510
18854
9977
7781
1748
7470
9584
5031
3478
-3155
-3603
-4254
434
567
-12402
-12825
-9000
-3165
-4136
-9498
-5146
-1042
725
-4410
-1686
8860
12377
6858
5351
2122
5481
6835
6502
3451
-5777
-7767
-6861
-1220
-6424
-13490
-12211
-7444
-4759
-5504
-5992
-2778
-3932
-3076
-5796
-4932
-5279
-3449
-1612
4746
9794
6078
6208
9053
18719
9399
6699
548
6989
9633
4814
2853
-3968
-2680
-4506
312
1074
-10710
-12444
-9463
-3229
-3181
-7612
-5060
-1316
334
-4700
-1637
8571
12485
6003
4174
3907
5718
5673
3938
2985
-3335
-6946
-9241
-3413
-5707
-12383
-12632
-7687
-4987
-5234
-5799
-2221
-3199
-3474
-6064
-4591
-4325
-4068
-3164
4551
10890
5686
4977
8290
19114
10733
5815
-143
6533
10148
5394
3371
-3518
-2550
-4200
854
2763
-9044
-12084
-9496
-2722
-2426
-6942
-4336
-654
475
-5129
-2974
9060
13391
7379
3569
3006
5715
5660
6910
2608
-3754
-7708
-8670
-1947
-5178
-12348
-14431
-7734
-4757
-4710
-5462
-3077
-3529
-3934
-5504
-4580
-4671
-4029
-3710
4853
10922
5791
4501
8714
19324
10947
5471
-368
5776
10217
5241
3573
-3537
-3529
-4034
176
3782
-9303
-12235
-9581
-3657
-2798
-8085
-3748
-289
831
-5240
-4831
8105
12792
7643
3272
2402
5299
4680
6376
2839
-3459
-8090
-9329
-3248
-4186
-11432
-15257
-7907
-4908
-4632
-5596
-3080
-2509
-3717
-5189
-4765
-4348
-2753
-3042
6333
10654
5770
4316
10405
20218
10473
4611
-1120
6919
10707
5280
2976
-3467
-2731
-3286
949
3203
-9023
-10767
-8552
-3002
-3187
-7913
-2735
1220
860
-5089
-4071
8520
12741
7023
3377
2625
6249
4265
4412
3727
-3371
-6706
-10794
-6065
-6289
-11703
-13419
-9367
-5747
-7442
-6867
-2789
-2357
-5029
-6755
-5598
-4129
-2512
-2958
8211
10748
5437
2531
12806
20985
10184
2460
-2809
7324
9331
5273
1110
-4458
-4690
-4575
2826
1615
-9999
-12070
-7911
-1408
-3582
-6972
-1148
4063
1429
-5450
-1072
10752
13592
6503
3502
4190
5845
3885
4461
3889
-3701
-9171
-9659
-4449
-6649
-12974
-12255
-8001
-4341
-6985
-6018
-1362
-3089
-4101
-6292
-4380
-3120
-2639
-1208
9566
10426
5884
2041
14327
19520
9555
1481
-2680
8515
7153
5164
59
-4151
-4912
-5862
3840
505
-9590
-12110
-8264
-547
-4243
-6526
-466
4124
1546
-4949
1130
11314
11761
5780
2420
4926
5327
3415
3464
802
-3773
-9946
-8490
-6521
-9432
-14163
-11665
-7441
-5360
-7717
-6737
-1415
-2418
-4127
-6927
-4745
-2156
-2134
1798
11594
10181
5868
4956
18299
17476
8975
-718
12
9008
5316
4787
-1539
-3980
-5851
-5103
4096
-2874
-9482
-10885
-6808
-866
-5425
-4762
1689
4329
957
-3918
4809
12329
9439
5969
3366
7187
4297
2255
4267
-499
-4053
-11143
-7694
-6377
-11928
-14574
-10817
-6578
-6449
-8287
-5563
-2171
-3793
-4826
-5761
-5710
-3283
-3801
6383
11243
7548
2951
8921
20930
13936
6840
-3051
3935
7666
4664
3191
-3865
-3993
-6639
-1314
2632
-6590
-9456
-8921
-3789
-3003
-6585
-1714
3751
4370
-909
-815
8672
12596
7875
5386
5196
7784
4064
3217
3469
-2826
-4227
-9326
-5401
-7954
-13753
-12961
-9777
-5330
-7321
-7432
-3435
-3237
-3644
-4271
-4719
-4946
-3706
-2099
10058
9800
6025
2555
13891
20331
9653
4048
-2590
6600
5626
3727
862
-5356
-4625
-6312
1160
-808
-9231
-8425
-6126
-2570
-5586
-6098
1407
5048
3210
-1661
3094
11387
11273
6881
5031
6611
6777
4028
3642
469
-3815
-7472
-6753
-6560
-10643
-14332
-11875
-8133
-6479
-7828
-5878
-2485
-3548
-4650
-4113
-4243
-3401
-3562
2738
12171
8944
4400
5593
20523
17453
7967
-156
1509
7628
4124
3482
-2543
-5314
-6846
-4595
2576
-5580
-10242
-8693
-3619
-2507
-7426
-3521
3385
5233
502
-936
8166
12712
8742
4919
5459
7389
5224
3836
4008
-1335
-5560
-8594
-4749
-5673
-13980
-14639
-10858
-7815
-7844
-8531
-4769
-3671
-5585
-5642
-3325
-3600
-4561
-4870
7209
12061
6951
2099
10298
21895
14004
5015
-1811
5614
6281
3479
1774
-3456
-5430
-7584
-675
1228
-8052
-10452
-6606
-633
-3813
-7069
-1062
5968
5001
-1103
1688
11360
12824
6663
5473
6201
8291
4466
4481
3111
-1443
-5075
-8111
-3387
-7228
-13310
-12389
-8773
-6932
-8797
-7006
-2702
-3518
-5713
-6965
-3799
-2588
-4505
-2100
10064
9993
4659
2738
16611
20262
10044
1550
-1078
8303
5158
3184
-1007
-4909
-6670
-6869
1848
-3088
-10231
-10343
-5198
-710
-6086
-5673
650
5886
2234
-1553
4998
12979
10842
4615
4954
6916
7053
4364
4556
1623
-3060
-6068
-5878
-3013
-9232
-14205
-11349
-7649
-7009
-8765
-5585
-3014
-4738
-6157
-5686
-3621
-3072
-5156
1410
11572
8979
3114
5262
19903
18641
9003
53
1919
9012
5528
3619
-2021
-5480
-6920
-4190
2953
-4950
-11231
-9612
-3725
-1412
-7046
-4510
2504
5507
456
-1052
6338
12721
9012
4304
5130
6385
6562
3526
5344
-786
-3877
-6188
-4882
-2995
-11551
-12636
-10228
-6792
-7268
-8601
-4059
-3606
-4981
-6169
-5306
-4245
-3862
-4321
5367
10476
6126
1695
8799
21546
13526
7088
-1589
4890
8231
4793
3489
-3701
-5249
-7325
-1051
1917
-7586
-10029
-7853
-2639
-3352
-6343
-1549
4283
3681
-1602
877
9658
12384
6627
4221
4590
6556
5848
3692
5134
-2050
-4253
-6034
-2605
-4009
-12785
-11754
-9210
-7171
-7775
-7510
-3620
-4618
-6091
-6034
-4608
-4823
-5524
-4493
7509
9921
4877
820
10910
21960
12056
5748
-2127
6367
7829
4783
3106
-4581
-6316
-7518
1091
1289
-8730
-10649
-6522
-1898
-4224
-6382
-276
6076
3368
-2501
1540
11076
11688
6195
3740
5276
6566
6021
4545
4017
-2329
-4456
-4472
-1613
-5613
-13388
-10385
-6564
-6530
-7880
-6795
-3081
-3163
-6120
-5428
-5071
-4604
-5608
-2014
10973
8219
2703
1502
16337
20479
9476
2448
-685
8603
6375
5173
1424
-4865
-7751
-6355
3280
-1865
-10134
-10371
-5137
-1907
-6610
-5112
1762
6176
744
-3440
4541
12086
10337
4425
3544
5447
5382
4297
5280
2353
-2859
-6519
-3761
-580
-7214
-12235
-10592
-6037
-7370
-7882
-4924
-3318
-5042
-6824
-4814
-4287
-5498
-7193
12
11110
7266
741
2648
18966
18495
8408
-120
1374
8989
6432
5360
-605
-5215
-8462
-3964
4290
-3897
-10895
-9671
-3636
-1512
-7185
-3878
3551
6040
491
-2706
6756
12224
9547
4625
4006
6484
5612
4985
4789
284
-3371
-5451
-2683
-2459
-10099
-11774
-9476
-5654
-7334
-8387
-4474
-3813
-4863
-6105
-4759
-5106
-5441
-5996
4643
10286
5777
-510
7517
22054
14640
6808
-2565
5042
8371
5918
4629
-3434
-5486
-8850
-518
2856
-8013
-11170
-8477
-2354
-3737
-7715
-1513
4983
4598
-1416
-42
10112
11864
8382
4807
5949
7302
4776
4921
4895
47
-4151
-5349
-1207
-3533
-11170
-11641
-8455
-6537
-7968
-7524
-3324
-4797
-6688
-5777
-3855
-4795
-6991
-4356
7922
9807
3247
-505
12828
21615
11996
3379
-1468
7608
7708
6117
2506
-4130
-6842
-7360
2191
154
-9697
-11230
-6338
-1626
-5751
-6949
-42
5611
2610
-2362
2932
11295
10151
6446
4031
7065
7126
5308
4944
2907
-781
-4326
-3434
-1754
-6794
-12131
-10711
-6918
-6586
-8901
-6611
-4074
-4199
-7000
-5276
-4180
-5343
-7002
-1927
9847
7964
1529
1031
17624
19597
10333
514
1059
8858
6904
6055
-69
-4301
-7844
-4527
3280
-3320
-10946
-10897
-4592
-2081
-7760
-5481
1746
5551
752
-2554
5679
11508
9655
5214
4533
8484
6973
5246
4405
2368
-491
-4107
-2737
-1920
-7649
-10980
-10449
-6802
-7398
-8873
-5043
-4650
-5306
-8296
-5254
-3497
-5724
-7670
-1899
10717
7924
538
1702
18791
19668
9542
-615
1997
9488
7543
6240
-1032
-4807
-8364
-2778
3978
-4386
-11892
-11117
-3745
-1978
-8345
-5572
2791
5754
492
-2258
6425
11911
9882
5275
4990
9275
6978
6521
4819
3144
-905
-3668
-798
-2347
-7849
-12152
-9328
-6580
-7615
-8883
-5524
-4546
-6120
-8312
-4903
-4695
-5644
-7712
1316
10354
5814
-210
5063
21522
17601
7220
-2042
4538
9612
7920
4826
-2745
-6109
-8629
-493
2406
-7003
-13083
-10936
-3223
-4429
-8730
-4792
3101
3918
-2060
-1305
7473
11456
8442
4267
5773
8742
7484
6636
4072
2742
-375
-1691
-413
-3195
-7761
-9989
-8055
-7072
-8132
-7537
-5138
-4618
-6698
-7787
-4346
-4352
-5551
-7716
-689
10097
7383
1490
2051
19291
19613
9739
-53
1817
10046
9320
6742
-1322
-6678
-7853
-1311
4546
-4321
-13509
-11863
-4341
-1873
-7789
-5954
1910
3675
-1090
-3282
5530
10880
8601
4148
4319
7986
7068
7027
4264
3018
-993
-1224
101
-2429
-7496
-11202
-7211
-6301
-7042
-8615
-6254
-4337
-6630
-7663
-5701
-5039
-5674
-8313
-1255
9368
7297
569
1168
19104
19294
9470
-384
2430
10513
9313
6977
-979
-6208
-8052
-1213
5722
-3622
-13971
-12473
-3967
-1308
-7990
-5873
1719
3171
-2244
-4268
5596
10327
7901
3008
4527
8144
6897
7101
4838
3722
-228
-134
1178
-1496
-6920
-9968
-5968
-5241
-7004
-8603
-5971
-4005
-7064
-7377
-5587
-4279
-6987
-8848
-4947
7370
9234
2129
-2335
13380
21374
12656
2710
-704
9366
9931
9401
1574
-5383
-7410
-3340
7328
398
-12719
-14131
-5289
1210
-6461
-6811
-613
3310
-1072
-5923
2422
9164
8656
3387
3068
6368
6388
7423
6685
3733
-339
-93
2722
358
-6129
-10676
-6459
-3039
-5454
-8746
-6991
-4227
-5568
-6890
-5320
-4812
-7380
-9242
-5934
7376
9696
1652
-3216
12453
21467
13011
3523
-236
9016
9373
9726
2623
-4877
-8096
-3490
8199
1309
-13008
-15612
-5525
1180
-6413
-7411
-1758
2100
-2212
-6514
1540
8027
7190
2521
2920
6120
5937
6211
6468
3996
135
369
2494
861
-5922
-9591
-6050
-2313
-5291
-9373
-7330
-4563
-6149
-6792
-5430
-4266
-8067
-10431
-7734
468
10698
5402
-840
1797
18879
19359
10526
958
2378
10738
11273
8303
-2090
-6552
-4458
4229
7069
-6820
-15302
-9846
-180
-573
-6502
-4577
-169
567
-4056
-3576
4565
8270
5805
2549
3651
5715
6275
7511
5488
2465
646
1561
1739
-2322
-7273
-8188
-3192
-3518
-7446
-8417
-6230
-4717
-6006
-5170
-4870
-7144
-10615
-8897
-4069
7410
7221
1408
-2751
11353
20994
13231
4402
-1229
8868
10990
10043
1187
-4516
-3642
721
7416
-604
-12576
-11761
-2943
1724
-4176
-7028
-3221
-196
-2026
-5735
-352
6514
5931
2663
1335
4541
5523
6581
5047
3243
2576
1663
1769
-922
-3947
-6655
-3473
-2162
-5716
-8029
-7384
-4087
-4416
-5445
-5475
-7297
-7725
-10012
-6920
-2588
7206
7277
-44
-1642
14511
20224
12130
1187
976
11019
10405
7583
178
-1025
-1766
1626
5804
-2709
-11309
-9048
-404
2481
-5978
-8208
-3480
714
-3882
-7368
278
5928
4758
730
-67
3675
5303
5713
4888
3809
749
75
1402
256
-3736
-6467
-3088
-2765
-5416
-8563
-5926
-2471
-3915
-6599
-8376
-6659
-8653
-7372
-8328
-1190
8647
5025
-1673
-91
18862
17191
9606
348
4769
10681
9530
8538
2960
-254
-2372
4460
7822
-3782
-10827
-4788
3422
544
-9582
-7452
-350
-715
-6815
-6697
2164
4824
2531
-994
872
3449
4834
6624
5586
1565
-601
2419
3287
-224
-5262
-5024
-1563
-3206
-7237
-8226
-3400
-2371
-7176
-8261
-8336
-6329
-8338
-9177
-9071
-884
8310
4709
-3473
715
17557
17016
10387
-1022
3998
9300
13367
10704
2581
-1629
-1284
7996
8695
-3955
-8101
-3183
3020
-1973
-9137
-4724
-2442
-2298
-8911
-6489
1137
4199
1669
-3631
-896
2400
7352
6382
2784
-735
1430
4473
4255
820
-4504
-3748
-2665
-2715
-6247
-4973
-3060
-5595
-8395
-8427
-6661
-4615
-9394
-11626
-11793
-594
10189
4398
-5861
-4161
18598
19690
10765
-2456
2420
13392
15431
12403
2718
-663
829
8464
11372
-451
-8045
-4793
1679
-465
-8706
-8143
-3295
-3893
-10192
-9098
187
3878
-2758
-5554
-1899
5172
6531
3142
1564
476
5152
6231
6049
480
-3154
-2487
428
-443
-3656
-5199
-4578
-4451
-8186
-7014
-6107
-4328
-9172
-13726
-11377
-3930
8913
3228
-6400
-8514
13339
21049
12234
-518
30
12546
15147
14997
6080
1671
1094
8699
15658
4453
-7581
-6982
2279
2860
-7800
-9256
-6365
-4538
-9905
-9776
-2766
-1299
-4949
-6083
-729
2239
1174
540
2166
2485
5150
6004
6163
1677
-1997
-1046
2597
2846
-3721
-5930
-4180
-4101
-5485
-7860
-4804
-5370
-9940
-14083
-11631
-5833
-237
2838
-2649
-10086
448
19772
18965
8002
-4627
7015
16707
21167
12107
3128
4702
8209
15398
10796
-1762
-5904
-2318
3338
-1785
-11053
-10966
-7232
-4633
-10400
-12063
-6144
-3362
-1995
-5700
-3613
-768
2022
3203
3968
5699
5434
5845
4545
3467
2017
2803
2275
-25
-3734
-5313
-2738
-3535
-6016
-6726
-6729
-8626
-12573
-12166
-9314
-7111
675
-1804
-7058
-6850
13506
20761
11000
-1233
1778
17200
20170
16367
8528
7369
7002
10837
15019
7014
-4469
-5455
708
1383
-9201
-13233
-8184
-5688
-12252
-15598
-8933
-2756
-4547
-9523
-7333
-2749
1019
1882
4059
3858
3704
6322
7573
7083
4788
1987
4204
1963
-1154
-3790
-1713
-904
-5710
-6740
-7681
-7670
-9581
-12590
-12004
-12933
-9613
-877
-1621
-5547
-4134
15719
16677
9372
940
8686
20267
20788
17935
9145
7764
8633
15101
17735
3984
-6556
-6143
1317
1112
-10667
-14048
-12410
-8951
-12315
-14353
-9767
-8192
-9103
-9895
-5751
-1421
623
1662
2837
4525
7262
9086
10458
8235
4696
2890
4630
4317
1108
-1903
-2071
-2483
-4498
-7398
-7982
-8668
-10900
-15188
-15782
-14359
-5785
1279
-3490
-9702
-848
18137
17178
9488
2480
14159
20759
21322
15398
10970
10245
12504
18641
13321
-1364
-8509
-1505
4455
-4541
-17752
-15447
-8075
-9212
-16705
-18163
-10691
-9380
-10331
-10014
-5509
-1807
-2550
1817
4710
6703
8561
10726
11857
5882
4096
6229
9802
4698
-1840
-1599
590
-1265
-7565
-8917
-6815
-10175
-14676
-17521
-11837
-12198
-8381
-2765
-3745
-6002
-949
17857
17189
10485
2793
12123
20741
20471
15938
12994
12901
11708
12517
10945
1908
-3996
-3242
-1109
-5098
-13944
-13698
-10731
-11696
-17545
-17932
-11467
-9053
-10037
-11191
-6438
-3575
-273
2118
5899
8312
8728
10170
9712
9315
7563
8235
8865
5159
1067
-624
344
-959
-6605
-9944
-10594
-9824
-10807
-12802
-14051
-15522
-13326
-1162
1483
-2192
-5625
11195
19614
13555
5662
6785
18850
21449
21358
14988
10373
8175
11253
14325
6273
-5428
-5537
-1193
-2339
-12854
-16510
-11787
-11201
-16676
-19401
-14121
-10377
-10902
-11563
-8231
-5395
-1904
3206
6573
6445
4595
9433
14030
12297
7049
6371
10450
9698
2996
-278
296
-1327
-7867
-8703
-6931
-7496
-12310
-14367
-14118
-12964
-12809
-6917
3229
-172
-6078
-1068
18833
17497
8729
3541
14702
23104
20586
16445
11873
9186
7552
12823
14021
2019
-8687
-6616
-1014
-3708
-15004
-16435
-12407
-13614
-18442
-18527
-11252
-10609
-12673
-11970
-5248
-404
-147
2280
4896
7328
8370
12079
13745
10440
8710
9306
12501
6897
524
-1573
-65
-568
-5517
-8086
-9729
-9647
-11580
-12364
-11908
-10350
-11398
-5597
388
-604
-4010
3330
16983
13929
8666
6422
17987
21261
17572
12746
10847
11282
11264
12870
8107
-3553
-6610
-2024
407
-9175
-19217
-17144
-11849
-12959
-18917
-18837
-14167
-11358
-11474
-8700
-5499
-4019
-250
3842
7437
5642
8892
14032
16070
11236
6998
9245
10492
8256
2713
83
-1769
-2750
-4122
-6359
-9321
-10195
-9686
-8143
-11324
-13471
-13481
-6492
3739
1161
-4471
-2644
14488
16616
12641
6841
11734
18146
18146
17267
12682
9067
7352
10194
10984
1171
-5579
-5187
-4513
-9492
-16712
-14919
-12181
-15335
-20397
-19315
-12178
-10774
-11871
-11505
-6719
-3197
-560
2675
6982
8577
9013
11945
13717
13070
9419
9907
12363
8828
2278
381
2136
1432
-4495
-6725
-6028
-6233
-9241
-12439
-11739
-11712
-11003
-9376
-886
-93
-4853
-5711
9711
17955
11616
5624
7759
19147
18391
18282
13577
9727
7421
9768
15326
6496
-7193
-9083
-2463
-1661
-13079
-18584
-14986
-12182
-16593
-19107
-16052
-12207
-13419
-12033
-7991
-3516
-1772
1611
5930
7110
7333
11466
16764
14846
9410
8137
12638
12659
7610
4028
2557
2044
-223
-2546
-5636
-9210
-9628
-10208
-9522
-12182
-13000
-13925
-10431
-1367
-702
-3893
-6192
9170
15184
12160
6344
8606
17461
17710
17914
12556
9496
7473
10068
11619
3213
-6382
-6755
-2777
-4988
-13196
-16637
-14020
-14921
-19423
-20334
-15443
-11142
-11804
-12041
-8958
-4653
-461
3928
6502
7958
7152
11289
15838
16337
13535
10173
12145
13126
11398
8265
3324
271
-2300
-3069
-4264
-8196
-10941
-11977
-12364
-13646
-14001
-12911
-11042
-4626
-3600
-4732
-2955
9165
14076
10355
5024
9504
19124
19432
15856
10267
9532
9957
10867
10490
3106
-4078
-4679
-2960
-4698
-14335
-18720
-16447
-13996
-16748
-19134
-16767
-13776
-12021
-10202
-6178
-3277
-1787
936
6088
11152
11100
12112
15342
16400
14813
12834
16634
15849
10306
4540
3643
3668
-361
-5041
-7464
-8980
-10571
-12145
-13680
-14150
-16431
-13418
-11980
-5135
-4082
-5325
-3697
5874
14504
9332
7010
9452
18465
18343
15246
12213
10284
10955
12702
13409
5116
-6100
-7684
-1563
-1888
-12461
-20260
-18172
-13702
-15182
-17127
-16747
-14850
-13745
-10761
-4872
-2417
-2234
110
6253
11119
10651
11588
14300
17995
16116
14481
13915
13684
9727
5985
4188
2268
-1953
-6002
-7854
-9118
-12014
-12634
-11946
-13426
-16063
-17032
-12775
-8240
-2309
-4445
-5747
-1252
11658
14289
9599
5393
11209
18650
18723
16790
11679
9123
8669
10952
10480
619
-6382
-5644
-3263
-5926
-14881
-16733
-14537
-13516
-16640
-16727
-11480
-9824
-10261
-7971
-3379
-668
1053
4458
8770
10880
10320
13464
17010
16619
11504
10197
13674
12972
7592
2119
-120
-1055
-4146
-4337
-6423
-9801
-14288
-14593
-11708
-12767
-14989
-15688
-11602
-8105
-2054
-962
-2319
-3298
8102
15124
13640
7991
8046
15369
16564
16779
10099
6697
6022
8644
9852
2547
-5744
-7777
-5233
-6001
-11730
-13805
-11876
-10223
-13005
-14625
-11740
-7271
-5717
-5171
-2766
-822
1685
5151
8135
8420
8636
10946
13300
13263
11083
8649
8768
8058
5895
3332
2147
15
-3726
-6303
-8207
-9496
-11267
-11332
-11294
-11569
-12515
-11853
-9347
-8270
-3413
-682
-686
-1505
5415
13290
11647
6813
5603
12162
13776
14441
11271
7977
4651
5790
7741
5086
-2603
-5958
-3437
-1547
-6316
-12087
-11264
-8134
-8390
-10353
-9576
-7115
-5121
-4566
-3798
-2357
-584
2333
4500
5760
5207
6622
9747
10563
8759
5824
6700
9983
8411
2603
-1922
-1266
-45
-2902
-6111
-8759
-8705
-8234
-8642
-9780
-10945
-10260
-8096
-6365
-6193
-2243
-322
719
762
6304
8923
7551
7245
9428
11215
9485
9847
10909
7441
5175
6247
8368
3550
-4627
-4358
-1086
527
-6109
-9927
-8489
-6821
-8502
-8830
-7520
-7020
-7457
-6001
-3077
-2912
-1994
1010
4516
4239
2201
5102
9444
9589
5041
2998
5439
7232
5271
2314
-599
-2029
-2833
-2297
-3614
-7251
-8640
-7623
-5499
-7251
-9395
-9022
-6558
-5355
-2369
1209
-416
-1793
2083
10879
10494
5323
3804
10863
13806
10952
8662
7445
6225
5567
6960
6640
1337
-2334
-1708
512
-2915
-9520
-9382
-4629
-5101
-10099
-11678
-6891
-3558
-4364
-4745
-4325
-2696
-1209
2665
5137
3307
458
2080
7234
8562
5887
2642
2380
3105
1493
1261
153
-1438
-4942
-5183
-3771
-3798
-6552
-7496
-6261
-5482
-5456
-5996
-3742
-4426
-89
2955
3520
1639
4017
11203
9073
5954
3829
9924
11188
8482
6128
5119
4308
4807
5843
2752
-4477
-6475
-2533
202
-3891
-9731
-8981
-4878
-4310
-6819
-6465
-4946
-4191
-3619
-1258
-549
-1326
-936
1066
4108
4404
3454
2623
1318
1122
1371
3679
3048
-1297
-4055
-2323
651
-363
-4104
-5567
-4883
-3429
-3474
-2975
-2701
-3431
-2836
-1347
1684
1476
2234
5052
4352
3767
2407
9662
10630
6468
1238
4203
8971
6048
2104
-605
-974
-682
696
805
-1807
-6407
-5860
-2479
-405
-4118
-7675
-4177
29
-863
-3624
-3266
281
795
866
1488
1671
-921
-1335
1281
2882
-620
-2819
-782
447
-1466
-3244
-1844
-794
-3207
-4153
-2944
-914
-993
-2149
-621
86
756
1928
3652
3476
1325
1620
3823
5995
4613
3681
4722
3900
2898
3669
7195
2707
-2408
-3350
851
1287
-1324
-2105
-2725
-4975
-4543
-1557
966
-2689
-5599
-3376
791
1809
-545
91
1528
1460
935
2474
2539
808
-715
760
966
-2111
-3149
-2000
-1012
-3175
-5736
-5053
-4566
-4162
-4441
-4549
-3155
-2260
-1210
-809
383
1980
2827
4335
4848
5423
5903
6804
6676
5923
5068
4429
4610
3767
2343
1824
2480
-1060
-4616
-3694
1815
844
-5548
-9594
-6440
-3041
-2174
-3337
-4854
-6261
-2564
2958
4385
-108
-2157
2347
5872
5573
3198
4136
4648
3748
1807
1400
2343
1995
-907
-3510
-4700
-4821
-4558
-4661
-6604
-8899
-8248
-4668
-2795
-4464
-6693
-5228
-345
2660
2901
2849
3737
5375
7367
9267
8543
6628
5852
7617
8271
6137
3490
2511
2065
-466
-2141
-2850
-1453
-4746
-7534
-8285
-4881
-3978
-7691
-9371
-6108
-2776
-2059
-1861
-1654
-2609
-1389
4676
7813
6544
2253
4570
8614
9634
6263
4054
3867
3283
1540
829
732
-1712
-3890
-4185
-3263
-5510
-7984
-7493
-6498
-6887
-7634
-5686
-2399
-2154
-2694
-2080
1285
4458
4907
4861
4115
6024
7947
9750
9659
6862
4865
4563
7004
5284
1162
-2187
-2626
-2393
-4460
-7079
-8761
-5871
-6559
-8005
-8595
-6114
-6186
-8354
-6480
-2706
-617
-1126
524
3791
3437
4155
7727
10059
6966
2542
5883
8954
8512
4071
1970
2923
3759
2407
270
-2474
-4507
-5421
-4058
-3143
-5605
-8460
-8116
-5097
-3339
-3908
-4501
-3223
-1696
17
1726
3642
5074
5132
5463
5713
6829
7217
7024
5901
3942
3549
2689
2091
702
-1291
-3755
-5268
-5552
-6399
-8107
-10180
-7418
-6131
-6533
-8736
-4860
-1055
-3171
-4031
-751
3633
2778
1476
3104
4709
6077
8407
9336
8444
4195
5530
8875
9256
4061
300
2216
4139
1545
-2638
-4559
-3732
-3469
-4860
-5761
-6500
-7585
-6319
-4368
-2403
-3479
-4119
-2237
-52
2424
2039
1966
2123
3336
4907
5748
5576
4154
3240
3459
3384
1595
-725
-2583
-2256
-1986
-3237
-5550
-7009
-6079
-5525
-7043
-6058
-4061
-3887
-5993
-5448
-145
521
-988
-1258
2742
5380
4446
5891
7429
5925
6736
8498
10928
6644
3834
5509
6913
5640
661
-771
-221
-122
-1283
-3730
-4070
-4259
-5167
-5281
-6061
-5418
-5342
-4073
-3282
-3761
-3685
-1861
1305
1648
60
-492
1710
3747
3757
2032
405
1535
2358
2605
1803
632
-663
-1958
-1890
-1592
-1936
-3173
-5401
-5304
-4708
-4022
-4873
-2910
-1976
-3724
-4207
689
6317
3698
-151
1050
6610
8272
6116
5923
5664
4515
6841
9113
9248
2711
499
3715
6458
3517
-2157
-3637
-745
-788
-2658
-4931
-5329
-5271
-5619
-3937
-3490
-4251
-6224
-5365
-2924
-1905
-2644
-1817
438
630
-806
-1200
1911
3565
1864
372
569
2078
1060
-39
37
454
-635
-1849
-1321
-1220
-2460
-3722
-3579
-2960
-2882
-2561
-1758
448
766
-1553
-1075
2252
6132
3791
620
2598
6565
7665
4936
4836
5596
3630
4904
6548
6929
945
-1306
2147
4116
1098
-3443
-3524
-1450
-2083
-4153
-4853
-4784
-4804
-5234
-3817
-2621
-4089
-5028
-4027
-1593
-895
-2445
-1556
-736
-284
-1471
-1062
2128
1930
50
-1404
-188
1851
1146
-414
-510
232
320
51
120
-318
-2078
-1118
42
-101
-1709
-1484
748
1996
2797
303
774
2353
5891
4325
1242
1483
4030
5892
3534
3002
3189
1588
2541
2686
3839
-439
-2801
-700
1176
1518
-2015
-3757
-3096
-1415
-990
-2250
-3086
-3310
-2995
-2409
-1684
-2084
-3780
-3454
-1837
-285
-1633
-2762
-1704
-417
-319
-1550
-412
795
378
-756
-839
543
1021
-155
-627
395
1514
1841
1353
1585
863
409
1506
1602
594
-945
92
913
2305
2413
856
65
1005
4613
2751
-693
-1999
1401
3141
796
517
52
165
1254
2352
3000
-1666
-2442
723
3056
1227
-3205
-2357
1014
1528
-1284
-4135
-2317
-781
-1124
-2646
-3370
-2724
-3141
-1792
-668
-1556
-3819
-3369
-186
-375
-3003
-3269
408
2703
1031
-260
510
2526
2480
2119
2245
1620
1171
1723
3550
3075
913
313
2608
3316
1028
-1945
-1128
109
848
1165
-802
-1690
-1693
3083
2903
-1434
-3428
-766
3495
1589
-670
-1383
-793
1703
2883
3128
-902
-3039
51
3497
2440
-1946
-3542
-800
1863
548
-2364
-3787
-2496
-1068
-1769
-2722
-4423
-4083
-2314
-378
115
-2780
-2601
-1122
1024
622
-2127
-2104
-401
1970
1551
509
1025
1619
1762
1620
1721
2063
2047
1756
2059
1773
1021
1163
1995
1716
270
-828
299
-187
257
-559
-1752
-1630
-838
2569
216
-2514
-3225
-230
1729
-553
-385
-945
-709
1133
2807
3229
-1292
-1622
1472
3243
1302
-1294
-544
1091
1606
716
-170
-875
-711
69
-362
-1274
-3316
-2925
-2049
-1776
-1918
-2971
-2225
-1780
-1272
-2159
-2421
-565
574
1056
223
678
2370
3477
3775
3343
3186
3890
3934
3857
3080
1806
1600
1621
2340
477
-1157
-2548
-1833
-1973
-2972
-2043
-3333
-4547
-4861
-502
286
-2725
-4680
-2812
425
787
820
1139
676
1580
3548
5827
4112
1284
2237
4405
5370
2221
-363
-480
995
1275
-760
-2506
-3376
-3029
-3442
-3737
-4069
-4426
-4083
-3126
-1943
-2441
-2591
-1409
665
1650
1207
1618
2992
3731
3272
3264
4588
5090
4014
2365
1945
2631
2602
1373
-336
-1952
-2712
-2266
-2364
-3630
-6410
-6839
-5153
-4249
-4222
-3703
-3347
-3217
-2304
1556
2785
343
-774
2664
5913
4364
2920
3531
3515
2994
3391
5882
3509
-1078
-1693
994
1610
-1769
-3612
-2644
-1555
-2137
-2876
-2829
-2438
-2545
-1840
-536
61
-571
50
1720
3078
2339
1849
3494
4951
3455
1298
1969
3948
3556
606
-852
395
525
-830
-2326
-3459
-4393
-4610
-3393
-3065
-4113
-4828
-3088
-1222
-1580
-2866
-1748
234
1229
-3
1718
3380
2667
952
1997
5199
3322
864
-173
1902
1261
-608
152
-795
-2269
-2408
1175
2308
-2189
-3691
-1040
2750
1335
-885
-16
2370
3775
3161
2799
2383
2290
2570
3680
3137
1505
723
1012
1390
-596
-1708
-1766
-1793
-2988
-4909
-4728
-3974
-3869
-4318
-4814
-4458
-2927
-1832
-1318
-1442
-884
142
660
1536
1711
2044
2223
2194
2681
2296
1662
437
-209
-619
187
464
-1064
-3445
-3134
-237
-761
-2439
-3871
-2054
-139
-153
622
209
526
2110
4603
6283
4133
3805
5279
7238
6469
4016
3858
4221
3908
2787
699
-17
-779
-1744
-3175
-4507
-4809
-4826
-4374
-4617
-5358
-6214
-5493
-3342
-2194
-2747
-3593
-2322
-137
1101
974
713
1413
2091
3013
2671
1671
1165
1022
955
370
-80
-957
-1928
-2315
-2806
-3091
-3244
-2685
-2925
-2320
-2057
-1380
-1029
152
2982
3171
2476
1409
4160
6492
6317
5839
4943
4289
4811
6257
6847
3119
78
-144
1816
1480
-1253
-3383
-3488
-3193
-3015
-3445
-4561
-3934
-3912
-3324
-3306
-2347
-1284
-2053
-1404
-520
410
282
821
1515
114
-402
101
928
557
-1163
-1600
-1482
-1719
-1930
-2078
-2404
-3152
-3147
-2363
-1929
-1568
-1305
-242
87
986
1924
2463
2709
3115
5211
5627
4483
3029
4771
6167
5118
2669
1384
1629
1530
1074
752
-900
-2401
-2475
-575
-184
-2519
-3994
-3174
-816
-712
-1445
-1127
-227
544
988
810
1315
1610
1826
1456
855
831
319
-137
-826
-1402
-2237
-3536
-3444
-3480
-4394
-5600
-5711
-3962
-3679
-4225
-4092
-2632
-1070
-289
395
1088
2484
3387
4276
4834
5062
4786
4843
5037
4941
4086
2976
2188
1847
1592
176
-635
-1584
-1188
-1723
-2526
-3147
-3664
-3479
-3396
-2469
-1067
-1163
-1441
-731
1925
2882
2433
1975
2859
4576
4474
3574
3168
3197
2774
1961
677
171
-657
-1374
-2386
-4231
-5118
-5659
-5355
-5010
-5252
-5573
-5651
-3785
-2719
-2591
-2294
-1177
909
1710
2004
2921
4040
4330
3954
3878
3931
3984
3687
3190
1861
992
694
631
-99
-1653
-2554
-2903
-3148
-2846
-2826
-3363
-4445
-3134
-681
-136
-798
-997
440
1439
2421
3538
4391
3478
2543
3498
5712
4896
2938
1783
2550
2449
611
-733
-1174
-1616
-2800
-2540
-2346
-2775
-3485
-3923
-2920
-2817
-2303
-1327
-413
-13
-618
151
1412
2650
1680
442
673
1987
2935
1798
-22
-616
79
873
751
-1000
-2414
-2607
-2229
-1732
-2488
-3509
-3668
-2370
-1181
-1419
-2093
-1843
-215
917
1242
1303
1579
1872
2388
2948
3129
2388
1925
2155
2157
1605
1079
1009
344
-847
-734
229
1209
53
-1399
-1066
-136
671
851
605
229
853
1994
3030
2294
950
730
2054
2625
1700
707
407
478
-426
-758
-811
-1612
-2256
-2712
-2708
-3150
-3866
-3925
-3431
-3560
-3710
-2756
-1719
-1894
-2389
-1568
-393
449
503
921
1208
792
1088
1234
1369
928
338
552
10
-495
-803
-727
-983
-1545
-1438
-1395
-1188
-909
-636
-314
-224
247
805
1721
2107
2847
3300
3136
3440
3203
4066
4300
4198
3705
2810
2953
2773
2461
1288
503
369
-417
-998
-1930
-2458
-2570
-2543
-2315
-2621
-3100
-3148
-2888
-2157
-1375
-927
-791
-697
46
891
910
541
203
512
523
134
262
-254
-1104
-1855
-1797
-1077
-1663
-2564
-2543
-1801
-1812
-2784
-2262
-1693
-1375
-1118
-386
617
329
177
976
2008
2335
2096
2555
3241
3235
2766
2901
3018
2418
1478
1435
1947
1714
345
-1090
-879
-565
-318
-836
-1556
-1635
-1631
-924
-507
-536
-556
-217
793
1465
1953
1662
1626
2166
2033
1863
1851
2069
1754
948
170
-447
-550
-973
-1087
-1414
-2214
-2670
-2648
-2411
-2403
-2539
-2785
-2081
-1840
-1654
-1383
-939
-167
110
568
260
825
1735
2641
2018
354
202
1216
1806
583
-1029
-1660
-1301
-1341
-1817
-2642
-3313
-3250
-3008
-2698
-3040
-3527
-2903
-1460
-587
-842
-553
448
1758
2389
2368
2690
3333
3953
4109
4244
4221
4076
3777
3494
3643
3033
1859
1267
1258
1053
-117
-650
-608
-755
-1460
-2123
-1977
-1887
-1529
-1107
-789
-691
-719
476
1493
1601
1323
1016
1008
1149
1688
1532
377
-684
-749
70
-335
-1579
-2770
-3283
-2993
-3010
-3398
-4438
-4584
-4258
-3568
-2948
-3181
-2950
-2790
-1833
-1027
-664
-180
118
937
1631
2298
2654
2697
2916
3172
3493
3531
3144
2391
1648
2087
2456
2095
1092
309
278
146
-200
-247
-106
-498
-505
124
814
942
405
329
815
1304
1791
1631
1445
1083
962
1382
1386
1129
244
97
290
-163
-763
-1774
-1862
-1802
-1576
-1947
-2631
-2876
-2466
-1478
-2054
-2616
-2533
-1291
-331
-606
-774
-901
211
1000
1100
779
125
914
1446
1200
551
-262
145
436
739
21
-984
-533
-152
-104
-1028
-1098
-214
426
482
-75
-264
-274
-232
73
403
345
-36
-386
160
780
117
-617
-651
136
269
-426
-511
-689
-911
-905
-285
-29
-581
-945
-97
392
-72
-621
-58
1270
1515
998
882
1321
1820
1888
2252
2172
1875
1879
1792
1883
1160
544
623
524
427
-196
-400
-255
-458
-734
-621
-280
-246
205
387
426
219
-69
469
717
448
-203
-53
552
269
-587
-1373
-1206
-1028
-1195
-1894
-2627
-2998
-3203
-3177
-2915
-3221
-3822
-3782
-3135
-2373
-2188
-2425
-2295
-1596
-987
-208
595
1141
894
1036
1877
3008
3042
2401
2343
2817
3138
2700
2051
1820
1711
1487
1408
1164
1089
800
555
327
549
974
939
650
555
1097
1595
1640
1568
1561
1656
1799
2391
2512
1905
1213
1391
2122
1684
241
-303
-133
-371
-1282
-1934
-2121
-2658
-3166
-3586
-3635
-3994
-4350
-3955
-3739
-3631
-3852
-3476
-2658
-1729
-1402
-1689
-1497
-606
576
822
540
265
495
1162
1454
1232
806
400
405
1091
1297
633
-370
-397
616
955
226
-536
-213
388
505
487
691
731
595
1111
1638
1704
1312
1587
2038
2041
1801
1795
2063
1600
1212
1421
1612
1317
518
190
233
321
445
-82
-821
-991
-433
-99
-589
-1321
-1232
-536
-272
-603
-843
-746
-668
-762
-695
-480
-368
-128
-154
-213
-198
-42
181
-316
-628
-605
-8
40
-811
-1135
-981
-565
-630
-1215
-1419
-1236
-414
-262
-1144
-1609
-1402
-409
-311
-909
-1282
-1420
-314
54
-444
-1100
-1086
-198
137
117
-300
-340
24
806
1234
621
133
698
1938
2183
1475
1076
1496
2085
1880
1630
1297
1110
1129
1156
1617
1096
657
940
1071
1111
780
780
769
277
313
480
798
474
-86
79
337
584
257
-95
-209
-352
-282
-420
-699
-953
-956
-1065
-1195
-1739
-1667
-1462
-1658
-1914
-2442
-2011
-1943
-1661
-1743
-2337
-2336
-1951
-1282
-1274
-1523
-1343
-925
-741
-366
167
97
-151
38
816
1075
706
629
885
1311
1189
1575
1777
1290
1092
1617
2154
1557
613
842
1678
1923
1060
449
972
1482
1639
1318
1022
1087
1358
1587
1241
721
617
1009
1277
887
157
-68
253
552
380
-484
-734
-246
-80
-810
-1381
-1348
-1136
-1352
-1694
-1658
-1687
-1603
-1442
-1436
-1822
-2108
-1956
-1577
-1653
-1989
-1985
-1460
-980
-1046
-1140
-879
-294
-130
50
55
-181
-144
284
837
515
-267
-283
498
1081
572
-153
-264
130
715
857
298
-306
-134
848
1362
877
-37
147
1339
1737
1397
928
1395
2057
2143
1895
1587
1696
1705
1603
1504
1160
907
719
885
521
-238
-331
-170
-357
-1295
-1764
-1003
-576
-1100
-1621
-1419
-883
-820
-940
-754
-833
-989
-518
103
-57
-718
-544
289
281
-398
-607
-89
-50
-949
-1241
-750
-663
-1157
-1516
-999
-1061
-1302
-1292
-918
-758
-1441
-790
95
500
65
19
951
1550
1412
1457
2004
1979
1689
1475
2105
2031
1234
1028
1373
1503
624
139
43
54
-64
-417
-132
-335
-638
-652
-396
-19
-151
-177
75
526
693
627
692
960
1058
963
640
506
412
271
-158
-644
-969
-1085
-908
-1205
-1533
-2086
-2120
-1956
-1841
-2180
-2341
-1837
-1335
-943
-1061
-689
-124
238
634
820
842
945
1179
1415
1275
1197
919
893
884
634
447
-194
-279
-255
-237
-500
-873
-596
-556
-503
-505
-482
-540
-367
499
766
755
657
1073
1803
1660
1546
1735
1771
1386
1027
1304
1117
330
-510
-664
-366
-550
-1091
-1772
-2218
-2611
-1968
-1389
-1443
-2110
-2197
-941
-58
133
-166
51
737
1225
1544
1619
1354
1175
1410
1846
1726
980
662
487
247
-271
-679
-657
-930
-1374
-1547
-1471
-1222
-1161
-1462
-1410
-1201
-618
-49
49
125
109
1001
1643
2080
1714
1112
1213
1650
1952
1321
545
253
292
203
-88
-741
-1548
-1914
-1752
-1303
-1636
-2233
-2353
-1719
-1163
-1143
-1127
-756
-114
380
597
882
1168
1399
1870
1976
1768
1571
1778
2071
1543
945
701
746
520
-184
-587
-952
-1023
-968
-1119
-1418
-1463
-859
-411
-604
-904
-592
238
720
968
1119
1149
1147
1269
1514
1435
954
716
789
1061
850
112
-694
-929
-1103
-1093
-1011
-1396
-1968
-2093
-1503
-1157
-1343
-1798
-1456
-642
-172
-37
-2
274
412
661
956
1264
1458
1489
1475
1252
1031
964
879
610
174
-198
-137
-37
-420
-1046
-1232
-806
-297
-389
-983
-1212
-586
170
418
55
-232
35
493
942
871
477
258
476
632
507
244
27
-307
-532
-444
-417
-536
-985
-1044
-970
-866
-639
-743
-702
-946
-650
-262
-89
-90
-167
192
499
649
385
714
828
1073
979
716
647
353
451
318
39
-360
-634
-471
-302
-288
-620
-750
-506
-409
-423
-300
35
46
-73
106
641
856
468
228
226
537
687
593
178
-250
-308
-64
294
-374
-1100
-1059
-325
50
-468
-846
-765
-329
-250
-198
-72
-43
119
412
612
553
567
1015
1375
1202
1133
1291
1450
1237
799
800
811
623
431
290
265
6
-4
33
-160
-374
-305
63
55
-101
-112
-253
-356
-73
358
332
-43
-126
186
376
255
-37
-341
-548
-435
-21
-248
-930
-1453
-1249
-795
-508
-967
-1467
-1480
-1204
-851
-976
-1084
-1273
-1098
-519
-210
-357
-445
44
544
384
108
430
955
850
490
405
569
692
603
469
308
164
433
807
566
-103
-276
316
683
214
-337
-206
139
150
78
0
-52
-216
-50
264
153
-244
-450
-55
363
203
-259
-301
174
278
3
-249
-52
-93
-114
-73
-250
-563
-888
-617
-424
-576
-1071
-917
-447
-454
-825
-874
-272
151
60
-178
-46
115
330
415
525
563
624
948
1097
1235
1039
931
1041
1224
1247
976
667
500
356
374
483
349
-16
-579
-422
14
-162
-584
-728
-430
-212
-162
-237
-256
-67
166
423
347
175
381
731
763
539
224
351
274
294
217
35
-298
-598
-569
-630
-875
-1082
-1040
-934
-965
-951
-1044
-1112
-1000
-686
20
185
151
226
696
1383
1415
1139
954
1132
1377
1421
1329
1025
711
472
542
455
-141
-483
-516
-358
-778
-1347
-1258
-858
-912
-1286
-1337
-1038
-723
-811
-603
-238
-200
-294
-72
230
287
82
266
537
333
99
321
589
112
-585
-700
-394
-391
-1034
-1316
-1247
-1094
-1103
-1256
-1090
-1033
-736
-355
-143
-207
-202
396
856
914
740
916
1315
1667
1805
1509
1135
1027
1211
1268
863
289
117
268
188
-154
-357
-380
-376
-293
-273
-439
-396
-313
-26
112
117
325
460
689
706
610
703
873
1022
706
565
479
435
197
-204
-307
-442
-844
-1203
-1130
-961
-1148
-1464
-1369
-831
-710
-851
-792
-491
-327
-223
152
495
388
226
707
1169
1078
503
439
903
889
473
307
340
55
-324
-532
-370
-376
-652
-899
-886
-835
-819
-627
-284
-256
-498
-323
352
733
661
506
913
1314
1298
1163
1126
1212
1086
951
746
439
12
-244
-266
-360
-716
-1086
-1241
-970
-754
-911
-1073
-1070
-859
-692
-454
-267
-205
-150
226
635
761
725
618
742
792
820
816
602
314
28
-129
-248
-217
-470
-888
-1225
-1203
-1043
-1166
-1313
-1392
-1284
-1209
-969
-476
-253
-212
-183
264
711
814
914
986
1233
1386
1454
1286
932
713
648
697
491
14
-212
-193
-104
-372
-632
-764
-648
-462
-453
-578
-647
-222
219
376
289
265
724
1066
1305
1276
1277
1415
1379
1457
1240
912
739
640
505
196
-172
-375
-571
-811
-1089
-1135
-1208
-1237
-1346
-1213
-818
-679
-844
-777
-570
-178
-67
-72
123
234
240
266
415
340
90
-342
-335
-263
-259
-379
-755
-1079
-1276
-1159
-1021
-1161
-1550
-1660
-1202
-760
-680
-880
-864
-527
-237
171
520
756
657
776
1254
1566
1511
1179
1130
1080
1095
1130
1020
734
346
360
449
297
49
7
255
189
111
227
367
484
505
647
790
902
894
980
1016
969
938
831
674
589
617
673
529
194
-374
-656
-669
-640
-916
-1328
-1308
-1149
-1094
-1279
-1422
-1350
-1119
-925
-783
-689
-498
-314
-189
-60
-2
2
144
384
431
212
-114
-164
-53
-61
-306
-602
-673
-635
-354
-380
-479
-478
-287
-84
40
304
458
632
860
1195
1334
1376
1622
1736
1585
1242
1253
1403
1265
941
480
281
239
87
-267
-713
-901
-930
-975
-1128
-1453
-1543
-1389
-1171
-1091
-1157
-1028
-802
-508
-321
-286
-195
-162
62
319
393
298
55
-199
-222
-215
-345
-612
-1015
-1229
-1203
-921
-1030
-1396
-1535
-1144
-817
-741
-683
-628
-328
-4
409
879
1152
1250
1288
1608
1871
1944
1927
1815
1827
1574
1405
1283
1137
793
369
274
158
-85
-412
-570
-695
-764
-793
-653
-417
-534
-444
-158
145
237
191
412
660
874
815
760
637
650
679
585
396
120
12
-33
-259
-578
-778
-737
-770
-880
-910
-891
-770
-650
-524
-431
-388
-156
230
546
663
684
896
1145
1347
1270
1093
1114
971
899
754
620
440
286
167
-82
-273
-669
-869
-801
-796
-957
-1268
-1194
-922
-847
-796
-705
-636
-744
-740
-351
-222
-409
-561
-317
-115
-293
-474
-437
-525
-814
-815
-610
-688
-1071
-1146
-854
-608
-803
-938
-637
-333
-164
-108
70
171
328
679
1023
1063
895
1041
1452
1555
1284
1016
1087
1233
1141
1020
922
894
758
537
392
264
214
318
590
387
1627
1337
-960
-1248
1462
1991
-1083
-1742
387
911
-77
-626
32
232
-535
-664
-647
-373
-926
-210
172
-102
-1704
-2052
-401
-1034
-2405
-2437
-1799
-1347
-1273
-1217
-1055
-1611
-268
-1812
-349
127
-1291
-1288
-65
689
162
416
1111
906
867
1587
731
332
-664
1343
1203
-453
165
943
587
411
1965
1154
174
567
1511
1378
713
834
2004
2540
36
1578
2636
1039
1742
803
2363
316
1004
1052
159
248
276
1405
-444
-2179
71
1224
-1691
-1576
-409
67
-1638
-1464
198
-858
-1422
-754
167
-886
-1397
534
-256
-822
-1550
1139
-173
-1054
-376
-246
-536
-1515
293
-1177
-826
-963
-2136
-678
-209
-1584
-1849
-1434
-102
-1017
-1120
-960
-105
-968
-316
593
-201
193
-268
513
1031
1003
1042
-225
2005
1469
734
1168
536
1984
435
1261
890
-834
1354
215
477
-515
1007
-415
-689
-75
169
-663
-58
96
73
-537
-627
2047
752
-981
664
1457
406
-1019
817
795
84
-868
293
761
-1473
-1302
59
-994
-584
-1793
-1301
-1999
-1519
-1101
-2630
-916
-1445
-1340
-1226
-1086
-323
-976
-849
-49
-169
166
340
844
431
880
1170
913
1617
1176
1210
819
365
896
392
1259
72
613
605
528
-740
671
906
244
743
313
1337
44
1827
805
1321
2351
1426
660
2167
2222
1438
784
1416
2535
934
-103
1297
770
0
-1021
914
-720
-1844
-466
-1201
-1718
-2405
-677
-1061
-2695
-2088
-916
-1336
-1506
-1525
-913
223
-964
-1765
219
592
-742
-1238
1181
615
-1360
-761
652
159
-1205
-792
269
-465
-1680
-1047
522
-552
-2987
-379
2229
-936
-2615
742
1870
-796
109
2136
914
172
869
2360
1738
1137
1772
1730
1586
1094
525
1434
895
310
-468
432
89
-483
-367
-1094
-1365
694
-95
-1412
-1037
162
-93
-1010
-836
148
820
-221
-776
1019
644
-7
349
332
657
86
-840
61
221
-125
-2509
-618
703
-1633
-3020
-1130
1069
-1087
-1969
-220
443
-1283
-871
507
969
-742
-243
1257
1213
618
201
1480
1232
162
84
1260
726
87
-1503
-372
1316
-372
-2209
-849
815
-855
-2641
115
-505
-1302
-1237
783
-96
-1952
548
1270
327
-719
2013
642
-232
-350
1076
1029
-484
550
-261
-344
-66
50
-272
-528
-414
-156
-1332
-387
121
-565
105
-733
326
1173
770
869
1075
1678
898
1073
2464
2283
1232
1649
1854
1567
1358
545
1467
739
-504
-639
802
-446
-1879
64
310
-1212
-2023
573
-454
-725
-974
-395
859
10
-274
586
1075
527
317
803
938
166
-217
421
-528
-1095
-1232
-618
-1248
-1273
-1819
-1453
-2217
-1566
-1623
-1497
-2107
-1222
-1548
-1228
-1002
-159
-304
212
1098
387
974
963
1102
1516
1322
1373
1045
1316
1447
95
744
34
750
231
269
-425
-1419
178
-531
-486
-372
211
-264
-588
678
225
126
191
1604
338
469
997
967
780
580
1647
416
-181
288
1097
-746
-1710
-98
-467
-1847
-2085
-760
-860
-2607
-2170
-877
-1049
-2280
-1542
-130
-917
-1645
156
548
-449
-286
504
171
134
526
961
483
-85
562
804
601
-207
-21
716
129
190
45
11
348
-212
49
239
380
681
670
558
800
1379
1747
1363
1117
1264
1474
2021
2123
1469
1553
1135
1379
942
598
579
670
415
249
-439
-795
-225
-193
-1171
-966
25
-775
-1317
-1038
-412
-1014
-1005
-723
-497
-534
-1614
-1304
-143
-1286
-1724
-426
-315
-1296
-1309
-507
-1077
-1475
-777
-643
-970
-1642
-792
-444
-225
-1163
-1295
344
-394
-1286
-234
446
-341
63
545
351
90
777
1299
240
1021
1415
1315
798
351
1260
1180
751
1133
1701
678
299
841
1604
809
677
1506
1388
408
654
1029
598
504
528
550
376
439
-404
129
480
-77
-817
-605
-307
-681
-837
-702
-371
-1037
-905
-359
-399
-1029
-1023
-227
-679
-1568
-858
-71
-26
-1192
-815
321
-34
-1383
-1079
323
-113
-1661
-365
565
-969
-1353
-218
619
-296
-1129
145
-67
-109
-323
397
759
-139
461
1048
567
153
831
1412
811
856
425
994
1348
478
755
814
738
402
236
567
355
-500
-363
808
496
-803
-243
910
-121
-1086
421
848
-196
-557
948
896
-360
-530
38
136
-342
-372
-207
-460
-382
-793
-925
-557
-239
-971
-953
-389
-794
-586
-740
13
66
-374
-470
52
40
-354
-312
409
158
174
404
142
31
279
650
-100
581
551
197
-411
238
424
-480
-399
179
-107
-299
-385
-118
-308
-294
33
88
-93
-145
-49
156
202
133
508
177
342
347
161
-143
-211
702
562
-413
-127
271
-37
-358
-291
327
-71
-869
-161
137
-483
-582
-56
660
-164
17
99
280
351
376
372
558
470
178
264
340
553
187
225
92
540
-26
-530
-28
395
-192
-433
66
118
-493
-390
179
191
-429
55
637
106
-42
181
220
209
-156
117
141
147
447
105
-405
-56
-4
108
-346
-351
236
-105
-261
228
102
-321
-368
303
153
-310
158
553
407
36
311
516
257
-62
315
519
471
34
180
402
130
-4
-158
392
21
-549
-491
-262
-301
-778
-605
-353
-283
-92
-805
-361
-357
-477
-321
-62
412
-382
-566
-281
159
39
-641
-94
349
-317
-322
-40
-245
-462
-491
175
-487
-817
-531
-412
-653
-722
-344
-542
-763
-467
-305
-41
-145
-273
30
163
154
-87
150
-5
-155
375
189
-46
85
294
-71
-207
314
278
-189
-116
95
339
-13
-132
580
395
276
101
244
280
180
712
850
296
187
822
595
229
359
963
834
790
1092
1054
1063
752
926
1223
1163
667
553
761
737
162
-116
479
529
-52
-458
-84
47
-642
-897
218
323
-891
-609
38
-189
-687
-521
372
-67
-449
-543
-252
-168
-835
-766
-420
-285
-375
-742
-655
-522
-596
-918
-924
-507
-724
-1211
-911
-467
-300
-1216
-1147
-124
-93
-710
-499
141
60
-337
-236
850
662
-112
569
1097
909
602
543
1042
1089
749
655
706
877
200
290
658
158
-134
38
595
308
-160
-362
193
174
-336
116
293
21
-232
-14
407
63
-57
169
49
-82
-284
-220
-258
-439
-563
-817
-817
-767
-1096
-969
-988
-816
-837
-1140
-861
-488
-557
-681
-531
-317
-227
-516
32
148
-14
420
402
611
459
375
753
558
329
319
625
1028
652
355
333
527
701
200
277
358
419
233
-93
730
405
12
294
848
649
108
433
893
677
335
612
905
482
-10
344
585
317
-53
71
102
-552
-556
-192
-293
-722
-1054
-663
-650
-1015
-925
-531
-448
-339
-509
-561
-64
-87
-424
-153
26
212
326
176
51
202
495
198
146
260
263
-211
-364
-224
-187
-162
-488
-181
117
-539
-420
145
138
54
224
196
231
377
406
723
474
534
1182
597
41
477
653
310
-197
90
489
-25
-458
-186
137
-246
-752
-380
-51
-385
-639
-452
-66
-146
-391
46
277
-276
-244
169
454
255
-59
256
290
29
-125
34
142
-227
44
1
-188
-613
-699
-398
-719
-647
-552
-508
-825
-787
-637
-588
-732
-511
-87
-365
-493
-7
229
-304
-299
168
249
-128
-233
186
-63
-325
-632
-525
26
-270
-554
-656
-269
-263
-539
-150
-48
-271
-144
302
428
284
346
880
1038
615
549
782
1131
701
461
813
1272
766
204
515
810
392
-18
569
714
295
127
309
170
-166
-141
243
570
264
180
158
432
189
119
697
576
397
491
478
338
307
125
-259
339
292
-348
-461
-288
-351
-623
-642
-463
-328
-475
-842
-650
-360
-275
-217
4
137
-47
-2
85
193
253
69
164
385
340
107
-174
-44
201
243
-99
-129
-252
-412
-251
-282
-343
-373
-313
-461
-203
-219
-321
-15
33
-22
90
42
14
13
57
343
206
10
60
221
96
-180
56
-21
-254
-403
-205
-103
-230
-331
-317
-193
-416
-175
-70
-58
-159
-304
58
108
214
349
124
139
443
383
213
191
471
279
-18
122
170
-206
-253
-64
21
-529
-775
-482
-334
-287
-485
-411
-105
-189
-439
-266
-154
-168
-231
-41
319
368
-197
59
280
28
-166
-369
-46
56
-447
-340
-233
-390
-479
-452
-161
-219
-341
-337
218
135
-146
78
177
294
165
318
530
442
395
405
647
921
367
266
546
554
486
442
391
372
267
17
208
319
179
-29
110
447
237
-138
-66
234
-12
-110
140
308
142
-147
187
334
30
-158
34
210
201
-63
91
67
-334
-238
-141
-202
-133
-399
-531
-122
-28
-406
-161
-8
-107
109
20
93
101
-8
193
422
480
312
200
281
296
130
58
257
153
-105
-173
-232
-55
-326
-343
-178
-110
-230
-228
-101
-281
-357
-382
35
15
47
119
207
234
-14
-66
-3
-325
-266
-19
84
-146
-349
-258
-350
-467
-440
-169
-39
-311
-482
-162
-193
-377
-434
-225
-60
-263
-247
-133
-145
-149
-189
25
-69
-81
-119
-70
161
73
-13
1
84
-158
-267
-230
-222
-120
-99
-282
22
327
-118
-204
-44
-6
248
245
123
148
320
225
155
307
344
413
484
344
336
365
232
76
63
350
287
124
104
209
264
149
166
208
457
463
368
262
425
405
403
589
411
348
334
321
299
62
-74
285
264
-8
-130
-96
-82
-291
-220
-140
-273
-255
-401
-430
-221
-181
-212
-183
-181
-83
-165
-181
-215
-109
-79
-198
-122
-93
-107
-212
-164
-87
-325
-260
-283
-357
-208
-232
-352
-275
-96
-216
-421
-261
-8
44
40
-5
239
453
289
305
301
177
226
424
559
343
116
187
200
124
109
59
12
-55
-118
28
-186
-498
-269
50
-25
-240
-270
-238
-242
-194
-50
-91
-115
-127
-104
70
137
69
42
42
133
96
-86
-69
-39
-103
-257
-71
-16
-229
-326
-293
-347
-280
-180
-110
-292
-293
0
92
-30
-60
123
101
289
360
205
333
253
286
429
434
265
207
208
43
107
150
-84
4
100
-115
-134
62
-164
-297
-228
-160
28
-90
-168
-64
-77
-151
110
327
95
-16
153
209
139
245
215
187
205
-44
-42
6
-149
-45
24
-347
-332
-283
-467
-543
-370
-221
-284
-407
-246
-156
-145
-105
177
400
234
334
401
467
485
386
398
630
593
420
519
464
182
167
169
-113
-130
-165
-323
-364
-303
-439
-565
-412
-430
-308
-163
-265
-283
-192
81
35
-34
129
268
217
190
424
420
319
159
322
236
-47
-93
71
24
-118
-90
-184
-301
-492
-336
-187
-355
-428
-399
-270
-171
-166
21
126
-94
160
386
404
417
272
434
529
332
367
498
325
134
168
-26
-120
-374
-422
-261
-261
-478
-505
-497
-435
-382
-331
-202
-307
-129
-9
-77
92
254
349
287
305
290
357
355
386
385
339
338
92
89
188
-12
-292
-216
-113
-179
-549
-495
-137
-250
-390
-298
-167
-218
-215
93
196
144
218
400
459
311
265
463
391
379
384
242
222
139
71
6
-71
-130
-273
-343
-169
-198
-243
-245
-256
-218
-32
101
167
82
93
181
293
309
370
341
277
394
379
356
276
220
215
163
95
-52
-104
-90
-231
-187
-208
-354
-436
-430
-508
-277
-167
-317
-274
-322
-224
-39
-284
-366
-87
40
-167
-247
-70
-102
-306
-347
-361
-246
-444
-633
-494
-538
-570
-582
-449
-525
-675
-631
-446
-379
-489
-279
10
114
168
235
188
317
443
462
520
371
366
571
705
489
397
386
304
270
280
244
318
322
76
95
291
259
279
341
442
475
383
367
347
412
559
463
484
629
550
402
229
172
223
70
79
106
41
-170
-240
-242
-396
-412
-368
-197
-191
-302
-516
-448
-302
-211
-286
-190
-189
-132
-51
-88
-147
-146
-58
12
-54
-2
-29
-108
-150
-86
-202
-394
-340
-279
-447
-532
-309
-237
-278
-343
-219
-186
-100
-123
-24
61
64
141
147
236
221
219
358
399
365
330
336
346
430
408
330
308
225
158
109
74
7
40
86
26
86
144
80
-99
-34
17
77
129
189
159
96
77
273
244
4
18
66
140
-1
24
-50
-67
-135
-65
-61
-178
-251
-259
-177
-219
-227
-368
-318
-301
-437
-401
-231
-300
-293
-268
-295
-247
-317
-339
-192
-9
-108
-202
-10
-27
-205
-220
-16
19
17
20
4
34
2
64
17
35
92
127
98
179
81
89
230
150
54
12
62
67
-10
20
49
94
117
154
99
259
264
147
151
227
229
90
284
368
217
124
196
174
108
96
45
99
42
-130
-69
-48
-150
-225
-134
-38
-51
-158
-139
-139
-118
-74
-76
-8
-27
42
144
136
58
117
97
173
220
181
237
223
162
49
-11
-62
-24
108
74
-54
-161
-180
-174
-141
-155
-113
-19
-132
-169
-10
-57
-28
115
107
32
16
76
59
180
230
141
117
135
179
73
-49
-127
-64
-125
-154
-145
-326
-298
-317
-297
-242
-337
-350
-276
-139
-163
-291
-196
-55
34
-95
-28
114
54
63
233
195
11
74
164
140
64
-74
-174
-141
-80
-188
-187
-174
-273
-300
-270
-251
-297
-483
-348
-233
-296
-287
-236
-132
-144
-91
-103
-3
-33
149
287
302
219
241
263
263
304
192
240
301
321
226
240
175
40
41
74
74
35
196
158
116
99
194
191
81
178
339
427
342
285
346
510
436
335
480
412
336
435
322
323
425
277
182
125
-138
-59
-8
-276
-315
-247
-370
-378
-287
-431
-341
-173
-20
-8
-101
-89
165
203
48
94
167
131
99
160
102
55
-1
119
61
-98
-222
-303
-173
-206
-317
-298
-320
-456
-416
-353
-368
-295
-248
-229
-189
-289
-369
-341
-214
-35
-15
-47
-11
-20
-42
-62
-56
-27
7
-100
-191
-105
-196
-217
-186
-93
-170
-79
-16
14
13
-37
18
130
211
173
228
249
268
292
375
401
351
319
228
324
304
224
104
62
117
-30
-80
-108
-247
-350
-368
-333
-266
-240
-196
-223
-156
-121
-211
-203
-143
-68
-34
-7
37
169
199
75
67
24
15
-39
-4
10
82
9
-91
-150
-186
-200
-140
-92
-91
-137
-167
-72
-38
24
16
93
200
291
319
340
411
456
480
501
531
438
325
383
309
296
319
243
70
3
-7
7
-7
-174
-204
-161
-85
-151
-151
-162
-49
125
13
123
138
60
124
129
106
-9
7
80
-2
-128
-275
-271
-337
-480
-391
-330
-381
-443
-307
-364
-395
-386
-302
-184
-144
4
164
99
18
142
187
123
253
370
292
310
214
115
226
302
167
82
83
17
47
49
-77
-80
-8
-42
-128
-85
-63
17
-21
-68
55
163
131
189
337
332
259
184
290
324
226
280
321
109
-76
-50
-46
-119
-239
-285
-326
-399
-458
-476
-402
-511
-539
-447
-450
-416
-360
-292
-237
-187
-189
-102
20
-37
-103
23
-12
-133
-82
1
-101
-184
-125
-116
-143
-306
-358
-308
-184
-140
-180
-137
-176
-123
57
100
6
42
237
277
287
364
462
405
396
383
333
274
320
394
341
387
293
225
231
185
184
146
133
193
208
113
58
166
238
159
143
252
266
311
284
288
333
278
305
398
297
231
272
183
156
123
-46
-32
-20
-139
-246
-172
-90
-258
-332
-259
-242
-285
-264
-185
-267
-342
-249
-124
-70
-53
-109
-49
-2
-68
-72
-107
-116
-123
-145
-172
-155
-251
-317
-204
-196
-276
-275
-151
-149
-126
-175
-138
-176
-58
19
-35
97
82
118
126
160
120
187
232
224
129
92
57
25
31
-14
-53
-16
-32
-148
-48
-50
-98
-10
41
-25
32
42
53
26
71
28
-23
36
99
71
24
33
-46
1
-13
-58
-56
-123
-96
-65
-202
-206
-218
-294
-267
-308
-295
-310
-253
-187
-152
-56
-2
-57
-62
21
-64
-104
6
136
67
71
117
142
161
49
48
16
-35
-21
-66
61
-19
-73
-14
93
-20
-125
26
117
115
75
99
173
161
90
148
185
120
157
278
180
45
49
56
-15
24
121
104
5
67
71
15
-54
-65
66
24
-11
22
61
48
14
-7
3
11
83
173
169
183
149
94
91
124
46
62
39
14
-4
6
15
-135
-149
-85
-137
-221
-67
-2
-87
-89
-27
-38
-62
-100
19
65
-31
-97
61
176
-47
73
224
141
156
154
139
89
90
207
163
90
122
147
203
123
128
157
175
105
124
73
56
39
46
184
231
208
197
279
178
59
75
104
43
-31
-6
-40
-95
-191
-78
-5
-156
-232
-122
-51
-201
-210
-75
-146
-271
-317
-318
-298
-320
-329
-320
-405
-377
-431
-433
-333
-386
-396
-363
-400
-433
-349
-317
-340
-216
-150
-231
-268
-250
-266
-211
-123
-74
-30
-58
-93
-26
55
61
81
155
116
73
103
119
94
59
165
291
285
268
290
347
313
259
379
462
481
402
505
588
526
433
410
443
332
293
422
485
410
274
245
211
159
17
72
44
-74
-41
9
-13
-166
-124
-14
-80
-178
-136
-163
-130
-109
-84
-119
-135
-220
-170
-193
-271
-228
-193
-201
-332
-376
-397
-379
-414
-398
-355
-421
-331
-345
-460
-500
-389
-246
-193
-196
-137
-139
-52
84
41
4
121
155
265
265
290
254
242
228
178
202
166
157
213
218
189
201
157
127
132
146
136
144
155
194
159
68
169
173
53
107
94
42
65
72
146
81
-14
22
67
-70
-136
-86
-119
-213
-146
-103
-177
-269
-312
-309
-254
-153
-148
-143
-160
-128
-104
-171
-177
-102
-103
-77
-68
-15
-25
-122
-99
95
54
-36
88
132
95
130
172
232
285
201
168
262
232
169
327
429
319
226
324
329
231
286
269
252
222
197
245
186
99
33
70
42
-25
-4
31
-6
-2
-109
-118
-159
-133
-129
-66
-94
-187
-142
-117
-184
-250
-186
-145
-154
-251
-227
-190
-170
-192
-189
-225
-276
-299
-277
-323
-311
-253
-228
-226
-241
-167
-124
-113
-29
24
-42
-67
-48
-50
-59
19
43
100
97
-16
-9
35
21
38
21
26
21
-14
47
107
156
147
91
136
125
97
171
218
269
304
298
345
269
213
251
241
200
185
191
166
46
-40
18
-7
-51
-32
-30
-35
-113
-162
-148
-151
-179
-170
-87
-45
-140
-98
27
58
40
68
39
-77
-89
-68
-102
-83
-10
32
-56
-119
-151
-162
-158
-113
-42
-49
-23
-24
-7
-86
-88
-66
-22
36
-43
-69
31
40
9
3
6
-2
-10
56
116
22
-37
80
137
96
14
-44
-40
-21
-3
101
140
111
127
179
162
86
105
233
291
266
200
204
227
210
159
153
203
178
53
52
60
0
-13
6
-26
-8
17
-9
-33
-66
-94
-94
-74
-33
-76
-126
-85
11
-6
-83
-78
-76
-59
-137
-128
-133
-187
-203
-257
-285
-292
-355
-345
-259
-352
-403
-407
-391
-418
-406
-315
-304
-317
-243
-275
-281
-256
-264
-177
-133
-166
-195
-136
-138
-174
-199
-114
-83
-56
42
-1
-55
-29
26
20
42
130
149
208
275
264
249
263
332
388
469
484
469
533
599
576
513
567
612
562
530
507
473
484
433
436
375
272
251
219
219
109
100
103
61
45
58
55
28
-20
-50
27
1
-104
-69
-66
-109
-179
-72
-88
-85
-187
-277
-201
-277
-295
-274
-264
-206
-203
-181
-167
-239
-244
-216
-270
-202
-82
-83
-105
-137
-72
-47
-64
-12
-36
-10
67
108
68
28
18
7
51
51
47
50
48
52
14
19
-12
-12
18
4
39
49
19
-1
5
0
11
-46
-41
-32
-53
-84
-89
-115
-190
-189
-140
-138
-113
-147
-227
-202
-144
-130
-118
-159
-136
-76
-77
-77
-182
-212
-211
-242
-247
-218
-180
-116
-116
-220
-214
-206
-272
-245
-182
-130
-170
-90
-11
-117
-98
16
13
-51
32
131
222
258
252
213
205
213
233
365
335
268
299
289
217
128
153
249
209
216
186
191
208
114
191
308
288
314
329
322
281
314
330
288
310
304
209
170
247
196
136
88
89
80
-5
-72
-106
-126
-224
-267
-221
-326
-390
-355
-282
-243
-299
-249
-244
-246
-216
-139
-98
-90
-84
-113
-60
-54
-55
-22
32
-34
-61
-19
-55
-55
-100
-104
-113
-130
-178
-229
-192
-221
-165
-44
6
-57
-25
14
-2
34
37
62
166
138
94
143
72
41
59
137
87
62
76
80
-30
-39
-54
-58
5
-27
-40
-64
-66
-72
-47
-66
-51
-22
-13
-41
-19
82
79
98
132
158
86
28
9
46
135
139
91
9
29
-35
-81
-69
-100
-166
-163
-99
-98
-125
-144
-131
-57
-51
-59
12
20
-57
-21
63
52
81
65
141
143
114
92
55
23
58
61
61
78
47
45
26
2
63
66
26
37
49
20
-1
20
38
37
94
95
89
137
99
54
97
77
45
98
107
115
102
85
79
49
-4
9
34
56
48
74
2
-42
25
29
40
-24
7
41
40
10
-15
11
-5
-32
-29
-36
-58
-62
-132
-141
-117
-143
-138
-113
-104
-149
-134
-125
-148
-193
-236
-190
-147
-148
-166
-179
-133
-113
-96
-118
-120
-102
-90
-85
-49
-37
-62
-93
-24
-10
-68
-36
-40
-22
-29
-37
-18
62
131
133
132
105
141
168
186
159
148
195
153
137
183
206
191
262
249
233
226
220
176
199
208
126
143
123
88
21
70
114
57
28
51
82
34
21
13
54
20
6
19
-90
-153
-156
-139
-120
-150
-236
-194
-200
-214
-205
-216
-208
-261
-254
-208
-228
-302
-257
-174
-192
-207
-211
-205
-203
-168
-131
-118
-99
-146
-143
-111
-146
-119
-75
-75
-83
-26
15
-5
-26
37
145
113
46
85
54
123
147
113
138
69
-4
-5
75
117
150
136
100
55
15
72
92
67
89
56
50
46
19
-19
-17
33
-33
-3
15
-14
27
47
38
31
-27
-36
-29
-55
21
52
65
13
-42
-12
-31
-38
-5
9
-24
-29
37
50
-22
5
69
85
92
151
72
77
129
115
152
148
156
151
146
157
73
62
128
168
244
298
270
259
254
190
199
170
194
223
209
195
199
149
143
148
179
193
155
77
89
116
74
61
56
7
-37
-13
-38
-101
-98
-73
-52
-104
-187
-170
-158
-136
-133
-112
-127
-132
-68
-83
-179
-203
-164
-139
-146
-163
-135
-142
-108
-88
-103
-98
-145
-216
-224
-257
-204
-195
-205
-160
-169
-160
-159
-123
-188
-285
-273
-196
-195
-180
-124
-101
-143
-155
-219
-269
-243
-225
-133
-127
-109
-82
-73
-86
-68
-59
-86
-72
-62
-76
-49
-25
-4
-3
-32
-13
35
97
33
18
30
12
25
10
-18
-11
-27
-25
22
44
77
85
146
159
127
129
167
187
151
135
178
211
171
206
179
247
277
241
287
286
186
174
230
196
174
148
173
129
139
131
102
71
92
140
147
120
65
98
67
31
18
66
71
23
63
99
12
-29
-71
-90
-9
20
4
-77
-83
-73
-129
-90
-118
-180
-144
-97
-85
-54
-24
17
16
-7
10
47
21
27
42
19
-16
-19
-18
-4
4
9
0
-35
-52
-62
-45
-34
-38
-43
-78
-76
-78
-44
-27
-83
-87
15
15
-10
21
12
1
21
42
47
51
47
27
49
66
-3
-52
-29
-67
-85
-127
-77
-18
-75
-118
-138
-200
-173
-125
-139
-174
-178
-108
-43
-44
-107
-127
-110
-133
-82
-58
-34
28
-3
-13
34
-25
-67
-19
4
20
37
83
57
8
26
12
29
6
19
89
74
82
97
128
101
97
85
52
94
161
153
202
247
205
178
185
150
103
113
87
75
63
37
-5
-89
-77
-29
-22
-22
-6
-55
-95
-50
-55
-85
-67
-22
-52
-28
-24
-92
-92
-92
-67
-26
-14
-3
-19
-10
-38
-29
-82
-81
-31
-67
-104
-129
-93
-104
-121
-101
-82
-108
-60
-61
-88
-73
5
18
7
12
40
17
-5
3
37
89
70
90
151
145
