-94
-46
-84
-47
-62
-102
-57
-52
-102
-66
-55
-57
-55
-100
-100
-52
-65
-66
-61
-88
-56
-22
-11
-39
-38
-34
-15
-37
-21
-32
-57
-25
-52
-58
-68
-42
-35
-60
-23
-16
-48
-20
-8
-34
-41
-34
0
25
36
79
55
52
104
111
106
76
68
53
35
28
17
40
40
77
102
143
130
124
125
102
81
76
74
82
67
64
118
86
60
80
49
70
101
66
92
98
84
43
12
26
16
-7
40
29
42
35
-6
34
27
43
27
45
52
58
39
-6
-26
10
0
-49
-56
-24
-41
-25
-41
-53
-26
1
6
35
46
4
-4
-55
-34
10
-30
-27
-23
-56
-60
-64
-61
-76
-86
-71
-74
-48
-61
-59
-33
-57
-60
-16
-10
2
38
24
-20
-61
-57
-74
-91
-30
-3
-17
23
56
33
53
45
-1
-32
-30
-8
-49
-72
-57
-54
-59
-14
-26
-15
12
50
16
23
55
30
29
3
-25
-51
-72
-59
-57
-17
-13
23
28
10
52
62
39
82
87
40
26
64
72
54
39
-7
-6
24
39
19
17
8
21
32
21
28
44
25
9
-12
-24
-45
-61
-26
9
-13
-27
-1
-43
-57
-66
-49
-44
-6
53
24
40
55
58
17
25
-8
-29
15
-2
-48
-59
-11
21
-13
-20
-8
8
32
-2
4
2
-37
-36
-41
-42
-65
-59
-33
-58
-54
-40
-32
-40
-19
-12
5
-28
-11
8
-7
13
-12
-17
-7
3
-55
-50
-7
-28
-8
36
44
14
29
20
15
-14
18
-19
-51
-29
-61
-27
-33
-16
-7
-12
18
34
58
8
-25
-60
-53
-36
-12
14
2
59
44
58
61
72
85
109
88
77
34
33
59
51
97
114
40
29
71
68
75
80
105
110
93
110
96
75
51
42
23
33
48
61
100
79
96
73
65
7
-5
27
2
7
22
-15
15
9
17
-18
-14
7
19
-8
3
10
-52
-42
-71
-76
-88
-106
-71
-41
-87
-97
-110
-134
-121
-138
-118
-109
-118
-121
-145
-137
-83
-98
-140
-132
-154
-126
-124
-137
-141
-119
-87
-77
-114
-86
-98
-113
-68
-114
-61
-66
-85
-74
-90
-102
-63
-12
14
-3
15
-8
-25
-12
-10
-21
-4
7
-14
-8
13
51
34
83
85
66
41
76
95
70
108
86
116
97
103
126
103
118
89
102
114
126
125
148
122
96
115
97
87
69
82
115
126
84
76
104
80
72
69
78
124
102
78
64
39
64
39
34
88
76
46
56
31
23
29
67
69
37
57
43
53
14
-30
-37
-29
-63
-56
-45
-42
-25
-15
-5
-33
-42
-32
-42
-75
-13
-46
-61
-57
-28
-1
-25
-53
-51
-50
-67
-49
-13
9
10
-43
-15
-5
8
3
17
41
4
-79
-58
-38
-84
-101
-112
-109
-93
-53
-54
-60
-83
-98
-138
-139
-113
-106
-76
-111
-102
-89
-112
-143
-122
-63
-40
-72
-51
-44
-47
-47
-33
-51
-30
-37
-18
8
17
30
10
-47
-57
-20
-4
29
38
85
46
88
100
115
56
69
54
21
16
9
39
39
54
58
27
15
56
43
18
-12
-45
-25
-7
28
37
9
52
29
39
59
50
69
-3
30
-3
37
40
35
36
26
67
43
100
115
69
-5
9
-10
21
-16
19
10
-8
33
54
48
48
26
14
25
6
26
45
51
3
-23
-6
-37
-59
-36
-42
-3
17
10
5
22
4
-13
18
13
10
61
90
9
4
14
-13
-28
-58
-88
-62
-33
-10
10
-4
26
38
-42
-17
-48
-82
-53
-39
-55
-57
-39
-69
-36
-20
-41
-65
-55
-83
-90
-105
-70
-76
-72
-96
-81
-34
-39
25
-7
-43
-30
-75
-68
-20
-27
-5
9
-6
31
63
28
51
43
67
16
-7
15
-10
21
41
90
104
136
114
127
143
114
139
77
90
111
103
155
140
133
110
95
103
55
82
88
141
102
81
33
51
89
19
18
7
-2
12
10
-9
-14
-11
-9
-61
-78
-26
-46
-23
-34
-49
-63
-62
-98
-114
-113
-100
-127
-103
-55
-23
-13
-34
-13
-101
-80
-108
-142
-123
-64
-37
-86
-54
-21
3
-18
-9
-30
-59
-28
-41
-51
-59
-66
-82
-41
31
-7
-10
-26
-49
-141
-86
-97
-108
-28
-69
-29
-90
-40
-17
0
-43
-64
-45
-18
29
-12
-34
-81
-87
-63
11
0
-19
2
-16
-17
23
40
34
8
17
-2
12
24
65
103
26
-72
-12
3
33
98
72
87
47
78
34
11
86
3
37
47
54
32
87
129
54
51
69
119
73
79
100
136
138
106
114
114
129
107
108
131
104
104
115
90
161
152
104
130
115
77
77
168
118
71
122
61
-6
36
52
-2
54
-14
-62
15
24
65
30
26
-65
-84
-20
-43
-93
-102
-82
-148
-205
-108
-120
-169
-134
-160
-121
-102
-122
-76
-133
-140
-213
-100
-46
-187
-64
-58
-77
-144
-156
-126
-128
-52
-105
-105
-107
-124
-141
-179
-129
-57
-134
-61
-90
-130
-102
-72
-32
-82
-11
-43
-61
-22
-153
-157
-15
29
-66
-70
-2
-111
-62
-29
14
-24
1
0
9
-41
-53
86
12
34
155
172
33
118
264
34
87
182
87
-10
101
96
35
103
78
156
168
163
198
180
133
148
196
132
163
213
83
168
90
110
116
123
177
-19
84
9
-1
58
-12
75
53
94
26
-4
88
-52
26
127
7
44
65
-23
2
80
19
5
4
105
-35
25
141
-48
-24
-39
-79
25
-52
33
-40
-94
-46
-80
33
-19
32
9
8
23
-96
-107
-64
-1
-10
1
54
-65
-89
-116
22
5
-68
-75
-139
-120
-49
-3
5
31
-66
-187
-91
-86
-142
-35
-90
-77
-136
-109
43
-120
-41
5
-144
-90
-41
17
-41
2
-33
-151
-87
-97
54
-16
-26
39
-36
-77
-69
14
-46
55
18
56
10
-69
-32
-122
-39
-75
-72
1
-1
-22
-144
-33
-37
-139
-62
27
-36
-33
8
-15
-67
-93
-74
-71
102
44
-80
28
12
-56
35
40
39
66
-9
8
127
65
3
32
101
24
142
131
-34
33
12
-7
60
259
47
70
175
6
34
90
69
-26
60
87
29
30
56
49
25
130
16
23
161
95
118
80
-15
4
17
106
65
69
69
7
8
68
-21
-20
40
4
29
48
32
27
16
-14
-20
-25
-16
-25
-37
-14
-131
-69
16
-61
114
37
50
-14
-50
49
-36
124
56
21
-78
18
70
-98
26
-89
22
80
-100
-75
24
78
4
88
-11
20
-16
-20
172
12
0
-46
-26
63
-80
-18
-20
-66
-129
-135
17
96
73
5
-34
-57
-149
4
59
-42
38
42
-55
-57
-75
-80
-27
8
-92
-189
-139
-249
-131
98
-22
-86
-138
-229
-190
-129
61
-30
-72
-129
-233
35
36
-84
19
-106
-128
-192
-47
-123
-108
108
0
-40
-48
-46
-132
2
-82
-99
18
-101
-58
55
74
26
51
82
14
-2
105
37
73
69
59
16
101
125
14
192
160
129
216
199
88
154
170
85
41
143
181
-89
139
114
77
121
-19
89
21
126
12
111
204
52
206
86
174
-66
-13
141
-92
560
549
72
-303
-578
-433
-581
-63
35
-129
-271
-533
-390
-68
95
60
275
94
-2
-115
-79
158
160
398
74
167
184
256
405
471
599
-224
-294
-138
135
386
158
207
-192
-454
-75
36
166
234
-214
-303
-169
-305
-300
-51
231
-27
-666
-94
161
245
422
-460
-256
-233
-346
238
263
485
-570
-71
-143
-88
302
-572
434
205
74
-403
-145
456
-683
-156
283
71
-58
-165
-40
-106
-56
-208
144
163
-181
-188
65
19
-207
-221
-82
375
92
-340
-398
43
-284
-141
584
-263
-281
-191
-188
59
38
-98
-45
60
-203
294
-151
371
102
-504
199
-201
297
-414
275
167
-498
547
165
-465
59
342
-415
32
417
-160
63
77
62
44
-23
-199
-135
400
168
-111
39
140
94
-281
336
234
9
184
-49
45
-293
184
122
53
249
-251
-114
471
-266
-454
466
-47
129
260
340
88
-170
140
152
-31
213
-106
-15
717
-203
-102
14
-151
31
334
274
229
-58
-64
174
-404
167
-6
71
222
-136
76
-243
157
59
23
196
6
170
-205
159
61
-29
72
-138
239
147
-64
-225
-86
-278
114
42
-18
305
-206
-527
80
-144
148
-192
111
341
-453
303
-344
-296
-5
-187
166
45
14
41
-406
-164
109
-113
179
268
43
-85
-317
-417
94
-186
-215
391
-313
34
-159
-198
65
-189
-225
87
613
-81
-229
-332
-238
-129
-365
579
-3
-156
107
-695
199
221
-51
106
-28
29
-398
-214
328
360
-131
-109
212
-131
213
219
147
88
-308
44
203
-61
64
172
18
-212
150
310
-182
-133
143
-155
-193
239
-160
226
150
-327
47
-300
-25
-65
404
167
-502
24
-155
-345
43
394
32
-210
42
32
-19
-36
414
-167
32
98
48
23
-99
42
-392
505
-150
5
40
-97
161
-276
289
-317
164
-186
8
-20
-274
181
-130
646
-591
-59
274
-637
518
152
-48
-23
53
142
-27
141
184
-134
194
177
-167
228
90
-414
212
170
36
342
106
289
-136
-147
547
83
-141
328
162
69
-99
-50
138
42
16
66
-104
-55
-101
87
156
0
-43
-259
117
-126
381
165
124
-144
-29
280
-275
-60
355
48
-409
295
59
-116
-329
82
473
18
-210
-248
88
-304
70
6
-85
-157
-158
279
-308
71
-454
-111
222
-151
-25
-225
-171
-145
60
-151
-164
153
-191
-147
22
511
-238
-141
-350
4
-246
-23
301
-193
-60
-414
-199
527
16
-352
-281
29
79
-193
-10
-151
-386
-482
-100
355
527
-501
-223
206
-837
297
561
118
38
-599
143
-477
407
278
292
-108
116
192
-270
-171
370
584
-220
56
213
-522
361
459
224
114
-399
-112
-90
351
295
206
-218
181
-154
143
-170
314
528
-99
-51
485
-81
-222
560
-270
551
-102
168
-53
-72
347
-67
388
-156
36
80
-28
18
-55
277
-185
175
416
-319
-276
44
245
122
122
51
-281
-179
78
-208
133
378
-294
-602
111
425
-393
374
-181
-401
-400
141
-230
252
245
-843
150
338
-455
-553
23
354
-657
77
293
-340
396
-358
40
19
-184
-369
173
370
-167
-77
-212
-94
-194
237
246
-217
487
-270
-143
88
-252
-108
221
38
418
-217
139
-141
-707
549
-133
51
275
29
-196
-680
602
-145
311
500
-249
-67
-557
571
-234
724
-8
-372
-188
128
278
-189
730
-96
-122
-307
-30
219
361
-216
346
-484
-39
-113
188
530
-563
-134
-266
-118
43
302
-552
79
-229
-161
-31
304
9
-47
-150
-288
215
-442
239
78
-194
272
-613
24
-203
66
262
-7
88
-302
143
-195
507
13
-198
16
-451
317
48
265
539
-583
67
-149
3
372
-22
315
137
-301
291
30
151
-197
314
663
-369
-298
238
476
-666
494
145
-399
95
-356
767
-151
240
144
-109
438
-554
-49
504
116
90
-190
480
-415
51
195
102
120
-106
13
-258
-33
145
215
-13
358
-218
-446
14
390
-44
-169
-383
271
-80
-273
427
-203
-162
-315
32
373
-439
95
-563
233
30
-338
104
-77
-290
-208
-20
-12
-51
29
-87
94
177
-465
-123
26
-169
122
147
-85
-190
46
-153
-113
223
-124
-227
254
289
-184
-13
-35
49
-14
-219
351
-212
-68
360
-324
97
-140
-60
-109
87
451
-312
-109
61
368
95
104
-223
316
-305
-328
697
-54
-213
13
147
-185
176
77
63
-207
215
-198
122
444
-205
-137
94
-147
-357
289
171
-187
81
167
-242
-229
256
2
-210
194
-23
-204
144
38
-294
166
104
-58
482
-148
324
-418
461
-34
-248
354
-642
348
-276
214
111
-17
351
-259
-121
6
292
-221
219
-22
-324
-8
-263
283
-164
57
125
-478
511
-80
-78
-116
-398
131
152
-127
109
57
-14
65
30
-125
252
-141
381
-301
-151
230
-299
445
-181
53
-313
170
290
-395
262
25
-118
-126
458
14
-396
24
200
235
-158
23
-17
269
-252
19
323
-169
1
85
-41
106
-52
-64
-333
110
74
-226
399
54
47
-394
116
-266
193
103
-86
139
50
55
-50
-181
18
-3
-309
214
275
-286
-149
-198
57
-180
7
288
-265
58
-335
105
-78
116
-139
23
84
-571
275
-124
203
-10
-6
73
-321
60
-294
36
488
-134
-57
-111
-290
-186
335
-82
-71
-1
-35
473
-83
24
-264
-251
16
-10
814
-7
-124
-252
-387
-160
69
556
-91
440
-107
-556
11
93
-52
118
408
220
-465
-95
231
47
49
96
63
371
-323
116
242
85
257
-3
225
-82
38
412
-63
-89
351
-42
-141
262
270
213
171
-238
428
-338
162
-280
635
96
-293
97
-155
375
-283
281
-50
129
94
-333
51
-180
180
-60
-275
290
-266
-407
-131
405
-132
-262
319
142
-257
-241
-325
-167
149
-186
-377
136
-381
-216
270
-319
-170
-207
-226
-159
-10
-196
-154
268
-85
-128
-273
-326
-165
37
476
-527
428
107
-622
-16
-173
-20
75
168
33
-71
-344
126
138
-48
449
-163
90
-186
314
305
-204
181
17
-523
71
555
-62
328
177
-235
-427
413
354
-118
451
142
163
30
88
176
-38
175
-151
302
101
-123
345
-411
141
-90
-36
-25
379
42
-393
-201
-277
405
-169
96
21
126
-7
-196
142
180
-78
-133
16
128
-269
184
229
118
107
-416
77
-213
487
-176
-76
150
-435
212
-67
27
-311
95
-109
-46
192
-18
-273
-494
213
240
66
-226
329
-274
-617
156
89
325
-453
282
177
-595
-133
243
221
-304
131
-77
-434
235
-179
299
276
-214
119
-227
77
-233
285
-79
-310
276
-195
28
190
326
-156
-181
241
127
-36
3
211
14
131
170
-228
174
-86
-14
496
172
150
-660
-49
39
-131
600
153
-218
-210
-217
137
340
280
177
-322
24
-124
-220
330
383
55
-616
204
258
93
-84
-234
-141
-51
302
349
117
-171
-806
-365
257
202
567
7
226
-651
-50
-344
-48
635
-103
183
-278
-2
-54
-65
-293
233
-155
-385
417
-146
89
-617
140
-111
-34
402
-23
147
223
-366
-404
257
16
-704
166
-54
37
-343
166
260
-260
166
-530
360
127
-9
371
-47
-27
-369
224
172
236
-349
-197
298
-153
64
97
162
-50
44
466
-67
4
72
-114
567
-54
-132
-55
-29
76
58
-79
-29
176
196
-339
311
-153
-356
-2
192
471
-436
316
80
131
-666
-35
617
-251
2
-557
279
-273
229
-163
-105
401
-543
-100
327
-138
-157
-32
71
-90
245
-253
-401
644
-317
-479
184
230
-159
-557
63
-258
-1
181
-377
401
-94
-311
129
149
475
109
-345
-612
357
117
-93
840
-101
-564
-375
67
146
572
104
-797
41
367
-512
91
597
-470
-383
288
-199
67
230
257
-51
128
157
-139
136
246
277
-41
-299
111
479
327
-215
25
-381
-435
146
300
304
-25
444
-160
143
382
-450
149
369
634
-383
-221
296
27
76
176
399
-259
128
299
200
438
-100
-327
-178
216
100
-290
117
316
71
-511
-410
-312
30
625
134
-133
-263
-439
-277
5
332
32
-724
-56
563
-331
-605
-312
178
-41
-544
-111
-49
-349
-106
57
-277
-156
-279
-213
222
1
-20
-473
108
245
-204
-661
8
223
8
-73
-218
-288
-331
70
162
440
50
-304
-158
220
99
-123
123
-108
-77
108
103
156
9
250
248
187
-86
16
326
177
297
217
55
-34
224
297
208
81
101
374
254
135
-27
82
-49
149
168
331
105
102
-145
-317
110
-23
-102
217
149
-115
-86
-148
-100
-43
203
-195
221
107
-12
-22
-78
168
-3
153
284
140
81
-261
-50
2
20
-40
-25
57
-117
-13
-237
-52
46
3
70
-128
128
-201
-250
81
-73
128
-308
4
-121
-40
-213
-72
-15
-196
-72
-108
39
-160
-272
-61
-147
-314
-171
-476
-137
-260
-261
-136
-98
-104
-261
-167
-75
-91
-184
-133
-163
-147
3
-102
361
457
570
622
836
917
711
849
798
668
716
423
479
513
164
206
122
240
25
58
4
-175
-461
-574
-569
-634
-586
-602
-658
-734
-893
-836
-870
-843
-1224
-1288
-1251
-1403
-1096
-1169
-1107
-898
-877
-546
-344
-28
226
255
651
967
1974
2568
3018
3501
3124
3165
2585
2751
2204
1384
744
196
-67
-426
-620
-941
-900
-724
-825
-851
-1107
-1391
-1513
-1651
-1579
-1827
-1761
-1627
-1220
-733
-852
-802
-795
-778
-915
-1235
-1650
-1984
-2053
-2040
-1840
-1800
-2082
-1892
-1561
-1194
-888
-924
-492
-125
576
1959
3910
5151
5986
6025
6161
5898
5496
4841
3714
2468
956
202
-347
-1097
-2033
-2515
-2331
-1826
-1945
-2069
-2198
-1923
-1627
-1202
-665
-468
78
548
1329
1705
1298
777
169
-341
-968
-2035
-2979
-3525
-3635
-4040
-3930
-3647
-3469
-2903
-2811
-2076
-2378
-2316
-1931
-915
330
468
1578
1625
3007
6033
7264
8984
8279
7729
7360
6374
6044
3125
1704
-1202
-2474
-2273
-3840
-4709
-5225
-4490
-3347
-2192
-2283
-2741
-1984
-2001
-729
419
415
1368
2102
3316
3527
2367
257
-1459
-2246
-4299
-5851
-7363
-8042
-7070
-6264
-4587
-3358
-2408
-1374
-513
260
-703
-1670
-2403
-1600
-639
162
1153
1960
2717
3812
8020
9162
10274
9205
7853
7521
6017
5469
2414
928
-2386
-3970
-3386
-4727
-5447
-5651
-4735
-2568
-1379
-2191
-2626
-1789
-2019
-1235
139
355
1563
2730
3922
5195
4141
1407
-357
-1914
-4297
-6421
-7823
-7683
-5668
-3979
-2274
-506
-12
258
882
1089
4
-1555
-2621
-2548
-2234
-2511
-2175
-1083
-28
972
2148
7045
9055
11343
11632
10608
10404
7620
6871
3445
1340
-3621
-5994
-4822
-5703
-6176
-6920
-5657
-3612
-2990
-3777
-4313
-3651
-3813
-1697
1605
2832
4288
5207
6751
7623
5448
1160
-1502
-2962
-5223
-6773
-7827
-7026
-5539
-3931
-1440
389
149
-729
-561
-215
-740
-1332
-2212
-2238
-2025
-3374
-3560
-3732
-2611
-1893
-1138
2495
8375
11335
13755
13467
11990
10048
6979
5617
1582
-1572
-7173
-7029
-5349
-6653
-6891
-6998
-5265
-3596
-3478
-4536
-3733
-2671
-2088
2016
5267
5883
6953
7602
8518
7808
3076
-1758
-3868
-5695
-7433
-7912
-8281
-7337
-5544
-3864
7
967
65
76
349
212
-1318
-2661
-3561
-3913
-5087
-6049
-6224
-5732
-4775
-2357
-955
3650
10450
11464
15494
13502
12230
9733
7479
6439
1434
-443
-7222
-5775
-4896
-7836
-7239
-7503
-5772
-3781
-2397
-3125
-1435
726
897
6123
7946
6766
7784
7307
7421
5619
524
-3992
-5592
-7852
-10223
-10005
-9929
-7692
-4496
-1818
1399
2461
1644
1772
1730
42
-2068
-3259
-3899
-4003
-4587
-5719
-5819
-5336
-3621
-1207
-668
3149
10686
12020
16026
14910
12568
10343
7626
6901
1150
-895
-9172
-8381
-6356
-10200
-8767
-8638
-6557
-2862
379
109
1727
3988
3591
8546
10103
7277
7161
5412
4302
2947
-2291
-7093
-9095
-10872
-12211
-10756
-10215
-7540
-2830
839
4918
5220
3794
3430
2976
686
-1783
-3331
-4872
-4874
-6043
-6674
-7138
-7742
-6523
-4039
-2286
835
10345
12469
16542
16709
13137
12058
8118
7954
1563
-1016
-9206
-10450
-7007
-11799
-9933
-8288
-6057
-1692
3027
3546
3895
6131
5120
8957
9962
5050
4237
2199
215
-797
-4893
-10303
-12385
-12863
-13450
-11411
-9974
-6794
-149
4274
8616
9507
7210
6145
4279
1685
-1803
-4037
-5749
-5914
-6375
-6802
-7255
-7623
-5463
-3228
-1394
1736
11931
13927
17912
17724
13138
12241
7339
7426
-4
-3335
-11716
-12281
-7602
-12507
-9508
-7266
-4335
646
5176
5906
5478
6796
5776
9267
9320
2401
1293
-659
-3017
-4356
-8372
-12861
-14422
-13284
-12057
-7922
-6499
-3366
4742
9652
12653
12243
9054
6867
3771
377
-3747
-6514
-8882
-9381
-7573
-8256
-8653
-8895
-6388
-2521
-383
2172
12630
16849
17898
19394
13815
12117
5682
4456
-1754
-4946
-12115
-15900
-7931
-11989
-10146
-6279
-3326
1034
6331
8172
8003
9559
6425
8478
9775
1124
-2292
-3643
-6482
-7418
-9614
-13031
-13247
-11110
-10130
-4845
-2195
-352
7176
11778
13904
13504
9023
5398
1476
-2597
-6852
-9268
-10970
-11451
-8132
-8001
-7226
-6840
-4599
-786
1431
4161
14338
19331
18367
19903
13944
11046
4083
1882
-3693
-7280
-13615
-18195
-9209
-11928
-10579
-4876
-523
3937
9213
11230
10835
12063
7764
7683
8526
-414
-5312
-5985
-8300
-9404
-10780
-13350
-12705
-10208
-9303
-4096
-259
1607
8326
13410
14520
13503
7664
3196
-1039
-5608
-9596
-11599
-11312
-11239
-7740
-6491
-6081
-5676
-3689
-492
1333
3663
14310
20187
18500
19555
11961
8790
1703
-649
-5436
-9712
-14422
-19229
-8094
-10032
-9207
-2318
1634
6446
11465
13874
12003
12316
7618
6435
7380
-3020
-8574
-8552
-10396
-10781
-11513
-13148
-12580
-8577
-6502
-1167
3365
3586
9942
14818
15126
13016
6126
724
-3911
-7937
-11470
-12546
-11434
-10827
-6713
-3960
-3690
-3583
-3138
-1406
1471
3879
7829
19780
18362
18092
15575
8023
4859
-1758
-2403
-9895
-9998
-16926
-14163
-5655
-9925
-3267
2790
6520
10600
15378
13599
11407
9813
3361
3153
-1322
-10489
-11147
-11063
-12143
-10116
-9678
-10659
-7502
-4025
-1135
4358
5326
7930
14028
14813
12929
7664
852
-4882
-9058
-12240
-13952
-12731
-10987
-7623
-3303
-2458
-2572
-2795
-2309
-427
2353
4431
9010
20559
17248
17643
14029
5005
1090
-4945
-5028
-11388
-10807
-17999
-12257
-3754
-7975
590
5882
8510
11844
15193
12428
9977
6232
-1368
-440
-4708
-12649
-11573
-11352
-10542
-7700
-8259
-7535
-4293
-2158
2005
6377
7835
10591
13670
13596
11160
5226
-2884
-7417
-11573
-13671
-14013
-12742
-8965
-5397
-2449
-1538
-998
-2446
-2067
315
3428
5883
15184
20552
16128
18132
8694
3559
-2092
-4603
-8128
-11039
-12179
-17623
-4485
-5387
-3302
6517
8639
11059
14540
14560
9519
8264
427
-3696
-2853
-10953
-13457
-11289
-11691
-9171
-7178
-6452
-4335
-1357
1259
5458
8838
9671
11881
12350
9361
4750
-2545
-8387
-12362
-15024
-15570
-14014
-9991
-5984
-2612
-215
257
-11
-1687
-743
1351
4907
7122
17743
19943
15572
16239
4911
2392
-4262
-5215
-9514
-10509
-12619
-15185
-1641
-4629
214
7835
9058
11283
13796
12015
7574
5064
-3417
-5360
-5413
-12327
-13114
-10416
-10258
-7186
-5028
-4063
-1774
1031
2823
7185
9681
8564
10886
9355
5904
685
-6241
-10816
-14050
-15256
-14570
-11009
-6605
-3165
400
2623
2595
1536
7
1282
3411
5733
7743
18494
18177
14601
13139
1411
-406
-6917
-6077
-10728
-10422
-12758
-12716
839
-3696
3362
9676
9972
12413
13391
11356
6027
2043
-5913
-6628
-7384
-13867
-12625
-10150
-9914
-6110
-4150
-3307
-692
724
3439
8157
8442
8495
10508
7987
4528
-740
-7436
-11087
-14486
-14953
-12551
-8611
-4305
-617
2934
3530
3002
236
-833
-84
2115
3583
9067
20051
14538
14919
8692
1181
-1804
-6675
-5665
-11459
-7228
-14134
-5485
1792
-2625
7906
9932
10984
11852
12541
7524
3065
-1754
-8789
-7040
-10770
-14612
-10712
-9830
-8376
-4536
-2724
-852
1036
2433
6175
9481
8788
9604
9528
5658
2574
-4230
-9219
-12376
-14709
-13053
-10346
-5944
-2066
1167
2653
2354
1283
-1540
-1577
-309
2032
4630
11821
20115
13182
13776
6123
189
-2550
-6202
-5553
-9154
-6279
-12396
-1833
917
-1301
8049
8816
9968
10339
10275
4738
840
-4451
-10096
-8718
-11709
-13874
-9558
-8531
-6100
-2472
-464
714
2059
4480
7151
9594
8093
8740
7219
4192
-508
-6865
-10350
-14282
-14096
-12405
-9290
-4574
-222
2068
3742
3595
1227
-91
348
1702
4084
5455
16310
18082
11999
12417
2515
292
-5991
-4747
-7459
-7165
-7746
-11724
2471
-2086
1456
9070
9138
10016
10148
9153
2874
528
-7200
-9798
-8057
-13007
-11726
-8226
-7162
-4228
-332
407
1199
3620
4700
7894
8319
6698
7000
4827
655
-4164
-9685
-13335
-14697
-12780
-10203
-6509
-1242
2038
4205
5111
3319
1605
-122
-335
802
3293
6257
17567
14529
11068
9334
-839
-2068
-7711
-3773
-7919
-5309
-9169
-8152
3452
-3223
4663
9733
10029
10285
11109
7559
1203
-2237
-10629
-10573
-11518
-15306
-11288
-7288
-6172
-2162
1345
1399
2585
3601
4089
7034
6729
4860
6968
3404
499
-4612
-10410
-11866
-12894
-10716
-9057
-3621
1035
3603
5919
4904
3767
1058
-194
478
2495
2810
9401
18830
10735
12303
5356
-692
-2842
-4614
-1622
-6007
-2502
-12026
-1510
1759
-3386
7409
9023
9857
10368
10819
4200
212
-6752
-12848
-11405
-14118
-14044
-8126
-5286
-2714
2090
3374
3237
3704
3906
5099
7207
4382
5411
5216
1075
-1508
-8878
-11866
-13608
-12950
-10317
-7363
-1153
3332
5882
6080
5530
3408
265
-1448
-839
1030
921
12073
17007
10661
12577
2338
-494
-3824
-1970
-3503
-5490
-5197
-13326
1692
-1911
-2327
8849
8384
10108
10311
8653
1598
-2355
-9844
-14574
-11605
-14459
-11577
-5483
-3773
345
3760
3484
2487
3017
2967
4686
4994
3410
5320
3314
905
-3199
-9525
-11358
-12574
-10182
-7405
-3542
2125
6109
6721
6734
4926
1754
-1190
-2220
-1482
450
1347
12419
16872
10492
12291
1811
251
-2781
-343
-3529
-5158
-5708
-11957
2199
-3657
-505
8218
7645
8550
8184
6668
-1234
-4295
-11691
-13943
-10574
-12126
-8000
-3103
-1406
1975
3884
3188
1599
2153
1705
3693
3997
2845
4747
2171
230
-5013
-9503
-10372
-11137
-8179
-5625
-1480
3467
5523
5252
5413
3232
812
-2066
-2112
-739
377
5668
17166
14584
11189
8577
-157
79
-2451
-102
-5341
-2764
-9806
-7052
1665
-6539
2930
6900
7460
8234
8893
4230
-1264
-5258
-12949
-11055
-10598
-11323
-5502
-2369
-260
2549
2899
1932
1027
1321
1029
3635
2876
3721
4635
1395
-737
-6831
-9454
-9934
-9634
-6199
-3534
735
5063
5546
5624
4883
1833
-1163
-2851
-2403
-1205
-163
5986
17602
12286
12431
7399
1905
1059
-299
1431
-5632
-2245
-12375
-5812
-1747
-7214
3749
6081
7245
7415
8774
3490
-1731
-6711
-12982
-10324
-9795
-9309
-3750
-1719
-576
2183
2188
67
-30
-733
1498
4072
2839
4710
3701
1112
-1370
-6489
-8456
-8996
-7882
-4603
-1831
1912
4244
4433
4041
2957
641
-2456
-3333
-3295
-2140
-323
7324
18272
12830
14274
8205
2610
1088
-189
362
-6176
-3999
-14033
-5772
-3949
-7566
4214
5866
7328
7669
9024
3433
-1263
-6201
-12037
-8658
-8582
-8096
-2981
-2422
-1184
1162
642
-708
-1509
-667
1565
4110
4108
5504
3893
1959
-648
-5593
-6383
-7679
-5793
-2858
-1303
1772
4045
3208
3057
2085
-1651
-3506
-4341
-3661
-612
708
9015
18540
12149
14059
7296
2640
-57
59
-1569
-6465
-4540
-15044
-3990
-4660
-5931
5045
6027
7121
7709
8755
1804
-920
-6804
-11401
-7040
-8530
-6747
-2315
-3328
-1734
-244
-283
-2133
-1735
-544
2968
6428
5369
6997
4458
2656
-883
-5097
-6132
-7328
-4727
-3091
-1596
1643
2610
1599
1520
-864
-3163
-4441
-4711
-2786
634
2118
12413
18985
12179
14454
5902
2034
-346
381
-3237
-5870
-7093
-14445
-2845
-6799
-4619
4137
5465
6748
8011
8055
1390
-921
-7458
-9629
-6733
-8874
-6260
-3876
-4371
-2382
-983
-846
-2188
-434
839
5078
6608
6237
7634
4133
2945
-1847
-4814
-5931
-7212
-4377
-4132
-1886
568
1108
665
681
-1093
-3040
-3228
-3762
-1100
1873
3226
11886
19706
12644
14357
6533
1198
-197
-925
-3566
-8153
-7148
-14976
-5699
-6240
-5669
3857
6604
7290
8286
8829
1970
-772
-5350
-9345
-7137
-7351
-6641
-3570
-3940
-3007
-1220
-860
-2313
-289
1888
5288
8006
7726
8284
5257
3041
-1722
-4527
-6586
-7606
-4877
-5175
-2306
-199
789
1123
848
-1114
-2097
-3241
-4229
-783
1364
3343
10273
19543
11895
13778
6433
-308
-302
-2724
-3403
-8557
-6396
-15195
-6598
-4343
-6324
3986
7496
8095
9267
9268
2949
893
-4144
-9568
-6919
-6725
-6604
-3543
-4291
-3633
-1668
-1553
-2323
-175
2208
6561
9386
9505
9528
6089
2873
-2264
-5732
-7793
-8003
-6393
-5161
-2648
-560
856
1089
-350
-1288
-2074
-3364
-3292
-1552
1950
2843
9253
18786
12832
13500
6347
-443
-1651
-3103
-3225
-8440
-5773
-14948
-7560
-3706
-7268
2738
7705
8360
9002
9790
3926
896
-4020
-10099
-7626
-6508
-7665
-4351
-4364
-4540
-2151
-1123
-1499
238
3685
7302
10569
10298
9076
5199
1358
-3915
-6710
-8263
-9183
-6866
-5646
-2652
-958
1044
1434
89
68
-1503
-2024
-3415
-1756
1397
3866
5865
17272
14727
11949
9579
320
408
-2772
-731
-7787
-4356
-11236
-10833
-1046
-7089
749
8548
8700
9223
9935
5123
371
-2347
-9452
-8815
-5442
-8108
-4063
-4067
-5187
-3321
-1824
-2558
-709
3532
6168
10530
9787
9353
5584
372
-4451
-7392
-8732
-9972
-8121
-5334
-2576
-1455
718
1949
357
750
-871
-1508
-3001
-2966
100
2577
2642
10624
18430
11297
12798
3473
247
-1622
-1001
-3278
-5191
-5553
-13972
-1983
-5142
-4213
6855
8533
9060
8624
7231
1471
-883
-7285
-10421
-4992
-6923
-5356
-4092
-6303
-4900
-3171
-2140
-1172
3726
6109
10565
12145
9997
6841
231
-3412
-6862
-8240
-10149
-9299
-5230
-3612
-1670
673
2543
985
537
176
-856
-2091
-3314
-1844
407
1273
4243
17883
12441
13029
8973
1408
1967
-1599
1026
-5499
-3443
-12169
-7754
-3550
-8007
2580
7289
7439
6486
7111
2363
-1763
-5037
-10437
-6194
-5451
-5828
-3964
-5500
-5321
-3863
-1034
-982
3154
6286
9303
12401
9546
6735
217
-3297
-6267
-7903
-9146
-9004
-4893
-3117
-1420
628
2311
2225
1716
1648
737
-433
-4068
-4544
-964
113
250
10014
18155
12572
15533
6239
2796
-745
-750
-1365
-5570
-5168
-14968
-5217
-5929
-6333
4257
5864
4857
6029
5693
674
-1601
-4460
-7572
-3349
-3578
-6091
-4285
-7134
-6470
-2449
-657
831
5113
7241
10191
10664
6677
2226
-1917
-4365
-6338
-7144
-7846
-5009
-1911
-1196
-741
414
1258
1288
1176
903
-520
-2682
-5056
-4404
-2200
-116
1689
13225
17416
13515
14255
4357
1528
-1732
1813
-3456
-3355
-7736
-13701
-3074
-8083
-3780
3401
3731
4718
6564
5410
173
76
-4334
-5877
-2039
-6737
-5306
-5942
-7572
-3771
-1230
1468
2534
6401
7447
10494
8251
3300
781
-2849
-3069
-4868
-5673
-4981
-3319
-1612
-2565
-1968
-669
98
714
608
1038
-2050
-3209
-6628
-5291
-1985
442
4277
14679
17988
13204
13987
2444
1261
-1593
996
-2801
-4352
-8316
-12738
-4488
-8114
-4898
2085
3888
5264
8104
5744
2439
959
-3835
-5778
-3563
-6066
-6026
-5426
-5249
-1762
1380
1661
2870
5775
6521
8413
5357
2370
-26
-1709
-2265
-3704
-4236
-5157
-3198
-3488
-3939
-1878
-1520
-88
983
1415
923
-1025
-4379
-7907
-4909
-2209
3125
4214
13537
18220
12934
12604
2065
155
-3371
1359
-3536
-3782
-6098
-14416
-4424
-9336
-7477
1642
4372
5284
8273
8532
1836
1766
-4708
-8365
-3376
-7505
-5368
-3249
-3503
-753
1665
1815
1179
4651
4729
6452
4885
1820
672
-296
-1306
-2833
-3707
-4630
-3795
-3380
-2437
-1883
-1134
737
1569
2177
1465
-2608
-5135
-7645
-5397
-161
3755
4567
11307
19376
12016
12738
2811
-331
-1073
1086
520
-3030
-3809
-14730
-7256
-8237
-8341
2051
5515
7015
10290
8530
2621
-403
-5874
-9702
-5006
-4430
-3518
-1162
-2170
-473
850
218
-683
2724
3623
6131
5569
3277
1507
-551
-945
-3240
-4185
-5704
-4184
-1762
-1963
-2291
-661
316
318
731
-856
-2587
-5555
-8659
-6263
-1009
2533
4417
7838
18666
13926
11352
5678
-1099
-1224
274
4367
-1741
-2472
-14692
-11447
-7665
-11058
-1724
5823
6983
8520
8919
2780
-2338
-6012
-10356
-3713
133
-1018
1691
-436
-718
97
-413
-2568
284
3489
5721
6280
2638
365
19
-974
-2714
-2702
-3531
-1699
-183
-727
-761
-1307
-1443
-1372
-1282
-1218
-2664
-5651
-6655
-5585
-1627
1639
4120
4376
15288
16613
10196
8033
-992
-567
788
7323
-601
-1656
-9880
-15963
-6017
-11635
-4913
4830
6132
7356
8449
3978
-3940
-4189
-7273
-2786
4985
1771
2635
140
-1668
-1731
-2903
-4790
-1955
3795
4711
5705
1266
238
-1481
-2071
-414
-567
61
-45
1873
1319
-587
-2283
-3202
-3124
-2765
-2733
-3269
-5336
-7044
-6436
-4279
-728
1847
3971
7044
18155
12531
10655
5477
2142
4378
3694
6833
-3151
-3710
-15732
-13967
-8742
-11268
-2637
3984
6107
5787
5756
431
-3059
-811
-2082
4150
6359
539
456
-1660
-4728
-5350
-4961
-5161
413
2966
2441
2087
-336
-2101
143
3053
2876
4930
3854
3410
2573
-1569
-4718
-6060
-6307
-6370
-3932
-3588
-5354
-5466
-5907
-3786
-1372
242
4838
4706
10487
19123
11592
11286
5873
3421
3158
4842
1780
-4973
-7163
-18913
-11988
-9236
-10465
580
5433
4853
7795
7473
1190
1226
1427
675
7091
3334
-468
-1016
-4827
-6645
-6483
-6086
-5631
84
1305
1421
854
-423
1869
4082
5856
7313
6203
3889
876
-2717
-5164
-8594
-8929
-6945
-5773
-4197
-4204
-5269
-5085
-3473
-3261
-400
2154
5019
5695
10708
19175
12153
12247
4935
2712
654
2228
-81
-7101
-8792
-19255
-10453
-8764
-8492
2756
7189
7057
9441
8594
2520
1327
1603
246
6162
892
-2945
-2672
-7485
-8243
-7719
-6364
-5886
305
710
2415
3442
1940
4827
7609
8661
7635
6692
611
-1887
-4900
-9228
-9346
-9144
-7145
-5376
-4798
-4773
-5082
-3471
-2275
-1830
1576
2403
5717
6959
10342
19891
12510
10600
4158
1605
-28
-361
-781
-7341
-8143
-17283
-11098
-6725
-5041
3657
8920
8373
9034
7854
837
296
635
-378
3801
1443
-4038
-4893
-7124
-8849
-7243
-5975
-4738
2833
4438
4588
5255
5324
6906
7192
8046
5254
3967
-1445
-5109
-5811
-9090
-9264
-8881
-6720
-5822
-5145
-3978
-4266
-3613
-2048
102
1835
3806
5143
8526
10059
18552
13170
9767
6132
-890
-973
-2757
1333
-5842
-6937
-15127
-11485
-3786
-4312
2628
6824
6774
6661
6630
329
-2934
-178
-800
2433
1740
-5230
-3631
-6505
-7681
-6499
-4379
-909
2995
5632
4470
5376
3374
2363
3259
4814
4768
2622
-882
-3235
-4711
-8102
-9542
-8972
-6451
-4873
-4920
-4990
-4865
-2661
-753
1457
1157
2974
6208
7908
6512
10230
17178
8700
8714
539
-1223
-2239
47
698
-4011
-4734
-13453
-3481
-3608
-4730
2611
4953
2448
3410
1628
-2184
-362
-964
-190
5458
1092
-3394
-1813
-5153
-3749
-2346
-444
1198
4932
3033
1243
226
-3714
-196
2572
4746
5296
3714
-491
-2797
-5442
-8580
-6435
-5966
-4391
-4383
-5200
-4946
-4516
-2895
-1548
2154
3262
3830
6269
5447
4649
15047
12271
8703
6643
122
1561
123
6707
1331
1476
-9557
-11456
-2996
-9883
-5270
-354
374
1673
3901
-444
-1541
1456
-953
4855
5704
-410
1103
-449
-2219
-859
-6
-1798
-207
-70
-4361
-3582
-5433
-2993
2428
5297
5935
5761
1882
-3263
-3635
-6659
-6427
-4264
-3525
-4535
-5559
-6527
-6145
-2911
-1455
597
2903
1924
1378
2739
2941
4811
16822
12128
10444
8708
2903
4792
6315
9883
1481
-1201
-14775
-13424
-7877
-13577
-6668
-356
706
2380
2601
-3310
-2440
1906
2659
8465
9452
4170
5860
2358
-1213
-2924
-4029
-6029
-4037
-3435
-6423
-5350
-5579
-771
2884
4470
4641
3519
-311
-2638
-1853
-2599
-868
-1373
-1672
-2777
-5793
-6014
-5034
-3626
-1028
277
529
-2597
-2702
-2127
1068
2566
13529
18950
14457
13784
5396
6428
3391
7928
1484
-2507
-10508
-15009
-7124
-13367
-9600
-3334
-435
-1244
919
-694
-1774
2646
4222
10797
15014
7406
5291
2632
-3148
-4837
-5977
-5764
-4111
-2779
-6580
-7198
-7896
-6186
-2586
818
3116
3920
4719
2257
2850
2060
618
1333
891
-349
-3801
-5501
-6578
-5749
-3903
-4941
-4236
-5290
-3702
-1333
2085
5251
12511
21391
15210
13646
4875
2978
1106
4502
5977
-557
-2766
-13526
-10318
-12287
-13079
-7500
-2427
-1871
-68
2159
-1493
2286
5878
8107
12630
8991
4299
3362
-1094
-3756
-3891
-2479
-5756
-5325
-7778
-9123
-8717
-9618
-4823
1313
6046
6158
6833
4804
3681
4773
3474
3378
3096
1212
-2976
-6035
-8925
-10300
-7535
-6781
-4579
-975
-1136
295
2820
5941
7854
17885
17397
11370
9760
1500
3452
4512
10724
3986
-376
-11024
-16702
-11370
-17344
-11807
-4880
32
-929
-128
-3578
-3585
4172
5097
10360
14154
8758
6664
2527
-3525
-5128
-4550
-5004
-4032
-4981
-9611
-9541
-9568
-6796
-2193
2290
5706
7644
6908
3894
3182
3291
3269
2629
421
-1687
-4940
-6956
-6752
-5640
-2559
-1013
399
396
-1410
-1770
-303
1784
5064
16344
13588
11492
7290
4351
6659
7696
10604
1182
-939
-11275
-11318
-10457
-15628
-9756
-4806
-4780
-7961
-4113
-5196
-969
5364
7187
12544
10087
4154
3675
1612
-2136
-1803
1690
1506
309
-4127
-10722
-9847
-8966
-5564
-1630
1912
3605
3070
328
-2113
-1315
-127
2266
4462
5731
3986
1890
1487
384
181
-266
-1332
-1301
-4627
-6280
-6627
-4207
-2183
6024
14480
10729
10858
5131
6693
7461
13150
12559
4960
329
-10962
-8298
-13625
-16223
-11909
-6177
-6182
-7219
-5244
-8699
-2199
331
1915
7463
5669
5434
8836
8292
5253
5594
5691
2669
774
-5248
-7796
-6586
-8360
-6353
-4794
-4494
-5718
-6208
-5139
-4192
362
4166
10033
12711
10870
8508
5045
3210
150
-110
-494
-1276
-3693
-7966
-9010
-9896
-7293
-4694
8122
12870
9773
9066
3871
7884
7300
14440
8854
3888
-2486
-9894
-5056
-13242
-11841
-8122
-5028
-8823
-9689
-10766
-12961
-5141
-2912
4628
8109
6626
8563
9559
7659
4934
6462
6138
5815
3587
-1607
-3736
-6998
-8893
-10010
-10197
-7767
-6563
-4081
-3188
863
4071
6370
8747
9251
8537
5565
5781
3245
2360
1320
-890
-2055
-5374
-8590
-7967
-6476
-3990
-566
8607
9012
4662
2985
-1080
3724
5271
13239
8433
4012
-1323
-7186
-3119
-9759
-7797
-5312
-4017
-7478
-8633
-10745
-11378
-2931
-1223
3527
5224
3172
5503
8232
8039
6710
8367
9576
7768
3290
-2663
-5234
-7016
-8074
-6037
-4699
-3511
-3899
-3721
-1623
-1308
-695
2623
5947
7271
7216
6246
5235
2918
1070
83
543
260
-1131
-3733
-4769
-4913
-4676
-5825
-675
3883
586
1282
-1699
1643
4100
10398
9185
4110
-663
-8297
-1518
-3359
-5081
-1607
-1428
-4132
-8783
-9357
-10698
-5528
7
842
6701
3490
3378
4943
6218
6473
4630
6824
3517
2220
-688
-2722
-2003
-2385
-1350
-2357
-2901
-5069
-4682
-2439
-1442
97
2382
4673
4556
4309
2750
2395
3506
4276
4054
3623
2173
-1530
-4259
-8375
-10433
-8990
-7769
-5632
-1750
4397
1656
-290
-2514
-1674
4455
9551
15570
9293
3421
-3903
-3828
139
-4531
-3474
-3753
-2559
-7291
-8312
-7047
-5623
1180
1016
3807
1914
416
374
4494
7498
4894
6378
4664
5032
3371
145
-1611
-847
-1157
-4188
-2207
-4546
-4654
-2340
-1237
2242
430
1453
4806
7270
5858
3194
3574
833
-586
-4172
-5936
-4127
-6209
-5052
-5877
-7751
-9097
-9097
-6575
2571
6918
3902
5496
3475
7120
10267
12996
9148
2056
-3742
-7159
-1058
-4268
-3288
-1462
-818
-1420
-5400
-5140
-5728
695
2118
4015
2078
-2034
-31
2282
6880
4490
4426
5176
3848
1658
-2053
-2487
-3610
-1612
-1252
-527
173
-1071
2650
4061
4974
3534
2168
1167
-385
-1444
-4205
-3583
-3673
-4042
-4912
-6186
-6656
-5823
-6082
-6518
-6711
-6015
-2218
1127
4574
11217
10096
4529
1030
-1921
1370
5104
9828
5617
671
-5161
-5674
1988
-673
2970
2054
3714
1088
-2844
-2976
-5281
15
-1904
1706
493
-1431
-158
340
4681
1312
748
-515
-552
557
-140
4404
4795
5817
4726
4225
4040
-370
-1300
-284
913
-2234
-4993
-6315
-6287
-6299
-7366
-6260
-5086
-4120
-4321
-3706
-2956
-1815
1188
2941
2392
982
-2966
-3673
-3195
2266
6032
2408
870
-2582
344
3590
10851
11992
6563
4097
-1325
3624
3038
1774
2840
701
301
-5024
-4208
-6839
-3687
-1260
-2451
-895
-6717
-5849
-4552
897
3495
4866
7383
5611
6460
3139
3781
2912
3173
4233
1344
618
-3853
-5493
-5166
-5429
-5517
-7780
-7673
-7250
-4386
-2842
-1879
659
299
1316
-582
-417
713
775
1059
-1274
-3007
-5644
-6336
-4369
-2257
6706
10008
6490
2773
320
5185
8798
15698
14068
7822
2153
-3210
2980
3094
2831
2498
-413
-3178
-9200
-8765
-9910
-5316
-2586
-332
296
-5635
-4816
-2164
3694
5950
5366
4984
3790
3141
673
2113
980
1594
1185
-2839
-4117
-8385
-6958
-4164
-208
168
-3381
-4245
-4943
-3172
-3535
-1452
-16
592
1163
-881
-1976
-3348
-2803
-606
1214
-1044
-3033
-2380
-379
1031
6731
11196
8100
5500
2726
6804
10472
14294
13384
5156
240
-6072
-2149
267
-1097
1244
-784
-1852
-7597
-9138
-11040
-7852
-3310
-3107
-679
-4518
-2894
-585
2742
4935
2560
1984
76
577
572
1292
1946
1221
1955
-328
-1356
-4569
-5485
-2147
-740
-310
-3664
-5731
-5146
-3144
-1372
-103
1661
-1219
-2277
-2484
-3179
-1167
31
2140
3669
2302
-1189
-1190
513
3223
5707
10506
11162
6850
3033
-180
3836
7804
13459
12164
3754
-3806
-8187
-3242
-1465
-1962
-2990
-4994
-6015
-9504
-8649
-7738
-3288
1093
751
-542
-5137
-5021
-1502
4104
7136
4888
3529
899
-488
-1231
-219
933
2176
2476
-1024
-2726
-5455
-4914
-386
2733
2985
547
-2769
-4676
-5256
-3797
-1191
968
1707
710
518
-930
-1171
-148
2019
3648
2604
556
44
478
2514
2727
8144
12270
8432
4420
-86
1282
3155
6413
3625
-2786
-6874
-9789
-3518
-1033
-2829
-3071
-4959
-3737
-4089
-3361
-2963
346
1108
-571
220
-3338
-2543
-262
3525
5035
740
-2490
-4352
-3282
-3336
-1235
1534
2710
3786
1938
1970
-145
425
2976
4147
3566
-1445
-3120
-2771
-2054
-1215
-942
-465
-2085
-2132
-2883
-2204
376
1197
3683
4053
2783
1389
1045
1088
3062
3832
5422
5914
1401
-3223
-5037
-2652
151
5854
4905
-1666
-6265
-7619
-1149
4207
2589
1309
-61
-632
-2043
-2187
-2955
-1069
1468
-214
-2554
-8646
-9936
-7237
-1814
967
-304
-702
-1793
-113
1671
3641
6593
8403
8834
6918
4514
373
-1811
-201
2829
2872
-707
-3812
-4196
-3735
-3701
-3086
-1332
-686
-1172
128
705
1147
933
2505
3164
786
-3192
-5403
-3507
-589
33
2046
4301
1762
-1457
-4485
-1518
2729
8157
10076
5253
-255
-5205
-2439
4345
4928
4788
830
-1871
-4513
-7667
-8115
-6580
-2968
-2949
-2175
-6386
-8703
-6322
-919
5812
6259
3958
2744
2702
2316
2742
4469
6016
8450
6993
3629
865
-2181
-880
541
530
-1653
-4099
-5331
-4824
-2315
-1753
-1335
-2027
-3372
-2705
-2430
-1436
-141
1504
1862
252
-2316
-4785
-3909
-1111
546
772
4502
4729
2211
-907
-1707
2152
7541
12312
9241
2434
-3261
-3459
2645
4985
3277
370
-3687
-4897
-6382
-6468
-7455
-4252
-1180
-986
-1831
-6535
-6365
-1663
4099
6640
5096
3426
2902
4643
4998
4516
4825
2859
2910
1414
-80
-2268
-3002
-181
254
-931
-5147
-6363
-4744
-2271
238
729
-287
-2630
-3193
-2740
-2837
-1245
-1300
168
514
-1626
-3861
-5373
-4224
-2214
140
3187
6800
5431
2926
1572
4587
6780
10011
11220
6812
316
-4484
-2589
1887
1345
-1341
-3819
-4870
-5913
-6830
-4874
-3223
347
-425
-297
-1799
-4345
-1996
1419
5371
4368
915
-620
-690
811
1565
3236
4102
3577
2441
-366
-589
-1729
-1233
1679
1789
709
-3049
-4485
-4077
-2790
-1450
-744
320
-1636
-2361
-3577
-4976
-5279
-3518
-1089
-572
-1186
-3317
-2491
318
2365
3722
7441
8990
6762
3830
367
2523
5693
8189
8141
2157
-3990
-4345
-769
3312
3709
2444
-543
-2794
-4317
-5677
-5322
-4365
-1331
-743
-1828
-5062
-6551
-3356
785
5380
5453
2858
1447
-267
12
138
1313
2307
3514
3102
1337
573
-643
229
2341
2731
877
-810
-2404
-3469
-3678
-3878
-4301
-4914
-5233
-4047
-2555
-2815
-3182
-1823
297
772
109
-1611
-2091
-647
1821
2482
5175
6429
5228
3539
372
2213
5097
9867
9710
4541
-1138
-4141
-2743
-615
-624
-1194
-3353
-3322
-3283
-3704
-2979
-2302
855
892
470
-3307
-5801
-4892
-2669
545
557
-89
-455
986
3121
3822
4003
3922
5047
5534
4466
2930
392
-400
-280
-935
-2387
-4426
-4214
-2778
-2116
-1513
-2114
-2850
-3091
-2484
-2657
-3274
-2798
-2435
239
795
-88
-875
-1708
-80
1935
3016
3306
5784
5288
3499
312
-862
175
4220
6632
4621
1404
-1272
229
3118
4753
2168
224
-2720
-3040
-3450
-4668
-5041
-3871
-3108
-3341
-3663
-4580
-3799
-1470
2079
3034
2133
-117
-237
720
2219
3659
3667
3251
2460
1799
2159
1233
598
1044
1363
1216
-1844
-3804
-4038
-2969
-1663
-1121
-1658
-2694
-2875
-2773
-1681
-1419
-1818
-739
-307
-500
-1843
-4217
-3732
-1602
1015
1505
3986
5894
4968
3486
1890
3863
5222
7459
7759
4513
-345
-2610
-490
3842
3960
1557
-1211
-2911
-3211
-3857
-3601
-3242
-2378
-1927
-2088
-4248
-6629
-6218
-2309
1225
2989
1238
899
927
1434
2866
2473
2386
2128
3307
2619
1614
-892
-1552
1115
2855
3269
602
-1481
-2549
-2365
-2257
-3489
-3389
-4275
-4689
-5097
-6017
-5333
-3914
-1198
84
-27
-1388
-3220
-2473
-1216
909
3641
6309
6072
4537
2615
3362
5809
8782
10144
7683
3392
-237
-62
1361
1956
1542
-529
-2093
-2290
-4229
-4451
-5121
-3921
-2533
-1612
-2188
-4796
-5017
-5039
-2021
-200
-48
531
-209
954
2478
2879
3092
3883
5964
6961
5460
1535
-474
-171
730
1314
-435
-2339
-3574
-3500
-3056
-3473
-4248
-4525
-3679
-3607
-3580
-4554
-5148
-4045
-1763
456
129
-1625
-959
493
2280
3299
4635
6669
6548
5215
2715
3373
3964
7304
8935
7415
2945
-228
263
1970
2801
974
240
-1232
-2409
-4797
-5984
-7389
-6507
-5125
-3279
-3174
-5268
-5244
-3354
132
1156
1108
572
316
697
1058
1573
2302
3066
4596
5247
3459
891
-214
793
1767
966
-1064
-2818
-3120
-2948
-2738
-3004
-4726
-4241
-2547
-1195
-1336
-2513
-3102
-2082
-946
-1592
-1723
-2419
-971
999
1910
1560
1928
5344
7935
8203
4980
3591
4394
7733
9447
7620
3314
-592
-357
1017
1057
-1526
-2552
-2164
-571
-1860
-4641
-6621
-6875
-5273
-4304
-3753
-4234
-4332
-3437
-1905
-1212
-1119
-913
-360
1205
2403
1707
722
599
1475
3066
3259
3367
3458
2693
2045
1308
1253
939
913
630
-986
-3302
-4921
-5013
-3866
-2621
-2451
-2926
-3774
-4165
-3694
-2983
-1605
-228
328
516
1189
2182
2301
5086
6980
7918
5215
2394
3204
4308
7295
7025
5129
1902
-345
-765
4
36
-1016
-1228
-579
-448
-2154
-5189
-6530
-5473
-4701
-3125
-3311
-5012
-7341
-6598
-4138
-2143
-961
-930
1181
2959
3547
3484
4097
4986
5948
6307
5039
3145
1195
443
2354
3307
2214
748
-1446
-2591
-3834
-4588
-4260
-3584
-3448
-3659
-3730
-3907
-4061
-3621
-2129
-94
41
-859
-446
-152
951
1898
2028
3939
4735
4581
3661
4015
4672
6872
8376
6100
4031
440
-48
911
1291
59
-1839
-3277
-3716
-3700
-4710
-5400
-4673
-3195
-2433
-2937
-4064
-4193
-3962
-2166
-1156
-765
-729
-796
376
2275
3300
3278
2927
3371
3813
3999
3642
2945
3003
2076
1975
1170
154
-830
-1156
-700
-1035
-2184
-3579
-4239
-3930
-3904
-2791
-2407
-3831
-4446
-4353
-2945
-2374
-1803
-462
1335
1610
851
1642
3378
4628
4667
2943
2860
2644
3800
4876
4013
3123
1389
1949
2576
2663
2140
1113
193
219
-754
-2311
-4406
-5207
-4534
-3394
-2513
-3570
-3791
-3753
-3494
-3106
-2493
-1391
-431
338
914
1896
1426
817
2400
4328
5562
5839
4938
4334
3500
2693
2439
1621
520
-505
-1210
-2362
-3717
-4269
-4135
-3488
-3318
-3795
-4049
-4646
-4955
-4153
-2797
-2657
-3418
-3955
-3310
-1939
50
1394
3483
5233
5606
5169
3727
4074
4297
6564
7190
6191
4272
2736
2979
3284
3019
2303
2009
1119
280
-1104
-2737
-4737
-5557
-6334
-6406
-6242
-6527
-6312
-5676
-3983
-2486
-1718
-1444
-848
737
2391
3472
3853
4100
4604
5447
5676
5465
5211
4052
3466
3008
1784
79
-1650
-2099
-1946
-2379
-3565
-4733
-6151
-6351
-5328
-4730
-3916
-3962
-3689
-3345
-3616
-3378
-2633
-1916
-1296
93
1333
2458
4149
5482
6775
6510
6032
6270
6264
7452
7592
6837
4442
2801
2321
2224
742
-749
-1071
-1121
-731
-2221
-3571
-6092
-7258
-7306
-7158
-5695
-5475
-4971
-3915
-3022
-2686
-2830
-1701
-358
2292
4211
4710
4905
3578
3495
3938
4347
4013
3500
3188
2177
1582
352
-647
-1441
-1973
-2475
-3414
-4762
-5755
-5229
-4304
-3987
-4480
-4733
-4843
-3875
-2153
-1373
-560
-574
-896
60
787
1585
2117
3759
5712
6940
6370
4912
5416
6491
8370
8936
7870
5096
2971
1870
1264
762
-863
-1899
-1960
-2252
-3167
-4596
-6442
-6862
-6352
-5246
-4628
-4476
-4689
-4284
-3398
-2951
-1642
-507
759
2045
3443
3981
4196
4007
3263
3289
3257
3414
3416
2979
2597
2033
1131
-467
-1163
-1939
-2680
-2792
-3439
-3196
-3747
-4787
-5579
-5992
-5672
-5679
-4921
-3989
-2693
-1757
-761
669
1927
2839
3545
4208
5606
6987
7591
7041
5410
5034
4586
5448
5627
5442
4759
3439
2727
1654
442
-1183
-2311
-2974
-3501
-4333
-5055
-6191
-6377
-6244
-5774
-5072
-4908
-4150
-3522
-2487
-1912
-1314
-772
7
1276
2726
3563
3952
4063
4081
4670
4877
4655
4473
3850
2724
1194
-847
-2176
-2805
-3431
-4215
-4284
-4696
-4867
-4962
-4788
-4288
-3986
-3637
-3211
-2087
-1645
-560
-32
195
893
1305
2130
3259
4497
5344
6553
6395
5964
5396
4288
3362
3621
4177
3959
3054
1525
682
315
71
-852
-1380
-2243
-2447
-2247
-3233
-4776
-6083
-6401
-6024
-4726
-3919
-3569
-3206
-2604
-1046
528
1218
1570
2374
3060
3300
3152
2748
3269
3986
4311
4224
2639
856
-400
-668
-469
-805
-1432
-2157
-2854
-3347
-3447
-3788
-3824
-3588
-3047
-2748
-2267
-1963
-1637
-677
-291
546
796
707
1027
1806
2874
3213
2972
2976
4160
4782
4233
4064
4137
4333
4400
3185
1694
-260
-1461
-1151
-497
-736
-2209
-2733
-2961
-2256
-1858
-2114
-2172
-3035
-3506
-3759
-3888
-4271
-4075
-2307
-703
140
23
22
902
1839
2750
3375
3477
3237
3276
3869
3953
3248
2345
1587
668
-413
-2014
-2743
-2693
-3010
-3276
-3842
-3957
-3859
-3134
-2179
-1190
-927
-1093
-609
-21
416
860
1693
2625
2664
2119
1639
774
-90
-349
774
1923
2258
1911
1896
2448
2659
3690
3941
3300
2178
1593
1033
99
-1284
-2312
-2322
-2899
-3174
-2971
-3049
-3541
-3349
-3056
-2361
-1774
-1559
-710
414
1128
1904
2550
2505
2226
1954
1958
1754
1162
616
618
627
451
-51
-573
-945
-988
-631
-402
-681
-1397
-1372
-1160
-786
-1198
-1613
-1243
-1535
-1906
-2601
-2703
-2420
-1872
-1040
-276
-212
-582
-309
687
1918
3015
3432
2809
2591
2285
2148
1444
975
990
1145
1151
826
922
539
604
837
1380
1113
247
-662
-813
-68
-206
-551
-967
-1357
-1071
-1154
-1548
-1699
-1552
-1148
-810
-512
-661
-765
-40
1262
2224
2131
1474
1286
1048
833
505
366
-277
-914
-1020
-1594
-2653
-3296
-3024
-2367
-1420
-1500
-1298
-1310
-1472
-875
-33
737
476
375
82
79
-117
-691
-775
-520
20
548
994
900
820
1485
2312
3035
3276
2626
2077
2229
2898
2849
1898
1037
1432
2198
2296
1611
217
-763
-1171
-903
-955
-1592
-1789
-1253
-402
-437
-902
-1200
-1108
-218
395
105
-357
-822
-887
-483
-495
-795
-984
-947
-680
-109
-154
-535
-399
-52
464
372
-613
-870
-1084
-1187
-1285
-1587
-1502
-2050
-1929
-1706
-1258
-1005
-720
-253
226
419
173
238
648
1058
869
866
624
1046
1236
1774
2573
2778
2786
2376
2038
1144
591
598
1199
1439
1049
634
605
806
813
485
274
8
-612
-1141
-1937
-2290
-2577
-2531
-2363
-1840
-1412
-1436
-1227
-602
226
516
415
394
251
86
5
-35
-273
-748
-742
-541
-694
-1062
-1331
-1470
-1533
-1548
-1673
-1126
-777
-842
-674
-409
-200
184
522
468
638
779
1456
2050
1672
1040
805
707
789
1031
1035
1101
1761
2384
2807
2618
2216
2350
2541
2424
1479
779
-349
-431
-65
-68
-110
-875
-804
-563
-85
-582
-1002
-1207
-1081
-723
-672
-629
-784
-911
-793
-764
-795
-870
-1000
-498
-123
-70
-475
-681
-625
-327
-108
375
564
290
-273
-823
-916
-1071
-1137
-737
-363
-632
-1120
-1416
-1272
-1028
-1448
-1183
-369
-18
420
504
861
1127
971
1349
1570
1456
1256
1117
803
621
993
1060
1323
713
529
777
1126
1348
1246
1210
917
649
349
399
469
563
233
-259
-1116
-1845
-2326
-2178
-1979
-1665
-1476
-1785
-2195
-1956
-1625
-1173
-550
209
1094
1216
970
768
1001
1350
1771
1991
1722
933
-64
-940
-1276
-1411
-1646
-1771
-1628
-1601
-1603
-1507
-1838
-1257
-707
-475
-13
-151
-285
-184
64
288
455
534
610
905
810
788
1434
1750
1855
2079
2244
2482
2780
2846
2842
2863
2257
1617
918
389
146
109
113
11
-547
-1540
-1916
-2234
-2311
-2118
-2138
-2026
-1766
-1567
-1324
-852
-575
107
578
279
156
335
338
515
995
1129
1119
459
82
182
84
-150
-340
-378
-1003
-1505
-1816
-2082
-2200
-2209
-2101
-1962
-2001
-2278
-2193
-1897
-1440
-718
40
438
706
576
829
1450
1988
2492
2493
2454
2269
2618
2821
3130
2973
2568
2671
2580
2059
1578
960
399
547
538
424
177
-209
-404
-96
-356
-1166
-2115
-2815
-2799
-2389
-2192
-2092
-1826
-1395
-712
-299
-110
-107
427
1147
1143
1156
987
827
895
868
885
390
-435
-680
-660
-1203
-2100
-2634
-3225
-3166
-2993
-2869
-2637
-2352
-2147
-1786
-1156
-1075
-547
-281
150
826
958
814
707
1012
1169
1651
2237
2626
3134
3214
3447
3581
3394
3229
3355
3375
2795
2208
1441
1018
750
393
138
-132
-628
-927
-1140
-1473
-1919
-2072
-2102
-2415
-2723
-2772
-2156
-1588
-926
-471
222
654
700
1052
979
1234
1086
891
438
328
411
78
-47
-594
-1127
-1603
-2118
-2600
-2646
-2829
-2300
-2049
-2487
-2358
-2106
-1841
-1732
-1557
-1087
-515
-225
-70
369
444
336
523
1076
1879
2435
3075
3537
3777
3566
3219
3363
3614
3301
2954
2317
1623
1649
1350
892
156
-492
-806
-1251
-1547
-1971
-2006
-1988
-2088
-2085
-2081
-1871
-1667
-1165
-730
-315
-120
29
-85
300
504
587
677
487
572
759
1129
784
546
189
-299
-847
-1737
-2107
-2054
-1946
-1914
-2340
-2740
-3002
-2831
-2325
-2062
-1513
-1184
-936
-591
-203
48
239
919
1423
1767
1952
2133
2764
3364
3775
3959
3822
3468
3340
3164
2742
2149
1715
1427
1257
980
561
489
163
-29
-330
-903
-1513
-2074
-2380
-2310
-2120
-2098
-1862
-1552
-1138
-524
41
533
919
1277
1188
659
282
139
573
716
610
508
-44
-719
-1486
-2157
-2385
-2457
-2434
-2122
-2055
-2279
-2408
-2262
-1872
-1901
-1809
-1572
-1352
-1131
-844
-766
-707
-475
-296
282
523
855
1329
2121
2950
3749
3679
3093
2974
3171
3532
3624
3088
2612
2020
1212
934
400
-171
-423
-318
-494
-874
-1241
-1161
-825
-1167
-1206
-1060
-1065
-1003
-890
-315
296
369
292
188
-275
-690
-942
-950
-844
-690
-513
-383
-559
-1030
-1242
-1532
-1536
-1373
-1164
-1018
-1175
-1221
-1102
-1279
-1506
-1576
-1645
-1486
-1514
-1515
-1381
-1058
-835
-165
552
774
1123
1378
2017
2936
3357
3484
3767
3789
3591
3414
3196
2913
2569
2360
2064
1742
985
678
580
398
56
-370
-363
-532
-466
-598
-804
-1051
-1443
-1588
-1589
-1534
-1656
-1254
-749
-382
-288
-682
-789
-987
-973
-667
-339
-271
-295
-400
-493
-730
-1353
-1692
-1559
-1258
-1416
-1710
-2065
-2283
-2278
-2243
-1914
-1650
-1192
-604
-81
-334
-565
-268
234
1117
1696
2132
2545
2751
3250
3590
3568
3463
3330
3252
3135
2415
1708
1571
1557
1686
1411
950
540
453
197
-31
-526
-1270
-1537
-1731
-1846
-2027
-2060
-2077
-1550
-1180
-1275
-1226
-879
-511
-226
16
-17
-14
-230
-408
-666
-1030
-1350
-1416
-1507
-1844
-2397
-2594
-2358
-2263
-1959
-1634
-1331
-1372
-1403
-1319
-1145
-942
-677
240
905
961
952
1081
1510
1849
1784
1799
2154
2367
2789
3231
3185
3093
2928
2724
2343
1971
1608
1525
1618
1236
904
292
-178
-516
-619
-688
-866
-845
-1104
-1219
-1307
-1582
-1392
-906
-447
-137
106
384
319
204
-153
-455
-567
-690
-676
-733
-923
-1073
-1178
-1237
-1503
-1587
-1630
-1630
-1706
-1910
-1747
-1696
-1247
-950
-504
-349
-397
279
711
950
715
609
847
1217
1509
1848
2251
2572
2729
2597
2699
2616
2508
2471
2188
1390
472
-141
-137
104
47
-26
-98
-143
-382
-877
-1322
-1450
-1504
-1352
-1255
-1139
-963
-741
-437
-189
-187
-385
-426
-498
-452
-248
-121
-212
-419
-699
-788
-772
-735
-640
-497
-825
-1187
-1559
-1804
-1633
-1598
-1108
-734
-443
-380
-485
-524
-434
-68
241
474
547
757
942
1307
1677
2209
2591
2763
2917
2771
2596
2009
1827
1555
1371
993
467
-132
-762
-838
-1019
-900
-932
-1054
-1175
-1354
-1443
-1346
-1393
-1386
-1137
-969
-827
-813
-337
166
454
487
588
583
387
391
417
603
384
126
-192
-416
-618
-836
-502
-215
-177
-464
-821
-941
-922
-782
-475
-113
49
-65
118
75
-62
-116
-188
50
92
266
424
903
1371
1663
1877
1831
1803
1499
1075
906
846
929
680
284
-115
-404
-656
-866
-1132
-1726
-1885
-1859
-1706
-1708
-1588
-1258
-818
-700
-715
-315
29
312
719
1153
1108
781
391
254
356
256
169
405
256
-56
-410
-619
-539
-218
272
476
548
484
597
738
701
630
368
433
480
445
583
739
1021
1069
1221
1340
988
911
1008
1185
1103
871
706
422
184
-228
-457
-609
-816
-1024
-1291
-1804
-2092
-2171
-2115
-2023
-2152
-2178
-1956
-1692
-1687
-1483
-1069
-686
-328
-281
-327
-429
-471
-353
-294
-350
-566
-546
-266
56
251
442
698
869
881
896
787
724
744
890
1076
994
835
810
910
975
1176
1385
1565
1528
1507
1601
1468
1199
1077
1224
1079
678
423
159
12
-333
-726
-892
-1115
-1185
-1069
-943
-1051
-999
-887
-791
-679
-857
-813
-733
-718
-636
-760
-705
-705
-773
-876
-979
-994
-1126
-1265
-1171
-1030
-806
-494
-150
260
484
633
741
814
818
888
930
708
541
560
496
544
517
717
898
1029
1266
1488
1788
1708
1633
1446
1398
1382
1285
1209
1060
920
673
350
11
-222
-311
-342
-276
-135
-302
-313
-465
-675
-784
-726
-460
-142
-52
-178
-292
-958
-1231
-1158
-1182
-1190
-1419
-1477
-1509
-1665
-1888
-1845
-1577
-1422
-1262
-1251
-1151
-1125
-867
-454
-120
-91
-247
-230
-247
-190
-58
161
439
444
373
423
590
1022
1325
1463
1242
1325
1356
1287
1218
994
1042
1072
921
736
521
276
246
464
604
741
660
394
210
134
111
260
487
707
808
499
48
-364
-653
-776
-812
-864
-1015
-990
-1016
-1242
-1269
-1303
-1146
-931
-769
-686
-757
-1007
-1085
-1056
-1255
-1363
-1269
-1075
-951
-707
-474
-239
-13
119
248
367
371
570
920
1169
1128
1152
1337
1452
1613
1610
1678
1602
1333
1348
1149
973
872
968
1077
1202
1209
1063
1253
1309
1414
1368
1262
904
686
317
-104
-357
-741
-728
-429
-416
-796
-1137
-1291
-1045
-963
-1122
-1199
-1164
-1125
-1050
-943
-1146
-1473
-1487
-1364
-1420
-1627
-1777
-1499
-1260
-1129
-914
-765
-563
-572
-406
-292
-283
-215
-84
15
12
123
191
306
310
229
357
422
562
656
761
865
1039
1108
1182
1451
1819
2175
2176
1948
1588
1296
1245
1310
1427
1229
1102
972
699
459
223
111
106
153
-66
-213
-526
-786
-912
-911
-963
-1059
-1227
-1464
-1564
-1515
-1476
-1503
-1605
-1621
-1497
-1323
-1189
-1097
-931
-857
-973
-1087
-1083
-940
-706
-559
-620
-691
-715
-630
-364
-427
-372
-183
0
106
106
148
342
587
779
1063
1095
1191
1116
1194
1243
1200
1417
1533
1728
1768
1823
1877
1800
1724
1669
1780
1826
1803
1684
1498
1190
807
449
93
-14
-337
-525
-502
-669
-838
-893
-808
-784
-761
-874
-904
-910
-1096
-1264
-1496
-1776
-1788
-1599
-1279
-1084
-1110
-1288
-1277
-1214
-1181
-895
-827
-699
-580
-521
-425
-335
-316
-143
125
-44
22
88
90
127
-30
-43
-26
94
284
606
971
1059
1151
1269
1322
1242
1212
1482
1755
1807
1694
1409
1212
1224
1118
999
854
668
695
830
739
520
343
30
-75
-278
-642
-836
-1053
-1049
-937
-875
-961
-1110
-1190
-1233
-1231
-1428
-1488
-1428
-1380
-1307
-1337
-1295
-1205
-888
-693
-552
-417
-370
-216
-46
-54
-165
-353
-368
-171
-94
-163
-131
20
64
-15
-141
-152
-51
127
309
423
600
690
779
871
828
768
910
1174
1413
1686
1786
1872
1957
1928
1883
1851
1840
1729
1677
1475
1184
927
837
792
622
261
-189
-581
-988
-1273
-1336
-1252
-1169
-1133
-1221
-1346
-1561
-1493
-1232
-895
-775
-858
-998
-1208
-1236
-1211
-1164
-1043
-957
-899
-756
-772
-719
-727
-742
-706
-729
-827
-782
-602
-443
-279
-225
-325
-498
-732
-780
-551
-460
-376
-183
2
205
289
590
1071
1566
1797
2047
2299
2259
2420
2447
2514
2308
1987
1843
1559
1263
982
785
520
284
46
-161
-455
-754
-851
-779
-682
-717
-725
-703
-615
-446
-390
-439
-769
-876
-784
-835
-928
-920
-854
-827
-863
-766
-643
-455
-271
-74
35
-89
-165
-284
-306
-359
-548
-583
-519
-624
-943
-1124
-1043
-824
-580
-414
-146
168
376
671
1028
1342
1490
1713
1887
2052
2045
1792
1687
1699
1572
1467
1387
1190
989
875
785
604
354
160
115
118
2
-99
-34
-80
-245
-503
-847
-948
-1074
-1098
-1123
-1234
-1228
-1147
-989
-970
-973
-993
-996
-1016
-1002
-813
-725
-547
-385
-494
-489
-481
-704
-817
-1037
-1191
-1188
-1157
-1078
-953
-793
-645
-399
-161
-11
223
506
690
912
980
1043
1092
1065
1220
1379
1414
1331
1278
1213
1137
1270
1320
1332
1224
1065
1075
1107
1079
962
859
725
580
331
41
-148
-276
-190
-252
-397
-652
-1019
-1214
-1289
-1312
-1179
-993
-979
-920
-916
-846
-703
-775
-835
-726
-988
-1208
-1293
-1311
-1143
-1018
-981
-819
-801
-852
-702
-535
-374
-308
-136
-42
-16
-40
-28
227
403
402
465
534
585
692
846
913
983
1162
1296
1502
1697
1825
1883
1972
1993
2004
1929
1644
1503
1423
1237
1078
800
467
164
36
-107
-106
-98
-181
-244
-332
-260
-221
-246
-380
-452
-538
-778
-881
-965
-1094
-1217
-1388
-1534
-1610
-1607
-1580
-1394
-1274
-1185
-913
-807
-799
-894
-861
-837
-724
-639
-658
-617
-660
-708
-789
-744
-705
-491
-325
-242
-45
118
346
652
824
966
1140
1424
1594
1788
1870
1910
1995
1815
1704
1589
1295
963
893
854
768
636
459
488
575
530
517
469
373
301
221
32
-142
-213
-290
-312
-551
-699
-741
-784
-827
-783
-783
-923
-1133
-1163
-1170
-1062
-965
-783
-653
-716
-810
-985
-1063
-991
-887
-804
-882
-1026
-1076
-1143
-1105
-1112
-925
-801
-615
-444
-257
47
277
574
742
784
903
1035
1170
1361
1456
1520
1636
1616
1521
1334
1093
1005
1056
1099
1009
953
811
718
797
778
889
915
823
771
672
666
556
377
191
1
-243
-438
-659
-731
-842
-980
-982
-1058
-1098
-1165
-1116
-1017
-924
-872
-860
-830
-853
-870
-1013
-1058
-1014
-1058
-1054
-1051
-1227
-1350
-1268
-1170
-1066
-1028
-928
-708
-523
-301
31
266
450
576
647
767
753
784
851
933
941
835
796
844
886
875
912
971
1045
1073
1094
1126
1074
1033
1038
1031
881
756
640
574
523
460
449
394
283
25
-73
-182
-331
-328
-265
-135
-273
-434
-524
-504
-500
-520
-385
-342
-424
-685
-867
-927
-970
-913
-839
-861
-853
-867
-846
-681
-486
-473
-417
-220
-139
63
86
107
195
319
351
383
378
365
484
603
539
502
409
453
543
460
497
422
365
379
334
318
345
350
536
601
555
476
329
247
148
102
-29
-62
-118
-102
-86
-209
-260
-285
-227
-234
-202
-305
-419
-645
-792
-814
-837
-807
-818
-831
-947
-1068
-1110
-1058
-1010
-919
-752
-595
-512
-350
-167
-26
-61
-83
79
304
363
338
399
416
476
535
530
497
479
571
573
524
343
309
394
515
510
448
469
468
593
642
559
536
543
592
613
611
465
481
621
639
687
582
559
582
560
481
335
82
-102
-156
-140
-189
-286
-396
-424
-486
-640
-607
-527
-484
-507
-530
-592
-682
-707
-780
-734
-722
-618
-395
-200
-114
-187
-434
-590
-552
-519
-484
-468
-403
-282
-126
-13
-31
-70
-132
-140
-150
-163
-53
89
276
150
57
36
111
247
251
430
525
607
685
723
684
569
541
555
653
695
698
655
568
584
510
388
161
110
63
63
83
62
89
35
21
34
87
52
85
-51
-150
-304
-393
-474
-544
-606
-677
-715
-741
-665
-534
-503
-667
-656
-587
-480
-484
-577
-597
-506
-476
-378
-274
-334
-367
-347
-397
-379
-317
-326
-285
-122
-4
101
174
195
304
402
440
551
626
681
756
818
775
715
572
498
588
574
632
567
462
394
370
356
382
455
522
607
625
511
460
410
397
372
285
134
-84
-251
-422
-607
-753
-790
-769
-763
-690
-642
-549
-451
-554
-508
-437
-441
-422
-416
-519
-548
-574
-600
-473
-503
-573
-604
-620
-515
-331
-287
-140
7
115
259
272
369
503
651
731
700
641
629
596
519
427
481
495
545
611
565
663
746
754
674
616
534
498
485
495
381
237
176
204
193
17
-147
-334
-318
-426
-401
-448
-527
-585
-667
-690
-718
-741
-737
-619
-541
-678
-691
-559
-553
-554
-574
-550
-521
-446
-358
-182
-36
-77
-85
-69
-108
-65
-5
117
245
306
274
306
295
302
479
579
667
695
726
780
715
676
632
679
636
545
519
516
557
568
589
494
355
241
196
122
81
48
126
201
133
-22
-164
-267
-390
-456
-585
-732
-861
-986
-1024
-1033
-1041
-1002
-946
-959
-825
-779
-706
-514
-339
-116
-30
-121
-222
-207
-228
-225
-241
-322
-341
-307
-262
-147
-120
-53
124
163
169
303
393
456
553
573
662
640
567
530
547
492
434
417
383
395
295
238
280
392
518
678
749
745
747
725
697
594
467
309
141
-72
-244
-381
-450
-551
-631
-724
-750
-792
-753
-655
-555
-442
-367
-249
-213
-265
-287
-150
-141
-158
-159
-220
-228
-196
-140
-117
-118
-135
-164
-208
-247
-265
-240
-111
55
62
-14
-113
-59
88
113
123
73
51
47
60
88
132
181
270
409
553
735
838
1000
938
788
647
542
519
522
552
596
584
532
449
326
234
139
93
76
73
-11
-211
-342
-384
-393
-482
-619
-620
-592
-540
-474
-365
-322
-277
-247
-199
-206
-209
-162
-93
-38
-265
-249
-302
-322
-370
-363
-441
-652
-576
-600
-586
-552
-595
-644
-586
-606
-637
-556
-427
-346
-181
-69
-8
17
22
94
234
321
360
373
467
607
588
670
709
596
560
534
581
631
701
723
646
594
512
453
355
266
285
241
201
52
-141
-238
-330
-281
-214
-88
-8
35
59
-26
-92
-99
34
134
162
123
52
23
-8
-34
-83
-158
-258
-340
-376
-472
-565
-620
-533
-428
-493
-515
-448
-329
-263
-254
-271
-350
-288
-233
-141
-28
99
263
403
468
461
407
331
428
502
537
576
606
668
742
782
758
756
764
707
611
532
392
287
293
223
75
-30
-160
-274
-265
-266
-359
-369
-274
-205
-165
-225
-287
-296
-269
-257
-204
-274
-349
-375
-470
-590
-704
-798
-751
-677
-578
-559
-598
-559
-606
-631
-695
-712
-645
-539
-477
-436
-476
-557
-507
-452
-417
-385
-343
-235
-8
219
330
449
521
595
674
632
685
807
886
946
966
878
836
799
792
879
915
816
823
767
553
465
357
322
301
237
140
88
-44
-119
-148
-109
-84
-99
-75
-71
-106
-62
-67
-40
-90
-130
-196
-247
-340
-427
-448
-498
-507
-599
-648
-702
-723
-662
-642
-597
-581
-579
-677
-713
-668
-586
-546
-464
-336
-270
-170
-115
7
179
266
374
536
593
544
476
542
649
739
774
764
784
749
757
729
812
856
810
666
557
459
328
240
204
210
219
245
181
138
45
-127
-157
-130
-249
-344
-478
-480
-506
-551
-639
-743
-727
-726
-701
-724
-701
-617
-594
-602
-587
-654
-672
-666
-621
-553
-534
-493
-479
-385
-357
-304
-178
-82
61
80
41
44
66
193
263
338
402
501
463
380
355
390
409
380
390
373
452
544
631
663
804
873
955
993
977
910
761
731
682
544
396
272
212
159
-16
-137
-251
-287
-258
-192
-171
-231
-283
-360
-418
-433
-472
-392
-393
-365
-358
-359
-421
-460
-323
-222
-237
-310
-279
-172
-103
-165
-180
-154
-137
-67
30
107
138
59
-28
-161
-344
-462
-428
-342
-247
-140
-145
-86
13
67
187
296
392
419
416
469
471
449
513
625
601
531
448
420
376
346
245
201
78
-75
-117
-197
-254
-281
-387
-438
-438
-469
-511
-558
-569
-642
-688
-668
-583
-498
-518
-517
-469
-434
-406
-390
-252
-187
-1
70
127
195
181
158
95
116
77
66
82
47
76
-3
-41
-115
-130
-193
-139
-118
-107
17
92
193
256
317
397
458
496
597
673
641
587
605
556
543
561
456
465
486
433
404
366
272
260
250
179
35
-86
-244
-326
-371
-417
-395
-530
-634
-713
-766
-800
-753
-638
-559
-465
-415
-360
-287
-198
-75
67
186
202
284
373
367
378
337
233
219
190
116
15
15
-4
51
96
6
-47
-92
-80
-34
8
46
78
114
129
157
140
142
299
380
471
448
471
526
604
555
538
590
560
589
491
384
299
241
162
95
29
-97
-238
-372
-453
-546
-708
-774
-738
-748
-729
-660
-648
-718
-720
-679
-575
-509
-409
-238
-173
-140
-58
-13
-8
30
49
72
78
168
153
182
120
-6
-14
-87
-123
-205
-316
-343
-356
-380
-380
-313
-269
-190
-46
-49
0
88
77
180
257
300
360
395
482
488
499
523
610
631
608
559
529
490
512
422
370
342
320
283
165
59
-76
-191
-312
-453
-542
-567
-553
-498
-467
-429
-431
-410
-337
-246
-151
-92
-12
100
152
147
100
106
155
211
278
303
258
197
221
189
130
35
-38
-83
-119
-118
-170
-201
-291
-335
-309
-304
-277
-241
-223
-256
-204
-143
-30
99
232
342
461
516
597
710
729
731
702
747
668
614
536
545
503
369
232
83
5
-119
-208
-289
-328
-397
-477
-553
-652
-735
-769
-724
-661
-604
-622
-611
-539
-407
-307
-196
-72
28
98
110
132
115
96
105
139
107
15
-34
-125
-224
-279
-355
-416
-473
-505
-542
-480
-406
-360
-312
-311
-191
-180
-117
-10
72
153
251
275
276
372
454
620
706
698
720
755
701
640
651
709
672
634
478
319
164
-31
-169
-241
-329
-398
-434
-569
-555
-541
-560
-461
-397
-310
-181
-114
-57
-5
79
156
169
172
179
166
223
259
244
145
41
22
27
-31
-80
-74
-116
-108
-75
-116
-189
-253
-285
-235
-320
-302
-270
-258
-160
-92
-20
97
169
273
321
407
418
447
499
581
686
689
670
601
543
428
370
341
286
262
201
119
38
-73
-170
-231
-291
-317
-349
-342
-393
-403
-403
-413
-353
-340
-271
-189
-117
-75
-52
-76
-53
-103
-89
-25
-31
8
83
66
3
-55
-160
-248
-261
-303
-360
-356
-369
-338
-330
-346
-297
-266
-225
-157
-142
-117
-94
-63
9
-19
-15
51
85
98
131
174
213
309
385
437
449
540
545
475
377
410
393
315
329
300
275
159
7
-32
-103
-89
-96
-113
-69
-74
-102
-147
-103
13
95
75
96
122
129
95
80
32
7
-10
-58
-88
-97
-114
-105
-77
-82
-43
-45
-103
-114
-88
-136
-213
-266
-249
-309
-348
-268
-246
-223
-271
-292
-303
-378
-368
-324
-252
-192
-155
-111
-84
-36
-9
81
186
149
205
155
76
54
3
-52
-46
-49
-63
-123
-203
-182
-69
-16
-31
13
33
49
92
62
113
182
242
228
147
123
86
66
43
67
87
74
69
122
150
131
164
218
223
284
299
262
297
292
268
257
110
10
4
-50
-116
-146
-106
-78
-60
-37
-83
-58
13
34
56
36
-15
-24
4
56
39
4
17
37
4
-29
-23
-5
27
19
-10
-13
-25
-6
81
131
205
240
230
229
195
124
130
77
41
20
21
0
-5
8
37
60
35
9
0
19
62
137
119
120
88
37
-5
-7
-67
-98
-147
-183
-159
-172
-199
-159
-140
-146
-198
-246
-282
-295
-282
-318
-325
-356
-398
-366
-347
-287
-228
-240
-222
-264
-281
-262
-249
-208
-117
-92
-44
9
83
234
261
247
218
216
210
203
224
247
213
219
234
193
128
110
170
202
188
171
181
139
135
97
88
44
-48
-30
-69
-140
-150
-135
-60
-7
43
100
83
74
62
-23
-68
-5
-21
17
35
-23
-56
-80
-134
-201
-210
-239
-251
-235
-235
-221
-185
-152
-93
-126
-144
-108
-72
-25
78
64
56
148
235
260
261
265
257
263
311
315
307
287
331
418
430
480
474
478
407
308
204
176
133
57
-36
-79
-120
-140
-120
-169
-190
-270
-271
-295
-307
-259
-208
-98
-114
-96
-128
-149
-170
-232
-216
-262
-329
-344
-384
-375
-348
-400
-385
-346
-329
-331
-350
-304
-293
-234
-223
-205
