-10
-22
-50
-83
-91
-105
-91
-62
-76
-64
-101
-94
-84
-98
-140
-143
-130
-104
-27
-19
-9
-26
6
-19
-24
-33
-56
-55
-49
-50
-36
-27
-19
7
-6
-2
17
40
47
66
33
14
24
22
31
77
79
117
128
120
155
157
178
176
156
136
109
79
95
85
92
89
103
130
163
158
136
122
87
88
75
137
157
198
186
173
170
133
103
88
59
42
84
79
34
17
-16
-40
-72
-73
-81
-63
-74
-71
-97
-63
-47
-48
-28
-31
-30
-64
-67
-96
-85
-62
-66
-74
-96
-134
-103
-67
-41
-45
-91
-129
-99
-78
-93
-128
-161
-194
-181
-197
-158
-99
-91
-108
-120
-111
-128
-90
-104
-89
-105
-96
-87
-109
-70
-87
-96
-109
-125
-117
-97
-96
-72
-54
-28
-40
-23
6
30
33
13
-17
3
18
20
33
-15
6
17
23
45
31
18
8
-46
-34
11
69
119
112
79
36
9
19
13
49
74
60
73
63
76
56
23
22
34
57
57
61
63
63
93
134
137
142
129
134
130
122
144
160
185
199
217
208
185
136
121
97
86
74
94
85
63
66
46
-4
-9
-1
8
35
57
76
78
88
59
82
110
98
81
61
40
39
47
73
70
21
-24
-41
-62
-75
-63
-74
-85
-67
-61
-83
-113
-139
-127
-141
-100
-54
-53
-72
-106
-115
-102
-85
-94
-90
-94
-144
-178
-170
-153
-145
-154
-135
-159
-151
-124
-115
-78
-67
-54
-72
-75
-91
-60
-65
-68
-80
-88
-85
-71
-23
-20
-53
-37
3
-10
-10
-20
-36
-14
-6
22
37
24
-10
-9
14
-4
-10
28
58
99
94
92
82
67
73
43
42
47
48
19
26
32
17
-39
-47
-6
11
35
69
46
48
72
96
109
93
67
57
47
59
34
45
26
-4
1
-19
-2
-25
-28
-10
-25
-67
-81
-59
-47
1
25
2
-21
15
52
64
72
46
47
64
103
104
94
70
69
65
32
47
38
13
22
11
18
37
61
83
88
72
64
91
146
148
95
97
90
77
40
0
-15
-31
-16
-26
-73
-69
-50
-44
-52
-74
-135
-111
-80
-119
-125
-136
-132
-106
-108
-124
-134
-83
-75
-120
-107
-108
-137
-141
-128
-138
-121
-111
-94
-95
-111
-123
-87
-59
-53
-33
4
31
50
75
61
45
42
63
74
94
115
112
99
100
68
79
84
83
68
51
56
66
52
21
38
52
75
98
109
126
165
184
186
196
201
172
163
117
105
71
5
-1
-29
-22
-17
-2
-40
-58
-104
-118
-87
-82
-64
-85
-90
-59
-46
-26
-54
-71
-62
-50
-43
-61
-78
-139
-92
-86
-96
-122
-136
-140
-146
-113
-108
-88
-124
-139
-143
-147
-119
-75
-49
-27
-28
-32
-34
-16
26
47
51
49
32
-3
-37
-37
-6
-20
-1
39
91
134
139
122
69
63
81
92
115
156
188
179
177
107
79
66
31
44
61
29
8
12
1
-42
-47
-32
-37
27
39
17
23
8
24
45
65
76
82
72
60
62
31
-2
-14
-14
2
14
0
12
9
3
-1
-8
0
18
36
21
30
5
-15
37
49
74
92
99
102
99
111
62
61
55
45
47
46
2
-26
-53
-74
-59
-52
-63
-82
-90
-71
-53
-71
-40
-30
9
26
12
-37
-37
-19
-59
-76
-99
-131
-151
-199
-159
-142
-132
-136
-166
-172
-182
-162
-146
-119
-129
-120
-86
-66
-80
-120
-105
-68
-18
-26
-86
-87
-87
-124
-172
-154
-132
-129
-106
-82
-83
-62
-67
-45
-64
-8
22
17
-6
12
34
38
67
59
100
99
114
117
94
71
31
25
20
33
72
118
146
164
192
171
156
143
157
139
146
146
186
226
217
188
138
120
123
91
65
77
78
55
57
42
47
29
3
-15
-7
-13
-49
-23
-4
43
107
118
104
87
87
75
54
36
7
-1
-4
-32
-86
-86
-70
-63
-79
-54
-30
-7
10
0
10
13
5
-2
-22
-30
-12
18
24
33
22
1
66
28
9
8
44
38
42
25
7
1
1
11
-3
16
20
31
34
66
41
37
65
84
76
64
35
15
-4
-2
-5
-32
-12
-24
-59
-64
-77
-99
-84
-87
-85
-53
-45
-58
-63
-56
-42
-72
-81
-69
-111
-137
-140
-123
-120
-100
-101
-128
-147
-142
-165
-146
-132
-146
-119
-114
-84
-68
-48
-79
-87
-85
-80
-55
-44
-36
-4
10
3
18
-38
-73
-81
-51
-44
-62
-67
-56
-51
-21
8
42
13
15
32
40
70
62
53
41
-16
-20
-3
8
50
66
90
82
86
99
61
5
-12
9
34
65
29
-4
21
-4
-12
-38
-45
-37
-15
6
6
37
23
-25
-13
-7
-1
6
12
14
37
80
89
85
97
88
92
83
92
104
114
111
137
126
122
147
148
149
128
120
130
122
125
141
163
154
160
158
123
89
81
73
54
45
49
9
2
7
21
33
32
48
26
10
0
-5
-21
-13
-51
-77
-72
-77
-94
-100
-129
-162
-167
-119
-110
-103
-104
-78
-88
-110
-92
-113
-121
-132
-120
-91
-96
-53
-62
-52
-34
-40
-54
-68
-34
-53
-78
-78
-69
-82
-77
-79
-83
-58
-45
-41
-46
-52
-31
-43
-23
-46
-33
-16
32
56
60
70
43
28
28
20
36
28
17
19
-24
4
7
13
10
30
67
80
43
20
23
15
-5
-19
28
60
67
74
66
78
55
43
43
24
31
11
-1
-8
-25
-10
-41
-59
-48
-29
-41
-30
-33
-40
-14
-8
-48
-77
-73
-56
-62
-67
-43
-89
-94
-92
-79
-36
-7
-16
-24
-37
-55
-35
-5
7
44
85
89
81
48
38
46
72
106
127
146
173
159
149
99
78
96
52
28
20
54
97
81
67
78
50
65
105
97
90
144
125
108
92
64
65
78
88
96
55
27
12
-11
2
6
11
14
20
32
43
51
37
-10
31
5
-13
-1
23
-15
-39
-35
-35
-41
-67
-45
-38
-68
-88
-98
-118
-92
-90
-134
-139
-160
-194
-185
-200
-176
-126
-112
-141
-149
-144
-152
-135
-131
-118
-82
-84
-49
-65
-73
-98
-84
-64
-54
-54
-45
-30
-38
6
-23
-2
-14
2
18
5
0
-1
18
13
31
7
7
21
19
5
15
4
-11
3
-2
-20
-43
-34
-16
-19
-26
-18
-23
-15
6
17
31
67
47
20
30
12
1
4
31
16
25
-35
-26
-25
-10
-1
-1
27
34
46
45
21
-15
-43
-6
16
65
115
108
155
150
117
85
57
70
87
102
108
104
107
105
69
82
95
70
68
51
41
35
16
4
1
-4
45
54
88
114
124
122
98
83
52
63
45
61
98
97
87
63
25
35
7
-7
5
4
-15
-27
-14
-33
-26
-2
-17
8
29
34
47
61
27
10
1
29
29
31
21
0
-1
-52
-34
-45
-59
-44
-48
-67
-60
-54
-89
-114
-99
-118
-109
-85
-73
-18
-30
-44
-86
-106
-131
-140
-116
-102
-79
-79
-80
-86
-67
-76
-80
-80
-51
-11
10
38
24
-11
-26
-40
-13
-8
16
23
7
10
-31
-43
-53
-50
-51
-44
-41
-36
-50
-99
-99
-43
-52
-21
-10
-25
-5
11
0
-33
-48
-59
-57
-19
15
6
23
33
9
-6
-22
-3
-2
25
53
61
73
51
30
-10
-11
-14
-9
14
34
27
26
33
59
63
34
84
93
95
139
137
110
65
42
41
19
21
21
47
53
48
47
17
21
19
24
57
52
72
63
48
49
24
17
16
23
13
35
50
60
31
1
-32
-33
-41
-68
-66
-54
-27
-7
4
-15
-20
-27
-11
-47
-44
-29
-22
-53
-75
-82
-118
-109
-128
-134
-125
-118
-105
-81
-83
-64
-55
-83
-56
-61
-39
-32
-24
-26
-24
-18
-9
-35
-46
-23
-27
-16
-15
1
27
23
5
-14
-36
-23
7
59
89
94
100
88
71
78
81
70
81
90
118
78
77
62
68
49
52
75
47
60
54
64
41
18
-8
-4
-3
-16
30
49
72
74
68
35
29
34
25
47
35
79
113
81
78
64
49
17
32
31
35
44
22
37
8
-7
-3
5
-4
-9
4
-9
18
20
-1
-1
-1
-1
-5
-33
-65
-37
-30
-43
-46
-27
-11
-9
-30
-18
-10
-13
-44
-31
-10
11
-10
-38
0
9
-8
-59
-38
-46
-57
-72
-47
-40
-42
-21
-16
-23
-50
-52
-65
-13
-9
1
8
-15
-48
-54
-5
-1
-31
-52
-5
-38
-38
-47
-93
-104
-98
-114
-136
-109
-82
-90
-83
-101
-75
-104
-94
-92
-70
-50
-59
-5
-28
-41
-48
-56
-45
-47
-40
-30
-40
-29
-12
4
18
20
35
10
40
40
43
24
8
-32
0
20
18
54
76
74
75
61
40
87
118
114
79
77
44
45
18
37
43
49
80
83
99
120
110
86
100
98
68
26
7
41
69
63
88
68
69
30
21
23
9
37
60
28
-1
29
19
29
50
52
57
54
51
45
26
15
-12
-15
6
22
17
30
51
15
-10
10
-7
4
28
6
6
5
-6
-13
-20
-1
-21
-13
14
8
21
35
-11
15
37
28
-26
-59
-19
-63
-105
-80
-41
-29
-35
-55
-39
-39
-44
-54
-74
-75
-67
-92
-93
-33
-29
-16
-22
-29
-101
-131
-96
-92
-69
-97
-111
-132
-133
-88
-92
-141
-131
-105
-102
-76
-100
-135
-88
-88
-58
-64
-70
-40
-55
-47
-55
-70
-107
-97
-86
-32
19
29
50
64
27
18
11
12
22
69
109
104
96
94
62
44
17
-5
27
30
76
65
36
57
52
46
33
38
4
42
47
75
66
85
101
118
121
77
66
64
92
122
147
141
140
137
119
127
123
111
76
90
102
91
68
103
115
115
97
104
98
74
51
45
77
78
78
59
38
14
25
14
22
42
61
86
99
64
4
-17
-34
-1
-16
-4
34
18
30
10
-31
-114
-114
-98
-70
-48
-18
-21
-39
-50
-45
-39
-61
-67
-81
-85
-93
-80
-73
-96
-102
-93
-112
-137
-149
-141
-126
-132
-150
-143
-139
-117
-107
-134
-137
-144
-122
-92
-71
-80
-108
-111
-90
-75
-63
-69
-66
-34
-65
-52
-20
9
47
53
53
43
7
-31
-69
-40
-21
5
-29
-37
-26
-51
-31
-43
-27
-21
-49
-43
-7
-4
-22
1
-25
-25
-58
-72
-49
-17
25
32
12
-2
8
-29
-60
-38
-10
9
41
56
53
50
43
36
57
62
119
110
113
110
81
57
30
61
86
99
124
131
131
103
96
68
38
68
62
63
64
87
74
67
64
52
46
66
56
49
38
51
84
79
76
44
39
59
89
93
119
103
96
116
89
40
60
87
121
150
123
103
76
74
70
71
83
83
60
59
59
22
-1
-13
-43
-14
-31
-11
-12
-27
-57
-77
-91
-106
-84
-62
-64
-31
-58
-89
-84
-99
-121
-90
-68
-102
-112
-128
-153
-179
-173
-192
-175
-129
-91
-112
-126
-116
-143
-173
-189
-172
-172
-162
-157
-160
-180
-179
-176
-154
-87
-29
-25
-9
-11
-36
-26
-67
-50
-27
6
-3
-9
-9
-39
-19
6
3
23
23
12
31
38
53
29
51
89
92
130
130
104
83
77
77
65
64
85
99
135
160
151
160
133
150
120
126
133
97
89
86
91
86
95
106
104
84
82
60
56
26
45
35
23
54
67
68
49
43
22
22
3
-23
-40
0
-10
-4
10
-13
-23
-17
-72
-100
-126
-111
-77
-21
-7
-47
-47
-35
-51
-46
-45
-44
-25
6
13
-2
-6
-15
15
41
65
60
71
71
41
29
23
-25
-16
17
41
6
-15
-18
-29
-38
-17
-24
-45
2
-23
-34
-10
-10
-33
-38
-42
-21
0
10
-15
-15
-24
-57
-84
-82
-72
-26
12
-24
-10
-12
-26
-64
-92
-114
-108
-78
-77
-72
-71
-79
-97
-116
-183
-219
-194
-167
-143
-99
-96
-109
-100
-111
-125
-103
-80
-45
-24
-4
38
43
54
14
-17
-28
14
65
101
112
141
143
124
110
89
96
97
155
157
141
132
134
120
124
134
162
177
157
200
194
175
117
93
77
119
126
109
84
36
-11
-25
-3
4
1
30
41
48
37
-25
-61
-78
-62
-60
-45
-29
-20
-27
-25
-32
-70
-51
-25
-57
-49
-51
-63
-67
-72
-124
-167
-147
-135
-140
-115
-144
-169
-171
-171
-148
-136
-127
-109
-110
-74
-72
-113
-100
-101
-54
-53
-14
3
28
40
61
83
40
18
62
84
125
165
168
182
181
197
163
135
132
134
150
167
155
168
170
125
87
72
58
53
56
67
91
85
81
71
67
67
74
69
71
81
97
107
155
133
95
77
49
28
-17
-17
-17
-11
4
-10
-44
-55
-91
-118
-110
-108
-80
-90
-84
-80
-84
-92
-80
-91
-91
-119
-97
-77
-117
-98
-131
-134
-120
-141
-180
-177
-152
-152
-143
-132
-157
-122
-98
-89
-127
-121
-124
-127
-117
-131
-95
-105
-111
-89
-101
-109
-61
-58
-11
-19
-47
-35
-31
-25
20
23
34
13
-10
-22
-24
26
35
68
83
67
49
50
38
79
77
74
54
82
80
97
130
130
108
98
96
65
77
104
121
79
66
68
73
69
46
86
103
130
164
162
113
112
80
78
103
55
93
58
69
28
8
27
29
36
65
68
88
74
67
48
1
-13
1
28
33
48
11
15
-25
-33
-64
-93
-104
-103
-71
-73
-98
-103
-61
-54
-48
-58
-49
-8
-2
15
9
0
9
-14
-35
-82
-74
-73
-48
-39
-41
-32
-7
15
-16
-18
-33
-13
2
-19
-13
-27
-34
-70
-65
-71
-47
-37
-38
-45
-10
-43
-26
-18
-22
-24
20
30
27
-3
-8
-14
-6
27
3
17
10
49
8
-17
-49
-51
-24
-46
-86
-45
-21
-19
-29
-52
-78
-67
-41
-31
-34
-28
-45
-9
-2
-6
-14
-43
-20
7
28
20
74
79
60
37
28
69
51
69
66
28
42
30
39
65
60
90
110
87
84
55
29
6
27
47
41
41
50
63
63
21
-6
7
-10
-14
8
37
53
42
19
4
-4
-10
-9
-23
-9
44
29
35
-11
-16
-22
-3
0
-15
-4
-9
8
17
13
-24
2
-11
-1
-10
-31
-30
-43
-53
-56
-67
-64
-51
-60
-62
-60
-71
-81
-87
-103
-100
-73
-35
-54
-64
-22
-11
-23
-16
26
37
34
48
50
63
63
59
81
112
137
136
94
120
75
37
36
21
43
35
-1
39
44
12
10
-1
-22
-54
-79
-54
-21
-46
-57
-81
-102
-96
-71
-103
-134
-132
-97
-93
-98
-89
-81
-51
-53
-96
-119
-107
-56
-50
-26
-19
-24
-9
-35
-26
-46
-23
-16
-23
-61
-36
-1
-2
11
1
3
-2
31
37
80
93
68
101
80
86
120
132
146
133
124
121
137
136
166
184
173
159
143
138
106
120
123
141
143
157
172
170
145
113
113
113
137
121
143
114
69
47
79
58
33
-11
-24
-57
-54
-76
-115
-112
-140
-153
-209
-237
-253
-245
-227
-201
-237
-232
-254
-264
-228
-222
-222
-183
-153
-136
-151
-156
-153
-209
-163
-138
-136
-140
-153
-160
-136
-122
-120
-110
-94
-93
-92
-77
-80
-73
-67
-38
-23
-16
28
69
91
70
62
44
44
79
106
142
157
175
175
116
109
135
145
189
195
211
201
183
173
160
138
153
156
187
175
184
149
114
92
49
73
48
34
16
24
21
5
-3
1
-28
1
15
-1
6
-10
16
28
50
33
15
22
55
39
39
40
3
-11
-36
-48
-22
21
25
66
70
72
62
42
35
30
24
-5
-7
-49
-51
-29
-33
-55
-53
-49
-33
-47
-19
-32
-49
-82
-104
-127
-134
-107
-88
-61
-82
-73
-63
-12
-1
-2
3
30
19
3
-13
-29
-22
28
33
64
71
72
101
58
22
18
-30
-42
-19
-77
-100
-77
-68
-57
-75
-108
-122
-145
-160
-195
-189
-154
-166
-130
-116
-185
-186
-177
-160
-163
-176
-120
-95
-45
-28
14
32
49
98
89
118
134
177
216
265
288
288
248
252
274
249
240
230
227
177
136
104
72
9
-38
-106
-146
-138
-184
-190
-216
-250
-282
-328
-352
-407
-444
-464
-496
-461
-445
-414
-341
-274
-214
-170
-127
-81
1
112
179
240
336
459
539
591
630
657
720
747
715
729
701
695
617
524
458
407
353
237
129
27
-103
-276
-408
-562
-624
-703
-802
-868
-958
-1053
-1077
-1043
-754
-466
-300
-190
-246
-231
-102
29
328
719
793
851
861
752
965
1037
903
1091
1150
1058
1218
1044
931
981
634
399
320
84
80
20
-173
-243
-408
-608
-685
-759
-740
-656
-639
-657
-622
-637
-629
-618
-686
-699
-735
-831
-851
-852
-892
-849
-928
-981
-953
-1028
-969
-1009
-1125
-1055
-1073
-1114
-1040
-1094
-942
-616
-453
-172
15
-25
151
345
557
972
1239
1385
1546
1508
1555
1715
1713
1702
1797
1805
1857
1843
1699
1658
1523
1266
1040
840
718
673
534
406
326
148
-64
-196
-334
-332
-323
-359
-343
-300
-285
-286
-404
-566
-719
-925
-1106
-1242
-1409
-1523
-1661
-1854
-2037
-2211
-2305
-2282
-2128
-1762
-1438
-1198
-1099
-1166
-900
-673
-409
180
495
657
970
947
1226
1656
1674
1795
2224
2180
2378
2550
2313
2419
2253
1801
1742
1505
1305
1273
928
717
465
78
-67
-176
-266
-234
-311
-403
-418
-485
-497
-457
-583
-727
-859
-1054
-1104
-1160
-1393
-1429
-1494
-1778
-1846
-2076
-2256
-2236
-2463
-2501
-2286
-2164
-1789
-1500
-1506
-1375
-1316
-1116
-801
-361
209
568
842
1101
1240
1607
1914
1987
2252
2549
2611
2834
2835
2694
2716
2425
2105
1963
1676
1615
1434
1172
1049
811
529
303
54
-40
-138
-230
-254
-314
-347
-365
-559
-746
-943
-1182
-1373
-1503
-1700
-1887
-1961
-2224
-2415
-2579
-2807
-2845
-2929
-2987
-2617
-2205
-1897
-1557
-1528
-1390
-1010
-812
-315
400
854
1349
1696
1857
2259
2600
2718
3053
3373
3445
3718
3702
3636
3677
3349
2989
2757
2303
2107
1895
1546
1403
1109
653
379
59
-254
-412
-570
-731
-860
-1065
-1306
-1541
-1845
-2186
-2468
-2813
-3038
-3219
-3483
-3672
-3912
-4284
-4473
-4663
-4735
-4627
-4483
-4031
-3486
-3114
-2762
-2501
-2062
-1398
-773
74
926
1561
2198
2675
3176
3868
4259
4617
5189
5490
5815
6051
5945
5987
5791
5310
4982
4515
4069
3701
3166
2646
2144
1538
1012
441
-112
-595
-1012
-1386
-1729
-1963
-2246
-2498
-2850
-3252
-3615
-3915
-4195
-4417
-4621
-4722
-4917
-5179
-5355
-5574
-5621
-5562
-5577
-5191
-4581
-4097
-3464
-3042
-2721
-2009
-1395
-646
403
1272
2069
2927
3431
4099
4812
5227
5713
6243
6466
6805
6960
6826
6810
6432
5887
5497
4843
4286
3769
3017
2401
1746
1000
428
-161
-877
-1393
-1993
-2572
-2888
-3245
-3550
-3734
-4138
-4577
-4910
-5318
-5569
-5672
-5864
-5900
-6022
-6238
-6310
-6351
-6294
-6050
-5798
-5231
-4447
-3768
-3038
-2531
-1880
-1051
-307
751
1886
2778
3728
4421
5051
5918
6534
7057
7687
8087
8403
8651
8549
8430
8206
7587
6982
6364
5629
5009
4155
3202
2343
1415
571
-139
-993
-1816
-2581
-3327
-3956
-4382
-4803
-5115
-5428
-5986
-6501
-6786
-7107
-7174
-7212
-7321
-7245
-7217
-7358
-7305
-7170
-7007
-6565
-6032
-5298
-4364
-3585
-2965
-2257
-1452
-592
391
1491
2581
3572
4439
5138
5916
6670
7210
7830
8425
8776
9122
9170
9090
9001
8503
7922
7331
6580
6008
5253
4347
3482
2486
1553
702
-230
-1108
-2012
-2856
-3537
-4134
-4587
-5032
-5530
-6038
-6682
-7167
-7413
-7706
-7862
-7899
-8028
-8018
-8010
-8172
-7948
-7603
-7361
-6699
-5909
-5049
-3966
-3343
-2669
-1612
-811
222
1513
2493
3647
4620
5293
6219
6996
7585
8283
8879
9305
9697
9837
9694
9608
9213
8579
8051
7293
6606
5921
4967
4050
3064
1985
1100
140
-878
-1799
-2737
-3519
-4137
-4741
-5250
-5777
-6381
-7083
-7639
-7966
-8281
-8468
-8618
-8769
-8786
-8889
-8992
-8820
-8581
-8241
-7653
-6906
-5965
-4949
-4220
-3419
-2435
-1472
-331
912
2129
3320
4349
5148
6021
6887
7607
8297
8983
9478
9879
10100
10019
9968
9638
9034
8505
7749
6996
6351
5435
4554
3653
2627
1748
818
-219
-1210
-2177
-3003
-3714
-4306
-4828
-5420
-5981
-6687
-7327
-7687
-8015
-8216
-8383
-8575
-8612
-8701
-8804
-8646
-8433
-8130
-7516
-6773
-5761
-4650
-3814
-2995
-2043
-1152
-19
1262
2467
3733
4748
5585
6492
7292
7991
8662
9243
9779
10181
10372
10356
10291
9944
9356
8724
7895
7084
6304
5289
4359
3349
2194
1209
147
-999
-2061
-3103
-4043
-4770
-5387
-6001
-6583
-7190
-7935
-8462
-8914
-9324
-9425
-9570
-9681
-9563
-9698
-9702
-9412
-9263
-8754
-8049
-7327
-6016
-4930
-4042
-2915
-2008
-929
373
1555
2981
4268
5287
6278
7126
8021
8808
9346
10009
10517
10818
11045
10919
10748
10354
9671
9017
8198
7388
6607
5581
4628
3526
2412
1462
301
-764
-1850
-2945
-3786
-4614
-5276
-5808
-6482
-7060
-7776
-8371
-8719
-9134
-9324
-9500
-9651
-9582
-9676
-9723
-9437
-9272
-8829
-8072
-7311
-6085
-4899
-4048
-3024
-2000
-945
340
1644
3007
4367
5435
6320
7200
8100
8883
9533
10162
10686
11059
11262
11159
11011
10653
9963
9223
8358
7495
6683
5655
4641
3562
2367
1272
103
-1079
-2192
-3237
-4189
-4949
-5627
-6250
-6873
-7568
-8313
-8857
-9303
-9700
-9847
-10051
-10177
-10121
-10324
-10372
-10132
-10081
-9590
-8859
-8094
-6730
-5538
-4681
-3567
-2596
-1487
-63
1223
2710
4124
5198
6258
7205
8127
9020
9696
10415
11064
11483
11750
11732
11639
11312
10661
9976
9136
8312
7499
6441
5440
4301
3093
1987
760
-444
-1586
-2749
-3745
-4608
-5331
-5976
-6664
-7327
-8096
-8686
-9106
-9549
-9784
-9994
-10138
-10063
-10238
-10298
-10049
-9902
-9463
-8788
-7986
-6668
-5461
-4541
-3518
-2513
-1353
-7
1315
2772
4150
5238
6237
7170
8172
9082
9780
10499
11120
11509
11735
11717
11596
11239
10610
9860
8991
8135
7233
6172
5155
3965
2726
1548
277
-961
-2183
-3348
-4339
-5173
-5877
-6532
-7174
-7827
-8580
-9136
-9613
-10030
-10188
-10405
-10507
-10427
-10580
-10564
-10333
-10234
-9762
-9106
-8251
-6879
-5742
-4788
-3741
-2764
-1547
-175
1139
2665
3955
5048
6159
7110
8096
8997
9675
10499
11148
11533
11876
11900
11871
11575
10907
10231
9462
8666
7813
6761
5737
4601
3416
2220
917
-330
-1558
-2767
-3785
-4667
-5449
-6144
-6875
-7624
-8374
-8993
-9556
-9961
-10171
-10413
-10538
-10582
-10798
-10722
-10565
-10455
-9916
-9315
-8363
-6934
-5838
-4815
-3745
-2781
-1505
-160
1196
2781
4054
5159
6210
7152
8218
9122
9837
10684
11331
11754
12020
12030
11991
11696
11040
10292
9516
8765
7906
6845
5794
4615
3418
2205
874
-352
-1598
-2818
-3872
-4830
-5578
-6270
-6990
-7685
-8505
-9142
-9653
-10089
-10305
-10534
-10624
-10605
-10782
-10794
-10584
-10408
-9885
-9161
-8181
-6864
-5733
-4812
-3771
-2680
-1477
-69
1375
2890
4237
5276
6267
7270
8303
9143
9847
10605
11269
11751
12026
12040
11975
11561
10898
10177
9378
8660
7812
6777
5758
4618
3368
2124
802
-475
-1708
-2904
-3951
-4847
-5647
-6361
-7091
-7844
-8693
-9322
-9886
-10334
-10525
-10776
-10861
-10828
-11001
-10977
-10744
-10575
-10028
-9264
-8306
-6983
-5806
-4871
-3778
-2645
-1453
-5
1463
2958
4299
5372
6343
7378
8356
9154
9920
10686
11307
11766
11950
11897
11821
11318
10657
9908
9042
8311
7441
6381
5414
4234
2929
1709
402
-821
-2004
-3145
-4174
-5011
-5725
-6459
-7119
-7816
-8633
-9205
-9730
-10180
-10320
-10556
-10696
-10662
-10858
-10832
-10594
-10418
-9814
-8918
-7852
-6453
-5299
-4370
-3235
-2113
-860
640
2099
3571
4933
5954
6902
7913
8822
9629
10374
11116
11774
12241
12442
12388
12264
11710
10994
10247
9416
8694
7815
6775
5737
4487
3196
1983
630
-596
-1832
-3090
-4124
-5045
-5811
-6515
-7252
-7997
-8822
-9536
-10087
-10575
-10822
-11026
-11196
-11230
-11315
-11286
-11039
-10772
-10260
-9375
-8247
-7000
-5819
-4879
-3779
-2487
-1234
217
1746
3189
4527
5616
6552
7624
8614
9410
10219
10983
11595
12083
12227
12144
11987
11441
10681
9912
9041
8240
7333
6221
5151
3962
2632
1394
101
-1124
-2339
-3551
-4594
-5472
-6174
-6821
-7491
-8160
-8920
-9581
-10065
-10544
-10778
-10884
-10983
-11015
-11091
-11096
-10856
-10609
-10126
-9223
-8035
-6691
-5429
-4450
-3342
-2015
-736
701
2199
3596
4961
5998
6908
7973
8931
9748
10522
11213
11885
12348
12504
12490
12327
11828
11097
10291
9430
8650
7785
6716
5650
4459
3135
1890
517
-800
-1982
-3221
-4262
-5122
-5854
-6508
-7183
-7945
-8711
-9445
-10034
-10447
-10758
-10956
-11065
-11146
-11232
-11192
-11038
-10779
-10240
-9331
-8055
-6682
-5531
-4522
-3389
-2110
-764
714
2257
3757
5049
6034
6995
8027
8940
9698
10401
11121
11713
12127
12239
12189
11968
11333
10546
9700
8810
8015
7081
6034
4987
3731
2397
1084
-286
-1539
-2758
-3942
-4896
-5713
-6405
-6972
-7616
-8312
-8993
-9649
-10207
-10588
-10851
-10999
-11048
-11148
-11200
-11076
-10856
-10484
-9747
-8692
-7339
-6003
-4919
-3885
-2637
-1297
127
1697
3248
4725
5950
6862
7774
8756
9534
10230
10929
11592
12174
12520
12541
12429
12061
11265
10367
9442
8521
7670
6648
5547
4450
3131
1770
381
-1029
-2250
-3504
-4675
-5563
-6321
-6956
-7455
-8067
-8800
-9451
-10059
-10582
-10922
-11143
-11236
-11194
-11259
-11301
-11079
-10828
-10398
-9581
-8489
-7110
-5752
-4680
-3553
-2165
-808
714
2334
3845
5320
6475
7367
8379
9305
10025
10750
11389
12002
12539
12707
12660
12515
11925
11041
10147
9080
8151
7217
6102
5051
3871
2489
1153
-287
-1711
-2949
-4223
-5322
-6123
-6828
-7400
-7883
-8486
-9138
-9806
-10368
-10807
-11092
-11301
-11353
-11328
-11379
-11323
-11102
-10783
-10245
-9311
-8035
-6568
-5245
-4097
-2882
-1453
-27
1506
3181
4752
6193
7290
8177
9195
10088
10747
11360
11916
12476
12897
12936
12790
12538
11804
10868
9856
8776
7850
6871
5735
4638
3431
2139
805
-643
-2030
-3202
-4461
-5461
-6229
-6897
-6867
-7182
-8052
-9310
-9652
-10064
-10401
-10847
-11698
-12611
-12958
-12894
-13472
-13578
-13216
-12041
-9996
-7428
-4646
-2700
-356
1779
3920
6005
8016
10027
11305
12632
12708
12334
11933
11994
11496
10603
10241
10188
9360
8273
7330
6356
4797
3877
3132
2518
2511
2894
2592
1728
984
438
-497
-1347
-1450
-1922
-2609
-3502
-4451
-6145
-7529
-8833
-10115
-11539
-11889
-11892
-11783
-11685
-11231
-11271
-11581
-11797
-11854
-11533
-10024
-7912
-4309
141
3853
6821
8174
10038
10865
12804
12949
13824
14059
13992
12084
9100
6576
4416
3361
2468
2375
3300
4405
3711
2311
1079
196
-169
723
2019
4388
6194
6737
4837
2663
313
-936
-2203
-2064
-1669
-2110
-3461
-6349
-9485
-12320
-13618
-14030
-13096
-11391
-9349
-8281
-8433
-9309
-10635
-11673
-12139
-11393
-9727
-6524
-3563
1581
5405
8172
9216
9802
11169
12462
14933
14056
13897
11517
8795
3229
-425
-2045
-1230
1000
2775
4087
4975
4734
2002
-183
60
1828
4867
7593
9407
9695
7791
4050
-562
-2387
-2312
-777
-332
156
-1986
-5643
-10055
-13929
-14728
-13156
-9546
-6975
-5130
-5114
-6200
-8518
-10415
-11217
-10807
-9780
-9003
-8255
-6820
-5803
-443
3848
7792
10276
12029
13556
14436
15818
12525
11298
8108
5515
75
-1689
-2383
-485
1953
2704
3002
3611
3391
578
-81
1506
3882
6587
8244
8597
7715
6049
2170
-1472
-1745
-958
608
-79
-183
-4332
-7746
-11850
-14004
-13478
-10678
-7857
-6584
-5845
-7323
-8277
-10099
-10020
-10590
-10154
-10786
-11360
-11845
-9984
-8044
480
6458
11261
13319
13652
13676
14088
14907
11360
11338
8302
5195
-1052
-3095
-4033
-1010
2283
3634
5001
6309
5461
1947
1125
2596
5076
8098
9417
9700
8632
6450
1860
-1564
-1579
-843
901
-45
-366
-4979
-8210
-12643
-14385
-13489
-10146
-7723
-6517
-5676
-7310
-8005
-9622
-9897
-10632
-10772
-12378
-13408
-13200
-10811
-7506
2835
8362
12920
14193
13711
12960
14546
14113
10554
9962
5384
1028
-4774
-6333
-6192
170
3908
5407
6582
6943
4782
1913
1782
3975
7755
10734
11052
10247
8156
5172
960
-1051
-695
914
2275
707
-1632
-6788
-10173
-13911
-14773
-13206
-8839
-6667
-5682
-6087
-7672
-8341
-9369
-9695
-10526
-10717
-13169
-13758
-13791
-11108
-6395
5980
11071
14719
16076
13942
13767
15128
13247
8960
9152
2557
-2496
-6890
-8260
-6570
1945
4807
6100
8127
7451
4643
2928
3223
5475
10046
11680
10700
10160
7955
4117
636
-357
-951
856
1485
-1282
-3475
-8660
-11599
-14111
-14406
-12973
-7927
-6860
-5399
-6263
-6834
-6662
-6577
-8401
-8875
-10933
-13232
-14497
-13041
-9446
-2500
11829
13438
17153
15410
12868
12036
14554
9663
6588
6425
-2341
-7691
-9441
-10797
-5827
4500
5825
7516
9639
7444
3859
3474
3230
6012
10725
11296
9395
9282
7102
2377
-36
-782
-1962
474
-39
-2518
-5136
-8500
-12324
-13780
-13875
-11137
-7071
-5601
-5226
-5806
-6257
-6336
-7186
-9464
-10216
-12098
-14340
-14583
-12050
-9278
2752
14939
14844
18160
14315
10576
12921
13051
5988
5885
3870
-6181
-8378
-10598
-11211
-715
7396
6852
9531
11483
7077
5040
3908
3277
7225
10949
9752
7893
9089
5902
2317
359
-1204
-1642
584
51
-3714
-4755
-8570
-11221
-12094
-12317
-8641
-4868
-3435
-4100
-4287
-4916
-4863
-6343
-8803
-10303
-12960
-14554
-15325
-11201
-7766
7598
17451
15419
18190
11982
9135
11798
10337
2483
4406
181
-10781
-10078
-13011
-10322
1547
8843
7424
10907
11830
5959
5004
1998
2439
5064
9121
7090
6677
8951
4881
2676
-934
-1949
-2258
765
-184
-2627
-2857
-7656
-8777
-11105
-10204
-6831
-1874
-1063
-1736
-1755
-3337
-3953
-6821
-9929
-12198
-14432
-14839
-13888
-10354
-4893
12993
16070
15055
16622
7665
8869
11403
6374
-936
3535
-5887
-12273
-10339
-13807
-5935
5338
10097
7713
13382
10352
5918
4085
323
1149
3109
7749
4581
8158
8636
6204
2718
-1384
-3283
-2112
2518
-300
538
-2689
-6214
-8305
-11187
-9476
-5069
-555
7
-132
-2254
-3800
-6100
-9559
-11987
-14091
-14532
-14415
-12433
-8921
-120
17048
15046
16153
14487
7040
10083
9719
1330
-3806
730
-11119
-11096
-11328
-11075
-1412
7597
9004
7510
14846
9232
7423
2514
-253
-1348
2322
6022
4865
11293
10410
8771
1921
-2097
-5810
-1093
4326
740
3128
-2317
-6656
-10098
-12257
-10114
-1534
2055
1809
1807
-3206
-4991
-8462
-12433
-13784
-14313
-13515
-12901
-9952
-7936
7979
19283
13360
18081
9147
6860
10351
7055
-4856
-2379
-4363
-15323
-9749
-14888
-7843
2265
11504
8415
12435
13982
8238
6278
-625
-1239
-2263
6186
6021
8962
11387
10125
7237
-281
-3204
-6390
3065
4882
1798
1267
-4765
-8632
-11210
-11766
-7970
2786
3729
2703
433
-5129
-7508
-11067
-14014
-14838
-14372
-13676
-11742
-8988
-3782
13703
18927
14622
16845
6318
7299
8735
2833
-7414
-3540
-9535
-15757
-10642
-14286
-4129
5341
12667
9556
13868
11652
6545
3050
-2234
-3027
-2248
6254
6761
9676
9865
8788
4742
-434
-3741
-4568
5415
5014
2165
-313
-6512
-8727
-9585
-9091
-3035
6377
5483
3717
-830
-6753
-9300
-11885
-13981
-13749
-12510
-12039
-10227
-7265
-205
17884
16912
16551
15080
4490
6995
6100
-892
-9228
-3055
-13788
-11955
-11318
-11570
-1828
7710
12643
9256
14307
8033
6218
152
-2365
-5071
-1445
6407
7513
10444
9311
9134
4193
984
-4758
-2878
6615
2650
2233
-3547
-7135
-7767
-8006
-7451
894
7146
5727
4246
-2999
-6822
-10439
-12828
-15296
-14221
-13626
-12111
-8661
-5399
9910
20631
15738
18304
7847
2604
5064
2330
-6929
-6350
-7630
-15932
-10072
-13478
-7884
868
11793
12049
13144
11559
5960
2420
-2289
-4051
-6241
2018
7958
10686
10391
9413
6446
2230
-536
-6600
1311
6465
3409
2067
-5128
-7524
-7491
-6403
-4229
6235
7981
7253
3284
-4497
-9100
-12485
-14500
-15236
-13355
-13543
-10484
-6787
-1205
17588
18527
15910
16443
3247
2868
3752
-1053
-9454
-3834
-12931
-14127
-9903
-11183
-3006
6013
14035
12189
14286
8023
3789
-1850
-2926
-5803
-5164
3741
8400
10876
9072
8063
3177
874
-2460
-6228
3461
5262
2926
867
-5341
-7701
-5745
-3896
-443
9742
7409
5936
1234
-6531
-11246
-13332
-15208
-14662
-12008
-13123
-8917
-5169
6666
21358
16194
17349
10926
1706
3281
1435
-5568
-7314
-4722
-15112
-11104
-10949
-7986
430
9225
12676
12427
11720
4599
175
-4773
-4682
-7763
-2697
5485
9677
10809
9195
6594
1445
13
-5257
-3258
5314
3636
3528
-1391
-5359
-6287
-3734
-2590
5259
10157
6958
5218
-2198
-7502
-12314
-13896
-15366
-12824
-11424
-10901
-6062
-959
16840
20206
14505
15701
3691
1449
1789
-1538
-8826
-3442
-9456
-14675
-10007
-10953
-4032
3733
11993
11637
12932
7278
1469
-4505
-6029
-6166
-7020
2324
9011
12105
10915
8856
3965
-21
-1665
-6936
1615
5391
3745
2418
-3050
-5355
-5005
-2213
-169
10239
9077
7094
2254
-4810
-9953
-13715
-15224
-15022
-11003
-10518
-7720
-4282
8062
22590
16946
15894
10425
401
2372
415
-7082
-7314
-4784
-15803
-13388
-11710
-8811
-506
7870
11439
11903
10025
2144
-3189
-7355
-5985
-7654
-2981
6696
11582
12289
9914
6591
1279
-286
-4933
-4687
4597
3362
2621
-910
-4661
-5275
-2558
-1177
5478
12242
7961
5797
-1030
-6499
-11063
-13587
-14291
-11683
-9038
-8178
-4146
2374
19762
19720
13776
13157
1789
775
935
-4103
-8498
-2294
-10776
-14866
-10716
-9808
-2943
4938
10841
11423
12012
3906
-2243
-7113
-7237
-7508
-6441
3302
10103
12098
9491
6628
2071
-1691
-3630
-7406
1148
4552
2717
535
-3642
-5338
-4060
-845
2116
11593
10990
7666
2474
-4511
-9314
-13068
-14766
-12609
-9777
-7913
-4380
-1182
14584
23124
13480
13898
5412
-601
1594
-1032
-8668
-3724
-5539
-16178
-12267
-10352
-4868
2684
10373
11300
12542
6584
-1849
-7796
-8818
-7458
-8465
-774
7982
12018
9717
6443
2331
-1545
-2803
-6698
-3081
4762
3886
1468
-1788
-4793
-4411
-735
1418
8803
13850
9213
5379
-1965
-8330
-11881
-14417
-13597
-9626
-8379
-5264
-2653
4857
21706
18943
13731
11900
1797
243
1517
-5209
-7861
-1848
-11404
-14402
-10239
-7537
-1161
6723
10597
11140
10111
1531
-5227
-9315
-7802
-8450
-5926
3085
9397
11003
7534
4354
-393
-2593
-4721
-6648
838
3741
3029
-387
-3432
-4972
-2853
601
4647
11916
11667
7864
1149
-5480
-10692
-13678
-14632
-11352
-8644
-6787
-2744
-466
13792
24200
15302
14685
7496
-119
1449
-92
-8309
-3881
-4279
-14739
-11370
-9201
-4091
2746
9706
10257
11363
5952
-2712
-8207
-9225
-7032
-8003
-1463
6860
10940
9643
5585
1588
-2614
-3045
-6935
-3072
2823
2702
1136
-3556
-4682
-5103
-771
2566
9554
12286
9911
4291
-2983
-8443
-12712
-14622
-13038
-9840
-8087
-4336
-1859
7158
23018
18224
13953
10888
1017
812
983
-5268
-6743
-520
-11374
-12401
-9411
-5764
667
7732
10738
10461
9139
-420
-7025
-10392
-7219
-7971
-4701
4809
10192
10998
6749
2187
-2132
-3781
-5884
-6875
1770
2517
2156
-1209
-4543
-4799
-2629
1116
6526
12728
9980
7329
-734
-6626
-10922
-13867
-14139
-9155
-8361
-6250
-2503
-263
16809
22429
14620
14731
5834
243
1799
-1664
-8008
-1451
-5194
-13494
-9240
-8189
-2359
3882
9441
9505
10742
4088
-3881
-9013
-8347
-6437
-7827
398
7722
11187
9242
4492
29
-3247
-4822
-8525
-2999
2417
1413
1040
-3192
-4540
-4082
-678
2895
10578
11026
7971
3687
-4038
-8247
-12097
-13860
-11441
-7440
-7781
-4128
-1149
8596
23957
17269
14301
10157
724
1180
759
-5591
-4691
-71
-11905
-10576
-8992
-5769
950
7543
9299
9898
7920
-1817
-6701
-9998
-6348
-7772
-3428
6087
9977
11073
6070
1436
-2715
-4584
-8043
-6793
1426
1279
1249
-1591
-5037
-4890
-2863
419
7344
12078
8342
5919
-1457
-7707
-10891
-14019
-12847
-7748
-6529
-6636
-1399
325
17056
22265
12855
14337
5167
958
2002
-618
-7171
-31
-5535
-13113
-8485
-7933
-2134
4605
9680
8950
10461
2648
-3781
-7966
-7750
-5558
-6235
2587
8530
11152
8826
4180
-349
-3846
-5532
-8648
-2002
1651
852
-449
-3712
-5338
-4360
-1011
3239
10463
10239
6228
1653
-5595
-10104
-12904
-13488
-10145
-6063
-7030
-5020
-1025
4941
22621
16831
12725
11992
1439
1589
1829
-3716
-5237
1306
-11062
-10458
-7531
-6418
578
7114
8790
8650
8007
-1306
-4498
-7690
-5250
-5631
-2539
6502
9513
10652
6885
2839
-1762
-3830
-7247
-6953
1555
223
102
-1691
-5320
-5293
-2502
138
7019
11672
7086
5228
-2379
-8380
-11326
-13819
-12017
-7315
-6335
-6645
-2244
-1446
14390
23322
12393
15303
6446
340
2762
-68
-7454
-4
-3815
-13258
-7286
-8550
-3344
3453
8549
6944
9489
3185
-2968
-5831
-6340
-3891
-5185
2864
8209
10340
9136
4729
672
-2828
-4699
-9074
-1902
1310
-1144
-875
-4899
-5415
-3916
-1020
2588
10896
8807
6002
1262
-6885
-9085
-12744
-12960
-8636
-6048
-7495
-4815
-3026
1325
20867
18645
12394
14298
1815
507
2451
-3515
-6328
1598
-8865
-10385
-6676
-7360
-1206
5554
7666
7062
8524
537
-2576
-5744
-3849
-4306
-2195
5672
8586
10543
7399
3493
-924
-2906
-7058
-7556
6
197
-443
-1735
-4299
-5219
-1993
311
5479
10735
6856
4266
-2393
-8176
-10519
-12630
-10469
-6808
-6130
-7132
-4346
-5041
6516
23848
13353
13824
9652
-1036
2858
1927
-6649
-2666
980
-12281
-7042
-7268
-5760
1508
7341
6058
8452
6538
-1362
-2362
-4233
-2091
-4093
1262
7075
9475
9548
5025
2035
-1511
-3113
-8574
-4247
1601
-767
-115
-3688
-4703
-3615
-65
1528
9035
8758
5264
1787
-6993
-9443
-12040
-12435
-7658
-6029
-7372
-6205
-6621
-5973
8146
23216
13784
16206
8678
-1173
3240
828
-6321
-2125
35
-12270
-6202
-8013
-6698
827
6217
5343
7967
7195
-356
-1697
-2912
-2441
-3434
1330
6378
9594
9810
5008
1075
-1757
-4523
-8826
-3689
434
-399
57
-3505
-4365
-2746
-1
2096
8533
7451
4445
-711
-7788
-9529
-11574
-10416
-6643
-6568
-6062
-6737
-6867
-6018
13714
21622
11524
16628
3989
628
4844
843
-6789
3006
-2886
-12131
-4141
-9614
-5468
2206
6021
3931
10204
5014
-821
187
-1558
-1850
-2609
2999
6638
9992
7859
3112
738
-1686
-5689
-8684
-899
271
467
-979
-4244
-3684
-1579
111
2662
8770
5781
2812
-4019
-8741
-10256
-11108
-8381
-6017
-6308
-5921
-8220
-8378
-5470
15349
20430
12679
17289
2905
1782
4805
242
-6494
4576
-5129
-11471
-2947
-11336
-5868
1619
4857
3221
11332
3875
-55
2574
-1076
-1939
-2331
3238
6416
10093
6729
1979
994
-2412
-7294
-8347
545
682
821
-854
-5086
-2457
-886
-152
3449
9574
4306
1212
-5346
-9187
-9873
-9151
-7336
-5446
-5540
-8024
-10540
-11192
-4463
15979
20607
14449
17125
2583
1783
4927
-658
-5106
4962
-7133
-9412
-3250
-13513
-6557
1438
4141
4071
12587
3234
2564
4212
-1476
-2491
-2167
3808
7112
10414
5637
1876
1578
-3518
-8626
-6662
1733
1172
2079
-1346
-4693
-247
-1312
-1197
4858
8032
3176
546
-6821
-8693
-8432
-8115
-6500
-4164
-6376
-8986
-12443
-12346
-4640
14153
21193
15440
16713
2457
1870
4830
674
-2876
4408
-5972
-8134
-4697
-15856
-8942
-3
3609
5061
12222
4012
4892
5023
-2233
-3981
-2245
3981
6659
10170
4809
2136
1867
-5233
-9512
-5454
1902
2239
4302
-1338
-2770
294
-4631
-1873
4742
6244
3675
-473
-6727
-6525
-7735
-7241
-4760
-3325
-5618
-8728
-13134
-10131
-6202
10689
21947
13550
16154
2361
1509
5421
3348
-3221
3596
-3168
-8773
-4753
-17557
-9767
-666
3894
4038
11749
5585
5806
6128
-2851
-3589
-1542
4619
5796
10020
4138
2235
1957
-6357
-8664
-4309
3587
3594
5514
-234
-2079
228
-6242
-2629
3745
4979
2173
-257
-6392
-5971
-6122
-7450
-3984
-2918
-6892
-10703
-13143
-12408
-8336
9700
22044
13858
15043
2613
-118
7614
4321
-3137
4213
-1753
-9943
-6016
-19717
-12282
718
4229
4327
11896
7567
5679
6584
-4210
-3518
260
4838
5829
9137
3853
1510
1096
-7648
-7982
-2107
4916
5141
5907
-226
-1694
-587
-7844
-1694
4292
4603
2550
-577
-5763
-4696
-5552
-6860
-1690
-2481
-7237
-10243
-12438
-13019
-10444
2856
22812
15191
13719
5657
-1819
7058
5686
-2491
3293
4936
-11163
-5859
-17702
-16687
-729
3433
3214
11294
11811
3760
7812
-3812
-4248
456
3322
5091
8584
5988
99
1212
-6946
-7610
-2344
4665
6484
7028
1642
-2592
-2088
-8181
-3198
1892
3974
3040
614
-3872
-4569
-5043
-6676
-1243
-2699
-7373
-9936
-11006
-14101
-11948
-3761
19380
18542
11762
9034
-1234
6300
7016
859
1499
8505
-9938
-8636
-13854
-20791
-2699
2944
4405
9488
13735
2977
7207
-823
-5341
1271
2662
5750
6989
7495
-1180
558
-4485
-7315
-1620
4837
8825
7438
2922
-5115
-4264
-7068
-4414
363
3830
4343
1062
-1944
-5392
-4100
-4991
-336
-2771
-6392
-8382
-10466
-13976
-13060
-7079
7342
22524
10791
9542
5137
664
5472
5784
960
6033
-387
-13691
-8685
-18668
-11986
855
6056
7405
11823
7790
2757
4835
-5294
-1560
2414
5328
5522
7291
1926
-2102
-248
-6741
-2521
4021
8522
6894
4815
-4944
-6836
-3932
-7778
-1501
2741
3949
2836
-589
-4750
-2924
-2855
-1980
-1843
-5967
-6224
-9465
-12502
-14432
-9071
-4311
15859
16736
7066
11950
504
1247
8949
5924
1779
6446
-9255
-12510
-10124
-19659
-5823
7894
7705
7729
12139
2129
4100
533
-6159
2155
5353
5520
4974
5568
-2861
-50
-2460
-4792
4134
7152
7853
4054
-1812
-9982
-4048
-6432
-5820
3915
3428
3809
1269
-2802
-3924
-383
-3389
-1986
-1989
-6265
-6426
-10914
-12371
-12482
-9383
-184
17492
12474
10219
8142
-3231
6579
10251
3988
3554
2709
-12695
-8490
-13944
-18026
5271
8502
5957
9424
7642
20
3248
-3115
-4198
6829
4252
4665
5849
2203
-2667
1126
-1472
918
7533
6235
5156
-1544
-6224
-9827
-4328
-5253
-1211
5687
1671
2494
444
-4229
-2231
-828
-4640
-389
-3874
-7177
-6085
-11037
-14095
-13895
-9203
-486
18609
12870
8680
6150
-1853
6918
10706
4168
3197
2505
-11854
-9822
-13106
-12079
5732
8435
5447
7625
5158
-3453
2377
-2130
-1583
7499
4220
6008
5583
1461
-1466
4485
2189
2474
6805
3064
1461
-4556
-8835
-8886
-1683
-2111
70
2398
113
2534
-1788
-3175
-2307
-81
-2004
-2156
-3559
-6227
-5317
-12531
-14832
-13415
-10024
-2830
16972
14298
7566
8069
-2673
5677
13167
4802
3824
4600
-11639
-8275
-7869
-13938
4169
9766
3422
5261
1809
-4716
3126
549
-2318
7371
6538
4940
5230
3052
1343
6899
4366
96
4275
139
-2168
-5649
-8074
-6874
-268
-940
-3437
1767
-169
531
-537
-2611
-25
1988
-1310
-1694
-1588
-6466
-8411
-12299
-13605
-13200
-10113
-5651
12338
16850
5790
7462
1034
3763
12986
10086
2046
5468
-5336
-9632
-2947
-11270
-1696
10445
3096
-1316
1717
-4323
744
5194
-1834
6045
9615
3522
6047
7077
2221
6634
5037
-2273
362
-2718
-5356
-3501
-6575
-5466
-1403
-1468
-4494
-1804
-1158
-126
1125
-385
1273
2897
513
-2569
-3707
-9126
-10265
-10032
-12204
-13425
-11959
-7499
7086
15034
6422
7212
3442
2587
12700
12038
4746
6549
-1271
-6229
-755
-10081
-5363
7832
1086
-3131
-522
-2618
1846
7120
444
4965
9981
4659
7333
8043
3854
5144
4641
-3524
-4397
-3134
-4221
-610
-3788
-7007
-2198
-2779
-7891
-4116
255
1092
3802
1673
2257
4314
-1052
-5756
-5655
-9381
-9171
-8039
-11268
-13703
-13019
-9819
1171
14575
7810
7486
6891
2090
10618
15750
6564
7299
4644
-3775
-767
-7298
-10526
2919
2905
-6924
187
-92
507
7825
2738
3042
10131
7155
5304
10148
2245
2337
4800
-4419
-4985
-2049
-1735
-510
-3653
-8955
-3939
-5587
-7249
-3243
1054
2834
3877
3528
3089
1795
-3929
-6323
-7177
-8150
-8351
-6554
-9100
-13789
-15929
-11110
-6142
9715
13615
8760
10220
2642
5386
18072
13980
6273
10874
-737
-3015
-4245
-15129
-4973
4449
-4468
-3023
3732
-1319
7235
7922
1057
7963
9136
5654
6851
5714
-745
4645
-437
-6546
-1210
-699
-1656
-3838
-8751
-9778
-4362
-5831
-2860
1757
3342
5235
4777
545
-2844
-3929
-5711
-5138
-7230
-7231
-4792
-9193
-13297
-16447
-13742
-9079
1190
15370
13647
11464
4611
3950
13391
18464
10129
9638
7439
-4694
-5143
-12549
-12331
31
1447
-2268
3807
3730
1534
10093
4705
1828
8453
6056
5661
7099
426
431
4492
-3767
-5405
-1301
-3097
-5104
-7083
-10990
-5805
-1156
-2580
1113
4813
3417
1971
-2101
-4924
-4049
-2409
-2726
-5909
-6099
-8256
-8260
-12602
-16021
-13504
-8380
-3295
12338
16688
10648
8854
2890
7405
18411
16611
9076
9698
-3336
-8229
-8260
-15375
-6261
5270
4661
3373
4286
448
5774
7297
-1561
4088
9622
6599
4070
2172
55
2893
-1714
-8982
-3542
-2903
-4646
-6679
-6415
-5969
-1744
-272
-364
3026
574
-1052
-1244
-3727
-3342
-493
-2042
-5519
-8135
-8577
-9224
-11423
-12502
-10553
-6746
-3602
-1474
15114
16452
9880
6756
4108
10608
20785
14296
4589
5137
-8250
-9351
-7455
-10626
2416
14100
3774
1008
3164
-2751
5607
6177
538
8021
9197
1620
2812
1753
-4582
271
-2332
-7066
-2375
-3405
-4042
-1299
-5522
-6513
2050
-489
-2609
-608
-1783
-921
-540
-4835
-2899
-12
-5352
-8363
-8556
-11359
-9407
-8404
-8822
-5953
-4438
-2780
4442
16168
9639
9476
8658
5368
12804
18721
8009
2342
-1567
-12992
-2612
-897
-3740
9733
11356
-1866
-542
-1343
-2158
10916
4885
806
7969
3236
-2209
929
-2988
-4275
3872
-4413
-5460
416
-3402
-2268
-1763
-7133
-3798
470
-4181
-1969
354
-964
-1570
-2816
-4396
-2760
-3706
-8738
-9182
-9920
-8998
-5665
-4607
-3115
-3861
-3600
-3550
2569
16434
13129
11230
7274
2777
11159
14986
3436
-394
518
-3868
3651
1418
-1060
8201
6016
-3960
33
1165
933
9553
4441
-448
1751
-2304
-3083
2415
-846
-2302
3995
-1899
-4505
-1215
-3086
-2431
-1832
-6243
-4404
46
-3226
-699
-155
-2821
-2174
-3022
-5412
-4731
-6417
-9071
-7769
-7772
-5242
-1022
629
-2853
-5364
-6366
-3271
1898
15128
15548
9603
5220
-3178
2498
12959
10424
4821
6843
-167
1922
4587
-3681
3236
8563
-547
-766
1113
-2062
5222
4672
-6015
-2562
168
-1898
2742
3050
-1548
3476
587
-7344
-3356
-3300
-2632
-193
-4470
-6043
-495
-2154
-2715
347
-4064
-3837
-3681
-8151
-6475
-5337
-5846
-3351
-2981
-3069
-1414
-37
-3884
-3391
-3937
-2142
1579
9096
13999
5601
1767
-2949
1887
15316
18269
9524
6295
1682
-1366
6586
1576
-454
8496
2936
-3228
-1529
-5264
-2306
6414
-1871
-4962
1105
-828
2714
5371
-1476
-1055
213
-7246
-5317
-1323
-1397
752
-1341
-6630
-5464
-2081
-3477
-1480
-4179
-7557
-5502
-5775
-5398
-3544
-820
-1627
-3295
-3567
-2163
510
-902
-1683
-3573
-2608
-2597
1134
11269
6559
3407
743
3069
13324
19222
10753
5307
4714
-1326
6102
4849
-1622
4071
3052
-6322
-4403
-3339
-3863
7185
2030
-5856
369
592
-366
4704
-891
-5734
1454
-3349
-4635
1598
-1519
-1454
459
-7503
-8223
-1031
-3870
-3428
-3415
-7456
-4642
-1356
-2828
-2681
-1032
-2605
-2183
-1787
-1524
554
2060
-1164
-5398
-6906
-4973
-1409
10856
10812
4777
4311
-490
6187
19359
16921
6448
6364
-544
3418
7577
-3672
-1495
4747
-3003
-5900
-954
-4433
3032
7121
-4160
-4190
-1562
-3135
1968
3276
-5462
-9
2489
-4777
-1227
-1914
-3574
-411
-4372
-10057
-3363
-1718
-3325
-81
-4618
-4525
-731
-2329
-3117
-515
-1379
-1175
-1302
-3183
-923
1179
-2029
-4828
-4728
-4158
-2097
3293
11036
6163
4392
1338
2435
14049
20154
12164
5378
2534
-2672
5385
4133
-3814
1890
2712
-4874
-2939
-2085
-2814
5905
325
-9863
-4934
-1584
88
5563
939
-4270
1971
-2955
-5655
-1768
-3528
-2730
-1955
-6530
-6362
692
-409
-1378
-2130
-5413
-2484
-1107
-2049
-1710
-1357
-2483
-2588
-3267
-1793
1266
1427
-412
-3454
-5787
-3274
-2833
5734
11771
5059
4628
1714
5744
16713
19716
6409
3619
770
-1144
8183
1380
-2671
4242
677
-5259
-1739
-4795
-3513
3506
-4878
-7659
-176
778
3064
4596
-4985
-4932
-419
-5515
-4176
-1291
-2614
-471
267
-6475
-3443
753
-1878
-55
-3060
-5187
-2375
-1063
-3430
-3576
-3763
-3114
1345
1571
1169
1065
-348
-2957
-5160
-5942
-4145
223
11328
9025
3352
1975
1868
10917
20215
14339
2997
2635
-1414
3564
8101
464
-428
2951
-4436
-7330
-3505
-5258
572
3647
-4465
-4098
399
-586
1683
298
-7604
-3821
-119
-2918
-490
765
-882
-321
-2927
-6372
-321
1147
-669
-2335
-6691
-5822
-3187
-2039
-2944
-896
1773
3368
1356
-2576
-970
237
-1285
-4787
-6072
-4254
-1333
1204
8166
6877
4519
4101
4159
11025
17455
11089
1938
1568
-772
5977
7417
-2448
-3285
-531
-4125
-4219
-2588
-3921
2569
2120
-7141
-5906
-1923
-732
587
-972
-5231
-262
2204
-1677
-350
-1425
-2496
-467
-1846
-4511
-899
-417
-3340
-5424
-6754
-2933
1828
2854
1969
1362
49
-182
-1975
-2330
-615
-442
-1243
-4103
-5759
-5042
-27
351
8025
9785
5169
4272
3015
7067
16196
14996
700
600
-425
2048
7664
78
-4298
1144
-1352
-6804
-2355
-4707
-2704
3308
-6542
-9341
-1484
699
2707
2962
-5142
-2625
2629
-3313
-1729
-356
-2122
-1148
-2633
-6551
-3201
-655
-1562
419
-1449
-395
2764
2972
290
-2472
-2014
-1002
-1250
-1891
-1823
-1392
-1773
-4554
-3553
-2287
-598
518
7062
10663
5422
3490
64
4113
12857
15374
3051
-1115
77
3261
10239
2291
-5609
-1371
-1803
-7575
-3983
-2710
-3064
3454
-2818
-8047
-1663
2475
2796
3037
-4265
-7191
1821
-900
-3330
-972
-2037
-2092
-1618
-3666
-1087
5600
2491
-608
-1111
-1301
25
1919
-546
-2761
-2062
-2805
-1785
-2224
-2254
-2349
77
-1922
-3146
-1123
742
665
4768
8005
1727
1345
-376
3268
13433
16540
3489
232
560
1324
9217
934
-7404
-2789
-1022
-5697
-1552
-1475
-2715
4133
-1752
-7984
-1895
1072
527
1498
-6242
-8569
-123
-494
-1984
-29
-1056
-293
2712
-542
-101
3980
1633
-942
-2617
-2360
1144
2516
-1981
-4708
-3388
-1578
-1982
-2159
-583
795
1140
-792
-1602
-1371
-2768
-2971
-1832
5292
5004
3045
2098
2462
7365
14726
10313
-1552
-2434
-966
5297
6115
-1875
-5476
-351
-1498
-3532
790
-1755
-192
411
-6760
-6965
-2855
-955
-307
-683
-6708
-3011
2715
1087
2277
780
-200
1760
1236
-1497
1951
1566
81
267
-2746
-2585
-73
-894
-3047
-3018
-2421
1644
2682
412
107
-199
-2057
-4671
-4706
-2659
-923
-2024
247
8595
4934
1976
872
2339
7450
14117
6175
-1529
849
-88
7725
7691
-3631
-4221
2217
-1541
-2073
-962
-5821
-2412
-1451
-8635
-5583
596
1043
3292
75
-7059
-789
4631
2826
2516
-632
-1367
2239
1074
-1514
1437
429
-1382
-3402
-5112
-2528
674
807
-124
-476
-505
431
-972
-4611
-4391
-2943
-1928
-1817
-3162
-1790
-338
-3571
838
6071
2390
3094
1393
2848
11377
12340
566
-7
1910
3556
11368
4024
-5950
-3347
-3112
-4911
-508
-2951
-4463
1549
-1957
-6469
-1389
650
1389
3052
-3431
-4790
3243
3816
3029
1382
-2085
-1138
2481
-74
-1914
187
-1440
-759
-1685
-2355
139
3521
81
-2674
-3885
-3109
-1551
-2249
-2136
-2476
-1789
-2725
-2192
-1813
-3514
-2276
-3606
2280
8036
3433
1745
-236
1794
10409
15545
3303
-285
1527
3049
6632
224
-7605
-3645
1842
-1260
520
-1293
-4736
-839
-1148
-3901
-2089
1850
2389
1719
-2549
-4148
3275
5006
2450
-691
-2307
-498
1644
907
300
632
-1094
-861
-2302
-2695
-785
1358
-1447
-4396
-4251
-1564
1409
-1657
-3926
-3189
-1004
-1056
-1836
-1657
-3016
-3005
-4191
-1568
6842
4879
2911
1497
1570
6787
14272
5837
-2578
-106
136
7942
6740
-3693
-4295
1582
-1704
-1872
-422
-4612
317
2065
-4564
-4612
136
842
2955
1452
-4285
2021
5664
1776
-209
-897
-681
1903
1840
-2911
-1169
-2087
-2458
-2204
-2413
-1005
-540
-1085
-3442
-2442
-1046
934
-270
-1970
-1541
-1713
-2153
-2972
-4500
-4523
-2778
-2598
-915
6561
3973
-396
120
1742
7562
14705
8801
-663
-122
-167
4973
7742
-498
-4017
372
-948
-938
-299
-4462
-2271
527
-4325
-3413
1055
4046
5364
1401
-3404
-211
3125
1524
969
-635
-1306
-65
-1447
-3533
-2454
-2795
-2276
-982
-1848
-640
-15
-28
-611
473
165
695
-1526
-2895
-2910
-3445
-3068
-3573
-3630
-4194
-3739
-4173
-3355
2050
7868
5588
3507
1601
4214
9640
10975
1543
-1508
1937
5066
9550
3371
-5103
-4818
-1353
-1786
-1117
-1181
-1368
2269
643
-2987
-330
4053
3660
385
-3905
-3880
2484
3891
1022
-2550
-5970
-4588
-1192
-497
-1845
-1947
-2121
531
1223
-1175
1057
1440
1278
-468
-2480
-2495
-702
-1863
-4809
-6500
-6557
-4179
-2515
-2331
-2043
-280
109
-524
5932
5367
2825
1709
1184
6339
13663
10037
-1231
-632
-308
5286
6468
-2992
-5147
807
2995
1871
1670
-1572
190
2142
-2494
-2374
2394
3612
639
-2440
-5992
-1507
2497
-700
-3050
-5333
-3848
-33
1636
-948
-2066
668
1575
2249
-1103
-416
1720
1858
-1532
-5834
-4847
-3122
-2403
-4849
-5775
-4105
856
1797
-793
-3420
-4098
-1557
-384
784
8328
6820
3052
222
-83
6508
12636
5916
-3825
-1185
1515
9191
9509
-1172
-3889
712
789
1319
1820
-2077
568
2342
-3655
-3111
-890
-861
-193
-1967
-6553
-2733
907
-1019
-509
-3333
-2861
1773
1745
-896
550
1861
1091
-800
-3461
-1622
153
-1970
-5412
-4914
-1573
-144
-27
-3110
-3818
-3244
-1482
-1332
-655
-1528
-674
664
-504
-2064
4071
4844
933
1642
554
5991
13689
9839
-792
-850
-98
6408
10814
1292
-4095
-19
1716
1532
950
-4057
-1953
1937
-3548
-4874
-2355
-324
906
-1973
-6846
-3740
2332
1828
1508
-1705
-2828
1418
1444
-671
-1036
-73
-1786
-1072
-1965
0
2058
-992
-3031
-4576
-1926
-603
122
-2355
-2962
-2324
-473
521
-964
-2516
-2748
-2762
-2095
-991
2882
9858
5073
1097
-1205
1778
8748
13082
4504
-1246
1349
3373
8007
4074
-2774
-1141
2317
16
-698
-905
-3420
-1892
-2713
-5191
-2876
-672
-391
-387
-1799
-4674
-397
1712
1106
44
-3905
-3128
922
2875
1424
-4
-1723
-1556
187
-2263
-1246
-815
-819
-908
-2436
-2277
-1071
-373
-2590
-3291
-3202
-933
-259
161
-774
-503
-810
-1471
-3311
3388
7179
3465
2103
-787
4050
10533
11216
-126
-1273
1564
6613
11611
3726
-4408
-3662
-1252
-734
887
-3173
-5177
-823
-3273
-5413
-3032
-894
1640
847
-4979
-4492
2554
2902
2278
-1105
-3806
464
3105
764
-1058
-1911
-1495
574
-616
-2523
-673
-690
-779
-2466
-3286
-665
1161
-284
-2357
-2826
-2253
450
-513
-2102
-3242
-1482
296
1343
-1770
2775
5823
2545
2363
-348
5919
12154
11778
1380
-1963
518
6705
10343
82
-5684
-4323
-1753
-1387
-3149
-5869
-3257
453
-3617
-3056
-1416
1354
3247
-199
-4906
-2956
1944
1971
3734
-1108
-3598
236
57
-751
-957
-964
-677
742
-1631
-1191
2581
2040
575
-2553
-3826
-1745
820
-1057
-3550
-4026
-2605
-302
-175
-1004
-1373
499
128
-480
-2198
2348
9309
5022
3031
-687
2944
9866
13128
4477
-3479
-3215
-848
5997
899
-6360
-4525
-1389
-869
-854
-2842
-2414
1883
-799
-4481
-4294
-272
4782
3423
-2604
-6364
-1310
1833
1617
-896
-3523
-624
2043
1684
338
739
2092
1715
-1040
-3395
-1446
1045
1033
-2820
-5500
-4120
-1057
509
-631
-2190
-2512
-456
619
522
-25
-807
745
1153
687
-753
6294
8006
3563
153
-3846
1964
8753
9268
-1393
-3452
-2978
2875
7957
600
-3759
-3707
-2507
-1092
-1002
-2424
-569
1875
-1514
-4367
-4138
-915
2550
634
-3826
-3640
744
3561
5626
1401
-1934
-790
38
621
775
-76
-590
-1035
-3583
-3411
387
1135
121
-2452
-3928
-934
452
-542
-1490
-743
1190
1489
616
605
1408
2237
241
-2614
-1161
-807
4402
5189
1863
995
-981
2968
6528
7859
52
-2573
-2197
427
3848
-743
-2808
-1405
-1356
-2403
-2858
-3142
-452
1214
-1367
-3651
-2092
1687
4995
2546
-1521
-2179
-119
1792
2495
-35
-1780
-1367
-1901
-1121
-184
534
1462
672
-3063
-3947
-2016
148
2609
191
-2339
-1476
12
384
569
-812
-1063
174
-212
500
1396
1789
823
-1163
-2610
-1141
999
5481
2585
-320
-2167
-2920
2215
6302
4029
-2873
-3947
-3150
3024
4096
-1055
-959
-1146
-1526
-274
-583
244
2590
2155
-1648
-3068
-1267
2373
4147
-29
-3893
-2032
837
2146
2703
518
-73
-629
-2974
-2474
440
2087
2364
909
-2650
-2733
-980
482
877
-704
-1353
-154
2133
1915
893
139
415
935
905
99
-271
1291
361
-1812
-4513
-4665
-4151
1928
1580
-772
-2494
-4880
452
4857
5945
1236
-1534
-2257
1049
4359
1032
-1
122
-2042
-1376
-2042
-1191
1852
2374
-127
-2518
-1492
1298
4061
2569
-2270
-1731
-613
483
2524
853
852
606
-1723
-3516
-2503
19
1628
1964
259
-528
970
1212
2073
1218
476
1483
2205
1224
-774
-517
325
892
-956
-3388
-3252
-2046
-2279
-2329
-3399
-3703
-3406
-2826
1165
750
1696
-405
-1749
1113
3644
4304
1340
-191
-1040
1780
1578
-647
2124
2479
1147
95
-2558
-802
2893
3363
2112
-935
-1904
101
2373
1814
-660
190
-1035
-809
-135
-793
1894
1880
409
-846
-1928
-471
2321
3529
2170
1477
-408
-390
1371
-165
406
218
-1164
-2838
-4270
-3076
-293
-27
-2681
-4285
-4321
-2440
-1702
-2191
-3902
-3415
-4145
-2708
1416
-315
1575
-411
-562
3354
5090
4590
2373
1549
540
2868
1815
-128
2530
2149
1160
830
-2027
-66
2870
3458
3224
-49
-1270
273
1978
1146
-378
279
67
1116
-452
-1500
102
825
1462
638
-902
-633
1402
983
-454
-954
-513
1094
271
-2486
-3080
-2385
-1284
-2035
-3851
-4575
-3606
-3046
-2503
-2513
-2941
-2494
-2669
-2207
-2091
-1934
-1401
-1408
1191
2014
2221
1796
793
1534
2614
2781
2204
2322
1580
3192
3683
2346
2925
4399
4986
4111
659
-716
521
2188
2336
953
-255
-909
-7
-82
-804
40
786
1079
274
-1357
-1410
-694
743
809
249
-699
-447
-551
-1796
-2818
-2512
-2435
-2658
-3221
-3642
-3076
-2953
-2513
-2359
-1723
-1841
-2042
-1388
-1353
-1494
-1301
-1099
-238
-936
-2224
-2801
-2641
-2246
-151
1824
3572
4169
3391
4091
4789
5152
5107
5275
4819
5007
4285
1881
1055
1627
2312
3287
1581
-517
-259
352
1105
422
-762
-61
1209
1212
-68
-618
-18
77
-1057
-2699
-2371
-1924
-2586
-3480
-4911
-4387
-2522
-2006
-1634
-1327
-1149
-1487
-1535
-1859
-1862
-989
-931
-920
-1748
-2844
-3541
-3391
-2013
-2052
-1737
-1252
-308
1068
1394
1017
550
891
1410
2944
3709
4285
4368
3661
2884
2390
2620
3906
4102
2620
2211
1306
1321
1693
1728
2448
1786
1686
1254
2018
1816
537
296
-718
-1080
-1844
-2415
-2291
-1852
-2338
-3118
-2703
-3276
-2709
-1938
-2567
-2529
-2729
-2123
-965
-423
-1026
-1670
-2152
-2532
-2722
-2441
-1868
-1716
-969
-1603
-1643
-962
252
995
1246
570
718
2474
1563
835
1092
855
1578
1174
808
1502
1572
1378
1027
565
1235
2149
2528
2475
2275
3086
3716
3212
1920
2190
1225
445
423
-189
372
318
-692
-278
-76
-516
-204
-497
-2172
-2643
-1658
-568
-528
-2939
-4377
-2705
-1905
-2602
-2655
-2878
-1575
9
-840
-1668
-1067
-361
611
-83
-1322
526
2845
2154
315
-389
565
2146
2399
1247
1197
1580
762
289
-66
-78
811
732
25
135
52
846
1419
842
277
151
561
647
1031
59
132
1237
1577
2786
1639
257
118
167
513
655
331
-593
-735
-805
-1888
-2037
-1922
-1486
-824
-1594
-2327
-1322
-256
-840
-1596
-2973
-2578
-793
-285
-390
-574
87
908
912
623
847
1927
1966
1087
244
310
853
1180
420
-578
-3
766
1644
1337
-204
-641
-782
-1065
-1562
-1243
-1740
-1937
-2188
-2517
-1292
-811
300
487
-591
-764
-1252
-253
352
575
1040
818
663
-95
-286
-315
297
200
240
494
996
912
142
90
131
475
328
-322
-415
597
1552
1671
907
-403
113
1505
1819
1283
986
1133
1319
980
600
1253
2049
2115
1113
373
287
404
204
-339
-1254
-1360
-1033
-716
-269
-519
-200
-227
-1153
-1977
-2583
-2083
-2065
-2819
-3580
-4005
-2315
-1134
-1032
-756
-985
-697
-253
-150
-85
977
2059
2031
1372
188
-372
970
1547
812
1205
1221
2327
2968
2156
1783
1432
2002
2216
2197
2047
2009
2421
2071
1000
68
283
791
823
499
-790
-1142
-614
-582
-274
-461
-468
-163
239
-362
-147
-238
-627
-923
-2356
-2760
-2704
-2892
-2641
-2440
-2984
-2523
-2188
-2433
-2636
-3281
-2819
-1913
-1623
-2023
-1311
-1210
-1427
-1218
-1363
-486
-164
-339
193
830
1607
2920
3317
2344
1885
1794
2439
3156
3186
3343
4138
4441
3610
2616
1948
2012
2109
1658
1171
509
407
450
454
293
136
178
-120
19
-270
-427
-123
-1194
-1407
-1444
-1991
-1513
-1425
-1310
-1190
-1445
-2283
-2168
-2053
-2265
-2462
-2492
-2665
-1413
-856
-1826
-2143
-2691
-2534
-2101
-1862
-1860
-895
-782
-1599
-1079
-903
-799
206
946
1494
2095
1435
2152
3831
3798
3473
3546
3276
2929
2459
1957
2413
2584
2203
2513
3034
3123
3078
2813
2369
1680
1131
639
239
-512
-993
-498
-48
-701
-1489
-1526
-1212
-739
-476
-1009
-1378
-1274
-1447
-1420
-1312
-1461
-1833
-2096
-2865
-2757
-1947
-2332
-2590
-2244
-2348
-1974
-1970
-1935
-1572
-1776
-1890
-994
-246
-288
-377
106
513
557
158
-229
-529
-898
-156
810
946
573
828
1562
2422
2329
2902
3692
3011
2506
1831
1452
1288
721
1084
1808
1690
1801
2042
1822
976
416
397
919
1750
1142
1039
304
-550
-666
-1201
-1706
-1662
-1218
-1109
-1567
-1943
-1602
-987
-1501
-2233
-2291
-1826
-1115
-895
-1000
-989
-652
-419
-401
-545
-1088
-1056
-323
-456
-594
-962
-965
-523
-434
-182
365
637
115
-568
-919
-1297
-1150
-575
-229
-401
-172
-227
208
1128
1295
2240
2488
1940
1942
2379
2233
2452
2398
2374
2577
1862
1182
1183
1546
1795
1227
1046
413
169
273
-167
-338
-548
-501
-745
-913
-1238
-861
-350
-445
-554
-827
-834
-843
-1209
-1083
-777
-847
-1198
-1511
-691
201
435
-231
-843
-1056
-1051
-1029
-1386
-2221
-2461
-1778
-1815
-2537
-2806
-2022
-833
-1186
-2263
-2116
-1045
-31
-219
-245
775
1803
1584
403
122
892
2241
3058
3380
2957
2671
2544
1648
1216
587
1396
2446
2793
2499
2104
2528
2514
2114
1007
297
679
1329
1215
27
-755
-836
-912
-967
-1166
-310
967
1084
747
-655
-1378
-1188
-1001
-1176
-2299
-2779
-2083
-1482
-1883
-2427
-2449
-2106
-2280
-2665
-2392
-1759
-1044
-451
-423
-863
-1427
-1371
-1142
-1480
-1827
-1357
-130
523
209
-271
149
830
648
180
-84
941
2413
2871
2766
2847
2770
2122
1866
1260
1907
2837
2522
2277
2163
1594
1720
2239
2237
2963
2595
1915
1584
822
109
-295
-800
-1661
-1420
-1493
-1791
-1777
-2490
-2249
-1744
-1903
-1755
-1641
-2278
-2129
-1695
-1478
-941
-1702
-2253
-1746
-1618
-1864
-1563
-1525
-1177
-109
-92
-307
-291
-1473
-1960
-1434
-1176
-274
373
29
26
-177
-540
-254
-184
451
1148
1145
1371
1095
915
1042
1881
2869
3653
3925
3477
3456
2846
1849
1696
1282
1545
2146
1990
1662
1399
778
171
127
-727
-323
131
-373
-278
-301
-972
-1480
-2759
-3083
-2238
-1821
-1402
-1051
-850
-978
-887
-1025
-918
-684
-1170
-1500
-1501
-1745
-717
-294
-364
-411
-1060
-1155
-735
-373
-289
-127
-339
-15
-66
-1184
-1551
-712
211
985
986
326
731
688
202
203
-124
301
1163
813
339
612
1407
2348
2355
1453
1403
1740
2013
2228
1715
1163
1301
1411
1318
816
147
277
633
322
135
478
441
925
389
-834
-1180
-1397
-1139
-871
-1131
-976
-186
-212
-1131
-1694
-1740
-1419
-398
-582
-567
-341
-793
-668
-686
-665
-197
461
306
-11
-203
-679
-342
-842
-1715
-1468
-1281
-1249
-985
-1251
-1817
-1957
-2180
-1521
-709
-370
-235
357
419
185
-149
-366
181
449
906
1226
1856
2269
2266
2379
2028
2220
2942
2735
2397
1831
1416
1896
2275
1887
1001
431
85
256
381
-173
-89
-56
-753
-1398
-1869
-1593
-471
-114
-160
167
336
365
-37
-577
-1072
-1064
-746
-690
-229
-703
-1283
-1634
-2291
-2181
-1700
-1329
-1220
-1094
-1405
-1607
-1886
-2693
-2446
-2110
-2132
-2202
-1807
-1650
-1375
-1223
-1321
-677
607
1432
1503
1410
1212
1657
2115
2083
2496
3546
4034
3426
2843
2524
2659
3251
2714
2150
2507
2474
2507
2073
1339
1382
1766
1339
529
537
375
548
151
-741
-1009
-673
-537
-758
-874
-1055
-873
-376
-737
-1196
-1082
-1157
-1240
-1863
-2490
-2359
-1794
-2166
-3160
-3451
-3476
-3252
-3009
-3218
-3080
-2429
-1995
-1666
-1552
-1635
-1613
-1144
-365
-420
-395
-404
9
498
313
60
944
2117
2592
2254
1583
1423
2194
2733
2963
3318
3491
3309
3054
2766
2784
3101
2932
2510
2174
2578
2674
2304
1572
549
460
880
649
29
-379
-394
-313
-221
-835
-1132
-1296
-1704
-1872
-1933
-1998
-2290
-2212
-2313
-2385
-2458
-3039
-3194
-3089
-3297
-2946
-2509
-2404
-2153
-1909
-2049
-1603
-1462
-1395
-610
-98
118
442
407
330
258
-36
-18
728
847
382
406
39
504
1257
1818
2449
2997
3119
2659
2203
1948
2748
3487
3588
3219
2523
2168
2024
1962
1878
1883
1861
2082
2013
1387
663
92
-417
-783
-798
-877
-841
-967
-1616
-1990
-2447
-2834
-2607
-2420
-2712
-2369
-2224
-1864
-1260
-1769
-2106
-2008
-1679
-1437
-1105
-1393
-1423
-1367
-1766
-1463
-1177
-1080
-1195
-1380
-1401
-1056
-245
227
728
722
245
211
369
531
728
1009
342
14
229
335
1010
1274
1686
2332
2783
2653
2491
2438
2211
2564
2800
2902
2536
2188
1572
881
344
-228
172
477
534
277
11
-340
-563
-468
-469
-290
-187
-1
314
293
-311
-840
-965
-1359
-1508
-1408
-1195
-791
-1034
-1636
-1801
-1489
-1460
-888
-803
-697
-366
-358
-397
-851
-1096
-1116
-1056
-1229
-1553
-1363
-733
-566
-654
-174
-92
195
637
523
650
828
772
478
236
-191
-471
-19
-19
189
658
56
-269
-251
-61
452
1333
1512
1471
1853
1848
2173
2144
1225
1126
1766
1656
1312
859
509
946
645
-116
-293
-115
-150
96
388
271
318
316
-199
-583
-1006
-1405
-865
-745
-1224
-1713
-1858
-1907
-1294
-1228
-1385
-1211
-1056
-920
-422
25
-332
-187
-488
-865
-624
-810
-828
-833
-1406
-1712
-1586
-1640
-1455
-1070
-1109
-722
-686
-642
133
741
996
1455
1736
1621
1544
748
505
1335
1891
2221
2435
2216
2221
2129
1733
1676
1944
2334
2452
2690
2205
1860
1686
1280
1007
45
-475
-278
-250
-252
-518
-946
-915
-907
-1179
-950
-549
-479
-127
-392
-811
-672
-735
-966
-1431
-1796
-2074
-1948
-2450
-2911
-2836
-2659
-1975
-1639
-1637
-1555
-1299
-975
-605
-506
-700
-820
-1000
-993
-690
-515
-327
-37
-78
-228
-143
-68
446
1352
2047
2256
2326
2266
2060
1929
2008
2383
2757
2588
2299
2282
1926
1610
965
959
1136
1730
2169
1959
1604
1178
1060
894
738
557
348
137
-59
-278
-859
-1620
-2125
-2336
-2463
-2348
-1772
-1200
-1042
-1540
-1683
-1609
-1176
-1412
-2267
-2524
-2464
-2219
-2149
-2271
-2166
-1694
-1623
-1727
-1452
-1093
-725
-495
-609
-357
-247
-124
265
618
644
659
625
151
82
238
284
959
1707
1578
1662
1600
1294
1914
2240
2169
2822
3580
3371
3345
2669
1948
1935
1807
1437
1606
1503
923
1079
903
540
435
-121
-536
-205
-287
-144
-30
-549
-1187
-1473
-1893
-1755
-1497
-1923
-2095
-1963
-1967
-1747
-1923
-2041
-1714
-1823
-2127
-2122
-1754
-1488
-1637
-1717
-1606
-1419
-1138
-1327
-1039
-705
-619
-397
-443
-407
-37
-141
-37
20
237
882
1132
997
733
692
1034
1804
2139
1952
1929
1732
1680
2050
2296
2619
3169
3179
2925
2371
1449
1226
1291
1263
1450
1800
1526
1314
1102
546
363
-142
-758
-558
-566
-602
-618
-1033
-1473
-1590
-1836
-1981
-1742
-1750
-1692
-1649
-1823
-1701
-1591
-1822
-2108
-1887
-1710
-1540
-1761
-2314
-2088
-1795
-1261
-991
-1237
-1160
-920
-754
-440
-281
-191
-36
197
246
420
554
455
573
615
402
515
513
634
1215
1550
1748
1772
1622
1602
1618
1839
2203
2981
3350
2662
2123
1394
1392
1413
1053
902
1016
1259
1343
1101
422
126
128
-198
-313
-475
-428
127
-260
-1120
-1599
-1835
-1751
-1465
-1838
-1756
-1487
-1865
-2225
-2536
-2540
-2096
-1873
-1993
-1671
-1326
-1451
-1345
-1434
-1447
-897
-719
-693
-426
-582
-736
-340
-340
-132
23
26
193
573
752
546
673
573
598
843
449
656
1417
1821
1944
1757
1499
1424
1504
1544
2083
2951
3139
2642
1980
1336
1138
1254
1338
1426
1557
1166
1169
1233
1122
811
-128
-1024
-980
-495
-422
-199
-454
-510
-626
-1300
-1774
-1509
-1240
-927
-968
-1514
-1653
-1480
-1270
-1151
-1484
-1616
-1294
-1200
-1339
-1547
-1496
-922
-788
-1086
-1525
-1516
-1281
-945
-663
-503
-229
-239
-540
-592
-371
123
414
339
234
115
492
572
946
1608
1853
1802
1265
771
976
1610
1957
2172
1832
1505
1323
1353
1369
1326
1107
976
1095
801
681
523
373
167
-112
-412
-206
-27
75
11
-475
-804
-813
-877
-1035
-996
-1121
-1004
-973
-1401
-1594
-1671
-1724
-1607
-1831
-2146
-2249
-2099
-1744
-1468
-1621
-1390
-882
-500
-483
-889
-1101
-975
-538
-161
99
218
201
264
362
102
110
304
189
240
313
809
1667
2116
1991
1836
1454
1309
1551
1642
2061
2563
2745
2603
2461
2284
2176
2211
2045
2065
2341
2012
1899
1782
1437
1301
952
366
326
377
84
-126
-573
-1219
-1389
-1818
-2200
-1908
-2055
-1821
-1591
-1938
-2214
-2308
-2292
-2050
-1960
-2108
-2050
-1902
-2088
-2163
-2087
-1988
-1388
-1303
-1571
-1516
-1320
-933
-671
-960
-1146
-790
-354
-179
-313
-422
-140
144
-36
-225
76
883
1955
2493
2414
2183
2063
2249
2326
2445
2710
3458
3595
3077
2456
2160
2361
2156
1622
1237
1335
1498
1363
1130
789
292
-119
-877
-1089
-848
-624
-489
-862
-1280
-1616
-1938
-2106
-2276
-2092
-1966
-1781
-1730
-1803
-1507
-1557
-1656
-1896
-2191
-2140
-1952
-1916
-1889
-2056
-2096
-1880
-1689
-1258
-987
-741
-595
-270
-5
61
183
233
574
865
837
948
873
925
1091
1128
1380
1943
2533
2639
2492
2173
2186
2504
2597
2683
3022
3037
2648
2272
1565
1240
1345
1183
822
754
499
577
564
241
34
-78
-277
-530
-613
-816
-931
-1014
-1283
-1624
-1984
-2383
-2349
-2286
-2276
-2391
-2409
-2288
-2156
-1906
-1705
-1708
-1836
-1759
-1836
-1837
-1712
-1564
-1292
-1107
-1221
-995
-510
-314
-283
-241
-240
54
224
181
459
724
1072
1114
836
556
768
1079
1506
2235
2682
2674
2385
1911
1944
2269
2550
3077
3444
3071
2609
2010
1497
1472
1394
1409
1617
1211
839
755
468
229
-283
-959
-1125
-799
-819
-732
-875
-1397
-1548
-1924
-2312
-2100
-2018
-1867
-1863
-1794
-1731
-1517
-1576
-1838
-1626
-1569
-1650
-1566
-1501
-1370
-1255
-1486
-1590
-1482
-1146
-875
-749
-724
-560
-554
-683
-697
-557
-153
239
598
795
1024
1109
1031
1159
1463
2162
2720
2788
2457
2086
1890
2069
2557
2922
2919
2551
2105
1833
1681
1601
1467
1306
1309
1205
836
266
53
-190
-532
-1048
-1403
-1295
-1140
-1046
-1026
-1176
-1676
-1916
-1806
-1551
-1427
-1186
-1369
-1571
-1730
-1699
-1527
-1649
-1899
-2286
-2370
-2321
-2050
-1694
-1445
-1458
-1415
-1270
-1161
-842
-446
-159
-149
-362
-342
-170
17
87
246
460
459
531
883
1414
2096
2621
2935
2998
2577
2345
2583
2914
3135
3371
3061
2713
2270
1788
1643
1543
1385
1566
1722
1290
1060
858
636
162
-811
-1386
-1118
-908
-944
-985
-1060
-1232
-1683
-2224
-2705
-2819
-2725
-2157
-1680
-1795
-1771
-1886
-1903
-1975
-2328
-2388
-2081
-1809
-1582
-1598
-1846
-1854
-1586
-1535
-1278
-1032
-784
-294
-45
59
313
384
304
307
298
535
907
915
1169
1682
2223
2853
3065
2701
2497
2732
2963
3546
4048
4240
4154
3640
2672
2341
2210
1999
2044
2096
2137
1857
1268
813
501
-149
-926
-1336
-1393
-1318
-1314
-1555
-1775
-2101
-2728
-3045
-3005
-2768
-2387
-2423
-2708
-2597
-2437
-2321
-2381
-2630
-2749
-2655
-2394
-2389
-2141
-1903
-1855
-1872
-2041
-1991
-1693
-1543
-1483
-1456
-1170
-740
-417
-264
-259
-126
201
354
337
606
1129
1744
2447
2668
2776
2823
2695
2889
3287
3773
4281
4701
4535
4074
3473
3059
2954
2906
2676
2710
2446
2182
1957
1644
1106
392
-408
-839
-842
-1037
-1043
-1142
-1366
-1712
-2013
-2458
-2358
-2031
-2039
-1818
-1832
-1954
-2156
-2379
-2492
-2445
-2316
-2473
-2476
-2527
-2474
-2228
-2205
-2171
-1975
-1923
-1948
-1868
-1504
-1274
-1226
-1432
-1411
-1046
-709
-464
-131
214
550
950
1207
1610
2065
2579
2787
2769
2860
3041
3524
3773
3754
3819
3690
3568
3267
2800
2522
2486
2520
2550
2479
1991
1669
1446
1109
726
341
55
45
-241
-743
-1035
-1280
-1655
-1793
-1832
-2009
-1938
-2020
-2023
-1837
-2039
-2152
-2013
-2081
-2171
-2359
-2563
-2546
-2480
-2752
-3112
-3161
-2994
-2626
-2549
-2599
-2169
-1753
-1631
-1754
-1828
-1612
-1211
-950
-560
-161
40
219
460
750
1077
1596
1912
2217
2401
2681
3121
3189
3222
3538
3761
3786
3668
3558
3748
3839
3461
3022
2881
2876
2619
2310
1815
1400
1336
990
726
363
-57
-115
-119
-435
-952
-1231
-1629
-1962
-2181
-2536
-2442
-2205
-2292
-2407
-2596
-2780
-2684
-2724
-3070
-3096
-2863
-2961
-2932
-2914
-2837
-2465
-2498
-2618
-2481
-2214
-1853
-1486
-1284
-1258
-1051
-846
-715
-356
-6
532
1146
1550
1891
2273
2509
2671
2789
2985
3422
3817
3902
3897
3880
3680
3673
3530
3272
3197
3174
3134
3030
2687
2336
2035
1646
1070
669
361
133
-87
-565
-894
-1147
-1527
-1826
-2224
-2450
-2530
-2749
-2961
-3030
-3029
-3052
-2833
-2852
-2898
-2971
-3255
-2976
-2804
-2759
-2657
-2565
-2422
-2351
-2163
-2165
-1961
-1663
-1518
-1190
-1012
-842
-450
-157
151
478
760
1115
1618
2042
2373
2651
2870
3258
3455
3388
3445
3625
3901
3937
3660
3524
3531
3511
3430
3117
2882
2838
2928
2633
2099
1653
1350
1169
750
166
-349
-680
-1104
-1502
-1699
-1927
-2064
-2286
-2680
-2926
-3053
-3104
-3066
-3149
-3278
-3273
-3267
-3037
-3000
-3136
-3246
-3122
-2905
-2795
-2585
-2519
-2347
-2046
-1889
-1787
-1692
-1522
-1198
-813
-471
-208
190
561
827
986
1080
1308
1526
1975
2503
2900
3137
3267
3349
3390
3337
3557
3753
3840
3785
3767
3599
3297
3029
2657
2548
2383
2233
2109
1944
1458
1047
717
356
148
-63
-463
-857
-1108
-1438
-1562
-1776
-2215
-2280
-2336
-2499
-2616
-2719
-2651
-2533
-2655
-2944
-3003
-2944
-2957
-2691
-2592
-2579
-2199
-2026
-1870
-1765
-1845
-1835
-1668
-1697
-1594
-1175
-939
-739
-578
-441
-128
280
582
745
910
1153
1569
2007
2085
2033
2260
2568
2872
2949
2970
3036
2975
2909
2914
2868
2885
2728
2369
2152
1933
1883
1832
1580
1194
910
816
502
276
-48
-316
-477
-940
-1272
-1465
-1663
-1803
-1823
-1831
-1783
-1832
-2012
-2105
-2306
-2391
-2430
-2456
-2656
-2688
-2593
-2563
-2407
-2434
-2278
-1959
-1832
-1669
-1572
-1560
-1408
-1200
-1063
-921
-659
-298
87
190
320
480
850
1376
1643
1841
2081
2334
2520
2759
2790
2902
3157
3280
3402
3387
3337
3216
3044
2852
2752
2739
2606
2307
1944
1611
1348
1159
1021
967
909
717
391
-89
-528
-747
-923
-1104
-1372
-1807
-1984
-2113
-2385
-2625
-2816
-2927
-2928
-2959
-3074
-2993
-2895
-2977
-3069
-3005
-2838
-2606
-2422
-2430
-2312
-2130
-1959
-1760
-1584
-1378
-1097
-804
-731
-590
-273
131
635
875
1080
1327
1658
1882
2203
2541
2704
2903
2922
2808
2750
2774
2838
3049
3040
3007
3096
3021
2794
2584
2440
2261
2164
1971
1431
1201
945
512
154
-259
-443
-579
-931
-1412
-1660
-1815
-2108
-2211
-2377
-2514
-2545
-2708
-2834
-2907
-2858
-2843
-2890
-2850
-2822
-2743
-2590
-2614
-2653
-2501
-2234
-1818
-1564
-1506
-1392
-1044
-752
-489
-290
-129
191
525
693
862
1103
1377
1712
1971
2060
2310
2673
3040
3389
3502
3444
3553
3640
3667
3755
3582
3464
3513
3337
3004
2694
2348
2085
1756
1271
922
752
644
321
-85
-484
-657
-1006
-1427
-1823
-2095
-2184
-2446
-2695
-2949
-3114
-3136
-3134
-3173
-3221
-3172
-3046
-2882
-2784
-2710
-2603
-2469
-2349
-2209
-2082
-1871
-1559
-1390
-1189
-1038
-845
-543
-289
-83
121
428
721
996
1300
1632
2001
2279
2157
2081
2304
2531
2673
2643
2632
2693
2737
2637
2470
2342
2130
2148
2222
2160
2041
1819
1562
1219
866
600
339
210
24
-298
-658
-915
-1226
-1449
-1683
-1914
-1902
-2003
-2206
-2279
-2283
-2402
-2466
-2546
-2564
-2410
-2388
-2414
-2361
-2144
-1959
-1834
-1787
-1736
-1549
-1456
-1339
-1081
-772
-436
-141
-46
8
191
390
610
827
977
1166
1263
1281
1447
1631
1831
2094
2088
2082
2175
2222
2345
2248
2165
2189
2260
2187
1936
1764
1635
1515
1337
1098
985
991
898
774
617
356
173
-159
-526
-659
-754
-912
-961
-1131
-1317
-1438
-1670
-1850
-1836
-1805
-1763
-1715
-1694
-1696
-1660
-1572
-1503
-1243
-1158
-1052
-945
-894
-843
-749
-618
-493
-488
-359
-354
-234
70
174
391
609
523
389
483
600
867
1146
1134
1234
1299
1204
1140
1090
1137
1215
1261
1187
1209
1236
1156
1038
904
841
1001
1043
948
810
663
646
516
363
245
172
131
-17
-239
-403
-461
-559
-601
-694
-909
-1101
-1301
-1356
-1267
-1251
-1309
-1356
-1453
-1450
-1359
-1391
-1252
-1069
-1071
-1088
-1014
-886
-731
-640
-828
-796
-618
-537
-455
-394
-307
-180
-6
-33
3
189
401
621
592
504
573
735
931
891
858
913
1036
1063
992
983
947
941
1011
1023
1005
1010
1127
1188
1096
956
892
871
765
646
454
409
439
376
241
-90
-287
-289
-320
-439
-557
-568
-526
-573
-877
-1106
-1050
-1000
-1017
-1054
-1181
-1131
-1018
-1108
-1135
-1156
-1183
-909
-828
-833
-859
-872
-819
-836
-823
-852
-643
-506
-444
-310
-243
-40
76
110
79
83
287
511
759
871
1042
1099
1081
1181
1230
1284
1368
1357
1384
1446
1487
1480
1478
1373
1307
1388
1519
1446
1306
1039
814
672
433
301
290
274
198
53
-269
-473
-591
-737
-777
-788
-899
-897
-886
-999
-1145
-1286
-1369
-1287
-1192
-1198
-1195
-1199
-1196
-1179
-1233
-1289
-1178
-1014
-957
-929
-1000
-896
-707
-661
-611
-536
-273
-30
43
133
250
303
516
556
531
669
727
792
989
1049
1224
1373
1237
1087
1077
1056
1080
1156
1027
1106
1199
1052
908
734
518
450
420
274
220
310
154
25
-75
-219
-237
-322
-546
-646
-671
-758
-691
-704
-820
-878
-980
-1087
-1046
-1045
-1031
-931
-873
-842
-824
-846
-804
-750
-795
-722
-629
-565
-416
-334
-342
-242
-130
-6
215
286
337
414
418
508
609
540
505
532
659
837
873
850
766
844
858
920
938
931
1025
997
893
878
895
851
768
585
514
549
517
404
232
30
-63
-133
-202
-237
-235
-296
-341
-408
-549
-606
-580
-580
-575
-622
-637
-647
-530
-535
-635
-746
-757
-573
-437
-417
-472
-389
-323
-334
-403
-380
-245
-251
-310
-373
-318
-153
-61
-103
-82
-18
18
46
-40
-60
110
235
209
113
189
309
379
367
250
367
541
539
571
518
506
572
483
458
462
470
487
471
316
225
146
95
8
-25
-70
-101
-82
-89
-74
-45
0
7
-17
-99
-174
-207
-275
-276
-170
-227
-345
-382
-336
-364
-378
-390
-377
-373
-457
-472
-424
-454
-447
-415
-418
-355
-323
-354
-333
-368
-434
-412
-368
-312
-188
-157
-147
-92
-35
9
109
143
187
268
316
376
413
399
298
352
462
550
554
566
543
429
383
253
291
436
552
636
508
362
307
324
191
99
160
260
305
261
260
325
255
27
-147
-207
-162
-114
-133
-189
-277
-340
-344
-349
-438
-511
-475
-463
-464
-523
-480
-488
-551
-591
-525
-442
-365
-267
-263
-264
-219
-262
-197
-147
-46
111
128
142
209
211
257
245
127
206
332
444
491
600
541
551
497
460
470
449
506
519
513
452
462
478
428
392
327
287
269
263
271
225
203
212
230
155
108
104
-42
-143
-209
-338
-300
-268
-256
-295
-357
-459
-430
-442
-442
-503
-558
-603
-563
-473
-533
-469
-525
-523
-500
-385
-247
-300
-268
-297
-177
-12
-7
-28
-54
-90
1
73
111
153
170
118
37
20
92
262
343
275
197
207
231
231
182
195
220
242
211
254
276
233
144
32
16
101
112
120
97
-51
-87
-6
-33
-56
-40
-92
-111
-236
-311
-272
-158
-112
-155
-186
-205
-191
-235
-303
-300
-256
-182
-115
-124
-139
-133
-160
-119
-3
63
135
231
190
82
59
137
210
274
164
77
155
95
55
111
78
48
126
204
249
322
284
244
242
163
117
110
170
198
177
166
149
114
90
58
-25
-46
-5
-66
-87
14
32
15
10
-84
-70
1
-34
-40
-28
-71
-58
-41
-131
-142
-40
-78
-55
-46
-90
-21
-1
-78
-100
-211
-221
-160
-130
-155
-136
-202
-215
-245
-308
-299
-219
-231
-313
-324
-321
-229
-221
-209
-185
-98
-117
-138
-147
-74
-47
-37
-54
-62
-3
83
109
118
93
150
230
264
376
372
429
345
271
243
255
283
289
231
252
369
367
299
268
303
310
387
396
377
435
396
336
332
314
318
242
97
1
-35
-86
-122
-189
-245
-279
-286
-320
-426
-478
-454
-391
-412
-410
-440
-445
-459
-557
-601
-585
-575
-607
-613
-612
-512
-472
-465
-397
-321
-178
-61
-55
-69
-59
-56
-76
18
103
118
264
319
328
380
397
397
528
609
575
560
537
538
571
591
549
626
655
598
528
478
418
462
437
466
573
557
434
310
197
152
175
113
87
34
-55
-118
-214
-324
-390
-437
-529
-565
-588
-661
-615
-665
-715
-674
-697
-701
-683
-638
-596
-586
-630
-645
-553
-462
-406
-339
-250
-155
-99
-11
107
145
207
289
357
445
467
508
530
575
553
567
620
592
559
468
437
511
566
542
490
390
334
338
302
299
295
304
278
256
187
127
149
128
122
-14
-162
-247
-242
-313
-376
-408
-430
-421
-483
-600
-698
-778
-867
-832
-759
-723
-715
-716
-730
-736
-757
-722
-674
-542
-386
-341
-258
-204
-182
-161
-93
2
130
231
292
317
332
414
417
432
481
607
663
684
650
724
764
743
689
617
585
584
592
536
440
364
396
442
446
289
212
203
194
189
167
171
186
93
-44
-202
-317
-388
-504
-649
-725
-694
-627
-665
-769
-841
-819
-830
-799
-729
-779
-677
-657
-671
-666
-662
-583
-456
-413
-378
-284
-159
-76
-2
38
80
169
206
263
323
380
430
435
458
475
520
673
723
665
604
656
687
722
656
613
624
537
558
552
533
476
431
383
331
319
290
328
459
478
388
295
193
125
76
-21
-72
-59
-92
-162
-282
-428
-474
-435
-516
-517
-526
-594
-612
-663
-702
-646
-546
-515
-464
-488
-506
-451
-480
-545
-468
-364
-267
-142
-166
-59
62
67
70
178
196
263
351
369
438
481
478
545
570
514
550
553
505
486
478
524
606
552
525
554
524
465
426
375
356
322
248
163
159
162
61
-48
-163
-133
-95
-106
-192
-334
-372
-365
-402
-432
-477
-495
-559
-619
-716
-802
-775
-788
-841
-905
-882
-822
-745
-729
-739
-738
-672
-574
-531
-472
-488
-512
-490
-423
-377
-338
-309
-278
-232
-185
-86
-13
77
178
204
236
368
447
505
577
602
650
709
681
703
740
678
729
813
852
845
856
816
821
859
778
720
761
756
733
610
484
382
394
365
338
254
104
66
-12
-135
-181
-169
-211
-260
-316
-401
-475
-553
-602
-692
-736
-783
-750
-778
-843
-872
-877
-851
-874
-813
-859
-821
-806
-796
-731
-653
-517
-422
-331
-341
-262
-178
-106
-71
-25
63
146
222
278
389
452
543
574
663
767
877
907
926
995
1005
1029
1023
977
931
872
782
729
689
696
771
710
662
626
539
495
413
295
217
133
83
52
-89
-232
-316
-424
-528
-570
-633
-658
-658
-740
-796
-808
-835
-912
-962
-964
-914
-860
-886
-878
-879
-930
-886
-853
-779
-679
-613
-605
-536
-470
-384
-244
-163
-115
34
148
274
414
457
549
601
578
634
694
725
766
868
906
967
1017
1054
1100
1001
940
902
894
900
877
710
498
374
296
258
182
89
-15
-86
-162
-239
-265
-361
-383
-463
-494
-468
-493
-556
-664
-776
-830
-927
-939
-930
-957
-976
-938
-911
-924
-909
-886
-822
-756
-653
-613
-573
-579
-509
-459
-402
-297
-205
-51
38
89
197
264
391
482
550
635
719
795
854
937
1017
1082
1117
1088
1013
1004
1005
1003
989
1003
948
909
859
823
728
570
473
403
342
277
203
86
51
-6
-97
-188
-191
-290
-362
-454
-528
-506
-537
-640
-672
-626
-643
-678
-789
-814
-847
-848
-884
-918
-879
-844
-770
-746
-718
-643
-541
-455
-435
-414
-341
-233
-179
-88
7
142
309
389
400
412
474
535
610
644
676
737
752
747
799
783
815
817
751
715
667
650
628
596
495
422
443
350
232
128
-11
-72
-66
-120
-165
-191
-211
-253
-262
-324
-351
-427
-569
-652
-713
-713
-687
-708
-734
-758
-834
-841
-830
-827
-855
-806
-756
-696
-659
-651
-613
-519
-480
-450
-405
-327
-223
-139
-60
-12
46
130
235
309
400
464
496
571
647
640
632
646
661
672
670
692
667
653
736
773
741
773
736
695
655
633
589
525
447
379
315
153
40
-48
-113
-178
-235
-266
-249
-223
-269
-328
-355
-400
-448
-508
-536
-590
-616
-561
-560
-588
-631
-625
-611
-613
-588
-548
-445
-387
-319
-277
-280
-205
-119
-117
-87
-54
5
30
56
84
170
249
237
290
335
407
458
481
515
567
607
661
711
738
798
865
818
731
696
702
734
726
690
662
621
536
474
440
350
266
154
59
7
-76
-195
-259
-235
-263
-327
-444
-503
-519
-575
-644
-665
-641
-658
-656
-664
-683
-684
-633
-633
-639
-685
-751
-702
-712
-716
-710
-642
-549
-560
-604
-534
-449
-387
-331
-298
-210
-102
-6
71
191
290
305
342
444
519
578
579
663
762
824
890
912
927
909
894
856
804
815
824
798
713
623
548
492
436
325
258
143
54
32
-122
-221
-225
-253
-276
-339
-413
-463
-487
-537
-582
-643
-668
-643
-657
-706
-774
-849
-891
-876
-884
-877
-824
-825
-877
-890
-860
-795
-749
-682
-578
-466
-330
-259
-236
-175
-61
24
95
114
208
382
494
565
580
679
767
836
846
878
895
975
1025
1036
1018
1054
1042
973
927
875
873
845
777
671
580
483
461
359
196
97
105
60
-15
-162
-331
-368
-437
-497
-596
-685
-692
-659
-727
-846
-888
-853
-849
-866
-863
-888
-838
-806
-817
-797
-753
-738
-700
-675
-591
-499
-439
-348
-234
-130
-63
4
90
179
222
323
430
505
565
606
614
634
693
730
828
973
1064
1107
1073
1026
1008
982
983
1058
1053
1021
977
912
859
800
699
564
459
381
313
232
126
6
-112
-216
-307
-381
-466
-548
-629
-720
-779
-815
-869
-896
-953
-970
-974
-1004
-1041
-1066
-1079
-1035
-1024
-1052
-1041
-989
-936
-831
-773
-727
-624
-536
-458
-375
-283
-202
-153
-71
22
40
87
97
175
283
377
432
478
568
629
610
631
709
827
895
884
864
836
808
747
689
659
673
654
602
530
426
312
274
212
165
82
41
-5
-81
-198
-327
-345
-402
-495
-636
-704
-709
-721
-717
-722
-718
-715
-711
-724
-710
-652
-565
-534
-514
-470
-392
-311
-322
-318
-257
-130
5
49
74
195
294
387
349
342
417
497
611
660
660
726
780
800
851
848
885
923
910
874
877
878
849
866
815
854
804
769
739
675
570
516
435
342
293
180
81
-12
-45
-132
-241
-355
-487
-538
-570
-673
-737
-757
-789
-832
-862
-893
-956
-987
-963
-959
-952
-980
-942
-910
-860
-895
-862
-807
-756
-686
-582
-506
-465
-399
-393
-328
-249
-199
-172
-121
-43
44
96
183
248
338
456
518
569
579
617
642
654
642
638
659
691
717
661
622
556
560
468
403
379
309
250
217
161
111
56
-30
-120
-147
-178
-226
-239
-364
-406
-447
-540
-593
-624
-624
-680
-708
-695
-663
-573
-529
-543
-523
-480
-370
-296
-240
-187
-217
-246
-222
-133
-57
-36
63
118
237
332
389
463
508
558
583
692
772
829
816
837
810
861
869
853
909
920
904
850
783
690
671
682
653
610
589
562
509
428
339
220
130
21
-107
-178
-254
-354
-475
-566
-659
-696
-734
-838
-906
-907
-896
-950
-988
-1059
-1111
-1130
-1154
-1100
-1009
-914
-843
-804
-745
-740
-645
-565
-486
-408
-310
-217
-130
-55
38
116
204
294
364
447
492
557
649
712
719
802
857
900
928
963
1083
1094
1063
1070
1074
1067
1039
945
825
787
748
713
646
607
491
458
417
362
272
104
-1
-105
-171
-297
-419
-561
-695
-756
-847
-970
-985
-1021
-1018
-1057
-1128
-1199
-1172
-1120
-1087
-1013
-1005
-969
-890
-883
-885
-798
-701
-597
-561
-509
-437
-371
-238
-157
-92
-13
44
123
173
260
339
347
384
450
544
601
633
671
706
769
835
865
897
843
811
781
796
793
773
732
684
634
615
602
527
437
350
236
210
175
119
38
-75
-168
-237
-336
-365
-385
-479
-559
-646
-662
-649
-695
-739
-754
-765
-757
-719
-703
-722
-687
-655
-611
-537
-476
-409
-421
-392
-316
-195
-166
-111
-50
-35
24
81
129
196
254
330
395
414
439
499
557
587
650
659
679
687
703
718
684
664
642
630
585
543
537
576
593
558
489
415
403
311
245
186
145
104
60
23
-13
-75
-145
-210
-287
-350
-344
-348
-409
-492
-558
-588
-588
-585
-636
-651
-654
-634
-685
-698
-668
-610
-549
-550
-574
-517
-363
-271
-256
-256
-239
-176
-124
-103
-78
-45
-2
67
119
152
179
226
286
365
398
424
493
495
502
531
531
523
543
504
515
476
411
373
313
304
288
256
271
269
257
194
119
111
84
14
-30
-38
-75
-136
-193
-264
-306
-368
-412
-427
-460
-454
-504
-508
-462
-433
-475
-472
-492
-502
-483
-482
-397
-389
-357
-317
-284
-255
-202
-175
-133
-92
-8
139
226
241
222
210
282
309
370
446
519
555
569
495
445
511
503
530
587
536
544
531
547
535
493
419
385
338
282
263
185
177
135
60
45
-16
-94
-100
-158
-233
-254
-279
-347
-426
-460
-469
-475
-520
-549
-604
-604
-565
-564
-616
-665
-674
-659
-586
-568
-543
-521
-455
-396
-333
-246
-177
-134
-86
-20
14
84
117
187
257
304
406
475
499
478
521
559
587
622
634
653
697
639
591
562
524
499
530
570
549
545
444
361
276
182
101
41
0
2
-8
-73
-122
-200
-243
-301
-347
-427
-431
-467
-461
-488
-510
-521
-545
-571
-649
-677
-678
-614
-593
-553
-528
-512
-530
-564
-525
-452
-376
-288
-198
-119
-90
-76
-55
24
121
180
204
235
332
426
445
492
562
600
619
630
610
672
662
592
563
509
483
437
403
353
309
266
276
259
258
186
156
124
83
-26
-127
-165
-215
-268
-351
-422
-523
-526
-500
-522
-535
-489
-458
-485
-468
-500
-543
-581
-599
-565
-547
-497
-417
-415
-413
-372
-340
-302
-261
-230
-185
-136
-27
43
75
145
258
318
348
408
488
483
508
565
605
630
636
642
634
623
637
613
610
596
568
530
537
504
470
473
413
378
333
277
231
220
192
143
75
51
22
-21
-89
-108
-155
-207
-225
-286
-283
-291
-337
-313
-333
-339
-384
-393
-407
-427
-423
-429
-364
-303
-322
-326
-316
-266
-274
-286
-250
-170
-127
-124
-80
-92
-43
22
43
41
46
70
70
74
108
150
196
243
260
197
167
226
238
205
154
109
98
132
106
40
52
36
11
42
7
-30
-33
-61
-73
-52
-30
-30
-83
-130
-180
-210
-213
-192
-230
-244
-220
-200
-164
-182
-226
-272
-264
-239
-200
-208
-214
-184
-177
-208
-237
-243
-258
-223
-219
-187
-127
-86
-15
-21
17
28
18
85
111
95
126
156
175
212
226
249
252
208
202
210
276
257
257
292
307
279
227
172
206
252
231
227
229
194
143
138
52
32
42
46
45
-1
-48
-55
-101
-100
-81
-92
-72
-75
-80
-103
-147
-189
-156
-201
-225
-180
-161
-124
-125
-195
-177
-164
-150
-164
-159
-100
-55
-52
-31
-19
-41
-12
-32
18
61
49
90
139
185
248
234
220
203
209
249
311
298
335
316
337
379
366
346
323
325
317
297
262
255
218
205
135
98
57
20
14
11
1
-58
-54
-60
-93
-142
-202
-196
-207
-222
-232
-267
-232
-279
-290
-319
-312
-311
-344
-320
-322
-313
-293
-275
-291
-291
-261
-230
-218
-199
-173
-197
-228
-228
-231
-208
-177
-137
-62
-22
-14
8
31
58
76
89
109
195
227
248
263
293
281
249
281
299
250
195
149
112
118
98
39
32
46
35
53
47
31
22
24
-9
-76
-61
-73
-81
-96
-95
-103
-92
-130
-145
-115
-103
-110
-90
-106
-130
-160
-229
-237
-251
-221
-227
-184
-115
-150
-164
-175
-158
-109
-108
-116
-58
-32
20
43
54
84
118
141
194
238
234
247
321
309
365
370
356
391
380
339
327
367
363
400
381
361
313
290
215
123
94
57
47
50
82
83
31
9
10
-67
-123
-110
-85
-102
-110
-102
-163
-170
-153
-117
-93
-124
-159
-148
-165
-135
-145
-210
-176
-166
-168
-165
-135
-134
-87
-95
-80
-76
-91
-69
-106
-116
-129
-96
-81
-37
-27
0
48
84
117
109
114
102
129
104
136
141
117
107
97
114
83
123
131
158
128
75
69
51
7
-23
-53
-95
-115
-133
-124
-89
-51
-79
-87
-163
-232
-251
-230
-214
-224
-174
-145
-143
-140
-187
-216
-216
-240
-228
-244
-226
-178
-159
-144
-182
-177
-132
-111
-87
-95
-106
-150
-95
-57
-17
16
40
88
107
119
105
110
128
134
106
163
186
204
208
164
129
112
110
96
115
113
112
129
113
82
84
55
53
54
59
46
68
48
63
89
80
75
67
55
73
122
88
52
47
64
82
77
88
97
97
97
31
-35
-50
-59
-15
26
16
11
-17
-20
-41
-34
-14
48
50
100
98
95
102
96
123
91
101
81
87
61
74
85
71
49
82
69
102
144
134
163
102
65
7
-18
0
-9
0
-15
17
25
33
15
-19
-28
-33
-87
-78
-98
-91
-92
-115
-102
-81
-43
-33
-47
-79
-125
-147
-122
-155
-178
-152
-133
-132
-129
-181
-182
-146
-93
-79
-69
-55
-23
7
18
2
13
67
61
24
-4
37
52
79
17
30
53
50
69
46
61
73
94
46
43
16
-18
-36
-57
-84
-104
-118
-127
-125
-100
-113
-116
-83
-112
-142
-127
-120
-122
-163
-227
-215
-260
-222
-221
-214
-212
-192
-197
-194
-197
-162
-139
-140
-124
-117
-96
-59
-66
-77
-65
-108
-100
-79
-40
51
126
100
153
172
187
185
185
182
242
246
213
259
299
334
338
335
336
380
369
359
339
344
350
341
325
303
292
259
247
237
232
178
181
192
165
69
-20
-39
-91
-95
-144
-142
-122
-86
-129
-157
-190
-212
-219
-249
-257
-256
-267
-244
-246
-205
-189
-195
-161
-221
-231
-247
-214
-149
-88
-91
-77
-55
-23
8
19
17
-3
36
16
26
31
24
42
59
54
87
86
100
132
148
125
132
121
103
128
141
192
198
198
169
154
132
131
112
85
73
57
38
48
87
29
58
63
45
40
14
7
14
33
25
-42
-99
-101
-164
-151
-125
-119
-162
-162
-146
-147
-166
-135
-136
-135
-160
-211
-202
-190
-163
-112
-76
-82
-98
-140
-163
-169
-156
-153
-129
-93
-66
-77
-66
-79
-43
-52
-67
-90
-122
-113
-83
-102
-134
-133
-141
-138
