82
106
133
162
167
150
141
127
137
148
135
95
107
87
48
71
80
108
123
148
161
182
171
152
141
112
84
101
109
132
126
111
119
110
124
130
153
108
108
110
80
83
67
61
67
93
83
78
29
31
22
8
-20
-42
-14
2
-5
-26
-65
-89
-97
-102
-108
-131
-124
-104
-67
-45
-97
-188
-200
-179
-156
-177
-187
-185
-166
-178
-221
-220
-225
-203
-181
-188
-188
-191
-207
-234
-210
-220
-222
-218
-207
-192
-183
-193
-194
-173
-130
-102
-112
-95
-101
-111
-94
-82
-76
-70
-85
-68
-49
-41
-40
-35
-9
19
-20
-48
-57
-58
-21
50
44
60
73
80
116
91
112
130
195
212
219
213
212
209
192
226
240
231
262
268
263
260
229
230
218
221
221
171
151
171
184
147
116
85
96
83
75
77
73
61
63
71
112
82
-5
-32
-13
20
21
50
72
68
56
36
11
1
-5
1
13
8
12
12
15
-14
-50
-51
-58
-85
-102
-80
-103
-108
-100
-99
-108
-113
-122
-143
-115
-98
-113
-134
-134
-95
-64
-21
-12
-11
-18
-62
-75
-76
-67
-60
-20
1
-40
-19
-52
-78
-67
-9
5
39
13
-7
-3
-56
-44
-57
-55
-61
-71
-64
-54
-73
-58
-49
-35
-56
-49
-54
-51
-72
-57
-67
-107
-97
-112
-77
-72
-29
-28
-56
-68
-70
-50
-77
-60
-16
24
34
12
-2
-7
-4
-31
-42
-37
-45
-47
-56
-34
5
-10
22
19
15
47
49
72
67
80
100
91
97
85
50
52
53
65
84
103
104
105
90
100
129
148
153
173
198
185
197
175
137
142
152
106
111
68
49
43
-2
7
-9
-63
-44
-33
-48
-16
13
-7
-4
-17
-32
-16
-45
-62
-83
-85
-74
-73
-45
-50
-53
-47
-62
-91
-89
-62
-56
-24
-25
-82
-85
-95
-127
-102
-64
-46
-61
-70
-84
-132
-129
-99
-73
-89
-60
-33
-9
-10
-13
13
40
36
8
-11
8
15
42
43
49
68
76
117
93
86
69
95
126
116
130
135
170
189
194
165
161
162
157
157
160
114
140
140
134
140
125
113
90
71
72
70
22
-47
-108
-107
-73
-67
-66
-81
-99
-132
-182
-168
-191
-177
-155
-146
-123
-107
-129
-200
-198
-201
-156
-165
-126
-112
-93
-66
-80
-65
-84
-111
-125
-123
-73
-68
-76
-55
-62
-76
-98
-83
-113
-126
-98
-61
-59
-10
22
-1
-11
9
19
10
29
46
73
128
123
114
93
67
91
111
81
79
97
92
122
144
114
74
82
53
43
30
14
30
65
84
121
53
36
60
13
10
-28
-26
-9
5
15
33
41
45
38
-16
-55
-54
-39
-48
-16
-14
-21
-31
-46
-60
-33
7
2
5
-17
-17
-11
19
46
37
21
34
28
1
-23
-40
-51
-22
-12
-17
-10
16
12
12
13
-2
41
49
51
54
53
39
30
36
48
19
16
-17
0
14
51
124
139
132
94
83
67
74
42
39
30
36
41
57
31
-16
-18
-16
-69
-84
-72
-97
-62
-36
-72
-115
-121
-133
-131
-122
-102
-119
-114
-109
-76
-54
-64
-85
-107
-86
-93
-100
-109
-138
-88
-34
3
42
84
104
96
102
47
-12
-21
-35
-23
30
33
43
32
11
-1
-27
5
22
43
48
37
22
12
8
11
-1
16
-2
-12
-34
-48
-45
-19
-15
-20
4
-15
-7
-29
-27
-19
31
86
99
105
129
74
53
55
41
46
66
84
78
92
79
47
58
90
73
68
79
65
43
38
4
-27
-22
-25
14
6
17
12
-23
-10
-14
-11
-34
-30
-42
-18
-46
-47
-16
24
82
45
44
47
27
23
15
32
74
79
46
2
-59
-40
-46
-25
-1
22
39
20
-21
-86
-91
-76
-34
-16
9
40
47
8
-15
-73
-69
-9
13
-3
-17
-28
-57
-54
-66
-78
-60
-48
-62
-60
-55
-37
-79
-65
-63
-100
-71
-78
-81
-76
-65
-70
-98
-95
-48
-25
-11
-11
-47
-30
-40
-83
-60
-38
20
51
45
46
24
32
30
-5
3
-9
16
41
52
27
-6
11
-14
-13
-6
-10
12
59
30
38
58
76
82
47
25
13
21
34
50
56
48
49
7
-19
-19
4
0
14
4
-31
2
13
-17
-48
-49
-61
-59
-17
-25
-45
-17
-2
-37
-43
-49
-29
8
32
43
19
32
18
22
15
-1
3
46
79
88
56
50
36
10
-7
17
72
78
74
92
76
35
52
64
80
104
98
92
96
75
94
78
87
50
21
30
16
51
50
71
50
31
3
-11
-39
-39
-18
-23
-23
-12
-13
11
16
4
-8
-4
-2
-24
-58
-50
-26
-12
4
-16
-40
-72
-80
-86
-95
-95
-108
-97
-95
-136
-121
-171
-130
-151
-181
-192
-172
-128
-112
-112
-119
-88
-106
-73
-101
-70
-52
-14
7
-4
14
28
80
63
72
70
84
77
43
68
66
93
131
127
130
108
74
105
76
88
63
39
38
45
90
82
66
96
113
138
185
180
147
111
81
39
49
70
39
102
92
95
49
-17
-39
-62
-55
-49
-20
4
-35
-71
-117
-163
-154
-138
-82
-58
-44
-70
-71
-79
-79
-84
-71
-74
-44
-15
-58
-63
-61
-37
-22
-20
-17
-9
24
13
-7
17
1
-32
-77
-82
-63
-72
-56
-57
-72
-73
-54
-51
-13
27
39
44
-1
-27
-51
-47
-7
48
78
80
45
40
41
-3
7
-1
62
88
91
61
48
36
11
34
31
23
19
2
-18
55
56
14
37
-10
-14
13
32
-3
-29
-46
-27
-46
-108
-113
-97
-109
-96
-105
-125
-96
-62
-60
-30
-36
-19
5
-42
-24
-34
-53
-46
-51
21
50
20
36
9
-4
38
38
49
51
48
74
82
72
43
72
136
160
138
93
60
61
81
65
62
20
41
42
0
3
18
37
60
28
28
51
62
91
102
122
97
119
94
74
58
83
105
92
76
68
61
71
82
61
8
-4
8
7
-2
-31
-32
-42
-61
-74
-58
-97
-110
-150
-137
-97
-68
-81
-115
-111
-120
-113
-102
-113
-130
-101
-96
-108
-120
-105
-85
-82
-115
-111
-92
-69
-68
-54
-49
-27
-50
-14
-6
-56
-38
-8
-3
-6
40
27
55
64
22
-2
17
42
51
58
17
4
-7
21
28
-4
-21
-19
-17
22
21
22
26
42
45
11
-49
-52
-57
-45
-23
16
-3
-12
4
-25
-25
-10
-3
-28
-44
-10
5
-12
-8
23
21
-17
-28
-52
-23
-14
17
27
-4
-27
-29
27
25
64
81
69
96
99
90
93
135
162
175
149
148
162
171
181
209
223
237
209
175
128
94
115
134
161
180
150
121
79
33
45
25
-10
7
19
-5
-28
-56
-93
-63
-72
-80
-93
-106
-78
-100
-115
-125
-105
-81
-92
-114
-136
-151
-137
-146
-125
-161
-128
-143
-170
-168
-179
-155
-159
-144
-177
-142
-102
-65
-23
-24
-30
-58
-88
-108
-119
-111
-115
-130
-120
-109
-86
-62
-81
-68
-70
-91
-86
-58
-56
-58
-54
-42
-11
5
8
16
43
41
20
37
65
106
86
125
114
127
160
147
139
153
170
191
222
180
156
162
112
105
95
99
102
89
95
80
36
52
62
55
95
66
57
35
36
54
70
57
37
-5
-22
-17
-9
-19
-20
-33
-30
-18
-27
-37
-57
-51
-32
-11
-33
-73
-108
-143
-168
-189
-197
-166
-124
-129
-133
-174
-187
-146
-117
-96
-104
-102
-111
-85
-65
-74
-63
-33
-18
20
45
31
25
53
42
38
18
-18
16
34
108
110
127
153
154
185
180
161
163
180
211
223
183
176
188
149
164
180
140
125
110
111
96
106
115
121
132
91
53
32
10
-28
-58
-31
-7
-40
-60
-82
-89
-50
-62
-48
-46
-51
-17
-10
-18
-62
-93
-53
-65
-80
-66
-102
-104
-97
-109
-127
-144
-117
-104
-106
-79
-55
-85
-131
-125
-151
-149
-148
-143
-140
-140
-104
-96
-48
-19
-11
-22
-32
-46
-64
1
75
100
106
68
37
53
41
11
35
62
73
78
76
94
92
90
96
112
101
101
80
64
74
83
75
67
52
36
16
10
41
50
50
49
47
34
15
8
-7
-39
-55
-53
-46
-75
-57
-75
-59
-105
-170
-192
-172
-142
-130
-76
-61
-35
-17
-70
-121
-158
-140
-91
-113
-62
-48
-67
-84
-80
-101
-97
-68
-86
-52
-66
-58
-51
-25
-10
-21
-6
-3
10
-19
17
3
-10
27
33
38
45
38
38
31
37
40
55
99
87
121
150
128
148
158
131
122
94
102
34
46
50
71
80
60
48
16
31
55
96
95
101
116
120
80
73
27
44
99
85
88
67
97
124
109
126
91
103
99
80
60
75
127
164
119
67
-1
-20
-7
20
54
20
31
11
-16
-24
-13
13
27
36
-8
-37
-47
-55
-20
-36
-68
-55
-51
-48
-75
-115
-120
-79
-84
-116
-119
-90
-109
-99
-115
-118
-95
-104
-106
-137
-115
-130
-102
-91
-100
-95
-101
-115
-163
-130
-109
-79
-47
-76
-110
-135
-107
-127
-165
-176
-147
-147
-116
-92
-101
-115
-110
-84
-55
-65
-81
-103
-82
-47
-28
13
33
41
53
26
43
47
40
49
58
103
104
78
65
54
25
67
52
61
103
113
125
101
72
45
48
62
55
59
67
98
104
142
147
146
113
118
136
104
127
165
177
177
146
109
117
99
92
95
130
172
153
107
114
112
78
60
55
45
16
17
33
53
54
72
75
39
16
-3
-37
-15
11
1
-11
-15
-10
-23
-47
-36
-59
-96
-82
-73
-91
-72
-58
-40
-46
-64
-65
-83
-103
-133
-128
-90
-36
-40
-44
-19
-19
-27
-68
-93
-110
-106
-120
-148
-109
-79
-69
-62
-105
-128
-126
-98
-116
-102
-66
-49
-53
-108
-137
-134
-89
-42
-88
-106
-97
-111
-93
-75
-72
-42
3
41
48
10
1
45
83
26
-20
-17
-4
49
50
59
59
48
85
70
48
22
23
83
111
59
53
52
58
94
111
139
109
138
164
87
35
65
75
52
58
74
35
55
64
32
8
30
42
17
51
25
-11
-24
-26
-21
-30
-45
-58
-44
-28
-27
-32
-35
-26
-34
-35
-62
-80
-73
-65
-61
-53
-67
-77
-53
-59
-45
-74
-72
-59
-68
-52
-73
-75
-68
-76
-83
-86
-60
-45
-6
7
1
18
44
106
118
69
80
76
60
85
111
140
144
149
136
92
89
124
120
110
102
92
90
99
105
93
74
41
53
76
75
136
140
146
152
140
118
109
62
46
81
100
105
140
111
81
30
-3
-32
-92
-65
-57
-17
-23
-38
-118
-140
-162
-153
-160
-170
-168
-200
-188
-220
-199
-207
-185
-127
-144
-131
-104
-122
-122
-149
-142
-126
-142
-153
-141
-108
-65
-61
-51
-53
-60
-59
-71
-49
-43
-8
-17
-23
-45
-38
-56
-28
-20
-12
10
-5
-15
-12
8
24
60
50
88
67
52
71
88
107
106
137
113
76
62
50
82
76
90
42
21
58
74
122
136
115
83
87
65
74
73
76
100
107
61
16
-11
-19
-2
-22
-18
-6
-4
-9
-25
-45
-56
-48
-46
-59
-29
-6
-66
-70
-76
-104
-103
-81
-58
-50
-58
-45
-38
-30
-44
-49
-12
-39
-55
-56
-41
-10
18
23
34
45
94
82
42
38
11
-5
-36
-12
37
77
71
27
22
26
28
9
36
68
101
84
100
130
133
132
119
99
121
139
125
151
145
134
131
89
75
52
50
108
98
47
28
25
20
35
10
2
-26
-31
-37
-105
-116
-107
-64
-77
-100
-124
-131
-132
-157
-184
-177
-195
-187
-158
-162
-143
-139
-149
-160
-148
-145
-157
-139
-105
-68
-71
-95
-101
-81
-51
-49
-58
-50
8
75
114
86
49
20
6
1
9
37
40
92
72
83
65
35
30
20
48
28
95
117
63
38
-7
-31
-24
-46
-49
-34
7
42
64
43
35
22
15
16
10
8
19
2
-16
-13
2
-30
-46
-48
-49
-52
-75
-43
-8
-25
-17
-23
-54
-44
-61
-33
6
17
26
52
31
41
60
50
56
52
43
73
105
126
112
70
52
42
86
93
116
86
95
85
52
44
25
42
47
57
79
63
46
21
-17
5
-30
-20
-7
18
27
28
41
31
30
27
61
34
11
11
14
43
69
57
50
6
33
48
5
43
51
68
42
21
-10
0
-17
-16
-1
31
10
-18
-15
-56
-62
-47
-30
-25
16
-15
-19
-71
-110
-117
-100
-104
-111
-101
-93
-59
-82
-87
-72
-121
-124
-72
-48
-20
-65
-99
-71
-69
-94
-83
-58
-37
-8
-18
-61
-87
-56
-8
-6
-3
-30
-9
18
-2
-14
-9
-8
23
15
18
2
34
-17
-49
-79
-101
-75
-79
-15
0
31
-5
-22
1
-17
-24
-18
-14
22
27
-17
-17
-50
-28
-4
-19
-16
55
74
43
16
26
37
28
38
38
41
51
42
-8
-26
-19
0
1
21
26
37
51
53
63
48
62
35
23
4
3
15
31
3
20
-12
-9
-36
-55
-33
-29
-13
-23
-4
-2
5
4
3
-21
0
19
67
69
101
96
77
46
41
42
73
111
131
130
99
67
51
58
38
61
57
37
29
34
4
-12
0
4
19
-18
5
30
24
11
-24
-10
22
25
39
71
66
65
81
58
34
32
47
54
18
14
-12
-3
16
10
-12
-21
-32
-32
-68
-68
-96
-76
-41
-67
-73
-89
-25
-29
-8
-13
-19
-60
-115
-102
-85
-31
-44
-9
-32
-17
-10
16
22
9
12
-39
-41
-81
-71
-29
-6
5
16
-5
-30
-45
-29
-13
-6
15
48
81
68
57
-3
-9
-6
9
18
2
8
4
23
-2
-8
-42
-57
-67
-45
-40
-47
-75
-68
-97
-117
-103
-94
-46
-30
3
-19
-36
-49
-65
-100
-63
-47
-37
-7
12
-5
-24
-61
-38
-51
-5
-21
-42
-31
-50
-23
-24
31
19
45
59
42
43
39
54
32
5
29
22
36
65
63
29
5
4
9
-11
-1
42
49
44
25
5
-44
-32
-25
-1
1
13
28
34
2
-56
-68
-65
-67
-66
-5
12
78
67
43
17
-2
37
43
28
60
91
77
123
103
95
61
73
86
147
165
182
207
174
147
100
96
88
133
162
142
93
62
22
-20
-6
-15
-12
36
72
74
66
67
31
31
20
-8
-20
-68
-54
-36
-15
-9
-38
-89
-100
-111
-111
-125
-87
-58
-33
-18
-113
-133
-150
-140
-113
-95
-52
-69
-117
-95
-103
-118
-84
-83
-40
-6
-3
-9
-49
-61
-60
-40
-25
-62
-49
-55
-55
-80
-88
-110
-83
-51
-33
-18
-20
-13
-20
-5
-39
-75
3
12
58
88
57
86
62
40
21
28
38
96
95
71
49
48
52
21
-16
-41
-32
49
38
42
17
-39
22
-32
-43
-11
-21
-27
-17
-14
36
45
67
77
48
51
27
7
-33
-38
-7
18
10
-61
-121
-111
-121
-44
-28
-78
-137
-136
-144
-160
-167
-182
-126
-133
-128
-85
-84
-36
-34
-63
-57
-64
-6
34
72
126
171
193
180
181
166
134
136
142
143
177
209
203
205
137
105
72
97
165
213
251
256
217
162
120
98
68
57
41
36
38
64
63
40
1
-32
-8
-8
4
40
43
52
22
6
5
18
-7
-24
6
19
48
58
52
45
19
26
14
20
31
64
76
67
39
31
-26
-58
-43
-69
-79
-100
-94
-142
-141
-200
-219
-241
-245
-243
-275
-279
-299
-280
-277
-255
-276
-231
-255
-248
-238
-275
-236
-204
-167
-149
-174
-176
-145
-132
-89
-64
-46
-12
21
18
23
49
65
142
169
198
215
172
125
118
78
111
160
218
236
220
183
139
160
118
117
158
156
148
135
75
43
58
12
3
-36
-80
-87
-101
-110
-105
-73
-69
-32
-34
-61
-76
-94
-109
-121
-131
-101
-122
-81
-20
23
27
42
13
-3
-26
-57
69
101
162
156
179
165
112
104
85
114
134
129
157
169
147
161
129
100
97
93
109
61
51
33
29
58
64
29
23
41
13
-2
-30
-78
-37
-63
-54
-58
-73
-82
-103
-93
-100
-124
-133
-122
-158
-147
-117
-130
-112
-95
-55
-18
-5
-16
-18
14
11
44
50
68
111
122
129
133
147
149
140
160
168
134
115
106
94
48
68
91
90
56
39
2
-13
16
-13
-57
-92
-102
-110
-86
-110
-131
-138
-144
-141
-174
-158
-164
-130
-115
-97
-122
-128
-140
-131
-108
-90
-63
-5
29
41
19
15
36
31
37
82
176
184
199
204
218
256
279
259
225
215
237
245
195
147
130
107
57
34
-9
-29
31
12
-24
-94
-159
-222
-263
-292
-315
-318
-314
-306
-355
-400
-436
-445
-461
-452
-421
-376
-369
-358
-336
-315
-302
-314
-317
-236
-202
-176
-123
-128
-41
-8
-2
60
102
129
196
247
330
423
439
457
482
543
554
580
609
585
593
605
586
561
551
488
410
363
330
275
178
130
62
15
-34
-112
-165
-255
-307
-380
-434
-526
-605
-656
-682
-704
-709
-721
-738
-770
-736
-709
-650
-571
-472
-407
-331
-237
-194
-85
18
156
282
406
533
646
766
906
991
1050
1120
1196
1225
1263
1283
1256
1224
1186
1114
1050
937
774
644
508
401
259
97
-75
-237
-401
-603
-841
-956
-1051
-1161
-1287
-1439
-1563
-1649
-1677
-1719
-1768
-1815
-1812
-1788
-1761
-1685
-1624
-1519
-1327
-1119
-887
-600
-266
19
330
587
862
1144
1423
1676
1863
2046
2155
2261
2350
2495
2569
2573
2565
2505
2441
2303
2141
1945
1688
1398
1084
742
401
67
-275
-619
-927
-1232
-1548
-1843
-2137
-2341
-2544
-2695
-2863
-3055
-3190
-3287
-3361
-3448
-3481
-3452
-3325
-3164
-3010
-2841
-2593
-2247
-1790
-1259
-734
-244
176
644
1139
1635
2168
2625
3010
3317
3588
3832
4073
4302
4514
4682
4773
4749
4654
4486
4278
4010
3711
3324
2900
2486
2026
1572
1053
480
-90
-615
-1075
-1534
-1975
-2354
-2737
-3104
-3426
-3736
-4004
-4215
-4446
-4632
-4799
-4877
-4879
-4906
-4902
-4823
-4725
-4560
-4311
-4012
-3683
-3325
-2891
-2430
-1888
-1227
-596
-59
453
998
1611
2235
2892
3436
3935
4381
4788
5146
5430
5700
5911
6069
6101
6041
5863
5635
5357
4997
4542
4033
3509
2969
2441
1877
1248
613
-47
-705
-1312
-1827
-2276
-2696
-3137
-3548
-3935
-4243
-4532
-4783
-4975
-5114
-5211
-5238
-5237
-5249
-5265
-5271
-5198
-5054
-4811
-4518
-4154
-3771
-3404
-3018
-2523
-1946
-1333
-700
-119
517
1192
1859
2543
3195
3768
4223
4607
5043
5437
5795
6059
6283
6381
6328
6188
5915
5621
5270
4825
4312
3767
3206
2609
1999
1326
639
-19
-654
-1258
-1836
-2361
-2828
-3259
-3705
-4100
-4438
-4678
-4836
-5022
-5178
-5347
-5438
-5462
-5468
-5462
-5453
-5381
-5234
-4990
-4722
-4444
-4117
-3748
-3314
-2827
-2241
-1528
-800
-90
508
1127
1807
2547
3298
3988
4613
5142
5653
6080
6493
6868
7140
7383
7483
7429
7252
6993
6643
6205
5729
5152
4550
3920
3255
2519
1727
908
97
-646
-1349
-1967
-2538
-3110
-3655
-4210
-4738
-5196
-5606
-5916
-6164
-6365
-6551
-6674
-6741
-6815
-6875
-6906
-6859
-6722
-6455
-6107
-5724
-5303
-4830
-4342
-3763
-3012
-2196
-1352
-525
275
1091
1934
2800
3699
4497
5217
5877
6488
7046
7540
7965
8304
8537
8621
8566
8377
8078
7699
7209
6626
5947
5211
4420
3595
2712
1762
795
-136
-1045
-1893
-2656
-3386
-4068
-4732
-5377
-5947
-6418
-6801
-7114
-7378
-7619
-7796
-7860
-7900
-7884
-7851
-7757
-7545
-7223
-6868
-6411
-5904
-5357
-4778
-4147
-3362
-2471
-1541
-583
294
1161
2061
3012
4011
4926
5755
6448
7048
7621
8153
8649
8996
9244
9377
9315
9140
8768
8340
7801
7145
6417
5597
4741
3860
2962
1979
957
-125
-1126
-2050
-2843
-3577
-4284
-4927
-5636
-6283
-6794
-7237
-7545
-7752
-7913
-8000
-8042
-8031
-8054
-8008
-7901
-7708
-7363
-6941
-6412
-5881
-5341
-4772
-4169
-3428
-2525
-1590
-623
304
1154
2056
3001
4002
4990
5878
6678
7339
7917
8460
8882
9236
9490
9625
9558
9383
9057
8588
8040
7375
6597
5719
4818
3912
2953
1952
885
-210
-1322
-2351
-3256
-4075
-4803
-5511
-6168
-6805
-7319
-7726
-8015
-8209
-8350
-8410
-8417
-8322
-8204
-8063
-7889
-7639
-7283
-6822
-6253
-5658
-5010
-4357
-3717
-2957
-2093
-1110
-72
896
1769
2642
3557
4531
5505
6398
7194
7857
8411
8875
9275
9602
9787
9906
9854
9629
9247
8738
8137
7411
6549
5592
4614
3613
2582
1555
468
-655
-1755
-2827
-3806
-4616
-5345
-6048
-6705
-7308
-7849
-8270
-8579
-8782
-8887
-8901
-8848
-8745
-8559
-8404
-8243
-7979
-7616
-7172
-6630
-6010
-5394
-4740
-4083
-3337
-2477
-1491
-477
503
1380
2218
3134
4111
5134
6115
6962
7652
8254
8789
9285
9686
9968
10159
10181
10019
9760
9337
8822
8146
7380
6494
5502
4493
3474
2410
1320
176
-1007
-2101
-3144
-4049
-4882
-5655
-6405
-7074
-7654
-8121
-8499
-8726
-8901
-9002
-9015
-9008
-8903
-8817
-8654
-8411
-8070
-7598
-7063
-6482
-5865
-5222
-4574
-3826
-2942
-1880
-763
302
1253
2166
3124
4126
5213
6245
7167
7969
8636
9205
9722
10157
10473
10705
10793
10668
10376
9941
9408
8743
7928
6989
5973
4905
3845
2723
1523
253
-1001
-2199
-3294
-4305
-5226
-6086
-6899
-7659
-8300
-8809
-9185
-9422
-9583
-9662
-9649
-9552
-9413
-9246
-9061
-8762
-8354
-7836
-7228
-6574
-5880
-5152
-4416
-3603
-2643
-1534
-358
747
1741
2666
3651
4687
5782
6794
7673
8441
9086
9661
10153
10574
10852
11007
11006
10819
10442
9906
9288
8536
7670
6660
5513
4345
3171
1975
708
-606
-1915
-3186
-4289
-5287
-6205
-7056
-7831
-8481
-9067
-9510
-9814
-10021
-10121
-10107
-9973
-9801
-9578
-9316
-9025
-8663
-8196
-7588
-6911
-6193
-5451
-4733
-3960
-3126
-2158
-1002
172
1295
2276
3175
4125
5128
6188
7188
8049
8774
9400
9911
10394
10799
11068
11217
11178
10968
10579
10041
9403
8640
7716
6676
5544
4358
3149
1909
618
-744
-2072
-3304
-4432
-5401
-6277
-7105
-7879
-8603
-9182
-9620
-9966
-10162
-10249
-10179
-10049
-9865
-9639
-9384
-9074
-8687
-8179
-7561
-6797
-5978
-5198
-4438
-3679
-2829
-1800
-607
589
1717
2677
3611
4594
5606
6660
7671
8539
9289
9933
10478
10967
11322
11535
11651
11584
11340
10931
10346
9651
8832
7847
6759
5540
4306
3043
1779
467
-957
-2341
-3689
-4935
-5985
-6936
-7798
-8547
-9260
-9841
-10274
-10622
-10779
-10819
-10771
-10576
-10302
-10037
-9724
-9373
-8941
-8350
-7675
-6901
-6097
-5308
-4484
-3648
-2760
-1711
-487
771
1877
2829
3766
4756
5831
6918
7875
8708
9392
9985
10496
10904
11280
11519
11623
11546
11268
10768
10169
9465
8585
7543
6408
5222
3990
2696
1407
28
-1390
-2780
-4094
-5298
-6317
-7221
-8038
-8741
-9422
-9986
-10389
-10633
-10742
-10695
-10540
-10304
-10015
-9671
-9298
-8878
-8384
-7790
-7066
-6306
-5484
-4631
-3796
-2960
-2018
-910
298
1524
2568
3485
4416
5398
6485
7492
8320
9005
9581
10112
10568
10960
11255
11435
11483
11305
10953
10425
9786
9037
8118
7049
5889
4705
3492
2227
932
-479
-1927
-3284
-4561
-5686
-6656
-7516
-8308
-9076
-9790
-10355
-10729
-10928
-10996
-10927
-10756
-10494
-10225
-9976
-9636
-9181
-8600
-7901
-7089
-6243
-5381
-4504
-3695
-2750
-1616
-362
892
2059
3054
4037
5045
6106
7168
8097
8916
9585
10204
10745
11199
11585
11865
12019
11976
11679
11224
10657
10004
9209
8246
7111
5901
4679
3386
2049
619
-835
-2270
-3641
-4924
-6058
-7078
-8027
-8913
-9727
-10401
-10885
-11238
-11450
-11508
-11468
-11336
-11111
-10828
-10461
-9995
-9478
-8827
-8097
-7255
-6333
-5413
-4470
-3456
-2302
-1009
297
1526
2551
3539
4608
5735
6918
7964
8832
9595
10245
10790
11283
11714
12044
12249
12222
11988
11593
11033
10386
9592
8661
7598
6455
5219
3925
2603
1181
-321
-1843
-3307
-4676
-5803
-6831
-7814
-8747
-9659
-10435
-11014
-11440
-11648
-11718
-11687
-11580
-11418
-11224
-10919
-10484
-9950
-9278
-8493
-7613
-6676
-5727
-4814
-3791
-2599
-1254
161
1477
2612
3658
4757
5910
7072
8115
9020
9800
10502
11080
11579
11987
12291
12508
12519
12280
11910
11399
10775
10000
9051
7979
6779
5507
4196
2873
1459
-27
-1534
-3041
-4420
-5619
-6711
-7759
-8754
-9711
-10527
-11124
-11555
-11858
-11998
-12030
-11935
-11825
-11651
-11345
-10950
-10347
-9633
-8836
-7985
-7064
-6102
-5092
-4014
-2751
-1358
59
1380
2532
3678
4869
6081
7279
8354
9264
10071
10755
11320
11815
12229
12562
12750
12700
12496
12099
11565
10919
10089
9114
8024
6862
5636
4341
2971
1520
19
-1498
-3013
-4390
-5588
-6698
-7733
-8763
-9767
-10618
-11261
-11723
-11981
-12161
-12220
-12212
-12127
-11957
-11725
-11273
-10730
-10020
-9223
-8350
-7373
-6384
-5369
-4195
-2910
-1486
-33
1252
2463
3696
4953
6227
7408
8427
9349
10188
10952
11590
12146
12562
12886
13085
13034
12763
12340
11834
11185
10384
9406
8315
7141
5875
4524
3092
1607
124
-1385
-2856
-4229
-5485
-6629
-7692
-8769
-9838
-10720
-11413
-11921
-12247
-12469
-12592
-12607
-12564
-12458
-12236
-11882
-11333
-10617
-9820
-8965
-8008
-7033
-5943
-4696
-3316
-1830
-369
934
2218
3515
4874
6246
7478
8524
9444
10321
11116
11833
12409
12863
13246
13438
13365
13093
12673
12180
11556
10721
9723
8623
7422
6138
4771
3317
1804
324
-1175
-2654
-3965
-5241
-6438
-7608
-8805
-9865
-10737
-11399
-11896
-12259
-12514
-12654
-12728
-12721
-12682
-12456
-12038
-11464
-10747
-9997
-9098
-8128
-7095
-5892
-4588
-3170
-1706
-310
1049
2428
3839
5277
6633
7764
8730
9667
10563
11413
12174
12755
13200
13530
13626
13474
13182
12719
12183
11493
10607
9615
8512
7283
5968
4563
3079
1572
97
-1366
-2795
-4106
-5354
-6533
-7723
-8911
-9964
-10791
-11423
-11889
-12282
-12568
-12754
-12895
-12936
-12923
-12733
-12348
-11746
-11026
-10229
-9358
-8464
-7418
-6174
-4773
-3335
-1911
-529
871
2341
3843
5287
6596
7748
8773
9769
10708
11599
12360
12976
13438
13688
13689
13489
13165
12725
12130
11376
10450
9413
8265
6963
5641
4228
2768
1293
-196
-1652
-2977
-4253
-5488
-6669
-7925
-9073
-10034
-10797
-11371
-11769
-12162
-12457
-12708
-12908
-12992
-12887
-12611
-12140
-11507
-10799
-9976
-9081
-8086
-6910
-5569
-4186
-2761
-1415
-1
1510
3078
4635
6033
7205
8197
9207
10191
11125
12008
12719
13300
13663
13759
13607
13305
12905
12398
11758
10893
9916
8830
7562
6232
4788
3312
1795
306
-1151
-2520
-3758
-4954
-6176
-7409
-8574
-9643
-10485
-11127
-11596
-11974
-12308
-12570
-12834
-13034
-13068
-12925
-12565
-11949
-11249
-10501
-9669
-8731
-7607
-6324
-4940
-3533
-2165
-753
708
2248
3807
5272
6564
7694
8744
9788
10804
11739
12558
13214
13696
13911
13880
13663
13361
12930
12339
11606
10715
9684
8523
7216
5826
4349
2862
1375
-65
-1472
-2743
-3970
-5253
-6507
-7747
-8867
-9804
-10532
-11103
-11546
-11924
-12220
-12461
-12723
-12865
-12806
-12590
-12182
-11628
-10991
-10234
-9369
-8321
-7127
-5857
-4516
-3202
-1833
-364
1220
2849
4354
5620
6733
7781
8882
9967
10978
11914
12665
13226
13590
13676
13560
13358
13008
12515
11898
11103
10193
9127
7895
6534
5083
3614
2119
670
-737
-2036
-3248
-4491
-5774
-7014
-8197
-9191
-9938
-10548
-11039
-11415
-11770
-12093
-12397
-12656
-12727
-12622
-12314
-11831
-11230
-10543
-9792
-8865
-7780
-6595
-5316
-4025
-2700
-1252
269
1866
3381
4684
5880
6956
8041
9162
10262
11250
12087
12762
13159
13324
13273
13101
12855
12475
11921
11224
10345
9312
8153
6825
5399
3944
2469
992
-422
-1711
-2899
-4071
-5269
-6515
-7721
-8755
-9565
-10169
-10617
-10993
-11299
-11603
-11878
-12117
-12294
-12250
-11996
-11591
-11012
-10362
-9646
-8795
-7737
-6540
-5301
-4066
-2824
-1392
159
1758
3297
4621
5743
6817
7900
9006
10113
11123
11993
12724
13198
13433
13466
13343
13105
12753
12275
11621
10876
9916
8848
7580
6195
4788
3383
1997
666
-640
-1906
-3070
-4289
-5502
-6689
-7765
-8632
-9259
-9791
-10233
-10616
-10950
-11269
-11572
-11835
-11959
-11869
-11583
-11129
-10577
-10012
-9320
-8415
-7401
-6331
-5219
-4075
-2772
-1269
309
1863
3224
4369
5402
6472
7606
8765
9875
10851
11708
12265
12590
12670
12574
12402
12121
11741
11192
10510
9664
8640
7457
6108
4681
3275
1894
571
-680
-1909
-3094
-4288
-5524
-6670
-7736
-8629
-9281
-9760
-10120
-10434
-10696
-10980
-11249
-11472
-11601
-11515
-11253
-10796
-10221
-9597
-8872
-7923
-6876
-5785
-4690
-3632
-2407
-933
632
2207
3605
4763
5769
6761
7774
8835
9916
10899
11735
12333
12629
12682
12571
12341
11997
11552
10987
10334
9526
8520
7374
6017
4589
3139
1711
365
-870
-2042
-3189
-4332
-5493
-6623
-7689
-8592
-9255
-9709
-10016
-10229
-10424
-10636
-10775
-10921
-10985
-10809
-10457
-9924
-9267
-8585
-7808
-6817
-5722
-4610
-3573
-2594
-1426
-9
1579
3138
4471
5536
6445
7327
8182
9099
10003
10892
11656
12187
12426
12371
12129
11764
11317
10726
10073
9347
8490
7491
6275
4895
3416
1943
508
-804
-1980
-3072
-4146
-5241
-6360
-7438
-8427
-9237
-9813
-10222
-10437
-10545
-10613
-10671
-10773
-10860
-10834
-10656
-10249
-9675
-8898
-8078
-7231
-6204
-5126
-3963
-2904
-1923
-809
543
2065
3567
4899
5968
6855
7654
8465
9273
10127
10943
11670
12134
12287
12189
11883
11479
10943
10283
9531
8736
7869
6887
5675
4309
2880
1431
-18
-1399
-2638
-3750
-4695
-5662
-6685
-7701
-8708
-9546
-10147
-10534
-10695
-10674
-10607
-10592
-10594
-10633
-10594
-10379
-9982
-9331
-8472
-7560
-6544
-5386
-4235
-3126
-2126
-1148
-27
1353
2851
4331
5630
6671
7548
8326
9062
9779
10480
11221
11844
12223
12325
12126
11720
11217
10585
9811
9036
8273
7392
6387
5216
3879
2422
986
-542
-1827
-3039
-3987
-4140
-4849
-6236
-7969
-9385
-10028
-10166
-10859
-11766
-12225
-12232
-12130
-11877
-11350
-11014
-10672
-10235
-9484
-8722
-7756
-6233
-4389
-2430
-633
900
2312
3902
5728
7228
8586
9745
10548
10992
11049
10983
10860
10809
10899
10849
10505
9896
9119
8258
7312
6179
5053
4058
3428
2632
1448
158
-841
-1648
-2651
-3613
-4365
-4804
-5399
-6075
-6987
-7943
-8992
-9823
-10608
-11000
-10823
-10521
-9978
-9501
-9217
-9182
-8981
-8599
-7940
-7202
-5892
-4319
-2415
426
3111
5649
7304
8882
10601
12525
13923
14435
14426
13743
12614
11017
9424
8099
7172
6315
5440
4060
2004
-80
-1723
-2523
-3086
-3493
-3460
-3161
-2902
-3473
-4239
-4740
-4160
-3378
-2723
-2447
-2527
-3145
-4827
-6836
-8410
-9163
-9586
-9564
-9845
-9858
-10120
-10078
-9562
-8587
-7232
-5861
-4733
-3961
-3627
-3317
-2139
-345
3821
7902
11511
13522
14380
15199
15961
15959
14817
13697
12134
9944
6834
4083
1724
418
-521
-1152
-1697
-2660
-3629
-4436
-4187
-3638
-3047
-2390
-1245
-404
-559
-1346
-1881
-1497
-735
-478
-1434
-2587
-4103
-6506
-8877
-10529
-11346
-11252
-11334
-11246
-10875
-10306
-8975
-7437
-5517
-3824
-3018
-3325
-3475
-3738
-2957
-1592
1758
7004
11164
13778
13845
14030
15313
16212
14984
13236
11154
8544
5026
1583
-350
-674
5
-34
-98
-727
-2053
-3187
-3087
-1635
-108
544
860
949
399
-1051
-2578
-2643
-1013
386
-620
-2750
-4911
-7188
-9236
-10678
-11317
-10342
-9622
-9617
-9498
-8994
-7389
-5532
-3590
-1929
-1454
-2681
-4320
-5634
-5073
-3721
-897
5007
9842
13584
13648
12511
14119
16246
15644
13441
10719
8012
4722
970
-1099
-587
1566
1767
1316
768
-797
-2212
-2613
-1063
1226
2309
1518
292
-518
-1635
-3363
-3707
-2406
-311
-887
-3808
-6651
-9023
-10362
-11016
-12062
-11418
-10481
-10722
-10546
-9931
-8016
-5472
-3483
-2310
-2326
-4432
-6760
-8395
-7593
-5329
-2315
4032
9327
13074
13611
11640
13630
16603
15799
13261
9760
6448
3399
13
-1411
533
3814
4152
3383
2987
1327
24
-274
1339
4448
5983
4391
2013
1343
483
-1064
-1941
-832
677
779
-2382
-5879
-7841
-9831
-11197
-11760
-12086
-11288
-11591
-11941
-10092
-8432
-6471
-4388
-3579
-4038
-5705
-9080
-10443
-9563
-7539
-4241
2241
8301
12423
13787
11820
13707
16973
15506
11875
8207
4275
1123
-1987
-3174
-173
4229
4594
3093
3310
2606
1324
1240
3014
6306
8446
6370
3138
2462
1923
354
-377
382
1578
1233
-1620
-5268
-7006
-9129
-11068
-11404
-11861
-11946
-12032
-12939
-11080
-8375
-6548
-4295
-3079
-3747
-5306
-9155
-11537
-11341
-8427
-5057
2016
9266
12279
15051
12603
13190
17394
14795
10495
6763
2494
-454
-3789
-4974
-1644
3659
5099
2723
3192
3538
2234
2332
3136
5698
8943
7186
3786
2664
2300
1442
694
764
1245
1530
-1093
-5207
-7343
-9401
-11397
-11815
-12638
-12583
-12373
-13578
-12032
-9229
-6809
-4358
-3798
-4734
-6102
-9477
-12505
-12626
-10249
-6077
2298
10234
13500
15857
13071
13679
18214
15027
9619
5284
1169
-1776
-4967
-6309
-2364
4692
6588
4104
4628
5259
4182
4391
4485
6948
10707
9233
5698
4564
3984
2525
1931
1567
2177
2717
-213
-4058
-6598
-8586
-11210
-12411
-12573
-12019
-11328
-12054
-11448
-8901
-6607
-5216
-4713
-5805
-7663
-10925
-14496
-14949
-11994
-7331
3277
10856
12755
15449
11458
14134
17731
11632
7002
1580
-2281
-5200
-8315
-7439
-1590
5830
7509
5343
6187
6094
4313
4480
4356
7785
11729
9839
6400
5114
4223
1831
1068
821
2859
4288
1579
-2391
-5089
-7610
-10919
-11443
-11234
-9807
-8362
-8982
-8707
-6159
-4492
-3799
-3607
-5458
-7226
-11052
-15279
-15638
-12405
-8497
3524
10923
13197
16836
10541
14432
16797
9165
4389
-1942
-4574
-7657
-10065
-9077
-3388
4829
7170
5031
6433
5938
4107
4856
2563
6333
11271
10268
7375
5133
4144
2562
1590
761
3447
5154
3430
-860
-4277
-6811
-9749
-9721
-9521
-7857
-6002
-5647
-5890
-4202
-2496
-1477
-1100
-4158
-6830
-11357
-15555
-17576
-15640
-10229
3604
13139
14277
16560
9931
14097
15578
5574
927
-4475
-6339
-9940
-13188
-11141
-3990
4026
7143
6073
7495
6331
3447
3600
1161
4895
10120
10493
8255
6066
3863
2042
2028
1550
4932
6543
4455
1710
-1919
-5196
-8172
-8926
-7085
-4772
-4022
-3694
-4123
-2358
-842
-1341
-1094
-3502
-5743
-11176
-16582
-18752
-17196
-11231
1241
11840
14056
16708
9873
12143
13913
3506
-725
-6004
-7508
-10865
-14466
-12264
-4654
3099
6445
6158
7461
6546
2248
1918
-31
3959
9206
10192
8519
6222
5118
3277
3048
3140
6126
8989
6954
2974
-663
-3784
-5829
-6966
-6012
-3312
-2001
-1548
-2417
-2072
-312
-645
-502
-3159
-5485
-9968
-16265
-19256
-18824
-12819
721
12543
13912
15972
9814
11528
13992
1723
-3398
-7486
-7982
-10869
-16119
-13967
-5395
3631
7097
5713
6608
6125
1296
-76
-2155
1999
8671
9606
7890
5744
5245
4671
3414
3644
7019
10097
8608
4193
773
-2450
-5013
-6615
-5786
-2131
-136
-211
-784
-894
1021
537
-543
-2871
-5877
-9537
-15927
-20169
-18554
-14348
980
13768
13341
17204
8264
11107
14084
-25
-5152
-10305
-8883
-11704
-17794
-15257
-6366
4074
8538
5424
6553
5354
-176
-1784
-5025
-162
7479
9277
7168
4974
4731
4813
3520
2523
6671
10799
9485
5130
762
-1653
-3678
-6089
-5437
-1294
2210
2549
1071
378
2331
2059
977
-2443
-5482
-8395
-15099
-19526
-18992
-14971
486
14801
14502
17838
9433
10184
14828
-183
-7845
-12664
-11298
-12853
-18924
-17166
-7818
3683
9073
5490
5472
4653
-1586
-3441
-6812
-2197
6326
8754
6972
3905
4431
5286
4309
2924
5894
10901
10686
6227
1448
-874
-2828
-4884
-4460
-476
4260
5540
3805
2563
3707
3492
2736
-712
-3986
-7011
-13240
-18672
-19345
-15032
-176
16099
15131
16683
10129
9106
14396
-1268
-10290
-13971
-12117
-13064
-19765
-18358
-9427
2042
7691
4275
4418
4501
-1971
-4896
-8860
-4567
4548
7495
6161
3330
4371
6427
4839
3013
4854
9561
10524
6657
2143
-256
-1960
-5003
-4748
-479
5003
7556
6019
4171
5813
5430
4293
772
-3550
-6681
-12831
-17913
-18318
-13700
2705
17906
15963
16537
8343
9998
13814
-3264
-11920
-15424
-12173
-13456
-20089
-18196
-8626
2973
7715
3824
4119
3131
-3203
-6897
-10987
-5659
3761
7094
5226
2567
3446
5643
4115
1563
4274
8368
9456
6315
797
-871
-2785
-5541
-4304
-283
5724
8917
6614
4432
5760
5444
4997
1579
-2137
-5098
-10534
-15714
-15628
-11405
3482
20166
16551
18289
10111
9855
15872
-3975
-13115
-16297
-12858
-13252
-20236
-17809
-8249
3820
8399
4062
4477
3108
-4233
-8366
-13176
-7426
2402
5657
4016
596
1878
3966
2479
663
3323
7538
7478
4619
-205
-2148
-3512
-5804
-4222
947
6656
9265
7767
4952
6363
6099
5487
3044
-690
-3453
-9235
-14780
-15288
-11371
2840
20566
18518
18678
12066
9736
16642
-1583
-13111
-15409
-12460
-11605
-18705
-17526
-8716
2942
7907
4147
3892
2817
-4427
-9928
-15330
-10507
-672
3878
3188
-478
314
2583
692
-943
1695
6072
7312
4489
-702
-1777
-2930
-5577
-3489
-219
6790
10525
8232
6313
6784
6302
5981
3395
-136
-1834
-7273
-12161
-13424
-9533
609
19076
20302
18020
15215
7835
16803
4237
-11262
-13264
-12799
-9599
-15700
-16954
-9351
1372
8276
4993
3346
3020
-3914
-9541
-15587
-13421
-3551
2127
3021
-664
-1713
1148
-6
-2142
-339
4231
5914
4524
-1059
-3674
-2872
-6175
-4428
-1354
4858
9922
8967
6557
6066
6001
5334
3774
13
-1423
-5450
-10538
-12926
-10232
-3009
15152
22365
17678
17820
8094
14207
10649
-8523
-11776
-12180
-8536
-11426
-15811
-10347
-509
8155
6909
3057
3374
-1956
-7883
-14036
-15643
-6788
491
3340
606
-2352
266
441
-2441
-2511
1674
4729
4199
-507
-5017
-4125
-6265
-5949
-3536
2125
7856
8906
7057
5248
5339
4653
4054
621
-1212
-4301
-8482
-11486
-10176
-5160
10384
23329
19058
19258
10779
11853
15310
-3298
-10698
-11287
-8693
-8747
-14000
-11098
-1685
8049
9190
4660
3609
11
-5943
-11825
-15680
-8964
-790
3694
2266
-2142
-710
308
-2276
-3775
-896
3178
3575
-372
-6026
-6703
-6444
-6601
-4947
-298
4781
8113
8009
4632
4530
4373
3830
1745
-1560
-4113
-6570
-9645
-11167
-7457
3916
21712
21428
17832
12702
8258
17462
3253
-10104
-10902
-8971
-6066
-11703
-12280
-3796
7566
11474
5913
3195
1665
-3633
-8605
-15049
-11297
-2143
3579
3742
-1650
-1895
478
-1268
-4373
-2971
1120
2718
335
-6080
-7808
-6961
-7376
-5740
-2755
2275
6566
7796
4543
3497
3794
3582
2568
-1224
-3570
-5453
-8557
-11456
-8546
-1903
17000
22727
16624
16221
6751
15557
10430
-7709
-9698
-9447
-5394
-8584
-11897
-5673
5545
12343
8335
3468
2802
-1628
-5602
-12263
-12571
-3808
2582
5092
293
-2228
136
37
-3605
-4058
-249
1965
1299
-4729
-8399
-7522
-7834
-6637
-4471
-337
4477
7148
4893
2777
2904
2521
2730
-837
-3522
-4850
-7549
-11238
-10601
-6438
7566
23811
18779
18617
10714
9636
17397
-844
-9774
-10245
-7520
-5691
-10757
-8727
1837
11940
12220
5227
3281
734
-2876
-7751
-12840
-6578
787
5602
3347
-1441
-652
1440
-1190
-4143
-1673
1197
1859
-2277
-7992
-8714
-7877
-7870
-5598
-2364
1703
6329
5930
2569
2397
1773
2303
786
-3493
-4248
-6204
-10168
-12396
-9818
-2843
16266
23293
17648
16491
6571
14097
11300
-7351
-10397
-9662
-5402
-7153
-10772
-4173
7578
13731
8562
3297
2542
-126
-3253
-10330
-10564
-2815
3674
5471
1064
-1575
1063
1675
-2981
-3302
-397
1855
394
-5252
-9166
-8482
-7866
-7189
-4725
-1004
3991
6787
4527
1548
1765
1472
1165
-2356
-4779
-5194
-8197
-11781
-12134
-8226
1709
21415
20990
17512
13491
5070
16894
5152
-10479
-9978
-8405
-4306
-8274
-9166
504
11784
12452
5581
2381
2177
163
-4580
-10451
-7188
786
5440
5072
-505
-847
2989
776
-2619
-1685
1297
2108
-1283
-7299
-9592
-7347
-7253
-5940
-2953
1335
5943
6454
2308
974
1264
514
-743
-4479
-4613
-6346
-9892
-13356
-11791
-7162
5126
23361
19521
18223
10744
6160
17072
359
-11119
-9830
-7782
-4765
-9109
-7217
3458
11813
10040
3244
2384
2595
-141
-5031
-9876
-4316
2129
5890
3660
-1507
1037
3736
349
-2180
-638
1938
1628
-3018
-8953
-8855
-5976
-6924
-5049
-1393
2775
7298
5862
1338
1229
532
-717
-2487
-5235
-5507
-6780
-10474
-13513
-11825
-7908
7271
23594
18678
17382
8030
7430
16535
-2262
-10862
-9429
-6348
-4466
-8215
-5917
3410
11177
7229
1978
3077
2818
1025
-4749
-8865
-3280
2771
5757
2162
-999
3020
4774
743
-1549
-306
2378
1554
-4119
-9191
-6421
-5275
-6317
-3483
-993
4788
7689
5051
1232
370
226
-1783
-3346
-6336
-6303
-6749
-11149
-14512
-12851
-7415
9556
23904
17743
16560
7025
8844
14804
-3893
-10803
-9016
-5303
-4756
-7602
-6628
3391
9782
4931
2057
3335
3554
1019
-5283
-8436
-1767
3268
4860
1501
255
4493
4450
337
-2056
547
2772
656
-5358
-8619
-4929
-5493
-5140
-3098
347
6581
7583
4497
-107
369
-976
-2740
-4257
-7531
-4782
-6187
-12026
-15552
-13022
-6721
8028
23840
17793
17661
9116
5063
14839
-1860
-10862
-8270
-5938
-3488
-6586
-8048
256
7536
4640
1877
3942
3616
2127
-3666
-7246
-1661
2002
4403
3147
2581
4576
5457
559
-1287
999
1239
310
-4960
-6845
-3824
-4190
-4227
-2037
2484
6822
7148
3488
-695
790
-1827
-3470
-5075
-6354
-3421
-6265
-12571
-16410
-13296
-7641
4340
22537
19534
18149
9856
1341
14979
1211
-10521
-8448
-6012
-2053
-6130
-10856
-4503
5771
4721
1925
3881
4693
3650
-826
-7508
-3636
955
4678
6272
3708
4749
6044
1256
-960
-946
-565
532
-3483
-5648
-3199
-3115
-3717
-1054
1755
5530
5777
2147
-611
-325
-2558
-4318
-4852
-4785
-3529
-6471
-13136
-16467
-13682
-8791
1868
20427
20391
16970
9235
-146
14774
4440
-8807
-7598
-5238
-713
-6945
-12868
-7154
4555
5895
2198
4743
5930
5083
189
-8232
-4363
1611
7174
9134
4802
4722
6120
1403
-2106
-3356
-1131
1695
-1839
-3956
-2444
-1642
-2563
-1165
835
3844
4458
2150
-1481
-1595
-3506
-5116
-3823
-4508
-3849
-5584
-12091
-15754
-14590
-10822
-4045
14644
22512
15699
12279
-1520
11133
12536
-5731
-7353
-5064
-496
-5721
-12684
-12837
1476
8099
3289
4718
7210
6122
2687
-6393
-6764
2422
9147
11712
6564
4545
5942
2554
-4132
-5844
-1608
2347
1893
-2142
-1629
439
-2651
-2014
-1857
722
4178
1897
-1675
-2516
-3580
-4751
-2518
-3809
-3627
-3771
-11472
-15576
-16165
-13169
-6991
8952
22395
15338
13369
943
7759
16668
-1934
-6780
-5321
-1470
-4931
-13121
-15715
-2699
8225
4152
4029
6837
5372
3225
-4724
-7037
3106
10610
12505
8035
3723
4157
1778
-6292
-6823
-2128
3263
4455
512
-254
1059
-2443
-4530
-3875
-379
3582
1258
-1848
-3153
-2882
-3544
-1887
-2210
-1445
-1936
-8742
-13913
-17016
-15797
-10337
-2720
17918
19952
13957
9971
164
14733
9754
-4346
-6165
-3293
-2766
-9244
-15426
-12383
4288
8255
4203
4948
6158
4085
1451
-5052
-1081
9675
13606
11373
5472
1085
-349
-5046
-8145
-3344
3397
7695
6126
1193
-1012
-2746
-6976
-5164
-2945
645
1441
-468
-3239
-3051
-3079
-2181
684
-434
-874
-5701
-12991
-17144
-19005
-15155
-7533
10804
22428
14685
13782
2321
9453
15437
-857
-6048
-3503
-1870
-7057
-13299
-15898
-1373
8777
4375
2572
6037
4175
4011
-1580
-3580
8360
13855
11863
6108
-1869
-2904
-3811
-7511
-2763
4241
9840
8821
2839
-3371
-3722
-6813
-6502
-3536
-1522
1159
203
-2636
-3642
-1462
-1170
2531
1588
-633
-3461
-10767
-17011
-19789
-18606
-10710
1143
19370
19324
14257
8778
-536
15651
8797
-3859
-3199
-3100
-2969
-9519
-16868
-12061
5316
7044
2325
4591
5704
5054
2506
-4106
2440
13268
13029
7389
-1386
-4684
-3566
-4032
-2634
4856
10778
11336
5142
-4504
-5805
-6657
-7346
-5445
-2856
-546
1218
-98
-3579
-791
-72
2720
3633
222
-2283
-8267
-15764
-20165
-20615
-13588
-3483
9650
22210
15184
11460
1214
4162
15228
2527
-2227
-3970
-1614
-6055
-13321
-16739
-5579
8681
5220
4086
5988
5083
3749
609
-2147
8151
12582
7975
1526
-3904
-3965
-803
486
3697
9920
11003
6214
-3400
-7274
-7438
-7298
-6881
-4901
-1191
1744
733
-1639
-1205
1630
2553
2612
2232
-1709
-5966
-13532
-18668
-19557
-14865
-6531
-1422
11533
19570
12061
9267
-2129
3163
15867
4664
-2057
-3297
-3280
-5635
-12325
-16957
-2282
11128
8369
4161
4517
3910
3142
311
-2445
6353
11328
6925
1355
-2296
-1935
3311
3608
6213
9263
6860
808
-5437
-9013
-8978
-8252
-6922
-1070
789
1723
1423
664
728
-208
271
2056
322
-4366
-10111
-13143
-15284
-14315
-11950
-5544
-115
6465
17425
8540
6726
-1104
1678
16556
6405
-1069
-3529
-1180
-5093
-10746
-12493
-1233
13497
8381
1671
2807
1158
-802
-542
-3414
5511
12962
7254
3109
-347
-183
5237
6731
4736
5000
3823
-1519
-5739
-10852
-11106
-4964
-1008
-55
557
1741
3138
1004
-4108
-2552
1356
2830
-1641
-8065
-7940
-7908
-10781
-12804
-10946
-3829
-1344
520
11880
8055
7333
1558
-3584
16495
11463
1129
337
-1614
-2419
-4438
-9472
-3647
12115
7457
405
-870
-4270
-3635
1221
-1241
5425
13652
8513
4691
920
884
4391
6627
1017
1620
2160
-2493
-6305
-11307
-8074
-3253
406
-1704
700
2918
-285
-2975
-7878
-2364
2088
569
-2799
-4180
-2998
-6883
-10276
-12795
-7911
-3958
-6973
-3033
9926
8939
5118
-1194
-2788
18114
14583
4559
2207
1691
1388
-2860
-7682
-4271
10214
6525
-3158
-6273
-5972
-978
4866
2206
4812
12809
10071
4003
1581
286
4010
5718
-1438
-1070
-32
-1887
-5686
-8071
-5906
-1781
1774
-2029
-1188
-412
-4655
-5790
-5298
-463
2975
1769
-1426
-2455
-3637
-7096
-8130
-8016
-7086
-8174
-8487
-6570
6099
7798
1404
2607
-915
14996
20073
7218
4686
3847
2708
-1306
-6233
-7470
5012
6869
-7249
-7887
-2956
1447
6688
3251
1494
12576
10926
1837
1170
-250
3474
3871
-2503
-3647
3328
2277
-4192
-6283
-5742
-503
693
-4148
-5176
-1631
-3983
-4711
-2368
469
4990
2227
-2867
-4528
-3465
-3649
-5538
-6247
-8319
-10115
-10008
-11166
-4032
8199
4742
6429
5362
5764
21438
14654
5845
5141
3071
338
-4041
-9002
-5089
5107
-1288
-6930
-1411
2556
4234
5606
1085
4179
9676
4602
431
1498
1177
733
1043
-2208
2062
5331
-1325
-5078
-5371
-4707
-3822
-4606
-6275
-2794
580
-2935
-802
366
-56
216
-2804
-3815
-1258
-2244
-5192
-4752
-8194
-11093
-13001
-11452
-8742
4073
11841
7205
10728
4318
11937
21484
9066
4773
4142
678
-3565
-6516
-9310
668
7140
-3804
-3246
1491
2593
4466
2760
-815
5486
8769
-148
-305
1456
1615
3343
2090
-222
2736
2023
-7273
-7857
-6584
-6669
-3800
-3882
-2252
2109
1121
-3468
-3084
-2274
-1486
-274
-2350
-1770
-1490
-3137
-5542
-8630
-11407
-12456
-11105
-7299
-1805
11007
14306
9025
10042
3301
13024
18206
6051
4777
3025
-1152
-3947
-5518
-5861
4304
6947
-3105
-202
3383
2124
3406
66
-1264
5798
5997
1314
3186
4374
1816
1874
-403
-3201
128
-3869
-8859
-7491
-5189
-2845
71
556
-821
1479
-2120
-5994
-3206
-2387
-752
384
-1989
-3143
-3626
-7040
-10366
-8633
-9640
-9830
-7895
-4204
1387
11706
14127
5436
6316
668
9671
19858
9542
5828
2279
-2442
-6137
-4470
-2341
6095
10945
-1405
-2665
1388
-1143
722
371
-726
6542
10026
2947
2551
2285
-3254
-3796
-5330
-5441
-1160
-1580
-6135
-3039
-55
-1798
-835
-697
-1504
159
-3512
-5943
-2299
-1096
-1376
-996
-3026
-6727
-7268
-7673
-6683
-5271
-4982
-6226
-4409
-2364
-1905
7390
11639
5780
6109
4160
9555
21306
10091
1448
833
-3034
-2320
1239
2980
7722
10006
-3086
-6879
-1131
101
2334
5519
3556
4270
7561
-394
-3093
-3272
-7403
-5146
-2065
-1734
-765
2733
-1484
-4194
-2461
-4083
-987
1104
-1888
-2434
-1152
-5102
-5520
-3839
-2739
-1752
-3847
-6969
-8109
-4267
-4115
-3004
-1944
-4350
-5580
-5160
-3104
769
12408
12052
8241
8073
2234
10552
15031
3995
1845
3012
994
5007
5478
2135
5297
3091
-6146
-2176
4525
5052
7232
2849
-3699
-2097
-1282
-5827
-4236
-1669
-2127
108
-256
-2156
381
151
-4515
-3813
-1154
-2507
-676
-299
-3012
-2797
-6473
-8574
-3529
-1831
-3810
-4521
-5256
-5103
-5278
-5282
-3649
107
-1339
-6905
-6451
-1790
3764
6627
10652
8293
4389
3283
-717
9747
16622
7657
5176
2996
1691
5858
6042
2633
6272
5442
-1909
828
1935
415
692
-3373
-9005
-4297
1799
1555
1565
-1646
-5050
-2640
-1552
-2436
229
1682
-1273
-3199
-3296
-4723
-1902
-2247
-3545
-2219
-3134
-4570
-5687
-4346
-3932
-3827
-5388
-7195
-3895
-433
272
-806
-1951
-1762
-853
-542
211
599
5601
7286
1063
2458
2322
9053
19028
10572
5287
6151
4677
6643
8311
4986
5041
4175
-5321
-7549
-1302
-970
-252
-1586
-6133
-2227
2537
-109
-4785
-4015
-5044
-2463
851
-1956
919
1849
-2642
-7274
-5849
-2133
1821
3883
-2367
-3721
-4154
-7390
-8152
-7134
-3367
-1793
-2478
-4333
-2257
1898
2388
353
234
-1464
-3717
-3587
-3009
-2004
3872
7716
2325
3751
5324
9447
20659
15345
6149
7538
5357
4345
6868
3285
200
2224
-4547
-7883
155
1701
907
-708
-8148
-8461
-594
140
-2388
-2194
-3905
-3739
-1283
-3463
-3654
-69
-1380
-3016
-524
911
1651
632
-4424
-8053
-8016
-7246
-4667
-1642
232
126
-1522
-2056
-2489
729
3064
1778
-455
-4179
-5847
-5518
-2801
-1369
-590
8545
10578
7879
8137
5224
12607
20292
9892
2048
3681
3678
6094
6439
415
181
1793
-6619
-6805
402
239
-583
-4830
-10748
-4131
4369
191
-4732
-7059
-7333
-3256
-1797
-2485
1813
4138
11
-3778
-4270
-2599
-2037
-3381
-6108
-4002
-786
-1280
-1332
-1780
-194
58
-1731
-2244
-467
2430
-515
-3921
-6123
-4626
-2319
-1520
678
3057
3105
6289
8665
4351
6470
4779
8051
17650
11035
3556
3890
2636
3860
6881
517
-2509
626
-5893
-6616
1590
1336
-1415
-3627
-8539
-5327
1764
-3190
-8747
-5733
-4457
-1225
2651
396
-506
-215
-4577
-6229
-907
1097
1850
2038
-1835
-3018
-2137
-2442
-1684
924
1241
570
-1532
-4041
-3145
-1435
-1002
-1994
-1083
960
1980
1080
-2079
-2493
-972
738
8912
9029
5399
5704
3153
9218
13959
5798
1325
3532
3036
4222
3524
-2735
-2238
318
-4722
-1753
3016
-1984
-5350
-10762
-11916
-4104
989
-2970
-5432
-2007
-3012
-2383
-2913
-3197
3552
4217
536
-373
698
651
-868
-1493
-2529
475
830
423
653
-312
-1422
-4260
-3236
-632
2709
3251
-367
-2811
-2147
598
735
94
-490
-1017
510
1763
5991
4262
1370
2749
4941
13549
13300
2313
-1041
747
3302
6045
5104
554
-1001
-2466
-9794
-7206
-2819
-5800
-6277
-7667
-5952
-588
-426
-7593
-6589
-134
767
2170
1854
2462
2709
-205
-5251
-3466
2725
4375
4945
2095
-571
-2686
-2780
-2406
-406
3077
1066
-1508
-3127
-1146
1481
1966
975
-220
1448
-220
-1920
-3356
-4868
-3590
-709
1030
5182
7209
2317
1415
2600
6004
15226
10486
2209
2187
1176
1818
224
-2010
-6258
-4065
-5769
-7027
1435
-685
-6405
-9287
-7920
-1827
4976
3086
-2947
-1136
-2529
-4165
-659
2553
6472
7787
3337
-1666
-168
196
-902
821
-296
-333
263
-1133
169
1897
165
-1899
-480
1066
2052
985
-3473
-5995
-4683
-2255
229
1082
-1136
-2773
-2694
-1012
-1285
5795
8429
3616
3740
859
4090
10278
3797
-4026
-1422
1200
2718
4765
-336
-5152
-3018
-6033
-6126
2165
1600
-2949
-5543
-7049
-2799
3286
2003
-1168
3308
5280
4329
2519
-858
-2112
-441
-434
-1674
2470
3478
2792
1125
-1903
-1738
117
552
1076
1178
-1289
-3614
-6180
-4332
-1262
-1730
-1985
-2043
-202
1239
-774
-1845
-1385
-1212
-2466
-2066
-2009
-231
3493
-216
-1818
300
3055
10596
9845
174
-2289
-34
2209
3289
1774
-3078
-3062
-3973
-7077
-535
5002
3691
-109
-1873
1173
6483
3912
-4327
-5725
-1157
1496
761
1815
3458
4139
2496
-1561
-10
3434
3687
1630
173
-826
-2222
-3622
-3729
-1562
-952
-1468
-3088
-1348
1057
-196
-2448
-4695
-4145
-780
933
-1224
-2696
-4041
-5474
-3654
-1856
-1636
4938
6292
1230
-65
-1088
2136
9473
4408
-2878
-203
1660
3820
4374
3104
801
1939
309
-1622
4083
2762
-3944
-6098
-4934
1416
6316
2287
-2882
-2236
685
1112
2726
2837
3481
3140
-234
-766
-687
-317
-1050
-824
5
-359
-1330
-2452
-922
-1745
-4968
-6355
-5050
-1057
653
-671
-2863
-4251
-3229
-1328
1280
1941
863
-1554
-3072
-3919
-3181
-3100
-1502
2630
656
982
839
3469
12162
11173
2687
-180
2110
5713
6703
2622
-3246
-3416
-2071
-1520
4039
5453
329
-4165
-4939
-952
5431
5612
-960
-2938
-385
772
1606
749
516
1962
2585
-320
-1536
-1034
-2001
-2516
-5044
-5223
-3013
-744
-277
-2864
-4309
-5299
-3401
-526
1800
1946
-482
-2207
-4109
-2280
-1497
-2053
-1956
-2291
-1538
-969
-663
-1957
-8
5359
4406
3007
1923
1839
10231
10663
517
-1523
747
4325
6954
4537
-55
-943
-1586
-3388
3426
7055
433
-4486
-4793
-402
6332
3809
-3221
-1910
2285
1545
-149
-1989
-3194
-858
-2746
-3890
9
484
-1729
-3955
-4238
-3271
-1800
-2221
-667
643
-2406
-5209
-6557
-3666
-54
1380
170
-664
-453
71
625
-252
-1347
340
643
-71
-1032
-1528
-221
-230
4042
3266
1956
1691
721
7795
10953
2811
-1852
-1055
3814
8065
5387
-1068
-2957
-382
231
3790
4602
964
-2843
-4391
-1969
2363
2431
-2282
-4878
-2250
-8
125
-1175
-1889
-593
-1089
-2468
-2643
-1319
-818
-1635
-3908
-5397
-3377
-1011
1084
2207
-324
-1550
-2253
-1214
1190
1493
1279
334
-191
613
1791
1043
178
521
876
417
-1135
-3576
-1493
-1375
847
4223
105
-307
-695
3371
10953
6784
-629
-764
2594
5321
4603
1049
-1943
-891
-1610
-254
4444
2840
-3005
-6701
-4776
-21
2319
-677
-5282
-3258
-641
-2260
-2338
-2560
-410
1190
-1424
-3793
-2153
524
-179
-1250
-2185
-1422
1040
1137
1597
1641
-237
-1895
-1813
1608
4384
3445
1718
503
948
1546
-430
-1751
-1384
-470
-752
-1383
-2109
-2769
-2564
-3367
2254
3045
172
-778
-2063
6279
11864
4448
-419
241
3915
6938
3471
-1704
-2790
-1460
-4117
-2055
877
-583
-4046
-5960
-1866
4053
4596
-1411
-4123
-2354
-751
-1614
-3245
-1535
1645
1113
-1695
-1998
-697
1297
964
-1714
-1375
940
3153
3744
3748
1877
699
-486
-2138
1430
3203
2027
388
-2157
-1712
-858
-2664
-5223
-3680
-2056
-1196
-2091
-4110
-2335
-278
-196
2432
3956
2907
2580
114
3336
8627
2948
-3888
-4775
-1770
4012
4262
874
-32
997
340
1229
3726
954
-3195
-4703
-2858
2856
3568
-834
-3568
-3408
-1166
-1428
-1182
-934
1020
2018
261
260
1160
2541
1632
36
-151
1315
3710
3759
2894
465
-2369
-3990
-4755
-3373
-2187
-1983
-2077
-2576
-2096
-514
-673
-1018
-203
392
1506
11
-2059
-4276
-4400
-4388
-2515
766
-1814
-535
585
3772
10450
7445
763
-618
173
4116
5876
3521
2157
1375
-476
-1412
1751
2323
-810
-3897
-3947
780
3281
1252
-2424
-2392
-232
275
321
1617
4330
4501
1931
-1216
26
1823
1149
-1309
-4005
-3306
-1714
-1032
-482
-487
-1445
-2942
-3214
-491
2173
1713
119
-2370
-2772
-2171
-3883
-4307
-4165
-3426
-2573
-1999
-2769
-2066
-1478
-1944
-2501
1234
3532
2367
2828
919
5891
10709
4643
-1033
-1013
1789
6141
4897
830
-328
-441
-2176
-184
3682
1786
-1747
-4519
-780
5778
6102
766
-3739
-2458
230
787
-899
-887
941
-279
-1759
-2837
-883
1456
329
-1194
-1022
1007
1796
1565
-1395
-3726
-3653
-4258
-3199
-77
392
-2358
-3812
-4971
-2147
494
-1886
-3355
-1703
-317
791
1034
-472
-515
-564
-1530
-1733
3950
5197
2974
1686
-400
5516
9993
3467
-497
-132
3080
7068
5065
2637
1868
294
-2080
-961
3101
2214
-1041
-4196
-2814
2829
1785
-907
-2545
-833
1136
-318
-242
244
1882
279
-3717
-3843
-2656
-676
-200
-1527
-2047
-2077
-1777
-1793
-1331
-2495
-4227
-3783
-2737
-306
526
-845
-724
-1490
-819
-1
-703
14
215
310
-562
-215
-518
-705
-514
-673
-157
3085
5038
4089
4132
1709
3328
6712
3726
738
154
1078
4097
3961
1621
-263
-1206
-1405
1194
4152
2856
-504
-3225
-2082
1402
1428
-1677
-3696
-2910
-1087
-1721
-2849
-2200
-1124
-1645
-3614
-4527
-2710
-1140
-945
-1484
-1432
-1419
-2250
-568
818
255
-1115
-2665
-1250
1300
1045
-702
-486
-1222
-977
-561
-593
1293
1808
1320
482
1533
443
547
311
-528
-4
-672
2567
2306
1581
-234
555
6694
8082
4089
635
330
2817
5254
3418
1333
-72
-1736
-904
2801
3719
-413
-4379
-5946
-1895
1175
-1045
-3278
-4136
-2532
-1743
-2042
-2294
-1256
299
-1316
-3489
-2777
-891
1627
2057
-279
-1071
-661
-171
368
239
-885
-1893
-1525
-763
1522
2748
619
340
318
820
1796
383
-337
-745
-141
-771
-405
-66
-150
803
-86
-1725
-1050
2150
2362
1638
-436
246
6294
6910
2879
750
194
2420
2484
708
-752
-960
-1575
-2219
-341
177
-1905
-3352
-2983
-1607
-459
-2830
-3991
-1844
-148
-229
-1366
-292
1466
1917
-612
-3865
-2869
-529
1125
1532
623
-217
-146
878
2603
2960
1195
-1765
-1887
-291
1131
1671
1229
1300
604
462
-501
-836
383
465
-591
-2685
-3491
-1469
584
42
-1220
-2468
-81
2745
1800
1144
-680
586
4285
4660
2922
287
-1806
-95
835
2020
493
-2744
-2944
-1960
1433
1540
-144
-857
-973
-136
-1417
-2532
-2191
-1668
-846
-786
-80
652
2124
2300
7
-900
-1701
-258
2275
2372
1860
1124
689
567
1509
965
227
331
-254
-284
-185
-802
-1257
50
248
221
217
-525
-265
-1019
-2265
-2589
-1460
-1740
-1607
-1337
-1280
-1504
-1243
11
-175
201
-2243
-91
5300
4677
2178
-218
144
3930
3159
512
-1296
-1932
-2774
-2605
-265
1411
1563
-215
-504
146
481
-793
-1160
865
2689
2175
133
200
2151
2634
984
-1322
-503
1201
1226
108
-102
396
-530
-181
633
1619
2269
759
-356
-589
-1163
-2184
-1577
-149
800
458
-2917
-4368
-3611
-2687
-1674
-2611
-2727
-2037
-1525
-1595
-1148
-724
-577
1547
340
-307
-1010
-1398
1047
2580
2325
1545
740
719
721
1239
1091
235
76
181
2264
3890
2982
1619
1966
1731
1139
889
514
888
686
-492
-1054
-1146
-246
874
2054
1437
901
-113
-810
769
139
651
670
344
243
-1073
-2706
-3545
-2869
-2688
-1377
-514
-1357
-1114
-1109
-882
-847
-2109
-2382
-1843
-1765
-2741
-3356
-2827
-2685
-2222
-2938
-2367
-1309
-63
249
-697
-578
-1142
1081
3673
4746
5108
3882
2435
2604
2798
3300
3964
3411
2315
1728
2314
1781
1512
1839
2858
4022
3132
25
-1186
244
466
1175
1361
1043
1193
-200
-2845
-3668
-2230
-1924
-866
-424
-877
-1092
-1134
-612
-442
-1014
-2888
-2662
-1494
-1440
-1814
-2699
-2253
-1873
-2035
-2479
-2440
-2065
-2928
-3613
-3544
-2974
-2040
-2262
-2286
-1366
-206
314
116
1161
1238
2210
1736
909
2528
4198
5453
5135
4334
4366
4233
3842
3414
3695
4350
3506
2788
2890
3007
2165
1453
806
506
-179
-1060
-689
-232
397
405
-157
-1178
-2462
-2769
-2275
-1589
-1873
-2495
-2245
-2122
-1401
-1887
-1993
-1685
-2054
-2224
-2593
-2172
-2495
-2814
-3048
-2723
-2200
-2621
-2049
-711
-641
-1552
-2934
-3251
-1565
-599
-916
-651
-617
-204
-109
243
1505
2417
2926
1900
2450
2842
3137
3465
3387
3773
3965
3347
2113
2249
2492
3151
3272
3225
3780
3376
2452
1076
-48
236
789
783
421
291
157
151
-625
-2445
-2565
-1779
-2215
-2224
-2423
-2667
-3378
-4824
-4312
-2671
-1151
-2031
-2834
-2818
-2683
-2045
-2732
-2008
-618
-164
-167
-774
-440
312
387
-192
-253
253
538
544
414
5
-3
-241
-678
-289
-295
-50
405
1097
1721
2514
2890
2215
1981
2085
2279
2956
2151
1117
1401
2220
3402
3606
3108
2264
1768
1571
1342
1344
1321
1280
783
-405
-1214
-1456
-1396
-1624
-1956
-2425
-3097
-3554
-3929
-3149
-2582
-1862
-911
-445
610
656
63
0
-265
427
1186
1217
807
-277
-678
-1209
-905
-719
-529
-62
-281
-534
-531
-295
-283
-15
-390
-782
-1170
-1761
-2142
-2337
-2603
-1781
80
1344
1752
1224
263
380
710
1232
1960
2528
2585
1733
717
261
1260
2008
1385
505
194
80
-360
-1458
-1638
-473
843
1074
939
351
437
503
-68
-383
-57
1116
1454
957
27
-358
-528
-1159
-1362
-879
228
1241
229
-381
-285
308
271
-545
-606
-425
-595
-2012
-2708
-2281
-1232
-1209
-1537
-1416
-1082
-293
-1020
-1730
-1605
-1387
-1649
-1498
-1062
-789
-145
-190
-41
71
-758
-1023
-594
119
476
671
851
1055
1827
2396
3059
3200
3291
3183
3274
3417
3855
3983
3633
2696
1894
1834
2192
1813
887
373
408
1083
814
546
571
423
-540
-2090
-2218
-1579
-1420
-1801
-2453
-2132
-1712
-1484
-1426
-1277
-1682
-2156
-2055
-1970
-1116
-1456
-2382
-2243
-1597
-1087
-973
-1350
-2078
-2212
-2716
-2948
-2520
-2549
-2489
-2200
-1943
-1058
37
204
268
730
1762
1681
1254
1500
2955
3969
3103
1919
2213
3388
3520
3298
3474
4442
4998
4593
4022
4024
3397
2542
1859
1323
1284
549
-674
-791
-830
-1434
-1855
-2155
-2058
-1267
-1487
-2119
-2363
-2282
-2362
-1916
-1387
-1526
-997
-1874
-2581
-2810
-3517
-3958
-3760
-2756
-2198
-1690
-1589
-1979
-1759
-1741
-1212
-86
723
596
130
-761
-1342
-1337
-1407
-931
-720
-692
-692
-525
481
1536
1683
1539
1428
2421
3646
4403
4510
3702
2813
2232
2864
3562
3875
3886
3407
2840
2496
2194
1980
1788
1433
1724
1849
1362
340
-428
-275
-305
-630
-1321
-2167
-2535
-3720
-3869
-3163
-1999
-2262
-3043
-3052
-2849
-1554
-1319
-1315
-1281
-996
-1242
-1458
-1201
-875
-958
-1088
-987
-358
280
-142
-607
-579
-741
-715
-405
-12
-174
-680
-863
-1392
-1631
-1951
-2086
-1382
-201
713
1003
786
-20
-170
798
1854
2841
3528
2901
2447
2499
3069
4145
3862
3209
2939
3523
3079
1415
169
505
1808
1867
886
-31
-357
-727
-991
-710
-162
101
-947
-1710
-1965
-2117
-2238
-2476
-1731
-835
-201
-424
-529
-369
-88
87
-63
242
829
1069
747
-462
-1396
-1507
-1075
-754
-1448
-1827
-2207
-2180
-2173
-2855
-3347
-3503
-3028
-2163
-1674
-2146
-2367
-1854
-1220
-329
176
397
950
1202
1158
1819
2211
2451
3177
3069
2835
2772
2773
3333
3678
3633
3581
3217
2335
1701
1546
1413
1083
1087
1042
1413
1049
-22
-439
-520
-521
-313
331
433
584
-166
-869
-974
-699
-459
-391
-444
-706
-740
-1336
-1341
-1762
-2562
-2852
-2308
-1743
-1676
-2304
-3321
-3677
-3686
-4100
-4190
-3327
-2462
-1984
-2090
-2563
-2249
-1391
-1006
-982
-361
-105
178
780
1113
1902
1983
1043
802
1626
2640
2782
3083
3539
4015
4081
3544
3264
4035
4431
4049
4045
4091
4282
3886
3457
2450
1904
1491
1054
995
358
-454
-1436
-1565
-1595
-1439
-1260
-1744
-1563
-1149
-1169
-1878
-2684
-3130
-3084
-2787
-3193
-3237
-2930
-2872
-2485
-2397
-3145
-3187
-3353
-2968
-1973
-1601
-1599
-1530
-1270
-1413
-962
-1081
-1166
-881
-801
-703
-518
-257
-210
51
79
327
547
1070
1602
2408
3137
2855
3124
3703
4444
4854
4603
4316
4108
3364
2550
2333
2756
2775
2540
2301
2089
2057
1659
1358
692
-385
-1330
-1872
-1633
-1580
-1717
-2013
-2519
-2320
-1831
-1617
-1524
-1464
-2119
-2039
-1701
-1576
-886
-1326
-1611
-1476
-1763
-2159
-2398
-2039
-1788
-1846
-2063
-1996
-1609
-1661
-1554
-1209
-551
-74
-187
-166
-79
480
1103
1377
1878
1182
949
669
175
699
279
117
362
882
1408
2058
2234
1650
1712
1499
1367
1720
1474
1103
681
312
345
902
1445
1219
652
234
137
499
719
559
694
808
714
605
533
120
19
-30
93
30
-439
-674
-740
-554
-1036
-1533
-1859
-1682
-1395
-984
-664
-593
-406
-567
-366
-189
-432
-453
-292
-383
-731
-1180
-1512
-1064
-144
258
423
13
-254
-289
-333
-789
-1256
-1341
-1553
-1209
-1217
-1288
-1295
-1209
-798
-347
93
-24
16
252
348
727
1432
2073
2358
1966
1100
982
1519
2259
2760
2490
2254
1792
1506
1302
1141
1371
1179
1166
1523
1820
1488
921
342
334
830
402
-119
-207
-129
-155
-1111
-2022
-1837
-801
-315
-412
-321
-512
-990
-1502
-1992
-1763
-1427
-1846
-1972
-1801
-1606
-1898
-2583
-2851
-2453
-2011
-1882
-1950
-1846
-1346
-1198
-929
-788
-660
-361
-370
-396
-402
261
235
213
604
858
1384
1011
448
685
1457
2081
2603
3132
3014
3004
2521
2224
2633
2800
2838
2666
2506
2020
1294
767
870
1968
2143
1723
1450
916
758
206
-523
-1043
-744
-878
-982
-743
-1334
-1908
-2598
-3134
-2392
-2008
-2102
-2485
-2748
-2917
-3106
-2968
-3440
-2870
-2640
-2315
-1892
-2012
-1424
-1069
-734
-720
-510
-496
-796
-605
-540
62
725
888
1190
1591
1614
1271
773
401
613
1419
1706
2126
2264
1721
1377
1444
1951
2643
3244
3340
3080
2646
1625
1421
1801
2260
2676
2426
2250
1754
1241
398
71
159
46
-31
-190
-355
-885
-1569
-2342
-2217
-1902
-2057
-1807
-1870
-2266
-2253
-2588
-2739
-2488
-2256
-2633
-2974
-2926
-2886
-2150
-1840
-1497
-79
526
275
-57
-593
-422
-13
67
4
467
694
571
620
755
1077
1348
1432
1352
1676
1535
605
65
204
529
1231
1200
1216
1592
1191
564
194
774
1672
2131
1838
1361
1177
980
714
623
758
1069
1321
1377
1361
1076
258
-325
-447
-119
132
-590
-1853
-2171
-1700
-1411
-928
-987
-794
-466
-1237
-1854
-1916
-2000
-1817
-1665
-1576
-1414
-1246
-1378
-1372
-1029
-852
-535
-393
-386
-240
-398
-528
-176
181
518
732
668
785
748
99
34
250
627
1036
1345
1110
393
58
-686
-140
228
17
147
484
815
874
981
452
569
936
1134
1437
1327
546
419
768
1168
1596
1840
1937
1751
1296
620
176
360
426
398
544
59
-431
-795
-1013
-878
-895
-1112
-1377
-1203
-1102
-1150
-1354
-1801
-1798
-1412
-1333
-1319
-1740
-2095
-2037
-1825
-1296
-902
-388
-87
128
-99
-397
-404
-345
-192
35
311
165
-51
-175
79
245
137
417
524
269
-181
-559
-170
518
580
436
629
590
747
854
607
783
1045
1346
1926
2177
1940
1613
1240
1157
1528
1887
2187
2162
1529
1081
1070
786
580
241
179
136
-143
-1001
-1548
-1302
-1278
-1168
-964
-772
-528
-629
-1355
-1710
-1526
-1313
-940
-968
-1278
-1580
-1558
-1671
-1845
-1472
-1276
-796
-569
-539
-442
-451
-229
49
615
909
696
290
85
9
278
845
1000
1006
751
430
411
306
75
21
42
196
553
1064
1371
1004
507
205
433
1171
1592
1300
634
32
-303
68
645
910
893
778
1131
1231
870
495
213
397
573
369
216
-245
-1021
-1563
-1894
-1648
-1167
-1216
-1580
-1824
-1754
-1800
-1860
-1891
-1590
-1222
-1427
-1526
-1526
-1200
-859
-520
-47
319
289
-45
-209
-61
452
744
957
1117
1130
989
660
514
655
826
1146
1030
757
514
-168
-863
-1155
-1008
-595
68
522
936
856
79
-114
404
1062
1658
1942
1967
1533
918
528
608
1177
1434
1607
1712
1400
812
210
-269
-279
-94
-266
-614
-654
-814
-871
-927
-1140
-1049
-1025
-1095
-1176
-1214
-1171
-946
-808
-631
-589
-545
-718
-954
-737
-595
-215
45
132
96
23
-153
-309
-187
-360
-186
374
610
710
424
72
92
244
270
402
775
697
331
-128
-413
-326
-117
209
514
893
941
736
321
-229
-507
-239
433
618
696
929
938
824
663
850
1181
1143
656
552
636
457
188
108
265
367
-72
-850
-1183
-1225
-867
-769
-711
-959
-1240
-1276
-1664
-1744
-1643
-1291
-1089
-969
-1163
-1338
-1453
-1623
-1402
-956
-389
-300
-290
-248
-176
28
-45
103
728
1312
1327
1229
943
545
224
-300
-183
342
494
219
199
366
422
443
623
1101
1650
1526
805
359
228
222
641
1257
1686
1758
1078
381
472
919
1082
1001
883
888
885
511
-116
-500
-454
-579
-750
-844
-1107
-1188
-1464
-1983
-2274
-2020
-1687
-1639
-1481
-1595
-1281
-769
-832
-478
-111
-176
-432
-540
-349
-399
-644
-960
-886
-240
128
80
39
301
889
1491
1765
1587
1629
1474
1200
1198
1258
1422
1282
1007
975
1044
752
306
84
43
-94
-233
-195
421
735
631
187
-143
103
566
1045
1031
987
179
-276
-431
-507
-302
-427
-531
-214
-3
-167
-220
-462
-270
-4
28
-59
-332
-655
-959
-958
-1066
-1288
-1546
-1674
-1258
-891
-699
-722
-725
-509
-378
-145
-51
-114
-422
-633
-387
36
477
646
479
476
365
99
35
466
808
877
613
286
333
423
387
280
284
249
155
-159
-420
-484
-367
-253
-419
-258
-104
67
304
449
1019
1499
1534
1238
909
828
658
486
231
193
474
407
302
269
337
436
267
222
264
225
-165
-699
-779
-1098
-1445
-1600
-1586
-1157
-826
-889
-1131
-1253
-1427
-1472
-1165
-1191
-968
-600
-715
-578
-387
-246
-71
111
192
224
631
526
358
546
388
420
333
233
433
759
695
481
452
485
494
278
-7
7
-11
-254
-493
-375
159
503
477
314
336
753
1113
1330
1746
1826
1449
813
486
816
1219
1395
1202
1069
1129
841
527
297
-26
-178
-445
-592
-493
-349
-426
-785
-973
-1164
-1054
-1060
-1130
-1077
-1239
-1408
-1542
-1343
-1174
-1304
-1623
-1868
-1655
-1327
-977
-901
-808
-619
-781
-930
-1009
-772
-603
-475
-582
-411
178
157
70
277
388
756
921
1049
1359
1647
1625
1421
1682
1741
1670
1814
2160
2720
2976
2616
2110
1651
1297
1207
1457
1880
1836
1582
1180
911
776
441
26
-220
-550
-699
-917
-1185
-1228
-1438
-1748
-2120
-2334
-2510
-2355
-2026
-1873
-1803
-1813
-2023
-2238
-2463
-2795
-2728
-2643
-2617
-2315
-1815
-1507
-1315
-1281
-1118
-465
108
560
839
906
850
1140
1229
1277
1376
1529
1908
2137
2056
1830
1610
1232
1049
1110
1180
1123
1035
1091
1408
1447
1283
966
964
1077
857
807
758
956
1077
861
966
930
869
574
315
502
747
888
507
58
-423
-754
-973
-1229
-1301
-1529
-1705
-1791
-1932
-1917
-1934
-2106
-2156
-2137
-2004
-1697
-1604
-1652
-1681
-1637
-1668
-1399
-1010
-744
-401
-315
-131
175
225
283
222
242
281
608
911
879
632
384
250
362
647
838
1154
1305
1596
1938
1980
1755
1651
1707
2183
2728
2881
2868
2596
2293
2118
2032
1884
1765
1472
990
843
554
209
-139
-514
-805
-1011
-1143
-1533
-1652
-1729
-1868
-2213
-2638
-2961
-3022
-2718
-2573
-2283
-2181
-2074
-1931
-1925
-1736
-1604
-1481
-1225
-1125
-1125
-874
-753
-671
-728
-990
-1123
-906
-609
-118
351
393
374
292
366
672
839
1105
1241
1362
1335
1234
1252
1265
1437
1388
1452
1559
1675
1784
1729
1597
1540
1783
1962
2039
2047
1895
1680
1327
1021
943
868
583
191
-80
-180
-261
-506
-877
-1007
-1015
-1005
-972
-1052
-861
-765
-922
-1171
-1349
-1195
-1395
-1659
-1727
-1673
-1434
-1439
-1392
-1252
-1149
-1281
-1505
-1538
-1292
-926
-748
-480
-337
-278
-459
-734
-561
-184
27
-23
-162
-100
-94
-76
4
371
943
1078
1033
1060
1541
1963
2013
1776
1636
2047
2305
2446
2571
2535
2371
1928
1627
1616
1724
1734
1435
1339
1381
1176
693
116
-282
-489
-823
-1236
-1471
-1300
-1341
-1542
-1977
-2124
-1944
-2065
-2160
-2315
-2019
-1691
-1412
-1307
-1323
-1193
-1317
-1458
-1475
-1322
-978
-922
-1049
-997
-640
-556
-721
-609
-444
-112
-167
-536
-593
-257
14
11
-112
0
350
613
595
579
868
1244
1495
1743
1999
2260
2369
2338
2455
2656
2883
2585
2224
2059
2009
1956
1588
1283
1101
1166
867
403
232
46
-192
-608
-832
-830
-946
-1312
-1647
-1554
-1638
-2026
-2308
-2219
-1814
-1561
-1568
-1382
-1039
-851
-978
-1075
-733
-585
-715
-930
-1057
-746
-599
-847
-941
-750
-517
-388
-506
-518
-204
-68
-192
-268
-179
189
383
253
221
396
545
480
529
810
1315
1748
1734
1723
1879
1971
1792
1616
1612
1761
1831
1656
1627
1478
1101
749
621
567
427
124
-301
-435
-637
-663
-619
-602
-747
-764
-931
-1139
-1086
-1205
-1205
-1202
-1217
-1169
-1013
-935
-895
-689
-610
-587
-578
-520
-346
-286
-390
-475
-304
-139
-168
-280
-335
-354
-376
-484
-525
-457
-363
-406
-512
-525
-468
-393
-418
-435
-282
-65
99
334
740
1153
1345
1296
1014
1092
1414
1521
1594
1466
1535
1622
1593
1502
1434
1353
1048
715
418
408
351
-51
-435
-643
-712
-676
-747
-981
-1148
-1335
-1451
-1410
-1457
-1445
-1426
-1416
-1412
-1231
-1046
-1006
-976
-1053
-893
-657
-596
-563
-584
-471
-354
-249
-260
-400
-321
-345
-296
-247
-202
-108
1
64
58
65
37
150
357
686
1149
1493
1680
1689
1813
1938
2090
2336
2389
2291
2098
1949
1886
1752
1520
1473
1407
1445
1306
876
649
532
313
-4
-335
-560
-635
-819
-1067
-1128
-1173
-1235
-1286
-1414
-1331
-1225
-1152
-1129
-1110
-1050
-1045
-984
-988
-979
-981
-1021
-1148
-1136
-996
-850
-820
-889
-938
-862
-681
-679
-525
-410
-306
-157
-141
-165
-282
-275
-210
-87
37
159
296
292
384
462
657
843
1083
1341
1344
1314
1294
1353
1354
1102
888
1003
1111
1166
1142
1058
1082
1069
1063
1094
1025
918
718
470
370
249
4
-390
-611
-748
-931
-1126
-1327
-1345
-1365
-1514
-1712
-1911
-2067
-2246
-2309
-2238
-2105
-1906
-1766
-1692
-1737
-1694
-1704
-1556
-1272
-1044
-717
-396
-213
-55
144
199
394
807
1274
1760
2006
2064
2074
2060
2114
2258
2424
2522
2537
2539
2536
2498
2490
2354
2209
2047
1963
1969
1883
1787
1449
990
645
375
235
-8
-202
-460
-753
-1007
-1262
-1461
-1811
-2133
-2337
-2378
-2424
-2581
-2589
-2551
-2706
-2919
-3196
-3204
-2997
-2761
-2595
-2376
-2305
-2290
-2043
-1745
-1571
-1276
-835
-387
188
504
688
796
928
984
1221
1522
1699
2002
2145
2204
2178
2125
2260
2483
2675
2840
2880
2945
2930
2820
2560
2294
2039
1819
1781
1713
1536
1292
922
527
312
18
-255
-462
-705
-723
-845
-1030
-1265
-1410
-1653
-1920
-2006
-2153
-2183
-2234
-2413
-2646
-2766
-2723
-2681
-2640
-2583
-2436
-2338
-2138
-1874
-1642
-1453
-1390
-1361
-1156
-854
-645
-360
-199
-38
93
129
347
750
1115
1392
1703
2036
2245
2172
1995
2037
2218
2312
2350
2434
2537
2581
2587
2538
2518
2375
2329
2179
2111
2103
1876
1603
1299
1001
715
472
322
71
-64
-497
-997
-1264
-1649
-1721
-1702
-1887
-1925
-1953
-2066
-2083
-2139
-2278
-2298
-2338
-2397
-2229
-2147
-2226
-2115
-2027
-1952
-1868
-2004
-1985
-1774
-1439
-1039
-659
-440
-300
-157
-142
-117
188
401
680
1126
1426
1665
1731
1649
1813
2045
2153
2362
2520
2687
2636
2357
2177
2248
2328
2288
2120
2017
1958
1835
1672
1415
1056
795
629
579
514
177
-202
-435
-657
-743
-906
-1074
-1183
-1168
-1103
-1170
-1312
-1608
-1700
-1753
-1817
-1861
-1950
-2076
-2000
-1932
-1891
-1770
-1795
-1888
-1950
-2005
-2036
-1895
-1847
-1674
-1344
-1129
-893
-784
-691
-409
13
297
429
478
500
746
917
1003
1264
1490
1630
1630
1544
1485
1628
1675
1595
1610
1616
1625
1653
1556
1463
1282
1075
993
1027
1097
1057
907
647
651
626
602
461
239
182
131
173
211
127
-22
-84
-298
-373
-558
-862
-1119
-1313
-1348
-1401
-1467
-1706
-1720
-1491
-1465
-1510
-1580
-1472
-1273
-1190
-1310
-1273
-1000
-843
-629
-446
-282
-101
-63
-76
59
378
601
834
1012
1166
1202
997
893
877
957
1058
943
996
1115
1051
1049
907
836
893
852
798
838
824
789
763
821
877
873
754
528
436
373
223
-14
-107
-199
-183
-272
-465
-473
-500
-649
-766
-866
-1069
-1199
-1376
-1532
-1510
-1488
-1498
-1525
-1624
-1682
-1761
-1825
-1867
-1700
-1279
-931
-684
-576
-577
-552
-476
-471
-268
36
229
385
535
625
680
734
689
789
1050
1129
1222
1207
1306
1555
1734
1870
1915
2088
2092
2011
1925
1730
1518
1258
1024
1026
1129
1101
895
640
433
231
141
66
-27
-144
-363
-596
-662
-695
-760
-903
-1132
-1405
-1479
-1541
-1609
-1631
-1693
-1721
-1749
-1767
-1793
-1816
-1856
-1920
-1809
-1610
-1393
-1144
-1049
-990
-905
-828
-741
-587
-495
-371
-202
-120
54
372
781
1086
1129
1233
1296
1303
1248
1157
1188
1285
1337
1324
1444
1485
1377
1258
1190
1160
1280
1289
1075
981
932
823
781
743
542
435
335
222
112
-25
-62
-34
-8
-23
-108
-223
-321
-481
-616
-593
-606
-573
-587
-737
-768
-827
-897
-940
-946
-1029
-1202
-1338
-1374
-1230
-1032
-802
-604
-370
-131
-71
-26
-96
-158
-81
71
187
294
367
356
424
461
391
465
623
719
848
965
984
997
1060
1022
1152
1251
1175
1096
869
705
704
709
686
704
569
378
216
-67
-248
-297
-409
-377
-181
-215
-264
-315
-496
-633
-773
-1020
-1165
-1203
-1281
-1431
-1385
-1312
-1222
-1057
-1093
-1104
-1067
-1140
-1243
-1208
-1232
-1094
-835
-801
-739
-623
-610
-561
-510
-383
-246
-172
-155
-121
-51
57
134
253
485
630
691
619
631
675
782
923
1035
1235
1268
1207
1001
848
849
777
842
970
1122
1113
855
715
718
711
654
505
440
414
405
273
204
323
453
528
499
419
386
168
-68
-195
-199
-183
-129
-234
-356
-407
-514
-499
-504
-430
-437
-483
-620
-722
-704
-679
-676
-572
-586
-267
30
-195
-407
-713
-848
-452
57
17
-233
-585
-900
-666
-273
-69
24
41
236
344
191
112
93
199
539
683
579
637
562
392
492
639
678
656
664
647
677
565
442
360
499
594
559
415
274
184
-16
-158
-146
-87
-129
-189
-418
-583
-624
-769
-822
-847
-858
-836
-825
-869
-858
-740
-687
-685
-719
-697
-714
-752
-773
-778
-618
-424
-209
-30
9
11
-73
-148
-84
14
159
283
254
261
330
310
358
385
553
768
836
703
608
632
696
709
691
810
961
952
837
710
744
812
794
776
684
626
499
441
381
366
394
265
76
-97
-191
-346
-434
-490
-480
-418
-574
-754
-891
-998
-1009
-960
-942
-925
-846
-888
-924
-926
-864
-874
-800
-781
-755
-622
-567
-582
-564
-481
-377
-137
33
178
242
118
5
81
326
437
524
538
530
647
637
680
804
780
751
731
783
764
709
642
647
718
728
755
648
646
578
476
439
475
488
369
183
-58
-203
-320
-393
-435
-454
-447
-529
-607
-574
-568
-628
-647
-595
-600
-636
-719
-841
-755
-569
-464
-458
-473
-439
-360
-366
-484
-514
-426
-318
-181
-15
82
171
117
77
64
110
262
367
380
317
296
279
354
422
434
410
393
487
614
641
695
737
755
780
678
626
521
446
424
389
354
367
386
314
215
108
89
24
-59
-118
-182
-162
-247
-447
-472
-431
-416
-434
-476
-466
-467
-471
-536
-542
-556
-625
-591
-485
-383
-324
-357
-411
-362
-343
-366
-370
-353
-278
-154
-168
-105
-7
14
19
38
92
190
324
325
327
303
319
258
248
131
166
198
170
251
317
338
329
382
256
204
192
195
267
242
149
58
77
6
20
-9
-17
0
16
11
-3
-17
7
-12
3
66
61
100
75
55
70
73
30
-21
-22
-48
-149
-268
-364
-318
-341
-338
-329
-291
-224
-189
-173
-213
-238
-328
-350
-333
-327
-330
-264
-145
-90
-1
-9
12
-70
-77
-80
-62
26
55
51
79
104
154
190
109
152
272
398
482
538
500
521
522
347
298
292
390
450
376
356
302
308
178
165
232
228
211
86
69
142
153
67
-51
45
211
193
88
-37
-54
-96
-192
-289
-315
-245
-253
-226
-195
-139
-103
-206
-362
-481
-499
-510
-481
-406
-432
-479
-508
-527
-421
-326
-376
-474
-437
-358
-282
-337
-348
-200
-97
-102
-118
10
82
100
16
-17
169
261
231
230
320
346
276
177
141
196
212
179
144
180
304
397
312
292
312
311
291
331
372
458
523
445
387
439
375
190
69
46
64
-7
-97
-144
-80
-45
-123
-215
-298
-279
-198
-265
-297
-273
-280
-261
-245
-229
-155
-142
-311
-316
-241
-145
-119
-201
-224
-198
-244
-305
-260
-243
-124
-71
-62
32
93
60
-36
-28
54
88
61
-17
-67
-18
-50
13
251
380
379
330
286
319
409
277
105
110
145
250
239
194
239
248
197
139
251
245
163
75
110
217
335
275
145
131
137
162
97
102
73
40
-7
-12
-36
-56
-99
-143
-166
-170
-195
-295
-317
-326
-369
-420
-439
-499
-494
-499
-571
-556
-548
-535
-392
-351
-277
-151
-39
-68
-128
-232
-283
-209
-223
-93
-17
-32
2
7
1
86
115
55
106
198
248
284
291
323
369
330
302
285
312
405
445
464
454
488
485
466
444
514
561
587
544
486
442
426
386
268
244
200
147
39
-41
-100
-189
-194
-171
-215
-209
-217
-264
-281
-257
-366
-448
-473
-503
-446
-405
-449
-551
-533
-464
-437
-415
-440
-425
-310
-290
-238
-157
-106
-69
-129
-92
-64
-12
-43
-26
70
-6
-8
-3
-54
-20
-30
29
49
99
109
150
204
148
142
70
100
144
223
206
88
-15
-23
-5
28
9
51
126
215
287
261
208
198
140
41
33
60
50
45
-39
-100
-113
-145
-239
-280
-193
-117
-107
-93
-81
-46
-11
-31
-47
-12
46
48
-1
13
22
45
33
43
67
124
239
354
431
369
335
255
229
152
187
256
263
238
152
41
8
-10
-60
7
21
25
27
-32
-78
-99
-155
-140
-120
-39
1
-20
9
-50
-31
-78
-51
-34
-56
-73
-99
-54
-41
-12
-11
-72
-122
-74
-150
-127
-139
-175
-148
-208
-289
-345
-399
-376
-257
-225
-140
-142
-172
-136
-140
-184
-179
-73
43
84
91
72
86
44
50
53
125
143
126
170
156
217
226
272
345
308
239
211
195
153
74
95
52
68
83
110
203
173
139
98
112
94
109
118
94
113
65
115
241
288
293
234
141
111
72
35
50
77
68
8
-73
-145
-264
-338
-326
-285
-253
-253
-324
-333
-338
-374
-358
-395
-366
-404
-418
-386
-415
-382
-348
-272
-141
-101
-65
-36
-41
-58
-36
-64
-91
-13
57
102
130
66
11
23
38
65
37
39
13
-26
-12
23
96
149
160
195
223
296
367
400
459
508
571
545
443
415
419
444
517
460
449
362
222
166
73
-4
-97
-121
-193
-206
-232
-360
-496
-560
-613
-590
-558
-517
-516
-597
-658
-684
-584
-475
-399
-373
-284
-202
-132
-87
-58
-20
11
15
55
85
100
150
173
190
259
345
353
321
313
436
525
587
594
551
591
585
526
536
547
592
656
736
676
569
567
482
430
384
334
365
345
350
283
156
-61
-220
-285
-339
-324
-426
-530
-629
-699
-839
-879
-845
-796
-791
-733
-720
-731
-684
-727
-733
-706
-685
-620
-595
-497
-369
-346
-353
-331
-264
-186
-130
-103
-29
30
84
5
-25
32
80
122
142
236
325
334
398
382
373
383
363
403
377
360
344
453
524
527
588
591
607
578
459
455
393
346
309
275
273
269
178
95
73
28
4
-39
-96
-142
-176
-226
-261
-283
-325
-448
-512
-540
-471
-414
-435
-396
-373
-364
-400
-440
-367
-308
-312
-311
-226
-155
-117
-87
-56
-42
27
-3
-76
-26
38
70
96
122
157
129
125
160
202
239
252
258
202
131
148
213
257
308
280
255
237
282
320
400
429
437
449
404
378
377
378
334
260
218
164
150
85
25
-12
-59
-50
-50
-88
-104
-135
-225
-275
-254
-264
-326
-365
-430
-402
-378
-376
-370
-386
-300
-269
-212
-133
-26
8
1
0
9
21
12
7
-70
-70
-76
-35
8
21
-21
-19
-55
-75
-51
55
120
160
195
169
184
83
67
37
61
116
165
243
254
213
234
276
258
241
179
211
207
193
165
95
50
-22
-98
-156
-243
-269
-287
-267
-244
-290
-298
-299
-305
-315
-290
-306
-272
-263
-227
-247
-303
-328
-323
-259
-222
-228
-194
-182
-186
-208
-314
-374
-333
-335
-264
-185
-146
-151
-178
-220
-219
-149
-123
-33
34
105
119
147
254
243
249
243
293
394
480
467
462
449
464
470
484
480
454
436
426
392
442
411
382
387
411
413
313
243
163
108
46
-31
-63
-49
11
11
-45
-44
-62
-66
-117
-163
-215
-289
-299
-311
-325
-279
-250
-294
-292
-388
-419
-330
-306
-302
-277
-204
-164
-138
-187
-162
-90
-86
31
116
169
192
188
200
217
232
209
259
322
342
341
348
393
425
432
403
416
362
314
298
288
329
339
218
180
132
89
56
73
76
38
-55
-243
-345
-374
-321
-268
-304
-354
-367
-350
-344
-371
-443
-528
-502
-445
-469
-401
-449
-447
-396
-462
-451
-391
-379
-355
-309
-291
-270
-271
-301
-247
-128
-42
-5
-6
26
50
87
103
125
243
299
275
275
290
335
346
351
398
455
458
500
525
495
474
434
429
452
398
361
339
279
202
155
146
111
59
1
-44
-80
-146
-222
-301
-268
-320
-371
-330
-334
-375
-361
-371
-368
-342
-359
-432
-459
-482
-478
-443
-416
-386
-360
-322
-313
-257
-256
-223
-127
-75
-31
-39
-2
65
30
82
143
230
268
317
335
413
452
418
459
446
516
565
591
608
590
573
548
504
570
626
656
651
640
639
585
481
436
461
429
427
349
278
262
161
65
7
-65
-159
-237
-289
-343
-335
-331
-390
-432
-466
-559
-604
-629
-633
-666
-644
-627
-632
-676
-753
-853
-864
-806
-764
-669
-601
-508
-523
-549
-513
-456
-351
-283
-189
-140
-53
5
46
136
160
226
261
283
361
420
388
376
428
483
587
647
655
695
694
671
605
573
536
509
495
435
392
344
304
212
144
57
-12
-31
-78
-159
-230
-255
-218
-220
-269
-331
-362
-404
-451
-479
-441
-395
-464
-519
-553
-567
-555
-601
-546
-490
-382
-308
-337
-354
-378
-347
-347
-279
-232
-158
-142
-123
-75
-5
140
183
278
389
465
483
502
490
534
572
626
759
800
802
795
749
749
794
758
715
682
671
603
543
506
478
441
344
207
104
57
-18
-29
-92
-139
-143
-197
-324
-384
-431
-474
-493
-515
-492
-513
-528
-584
-668
-674
-678
-673
-704
-679
-619
-582
-594
-570
-491
-423
-396
-350
-271
-202
-210
-166
-71
-5
128
178
183
218
253
266
320
397
526
617
622
631
682
655
625
584
605
671
687
662
605
563
536
506
422
373
299
235
160
126
85
-5
-58
-98
-114
-122
-232
-356
-396
-426
-384
-406
-498
-584
-608
-673
-742
-787
-729
-680
-736
-744
-805
-784
-706
-643
-602
-536
-454
-475
-397
-355
-319
-234
-177
-150
-80
36
68
94
147
164
173
227
269
352
406
420
433
496
570
667
652
623
541
510
478
415
416
460
532
550
559
542
449
382
299
247
247
239
220
184
202
124
45
-58
-186
-235
-261
-366
-429
-452
-432
-456
-534
-572
-626
-647
-685
-662
-644
-623
-566
-508
-438
-422
-446
-464
-409
-251
-155
-83
49
105
128
129
175
291
343
415
419
412
455
460
474
555
601
634
600
584
625
630
633
612
587
636
604
602
590
606
564
506
444
396
387
332
305
235
199
177
142
90
55
-8
-61
-124
-230
-336
-400
-448
-452
-461
-493
-557
-620
-677
-685
-661
-668
-728
-771
-769
-749
-628
-591
-526
-475
-468
-483
-505
-481
-440
-414
-351
-224
-109
-76
-127
-135
-98
-87
-50
-15
72
135
189
226
191
221
205
243
273
322
362
419
468
394
349
390
363
328
338
338
346
334
261
237
214
175
151
158
110
129
140
53
-4
-102
-129
-144
-182
-231
-274
-323
-353
-392
-405
-448
-474
-505
-516
-455
-494
-489
-436
-438
-460
-461
-439
-408
-335
-261
-199
-121
-102
-148
-186
-103
42
153
278
344
389
417
411
437
499
536
599
643
715
780
805
750
744
737
727
690
657
707
726
757
678
558
511
497
518
455
441
436
422
401
348
238
123
2
-100
-117
-162
-199
-273
-383
-441
-495
-596
-627
-619
-621
-655
-660
-707
-752
-762
-830
-891
-848
-775
-718
-652
-630
-599
-513
-476
-452
-411
-430
-350
-257
-223
-219
-207
-173
-81
-19
25
26
24
69
186
302
383
392
432
479
473
466
453
471
476
414
409
449
501
487
460
440
430
400
307
266
252
284
240
218
205
109
-2
-101
-195
-241
-303
-336
-341
-371
-401
-462
-514
-505
-486
-500
-504
-492
-457
-442
-417
-405
-444
-422
-304
-195
-171
-176
-247
-221
-181
-142
-53
67
142
241
295
339
346
353
445
512
629
660
674
686
672
627
602
613
630
604
530
546
520
469
467
390
359
328
274
198
117
65
42
-10
-40
-91
-185
-223
-262
-305
-331
-371
-453
-490
-564
-570
-578
-554
-542
-511
-513
-523
-560
-599
-652
-651
-612
-559
-448
-411
-346
-294
-272
-245
-221
-238
-155
-57
16
113
181
226
267
267
278
372
426
434
470
482
544
574
571
539
544
528
517
539
543
564
522
515
475
412
321
268
220
179
108
58
58
66
33
-3
-62
-142
-193
-187
-236
-289
-400
-474
-538
-604
-635
-645
-665
-695
-710
-719
-682
-659
-601
-525
-461
-444
-427
-397
-366
-321
-272
-191
-176
-79
-24
5
81
117
130
160
229
278
362
419
474
455
532
580
532
503
530
567
562
582
570
523
505
495
470
425
397
374
331
337
285
298
209
149
96
12
-59
-58
-78
-75
-85
-198
-256
-254
-294
-335
-372
-445
-481
-519
-502
-502
-502
-477
-534
-542
-555
-542
-490
-464
-377
-335
-313
-289
-264
-304
-241
-212
-198
-172
-158
-136
-82
15
42
59
114
157
206
241
272
335
385
441
467
473
470
458
438
431
425
460
445
414
363
388
396
378
445
444
402
358
252
139
111
93
136
130
103
73
-10
-51
-63
-111
-156
-194
-276
-303
-298
-300
-303
-350
-350
-357
-401
-373
-368
-394
-393
-390
-322
-306
-322
-326
-292
-287
-274
-192
-140
-149
-128
-91
-99
-3
34
45
74
77
108
151
164
149
186
282
322
307
347
357
347
344
330
359
416
393
336
310
318
350
359
371
364
384
332
284
227
124
87
53
-15
-47
-95
-178
-211
-280
-304
-317
-292
-294
-326
-332
-378
-427
-458
-468
-461
-420
-436
-396
-353
-373
-369
-365
-353
-347
-314
-275
-262
-253
-214
-227
-206
-177
-152
-52
-26
-32
40
70
95
135
171
204
231
274
332
378
404
456
456
477
456
438
368
314
310
314
287
259
250
214
168
147
175
163
142
111
57
-34
-81
-133
-192
-221
-199
-198
-208
-252
-224
-248
-261
-268
-282
-265
-208
-223
-203
-210
-239
-212
-149
-150
-149
-137
-137
-106
-117
-109
-92
-61
-85
-77
-61
-46
29
85
99
140
151
160
214
242
241
252
229
257
278
279
248
215
237
231
244
210
232
293
282
275
139
123
123
138
136
95
54
3
-17
-44
-100
-146
-119
-131
-146
-220
-256
-266
-212
-171
-153
-156
-171
-179
-191
-188
-186
-182
-140
-41
-10
-24
-36
-21
-16
33
50
63
25
-4
-11
-13
-19
-17
-4
20
47
12
5
51
104
202
243
238
198
151
127
158
132
159
230
257
250
183
109
81
105
152
133
106
102
85
20
-67
-105
-107
-74
-70
-117
-176
-208
-239
-269
-248
-223
-182
-162
-199
-231
-204
-188
-203
-168
-169
-127
-111
-99
-92
-103
-128
-170
-200
-251
-260
-241
-153
-120
-119
-123
-108
-67
-81
-76
-98
-17
70
89
96
64
52
32
42
137
206
189
191
221
220
219
171
175
192
252
267
245
265
280
272
199
148
121
117
72
105
83
86
46
14
-16
-33
11
3
-25
-89
-86
-94
-81
-121
-169
-214
-207
-206
-251
-220
-212
-189
-186
-229
-243
-219
-210
-185
-187
-218
-228
-186
-147
-129
-106
-119
-86
-59
-2
25
22
61
105
125
132
163
123
157
241
259
230
187
195
225
290
295
314
320
360
371
338
347
316
331
368
363
310
277
275
233
190
142
71
35
68
57
25
-24
-87
-82
-125
-160
-222
-213
-225
-253
-264
-263
-244
-272
-280
-337
-352
-412
-392
-351
-316
-238
-203
-228
-225
-207
-191
-155
-93
-72
-53
-7
-55
-9
-5
27
28
26
92
112
162
197
236
251
182
172
144
128
135
153
163
163
147
93
95
94
128
162
169
196
172
131
62
-18
-60
-105
-171
-182
-189
-238
-225
-251
-263
-259
-271
-216
-226
-244
-276
-254
-252
-251
-257
-189
-135
-135
-143
-187
-146
-153
-120
-114
-97
-95
-88
-81
-17
17
33
100
91
117
134
201
223
198
185
200
232
192
195
167
157
179
156
164
181
206
203
246
256
257
257
250
218
180
161
150
173
167
143
106
85
71
77
47
15
21
-27
-78
-105
-62
-47
-62
-68
-85
-138
-172
-165
-179
-152
-151
-125
-84
-51
-53
-60
-37
-13
12
10
21
16
18
42
6
15
60
52
77
82
93
123
117
149
175
175
189
145
116
32
-9
26
11
35
2
22
-18
28
20
5
6
26
-8
-33
-10
-10
-30
-58
-49
-154
-190
-166
-183
-204
-162
-143
-161
-151
-197
-260
-239
-255
-223
-270
-238
-193
-154
-127
-121
-123
-99
-75
-50
25
23
20
-14
-51
-30
3
66
52
33
53
42
16
3
6
33
39
66
87
98
63
13
1
-7
9
16
50
83
40
1
6
16
52
79
40
-4
37
-2
-64
-39
-6
-2
-21
-24
-65
-124
-119
-110
-130
-93
-100
-122
-109
-124
-122
-91
-70
-79
-84
-40
3
31
11
-15
7
33
49
62
102
85
113
117
110
97
112
145
138
158
147
178
193
226
231
247
265
263
252
219
222
204
168
162
180
196
178
187
159
133
91
89
106
120
135
114
101
84
54
1
-63
-57
-14
8
-8
-44
-101
-96
-122
-181
-167
-121
-92
-88
-125
-128
-66
-44
-22
-47
-72
-129
-151
-119
-125
-118
-144
-131
-121
-111
-106
-132
-107
-131
-108
-98
-74
-46
-53
-17
-15
-17
-43
-51
-37
-15
16
64
88
83
91
66
49
58
59
37
31
31
17
10
41
29
11
-14
-43
-63
-77
-141
-178
-162
-176
-133
-102
-107
-97
-101
-85
-98
-179
-191
-192
-209
-161
-178
-178
-142
-171
-183
-139
-89
-102
-59
-10
11
-17
-19
-42
-90
-67
-56
-1
62
57
75
103
126
103
97
69
137
175
156
172
176
224
247
250
241
240
210
241
233
180
223
176
163
141
108
105
87
118
148
109
93
67
15
-9
1
27
3
30
18
30
91
94
59
-8
-15
12
9
-10
-21
-68
-71
-54
-70
-80
-85
-74
-84
-66
-75
-105
-58
-112
-121
-150
-144
-149
-160
-180
-148
-80
-13
8
-36
-23
-23
-25
28
71
53
64
81
90
94
121
127
116
118
120
115
114
93
67
40
68
68
42
40
58
30
27
22
-13
18
64
22
32
2
-25
7
43
72
44
4
-42
-99
-97
-113
-96
-67
-87
-98
-132
-147
-182
-187
-208
-177
-160
-152
-131
-131
-187
-193
-217
-224
-247
-267
-267
-214
-183
-187
-156
-86
-59
4
41
22
11
-29
-62
-102
-36
-37
-15
-7
5
-17
-7
-5
34
31
45
115
79
25
-34
-7
22
-6
14
78
119
163
193
232
214
212
142
82
76
104
143
143
212
229
234
210
184
156
129
119
126
116
108
110
84
115
42
27
34
12
68
53
70
93
111
99
76
53
73
55
41
4
11
14
27
60
75
72
38
-3
-72
-80
-112
-126
-129
-133
-114
-113
-129
-116
-104
-127
-114
-67
-66
-61
-28
-15
2
7
28
85
83
83
59
18
37
6
19
45
79
84
68
67
77
44
36
47
37
30
42
60
33
52
28
11
-47
-88
-122
-89
-74
-54
-22
-4
-4
10
17
-29
-24
-19
-63
-119
-136
-159
-108
-95
-112
-128
-120
-139
-132
-121
-130
-168
-176
-159
-159
-125
-98
-87
-65
-97
-96
-105
-116
-114
-71
-93
-105
-102
-82
-119
-147
-148
-157
-99
-69
-8
-16
-35
-29
-52
-80
-102
-67
-15
25
51
61
67
25
21
55
78
106
128
137
149
160
154
142
124
124
144
135
127
88
104
145
144
125
112
101
168
147
101
81
64
76
57
67
75
60
69
77
78
76
50
67
62
33
28
-20
-1
25
-1
3
-14
1
21
64
66
30
-48
-31
-56
-143
-115
-99
-53
-60
-47
-80
-114
-117
-83
-71
-69
-36
-17
-26
-9
-21
-33
-5
-32
-37
-55
-37
-20
-27
-8
-8
29
56
82
77
54
72
96
78
89
146
200
221
207
179
194
238
168
134
181
197
189
162
167
161
121
113
69
0
30
31
28
25
1
-34
-54
-82
-40
-101
-156
-163
-156
-109
-162
-189
-149
-158
-163
-139
-189
-169
-171
-156
-100
-129
-137
-118
-91
-29
-17
-36
-60
-115
-143
-133
-103
-73
-76
-109
-80
-73
-53
-54
-65
-75
-92
-61
-77
-91
-82
-58
-41
3
31
-18
-39
-44
-36
-49
-39
-33
-5
16
-8
13
-28
-26
-33
-17
-17
-7
18
27
33
-15
-60
-38
-17
20
12
-3
-11
-32
-17
-5
12
22
11
-25
-74
-45
-15
57
74
53
28
8
3
7
15
21
105
84
119
127
113
115
76
43
14
57
84
124
178
233
199
191
203
192
222
219
220
186
157
117
121
136
146
145
113
110
97
80
60
46
66
17
-40
-65
-65
-91
-61
-72
-120
-91
-117
-121
-137
-118
-114
-129
-129
-92
-91
-134
-132
-128
-112
-100
-65
-63
-43
-50
-94
-129
-95
-64
-5
34
19
-14
-54
-68
-78
-49
-2
5
37
12
54
40
15
28
55
83
82
69
52
78
59
53
44
43
45
55
100
119
107
111
51
14
-46
-103
-88
-38
-13
-3
-3
-26
-77
-98
-121
-142
-112
-133
-88
-78
-86
-80
-64
-76
-99
-135
-137
-106
-131
-136
-114
-77
-74
-110
-81
-41
-52
-55
-57
-105
-48
-60
-53
-57
-70
-57
-50
-12
49
81
85
95
94
52
52
84
145
181
230
215
161
103
84
102
134
147
101
79
41
39
27
54
82
94
90
95
105
121
115
129
124
131
105
116
147
160
131
70
77
25
34
54
35
50
46
20
-2
-43
-63
-110
-116
-88
-83
-53
-67
-101
-74
-63
-112
-107
-99
-74
-71
-23
2
-2
-40
-77
-71
-71
-53
-62
-79
-70
-36
-28
-36
-11
-45
-73
-76
-104
-114
-123
-90
-68
-46
-39
-20
-38
-67
-68
-14
30
58
37
39
25
23
44
20
53
83
94
114
60
36
30
26
38
20
-2
-2
15
51
1
-19
5
-16
-6
-23
-18
-19
-21
17
21
7
22
-8
8
13
9
-11
-17
-48
-51
-31
-59
-67
-82
-93
-80
-88
-37
-57
-52
-12
-27
1
-12
-2
-26
-20
-27
-18
-38
-39
-70
-60
-20
-15
24
39
14
39
90
71
86
71
93
67
25
38
0
-31
-14
0
9
40
12
-13
10
10
-28
-60
-38
-40
-51
-80
-76
-74
-42
-56
-97
-91
-59
-24
36
53
33
17
33
62
46
52
59
92
126
160
125
132
166
140
119
125
87
103
137
98
71
67
58
65
77
56
96
75
45
3
-22
-38
-7
-5
-45
-3
38
-9
-55
-78
-84
-71
-13
14
-28
-40
-29
-48
-29
-40
-73
-79
-41
-27
-86
-104
-109
-80
-82
-29
-9
-43
-88
-110
-92
-90
-102
-83
-83
-85
-43
-55
-39
-43
-30
-34
-53
-53
-31
-13
-7
-52
-47
-6
-10
26
38
18
67
90
120
107
79
104
112
100
129
141
190
195
219
214
163
165
98
47
17
22
17
5
-40
-60
-27
-55
-62
-100
-146
-144
-104
-100
-80
-102
-49
0
16
-4
-42
-48
-70
-58
-45
9
-12
-30
-10
-2
-5
-6
12
55
16
-11
-14
-7
4
15
-13
3
-10
27
34
14
50
38
22
24
89
60
41
40
38
74
96
140
129
84
53
49
40
19
-38
-7
44
59
9
-25
-10
-60
-53
-79
-129
-104
-65
-39
-54
-71
-66
-95
-95
-68
-84
-108
-108
-114
-111
-81
-123
-111
-155
-204
-223
-223
-179
-123
-92
-98
-93
-159
-124
-109
-111
-92
-98
-58
4
36
-3
-29
-14
1
66
75
99
127
133
191
157
127
160
138
179
210
242
223
241
266
266
281
234
215
146
149
160
187
177
152
172
197
237
171
144
140
95
28
-45
-63
-19
41
13
11
-56
-133
-175
-182
-224
-237
-226
-221
-225
-214
-236
-249
-213
-209
-206
-202
-212
-210
-208
-203
-163
-145
-107
-43
-11
-15
-2
-21
-40
-51
-65
-1
63
66
100
125
55
50
72
46
31
42
77
79
85
73
57
51
68
92
42
18
-10
-19
-52
-39
2
47
69
101
115
67
36
3
17
11
-6
-27
-7
22
8
2
-26
-24
-46
-52
-5
46
-9
-12
-29
-57
-61
-114
-99
-105
-45
-22
4
34
-8
4
-2
-6
-39
18
62
86
127
152
109
79
93
74
43
54
123
144
169
179
146
118
121
139
152
159
185
193
156
154
112
140
147
73
100
81
81
71
39
35
-4
-21
-19
-39
-86
-95
-100
-107
-112
-168
-162
-169
-192
-202
-200
-203
-115
-81
-113
-150
-177
-183
-200
-183
-188
-170
-150
-104
-126
-156
-180
-143
-98
-70
-62
-93
-100
-97
-118
-175
-164
-124
-111
-65
-72
-53
-59
-55
-39
-62
2
23
42
68
75
54
73
128
129
112
130
145
134
130
140
122
107
175
169
187
186
165
167
192
210
211
153
130
170
157
167
161
148
103
83
56
67
77
49
69
98
92
69
27
18
-18
-13
-9
-38
-42
-72
-63
-50
-49
-76
-75
-72
-52
-115
-117
-104
-114
-137
-142
-153
-134
-115
-73
-94
-145
-117
-125
-137
-125
-130
-105
-72
-97
-152
-172
-122
-92
-65
-26
-6
-6
-21
1
-10
14
13
-13
-63
-114
-150
-121
-77
-82
-70
-67
-18
-60
-93
-62
-70
-56
-47
-63
-84
-60
-32
-39
-33
-39
-17
-5
-3
-11
2
-29
-30
-27
-30
3
25
42
73
115
103
135
177
173
172
136
144
151
198
210
184
181
208
240
229
240
199
218
235
196
203
198
226
202
174
136
75
67
84
51
4
21
-2
-17
-56
-33
-44
-10
-11
-9
1
-10
-32
2
8
-21
0
-21
-15
13
8
11
11
40
-39
-56
-89
-57
-20
-47
-23
-33
-42
-36
-39
-28
-37
-40
2
-19
-38
-16
35
52
105
78
73
84
113
89
55
40
53
57
61
42
37
56
6
23
-11
-61
-72
-64
-88
-151
-179
-146
-128
-134
-169
-215
-229
-256
-257
-220
-224
-234
-239
-246
-259
-242
-264
-258
-205
-164
-169
-187
-189
-238
-256
-258
-237
-204
-173
-179
-173
-190
-186
-179
-104
-102
-32
-42
-36
-9
18
49
45
133
112
133
131
129
105
69
114
123
172
227
217
196
178
180
173
179
191
218
241
273
230
221
185
137
155
174
152
136
122
177
222
213
226
220
211
188
203
164
100
98
144
148
147
124
93
59
33
35
-24
-60
-47
-41
-29
-13
-64
-82
-59
-37
-101
-137
-149
-176
-140
-98
-55
-55
-56
-79
-106
-117
-98
-100
-81
-41
-42
-37
-24
11
12
56
47
55
58
2
0
2
-30
-29
-36
-36
-3
44
39
55
58
55
34
39
46
22
66
49
44
26
36
33
-7
-14
-13
-33
-49
-72
-54
-38
-60
-46
-98
-82
-138
-172
-174
-181
-128
-91
-67
-56
-63
-68
-88
-61
-65
-128
-68
-58
-23
-6
-14
-81
-70
-47
-71
-87
-71
-91
-83
-55
-45
-28
-77
-115
-106
-84
-108
-90
-50
-7
-25
-14
-9
-86
-72
-65
-59
-76
-18
21
37
98
87
67
66
66
67
25
14
48
80
107
136
108
109
99
81
83
75
83
86
154
128
82
88
96
147
144
112
53
72
127
154
146
118
128
129
152
165
145
111
91
110
122
118
111
113
84
57
59
44
49
40
62
90
85
40
-14
-55
-75
-46
-66
-108
-87
-50
-37
-40
-37
-96
-99
-86
-96
-101
-114
-138
-141
-174
-179
-156
-163
-122
-118
-140
-173
-154
-110
-67
-51
-68
-53
-70
-57
-68
-104
-88
-46
-47
-49
-31
-20
-9
3
12
16
30
40
5
-18
1
40
32
66
63
39
82
132
116
113
134
139
146
128
117
137
127
143
141
94
99
133
160
131
71
35
13
-4
15
9
12
-27
-75
-110
-97
-157
-174
-141
-122
-162
-186
-185
-225
-192
-174
-182
-198
-141
-164
-178
-141
-138
-116
-108
-124
-145
-124
-76
-116
-121
-39
-62
-26
6
-2
10
15
26
46
57
76
47
33
37
40
48
62
83
92
102
83
129
121
123
121
137
128
120
127
115
112
90
74
58
19
-17
13
7
-37
-7
11
-15
-19
-17
-37
-29
-36
-42
-58
-61
-30
-31
-9
-4
5
-31
-38
-44
-63
-19
-35
-15
13
-1
24
23
-13
23
57
16
66
84
96
141
129
132
116
100
163
176
176
163
176
220
216
211
191
183
197
187
167
169
196
189
215
203
153
119
78
72
13
-8
19
24
-9
-64
-99
-112
-132
-144
-157
-163
-158
-176
-150
-140
-138
-155
-158
-146
-168
-191
-176
-197
-149
-158
-177
-231
-220
-185
-175
-145
-175
-184
-179
-145
-130
-153
-161
-163
-129
-88
-100
-93
-77
-68
-77
-63
-71
-90
-54
26
80
104
70
127
110
76
101
67
84
123
141
115
54
50
77
95
95
101
125
89
80
46
11
1
-7
55
39
37
83
64
20
-2
-54
-28
-31
-53
-53
-86
-115
-109
-45
-51
-81
-91
-99
-93
-77
-92
-80
-48
-97
-94
-74
-84
-81
-84
-32
1
-29
7
4
45
90
93
64
49
44
63
101
69
82
112
141
107
74
96
130
116
113
95
125
131
133
171
187
157
131
160
152
186
155
160
168
128
125
117
120
94
66
33
21
26
57
61
17
-9
27
40
-4
-44
-71
-79
-113
-139
-166
-151
-116
-130
-121
-131
-136
-162
-177
-116
-93
-92
-79
-90
-89
-59
-26
12
5
15
-1
5
15
-14
-64
-85
-67
-99
-85
-59
-66
-68
-79
-70
-70
-61
-63
-40
-9
-7
-25
-45
-73
-81
-65
-66
-45
-46
-24
-45
-48
-25
-41
-8
25
40
44
23
42
66
5
-26
-51
-46
-31
-90
-78
-43
-1
24
36
14
-29
-45
-59
-39
-12
35
52
68
78
77
79
64
80
94
64
82
62
99
84
67
39
45
54
59
74
64
60
65
65
21
-1
25
84
53
33
78
111
109
90
96
62
54
64
44
35
