81
121
95
125
68
55
101
62
63
87
104
72
60
101
113
50
112
111
88
87
70
58
43
62
52
56
21
12
7
11
13
-26
-29
-6
-8
-41
-48
-29
-42
-56
-85
-87
-92
-82
-93
-98
-111
-146
-105
-103
-94
-112
-157
-117
-80
-127
-84
-81
-78
-97
-148
-160
-181
-185
-141
-121
-117
-93
-136
-138
-107
-161
-142
-84
-101
-111
-57
-84
-68
-66
-55
-76
-102
-55
-68
-72
-14
5
-10
-25
-56
-31
10
-34
30
21
9
26
63
65
27
90
51
40
68
82
62
24
45
29
3
18
-5
13
13
89
122
119
91
29
28
40
41
37
51
71
79
59
36
13
46
34
38
61
74
51
18
21
8
-11
19
-1
16
39
-22
7
1
10
-51
-7
79
13
53
74
6
35
64
47
11
52
83
52
42
60
26
35
63
63
88
100
113
118
96
52
65
77
65
105
145
92
118
145
129
78
60
49
0
31
26
6
16
29
11
26
27
-12
-18
25
21
28
-6
-18
-19
-67
-79
-71
-64
-79
-47
-44
-72
-77
-78
-107
-71
-102
-153
-131
-114
-132
-141
-153
-160
-126
-139
-125
-158
-188
-142
-168
-148
-150
-160
-94
-98
-128
-70
-75
-111
-119
-102
-36
-64
-47
-37
-38
12
23
41
40
44
43
42
12
66
63
11
46
84
58
45
56
67
72
111
97
93
95
104
71
97
77
22
41
8
19
6
22
27
41
18
43
-3
4
-3
-27
3
25
39
47
27
10
51
24
5
1
44
48
60
51
37
22
60
54
71
64
39
47
49
-22
-13
21
32
45
25
46
25
-8
11
19
19
52
91
73
59
25
36
64
19
11
38
1
-13
0
31
30
21
64
28
42
48
-17
12
51
17
0
-6
-25
-52
-72
-77
-39
-51
-37
-73
-110
-86
-105
-86
-55
-49
-48
-69
-68
-85
-138
-113
-90
-138
-102
-48
-30
19
-1
-46
-36
-11
8
18
-31
-55
-54
-62
-62
-31
-37
-35
-35
24
20
-3
20
12
12
7
22
-27
-36
3
-27
14
27
-23
72
6
-56
-16
-148
-135
-180
15
-127
-31
98
-47
143
71
53
111
61
-24
51
3
-81
33
43
9
74
97
74
87
131
99
79
34
-15
-36
-40
-9
-17
-29
41
72
72
93
90
76
36
4
-33
-48
-101
-159
-113
-99
-82
-91
-65
-52
-79
-15
-19
-27
-12
-65
-63
-51
-37
-13
-13
-6
2
8
26
35
46
54
55
102
80
72
62
96
96
72
102
85
101
88
85
78
51
63
90
96
144
135
125
68
35
33
27
-7
6
-10
10
19
26
51
49
20
35
-14
2
50
22
55
48
43
57
42
30
17
-29
5
0
-16
38
43
18
38
89
64
61
99
45
-11
5
-2
-29
-31
-80
-106
-80
-87
-91
-22
-29
-40
-43
-85
-92
-153
-141
-135
-152
-129
-130
-123
-91
-48
-44
-45
-88
-76
-95
-162
-104
-143
-128
-84
-117
-88
-66
-47
-38
-58
-78
-21
-23
-50
-11
9
3
34
16
-24
0
16
16
-32
-23
-38
-57
-41
-38
-30
-48
-5
11
15
24
-21
-28
-31
-53
-63
-71
-12
34
53
5
1
27
-21
35
32
17
51
38
44
52
56
108
183
199
204
234
150
125
96
61
46
8
52
-44
35
-61
-35
4
-22
-25
-49
-52
-125
-67
-146
-151
-141
-201
-89
-80
-59
9
38
67
123
57
11
-19
-43
-13
-31
14
55
104
122
105
130
145
144
152
117
106
104
108
86
70
83
88
139
153
124
118
77
83
49
40
110
71
47
91
86
83
61
75
44
10
-4
-16
-37
-45
-48
8
43
53
87
73
87
45
32
35
-16
-32
-9
-47
-52
-34
-43
-55
-50
-52
-46
-70
-86
-106
-110
-98
-120
-83
-97
-121
-123
-114
-144
-152
-146
-137
-136
-135
-144
-174
-156
-116
-96
-120
-116
-121
-88
-96
-116
-96
-85
-98
-73
-13
-51
-17
-23
-26
9
-28
-19
-46
-62
-18
-16
-72
-14
-8
-6
21
-3
0
16
40
29
6
74
27
9
26
-3
-1
12
22
7
28
18
12
-41
-10
23
18
47
20
61
58
105
117
88
41
49
83
21
42
33
56
98
102
79
73
45
5
-11
-9
32
30
73
92
90
111
120
128
82
87
101
77
89
72
74
33
43
70
39
75
93
194
107
84
166
144
93
133
74
48
79
8
72
72
75
135
32
-18
57
-48
-80
-43
-47
-69
-63
-49
-47
3
-11
-67
-107
-78
-128
-131
-142
-113
-79
-90
-46
-51
-60
-45
-100
-104
-99
-99
-135
-117
-119
-118
-128
-143
-131
-138
-106
-52
-73
-75
-47
-75
-78
-114
-94
-96
-108
-76
-67
-13
-11
-32
20
11
-19
16
47
29
59
42
60
91
77
79
110
83
128
93
55
74
19
62
77
53
70
68
43
79
62
56
76
63
85
44
47
14
-2
-2
19
-1
48
98
45
105
29
69
39
-29
-11
-130
-110
-120
-150
-128
-199
-208
-131
-145
-154
-100
-127
-111
-96
-152
-120
-195
-151
-106
-104
-90
-50
-22
19
10
14
5
-2
-12
-19
-9
13
31
-9
63
55
24
-12
-62
-2
61
36
43
67
82
87
68
75
56
30
21
3
-4
-34
-10
-4
36
15
2
20
15
66
71
129
166
119
126
108
114
170
161
202
204
166
173
152
187
183
215
219
192
158
144
90
105
86
66
72
59
59
70
111
90
95
43
61
57
30
76
42
11
66
21
0
19
-70
-42
-61
-50
-36
-118
-98
-81
-129
-140
-125
-103
-106
-127
-164
-165
-176
-115
-122
-127
-147
-184
-150
-205
-166
-160
-169
-187
-173
-202
-188
-147
-103
-70
-87
-106
-108
-99
-133
-102
-159
-109
-99
-93
-84
-131
-173
-167
-126
-154
-126
-73
-70
-114
-54
-56
-71
-5
-41
43
56
-2
47
78
75
5
110
71
25
90
84
35
48
74
105
102
138
114
151
168
182
216
251
249
230
182
126
161
72
162
107
150
123
156
99
162
158
144
124
92
132
68
64
37
135
26
43
130
25
0
-2
-64
-61
-17
-67
-18
24
-59
-16
-25
-104
-75
-16
0
11
27
84
-26
54
38
27
6
-124
-55
-138
-104
-148
-40
-8
-102
-30
10
-28
-63
-42
-100
-132
-21
23
20
-24
10
-14
-85
3
-99
42
-76
-31
-36
-154
-114
-145
-114
-194
-67
-86
-95
-17
4
-27
-36
-65
-84
-28
-21
-6
1
-38
12
-29
-2
26
-27
56
37
37
-67
12
-104
-39
-73
-71
-40
-110
-1
-161
19
-26
-28
123
18
50
81
36
53
10
118
5
-37
-9
5
15
-13
137
82
96
57
135
45
107
167
58
115
68
138
-9
36
-63
-59
-101
-52
50
-55
37
-11
81
-74
-20
-10
10
-90
80
-14
39
104
-6
159
-76
59
-55
190
-53
-11
69
-47
12
5
136
-95
125
11
-92
13
4
70
88
69
34
63
6
66
181
55
185
55
136
53
-84
216
65
-24
-17
-121
162
-212
175
22
-65
-41
11
43
-80
91
-147
16
-19
-99
-21
-118
8
-141
-81
36
-311
49
-172
-93
-122
-141
-216
-95
-133
-65
-163
-228
-161
-174
-119
38
-79
-93
-214
-47
30
-103
186
116
-60
7
-67
-107
-177
-12
13
-69
5
88
-145
98
-96
-66
187
121
66
60
197
-184
266
107
139
98
238
7
34
303
-49
374
94
68
190
-196
136
122
268
158
222
-52
20
-95
143
0
266
-40
55
16
-256
107
-15
-96
-161
183
-88
-18
128
105
-71
-7
-65
-45
160
-96
110
2
-270
-22
22
115
-254
173
23
-116
-131
18
98
-332
23
-240
88
-464
93
101
-134
9
-183
66
-300
-252
169
-156
45
-110
14
-192
-322
139
-227
-1
-84
298
-247
-17
44
-241
31
-89
38
285
-101
-62
51
9
-31
-335
382
-356
-12
-206
253
-269
68
218
-244
217
-390
225
-6
-369
429
-405
401
-439
400
158
-280
389
-279
437
-193
192
113
111
31
147
336
-338
144
444
-369
539
-168
502
-207
135
396
-267
558
-130
578
98
-163
361
-191
201
-9
-77
63
-206
-209
-51
228
-238
13
275
-130
-59
73
116
-49
36
230
196
-212
330
-27
-359
349
-152
186
-191
47
-182
94
109
-173
277
-81
-339
-86
59
-369
103
29
-11
49
-58
-207
89
80
-448
413
-217
-405
410
-441
369
-73
-75
-107
108
-431
541
-128
113
189
-337
361
-702
288
-110
-335
328
-357
337
-266
-183
234
-337
-188
-61
208
-305
344
-365
-116
-200
-758
281
-232
213
116
-95
-220
-392
-324
245
-246
390
-321
166
-140
-257
365
-121
104
185
-135
281
-218
330
180
257
3
221
-101
182
-24
-215
829
-608
267
545
-508
849
-799
799
-229
-91
608
-339
651
-348
276
156
-225
-86
328
-9
-436
646
-117
-265
357
-547
474
-560
654
-96
9
390
-555
164
-48
-39
2
329
-253
23
-144
-425
426
-534
303
-417
102
-201
-136
33
-87
-102
375
-418
370
-522
67
-95
-288
235
-204
152
-336
443
-512
572
-440
363
-268
-302
443
-845
604
-816
462
-304
-303
486
-316
-48
36
-106
57
-85
261
-406
409
-373
-18
50
101
97
-191
417
-328
245
-344
464
-260
475
-191
-165
620
-774
656
-66
377
251
69
168
-460
110
411
-116
643
-200
-110
-105
471
-257
736
-52
186
132
-23
562
-457
753
-645
403
-167
-60
181
-242
481
-660
496
-413
117
63
-363
852
-622
170
27
8
-185
-450
412
-264
-87
479
-701
520
-775
173
-145
-153
371
-758
1046
-1025
167
243
-614
646
-711
686
-425
-60
295
-487
174
-665
612
-601
96
82
-181
86
-397
336
-320
-14
127
-286
367
-672
532
-104
-88
51
-46
273
-479
373
-394
637
-526
321
-320
67
-621
138
542
-364
350
-539
470
-497
143
277
96
-168
168
126
-147
85
-109
76
-43
-428
666
-530
-13
296
-514
534
-560
382
-111
-292
518
-439
520
97
-350
819
-427
-8
144
195
-206
230
98
123
4
-154
815
-777
430
-367
740
-486
31
521
-160
-202
410
-229
76
80
233
-10
31
-34
-424
480
-605
594
67
-14
19
73
-55
161
-255
487
-425
202
-354
421
-47
-349
136
46
-139
-91
1024
-925
823
-659
231
135
-321
423
69
92
-65
79
108
-525
531
-117
161
-142
-197
-48
3
-395
351
-42
-134
-152
123
76
-402
224
-57
-148
-247
171
36
-66
-609
1014
-888
476
190
-13
-189
-184
0
-64
298
-189
-138
267
-827
693
-423
63
-81
-250
275
-774
201
-360
177
-186
-379
352
-624
317
-403
420
-257
-291
-39
-543
104
-138
51
160
-233
87
-300
-145
255
-331
216
-381
146
-302
201
-220
13
222
-261
190
316
-112
-138
170
-224
15
397
-406
500
-395
319
-56
211
273
-148
697
-397
246
-109
208
404
-49
239
248
214
-203
832
-322
507
266
-83
544
-607
830
-498
1025
-442
513
-105
-130
345
-38
518
-670
896
-242
-116
424
-391
448
295
-249
280
-208
204
-76
32
-55
-440
160
296
-473
465
-521
110
-200
-104
-140
205
-394
344
-670
554
-556
-6
261
-826
356
-420
-19
225
-479
-81
-247
-400
618
-512
56
381
-684
229
-16
-612
74
-487
549
-669
252
-143
-249
153
-22
66
-138
218
-471
844
-689
314
190
-903
867
-593
904
-449
379
175
-653
867
-632
962
-261
-243
378
-513
648
-673
1188
-1189
776
-480
-148
828
-1063
1135
-1046
765
-459
46
684
-804
514
-504
233
-501
102
357
-737
709
-477
312
-522
-35
113
-100
-59
-88
594
-688
384
-18
92
-269
-296
397
-164
-169
159
-56
-119
17
-159
229
-179
-127
185
29
-372
324
-78
86
-215
149
-260
152
-539
736
-645
414
44
-284
110
-300
64
105
-341
593
175
-393
559
-671
630
-607
495
292
-241
441
-251
572
-408
235
16
342
-24
105
177
-225
154
281
-180
140
-117
208
-176
141
315
-563
752
-430
255
-378
259
-363
483
-48
200
-14
-370
250
-340
425
-42
-497
931
-1193
886
-9
-576
1019
-1104
1152
-991
780
-316
161
444
-1073
1540
-1374
518
-35
435
-201
-144
746
-987
922
-892
622
-359
93
264
-270
343
-686
762
-267
36
341
-521
524
-478
451
-250
198
-304
214
-174
-435
308
-303
622
-776
1039
-849
184
87
-343
263
-132
201
-570
294
-350
-396
423
-272
345
-757
485
-880
-82
158
-209
347
-685
307
-625
-118
-105
286
-458
105
-136
-429
367
-551
-82
350
-451
300
-267
195
-108
-233
-16
-3
-319
160
305
-307
100
-246
237
-289
-79
508
-725
266
82
-226
272
-201
-112
546
-614
385
-172
24
649
-285
523
-290
-47
609
-445
638
26
207
-281
462
62
-65
132
230
17
359
247
260
-299
490
-102
549
-187
227
240
-196
487
16
-93
43
-50
249
166
49
-70
371
-481
586
-637
770
-481
448
-267
314
-196
60
128
-183
-422
61
152
16
160
-302
154
-284
-159
546
-283
-81
-189
-4
-221
-53
88
-337
318
-632
588
-726
540
-595
392
187
-969
1095
-1214
826
-464
138
223
-582
587
-812
932
-737
742
-674
232
116
-653
998
-855
741
-391
142
228
-1280
1375
-1201
642
-344
122
-22
-194
565
-830
553
-574
545
-772
945
-875
57
-308
272
110
-543
333
120
-639
630
-320
-121
-98
198
-27
75
-362
456
-338
184
-216
-99
347
-495
119
85
-190
-322
323
-412
537
-559
313
-225
-169
425
-744
881
-804
273
592
-865
616
-538
255
153
-245
471
-446
330
-397
553
-232
181
-103
261
-396
-19
941
-1147
778
-193
-82
219
-451
1059
-746
379
307
-221
629
-324
347
-36
-222
355
68
193
-416
868
-604
460
-63
332
-77
-35
790
-516
608
-524
-198
434
-77
-86
719
-191
-631
516
382
-623
680
-173
-146
-222
55
-193
128
42
-326
605
-1069
572
-368
247
316
-822
711
-554
-202
485
-395
584
-673
689
-456
-133
14
-504
476
-440
592
-470
47
-199
-59
767
-1246
1203
-609
-106
604
-804
721
-1182
961
-602
619
-491
-261
633
-847
490
-192
27
-230
-172
594
-864
836
-214
-280
661
-188
-400
-97
680
-1032
718
-481
322
-394
-77
149
-265
525
-241
461
-276
-304
-7
-250
263
194
114
-904
788
-351
-254
723
-583
346
266
-494
335
-599
332
-197
664
-42
-241
318
-391
534
-448
928
-490
-275
540
-352
273
-36
490
-486
579
543
-746
837
-605
495
-689
874
-511
-185
700
-812
653
-463
-33
434
75
165
159
-643
410
147
-239
638
-112
-445
543
24
231
-273
178
296
-1059
797
-469
-599
1047
-913
373
-135
-500
336
-357
534
-803
382
-376
-133
59
24
-843
128
-156
-138
203
-197
-424
106
-595
607
-527
112
16
-450
475
-3
-671
179
2
-81
137
-351
679
-1063
297
19
-775
1487
-2185
1910
-485
-592
215
-375
394
-347
470
-439
948
-807
361
150
-362
1018
-992
1812
-1376
604
714
-1067
1038
-518
616
-8
408
-533
994
-954
104
888
-758
1033
-359
459
-34
-457
597
-752
1022
186
-58
440
-662
407
7
340
-359
999
-466
-48
633
-329
37
-37
293
-241
202
135
-104
-354
421
-144
-355
417
-641
461
-1012
744
-544
-577
1272
-1752
1229
-1217
11
342
-617
920
-1186
1282
-1538
490
257
-914
506
-409
483
-1322
963
-471
-204
648
-1457
1495
-1004
571
-364
145
290
-1019
1083
-622
485
31
64
697
-761
707
-751
691
-397
27
1020
-1670
1132
-324
112
60
-281
680
-241
-229
754
-402
69
-309
773
-213
-523
288
-176
52
67
230
317
-657
-37
-172
118
-522
737
53
-393
-98
-434
131
-184
320
396
-310
-602
271
-170
-389
216
94
-79
-605
531
-246
-200
-136
74
704
-987
56
773
-521
-488
882
-228
26
292
80
206
-438
488
479
-710
191
-3
-139
397
-31
793
-448
-223
887
-642
833
-389
410
282
-427
484
12
-233
30
860
-225
343
-179
-8
202
-842
1275
-464
448
-135
-295
502
-1028
757
-238
-150
77
224
-476
-393
-19
8
-57
-297
772
-350
-327
270
-53
-220
-564
659
43
-495
172
-57
-421
-398
-24
229
-218
-246
549
-833
40
-492
143
522
-411
548
-194
34
-658
193
378
-343
374
473
-305
-286
335
-151
93
245
250
388
-37
65
344
-56
-256
624
-41
73
188
90
155
-179
377
-190
128
-253
-33
-169
-255
164
-366
67
-497
-135
-406
-701
-61
-270
-271
-567
-396
-591
-549
-437
-250
-307
-422
-112
-540
-194
-651
-706
276
-160
401
831
233
484
605
924
1310
1403
1674
1503
1479
1392
1396
880
1372
1274
995
1343
403
588
-408
-533
-734
-1004
-1179
-1242
-1920
-1770
-2202
-2835
-2770
-3170
-2551
-2642
-2130
-2341
-2377
-2224
-2326
-1551
-1371
-866
-657
1060
2078
2579
3142
1858
2746
2482
4831
5712
5811
5036
3813
4071
3345
3773
3683
3236
2892
2585
2288
174
-1371
-2570
-3402
-3033
-3020
-3066
-4704
-5312
-6061
-5972
-5921
-5614
-4454
-4108
-3172
-2677
-3051
-3653
-3012
-2120
-178
65
428
43
-803
608
-437
3855
3876
3674
5558
1931
4290
2059
6009
6091
5282
5833
2702
4987
1894
4336
2579
3116
2392
2486
2253
-727
-1396
-3353
-2688
-3603
-1808
-2448
-3589
-5068
-5166
-5880
-5284
-4459
-3458
-2426
-3328
-2128
-3476
-2549
-2829
-1278
-641
-384
-103
-399
-1285
-2560
-2488
-2371
-1601
-1178
129
4352
944
3092
481
-635
2423
2818
10428
5233
8661
1965
3064
4401
3449
8241
5575
7747
3216
5825
566
-1203
-2491
-2181
-192
-446
104
-5022
-6814
-8943
-6878
-5990
-4800
-4564
-4833
-4307
-5552
-4715
-5579
-5006
-2322
176
684
81
-1926
-3168
-2799
-3202
-583
-1311
-821
-783
4824
3331
1810
2348
-2462
3102
2837
12239
7910
6408
2714
-1525
5449
2575
9270
6279
6038
2714
2849
1008
-3806
-2391
-3264
-42
-630
408
-5161
-9818
-9843
-7527
-3453
-2047
-1071
-3531
-5635
-6554
-4910
-3261
-2228
862
3303
1087
-1621
-2854
-5009
-2581
30
1405
612
-3160
-3167
-4808
2583
5398
3283
6150
-2089
3714
2166
10012
9795
5724
6823
-736
8467
4539
8541
6115
4813
4278
2523
5188
-2892
-2139
-4792
-2387
-1834
-2116
-4457
-10326
-8823
-8245
-4963
-4258
-4575
-5201
-5807
-4637
-4030
-2817
-2874
-890
2415
2401
-39
-1580
-2824
-1812
1386
702
213
-3526
-4297
-3390
604
8471
2233
4679
-1781
-937
2550
6224
13835
4311
7293
-1273
2187
4779
5673
8689
5698
6351
1360
3974
-2525
-3793
-3776
-1959
-588
-1968
-3320
-11049
-10882
-9990
-4661
-3410
-2378
-3981
-6777
-5957
-6884
-2906
-2278
21
2716
3195
675
-3304
-3098
-2405
1361
3933
2244
-1450
-6103
-4495
-3098
5599
10028
3846
4883
-4575
203
1918
10536
13323
5758
7417
-3243
3690
2713
6944
7538
6261
4864
61
2258
-6599
-4910
-5260
-1955
-1715
-2718
-6400
-13375
-12195
-9144
-3547
-1218
-847
-4452
-6347
-6366
-3581
793
3092
4606
5643
4138
791
-1540
-1179
1224
4688
6459
2718
-2755
-7458
-5644
-2722
4217
11878
3308
2607
-5420
-4068
689
6849
16346
5392
7922
-4333
-1912
1958
3736
10362
6581
7264
-2390
103
-6368
-6293
-3088
-1121
580
-3606
-4522
-13548
-12428
-8725
-2790
939
1412
-1611
-6944
-6553
-5986
1082
4741
7067
6386
2754
-1953
-5011
-2308
536
4812
5712
1783
-5024
-8515
-8259
-4184
1658
11165
5573
2176
-3514
-7251
-898
4712
17745
10162
8139
-1826
-5953
1587
4447
12958
10343
7506
-2523
-2896
-4961
-6102
-897
684
520
-4028
-6383
-13977
-14715
-9573
-2384
2182
1335
-1881
-10406
-9615
-6856
1427
8963
8149
6506
219
-2945
-4248
171
5060
6876
6754
1339
-4500
-8369
-6347
-1270
3155
13124
6780
1228
-4219
-9091
-511
5037
19217
11016
5254
-4005
-10801
-214
4168
13431
9685
5908
-5675
-7346
-5588
-7042
-472
384
956
-5788
-6710
-14062
-14887
-7753
-1253
4544
2329
-961
-9473
-8699
-4057
3998
11296
9882
6371
585
-2251
-3341
1541
5734
6421
5786
297
-5207
-9718
-7727
-2427
1037
7952
9729
-778
-3240
-8414
-3468
4287
13941
17654
4113
745
-10727
-3703
5692
11930
14401
6472
-1129
-10644
-4972
-4730
-521
2768
678
-5492
-10674
-11610
-15078
-8116
-1674
3944
1347
-2131
-8779
-10012
-3154
3878
13043
11007
6035
-608
-2317
-787
3470
8202
7464
4511
-1247
-4860
-8003
-7378
-3400
751
1993
7371
3010
-5268
-6006
-7280
1011
7427
18452
9728
372
-5281
-10982
3221
9919
15991
10237
2509
-8811
-9815
-2445
-1012
3802
2438
-2283
-11788
-10778
-13123
-10861
-2890
1617
2915
-2069
-5996
-11556
-5822
2164
10011
13730
6328
-279
-3615
-196
3872
8428
7912
2133
-2471
-5034
-4628
-5174
-3712
-953
-1422
-920
5103
-998
-3867
-3933
-3741
2606
7304
17301
4775
1720
-5003
-6234
7424
9707
15608
6485
2431
-10098
-5695
409
-642
4524
-958
-4193
-13972
-8517
-11647
-7895
-945
-615
49
-5044
-5770
-9028
-1804
4419
9464
10157
4642
-766
-315
2590
6585
9477
6734
323
-2964
-3582
-3557
-2523
-1821
-1531
-4440
-4414
2825
-264
-2097
-1752
-4165
-379
3749
15283
5014
3754
-3480
-5768
4685
8503
15275
7649
4622
-9382
-3859
-254
1014
5618
735
-2464
-13373
-7223
-11028
-6237
-622
-835
-348
-6504
-5131
-8775
-2727
3405
6707
8415
2458
-577
-915
1200
5038
5771
4952
-1161
-3194
-3197
-3381
-3308
-3587
-2918
-6486
-4463
3246
1103
-753
-1919
-5048
-2414
2475
15605
7735
7208
-1591
-5904
2260
7037
16651
9843
7917
-7512
-4919
-1461
828
6802
2367
-1800
-14046
-8593
-11127
-6185
-846
-1447
-2272
-7870
-5928
-9140
-1594
2253
5897
7353
1667
997
-913
4158
5224
7220
4897
-1396
-338
-2226
-497
-1906
-2741
-4777
-5458
-5592
2689
3937
-1734
-734
-7804
-3757
-395
14348
10814
6708
849
-9310
249
5269
17096
12118
9367
-4277
-7873
-1499
-72
7735
3062
-660
-13142
-10734
-9698
-8061
-6
-2562
-3564
-8410
-7115
-7530
-3848
1854
3776
5215
1951
1565
1384
3372
4852
6020
5360
1718
1434
-771
-447
-2098
-3135
-2598
-4781
-4457
3875
1744
-1133
-1870
-7218
-4451
-263
14759
9369
6386
-1309
-10035
-851
5137
17500
12726
9751
-5579
-9406
-2632
115
9408
4347
239
-13328
-10994
-9653
-6488
1915
-1844
-2331
-8558
-5961
-7649
-3906
2215
2421
5775
3764
3035
1131
1949
2861
5933
6795
4363
3238
-583
-2099
-3691
-2688
-1988
-3839
-2334
3114
325
-2531
-4519
-7707
-5632
2037
13928
7418
4390
-5262
-9794
-1285
8109
18433
12544
7801
-8213
-8335
-1544
4850
12142
5935
-875
-14283
-10356
-8024
-1697
4603
-399
-4602
-11204
-8770
-8228
-1265
3709
3159
2540
-1726
-697
-905
3009
5172
6066
4531
464
712
-1547
-552
-1798
-1385
-2597
-4466
-4015
2158
555
-2613
-3101
-7489
-4711
48
12614
5923
4124
-2905
-8497
304
7217
18351
11455
8551
-6095
-6837
413
5380
12883
5779
386
-13454
-9728
-6643
-2101
4509
-1826
-5943
-12968
-9901
-7969
-2088
2307
980
178
-3114
-818
-641
3525
4881
5281
4422
1330
1966
618
732
-409
7
-1677
-3619
-3287
1666
415
-2376
-3038
-6865
-4960
-429
11183
5920
4218
-2179
-7415
535
7707
17948
11259
8931
-4757
-5208
1412
6250
12934
4882
571
-13392
-8690
-6493
-1535
3538
-3712
-7167
-14899
-9706
-8504
-2076
1592
-417
-1376
-4233
-1023
661
4155
6003
5483
3876
1697
2924
2188
2067
1672
-1377
-2350
-3927
-2643
3115
442
-2491
-4856
-7958
-6077
1021
10794
4997
3247
-4109
-7536
176
9154
17291
11730
9188
-4077
-3844
1197
7502
12676
6471
1519
-11925
-8350
-7500
-1408
2717
-2919
-7154
-14523
-10291
-9839
-2722
67
-2110
-2599
-4684
-932
155
3510
4584
4381
3573
3202
4252
2528
1911
403
-944
-731
-807
-1247
2734
-774
-3012
-4348
-5652
-3632
1136
9443
2833
2686
-4078
-5175
1188
9525
15747
9982
8700
-4614
-3045
1082
8138
11329
5665
663
-12818
-8951
-7949
-620
1890
-2382
-7360
-14250
-10938
-9818
-1895
1
-69
-1428
-2987
-825
-587
3119
3990
5401
4791
4260
3375
837
148
-761
-664
134
-1461
-1580
686
-2896
-3326
-3993
-3937
-3411
3536
7660
2702
2705
-3664
-2070
2321
12145
14322
11191
7343
-4247
-987
1285
9520
9579
6228
-2177
-12277
-8755
-8538
-275
356
-1232
-8689
-13747
-11271
-9622
-1383
-73
1475
-1914
-2616
-1621
-507
3233
4110
5709
4080
4096
2632
1756
327
-392
-436
-1113
-1412
-2893
-90
-1306
-2234
-1938
-3583
-2868
-944
6973
4767
4269
2089
-1910
797
5762
13559
10687
9894
1499
-2050
-370
4004
7903
4439
1216
-9342
-10129
-9160
-3666
-114
-1755
-6550
-12965
-10500
-7591
-1648
1575
1489
-1454
-3095
-89
1430
3512
5767
4990
3886
2546
2829
2116
541
1244
-434
-1468
-2757
-4051
-4116
-2755
-449
-856
-1027
-3187
-4145
-2196
3541
5343
5394
3829
-1170
128
3245
9658
9081
9822
3859
-2226
-497
858
5755
3072
2762
-5972
-9039
-7221
-4558
-402
-2800
-4289
-9155
-7295
-4964
-517
1344
-79
-1262
-1912
338
2157
5452
4346
2202
227
1224
2068
2920
2856
-722
-3216
-5076
-3460
-1970
-800
-1875
-4239
-3832
-3406
-761
1335
1059
28
-685
2250
3940
4451
4774
2156
1413
3167
6520
6484
6301
3739
-275
-390
526
2442
1134
1720
-2666
-4839
-4974
-5145
-1196
-1431
-356
-3723
-4060
-3197
-2494
1195
679
794
110
673
733
1424
2295
478
349
276
-396
-621
-1311
-2968
-1941
-1180
-1239
-480
-2766
-3583
-3300
-962
573
1637
2398
-835
-737
-1038
998
2515
3276
3445
24
135
-758
1740
2543
3952
3511
1063
1220
207
2751
2851
3780
1860
1231
35
-808
1306
1419
2721
-167
238
-2654
-2640
853
182
1011
-1196
-1533
-4126
-3368
-1789
-2147
-2013
-3579
-3583
-3261
-2136
-2148
-2190
-2924
-2290
-817
766
1641
332
-154
-2010
-688
1119
2315
2888
-368
-1472
-3574
-2409
36
1048
595
-1279
-1837
-2734
-1234
1628
2979
3534
2328
1386
2372
3064
5387
5971
5944
4681
2602
3231
1902
2105
3360
1590
1080
-719
-1316
-2740
-3561
-1956
-3251
-2132
-3647
-3902
-3689
-4418
-2583
-2716
-1387
-2050
-988
-1092
-784
-48
15
858
1021
2341
2586
1429
-190
-1065
-1861
-281
978
961
-133
-2308
-4227
-3808
-2478
972
1705
1732
-361
-2871
-1062
-696
3589
4641
5520
3274
561
1456
111
3757
5528
5762
4268
1265
74
-1520
-31
1562
1589
602
-2030
-3231
-3235
-1620
-992
-856
-1132
-2714
-2225
-1372
-768
-253
-272
-706
-203
749
1500
326
-881
-2046
-2030
-370
680
1151
-722
-2198
-3822
-2600
-1052
1299
2354
639
-880
-2943
-1074
315
2337
3279
1630
-350
-2004
-1275
-421
1267
2581
2002
256
-1906
-1950
-2192
-439
1681
1077
234
-1638
-2314
-1415
692
1946
2386
2033
211
317
1103
1829
2658
3008
2107
1190
1593
1261
796
166
-69
-1109
-944
-397
-1039
-1229
-1961
-3135
-2501
-1773
-144
653
-6
-402
-2331
-722
-179
1839
2091
695
-398
-2750
-855
-1046
1221
1793
387
-1132
-2811
-1312
-2011
308
934
-1045
-1108
-2611
-1225
-424
1581
1493
285
849
-243
1282
2207
2952
2268
2236
1668
1182
2435
2145
1839
920
130
-767
-684
102
5
-42
-654
-1667
-1340
-1243
632
674
1374
981
-283
1027
660
1777
1241
832
-511
-1357
-589
-903
-332
-501
-1841
-3532
-3243
-3010
-2809
-1233
-1878
-3518
-3747
-3468
-2214
-353
1336
591
-579
-213
-329
1311
3091
3389
3256
2341
1234
1110
1879
2093
2048
1372
121
-895
-1176
-459
-406
82
-526
-1746
-1706
-1660
631
1140
1976
1555
325
1117
940
2653
2154
2194
962
-135
237
-482
116
-244
-1414
-2395
-2798
-2911
-3036
-2558
-2553
-3650
-3265
-3290
-2189
-951
574
380
-472
530
-538
1621
2748
3631
3927
2660
2159
1228
2198
2114
2626
1890
549
-218
-174
992
255
1009
-557
-1376
-955
-410
1729
1609
1861
706
-478
-65
474
1559
1584
999
-258
-1581
-1485
-1714
-1142
-1187
-1909
-2001
-3092
-2840
-3236
-2602
-2287
-2189
-1331
-1625
-559
-124
1436
680
765
1290
868
2199
2704
3900
2895
2302
1339
777
1558
1654
2267
906
-486
-888
-588
365
227
285
-895
-1948
-842
-507
1346
1131
598
14
-1117
-115
98
938
284
-577
-1427
-2725
-2354
-2092
-1331
-1647
-2251
-2812
-3760
-3032
-2921
-1766
-1149
-1201
-1216
-1534
-98
596
2734
2108
1666
1538
902
2123
2690
4229
2821
2539
843
578
1759
1267
2670
976
752
-176
-162
754
51
1022
20
202
15
275
1425
869
1312
490
314
118
-481
-70
-960
-1020
-1968
-2892
-2794
-3254
-2712
-3200
-3167
-4090
-4052
-3062
-2805
-1564
-1795
-1407
-1431
-464
862
2156
3183
2060
1775
1750
2109
3189
4820
4701
2964
2072
479
607
2027
2651
2843
1314
-375
-1324
-884
31
756
1257
73
-1263
-1471
-773
545
1291
1751
912
-108
-283
-554
-131
-398
-313
-865
-1679
-1810
-2662
-2327
-2594
-2131
-2307
-2232
-2028
-2632
-1617
-1630
-1148
-724
-517
-75
727
1928
917
636
718
203
1628
2411
3211
1601
845
26
-363
1836
2011
2637
1375
-93
-803
-222
1256
1371
1848
391
-834
-852
-331
1297
1076
1194
132
-752
-780
-1203
-323
-939
-658
-1623
-1999
-2503
-2804
-2126
-1964
-1251
-1625
-1149
-1675
-1569
-957
-374
331
600
1029
807
1031
1585
1135
1369
1862
1230
1671
1551
1599
722
764
170
43
1212
1069
1831
774
-44
-738
13
1229
1386
1773
199
-824
-1343
-235
905
1235
854
-596
-1566
-2244
-1648
-1345
-1391
-1559
-2263
-3070
-3041
-2462
-1942
-1424
-1438
-1380
-1148
-1160
-437
104
607
1203
1350
1835
1512
1753
2644
2321
2760
2638
1554
1157
1449
1789
1602
1283
295
-481
-168
-69
397
112
-932
-1500
-1039
-35
-181
365
-907
-1337
-1041
-10
1264
720
837
-918
-1092
-1146
-553
-352
-812
-799
-1913
-1820
-1685
-1243
-1364
-1052
-1173
-998
-610
-581
-338
-52
566
642
1612
1628
1644
1936
2444
2261
2285
2390
991
1144
1079
1634
1048
712
-118
-1061
-491
-787
140
-757
-1065
-1856
-1384
-877
-945
256
-794
-257
-694
341
906
756
1186
100
412
-309
156
-29
-542
-449
-1013
-1350
-1169
-1081
-1213
-862
-862
-617
-711
-624
-316
192
891
1076
1646
1136
991
1533
2103
2182
2416
2060
840
861
935
1472
399
274
-788
-1454
-885
-1231
-669
-1616
-2339
-2716
-1872
-1208
-1200
-758
-2210
-2308
-2310
-827
286
366
588
-815
-1101
-1308
-564
-236
-176
-167
-762
-1041
-735
-513
-207
501
83
817
876
1026
1292
1777
2409
1897
2931
2644
2106
2262
2607
2289
2117
1844
662
601
459
-34
-523
-781
-1507
-1885
-1103
-1594
-1482
-1753
-2339
-1863
-1268
-310
-352
-251
-851
-1039
-486
532
1566
1444
1104
-285
-407
-775
-438
-99
-613
-584
-1756
-1729
-1637
-1226
-790
-353
-756
-940
-66
158
1004
1828
2266
1800
2384
2563
2436
3078
3509
3053
2375
1982
718
642
547
485
-45
-522
-1550
-2133
-1862
-2399
-1779
-1923
-1956
-2014
-1336
-1075
-1195
-106
-748
-207
-180
872
1405
1248
1164
-219
138
-707
26
-47
-618
-917
-2059
-1948
-1685
-1028
-791
-573
-1138
-1021
-618
157
1195
2067
2244
1900
2590
2114
2384
2670
3205
2718
2430
1958
572
298
-212
6
-638
-715
-1901
-2320
-2479
-2779
-2107
-2194
-2204
-2580
-1596
-1659
-808
-443
-933
-774
-796
577
1299
1638
902
14
-580
-649
299
666
335
-461
-1303
-1897
-923
-699
-209
212
-600
-463
-281
701
1056
2047
1924
1504
2167
1675
2000
2299
2632
2048
1822
1173
-48
-180
-392
-401
-639
-583
-1768
-2181
-2124
-2018
-1517
-1181
-1088
-1499
-1248
-908
-304
218
59
246
225
787
1560
1466
1451
539
193
-158
380
341
-170
-221
-1391
-1340
-1099
-658
-337
-8
-266
-543
85
443
1125
1867
1839
1506
1889
1650
1667
1877
2153
1714
1349
981
-96
-269
-670
-615
-825
-914
-1499
-2021
-1610
-1916
-1192
-1178
-1183
-1399
-1033
-568
-280
291
-95
55
-236
551
780
1080
974
75
-229
-832
-318
-250
-422
-558
-1432
-1678
-1116
-838
-261
46
-303
-521
74
735
1334
2300
1775
1616
1782
1907
2140
2053
2383
1583
1418
1029
216
-93
-857
-653
-836
-790
-1523
-1899
-2008
-2271
-1799
-1363
-1372
-1920
-1364
-1353
-704
-347
-407
-519
-1012
-408
5
748
809
312
-244
-801
-358
-267
89
-65
-645
-829
-698
-340
163
940
427
542
709
1023
1511
2272
2431
1918
2177
1902
1896
1852
2547
2004
1918
1512
455
184
-376
-248
-708
-457
-1151
-1376
-1443
-1923
-1716
-1956
-2048
-2174
-1800
-1797
-1501
-1310
-1420
-1684
-1827
-1521
-832
-13
459
321
-195
-578
-547
-206
193
543
179
-59
-44
-145
292
869
1078
1022
1067
1273
1399
2166
2072
1862
1977
2194
2011
2250
2750
1837
2071
1599
1095
901
601
237
-205
-122
-776
-784
-828
-1283
-1464
-1566
-1915
-2057
-1828
-1729
-1458
-1313
-1664
-1902
-2018
-1645
-1007
-319
82
-481
-798
-1324
-935
-886
-470
-78
-760
-1009
-1277
-1165
-840
-188
181
109
369
272
532
1286
1500
1840
2185
2324
1970
2200
2405
2176
2699
2458
2151
1791
1455
1305
916
952
275
-109
-287
-697
-790
-948
-1266
-1654
-1633
-1575
-1262
-1302
-1422
-1858
-2197
-1788
-1140
-247
-34
-304
-865
-1176
-772
-552
-89
156
-437
-880
-1299
-1108
-1091
-138
62
25
183
-181
148
509
1010
1193
1590
1647
1543
1606
2054
1938
2432
2304
2143
2005
1588
1542
1169
1380
742
422
-81
-639
-669
-673
-682
-1096
-1425
-1614
-1814
-1735
-1574
-1786
-1808
-1728
-1620
-1241
-1078
-1257
-1451
-1432
-1244
-1252
-850
-866
-1360
-1457
-1399
-1174
-791
-190
-455
-532
-164
-207
375
815
1105
1261
1513
1737
1591
2132
2545
2590
2866
2552
2152
1863
1827
1567
1609
1611
946
442
139
-42
9
203
62
-445
-650
-751
-935
-568
-635
-691
-784
-866
-803
-696
-403
-625
-709
-816
-916
-1074
-1157
-1230
-1531
-1286
-1288
-1262
-1266
-1139
-1188
-1062
-568
-657
-254
4
143
493
1371
3079
2091
3166
1803
285
-585
-1115
-371
-860
852
555
805
1303
1133
1412
1634
1820
1113
534
-563
-1468
-1767
-2000
-958
-233
931
1609
1793
1672
1061
810
302
-269
-924
-1607
-2053
-2194
-1319
-519
286
516
288
-656
-1453
-1924
-2401
-2089
-1978
-1646
-1199
-475
5
851
1512
1951
1983
1722
1207
611
794
977
1408
1764
1814
1428
1175
1087
720
775
549
420
-190
-561
-883
-1128
-995
-634
-396
-201
-108
-665
-563
-877
-593
-262
-219
-71
-757
-815
-1122
-1135
-436
-500
-362
-524
-750
-823
-803
-508
-478
-306
-169
-281
127
263
622
938
1178
1485
1581
1340
1281
852
912
972
1123
962
708
-53
-56
-558
-467
-103
488
1034
113
569
-1105
-1837
-2295
-1557
-2031
-1491
-1154
-1729
-1361
-937
148
306
1339
1314
762
483
-642
-464
-894
-695
-430
-673
-461
-456
375
630
787
670
141
-435
-709
-605
-236
55
558
981
1068
1240
1324
1432
1120
1260
703
668
-110
-171
-422
-376
-76
-181
526
-548
-92
-403
-222
70
338
425
-176
22
-113
232
173
278
147
270
8
129
-138
-381
-402
-431
-325
-502
-459
-846
-601
-538
71
383
623
505
157
488
561
998
1485
1176
1197
1072
769
437
880
1016
995
739
738
-447
-1093
359
-1838
-253
-459
-1490
-1062
-1119
-941
-1797
11
-640
-255
196
-229
-166
210
-297
-351
-57
-605
-607
-518
-776
-702
-282
-753
-879
-654
-1454
-1174
-1113
-930
-637
-631
-52
-391
323
140
470
989
1370
1400
1542
1813
1156
1278
1832
2189
1916
2840
1811
1060
483
-547
-944
-1789
-986
-2198
-1909
-1590
-1911
-1323
-960
-323
243
970
829
812
385
207
100
-111
-212
-413
-879
-101
-684
-49
-422
-140
-979
-1473
60
-1513
-495
-897
-651
-899
-262
143
-11
523
489
719
999
742
1516
1327
1883
1461
2071
726
1218
971
981
2355
1046
2287
189
416
-617
-450
-790
-1880
-290
-2450
-1808
-1483
-805
-892
-887
883
-618
-281
-168
-682
-676
-1358
-114
-1148
-789
-1197
-1031
-291
-590
731
-39
19
-1371
-704
-630
-819
1044
422
742
1148
832
2492
1176
2170
772
1521
740
2083
2095
1272
902
-6
734
814
957
-697
-369
-1364
297
-1662
1637
-567
1155
-509
94
372
-576
985
-223
1945
-257
1493
-249
1081
-487
-925
506
-1904
-637
-1085
-2210
-968
-2450
-792
-2192
152
-2211
-515
-313
-1165
-151
-462
578
-942
1326
105
330
632
1068
958
-88
2109
-499
707
-498
698
-1140
480
-2020
161
-1662
-553
-548
-337
-158
-21
-882
728
-2099
2041
-1200
1310
887
-342
327
-359
1001
-504
1361
-1249
-537
-2255
-337
-1879
-1177
-544
-1565
-951
-1349
403
-1835
1449
-1237
1362
-628
911
572
8
2420
867
2644
577
2244
443
1745
661
2697
666
293
217
94
-457
-496
-187
643
-2312
700
-1239
-1139
1043
-310
658
-782
2280
-2028
2068
852
-222
1225
947
1013
321
1756
-864
-840
399
-1454
-756
-552
-410
-1228
-1578
1158
-3036
1956
-1034
1452
-2384
1873
-641
151
673
2257
-601
836
1119
800
321
2142
725
916
1288
-1759
2045
-2833
2639
-3939
2807
-3807
-229
-1829
-928
-380
-2288
2400
-2241
1254
-827
118
1793
-941
2354
141
388
190
269
268
-2227
1042
-415
592
-517
-614
-1217
-3356
-238
74
-1902
689
-1124
-467
-669
-9
-107
1
950
-131
1276
-182
-136
951
450
1294
118
2145
-1178
788
638
-468
-293
225
286
-859
775
-1351
-167
-1172
860
-165
-184
524
112
973
-400
839
-345
1206
-448
-25
1520
-3462
3709
-3232
2201
-2829
1001
-2728
-681
538
-2061
660
-1306
-263
-621
-492
-119
1097
348
1885
-1520
1745
-1392
1221
128
956
1078
-84
907
118
756
-625
1024
207
-532
1400
-1324
-229
-906
-372
-249
-503
1264
-533
285
-753
1757
-808
2188
660
832
523
-737
986
59
1014
-470
1247
-93
-867
-1598
757
-1584
486
-191
-599
-1351
-1642
-267
-1176
1244
-214
491
-1047
17
-740
476
253
1052
435
-81
487
-554
1439
-2258
2512
-1400
475
-752
983
338
-612
513
-1420
-229
-1194
-90
-230
178
-632
2268
-1881
3138
-2000
3909
-2288
633
703
-875
1973
-1077
2578
-2380
2174
-1967
711
-717
-605
133
-1906
1301
-1723
-16
88
-1561
1591
-2658
2218
-1218
368
1253
-1005
1205
-534
1864
-2199
2760
69
226
1622
-935
1207
-1477
730
-235
-2361
3623
-2474
270
-1100
-277
-2362
770
451
-75
80
30
505
-925
1755
-141
946
289
1749
-850
821
-1406
1849
-1629
1115
-518
-1295
996
-2943
1257
-1707
824
-1520
103
-1180
-1276
-136
-1461
1087
-31
-868
684
29
-764
212
892
273
538
2114
-2417
834
365
663
228
279
2009
-3357
2752
-2246
3438
-2791
2324
-1182
961
678
-1149
2029
-1435
1806
533
271
175
464
-1179
1347
-751
407
198
-1081
-526
592
-2013
706
-1408
-139
-1096
816
-1164
45
240
-1007
711
-370
596
-1390
2359
-2971
2133
-257
107
997
-1256
898
-1053
-1447
751
-1440
1597
-2278
376
-890
-1349
-95
92
1711
-1569
3277
-1051
1264
-649
1706
937
-1316
4135
-576
930
1901
-779
2640
-1749
2786
-4044
4513
-3961
1550
-1535
-362
-2955
465
231
-1750
557
885
-2690
660
-1497
2587
-2168
2603
-789
871
186
1033
2934
-1142
3410
-3001
1370
-2141
1099
318
-1095
959
-1345
-1379
-890
352
-808
-1159
2007
-3419
1900
-1000
1756
-294
1629
110
-101
1442
-748
1019
1436
-716
784
553
-558
-1638
386
-961
-1558
601
-2358
749
-872
-1266
-483
-629
-558
-859
2409
-2069
1365
-952
1539
-838
1484
1239
471
1474
-695
1732
-1625
1529
-2346
3112
-2437
856
-931
-1901
-282
-1461
845
-850
94
342
-133
-1924
837
150
-356
941
-248
354
661
-469
3282
-3739
3783
-3636
2536
-2057
-937
415
-3026
806
-1319
635
-2781
1316
-911
-2165
244
-1538
1628
-372
871
1558
-1342
2087
-735
4900
-1412
2954
1180
-214
1615
936
1314
-1644
3766
-1760
602
-1062
115
627
-455
2425
-974
-310
-230
-1086
1430
-1425
1994
-295
797
-632
-602
2187
-1734
1484
-1175
1707
-2813
-34
1045
-2929
1100
-3059
2464
-3504
235
-5
-1421
-901
-961
203
-1574
282
1039
541
799
-1138
598
1112
164
481
2001
-958
-637
1499
-800
1252
168
1226
-172
-1266
2022
-1355
1357
-909
1832
-1204
-485
972
58
1616
655
1624
-143
-886
1144
-69
-243
-217
-670
-110
-2035
975
-2581
370
-2382
-2399
1288
-4001
1683
-3597
1797
-5062
2727
-1709
97
818
919
-525
502
-370
1980
-699
2729
-1201
2206
-1648
855
465
-346
1320
-1038
2179
-3338
2583
-2353
2910
-2517
2704
217
-164
772
1046
504
-16
1698
544
-250
2288
-1619
2353
-1085
-369
1934
-1628
512
-209
-6
-2304
-525
-732
-1643
28
-1155
437
-2872
155
-679
-1707
1278
-1000
2091
-1798
2547
-890
166
1557
-998
2712
-1341
854
-1508
553
21
296
1326
-1743
376
-1039
-705
639
-955
1723
-1399
-158
-484
1168
-1129
1153
514
-288
2102
-110
1756
-306
-79
-93
-1290
770
-2048
1306
-2332
-421
-1614
25
-1534
-1332
-467
-1023
-1485
-703
-965
72
-1138
1401
549
1218
874
1259
145
502
1326
2066
-469
1379
762
-174
477
1271
478
54
1234
-1393
329
698
-1179
2024
-1052
911
759
606
1436
-825
1623
-677
1345
290
1409
1097
-676
620
-804
1069
-1353
-749
87
-2673
141
-1799
-639
-1283
-1727
-73
-2575
-232
-538
83
-2804
2904
-1065
203
1210
-368
516
18
1928
192
1416
40
-516
379
593
-1135
286
540
-2718
540
-625
891
-810
1732
-1706
695
-840
1842
146
1085
929
575
179
-271
1547
-206
-207
1528
-1086
1283
-1510
502
-827
-1911
1523
-2603
1010
-2260
1596
-4361
1734
-899
-797
563
-1939
1505
-1979
1975
-674
170
1042
-1232
1889
-1090
1568
-510
-595
-18
-1031
1001
-2328
1600
-2004
-584
265
-1025
880
-2097
1295
-1482
2159
-515
1468
-517
1420
740
1683
389
-439
2230
-660
1066
-103
472
-427
-406
370
-548
20
-1209
1495
-1785
618
260
-1358
714
-1677
1582
-1592
1251
1450
761
1064
-61
794
-105
1952
-913
2198
-1654
251
-372
-240
487
-901
-48
-941
-28
-1199
601
-553
-143
-1087
124
94
-162
935
-808
94
645
-511
1042
-223
676
-732
1250
-932
634
-1104
859
-1794
-221
977
-2175
592
-1474
527
-715
787
233
-1250
1009
-422
1007
560
1241
250
8
1746
-324
2002
-581
1169
-283
-27
-1022
727
-243
-1696
765
-1110
200
-1354
188
-1055
-541
-4
382
35
-275
-89
-585
132
400
686
889
-498
1126
108
-193
19
-207
-846
-934
-539
-39
-722
-946
720
-2136
-30
-300
-233
-90
-718
190
82
-532
1201
893
1142
-119
1694
-424
1282
73
1808
36
-667
1522
-2707
1842
-1816
459
-1365
548
-696
510
-994
-250
-534
700
-855
833
394
-254
-1268
1306
-193
32
971
460
-253
-692
633
-849
417
-878
-401
-696
-244
-1739
-122
-966
-1784
477
-3
-80
-507
699
-1359
1317
495
262
1393
-148
1140
258
851
1680
-49
2544
-1513
2259
-2262
1318
-186
-284
675
-1087
1062
-1979
1605
-1193
1526
-485
25
948
-588
1239
259
1269
-309
510
322
-691
1930
-842
1767
-2078
1684
-1108
1311
-958
51
-946
326
-2669
1968
-1445
992
-1238
593
-2127
1115
-1010
1851
-981
1586
-344
-8
1104
-659
1211
-685
752
-583
784
-415
-633
-453
-645
214
-1504
553
-1680
-298
465
-2329
1773
-2207
1856
-1175
-326
169
-297
800
-1519
2019
-1986
1078
-1113
1122
-330
-905
1338
-3177
1342
-769
-649
-71
-1237
876
-1401
1712
-2242
2419
-2564
2410
-1058
1694
1207
-1129
1872
-796
1526
-825
1170
610
-993
832
-844
845
-1005
1345
-1977
160
-1286
806
-357
-166
508
-1773
1996
-1811
3077
-1686
1969
-1699
1850
-999
1165
377
128
1172
298
337
-573
27
-154
-738
965
-1456
966
-438
-640
-480
239
-72
-851
2288
-1455
2095
-793
1305
40
441
8
703
1152
-649
1671
-846
392
-462
358
-209
-884
1386
-989
-1153
-376
-1124
574
-725
29
-697
235
-1483
706
-467
1277
-753
775
-1146
-529
633
-244
347
-232
3
-1306
-71
-843
-105
-839
31
-611
-835
-790
-850
328
6
394
595
-83
786
-214
1432
-724
1024
-343
1499
-328
35
1125
-976
1148
59
13
-434
-317
976
-1310
1093
-697
174
-775
1063
-127
-5
425
-527
946
-886
2598
-305
877
62
34
158
2
1028
34
-958
197
-938
154
-930
1077
-1383
189
-1373
619
-1033
38
1228
-334
226
-598
223
820
-530
1385
262
653
42
25
659
66
560
-716
6
-527
614
51
-1004
16
-1396
1038
-1545
1340
-946
620
-2159
988
-1220
620
-1015
1554
-1096
882
-688
834
-1233
662
-164
-173
-93
-266
62
-794
-296
-884
961
-1397
-426
651
-701
177
602
-73
395
668
-349
664
-74
742
-58
-11
375
365
319
772
-5
-347
-650
476
-437
663
-558
105
-30
-821
191
-673
588
-499
803
-360
507
-464
349
-874
922
-1567
2078
-2150
702
-245
63
-424
-526
662
-1904
700
-942
226
-488
-321
65
-661
896
-134
656
304
723
815
-149
897
-815
1911
331
741
936
-189
666
-893
1571
-516
1349
-571
-29
-817
274
-179
-255
776
-875
132
199
833
-791
1626
-1587
482
127
575
798
-596
160
-1146
915
-858
8
882
-1230
-219
-458
-493
-742
-485
247
-1129
816
-783
416
-148
-32
-137
368
-204
174
1607
-599
238
405
-821
523
-480
1222
-459
-225
-242
-987
214
-543
337
-1321
454
-1551
487
-182
-415
161
-207
323
-286
499
-617
786
-507
1042
189
-366
686
-533
286
373
238
-425
910
-18
128
-1097
398
316
-835
1447
-1220
370
-441
483
182
122
-109
-332
378
-442
1528
-872
585
-1605
723
-743
-304
791
-935
660
-1264
619
-512
85
19
-527
547
-1199
816
-634
1086
-1319
1290
-269
438
762
381
271
-168
277
638
-1253
1130
-163
-268
384
-172
-367
-1221
701
-187
146
-581
294
-589
-570
792
188
462
-145
694
-421
-89
640
-64
-20
694
-523
504
-1468
646
-452
243
-546
950
-509
-55
-332
305
-301
227
-1045
1256
-1037
1002
-146
272
-663
-59
317
657
960
-585
614
-959
736
83
158
375
-559
1533
-1644
1082
-964
453
-104
413
506
-983
500
-177
1445
-1183
1574
-372
519
-88
763
-85
-444
-209
-50
140
-1152
269
-652
-1060
-30
-753
628
-1588
984
-2014
317
-490
-139
854
-262
767
-563
664
-274
451
95
310
-687
49
303
-595
631
-113
-424
298
-1123
622
-1078
-631
193
419
-1361
977
-564
-739
1176
96
840
-738
1839
-634
606
198
-33
872
-22
1116
125
189
-603
97
301
-1617
1347
-541
-388
87
371
-497
939
-145
598
-369
206
47
251
610
-918
294
-334
-541
752
39
1010
-1171
676
-558
-1036
739
-1417
842
-736
-733
534
-1547
1240
-752
1920
-1843
1315
-201
39
1074
-358
1525
-1623
977
-524
365
-570
1189
-921
17
-555
-714
-456
103
-305
-157
-334
-557
290
-89
721
-793
458
-318
-219
213
-382
389
649
-84
238
-111
413
-281
327
-55
-228
-593
84
618
-952
757
-952
237
-49
215
-378
479
253
-452
1139
-78
-362
1533
-347
-402
582
241
-1074
1896
-474
-534
380
-1223
1163
-1884
1822
-1729
598
-461
-1178
1674
-2726
3095
-1704
1744
-1034
37
712
-1603
2115
-852
1089
-867
693
-217
-663
843
-610
1085
-36
227
-309
-511
-295
-224
-230
321
-850
1212
-810
526
686
-730
719
-89
1685
694
-45
-75
-51
737
-838
1891
-1310
271
-385
-319
382
-319
245
-770
-497
-182
-481
706
-1340
1485
-1298
887
-254
-404
1110
-1015
1382
-1675
1252
-1121
349
-537
360
-493
-108
-504
-524
551
-1212
505
-1487
458
-1572
707
-257
467
-557
79
67
-403
843
7
191
435
-606
484
-68
166
465
-410
39
-499
7
-228
-777
118
-346
-645
173
-77
-254
-73
952
253
-331
1657
-1499
1345
-525
1022
476
-547
1266
-477
629
-293
919
200
-150
823
-703
501
-530
154
467
-865
986
-794
1907
-1238
1044
-23
-492
1213
-821
1187
-1181
1225
-569
788
-932
446
-297
145
-1711
751
-999
-1424
1732
-2025
740
-1072
-2
-702
596
-707
-292
752
-977
1138
161
-417
-89
728
-621
645
19
509
-954
1261
-805
322
-527
500
-306
180
803
-1065
1146
-1317
1204
-173
168
389
53
676
-276
1198
-337
604
376
263
-216
552
-268
79
165
-365
8
-10
-89
41
-191
-705
17
-503
-137
93
-563
646
-570
246
-498
106
330
180
454
-823
182
-396
-972
930
-58
-7
-264
303
-507
-500
428
-837
321
-403
-365
214
-794
157
-3
867
-97
625
-12
165
-624
823
-148
-100
769
-572
627
-592
157
408
-345
62
77
-277
-1094
234
-340
-1635
1071
-1228
417
-354
113
488
-406
-279
432
-374
490
115
-208
-401
373
-526
243
-297
-594
205
-1317
147
-480
-346
-10
-794
168
-760
-78
774
-894
541
-205
760
-158
541
-57
517
-414
696
655
-590
779
309
-532
477
291
-166
95
581
-345
645
-266
510
-28
123
1029
276
171
688
914
271
331
1067
395
518
23
1712
-710
1422
-295
433
467
188
634
318
-503
147
486
38
-280
237
-150
-668
125
40
143
-224
263
-200
-105
111
219
-202
-100
-82
129
33
-372
-25
-375
-143
-744
334
-865
-111
-1168
88
-981
-45
-518
-103
-578
-384
-396
107
-671
-317
-320
-615
168
-773
18
-719
-128
-295
-103
137
-409
-306
-149
-491
-91
-407
-77
-761
296
-361
569
-694
-179
291
-604
343
1
45
-360
-101
165
-214
231
313
9
-42
122
96
-151
308
-397
290
-53
-396
1223
-385
-80
1039
-728
716
484
11
369
66
-4
831
647
358
-47
128
-82
540
664
89
37
52
-351
-399
474
39
53
244
341
-509
425
-389
425
677
-681
703
-25
-100
127
301
-404
346
-104
300
11
-219
-323
696
-746
-14
602
-122
604
-477
167
-239
221
-75
699
-709
691
-152
172
409
-18
518
-149
583
241
376
-276
-86
-603
32
-51
-321
-462
-127
-620
-463
-187
-329
-257
-166
-131
187
-525
348
-150
-32
-325
-448
392
-408
65
233
9
-480
734
-832
110
-122
-429
-55
30
-370
607
-635
201
215
-300
252
13
494
-75
492
107
234
-7
501
89
751
202
480
502
-18
-86
804
-258
249
-50
-66
50
-582
167
-111
-165
-72
712
-468
-305
-120
-18
-248
250
303
-271
474
190
118
416
6
-110
-582
-40
-873
-200
-22
-714
275
-296
-532
-317
-190
-856
-172
-83
-174
-423
91
-325
-825
-41
196
-77
-216
399
98
38
-308
-438
253
-1136
336
-203
-163
-270
77
-258
-504
148
-387
-239
-112
-279
239
-441
144
457
-415
574
457
338
405
-229
819
-667
389
77
-232
614
-91
-245
500
-30
62
834
-396
415
137
112
-147
704
-16
-121
423
246
416
-394
1137
585
202
800
220
607
-213
513
201
79
184
472
560
-373
649
-276
226
-206
320
402
-479
362
-179
-150
-488
640
-241
-58
593
8
-504
-225
325
-368
15
168
-175
-576
-651
-7
-267
-561
173
140
-400
-254
395
-355
-181
504
-232
3
-84
228
-129
-399
222
-277
-92
-223
111
-130
-475
-167
24
-371
-42
299
-367
276
-639
175
-369
-199
629
-104
29
210
-40
-59
130
317
-8
132
14
-340
-35
-7
-54
-169
-176
255
-411
393
36
-521
401
-270
-189
381
-223
259
156
-249
246
-233
-178
180
-81
253
-294
-20
-318
-417
-291
-229
-17
-232
240
-709
-359
-316
187
-319
247
-652
253
-476
221
614
-315
250
-262
126
14
-119
394
274
-601
643
-326
18
353
-156
72
-103
-21
132
-59
318
-156
902
-176
415
-53
123
527
-264
994
-606
904
148
40
280
100
172
179
-6
85
318
-226
138
-140
-137
-762
186
258
-666
111
5
-395
173
-199
336
-164
-177
668
-341
-81
347
-256
419
-47
138
128
-605
636
-209
-163
-94
4
123
-238
87
-44
238
-163
568
321
-221
166
-45
-5
-86
496
-272
23
-264
43
-58
-89
51
161
-326
89
-152
35
-22
-181
-126
12
-158
134
-8
192
206
-34
355
-40
254
-32
195
-40
233
-55
125
7
-307
203
-330
175
-208
99
-50
-275
124
-432
554
-92
217
92
-193
-113
-135
160
-48
97
129
-191
-172
-135
-231
-297
-126
-231
-355
-373
-372
-410
-263
-273
-155
-481
-127
-366
119
-375
29
-146
-241
-427
22
-34
-210
193
-117
162
-245
314
-31
257
174
189
39
190
-70
398
-142
207
427
41
418
309
291
363
257
132
413
-107
789
293
96
180
-113
-147
231
-88
381
-298
127
-278
-52
50
102
301
-456
342
-435
-35
121
49
340
-113
221
260
-42
132
-198
62
-203
-108
20
-311
35
121
-175
-198
33
-400
-114
-75
-9
-180
-135
165
210
75
224
-168
115
-89
135
293
-40
-155
173
-397
-275
0
-224
-134
-467
-80
-365
-31
-180
176
-236
-167
102
-253
27
-145
268
77
110
176
-191
141
-185
97
-13
-143
461
-246
317
-328
193
-205
-101
204
-244
371
46
342
88
183
205
309
7
353
-55
109
406
85
124
-152
-107
282
-175
-86
8
106
-23
8
327
-46
233
45
237
-176
171
28
-219
33
-51
175
242
-31
-71
-117
-122
165
-82
68
-214
-108
-12
-105
207
-239
-217
-118
-227
-99
-114
-35
238
-56
134
20
-5
11
117
182
20
254
-38
-58
-162
-87
-224
46
62
87
-262
-183
-5
-438
-96
-240
0
-256
-236
-190
-328
-530
-185
-437
-363
-122
-229
-271
-36
-332
-267
-91
-31
-6
-75
-245
-147
-266
-201
143
-308
-99
-61
-229
111
-129
-18
170
-213
131
150
243
222
684
514
223
431
168
505
241
327
351
12
329
292
97
255
272
219
148
305
228
375
129
354
284
276
16
286
175
28
168
200
257
38
275
196
25
-55
18
-223
-13
-138
157
-7
-75
7
-354
-69
-1
-22
-127
30
111
-79
-66
-109
136
-149
-123
-27
-153
7
-92
173
-225
136
-160
-357
12
-421
-105
-145
-137
-101
-96
-132
44
-142
-74
-366
-65
-128
-88
-192
53
-163
-157
-1
-34
-163
-36
-306
-316
-110
-293
28
-240
-138
-69
-160
-198
-5
-29
204
71
-108
158
29
32
104
151
-171
91
-69
-62
121
-64
83
81
-32
41
-61
-216
409
94
166
149
13
172
-3
195
204
98
51
212
211
147
342
72
276
60
248
123
281
-40
336
65
65
110
55
14
-28
17
-141
-54
7
25
-75
-143
-5
-96
-324
26
-62
-120
-131
-141
-74
-298
70
-78
-185
-224
-343
-187
-263
-74
-264
-72
-364
-228
-354
-212
-291
-263
-14
-408
11
-225
-95
-339
33
-100
-102
-110
-125
202
79
-78
275
-126
-188
-50
-55
137
201
167
161
49
167
78
191
299
86
318
213
368
250
522
162
391
299
363
315
440
237
325
168
193
159
261
105
455
147
108
349
112
336
68
481
121
265
181
204
212
368
126
202
167
34
139
111
-61
6
50
-164
-12
58
-143
96
-257
-211
-154
-504
-66
-353
-371
-290
-205
-407
-192
-302
-95
-221
-521
-48
-412
-277
-157
-265
-379
-208
-399
-272
-462
-317
-164
-399
-404
-118
-161
-513
1
-305
-232
-293
-206
-27
-240
-19
-4
-134
-125
-158
-102
-188
-153
-63
-161
-214
-113
69
-57
31
94
-14
-35
-29
41
-31
-78
108
-15
-189
124
23
24
220
-77
48
145
115
50
81
11
245
43
154
120
282
144
220
198
259
265
136
364
146
243
365
429
235
314
390
226
423
381
381
307
220
484
191
195
295
302
199
323
336
260
97
125
269
62
134
159
113
46
147
124
35
164
-133
24
-36
41
-27
-67
-85
9
-151
-159
-22
-228
27
-330
-207
-266
-351
-200
-277
-73
-303
-222
-344
-249
-266
-169
-150
-186
-158
-147
-211
-193
-120
-129
-136
-323
-115
-303
-204
-97
-76
-57
-201
-240
-10
-313
-91
-102
9
-129
15
55
-119
139
12
135
68
2
92
73
-27
139
-7
-116
92
-44
52
-28
50
-87
136
53
254
204
250
298
-78
157
78
123
88
229
141
60
26
-113
92
-93
-21
-36
-262
-2
-32
15
46
-61
-130
-47
-171
-24
-51
80
52
69
-148
25
-13
-286
17
-108
19
-59
-9
-143
-43
-257
-118
-273
-228
-186
-116
-178
-54
-33
-238
120
-99
24
21
-18
-1
27
96
144
165
54
156
-22
59
14
103
-80
27
-44
-38
108
35
93
65
3
-121
-50
36
89
101
55
321
153
182
145
164
252
167
137
290
211
89
279
124
257
118
95
193
65
275
120
231
18
80
52
130
77
48
-44
136
-93
100
53
38
-123
-5
-92
52
21
-19
14
-207
-246
-163
-146
-226
-126
-198
-137
-233
-302
-110
-297
-121
-135
7
-87
-278
-125
-8
12
-63
126
-113
71
30
-64
110
-9
24
-7
17
-67
-65
54
14
155
-79
110
93
148
28
127
177
-21
140
153
-26
-8
3
24
79
-28
-17
-113
-229
-183
-251
-125
-128
-213
-140
-237
-186
-149
-144
-109
-46
-106
-149
-58
-107
-68
-6
25
128
25
-53
74
51
100
112
127
171
71
92
70
97
38
175
147
123
7
170
129
-1
198
139
146
198
222
127
103
149
24
144
54
44
124
-80
45
-5
-90
56
-12
-15
-60
-15
-38
-66
-73
20
-45
-49
72
18
9
106
167
-53
-44
-38
-177
-103
-99
-32
-32
-238
-86
-264
-109
-134
2
-16
-93
-18
-107
-266
-239
-155
-205
-146
-66
-23
-58
-81
-121
-188
-248
-82
-88
-88
-140
-165
-99
-251
-137
-138
-198
-38
-131
158
-25
87
14
22
-9
33
92
118
221
218
182
28
117
33
188
63
194
123
83
299
41
84
130
126
212
77
181
54
280
238
248
278
197
330
285
277
194
133
236
112
173
-14
153
11
62
-77
26
-103
-44
3
-151
-44
-153
-60
-32
-76
-45
-34
6
-120
-51
68
-9
93
-63
73
-56
-99
-81
-24
-124
25
-167
-74
-111
-154
-10
-37
-107
5
-107
-25
-85
-70
-62
-129
1
-62
-103
-35
9
-78
-2
-51
-93
25
-125
-103
-69
-213
95
-227
-142
-74
-228
-99
-125
-69
-151
-113
-102
-15
-71
-129
-125
-129
-77
16
-29
29
-82
-92
-61
-110
-164
-69
-109
-158
-104
-25
-2
-12
-87
-28
-131
-30
76
-36
132
88
78
155
123
184
115
211
166
214
123
219
210
165
292
222
171
236
207
221
212
202
243
160
246
232
274
211
176
101
263
138
213
288
203
114
103
77
30
107
-4
71
-113
42
-39
-139
-66
-95
-150
-122
-250
-183
-163
-296
-167
-127
-199
-148
-176
-249
-117
-254
-198
-164
-195
-224
-168
-273
-162
-267
-159
-150
-299
-25
-41
-5
-51
64
-99
-101
-130
14
-2
-43
2
47
-48
-30
101
11
-3
-7
3
176
-17
150
76
-19
211
-44
127
108
170
215
228
182
236
104
170
167
9
186
127
54
135
113
73
132
11
122
49
-127
77
10
-29
-6
-39
25
-63
-163
-19
-67
-187
-30
-90
-182
-105
-190
-83
-50
-134
12
-95
-158
11
-45
-91
-45
-127
-158
-172
-137
-150
-144
-153
-124
-160
-176
125
-241
-61
-121
-139
-3
-116
53
59
59
40
1
-57
-47
-36
-100
-65
73
-49
34
3
-9
120
-51
48
120
-88
70
38
89
52
96
35
124
-39
154
167
115
278
88
179
58
28
159
77
89
133
216
47
138
154
119
53
94
119
84
115
200
127
211
290
228
184
206
103
198
2
125
67
127
72
22
41
-19
71
95
7
41
-45
19
-13
-108
-16
-78
-93
-99
18
-156
-99
-122
65
-89
-26
-62
-120
-116
-150
-105
-244
-250
-156
-224
-340
-169
-203
-158
-172
-64
-79
-49
-113
-104
-193
-94
-79
-83
-64
-32
-106
-81
-42
-107
17
-91
-89
-155
-88
-91
-65
-95
-7
57
-16
65
57
-2
113
5
51
75
-100
40
-68
23
38
49
73
94
7
88
-38
48
13
60
15
42
30
10
-12
-105
43
45
59
56
69
129
82
131
125
161
123
135
142
191
130
138
80
58
115
44
50
22
-71
-14
-17
33
-37
19
-17
-4
112
13
109
-47
23
-10
-44
-56
-11
-21
-113
-63
-64
-88
-49
-31
-84
-69
-157
-66
-101
-12
-33
-28
50
2
70
95
30
125
107
51
50
41
25
14
61
-17
1
-2
12
-126
-50
-40
-80
-16
-73
