221
118
-47
-143
-1
142
194
132
135
184
86
75
-197
-246
-326
-392
-491
-408
-276
-194
-149
-345
-371
-343
-266
-110
-69
23
27
-36
-12
5
40
5
133
105
197
172
-19
-23
94
-72
-146
-8
0
206
82
12
-116
-79
58
33
-171
-138
-105
-58
66
-7
-50
-138
-112
20
-90
-38
25
118
101
-74
-123
-238
-173
-9
172
24
-60
118
29
-277
-145
-256
-254
-140
-306
-375
-376
-96
-59
-65
-50
71
0
52
-105
-156
-7
105
194
23
38
268
234
75
-107
63
223
209
216
2
-68
-238
-155
-159
-334
-402
-272
-276
-401
-465
-337
-221
-83
31
-73
-12
35
59
218
362
324
133
138
132
84
173
232
317
489
542
360
151
150
349
337
326
327
242
294
58
-13
123
297
428
415
72
79
311
254
285
421
418
378
389
290
26
-139
48
172
199
256
56
119
30
-49
-177
-213
-78
-4
-258
-360
-446
-300
-324
-440
-321
-215
-305
-282
-150
-175
-89
24
-68
-24
-103
-16
27
-200
-90
-35
110
68
-107
-140
-69
-57
-59
-16
-107
-183
-129
-136
-122
-219
-189
-171
-198
-35
-50
-181
-88
-106
-88
-173
-157
-140
114
190
95
24
-48
46
41
13
74
30
91
-124
-245
-104
-96
-64
-231
-459
-298
-83
-184
-186
-158
-70
65
38
-24
17
-50
1
137
117
48
90
-10
-46
35
-130
-267
-122
17
163
78
27
15
-79
-42
-293
-305
-167
-199
-228
-230
-320
-284
-303
-230
-62
115
277
150
207
158
35
40
127
289
326
397
216
266
290
237
253
366
433
596
508
398
555
465
443
354
276
332
379
296
89
-119
-119
-67
-76
125
218
323
299
171
9
282
417
161
14
-236
-50
-9
11
73
7
27
-8
-284
-241
-182
-182
-24
-31
-123
-38
-237
-338
-193
-128
76
145
98
114
-70
-253
-287
-259
47
93
79
56
45
63
-104
-338
-233
-190
-9
12
-204
-155
-102
-116
-48
-201
-395
-298
-124
-65
-139
-177
-41
12
-114
-83
-154
-87
71
-81
-128
-109
-68
-45
77
4
40
98
171
148
-119
-230
-294
-256
-111
-76
41
-73
-146
-173
-147
-238
-280
-280
-228
-186
-30
-139
-231
-71
-23
-90
-100
-194
-127
122
233
226
142
38
62
33
-11
-189
-297
-206
-340
-307
-101
104
67
149
100
17
-10
-138
31
44
174
207
240
195
127
204
273
334
370
414
430
462
509
392
355
230
110
159
143
115
74
78
199
170
197
189
-127
-146
-46
-132
-19
77
237
203
61
-71
-37
-139
-262
-99
-88
33
169
100
320
418
303
255
150
-48
79
137
112
-156
-274
-137
-127
-116
64
148
106
264
357
239
-19
2
66
99
211
100
-67
-94
-55
-36
52
-57
151
-8
12
37
-131
-109
-124
-153
-210
-266
-147
-306
-393
-227
-65
-33
-5
-62
-242
-71
-101
-123
-17
-66
-144
-222
-163
-87
-167
-111
-71
-237
-158
-278
-296
-243
-191
-331
-332
-62
168
160
57
28
140
168
-35
-126
-295
-144
-158
-270
-219
-139
-55
-163
-35
96
216
333
87
84
2
-127
-207
-267
-320
-228
-118
-101
-105
-44
-145
-272
-371
-288
-354
-302
-27
-116
-37
0
147
276
254
186
32
-95
-16
-49
-22
82
27
-23
-13
29
-77
82
236
273
234
76
213
103
143
188
86
-34
16
-18
46
133
86
212
282
349
185
187
183
206
291
432
662
634
523
407
249
53
7
152
186
304
167
100
75
36
-65
-30
-55
-69
51
149
333
326
221
134
-115
58
17
23
73
173
313
341
355
409
321
36
-52
-92
39
121
74
154
80
-48
41
-86
-140
-203
-266
-207
-55
-107
-103
-280
-259
-221
-126
-28
-193
-230
-191
-135
-20
-2
54
47
6
-15
-185
-254
-361
-229
-262
-280
-141
-166
-277
-415
-413
-411
-542
-696
-719
-616
-450
-468
-568
-549
-372
-272
-247
-270
-141
-108
11
-95
-169
-94
26
79
178
130
-10
23
-47
159
32
-13
-281
-371
-194
-129
-24
105
271
121
173
75
-140
-70
59
187
233
292
442
359
300
298
143
126
254
341
294
296
334
182
68
59
45
52
62
61
143
163
99
179
264
256
143
163
187
171
29
156
179
172
184
64
49
292
308
314
365
208
90
-85
-103
9
11
142
313
317
324
255
168
-24
-220
-300
85
141
226
119
31
-33
-121
-49
-22
10
97
37
99
216
41
138
139
-44
-44
-65
-40
-34
33
114
8
-90
-324
-506
-492
-350
-192
-168
-82
-96
-354
-225
-232
-234
68
158
416
202
63
-137
-259
-139
-410
-437
-340
-112
-80
-147
-259
-225
-148
-178
-237
-336
-273
-197
-1
-51
-195
-322
-258
-280
-401
-286
-93
-211
-239
16
6
175
56
26
143
207
133
214
407
333
214
166
192
135
77
-83
-140
-295
-315
-510
-517
-220
-239
-147
-199
-347
-123
43
133
123
152
183
231
133
96
4
-13
242
264
200
231
253
224
268
196
181
248
140
193
111
175
306
187
102
-33
-117
40
2
97
203
294
293
124
86
57
-25
156
250
335
396
392
450
368
229
226
416
258
253
207
168
249
121
104
40
-2
-90
-195
-223
-315
-421
-376
-422
-219
-118
-155
-74
-21
-215
-406
-462
-458
-323
-234
-132
-61
29
-103
-71
84
70
70
61
-6
-105
-50
14
-108
-133
-67
-21
-23
-28
-15
-28
-77
76
-54
-100
-1
90
191
98
-86
-214
-255
-216
-92
-141
52
114
171
-101
-307
-328
-204
-78
-152
-92
-35
190
205
-64
-94
-3
-8
51
-10
16
117
169
140
-49
86
124
173
118
179
238
165
65
12
6
-65
5
-204
-204
-59
-91
-135
-110
-144
-130
-67
-49
55
-86
-56
-33
-189
-212
-143
-234
-25
240
325
423
291
104
126
156
307
228
143
174
124
-16
-271
-312
-239
-121
95
129
279
328
125
-95
-230
-262
-248
-165
-43
-20
67
130
283
257
22
-24
-98
-135
-81
-225
-176
-35
-175
-86
38
-32
-50
-3
-131
-239
-315
-344
-158
80
117
-60
41
69
-80
-39
23
27
101
178
179
-25
205
263
256
332
348
227
249
140
-9
-67
-141
135
123
107
54
-44
-21
-148
-213
-172
-195
-231
-160
-134
-165
-109
-114
-246
-9
67
128
52
174
296
395
469
207
71
118
253
165
238
314
213
182
190
242
235
133
48
-159
-314
-315
-361
-248
-119
31
76
-224
-256
-228
-338
-282
-83
80
295
313
320
67
-295
-175
-173
60
251
193
35
-93
-268
-328
-97
40
-129
-46
3
-175
-395
-526
-480
-410
-224
-137
-43
42
1
93
70
-69
-87
-7
23
96
142
202
-20
-18
-74
-56
96
177
161
191
357
352
296
142
12
133
308
347
230
196
7
-239
-343
-424
-228
-71
229
287
202
44
-21
-101
-261
-132
-40
170
388
412
241
-4
-204
-294
-184
-138
-165
-4
42
113
43
-54
21
-40
72
70
117
265
270
116
-100
-189
-43
-114
7
-61
21
160
11
-135
-198
-187
-176
-109
-147
-159
-105
-44
-56
-209
-347
-311
-427
-204
-113
-235
-166
-175
-124
-166
-151
-138
142
441
366
237
13
-28
-32
20
27
112
174
180
151
102
184
123
67
-46
-117
-26
178
207
107
-86
-9
18
67
96
-63
-39
6
-8
-89
-230
-186
-63
-72
-35
-153
-136
-261
-379
-319
-250
-266
49
-17
-96
50
109
-67
-156
-157
-193
-62
-46
110
148
208
297
225
167
181
247
349
414
363
536
596
571
357
179
180
189
181
21
199
217
214
134
-31
-149
-144
-109
15
128
116
61
68
64
-57
-222
-300
-278
-78
99
85
-13
23
4
87
238
162
155
154
214
151
71
-149
-97
-49
-96
23
-20
102
99
92
-16
-175
-362
-288
-270
-265
-203
-205
-124
-99
-36
-127
-189
-180
-269
-111
75
7
-103
-153
-233
-130
47
-88
-73
69
55
74
-91
-107
-226
-141
-128
-222
-384
-393
-226
-159
-128
140
185
175
192
-2
-94
-80
-120
-163
-207
-120
49
148
208
-16
-12
39
68
128
65
77
92
176
277
266
146
63
-228
-193
-98
-20
273
318
156
-2
-174
-40
-57
-44
-76
-85
61
-15
22
-123
-262
-153
-139
-159
-346
-271
-168
-191
-139
-219
-441
-457
-365
-334
-197
-36
134
-4
84
124
11
191
274
354
553
418
415
398
295
106
-102
24
211
392
534
337
312
378
237
-9
-54
149
360
497
367
198
74
120
220
-22
-18
67
293
284
152
68
98
227
342
375
319
263
116
-10
40
-35
75
90
-20
-3
-229
-337
-224
-307
-235
-228
-342
-393
-563
-378
-331
-317
-360
-294
-169
-234
-200
-56
70
32
-118
-263
-254
-160
-53
22
25
44
108
-15
-198
-204
-119
61
203
-5
61
-122
-221
-138
-240
-71
44
42
125
33
-172
-159
-122
-94
-34
-2
80
69
159
-86
-148
-115
-145
-135
-261
-154
-105
-88
-89
-105
-109
-224
-316
-208
-232
-253
-291
-192
-30
-32
-217
-253
-108
-14
198
188
173
219
233
111
-13
-9
129
335
300
257
348
398
418
358
183
35
201
249
212
202
-19
250
167
-89
-12
19
38
177
168
293
383
312
355
205
191
172
126
234
128
83
77
19
61
89
120
24
34
224
120
-116
-233
-115
-84
-38
-38
-10
7
-170
-95
-96
-246
-154
135
311
352
134
119
33
-90
54
33
154
324
280
184
269
151
158
207
69
84
24
-27
-207
-275
-220
-269
-26
-3
-49
-166
-208
-340
-439
-501
-590
-599
-504
-183
-153
-89
-22
-84
-245
-333
-467
-533
-362
-256
-200
-176
-323
-227
-291
-333
-182
-267
-251
-333
-462
-337
-67
35
173
201
250
311
264
131
146
251
87
175
52
10
156
295
82
105
-27
-199
-221
-55
-53
24
240
318
280
124
188
5
-107
-23
67
31
209
179
54
-55
-233
-200
-38
211
264
370
618
476
105
-84
-222
-206
30
129
37
231
360
130
-128
-254
-152
-86
-53
-116
-130
-61
99
122
56
112
123
128
72
192
327
268
278
49
-37
104
34
154
272
175
16
-214
-118
-111
-182
-204
-280
-31
55
176
83
-79
-70
-92
-182
-235
-31
139
252
252
53
36
87
-22
137
367
405
325
481
456
408
296
192
261
246
134
-16
-162
-219
-252
-373
-357
-333
-288
-176
-53
-104
-370
-287
-386
-139
-71
-116
-107
-184
-236
-216
-127
-87
67
139
260
156
129
33
-65
67
123
66
-63
-125
-174
-189
-155
-82
-51
-35
49
61
76
6
-44
11
17
75
297
132
43
-16
-42
-217
-252
-179
-346
-232
-95
-168
95
6
-107
-220
-362
-285
-301
-321
-438
-418
-93
13
-144
-138
-123
-216
-80
-22
40
73
81
197
148
253
237
238
166
108
112
184
237
143
58
-80
-192
-173
-95
-98
6
35
-40
-62
8
-81
84
230
116
20
-155
-136
-110
-113
44
286
454
427
298
40
45
283
265
304
199
149
45
57
-24
-47
-92
-127
-169
-379
-322
-159
-127
-11
112
80
69
43
96
126
63
-160
-87
41
54
271
308
212
302
272
243
274
156
75
140
272
273
191
93
57
-4
-13
-66
-22
118
69
-24
-11
111
-15
79
-151
175
255
337
308
143
158
259
258
-13
-81
-166
-87
-13
82
104
10
-126
-239
-149
-184
-291
-273
-235
-294
-243
-205
-56
106
-45
-143
-377
-203
-70
-115
-4
-94
-8
-116
-454
-581
-690
-518
-376
-243
-181
-76
-43
-184
-282
-335
-284
-235
-160
-28
-136
-121
-199
-137
-117
-95
-15
40
319
226
393
266
151
221
246
252
533
256
114
46
20
5
60
52
41
52
-76
-57
-208
-256
-349
-396
-406
-391
-441
-338
-69
-2
-212
-183
-154
113
349
269
146
-111
-132
-126
-104
153
98
23
13
77
-8
145
326
469
480
438
378
314
304
177
26
-33
143
204
387
294
421
487
339
367
383
97
71
385
412
453
309
241
234
113
-7
114
16
99
76
8
3
10
-95
-159
-199
-301
-230
-222
-347
-284
-342
-230
-211
-317
-209
-86
-56
-100
-128
-89
-5
145
218
323
240
264
116
29
-62
-15
137
41
279
343
291
303
225
112
110
31
6
-175
-454
-272
-238
-85
-126
-252
-158
-260
-46
-20
4
-57
-150
-39
-115
-94
-139
-181
-257
-265
-288
-252
-325
-289
-266
-272
-281
-401
-427
-360
-341
-185
-168
-33
199
87
94
38
-64
-30
-96
-73
-11
-1
200
209
163
-8
-155
-206
-271
-328
-102
61
48
-33
-124
-158
-48
-44
-112
-191
-279
-94
-35
128
91
54
-46
-155
-212
-215
-134
-165
-72
-21
-30
33
110
209
193
307
136
81
111
-52
-13
55
298
267
321
330
269
253
90
66
86
145
438
335
372
378
376
411
460
460
408
432
337
210
25
75
157
165
307
156
77
233
174
54
-173
-228
-25
-81
-232
-257
-228
24
63
34
-5
-148
30
80
54
285
311
442
418
321
201
28
-106
-93
-140
-112
34
0
73
72
-31
-299
-349
-334
-534
-485
-493
-380
-347
-289
-192
-116
-144
-166
-139
-27
-61
-145
-237
-207
-29
-94
-99
10
-50
98
90
-8
-60
-209
-295
-133
-90
90
-134
-234
-258
-220
-161
-56
34
-80
-43
-157
-257
-81
-23
-78
34
-89
-12
137
144
92
82
149
0
-94
-178
-150
-38
-57
26
15
-40
-25
-34
-93
-36
-201
-169
-234
-405
-368
-347
-287
-161
42
138
148
283
466
309
247
263
52
-126
186
245
212
440
447
395
413
455
416
253
262
133
11
213
67
407
119
665
-13
710
-386
1470
-265
1048
98
-346
923
-828
966
-136
1242
-549
1824
-1616
1253
-1886
256
-1144
70
-413
-1602
425
-2344
75
-1253
-1131
-512
-335
-1089
742
-601
-438
326
-615
-119
69
-287
226
219
491
-232
737
-158
86
762
-322
473
854
232
1086
816
392
862
1220
890
1196
1142
482
972
-33
408
-255
839
-710
538
-667
-483
-948
-1402
-1803
-1880
-1585
-2631
-1577
-2304
-2114
-1815
-2476
-1796
-1766
-1388
-1031
-268
-461
243
615
747
1687
1712
2286
2494
2981
3183
3121
3506
3298
3558
3590
3440
3220
2893
2652
2182
2023
1027
705
-460
-694
-1854
-1846
-2745
-2830
-3351
-3384
-3835
-3895
-3921
-4328
-3753
-4513
-3586
-4222
-3456
-3926
-2975
-3410
-2597
-2691
-1747
-1565
-488
-64
558
1349
1396
2260
2720
3313
4460
4820
5582
6072
6207
6501
6490
6842
6386
6712
5923
5616
4976
4259
2876
2175
552
-452
-1660
-2848
-3536
-4360
-5090
-5599
-6350
-6969
-7383
-7395
-7413
-7014
-6885
-6515
-6472
-6239
-6128
-5764
-5320
-5040
-3683
-3901
-2125
-2851
-249
-525
1148
2158
1982
3628
3727
5149
6175
7657
7630
9550
8079
9841
8493
9497
9090
9277
9254
7691
7535
5496
3656
3199
529
707
-535
-1610
-2545
-3570
-5669
-6057
-7391
-7566
-7215
-7610
-7298
-7828
-7754
-8511
-8955
-8713
-8695
-7720
-7010
-6731
-5700
-5851
-5594
-5055
-4529
-3424
-2046
-1294
53
1447
1748
3716
3392
4622
4971
5689
6779
8163
9054
10121
10343
10303
10254
9357
9672
8978
9592
8250
7921
6910
5233
4269
2489
1135
581
-934
-1677
-2539
-4015
-5119
-6389
-7795
-7669
-8307
-8048
-7980
-8045
-8200
-8515
-9227
-9105
-9170
-8917
-8265
-7977
-6958
-6685
-5745
-5325
-4628
-3571
-2798
-1500
-421
740
1221
2714
3495
4516
5428
5415
6791
6471
7540
7255
8487
8380
9763
9068
9834
9304
9067
8756
8210
8127
6711
6841
5071
4621
3627
2147
1676
-62
-985
-2678
-3421
-5070
-5389
-7144
-7302
-8190
-8265
-8656
-9236
-8685
-9470
-8732
-9058
-8432
-8699
-8091
-8031
-7198
-6097
-5747
-4528
-4266
-2870
-2893
-1176
-735
828
2109
1987
3417
3038
4131
4289
5680
5526
6585
6278
6478
6880
6920
7680
7617
8632
7948
9063
7571
8023
6983
7390
6512
6321
5531
4579
3762
2912
1679
980
-434
-1767
-2521
-4009
-4778
-5828
-6747
-7357
-7569
-8241
-7816
-8115
-7653
-7915
-7488
-7911
-7516
-7288
-7482
-7120
-6353
-6109
-4495
-4146
-3416
-2200
-2147
-1042
-244
443
1505
2604
2440
3513
3108
3160
3942
3906
4893
5023
5025
5069
5178
4903
5457
5834
5940
6595
6682
6918
6656
6579
6244
6191
6043
5386
5552
4580
4330
3301
2180
1365
-161
-517
-2364
-2129
-3973
-3758
-4890
-5017
-5758
-5628
-6084
-6127
-5866
-6772
-6016
-6550
-6352
-5986
-6453
-5912
-5634
-4697
-4639
-3028
-3382
-1528
-2319
-1205
-1074
-488
232
161
1592
363
1719
1532
1669
2050
3056
3094
4747
4274
4524
4837
4447
5128
5469
5909
6266
6572
6319
6314
5852
6144
5601
6333
6139
5981
6222
5143
4593
3481
2573
1966
1349
232
-619
-2315
-3465
-4716
-5042
-5533
-5625
-5485
-5871
-5668
-6320
-6361
-6375
-6491
-6049
-5913
-5495
-5401
-4907
-4812
-4116
-3897
-2778
-2708
-1647
-1678
-864
-585
-80
63
880
244
1631
944
1652
1462
1954
2474
3101
3271
4350
3949
4424
4485
4180
4767
4595
5535
5427
6039
5531
5843
5079
5377
4635
5299
4632
4623
3949
3217
2551
1639
867
77
-930
-1971
-3242
-3818
-4817
-4477
-5271
-4905
-5562
-5487
-5444
-6116
-5227
-5205
-4954
-5147
-5088
-5662
-3628
-5388
-2143
-3878
-1927
-1393
-2196
-395
-1626
-150
15
1014
429
2842
23
3184
1113
2325
2364
2738
2950
2898
3816
3222
4223
4240
4917
4613
4342
4051
3059
3295
2680
2818
2674
2550
2651
2282
2176
1909
1660
1741
1350
1334
1102
495
474
-382
-162
-1187
-1059
-2345
-2701
-3038
-3238
-2618
-2915
-1737
-2302
-1691
-2235
-1662
-1673
-1947
-715
-1769
-614
-1758
-1028
-2193
-1576
-2557
-816
-2304
-1164
-824
-1766
-515
-2143
383
-2141
83
-675
-178
-598
-521
-715
-471
-849
-181
105
255
550
609
1002
459
1238
315
734
337
630
772
1682
1813
2536
2565
2713
2669
2916
2878
3644
3750
3795
4005
3162
3242
2454
2081
1809
2338
1332
1799
189
390
-82
-438
208
106
577
-593
-59
-1162
-797
-1602
-1648
-1596
-1623
-2907
-2434
-2934
-3832
-3802
-4083
-4501
-3252
-5048
-3200
-3984
-3845
-3541
-2932
-2805
-2159
-1833
-2308
-429
-1946
-595
-911
-554
-322
547
408
695
2255
1277
3115
2489
2643
3357
3051
3696
3151
4766
3244
4939
4269
4282
4209
4596
4542
5050
4708
4430
4294
3673
2979
2579
1695
1219
979
-310
-469
-1742
-1986
-2378
-2376
-2498
-1844
-2969
-1969
-2746
-2746
-2816
-2859
-2687
-2619
-2725
-2953
-2599
-3342
-2410
-3081
-2727
-2790
-1419
-3050
-1089
-2383
-769
-1219
-1111
-395
-213
-788
480
147
84
1265
346
1933
741
1940
1535
2142
1096
2718
1553
2437
2256
2303
2597
1937
2316
1875
2539
2105
2486
2139
2190
2171
1941
2013
2205
1592
2168
1574
1552
1282
1033
638
962
402
731
-415
-512
-1123
-1335
-1270
-1174
-912
-587
-984
-1234
-860
-1647
-906
-1030
-1662
-1273
-2262
-1849
-2331
-2934
-2101
-2345
-2159
-2114
-2451
-2111
-2467
-3177
-1594
-2904
-1713
-2103
-1068
-1430
-888
-1380
-720
-687
-72
150
593
701
1205
1412
1085
1821
1895
2219
2373
2366
2236
2736
2158
1891
3273
2118
3459
2821
2907
2964
2481
3291
2588
3348
2343
3296
2194
2072
1533
982
517
-14
355
-578
-605
-995
-1412
-952
-1695
-786
-1236
-513
-1454
-256
-2140
-575
-1768
-1428
-1864
-1943
-2479
-2046
-2531
-3059
-1477
-3759
-797
-2747
-1275
-1766
-652
-1851
-37
-1542
-45
-805
-277
274
-66
855
-112
981
129
1766
-398
2144
-273
1944
847
1396
1808
1364
1540
1603
1637
1035
1220
1156
1407
1821
1257
2011
1531
2327
1208
2808
1130
2685
2230
1936
2286
918
1425
163
775
-221
362
-539
-245
-774
-843
-475
-1734
271
-1959
394
-1404
-339
192
-1416
-299
-1310
-1088
-965
-1829
-2376
-697
-3605
-563
-2752
-2025
-1861
-2533
-1885
-2006
-2346
-1248
-1642
-2058
-1270
-1220
-1369
-1522
-864
-1699
-201
-1415
-44
-240
392
-451
1283
185
877
1448
1486
1808
2101
2130
2644
2277
2228
2828
2629
2846
3228
3240
3488
3066
3372
3298
2743
3384
3034
2899
2675
2082
1880
381
948
-504
38
-683
-1216
-1040
-1455
-2031
-1655
-1528
-2417
-1876
-2217
-3004
-1469
-3280
-1932
-3334
-3262
-3568
-3504
-3707
-3721
-2685
-4241
-1880
-3579
-1886
-2741
-981
-2617
-302
-1663
506
251
-251
1098
1485
1008
1037
3408
1562
3743
2321
4084
3185
3923
2720
4936
3147
3868
3580
3523
3506
3427
2774
3202
2252
2072
1829
1011
1411
553
720
556
-574
207
-743
-900
-744
-1333
-862
-2197
-1054
-2537
-1446
-2995
-2735
-2530
-3524
-2434
-2722
-2569
-2457
-1967
-2916
-1454
-2582
-1783
-860
-1535
-211
-969
510
-889
263
-312
819
494
1335
-118
2532
859
809
3091
-233
3091
110
1993
1154
1313
672
1983
1120
1565
1433
1110
1851
-103
2511
-1437
2200
-1427
1483
-1239
429
-341
-100
-940
-432
-569
-1104
-491
-2279
-131
-2532
-919
-1659
-1460
-1333
-1818
-1753
-1235
-1559
-1562
-581
-1367
-404
-589
-246
28
-33
503
-138
405
240
531
691
538
891
384
1146
686
1172
1175
1019
1060
1326
663
663
375
-186
238
-60
-194
-227
-769
-571
-1185
-659
-1170
-633
-1215
-566
-1475
-986
-365
-1442
-592
-670
-687
202
-528
-193
790
-152
986
463
1500
1153
672
1862
282
2159
730
1718
1183
1378
827
2043
1100
1093
1286
114
771
81
1036
-202
1659
-1070
2027
-1055
1041
-430
-375
246
-1267
244
-1520
-12
-1685
-449
-2970
-440
-2777
-911
-1408
-1693
-1299
-1657
-1054
-1632
-306
-1931
569
-1335
23
-576
-223
-956
174
-436
-523
1474
307
1135
1339
1022
966
879
1307
1444
2252
1684
1854
2390
1336
2111
3263
1770
2217
2247
771
2040
625
1455
1074
419
-200
-34
-688
-1011
-1416
-1140
-2411
-2081
-1590
-2819
-1890
-3240
-2292
-3187
-2485
-2870
-1699
-3246
-1703
-3022
-2038
-2213
-2755
-1743
-1663
-2036
-1103
-1089
-788
-852
-330
294
-417
954
211
1723
1154
1416
2920
1548
2347
2566
3136
3233
2678
3049
3292
2621
2845
2777
2010
3291
2119
1725
2383
1572
1371
1174
1115
-175
768
-798
166
-894
-1021
-1121
-1355
-1336
-2152
-1163
-2717
-1639
-3172
-2474
-2526
-2462
-2162
-2991
-2131
-3203
-2837
-3188
-2728
-2767
-2656
-1997
-2208
-1518
-965
-702
-996
172
-353
940
147
1696
1025
1893
1718
1842
2804
1759
3384
2763
3071
3440
3569
2986
3584
3147
2428
3798
2067
2910
1961
1823
2362
1544
543
912
437
-593
-218
-919
-567
-2165
-181
-2759
-889
-2801
-1920
-1774
-3199
-1530
-2209
-1851
-2310
-2065
-2066
-1781
-1092
-1833
-1405
-1219
-1269
-1149
-537
-824
221
-778
380
16
644
568
1472
443
1110
739
1398
1819
1443
1824
2037
1516
1845
1119
2533
990
1414
1337
1010
1915
285
1368
449
592
-419
177
225
-486
-731
-570
-998
-378
-1620
-739
-1690
-1975
-1263
-2146
-2177
-2175
-2008
-2501
-2333
-2147
-1640
-2633
-1823
-2791
-1185
-2468
-977
-1946
-1013
-1475
-770
24
-240
687
47
784
540
1435
1276
2625
1255
2748
2014
2982
2702
2809
3328
2439
3395
2211
3435
2294
3230
2638
2871
2403
1872
2002
1137
1444
445
101
-147
-387
-1695
-1047
-1996
-2018
-2655
-2740
-2802
-3272
-3492
-3631
-2887
-4006
-3250
-3276
-3761
-3339
-3444
-2775
-2680
-2609
-2259
-1797
-1436
-2011
-752
-478
-476
633
439
1208
1124
981
1803
1870
1959
3029
3381
2738
2859
3551
3352
3388
3607
3960
3916
4122
3909
4124
3434
3728
2535
2833
2421
2434
1462
1423
402
825
-259
-1080
-454
-2036
-1524
-2263
-2565
-2654
-3586
-3472
-4274
-3686
-4448
-4041
-4735
-3992
-4872
-3967
-4981
-3353
-3944
-3223
-3399
-2549
-2132
-2396
-718
-1682
438
-802
156
325
1364
199
2278
683
2307
2070
2154
2574
3612
2683
3878
3408
3642
3296
2531
3925
2579
3688
2607
3509
2309
2498
1717
1960
1040
1438
310
1211
717
869
108
-346
-1265
-1039
-1196
-1121
-869
-1713
-1612
-2631
-2577
-3276
-1869
-2031
-2378
-2327
-2504
-3096
-2418
-2347
-1710
-1748
-1886
-1657
-1826
-1612
-1454
-450
-421
-453
402
6
671
632
347
791
1056
1448
957
1606
1993
2012
1344
2299
871
2349
1152
1750
1982
394
2507
530
1072
1144
1131
740
554
1171
560
-112
-212
125
-721
14
-1590
336
-2263
-137
-2064
-888
-1577
-1087
-1211
-2116
-484
-1457
-1250
-1592
-178
-1222
167
-1233
757
-639
-167
-220
1006
-709
1445
176
999
1512
647
2009
521
1282
573
1521
1018
1940
763
1262
612
490
184
562
1141
-85
1277
-1240
802
-1063
-569
-363
-1469
74
-1506
-999
-1616
-965
-2002
-1168
-1484
-1030
-1020
-2182
-587
-1956
-748
-1498
215
-1387
-704
-687
-249
-887
-331
-539
775
-190
-426
1318
-681
1325
-197
1437
1514
757
2317
795
1342
2179
1056
1913
2190
2660
1857
2147
1267
2351
601
1648
1422
2468
904
1191
163
414
238
-1018
777
-1128
1117
-2727
-167
-2727
-1075
-2835
-289
-3403
-1470
-1644
-2840
-2443
-3280
-1860
-2937
-2336
-2748
-617
-3589
-1764
-2264
-794
-801
-1096
-261
158
-958
389
311
-206
1791
59
1444
1843
274
2609
1618
690
2806
1843
2716
1096
2491
1399
3093
1147
4067
1811
2009
1891
2076
1917
1750
2232
1653
1065
610
1694
1261
1050
-521
178
-655
-381
-284
-812
-996
-3182
-550
-2652
-964
-2042
-1508
-2541
-3420
-2528
-1503
-1654
-1934
-1354
-2354
-3116
-1814
-1340
-1838
419
-1746
-22
-2050
-1633
92
-554
402
799
-547
-283
-40
855
223
684
845
2122
-433
1098
77
2044
1352
495
2449
1864
1803
2061
1957
1250
3022
-2
3017
1057
2534
1990
1573
1817
20
2178
-425
2399
154
472
-434
-149
46
-785
285
-53
-264
-1371
4
-2079
1034
-4075
240
-934
-2461
-173
-1442
-444
-2295
-1675
-278
-2853
317
-1137
326
-2979
-2116
-1831
-1538
-3083
-214
1344
-3124
-1051
-1681
-506
-2471
-669
-970
3124
-4322
1422
-476
-1713
138
-387
3466
-277
3476
1009
1015
2030
1738
3532
2222
3889
3095
3552
1254
3523
2745
2943
1711
5566
765
3413
1954
934
2802
450
1763
240
2422
-1719
526
-1723
-2474
418
-3936
-1300
-1360
-3017
-1902
-3211
-3390
-3518
-5053
-2769
-2909
-3439
-3759
-2372
-4125
-4329
-2443
-3233
340
-2551
-1792
-305
-4967
316
-1362
-1549
2997
-1136
1865
740
102
2715
1540
2456
4927
3965
3634
5925
1879
5552
3819
4840
5072
6084
4431
4564
2896
4734
1929
2056
3856
1659
2701
567
669
-1204
-356
-2810
-188
-3170
-3359
-1820
-5283
-3210
-3326
-5352
-2550
-4209
-4715
-2765
-5518
-5009
-2617
-7146
-2851
-3203
-3011
-3017
-3883
-4232
-1678
-3649
-1041
-1133
6
-1473
-41
671
316
2705
3900
2945
5463
4038
3579
4990
4370
6903
6226
8531
5779
6797
5126
4916
5817
5168
6146
4056
5342
2508
1644
1257
420
-464
312
-2084
-687
-3588
-4256
-3383
-5781
-4398
-4574
-4832
-4431
-3959
-5462
-5131
-4779
-4926
-5373
-2605
-6057
-1388
-5433
-4679
-3830
-4018
-3583
-854
-2766
-1813
-495
-2819
433
-813
1279
1157
1771
1886
4224
3643
5834
4576
5020
7089
4883
7841
6364
8749
7500
6515
7854
6774
7121
4916
7329
5985
5481
4014
3123
763
74
-1267
664
-2608
-1837
-2910
-6377
-5705
-7379
-5445
-7187
-5127
-5846
-5864
-7095
-8037
-5246
-6427
-6106
-5091
-3918
-3911
-4676
-5966
-2076
-7936
-3107
-2775
-2067
-1004
-1160
-3001
-1238
-1767
-237
3421
2508
6702
7535
1090
3502
5646
1667
9790
8864
10600
8712
5984
6686
6563
6753
10121
8717
8768
7021
2051
3608
-1302
-79
1285
-222
-713
-3209
-4637
-7592
-7871
-8111
-6039
-7349
-6122
-6627
-8040
-9526
-8302
-7923
-6375
-4639
-2793
-5427
-6264
-4556
-5830
-3129
-2881
-1865
-592
-4544
-2654
-1981
-2354
458
693
1106
2092
4935
3948
6716
2770
6017
4213
5193
9379
9015
9565
8898
5639
9333
7507
8816
11833
6864
9636
5016
3754
4093
-816
2074
-320
-1155
-2601
-4353
-6899
-8017
-8642
-8619
-7399
-9747
-6884
-8929
-8397
-8961
-8513
-7911
-6017
-6465
-2874
-6297
-4869
-2868
-4314
-1917
-2254
-1143
-979
-3225
-83
-145
-266
-44
2766
1855
7516
3099
9188
3692
5181
5825
5830
9723
10055
10169
10373
5951
8535
8764
8258
11593
7664
9752
4572
3242
2311
-1730
416
-2570
-1866
-5112
-8290
-7752
-11234
-9212
-10891
-9337
-11284
-10393
-9936
-9168
-9551
-8025
-7848
-6910
-6804
-5575
-4000
-3778
-2059
-1704
-1239
-2469
-2020
-1494
-553
1445
2270
1628
1083
373
4685
7042
7117
9700
5747
7175
3818
6996
10842
10977
13134
9958
7626
8739
6385
10225
9167
9774
10109
3491
2998
-1808
-1938
-1145
-3109
-1363
-5729
-8309
-11506
-12123
-10792
-9626
-9740
-10073
-11461
-11334
-11970
-9582
-8533
-5697
-5578
-6052
-5607
-5668
-3982
-2431
-349
-96
391
-1444
-1855
-1603
-328
1145
1403
3870
1574
7930
4723
6870
8449
3405
9389
6396
11182
12875
10048
11682
8345
8039
11195
9175
13875
8422
9555
7200
1175
4382
-2035
1107
-1234
-4693
-3832
-10617
-10565
-12289
-10057
-9835
-8848
-11633
-12030
-12543
-11961
-8796
-7063
-5489
-4588
-6354
-6670
-5566
-3703
352
140
3378
-891
-488
-3315
-3010
250
62
2501
966
-179
276
4630
2641
8337
4660
5158
5735
3831
10571
10779
11105
11432
8077
9638
10380
10458
13365
8416
11607
5811
4409
3532
-1345
1330
-2872
-3218
-4503
-10366
-11020
-12701
-12010
-9249
-11276
-10276
-11487
-12627
-10134
-10368
-7234
-5265
-4254
-4152
-4785
-4943
-1917
-1274
3020
2210
2361
95
-2443
-810
-1499
1117
73
1022
-250
670
5291
1486
6547
1914
3348
5537
3354
11587
9869
9729
9633
5688
9848
9887
11427
13351
7575
10929
3395
4327
3923
54
3410
-2967
-3152
-5872
-11639
-9792
-12324
-9482
-9819
-10783
-11758
-11944
-11215
-9839
-7464
-6702
-4922
-4456
-4501
-4398
-2232
-1553
1979
2249
3392
1136
837
-1240
702
823
-88
-131
-1216
-1510
46
6816
1901
7612
-325
552
3914
1150
11856
10540
8751
9352
2856
8256
8901
11171
14499
7452
11032
2370
3301
3598
-263
5303
-1814
-2621
-5454
-12138
-9595
-11708
-9135
-8062
-11997
-11634
-13020
-11024
-9130
-7300
-5424
-5976
-5071
-5310
-4620
-2134
-9
1159
3607
1000
1880
206
453
1357
2052
113
-1208
-2080
-2072
-856
4324
5371
3168
3769
-3947
2892
1910
8149
13224
10049
7578
5357
3558
10583
11659
15064
11598
7956
6116
717
4942
2332
4399
3262
-3549
-4623
-10722
-11326
-9076
-9253
-7004
-10647
-13356
-13594
-12579
-8927
-7354
-5750
-6346
-6724
-6692
-5273
-2505
398
949
2002
962
-431
222
144
1751
2353
335
-1979
-2747
-2831
-979
879
8368
1884
4639
-2325
-2347
4800
3861
13420
12743
7311
7210
2091
8182
12413
13507
15921
6710
8199
1087
2625
6008
2389
6280
-2128
-5809
-7449
-12596
-7456
-8770
-7299
-9243
-13995
-14835
-12867
-9721
-6834
-5989
-7700
-7925
-8264
-6368
-3298
230
1282
217
-114
-1649
-384
2216
2298
3741
1479
-2933
-2301
-4326
816
461
5929
6680
873
2765
-5056
3261
5126
9511
14812
9427
5393
4495
3838
13489
13370
16172
10197
4979
5153
245
7385
5120
4547
2904
-6555
-5824
-9961
-8368
-5322
-7759
-7679
-12617
-15784
-13407
-9127
-6290
-4965
-7350
-9131
-9221
-6970
-3948
383
1068
-370
-2030
-2519
-1262
2202
3445
3325
2002
-2550
-4075
-3616
-1872
3164
-438
7037
2155
54
769
-4136
6104
6276
11000
13684
7276
5458
5152
7362
16183
13891
15866
6576
5770
5086
3153
9885
4401
3855
-646
-7528
-6024
-8695
-6540
-6327
-9139
-10627
-14652
-14866
-12169
-7452
-7105
-7075
-9030
-10575
-7561
-5944
-1994
-25
-349
-2148
-1701
-1233
1050
3854
3695
1980
107
-2913
-3172
-1673
261
2869
-169
4972
1508
568
1398
-1244
6555
6060
9548
12143
6350
6108
5858
8304
15574
12479
14134
6429
6062
6284
4255
9493
3122
2544
-1379
-7045
-4725
-8138
-6445
-7554
-10756
-10653
-13778
-14610
-10658
-8726
-7318
-6675
-9638
-8671
-7581
-5277
-1693
-40
-364
-1280
-1618
139
1753
4970
3409
1939
240
-2509
-974
-1463
525
1360
-2041
-1199
4316
-463
4424
-1073
587
5617
4707
11419
11420
6572
7753
5338
11282
14307
13411
13015
5846
9458
4593
7040
7627
1263
3671
-4200
-4916
-5148
-9487
-6180
-10315
-10239
-11515
-15534
-13511
-10816
-8424
-7022
-8662
-10145
-9559
-6683
-3805
-1325
-242
-647
-2185
229
-253
4209
4182
2666
2330
-1402
-1926
-1141
-1010
1387
-22
-1501
6006
-51
4325
-282
-876
5018
4840
11212
12392
5510
6393
3989
10922
15325
13391
13879
4358
8253
4887
6580
8956
2015
2765
-3708
-5800
-5007
-8542
-5815
-8705
-10104
-11166
-15603
-13936
-9587
-7260
-6624
-8658
-10503
-9652
-6339
-3535
-814
-312
-1485
-2229
-476
1050
3366
4832
2120
1998
-1340
-1768
-1596
-152
520
545
-4762
1873
3301
1387
4223
-4209
3389
3710
7397
13852
8429
6022
5398
6053
15118
13225
15630
8197
6306
9037
3397
10148
4447
2200
1997
-6746
-3766
-7977
-7208
-6305
-11083
-9999
-14219
-15987
-11272
-8713
-6574
-8530
-10890
-10960
-7785
-3977
-1494
-218
-688
-1988
-1181
995
2468
5267
3901
2102
14
-1721
-1254
-53
1222
2247
-1739
2972
3528
1054
4535
-2296
3839
5327
7400
13545
7683
5055
5787
6368
15012
12845
13919
7239
5752
8258
4332
9526
2880
1173
-427
-6281
-3826
-7405
-7567
-8077
-11742
-11508
-14665
-15014
-11319
-8331
-8237
-9344
-11367
-10529
-6750
-3590
-1475
-1758
-1398
-2335
-299
2369
2711
4980
3137
1337
655
-913
-1013
1256
1080
2779
-1974
2967
5274
2145
5632
-2078
3432
5002
7375
13945
8685
5058
5747
5065
15682
12496
14485
7231
5120
8001
3873
9293
3380
620
-733
-6920
-4207
-8063
-7840
-8073
-11839
-11587
-15063
-15918
-11732
-9005
-8031
-9568
-11623
-11123
-7585
-4098
-1497
-1758
-1623
-2400
-856
1832
2856
5358
3341
3322
1163
382
64
1339
2799
3143
-785
2725
6615
3054
6831
-1352
2410
5907
6506
14361
10272
4431
6267
4040
14555
13344
13508
8276
3663
8003
3451
7952
3632
-609
-398
-7257
-4828
-8343
-8925
-8075
-12301
-11984
-14918
-16887
-12722
-9888
-8147
-10233
-11657
-11321
-7540
-3259
-2854
-1319
-2683
-2418
28
1897
3944
4551
4766
3395
2564
1152
1565
1559
3871
3366
1469
-635
7414
5242
6945
2755
-1267
5715
5197
12083
14197
6159
5738
4329
9579
15845
12478
12844
3698
6968
4990
4307
7315
-122
1058
-4199
-7417
-6080
-10548
-6673
-10821
-12123
-13465
-17656
-14764
-10971
-8663
-9041
-11361
-11929
-9647
-5756
-4126
-2250
-2218
-2340
-1148
627
2718
4570
6059
4409
3454
1747
1976
3349
4543
4990
3219
-1114
3182
9360
6495
8312
-1413
1674
5812
6940
15845
11107
6181
5525
3308
13409
12528
14389
9138
3775
6933
1355
6163
3872
548
791
-8343
-6946
-9043
-8822
-6653
-12227
-12198
-16463
-17417
-13456
-9249
-8586
-8982
-12051
-11789
-8278
-6153
-3184
-2468
-1611
-2052
-696
575
2864
5429
5563
3932
2943
1287
2929
3400
5618
4011
1537
-555
8610
6643
7455
2938
-1874
5584
5442
12119
14431
6302
5187
3596
7838
14365
11691
12762
3739
6184
3733
3287
6660
653
1395
-4105
-9028
-5566
-9974
-5972
-9664
-13460
-14214
-18024
-14637
-9321
-8394
-8912
-11856
-12479
-9625
-6734
-4140
-2715
-1600
-2177
-680
60
2520
5031
7527
5858
4618
2745
2607
4559
6573
5560
4384
-781
5832
10052
7069
6789
-2218
2163
5680
8058
14803
8546
3137
3682
2508
12675
10696
11905
6200
1992
4963
313
5336
3008
-548
-661
-10197
-7027
-8463
-7749
-6741
-13097
-14118
-16740
-16466
-10345
-8085
-8047
-11327
-12133
-10683
-6686
-4298
-2612
-1230
-1102
-1237
369
2575
4917
9220
6840
5357
3564
2900
5214
7436
6456
5480
788
2152
12581
6420
9086
-1102
-298
5715
5661
13591
10131
2921
3133
935
9563
10828
10544
8281
-124
4826
-325
3134
4811
-2139
529
-9745
-9238
-7623
-9708
-6009
-12918
-14172
-16871
-17635
-12928
-9074
-8894
-10124
-13258
-11166
-8905
-4968
-2763
-1564
-222
-866
698
2494
5694
9468
9344
6449
5353
4282
6672
7998
8925
5959
4315
678
10332
10606
8033
4354
-2868
4032
5030
9763
12055
4773
1921
902
3700
11117
9124
10741
1673
2220
1757
-147
5408
572
-262
-4278
-11449
-6869
-9942
-7078
-9150
-14470
-14155
-17783
-14898
-10844
-9171
-9303
-12094
-12224
-9699
-7481
-3293
-2708
-513
-709
165
2612
4410
8437
8715
7616
6747
5662
6869
7277
8600
6499
5466
2254
3657
13223
6612
7845
-1292
-1137
5126
5144
11827
9094
1175
1913
-861
8427
10913
9901
7898
-1007
3798
125
3531
5829
-1265
-8
-9101
-8934
-6538
-9526
-5662
-12580
-13961
-15928
-18059
-13520
-9526
-8859
-9970
-13058
-11497
-9851
-5687
-2844
-1219
144
-553
741
3292
6352
9310
9373
7162
6392
5327
7145
7638
8441
5256
4609
-376
10374
9538
6752
4141
-5482
3690
3660
8856
12045
2968
597
-338
2212
12833
8482
11249
1059
1722
3710
-53
8130
737
749
-3032
-11462
-4698
-10130
-5845
-8715
-14028
-14172
-18014
-15852
-10394
-8383
-9340
-11579
-13487
-10471
-7721
-3550
-1400
-536
492
-309
2441
4530
8609
10163
8915
6739
5992
5425
7887
8390
6800
4929
412
1952
10788
6896
6225
-1738
-4230
3347
3579
9692
8340
1186
319
-737
6404
11050
9738
8805
641
4401
1363
3590
6904
749
1724
-7161
-8520
-5965
-9062
-5025
-11174
-13844
-14547
-17624
-13851
-9474
-9499
-9432
-12696
-11249
-8863
-5640
-2151
-867
1875
415
2161
3289
6945
10089
10516
8521
7200
5813
6888
7729
7643
5812
3185
-819
4535
9131
4060
4250
-6065
-1203
1533
2467
8428
4646
202
462
-1035
8517
8570
10772
6200
1765
4982
-446
6635
4184
1307
821
-9624
-4725
-8065
-7622
-6838
-13718
-12349
-15967
-16956
-12384
-10606
-8763
-10616
-11193
-9950
-8177
-4078
-2343
1658
2302
1874
3738
5506
8892
11501
10140
8621
8231
6245
8294
7519
7584
4471
1334
-402
6976
7280
3436
313
-7273
-790
298
4105
8166
2860
-883
-947
820
9848
8819
10970
3153
2972
3201
528
7818
2155
2061
-2621
-9901
-5137
-10315
-6792
-8998
-12462
-12352
-17085
-16027
-12166
-9992
-8110
-9937
-9313
-9221
-6171
-2973
163
4037
4019
4059
5117
7179
10054
12909
11032
10440
8470
6514
8058
6443
6849
2843
1208
-839
7591
3430
1096
-3172
-7399
-45
-1116
3280
6517
-293
-139
-1473
2978
9873
7927
10438
1255
5015
1593
2365
8223
513
3033
-5909
-8140
-5756
-10711
-6160
-11307
-11605
-13379
-17710
-15408
-12228
-8336
-8980
-8814
-9476
-8677
-4906
-2740
2777
5139
4259
4948
5337
8644
11394
12999
11238
10338
8209
6094
7516
6022
5818
3565
-1374
1331
6529
-203
1586
-7281
-4286
-1399
-2238
4987
4032
-1105
-391
-2317
6338
7224
9556
5970
2216
5789
-202
6842
4032
1198
1814
-8323
-4387
-8442
-8768
-6934
-12025
-9658
-14951
-16828
-13858
-11119
-6765
-8461
-7197
-7871
-6447
-3148
-701
4325
6270
6089
6485
7266
8920
12361
12727
12064
10716
6400
5772
4594
6390
3795
2040
-3551
1431
3879
-2491
-141
-10375
-3459
-4160
-1395
5163
1726
-964
-1079
-446
8025
6776
11012
4413
5818
6214
1118
8835
1455
3778
384
-6965
-3270
-10702
-7542
-9581
-11180
-10551
-16509
-16353
-14031
-10079
-8171
-8391
-7267
-6918
-4481
-2690
399
5108
7171
7981
8289
9158
10651
12734
13487
12011
11201
6228
6408
5286
5643
1263
-89
-6057
1682
1849
-4139
-2704
-13250
-5286
-6269
-1349
4430
1301
-1872
-1726
-776
7837
7081
12169
5425
6646
5245
368
8180
2517
5511
717
-6621
-5177
-10941
-8038
-8110
-9514
-9936
-16102
-16584
-14286
-9916
-7334
-7106
-5626
-6295
-4670
-3460
1085
5907
8876
8835
8271
9471
9375
12959
13323
12559
11345
5250
5822
3081
3885
165
-1159
-5773
1833
-1350
-4648
-5176
-12966
-4788
-6482
31
3653
1112
-1770
-1159
924
8360
8867
12593
5736
8122
4325
2489
8556
3477
6375
-821
-6579
-5754
-11029
-6238
-8045
-8964
-11445
-17110
-16907
-13626
-8046
-7353
-5563
-6725
-5437
-5035
-2354
3241
7383
10198
8744
8190
9751
9132
14720
12343
13094
8961
4092
4725
1674
3453
-2089
-2109
-7129
2330
-4724
-4051
-8180
-11519
-5082
-5486
800
4790
147
342
-1200
3910
9185
9824
13283
5211
10132
2558
4810
7525
3747
6399
-3225
-5538
-6755
-10662
-5998
-9805
-9161
-12366
-16757
-15666
-12341
-8200
-7052
-5135
-5794
-3813
-4929
-234
3870
8446
11021
8054
9679
8522
10891
13730
11461
12147
6217
4232
1963
483
-597
-4051
-5391
-6475
926
-7495
-4909
-12566
-10218
-5701
-4562
2447
4339
604
396
-888
5934
9366
12937
12471
7400
9620
1984
6226
7127
5177
5782
-4357
-5015
-8940
-10117
-7279
-10861
-9131
-13670
-16653
-16085
-11882
-9239
-6986
-5276
-4402
-3132
-3427
726
4930
10045
10888
10488
11103
10170
12392
12636
11880
11246
7036
4910
1043
-582
-3584
-3995
-7924
-1974
-983
-7766
-6832
-16256
-8120
-6179
-1625
5330
3469
-299
-928
-501
8529
10834
16003
10507
8867
6766
1213
7974
5358
7159
3308
-5558
-5743
-10935
-8449
-7948
-9457
-8896
-14018
-16871
-14947
-11145
-8123
-4534
-4144
-1725
-3668
-2521
1311
5842
11630
11307
11678
10543
9377
11365
11302
11105
11053
5859
4225
-1206
-2131
-5734
-4616
-7419
-1092
-2754
-8496
-9559
-15057
-6864
-5149
536
4841
3928
-455
123
1594
9445
11595
16158
10187
9335
5767
1765
8229
5138
7265
1796
-5868
-5809
-11516
-8442
-9521
-10697
-8823
-15371
-16249
-15781
-12403
-8108
-5241
-2409
-2254
-3491
-2370
1338
7179
11853
12353
12415
10556
10646
10382
11078
10796
10544
7139
3615
-2331
-3711
-6796
-5824
-6720
-1195
-3505
-9335
-11048
-14480
-8121
-4798
-296
6083
4013
-182
254
1165
9262
12894
16706
11631
9957
5820
2961
7501
6170
6603
2599
-3815
-5635
-10983
-10639
-11022
-10351
-7767
-13803
-15806
-16303
-14131
-9758
-5496
-2065
-931
-3312
-2290
-383
5450
9923
12998
14198
12007
9946
8085
8418
9390
11322
8905
4353
-1999
-4601
-8436
-6148
-6798
-549
-2408
-7522
-12142
-13697
-12327
-4829
-93
6980
6234
-1009
72
-731
6993
12881
16738
13913
11614
6555
3752
4718
6612
6534
6382
1376
-3827
-8455
-12644
-11361
-8695
-7115
-9093
-14097
-15044
-14700
-12913
-7117
-3784
-331
-1734
-2165
-2042
780
5375
10228
13804
14232
10903
8660
6586
6799
10211
9021
7630
2831
-1680
-6266
-6925
-7575
-930
-244
-3378
-7072
-11571
-13430
-8302
-4631
4861
5235
1782
402
-1750
1442
5300
11473
11472
14011
10153
5808
3859
1977
2490
6047
5109
3502
-915
-8378
-9923
-10758
-8215
-7187
-7674
-7450
-9449
-10634
-11342
-8624
-6024
-3676
-1024
-996
-904
64
1610
4833
7381
7290
8693
6991
6562
6675
4986
5247
4920
3830
2488
1083
-67
-1275
-215
-1554
-2626
-4287
-6943
-6238
-6565
-4949
-3117
-3609
-3679
-2677
-2214
-1273
458
1711
3878
5247
6423
5406
5067
3844
5075
5209
5501
4277
2105
1481
-610
-683
-2561
-1915
-3147
-2656
-3092
-4448
-3697
-4704
-3761
-3254
-2513
-1505
-459
1382
2350
3066
3081
3093
3492
4691
4209
3856
4091
2704
2075
376
-238
-1172
-2903
-3506
-6011
-5496
-7299
-7363
-6757
-7899
-6478
-7624
-6258
-5356
-4901
-3586
-2410
-602
1496
3141
4380
5363
6015
7141
7819
8964
8931
8764
7461
6724
5778
4472
3727
2696
2724
1238
-9
-1217
-1433
-1168
-1567
-1352
-1384
-801
-90
742
1685
1643
1306
1659
1435
1991
1896
1111
1768
625
-678
-1992
-4023
-3594
-4578
-5063
-6371
-8367
-7601
-9620
-7833
-8512
-8339
-6661
-7408
-5244
-5231
-5398
-3574
-2851
-179
763
1972
2116
2567
3798
4328
6478
6634
7269
7711
6609
7218
6209
6258
6237
5537
5653
2961
2021
658
1009
1503
67
466
-472
-19
793
982
2139
1660
2052
2262
2305
1886
1596
1451
1907
1651
-372
-1527
-3689
-2865
-4233
-4115
-5626
-6840
-6358
-8076
-6390
-7625
-6603
-5559
-5943
-4111
-5361
-5370
-4270
-3261
-640
62
951
411
1143
1611
2651
4218
4748
4911
4989
3468
3347
2123
1856
2117
1766
2540
700
800
-172
456
877
220
1814
1467
3296
3468
3633
4425
3461
4776
5146
4992
4437
3615
2749
3245
2419
1723
-115
-1275
-1569
-3086
-2697
-4702
-4508
-4735
-5657
-4924
-6392
-5181
-4928
-5074
-2705
-4427
-2979
-2961
-1434
10
455
1310
480
2111
1714
2734
2795
2045
1788
1453
995
959
-514
-935
-2160
-1941
-1900
-3111
-2262
-3139
-2098
-2486
-2913
-1498
-1109
1358
1513
2513
2759
2745
4264
4853
5391
5003
4957
4478
5172
3786
3503
1279
841
656
-994
-570
-2955
-2537
-3098
-3876
-3033
-3861
-2048
-2719
-2083
-1129
-2249
-590
-826
1201
1610
2008
1563
1271
2249
1638
2762
2153
1552
1356
-83
17
-203
-1343
-1046
-3058
-2238
-3338
-3567
-2957
-3880
-2349
-3872
-2832
-2361
-1150
628
833
3114
14
-800
2158
3075
2763
2326
3236
2275
-870
-1552
1237
-691
-1745
-1750
-1533
-1929
-2671
-1185
-2694
-1845
220
473
1502
1150
2168
1819
1736
2876
2600
3875
3690
4313
3224
2854
2893
2914
3572
1914
1831
1160
356
610
-363
-380
-1708
-3255
-2539
-3999
-3465
-3664
-3776
-2837
-3962
-2576
-2363
-549
832
1076
2465
1399
2048
1857
1861
2411
1881
606
388
-169
-1761
-2555
-4549
-3833
-4412
-3916
-4181
-5383
-4348
-5387
-3845
-2709
-1964
-708
-1882
82
187
1429
2431
2768
5048
4971
5786
4535
4958
5727
6321
7102
5392
4128
2395
1142
1746
1010
1257
-806
-1854
-1533
-3508
-2423
-3630
-2370
-1296
-1821
-113
-1142
858
979
1737
3029
2549
3384
2457
2549
1770
862
134
-306
-1246
-1790
-3189
-4620
-4804
-4926
-3801
-6036
-6534
-5370
-7004
-5206
-4115
-2374
-2704
-3502
-890
-1520
-442
116
1632
3192
4074
5767
3296
3179
3075
3857
4285
2935
3954
2562
1047
1721
1242
1206
-694
404
959
16
1198
-448
241
294
-54
1762
1296
2882
3273
3357
3941
2926
3265
2390
2036
2423
1678
1120
819
-264
-1910
-3878
-4713
-5323
-5368
-3536
-6452
-6657
-6855
-7929
-5983
-5890
-3181
-2802
-3175
-1030
-670
-448
-325
2754
2761
2562
5171
4606
2422
1331
3918
3305
0
584
1491
-130
-1262
-12
352
-2879
-2218
-2006
-1958
-3305
-2472
132
125
969
2567
2858
4473
5729
6429
7553
7812
8673
7538
6783
5127
3908
3150
1898
670
-80
-1768
-3432
-5170
-6162
-6178
-8829
-7735
-7379
-5939
-4363
-4979
-3777
-4205
-2867
-1376
-28
1162
1206
3391
3826
4913
3614
2286
2401
1299
2662
896
-1134
-372
-3978
-4694
-4702
-5168
-5506
-10091
-7057
-6354
-9148
-7841
-6348
-3581
-2037
1552
8450
5441
1839
6016
9253
8206
11136
15924
13751
11714
10752
9165
8188
7221
6214
6432
6291
3076
-1039
-5643
-7588
-9060
-8326
-7318
-7507
-7085
-8661
-8381
-9759
-9231
-8403
-5137
-1424
533
2409
1394
1274
1758
2154
3494
4037
6060
5765
4453
2253
-799
-1909
-3148
-3351
-4572
-5343
-7215
-7562
-7828
-9864
-11125
-9779
-9221
-7589
-4858
-1894
1929
4395
8034
7036
6984
5497
8243
10682
13573
16512
15118
11014
8932
7640
7152
5918
4851
4744
4118
1990
-2079
-6415
-9310
-8247
-8166
-5587
-6534
-6191
-8534
-7851
-7327
-7143
-4818
-3769
1384
3423
4245
3591
2908
4150
2852
3864
3844
3847
4306
2229
1185
-2083
-4837
-5828
-6712
-6156
-6197
-6950
-7514
-9203
-7897
-8622
-8694
-8630
-6971
-4734
-3106
3482
8095
9598
6893
5257
4718
8242
9734
15280
17571
15656
11851
7831
5950
4519
3362
3338
3778
4675
1226
-4782
-9498
-13801
-13124
-13155
-9201
-7972
-8400
-9992
-11961
-11188
-10401
-6824
-1694
4384
9120
8916
8633
7495
7276
7946
8250
8849
8603
7386
5048
1505
-2310
-5788
-7302
-7975
-8784
-8586
-9770
-10644
-11769
-12408
-12004
-11982
-9896
-6996
-3365
3571
9046
12902
11201
9501
8340
10736
13279
17959
20295
18991
13153
8125
4708
2004
649
-1832
-718
-2016
-4652
-11181
-16109
-18586
-18389
-16204
-13461
-10889
-9743
-10353
-9570
-8027
-5995
-2647
1393
8584
13234
13851
13207
12524
12384
10994
9514
8145
7575
6730
4001
534
-3578
-7710
-9221
-9923
-9360
-8704
-9501
-9441
-10313
-9996
-10927
-10621
-9679
-5337
-1946
4838
10999
16369
15850
13256
11319
11151
14271
16635
20754
18915
14554
7053
3305
-1165
-2765
-6931
-7062
-6444
-7114
-10506
-16732
-20562
-21571
-18715
-15553
-10775
-8300
-7568
-6754
-5899
-3357
-1666
3096
8052
15319
17483
16691
14192
10680
9083
6027
4706
3948
3792
1727
-1335
-5810
-8963
-10917
-11377
-10987
-9307
-8027
-7684
-7909
-7661
-8165
-7506
-7365
-3434
447
8156
14823
19552
19563
15369
12610
10780
13831
15846
20263
17262
12879
3722
-863
-6082
-7728
-9878
-10200
-7941
-10023
-11760
-18038
-19990
-20147
-17438
-12902
-9156
-5344
-4326
-2961
-1791
354
2251
5473
9975
15340
17643
16113
12666
7863
5002
1194
-167
-366
-162
-975
-4528
-7291
-9920
-10268
-10554
-9772
-7634
-5091
-3810
-4106
-4863
-6321
-5174
-4117
929
4206
10779
15674
18713
19172
13510
12380
9794
13003
14030
16217
12982
7896
951
-2346
-5999
-7668
-10521
-10714
-8271
-9651
-10414
-16208
-17151
-17468
-13859
-10038
-7189
-3511
-3185
-563
-1261
2113
2376
5963
9280
13194
14987
11181
9423
5030
4386
1273
-357
-1047
-1003
-1487
-4473
-7074
-9068
-8766
-7652
-6693
-5767
-5160
-4684
-4375
-3956
-4781
-4037
-3699
-76
2258
8836
13821
18199
18489
14047
13095
9518
10752
11538
14941
12586
8499
1170
-1068
-4453
-6745
-10549
-12486
-10095
-11249
-11689
-16620
-17791
-17414
-15127
-11096
-8114
-5187
-4234
-1991
-384
3625
4062
7136
9852
13979
15956
13003
11685
8004
7309
3922
1043
-671
-1989
-2566
-4759
-6271
-8239
-9061
-9214
-8628
-7981
-7298
-6085
-5437
-4448
-5068
-4626
-3698
233
3240
10733
15102
18584
17575
13397
14206
10820
11964
11385
12657
10707
5956
-373
-2323
-6030
-7573
-12460
-14035
-13086
-14529
-13966
-17555
-15668
-15326
-12819
-9238
-6133
-2486
-1845
1038
2834
7111
7561
10032
11930
14795
16519
13372
11942
8038
5825
1984
-1343
-2093
-3211
-4048
-6427
-7955
-8594
-9143
-8611
-7761
-6720
-6046
-5445
-5184
-4062
-3971
-2212
-1390
2856
3849
10616
14337
17545
18106
12484
14868
10133
10983
9433
9750
7210
3906
-3291
-3359
-7267
-9517
-13319
-15716
-13045
-15264
-14383
-17713
-15042
-13523
-10840
-7633
-4211
-383
222
3253
3842
8835
8521
10909
13440
14926
16315
12220
10308
7915
5263
1861
-1871
-2986
-4275
-5941
-7840
-9139
-8607
-8342
-8345
-8178
-7371
-6715
-5165
-4136
-2071
-2248
-1123
-1250
2308
3359
9052
14041
15816
18731
12000
14151
9605
8711
8451
7449
4963
3308
-3987
-3472
-7011
-10767
-12839
-16597
-13148
-14807
-13846
-16909
-14637
-12010
-9057
-5019
-2340
1581
2513
5604
6087
9876
10306
10717
13860
14231
15275
12549
10249
7575
4740
-232
-4006
-6091
-6252
-7401
-8488
-9704
-9888
-8613
-8342
-6699
-6704
-5856
-4645
-3323
-1721
-1594
-835
-201
3119
3921
10151
13754
15761
17735
11613
13646
9421
6877
7508
6512
3109
2436
-6034
-4851
-7268
-11192
-13396
-16319
-14241
-14123
-12767
-15314
-11442
-9531
-6005
-2665
238
3329
4455
7058
7838
11179
11239
11212
13315
14260
14059
10981
8129
5880
3782
-70
-4569
-6635
-8152
-9532
-10125
-10740
-9182
-8184
-6467
-6082
-5492
-5654
-4974
-3756
-1423
-986
-164
-157
1415
2366
5135
11551
12077
17789
11623
12942
11730
7071
6339
6460
2618
3294
-2274
-4923
-3195
-8548
-11460
-14281
-12640
-13632
-10886
-14457
-12129
-8071
-6983
-3188
-360
2392
4309
6548
7313
9892
11497
10427
12031
13605
14395
12461
10313
7043
4576
-173
-5442
-9141
-9912
-11512
-12269
-11859
-11625
-8756
-8053
-7865
-6943
-7100
-5857
-5547
-4042
-3457
-1732
-779
2425
3298
7184
13950
14479
18902
13919
12958
12323
8276
6316
8224
2559
2770
-1797
-3875
-3668
-7693
-13322
-14543
-12672
-13805
-10246
-13613
-10561
-6134
-3963
-2240
1084
2480
3921
7614
7465
10547
12421
10595
12749
13296
12754
10895
7120
4828
2496
-634
-5085
-7973
-8761
-10373
-11115
-11844
-11023
-9149
-7974
-7708
-7198
-7480
-6654
-5311
-3953
-2972
-2919
-2209
-1707
971
287
9634
10316
15047
16149
12754
13842
10986
7724
9272
6571
3283
3467
-2003
-176
-2434
-5994
-11423
-9321
-11609
-9760
-9088
-12031
-8119
-5053
-3805
-1514
838
1878
6480
7692
8331
11988
10703
10767
12279
12024
11480
10631
8012
5049
2306
-3234
-7872
-10948
-12719
-14181
-14312
-14481
-13410
-10636
-9971
-8763
-8702
-8337
-7475
-6234
-5099
-4637
-3162
-2317
1198
3046
11476
13679
17396
18294
15373
15451
11403
8250
9039
6833
2894
3893
-28
-180
-2838
-7347
-11246
-8718
-11504
-11105
-9871
-10261
-7326
-4835
-3310
-279
2347
2272
6496
8503
8419
10153
9494
9041
12148
11509
10315
9047
6115
3188
-311
-4325
-8849
-11178
-12830
-14059
-14813
-14352
-13402
-10830
-10659
-10176
-8991
-7754
-6963
-5726
-4203
-4787
-1838
-2493
783
1521
7642
13850
15086
19383
15947
16911
14661
11509
11234
11014
5172
4434
1212
1220
853
-3908
-9661
-9407
-8752
-11614
-10301
-12169
-9870
-7330
-5561
-4009
796
1089
3652
7254
7065
10452
10980
10036
11524
12536
11577
10984
9177
5667
2433
-1969
-6967
-11080
-14117
-15874
-17476
-17537
-16953
-14246
-11859
-10571
-9130
-8137
-6295
-4911
-3942
-3759
-1457
259
2412
3362
6640
13904
15193
19887
17942
17397
15513
11473
8648
9100
5240
2140
931
-2139
-404
-3543
-8198
-10781
-8354
-10866
-9440
-9863
-9321
-5378
-4159
-3766
-423
2247
3585
7210
7102
8481
9896
8898
8962
10110
9372
7094
5365
2991
286
-2382
-6653
-10554
-12893
-15171
-16398
-15634
-15108
-12165
-10307
-8955
-7720
-5986
-5126
-3035
-919
-1060
39
879
1231
3742
3992
9721
14377
16312
18956
16185
16235
13084
9945
7702
7071
1667
1705
-2181
-1941
-2477
-5704
-9799
-8486
-6618
-9126
-8482
-11068
-8673
-5895
-4529
-3645
562
1565
4878
6929
7121
8780
9031
8001
8335
9431
7423
6490
4212
2526
-543
-3830
-8287
-12028
-13506
-15601
-16058
-15859
-14439
-11362
-8617
-6539
-4759
-2950
-1444
638
1349
1119
1520
2752
3833
4478
7283
13389
15894
19598
17439
16112
13966
11044
7071
6712
1924
-648
-2099
-5055
-2418
-4720
-7564
-10654
-6524
-9099
-7453
-9188
-9315
-6149
-4872
-5049
-3038
10
1745
5601
5303
7076
8065
8081
6884
8340
6926
4473
3259
1490
311
-1744
-5143
-9237
-10856
-12435
-12932
-13019
-11194
-9868
-7284
-5830
-4537
-1714
-844
1431
2571
3033
2165
2841
1777
2767
2921
6825
11872
13620
16817
14270
14447
11950
9760
6229
6636
961
964
-3160
-3888
-4285
-5959
-8477
-8138
-4666
-7831
-6953
-9903
-8602
-7788
-7083
-9176
-5332
-3802
-886
1968
3433
5837
7746
7269
7056
8594
7471
6117
5008
3970
1699
457
-4117
-6574
-8579
-10440
-10995
-11538
-10249
-9501
-7406
-6211
-3311
-1550
410
1753
3197
3170
1818
2353
1284
3008
4130
10879
12885
16234
16320
14664
15377
13299
9185
7107
3818
-262
-1394
-5768
-5529
-6744
-8133
-11229
-6919
-8295
-8189
-9129
-10495
-9618
-8700
-9900
-8806
-4883
-3156
328
2132
4239
7901
9702
8660
10036
10271
8870
7065
5687
3016
1942
-1211
-4917
-7065
-8608
-10107
-10988
-10701
-9792
-8533
-7549
-5405
-2557
-502
515
1630
2744
3001
3013
1544
2367
2604
5599
11086
11379
15563
13707
13718
13697
11683
7839
8135
2950
514
-2458
-7139
-7820
-8264
-9600
-10532
-6441
-9219
-8560
-9749
-10738
-9628
-8976
-10896
-7637
-4374
-2590
1090
2703
5598
9935
12034
11241
12978
13246
10435
9466
6161
3765
1242
-2113
-5536
-7971
-9527
-12116
-12237
-12440
-11339
-10349
-8696
-6034
-2794
-22
1125
2144
3263
2000
1904
2128
3407
4263
8993
11122
12847
15138
13201
14624
14206
11294
8120
6589
-231
-1254
-6541
-9072
-9041
-9281
-11639
-9644
-7419
-9413
-7624
-9729
-8916
-7802
-7683
-8619
-4458
-2492
383
3437
5200
8891
12337
12564
12138
14159
11936
9340
6656
3234
934
-1614
-4875
-7981
-9477
-11288
-12400
-13533
-12442
-11571
-9486
-6973
-4231
-1378
76
1704
3266
4703
3078
3551
3044
3493
3393
6374
8763
10326
13142
11522
13025
12771
9968
7228
5948
314
-1858
-7025
-9296
-8450
-7934
-10228
-8423
-5958
-6697
-5552
-7134
-7488
-6544
-6029
-7381
-4044
-1912
67
3315
5318
8799
12432
12889
12279
12958
11299
7810
4823
2143
-277
-1156
-4608
-8139
-9973
-11179
-12330
-12917
-11648
-11612
-8756
-6757
-3869
-1049
845
1762
3876
4573
3144
3739
2193
2568
1650
3054
5988
7208
10395
9763
12195
12074
10720
7466
6412
1236
-1699
-5411
-8349
-6177
-6600
-7270
-8268
-3574
-4826
-3177
-4528
-5147
-3994
-3541
-5999
-4727
-2380
-1786
2367
3795
7397
10826
12107
10150
11457
10363
7271
5205
1944
-802
-2005
-5250
-9137
-10605
-11624
-12450
-11376
-10955
-9756
-7116
-5104
-3378
-1465
-349
484
2385
2503
2751
2652
2076
-302
324
-1396
2917
5008
6122
8292
8687
11274
10335
8728
6164
5511
1539
242
-3090
-3079
-3046
-3530
-6284
-3146
-1135
-1858
-1890
-3586
-3258
-2687
-4150
-6110
-3854
-2583
-856
1275
2817
5789
8514
7994
7974
8835
8278
6035
4670
2080
-581
-2812
-6720
-9478
-10545
-11120
-11289
-10320
-9250
-6965
-4362
-2742
-1190
-305
552
720
1629
1174
-385
-1639
-3210
-3025
-3368
-1002
3524
4668
8680
8923
11052
12202
11354
7781
8283
4797
3522
1150
-1307
-520
-345
-1448
-3424
551
-1875
-967
-3290
-4247
-4708
-4474
-6817
-7026
-4258
-3870
-1018
416
2036
5111
7681
6090
7685
8699
7584
6459
4032
1272
-1505
-3711
-8057
-9389
-9394
-9772
-9192
-7580
-6081
-3914
-2483
-2390
-1660
-659
-968
-1374
-1444
-3728
-4088
-4165
-5372
-4543
-3748
-2676
3458
5227
8519
9450
11054
11020
12117
9592
11211
9282
7252
5850
3283
4478
2875
1722
-3050
799
-2087
-3034
-6199
-8057
-7882
-7412
-9467
-9904
-6776
-6038
-3505
-3236
-959
2218
5337
5391
7686
10112
9464
8102
6219
4024
1984
-816
-5385
-7328
-8246
-8761
-8962
-7979
-6495
-4964
-3891
-4456
-2988
-2550
-2954
-4281
-4858
-5175
-5203
-4906
-4997
-3601
-2046
174
6482
8589
11341
11730
12553
14569
15156
13326
12988
11717
9449
8683
4743
4196
2095
467
-4077
-2144
-5009
-7517
-9037
-10403
-9964
-8919
-10505
-11411
-7369
-6948
-4131
-3416
-1323
2074
6833
7236
8627
10813
10257
9485
7874
4270
806
-1627
-5688
-7367
-8275
-9023
-9393
-8047
-7194
-6454
-4645
-5030
-4225
-3611
-4601
-5086
-4198
-4714
-4288
-2673
-2778
-1652
693
835
4204
8430
8230
11265
12092
14244
15299
14714
13094
15137
12953
10896
6704
3899
2839
610
-3642
-8130
-6290
-9239
-9373
-11187
-10876
-9957
-9196
-10702
-9786
-7516
-6592
-4808
-2983
555
4306
6691
5790
8747
10219
10008
7994
5135
2158
197
-1798
-5940
-7860
-9007
-8665
-8681
-7481
-6907
-6084
-4982
-4540
-3890
-3427
-3505
-3155
-1649
-2036
-863
249
324
1328
1515
1254
5166
8476
8928
12725
12907
15876
16203
14868
13884
14610
10556
7751
3745
681
-794
-4092
-9195
-10175
-7570
-9749
-9946
-11273
-9625
-8292
-8037
-10483
-8489
-6039
-4650
-2970
-2202
780
4573
6059
5788
8565
9489
8492
6025
4669
2421
1404
-2135
-5912
-7603
-7844
-7823
-9097
-7797
-6839
-4327
-2874
-2299
-1900
174
487
514
1877
156
555
-511
-1480
-1949
183
-808
3915
7689
8363
12992
12678
14662
14218
13950
11856
12656
8014
5299
1290
-670
-2783
-3993
-7768
-8792
-5648
-8384
-8010
-10107
-9505
-9081
-8344
-10443
-9183
-7223
-6741
-5007
-3648
-1593
1988
3888
4779
7997
9921
8867
8517
7047
4672
2955
-425
-3943
-5261
-6250
-7150
-6791
-6376
-4329
-2704
-827
-335
145
1018
685
418
-1027
-3435
-3942
-3580
-3552
-2846
-1323
-377
2883
8530
7912
10758
11077
12345
13464
12572
10172
10204
8823
5755
4280
1297
743
-1639
-3783
-8068
-5105
-7772
-9900
-10716
-10805
-9249
-9448
-11511
-12135
-8381
-7301
-6201
-6276
-3187
243
4256
4301
6694
10583
11402
11357
9828
7972
5981
2878
-1163
-3740
-5169
-6305
-7329
-6556
-4290
-2001
-736
406
999
654
-626
-3370
-4922
-5578
-6445
-5278
-4080
-2461
-895
1274
1642
5389
8656
8601
11297
10937
12174
11600
11234
9912
11841
9048
7321
4991
2868
1388
-1823
-6066
-9158
-6671
-10224
-10808
-12065
-11629
-10546
-10403
-11690
-10849
-7592
-6620
-4358
-3108
-188
3652
5985
6531
9544
11952
11734
10898
8773
6927
4777
1520
-2380
-4780
-4809
-4896
-4991
-4246
-2777
-1712
-1325
-2218
-3616
-3896
-5035
-5623
-6040
-5465
-4684
-2733
-2259
-1570
-509
909
1364
4332
5871
5796
8650
8975
11320
12103
12593
12245
13099
10252
7870
4175
1918
-867
-3160
-7380
-9587
-8063
-10879
-11240
-11138
-10022
-9137
-8960
-9582
-7929
-5392
-4565
-4492
-2503
412
3622
5545
6143
8984
11484
11067
9445
8016
6192
4331
1806
-1150
-2629
-2198
-3132
-4082
-3894
-3539
-3512
-3436
-4102
-4393
-4136
-5440
-5811
-6122
-5706
-5156
-3667
-2939
-2450
-1194
-976
89
879
4760
5593
8071
9829
10477
13021
13946
13302
13419
12374
9128
7882
3552
1081
-2210
-4885
-9554
-8688
-8848
-11307
-10753
-11092
-10025
-8519
-8831
-10080
-7446
-5859
-4745
-3717
-1578
980
4748
6279
6506
10065
11401
11193
11294
10695
8701
7928
4186
699
-916
-2361
-4942
-6231
-6314
-6654
-6012
-6502
-7233
-6746
-6149
-6731
-6202
-5934
-5359
-4499
-3446
-2963
-843
556
1519
3214
4542
8012
8230
11489
11441
12520
13503
12545
12000
11512
9401
5863
3497
-416
-1954
-5033
-8013
-11156
-9378
-10724
-11912
-11704
-11804
-9444
-8245
-8567
-7678
-4857
-3700
-2277
-1094
751
3689
6135
7343
9346
12251
12985
12881
11767
10263
8160
4881
1155
-2465
-3996
-5446
-7301
-7931
-7345
-6858
-6010
-5932
-6068
-5520
-5005
-5488
-4938
-4036
-3833
-1951
-1142
391
1411
2919
2977
4161
3967
5712
6723
6425
7717
6944
9006
8706
8688
7812
7707
4565
3050
-608
-2383
-4416
-6758
-10123
-10648
-8629
-10841
-9549
-9849
-7806
-5343
-4818
-5726
-3695
-1776
-1052
495
978
3206
6255
7471
7623
9756
10928
9866
9939
8204
6534
5512
1743
-1006
-2828
-3807
-5732
-6462
-7048
-6589
-5967
-5742
-5444
-5011
-4371
-4324
-3547
-2856
-1791
-868
623
1285
1931
1848
1174
694
417
-34
2106
2370
4403
5169
6607
8278
8115
8406
7634
6030
3889
1017
-1985
-3103
-5233
-6226
-8229
-6333
-6327
-6095
-5918
-5810
-4015
-3140
-2821
-3247
-1232
-586
440
644
1652
3708
5989
6389
6888
8493
8563
8280
7490
6148
4654
3978
899
-1561
-2764
-4631
-5173
-6151
-6067
-6044
-4820
-4657
-4058
-3330
-2480
-1641
-1098
-1152
-1263
-284
-1125
-1335
-2122
-2419
-2737
-2564
-3006
-2522
378
1353
3431
4129
5232
6521
6628
5730
5890
5415
4632
3087
569
512
-1552
-2257
-5499
-3886
-2986
-3051
-2783
-3111
-1657
-1177
-1038
-2422
-1110
-316
136
-192
135
857
2037
2485
2619
4822
6158
6010
6144
5836
4969
4271
1542
-1108
-1886
-2441
-3720
-4506
-4532
-3547
-2435
-1620
-2278
-2060
-1616
-2319
-2976
-4055
-4869
-5094
-5045
-5514
-5080
-4824
-4240
-4180
-3415
-3906
-2950
-409
-795
1856
3341
5189
6852
7775
8175
9371
8856
7479
5583
5123
4581
3195
1296
-1347
933
225
-418
-1201
-1723
-1580
-1925
-3706
-5161
-4692
-5032
-4939
-5227
-3751
-1825
-130
1150
3094
5229
6959
6828
6466
6661
6364
5273
3580
2289
1902
1931
206
-556
-907
-2114
-3115
-4302
-6112
-7115
-7602
-8659
-8548
-8278
-8711
-7914
-7334
-6609
-5988
-5787
-5516
-4641
-2896
-3414
-333
2663
3757
7555
8115
10430
12019
12651
11658
12670
11458
10304
8720
7541
6988
6166
3170
-404
267
-2942
-4941
-7782
-9553
-9713
-9184
-9972
-9606
-6886
-5467
-3773
-3172
-1778
187
1674
1854
3093
5869
7618
8812
10076
11009
11336
10762
7813
4835
2662
-156
-3914
-6582
-8391
-9786
-10285
-10987
-11374
-10227
-9349
-9900
-8899
-8466
-7953
-6232
-5738
-4905
-3002
-1414
-494
1840
3177
4119
5018
7662
7180
8129
8742
8099
10582
10940
11115
12463
12935
11063
9524
6411
4109
826
-2683
-7797
-8236
-7917
-10301
-9910
-9451
-7531
-5326
-4718
-5899
-3615
-2465
-2590
-2492
-1630
418
2683
3869
4607
8282
9877
9532
8989
8239
6369
4923
1640
-1426
-3166
-4843
-7392
-8852
-9354
-10252
-9887
-9954
-9201
-8338
-7647
-6904
-5290
-3378
-1431
291
1919
3604
5031
4914
4270
4570
3828
3633
2509
3476
5197
5012
6405
6631
7878
8269
6873
6028
5743
4699
3427
1014
380
391
-468
-1867
-3159
-1749
-3011
-3801
-5171
-5607
-4758
-4550
-5036
-4045
-1664
-925
-534
-1305
-775
516
135
-1333
-900
749
1065
1280
1286
1888
3120
2538
763
-437
-1020
-2539
-3795
-5608
-5660
-4904
-4265
-2986
-1588
234
1698
2428
2176
1921
1648
1252
670
323
701
967
506
352
-603
-1284
-2303
-3165
-2503
-3077
-1166
-128
1854
4244
6125
8705
11129
11561
10834
9304
7985
6574
3476
263
-2960
-2391
-3803
-5112
-5708
-5707
-4899
-4599
-5984
-6935
-6313
-7128
-8244
-9086
-8889
-7574
-5875
-5234
-2908
1349
4080
5230
7028
7649
8566
8461
6627
5542
5795
4984
3402
2596
1248
497
-152
-1616
-2322
-2577
-2765
-2594
-2511
-2581
-2760
-2816
-3647
-4570
-5540
-6420
-6077
-5988
-5434
-5467
-3604
-2430
465
3086
4577
8165
8975
11246
11241
11512
11709
11910
9898
8826
6630
5314
2926
-191
-2943
-5121
-5430
-8480
-9491
-10522
-9873
-9932
-10156
-10262
-8631
-6724
-5963
-5415
-4169
-1885
-354
658
1515
4121
7258
9100
10338
12082
12746
12536
11143
8294
5986
3980
1080
-1117
-2921
-4274
-5358
-6130
-7109
-7441
-7487
-7680
-7596
-7356
-7104
-6466
-5364
-4347
-3462
-2514
-1428
-483
759
1421
2040
2997
2582
4032
5367
5266
6579
6352
6948
7624
7135
6823
6687
5153
4172
2153
982
-606
-2160
-3775
-4871
-3733
-4927
-5546
-5229
-4401
-3602
-3647
-4548
-3807
-2146
-2238
-2447
-2157
-1059
574
1088
1192
3071
5427
6319
7546
8558
8979
8625
6791
3830
1450
-1065
-4290
-6452
-7634
-7352
-7555
-7739
-7107
-5576
-4196
-3786
-3548
-3354
-2588
-2364
-2479
-1885
-1069
363
1105
1657
2036
2202
1558
1160
437
-217
215
-347
962
1242
2560
3557
4360
5595
7260
7322
7282
6449
5367
5858
4309
3208
1442
1908
1065
234
-434
-1372
-1816
-3374
-5446
-7133
-7108
-7529
-7265
-6632
-5280
-2978
-1474
-975
184
2144
2943
3366
3380
3536
4011
4289
2942
2039
1610
967
-333
-1636
-2487
-3104
-3263
-4136
-3763
-3366
-2512
-2703
-2052
-1483
-1021
-789
-1654
-1824
-1907
-2360
-3400
-3507
-3352
-3004
-2887
-2707
-2587
-1247
862
1091
3010
4626
5755
7867
8817
10290
12401
13106
12983
12883
11616
10550
7741
4610
1220
-448
-3429
-6764
-8266
-9682
-10257
-10994
-12492
-13035
-11935
-11458
-11123
-9817
-7831
-4736
-2002
-170
2617
5416
7640
8485
9533
9245
8917
8010
6354
4986
3890
2638
1028
480
-21
-1310
-2361
-3734
-4924
-5751
-7072
-7968
-8282
-7802
-7212
-6021
-5312
-4310
-3141
-1630
-937
323
598
990
1685
2077
2231
2733
5191
6027
8184
9209
9927
11338
11808
11572
12100
11583
10212
8648
5831
3790
575
-2785
-6833
-8645
-10599
-13221
-14264
-14572
-13655
-12337
-11626
-10464
-7429
-5211
-3765
-2345
-735
2003
4161
5112
6484
8612
9904
10164
10349
10008
9543
8337
6046
3397
1740
-849
-3258
-4950
-6258
-6876
-7818
-8387
-8694
-7665
-7494
-7172
-6368
-5272
-4180
-2696
-1592
-154
2039
2838
3560
4302
4621
4499
4848
4619
4951
4862
4782
5649
5782
5823
4809
4611
4241
3951
3135
2195
1278
1215
424
-874
-1337
-2956
-4227
-5670
-5825
-6941
-7728
-7949
-7749
-6561
-5691
-5408
-3888
-1355
400
1687
2399
3498
4697
5015
4088
3757
4141
3787
3444
3186
3023
3243
2571
1115
-206
-1118
-2605
-4295
-5064
-5449
-5308
-5376
-5003
-4126
-2726
-1912
-1687
-1081
-456
307
769
1394
1739
3094
4030
4800
5094
5120
4676
4139
3044
756
-629
-2099
-1700
-2622
-2267
-1986
-1261
322
907
1469
3239
4352
4886
5366
4207
4458
3019
1201
-781
-1004
-1906
-3585
-4657
-5741
-5761
-5608
-6636
-6669
-4603
-3234
-2430
-1409
-499
1200
2287
1425
1450
2246
2587
1836
1780
1980
2828
3453
2471
2280
2905
2591
1021
-70
-1088
-1560
-2495
-4131
-4097
-3522
-2732
-2264
-1336
-188
717
991
773
1442
2391
2436
2143
2129
1718
1092
-124
-1264
-2317
-2781
-3450
-3086
-2095
-1449
-87
981
2692
4550
5755
6763
7745
7727
6760
4431
2869
527
-1670
-3480
-5573
-5394
-6154
-6512
-6546
-5479
-4781
-4169
-3522
-2829
-1183
-1234
-990
-380
683
1369
1579
2403
3444
4783
4454
3642
3595
3427
3138
1930
987
552
380
-446
-1716
-2163
-2727
-2993
-3481
-3273
-2638
-1724
-1386
-1094
-522
-98
121
74
761
823
1269
857
823
1091
997
903
539
226
-496
-1097
-2516
-2568
-3467
-3474
-3485
-2301
-842
462
1840
3767
5017
5979
5987
5058
5562
3862
2598
87
-781
-1741
-2846
-3359
-3922
-2776
-2326
-1686
-1248
-159
135
-121
-208
-770
4
72
-210
459
1212
1478
1345
1103
799
1244
879
-18
-293
-318
-601
-747
-754
-631
-240
-108
-435
-431
-522
-940
-977
-822
-388
423
783
1206
1586
1678
1271
268
-726
-2182
-3429
-4831
-5644
-6633
-6943
-6863
-5613
-3688
-2204
155
1871
4476
6391
7750
9189
10366
10613
10732
9938
9218
8385
5704
3278
879
-459
-2983
-5149
-6864
-7012
-6265
-6451
-6172
-5050
-2868
-2096
-1582
-1735
-1054
-463
-1195
-2044
-1864
-645
-264
17
477
1745
2753
2633
1835
1559
1721
733
-124
-656
-770
-826
-1317
-2113
-1875
-1379
-1882
-2332
-2417
-2368
-1910
-2129
-2786
-1962
-1452
-750
-930
-1013
-1344
-1079
-1455
-1907
-1927
-1823
-1263
207
2016
3411
6272
7666
9411
10315
10410
9890
9068
6854
5519
3027
1410
-188
-2376
-3465
-4116
-3795
-5015
-5450
-5407
-5271
-5352
-5453
-5190
-4025
-2345
-1927
-1330
-183
1175
1793
1515
1452
2047
2176
1167
237
-13
-65
-559
-1338
-2189
-2143
-2412
-3619
-4220
-3658
-3460
-2963
-2425
-1963
-530
540
1121
1623
2652
3230
3561
3430
2992
3225
3178
3103
2685
2257
1905
1566
1204
42
-534
-1259
-874
-1068
-983
-590
-79
1306
1952
3080
4100
5064
4745
4148
2980
2940
1256
-364
-1976
-2923
-2728
-3788
-4364
-4566
-3456
-2924
-2396
-2268
-1100
-101
-135
-148
-229
300
29
-387
-759
-727
-583
-1363
-2245
-2374
-2124
-2165
-2754
-2637
-2387
-1871
-1779
-1528
-675
182
913
1189
1641
2701
3650
4397
4868
5625
6257
6194
5697
4533
3634
2140
129
-1699
-3462
-4354
-5292
-5668
-5390
-4873
-4168
-3239
-2032
-1006
565
1415
2613
3613
4441
5057
5403
5093
4777
3822
2805
1588
-9
-1553
-3270
-3686
-4838
-4945
-4499
-4079
-3468
-2863
-2498
-1597
-772
-858
-535
-677
-636
-608
-1186
-1287
-193
253
458
900
1319
1820
2111
1683
1007
806
240
-338
-454
-72
361
881
1303
1496
2024
1797
1217
758
390
-72
-111
-737
-1272
-1219
-1068
-1309
-1375
-1536
-2004
-1778
-1949
-2293
-2164
-1628
-440
396
1422
2331
3177
4207
4518
4773
4949
4931
4679
3668
2255
1721
580
-745
-2091
-2916
-3152
-3702
-3961
-4157
-3897
-3587
-3386
-3006
-2127
-978
-120
750
1817
3029
3851
4103
3900
3698
3566
2787
1796
870
74
-661
-1599
-2251
-2686
-3056
-3527
-3609
-3298
-2939
-2457
-2421
-2104
-1586
-1211
-1057
-976
-503
-213
163
249
486
1044
1516
1904
1717
1694
1373
991
442
-75
-581
-200
412
722
1693
2127
3092
3986
4579
5010
5368
4798
3943
2513
1044
-512
-2347
-4015
-5097
-5295
-5301
-4631
-3567
-2147
-623
237
736
1780
2264
2220
1965
1613
1362
1032
-139
-827
-866
-1254
-1862
-2432
-2631
-2758
-3140
-3515
-3472
-3045
-2970
-3393
-3093
-2686
-2460
-2341
-2202
-1323
-104
561
865
1666
2845
3549
3990
4257
4175
4372
3568
2680
1786
1014
53
-922
-1191
-1104
-509
-197
489
1270
2378
2779
3303
3451
3539
3328
3260
2984
2883
2830
1713
1167
89
-421
-1451
-1873
-2746
-3299
-3444
-3419
-3235
-2997
-2636
-2294
-1590
-1986
-2013
-2058
-2081
-2126
-2168
-2149
-1390
-652
-370
16
63
108
-203
-828
-1383
-1669
-1824
-2469
-2178
-1887
-1031
-96
691
1756
2721
3360
2826
2938
2746
2577
2098
1418
1151
1549
1281
612
56
-244
-83
-273
-652
-738
-119
113
1214
2155
3350
4525
5249
5618
5714
5449
4390
3535
2510
1313
-89
-1141
-2557
-3084
-3600
-4176
-4285
-4808
-4757
-4660
-4410
-4400
-4324
-3910
-3500
-2573
-2364
-1931
-1084
-459
-94
-111
127
216
427
658
550
1017
1189
1278
1216
1282
935
524
21
-700
-747
-692
-500
-290
126
358
766
1199
1113
1029
705
211
179
43
125
561
931
1068
1370
1786
1969
2193
1845
1471
1193
1224
1145
1336
1765
2066
2492
2409
2431
2550
2313
1571
902
-356
-816
-2170
-3190
-3973
-4516
-4755
-5168
-5101
-5130
-4697
-4246
-3954
-3315
-2544
-1903
-1121
-80
1096
1983
2562
2835
3652
3824
3527
2956
2327
1965
1435
474
-507
-1108
-1618
-2086
-2338
-2538
-2780
-2914
-2922
-2262
-1441
-614
326
1715
2919
3732
4127
4064
4298
3996
3454
2478
1820
1105
583
-107
-649
-537
-638
-415
-301
70
321
748
997
1339
1480
1319
1272
1485
1096
413
-313
-1080
-1611
-2548
-3163
-4007
-3726
-3842
-3646
-3091
-2588
-1872
-1309
-702
-501
272
194
825
1540
2074
2497
2490
2518
2566
2540
1236
93
-1199
-2085
-3171
-3877
-4173
-4162
-3522
-2980
-1915
-765
340
1127
2165
2873
3279
3483
3259
3203
3192
2817
2469
2229
1896
1824
1430
1183
641
270
-481
-794
-1179
-1679
-1826
-2186
-2099
-2037
-1931
-1565
-963
-597
26
289
857
1344
1761
1909
1608
1294
810
-4
-853
-1761
-2564
-3049
-3233
-3128
-2690
-1829
-907
243
975
1321
1643
1876
1780
1631
1413
1072
829
447
-33
-438
-800
-1241
-1636
-1929
-2008
-1851
-1790
-1657
-1388
-1249
-563
186
738
1277
1660
1936
1825
1660
1385
1594
1672
1772
2252
2447
2940
2713
2103
1421
714
-170
-1549
-2737
-3541
-3853
-4372
-4045
-3435
-2349
-1024
-61
1026
1927
2670
2525
2236
1773
1684
1333
820
634
331
-188
-712
-1329
-1652
-1575
-1246
-973
-194
897
1794
2509
2850
3116
3051
2808
2000
1323
170
-1014
-1815
-2611
-2812
-2853
-3075
-2710
-2050
-1382
-933
-803
-466
-478
-348
-732
-728
-581
-283
15
92
485
844
1357
1395
1880
1965
2059
1843
1583
1263
715
129
-903
-1704
-2754
-3335
-3753
-4021
-3955
-3376
-2063
-765
535
1664
2604
3442
4019
3733
3706
3335
2974
2153
1442
817
391
207
-452
-634
-727
-347
-339
-11
260
574
764
640
755
791
465
200
-60
-541
-879
-1530
-2131
-2273
-2274
-2439
-2632
-2719
-2682
-2416
-2424
-2533
-2265
-1838
-1586
-1498
-1236
-958
-542
-273
188
990
1603
1874
2024
2419
2748
2436
1799
1218
1104
813
170
-205
-233
-304
-472
-569
-532
147
693
1227
1995
2595
3139
3344
3415
3373
3213
2743
2086
1382
447
-531
-1481
-2139
-2478
-2705
-2671
-2455
-1714
-955
-367
392
824
1239
1345
1093
937
688
145
-435
-1061
-1608
-2091
-2684
-3087
-3411
-3438
-3535
-3392
-3390
-2996
-2341
-1966
-1562
-1027
-543
-201
269
337
503
732
1261
1833
2245
2683
2800
3079
3325
3153
2949
2386
1737
1149
939
497
625
769
1084
1442
1743
2126
2113
2424
1958
1571
1221
888
266
-199
-442
-572
-403
-845
-976
-1367
-1842
-2510
-2830
-3470
-3475
-3215
-2979
-2260
-1512
-869
-395
256
287
782
860
638
469
403
319
44
-305
-1001
-1419
-1722
-2372
-2969
-3353
-3672
-3455
-3315
-2947
-2087
-550
288
1034
1851
2450
3162
3213
3154
3132
3140
2763
2491
2329
2197
2148
2228
2298
2441
2582
2344
2128
2345
2127
1851
1361
1025
1185
1052
761
402
394
1
-259
-812
-1371
-2035
-2617
-3027
-3363
-3477
-3961
-4112
-3954
-3511
-3546
-3288
-2823
-2117
-1315
-711
73
987
1962
2365
2978
3000
2843
2356
1464
569
-377
-1428
-2555
-2710
-2991
-3004
-2855
-2644
-1722
-837
151
891
1642
2361
2626
2825
2593
2491
2270
1921
1373
1026
451
42
-155
-684
-812
-831
-144
547
1738
2461
3106
3678
3970
3878
3487
2842
1880
1209
101
-630
-1433
-2080
-2494
-2662
-2703
-2771
-2642
-2814
-2484
-2376
-2379
-2492
-2630
-2571
-2373
-2244
-2220
-2089
-1768
-1554
-1036
-402
309
1090
1641
2145
2132
2120
1751
1169
754
288
1
-360
-697
-945
-1044
-891
-604
-26
372
863
1128
1361
1259
762
258
-56
-392
-714
-1029
-1363
-1155
-881
-587
-33
769
1655
2452
2965
3573
4060
4469
4483
4197
3943
3483
2986
2137
1309
626
155
-462
-945
-1329
-1601
-1882
-2222
-2549
-2986
-3157
-3745
-4009
-4155
-4054
-4168
-4002
-3706
-3064
-2303
-1500
-695
5
1126
1654
2181
2330
2365
2455
2508
2151
1593
1401
937
539
43
-386
-855
-1186
-1767
-1816
-1665
-1408
-964
-456
234
1121
1903
1937
2063
1701
1328
831
324
-98
90
203
420
449
1033
1693
2265
2791
2783
2896
2761
2657
2265
2178
1497
1090
70
-973
-2180
-2955
-3923
-4370
-4368
-4551
-4251
-4008
-3464
-3038
-2320
-2051
-1783
-1441
-1244
-1385
-1409
-1528
-1344
-1021
-661
33
1088
1978
2390
2840
3091
3092
2764
2188
1581
1190
366
-196
-544
-725
-576
-539
-467
-264
-19
6
301
501
755
967
1123
1074
1103
935
519
326
152
85
233
506
708
1400
1884
2478
2951
3122
3043
2922
2583
1915
1435
663
54
-506
-1039
-1690
-1991
-2215
-2111
-2038
-1922
-1929
-1975
-2192
-2237
-2323
-2549
-2534
-2772
-2589
-2570
-2278
-2146
-1940
-1561
-1160
-593
-249
118
420
682
928
1285
1440
1738
1827
1819
1735
1407
1105
960
1018
1076
1203
1203
1393
1517
1613
1136
914
574
534
464
98
-56
42
37
23
97
21
393
454
513
369
297
-17
-73
67
255
452
680
786
897
921
360
-106
-640
-1299
-2032
-2422
-2764
-2718
-2705
-2775
-2568
-2247
-2094
-1967
-1743
-1830
-1594
-1640
-1693
-1517
-993
-811
-377
-25
132
673
721
747
854
1093
1089
1470
1619
1942
2345
2538
2579
2740
2701
2379
2150
1919
1655
1175
688
-3
-87
-194
-64
253
632
850
955
739
449
341
51
-262
-177
47
-2
221
395
500
559
468
-34
-396
-830
-1194
-1303
-1322
-1244
-1359
-1302
-1338
-1208
-1321
-1559
-1761
-1776
-2024
-2314
-2181
-2062
-1714
-1425
-1106
-821
-857
-965
-1432
-1394
-1317
-1311
-1011
-733
-190
425
925
1364
2011
2476
2985
3149
3261
3415
3234
3090
2947
3026
3264
3191
2711
2240
1888
1452
683
-61
-405
-704
-717
-1051
-1025
-896
-846
-817
-1005
-1138
-1363
-1561
-2008
-1866
-1855
-1747
-1352
-947
-586
-80
237
404
768
780
554
493
418
324
338
149
59
-96
-461
-902
-1341
-1827
-2354
-2615
-2900
-3038
-2860
-2728
-2401
-1894
-1279
-655
-17
549
951
1208
1135
1187
1339
1675
2103
2726
3341
3991
4536
4594
4522
4118
3539
3146
2786
2111
1249
531
-123
-557
-1103
-1736
-2126
-2562
-2848
-3276
-3421
-3326
-2903
-2260
-1862
-1097
-423
-202
-49
26
39
-68
-224
-326
-255
-249
-425
-216
124
365
338
272
31
-400
-853
-1614
-2097
-2532
-2659
-2843
-2723
-2239
-1800
-1342
-1053
-717
-602
-593
-818
-544
-175
145
495
1092
1659
2594
3177
3268
3555
3722
3739
3543
3500
3363
3477
3411
3249
3008
2886
2352
1737
1056
133
-473
-1215
-1629
-1843
-1681
-1569
-1420
-1378
-1045
-770
-705
-870
-1076
-1078
-1184
-1399
-1768
-1777
-1362
-1061
-960
-1106
-1192
-1048
-1343
-1556
-1667
-1387
-1109
-890
-694
-498
47
213
225
55
-124
-327
-540
-819
-918
-859
-749
-474
-167
241
351
640
709
801
825
811
940
1347
1810
2160
2437
2626
2732
2617
2639
2508
2386
2147
2020
1953
1882
1611
1408
1276
861
643
182
-202
-459
-943
-1451
-1948
-2171
-2364
-2310
-2417
-2387
-2517
-2700
-2723
-2704
-2690
-2856
-2630
-2272
-1705
-1135
-671
-114
319
566
575
538
433
231
36
-250
-322
-202
-367
-352
-161
-59
-57
-253
-293
-241
-363
-669
-681
-602
-249
95
478
898
1452
1955
2066
2202
2332
2488
2533
2616
2694
2952
3138
3041
3120
3065
2614
2012
1354
544
-200
-894
-1480
-1573
-1497
-1478
-1571
-1653
-1712
-1715
-1913
-2242
-2548
-2492
-2422
-2286
-2139
-1818
-1373
-848
-566
-423
-113
-34
106
69
-184
-305
-355
-425
-327
-370
-223
-234
-323
-686
-958
-1086
-1328
-1413
-1233
-879
-473
-254
-100
357
741
1045
1173
1435
1586
1771
1748
1570
1636
1960
2255
2531
2906
3230
3299
3047
2692
2316
1909
1316
744
452
115
-251
-724
-1129
-1449
-1812
-1882
-1741
-1261
-898
-590
-231
59
308
286
115
-97
-190
-331
-714
-1067
-1633
-1860
-2020
-1836
-1519
-1345
-1014
-700
-272
-136
-163
-352
-385
-562
-816
-994
-1226
-1454
-1454
-1359
-1284
-1067
-681
-266
50
282
440
663
789
925
760
963
1294
1351
1308
1000
857
593
331
235
333
813
1241
1864
2041
2099
2127
1778
1341
1056
829
311
20
-332
-552
-556
-659
-543
-320
-87
38
39
-179
-415
-707
-763
-920
-923
-966
-1250
-1320
-1375
-1345
-1369
-1417
-1328
-1220
-1157
-926
-791
-520
-136
166
445
485
435
169
-177
-433
-601
-718
-826
-677
-521
-197
31
323
443
636
636
420
330
19
-136
-264
-181
-183
105
437
820
1317
1811
2222
2515
2512
2556
2855
2765
2700
2525
2061
1736
1291
659
-59
-586
-1059
-1616
-1861
-1934
-1732
-1436
-1051
-746
-378
-198
-86
-194
-367
-694
-1041
-1185
-1557
-1679
-1845
-1720
-1506
-1398
-1175
-872
-638
-450
-335
-370
-133
232
313
469
520
469
302
170
-51
-93
-226
-544
-686
-599
-644
-544
-366
-57
417
754
826
746
923
759
911
1074
1421
1689
1741
1945
2294
2521
2361
2069
1657
1551
1384
1039
663
352
178
-48
-282
-457
-699
-737
-964
-1201
-1220
-1437
-1461
-1334
-1112
-962
-655
-517
-647
-656
-776
-909
-1197
-1349
-1473
-1601
-1696
-1702
-1749
-1692
-1450
-1273
-1017
-792
-393
-141
-96
-13
90
246
416
496
750
1022
1177
1028
998
995
892
862
661
687
828
1038
1060
1202
1290
1262
1189
794
613
419
231
38
-101
-83
162
470
715
985
946
921
936
683
185
-346
-942
-1235
-1342
-1470
-1490
-1217
-706
-426
-273
-197
-35
-109
-145
-148
-280
-479
-966
-1379
-1555
-1718
-2207
-2714
-2953
-2796
-2808
-2834
-2508
-1884
-850
35
834
1522
2293
2747
2865
2882
2807
2536
2290
2157
1979
1802
1611
1523
1292
1122
955
681
678
624
417
113
-182
-64
-25
164
255
588
696
753
724
278
-107
-377
-482
-497
-387
-434
-384
-388
-514
-454
-390
-253
-97
-165
-433
-444
-537
-712
-635
-671
-637
-600
-766
-985
-1054
-1379
-1679
-1899
-1905
-1661
-1362
-1046
-506
-134
67
203
246
421
476
703
782
1129
1482
1513
1480
1381
1399
1558
1493
1078
975
779
449
122
124
121
176
266
252
340
381
360
275
138
32
10
-74
-146
-289
-296
-424
-599
-549
-562
-504
-467
-393
-363
-331
-526
-670
-869
-1072
-1214
-1131
-995
-963
-975
-1042
-957
-915
-735
-595
-305
-49
282
565
902
956
914
856
867
936
808
630
561
367
-63
-391
-648
-627
-608
-647
-735
-517
-213
132
255
341
478
638
739
880
960
965
784
662
772
693
614
480
337
254
62
-15
-5
90
164
109
120
26
-172
-359
-696
-866
-846
-996
-986
-930
-850
-744
-709
-553
-423
-275
-94
47
161
299
327
346
306
377
411
385
433
536
654
738
813
605
453
369
340
150
-255
-635
-749
-808
-1069
-1296
-1524
-1479
-1440
-1294
-1295
-1062
-553
-288
66
496
1170
1749
2023
2002
1894
1749
1594
1317
1194
1142
1094
815
526
287
89
-49
-296
-420
-559
-763
-1049
-1277
-1380
-1358
-1289
-1122
-828
-573
-308
-42
213
335
651
897
1008
983
1098
1138
1008
838
516
485
579
544
295
-53
-226
-304
-529
-646
-707
-591
-515
-647
-858
-1112
-1087
-1256
-1502
-1705
-1894
-2012
-2021
-1902
-1616
-1310
-977
-426
186
773
1011
1357
1679
2169
2497
2474
2265
2086
1778
1346
968
426
-125
-674
-1063
-1394
-1570
-1517
-1422
-1214
-834
-561
-352
-135
10
0
51
136
226
606
960
1142
1192
1333
1458
1537
1457
1317
1285
1144
1199
1010
574
236
-100
-553
-939
-1142
-1307
-1205
-1130
-1023
-752
-481
-234
-18
11
-77
-72
-107
-111
-281
-515
-803
-916
-968
-946
-889
-617
-376
-186
166
262
280
552
732
782
704
462
354
75
-220
-487
-484
-596
-542
-473
-403
-203
-63
-25
302
634
791
790
525
395
491
195
-357
-572
-569
-501
-292
-183
6
574
944
1121
1292
1364
1315
1041
657
303
112
56
-39
-195
-296
-252
-196
-121
3
255
358
370
336
287
225
93
-24
-391
-686
-1099
-1627
-2273
-2776
-3029
-3062
-2992
-2838
-2413
-1785
-1023
-501
171
741
1219
1676
1751
1836
1909
2078
2015
1800
1558
1342
1104
877
504
67
-238
-547
-693
-892
-943
-829
-556
-360
-143
-190
-179
-337
-378
-124
44
361
790
1348
1813
2306
2482
2649
2463
2090
1553
1017
500
44
-450
-769
-787
-701
-669
-606
-317
-155
-33
-43
-170
-524
-848
-1212
-1603
-1914
-2249
-2479
-2531
-2541
-2427
-2278
-2166
-1763
-1313
-714
-112
533
1121
1635
1861
2068
2149
1984
1824
1349
1276
927
504
204
4
30
32
-127
-176
-130
-168
-318
-510
-466
-443
-254
-89
148
382
709
1023
1110
1316
1444
1257
1054
729
551
390
208
150
118
251
43
-443
-708
-748
-893
-1085
-1234
-1283
-1092
-995
-814
-627
-464
-348
-330
-398
-633
-761
-800
-901
-984
-984
-768
-622
-567
-539
-476
-473
-555
-529
-460
-253
104
569
951
1439
1887
1972
2066
2087
1914
1668
1322
900
628
226
-225
-379
-501
-311
-109
-27
-113
157
193
114
140
20
-39
76
158
150
271
246
-16
-39
-71
-361
-301
-266
-51
227
380
404
302
198
53
-141
-594
-925
-1044
-1132
-1123
-955
-687
-131
375
635
703
627
585
130
-388
-894
-1104
-1270
-1471
-1556
-1398
-1010
-861
-499
-261
-60
240
462
713
1082
1375
1531
1594
1711
1678
1497
1204
799
573
192
-13
-196
-233
-259
-165
-108
78
278
376
563
472
161
-48
-149
-81
-377
-553
-420
-272
-175
-157
-255
-364
-344
-322
-370
-433
-512
-562
-498
-568
-583
-539
-534
-372
-393
-551
-504
-625
-555
-333
-65
295
650
686
600
524
458
-51
-565
-871
-1198
-1485
-1656
-1660
-1476
-1017
-678
-175
-79
194
405
578
779
940
1133
1235
1421
1300
1090
733
543
463
435
408
292
180
226
278
334
621
763
955
1049
935
624
358
154
3
-218
-453
-402
-371
-155
-112
-4
59
244
271
35
-97
-205
-289
-263
-439
-429
-360
-274
-265
-150
-116
-132
58
84
119
-1
-114
-236
-279
-398
-530
-695
-808
-1047
-1385
-1549
-1654
-1477
-1250
-920
-350
136
508
746
945
1081
1236
1370
1401
1305
1397
1424
1425
1386
1256
1217
1251
1221
1004
843
509
302
135
-159
-258
-203
-72
177
212
189
80
-103
-306
-510
-723
-856
-941
-883
-668
-609
-677
-597
-501
-658
-773
-808
-724
-675
-594
-700
-687
-557
-581
-560
-530
-630
-591
-543
-704
-686
-731
-749
-648
-448
-322
-202
-136
-308
-331
-407
-550
-596
-494
-223
43
282
714
1141
1396
1570
1778
1911
2115
1919
1569
1368
1298
1227
1200
1035
855
776
439
152
15
-99
-366
-695
-922
-954
-999
-1095
-883
-778
-644
-496
-564
-634
-633
-665
-667
-529
-310
-227
-319
-363
-329
-273
-287
-383
-387
-423
-652
-814
-922
-875
-655
-338
-124
49
498
707
670
541
430
423
455
257
156
175
212
341
368
342
301
253
259
414
670
1047
1341
1628
1771
2084
2157
2139
2101
1977
1761
1388
839
214
-255
-656
-949
-1162
-1329
-1414
-1432
-1461
-1413
-1310
-1138
-1012
-947
-775
-559
-417
-239
-156
-136
-84
-205
-257
-225
-168
-162
-99
-297
-483
-642
-826
-829
-682
-483
-461
-414
-353
-370
-363
-236
-105
159
371
531
720
809
630
234
-39
-134
-258
-333
-401
-149
-124
-8
212
302
693
1192
1390
1639
1848
1715
1674
1532
1492
1421
1263
980
585
174
-281
-802
-1292
-1639
-1908
-2095
-2171
-2107
-1903
-1534
-1276
-1104
-934
-856
-728
-636
-345
-146
203
538
639
705
490
369
288
148
-4
102
-19
-157
-355
-598
-558
-547
-661
-608
-508
-634
-613
-624
-694
-547
-283
-88
62
323
526
663
627
582
519
693
685
776
844
843
1016
1225
1270
1380
1399
1406
1526
1610
1455
1166
1014
858
562
167
-165
-544
-622
-879
-1235
-1510
-1737
-1758
-1634
-1537
-1176
-701
-281
123
457
771
979
999
985
930
978
987
935
819
675
474
298
-23
-278
-597
-722
-849
-988
-1083
-1197
-1088
-1031
-903
-696
-443
-165
158
406
607
606
722
611
600
622
574
436
348
412
382
389
300
161
195
137
158
183
139
194
226
214
151
107
6
-65
-209
-394
-633
-759
-770
-916
-868
-806
-664
-531
-392
-309
-359
-291
-352
-252
-197
-142
-81
-44
-108
-235
-503
-604
-587
-747
-834
-921
-985
-1048
-871
-781
-622
-254
27
323
569
633
545
525
460
500
723
890
741
557
696
684
707
611
417
419
546
526
392
351
487
505
197
-19
-67
-80
-174
-205
-270
-441
-528
-507
-284
-160
73
298
541
549
475
495
311
254
165
-90
-476
-714
-923
-1072
-1205
-1201
-1213
-1085
-837
-731
-652
-481
-332
-46
321
427
624
795
1005
1007
895
695
756
793
791
874
842
905
1016
979
737
726
635
477
193
39
-51
-133
-292
-462
-421
-242
-120
95
222
270
337
284
186
141
166
118
6
-171
-383
-475
-538
-558
-551
-395
-342
-103
38
85
169
118
-16
-203
-368
-496
-565
-855
-1097
-1078
-1188
-1147
-1048
-938
-600
-205
285
491
784
943
999
1073
1189
1208
1141
1192
1061
906
778
486
221
251
174
85
-146
-332
-485
-713
-914
-990
-1074
-1095
-1103
-932
-745
-554
-429
-301
90
345
719
813
819
754
725
579
354
215
-42
-172
-241
-347
-598
-758
-966
-1299
-1189
-1056
-1100
-999
-874
-763
-591
-571
-400
-199
-30
190
262
330
283
112
-12
-40
-29
5
-21
81
341
667
845
921
970
1072
1198
1141
1030
838
592
374
140
-239
-513
-770
-732
-673
-731
-778
-816
-743
-602
-395
-217
-60
147
409
459
644
793
753
637
633
727
759
747
775
722
450
279
121
-84
-249
-400
-591
-656
-627
-675
-513
-455
-203
193
548
783
880
1025
1008
1080
1070
1023
871
684
432
205
-69
-288
-440
-514
-577
-607
-603
-445
-154
-41
86
242
342
340
472
508
299
160
-17
-236
-405
-471
-604
-538
-416
-389
-355
-434
-486
-537
-526
-425
-479
-380
-190
-343
-364
-314
-338
-236
-249
-278
-307
-390
-500
-531
-497
-428
-357
-172
-187
-7
175
204
88
84
186
346
403
583
772
764
693
523
412
63
-205
-373
-792
-999
-1092
-1210
-1225
-1137
-1170
-1034
-785
-558
-279
196
541
717
762
726
873
1019
1157
1159
1298
1250
1040
697
333
138
-128
-201
-244
-374
-430
-388
-399
-424
-343
-433
-320
-313
-228
-301
-523
-454
-290
-49
197
263
306
427
351
346
438
418
525
513
520
596
543
528
536
572
512
226
-53
-200
-435
-608
-579
-509
-500
-541
-585
-466
-396
-352
-278
-197
-51
44
145
51
13
177
358
520
829
1135
1316
1246
1081
982
808
604
439
427
362
315
272
128
-122
-458
-533
-594
-569
-604
-694
-548
-387
-375
-390
-329
-326
-225
-178
-256
-370
-253
-274
-133
36
119
199
98
135
-26
-120
-264
-393
-391
-491
-400
-441
-464
-473
-444
-412
-406
-478
-435
-395
-299
-29
73
295
555
630
530
437
332
288
118
-41
-158
-323
-319
-324
-166
9
234
311
386
601
557
460
205
-18
-59
-156
-129
-226
-172
-130
-264
-226
-233
-354
-472
-634
-672
-610
-536
-331
-89
324
454
418
191
133
132
65
-37
31
143
-23
-29
-128
-286
-227
-267
-184
-134
0
-67
-15
-4
-38
68
-22
208
533
781
866
800
774
732
627
496
342
336
342
422
448
413
389
264
159
-17
-219
-212
-111
-128
-96
-50
87
107
65
-46
-89
-102
-240
-295
-311
-313
-454
-577
-566
-401
-22
205
192
191
80
35
-65
-224
-145
-43
83
135
180
214
83
-123
-203
-232
-227
-242
-183
-190
-174
-193
-230
38
239
274
300
396
257
144
101
76
134
197
279
284
487
529
268
205
247
191
74
94
33
-139
-327
-448
-560
-588
-576
-484
-500
-375
-274
-379
-412
-440
-447
-290
-7
178
268
162
135
-16
-296
-589
-786
-745
-653
-462
-420
-296
-282
-242
-200
-171
-71
-12
-16
79
54
-32
-30
-26
79
259
581
719
780
724
666
572
580
461
339
258
195
100
111
166
65
-14
-6
66
64
92
-4
0
221
327
348
443
363
195
9
-110
-256
-360
-294
-268
-184
-16
2
-39
84
238
345
284
224
185
-41
-240
-387
-433
-309
-353
-452
-526
-587
-522
-352
-53
121
38
93
209
259
189
269
349
514
580
517
477
335
345
240
155
86
273
374
307
385
282
93
-125
-259
-349
-515
-631
-600
-412
-379
-179
117
195
315
239
218
175
174
237
431
487
418
290
201
55
-168
-301
-543
-593
-578
-696
-737
-649
-556
-606
-745
-590
-446
-292
-324
-350
-202
-181
-182
-177
-196
-94
-4
28
255
236
213
187
156
82
97
93
191
442
457
388
436
572
612
617
512
402
169
44
-111
-294
-228
-87
0
68
104
227
337
349
255
297
211
199
202
160
27
-114
-85
-175
-216
-425
-486
-393
-406
-396
-346
-349
-382
-374
-342
-346
-499
-658
-829
-807
-748
-657
-693
-635
-358
-43
243
368
378
347
245
152
122
43
-74
-194
-193
-44
238
418
660
933
843
736
697
613
640
673
777
714
741
796
708
587
594
801
745
621
482
287
235
198
136
26
-97
-38
-250
-277
-303
-581
-670
-737
-734
-628
-589
-469
-243
-111
-22
-29
-171
-272
-361
-382
-496
-638
-790
-816
-689
-630
-575
-588
-416
-407
-456
-498
-581
-663
-597
-365
-175
180
419
637
847
905
818
564
315
281
303
326
343
497
605
596
464
442
399
354
466
564
576
442
408
355
266
69
-79
-153
-265
-344
-518
-796
-916
-904
-930
-763
-384
-199
-20
182
235
386
319
161
-15
-94
15
-58
-115
-109
-58
-149
-311
-351
-411
-635
-737
-810
-890
-912
-864
-885
-875
-640
-519
-238
-36
299
459
616
871
1022
981
997
1044
1010
962
815
660
629
710
618
562
482
499
649
802
724
532
440
406
367
235
208
97
-129
-307
-561
-645
-544
-336
-279
-140
-62
-49
-45
-131
-81
-107
-165
-52
-57
-93
-133
-52
-29
-185
-317
-504
-601
-458
-343
-316
-453
-622
-523
-543
-499
-498
-547
-389
-425
-422
-497
-482
-292
78
281
437
530
611
683
633
473
371
323
302
369
590
600
562
348
6
-207
-204
-209
-149
-162
-187
-141
-104
-110
-142
7
271
363
169
86
-53
-54
-188
-210
-102
30
-29
-9
-76
-78
-38
-146
-266
-356
-294
-282
-340
-397
-485
-446
-529
-560
-539
-638
-566
-528
-419
-359
-189
-184
-28
218
154
182
113
209
283
191
174
123
210
244
389
410
419
393
406
522
585
610
581
459
248
-68
-334
-341
-453
-374
-117
94
311
382
447
383
524
355
358
563
536
650
580
459
372
251
135
24
-106
-116
-204
-301
-35
-65
-88
-143
-248
-210
-272
-293
-346
-285
-319
-521
-677
-669
-559
-417
-246
6
156
154
145
63
111
180
56
-72
-23
-179
-169
-121
-122
-54
-51
-40
-14
12
-105
-74
5
119
233
291
525
694
885
789
706
686
467
210
321
398
402
378
298
181
98
84
-152
-147
-143
-191
-284
-378
-408
-479
-626
-684
-686
-520
-377
-300
-210
-274
-334
-454
-419
-366
-293
-149
-13
-82
-114
-205
-302
-286
-183
-79
-6
-6
-121
-287
-411
-372
-240
-238
-230
-145
-76
76
131
66
21
50
94
246
299
270
311
433
575
590
558
433
304
372
536
553
316
235
175
64
-97
-117
-136
-313
-379
-472
-500
-432
-433
-243
-158
-33
-27
7
38
13
-7
-141
-275
-263
-175
-21
-30
-21
31
74
66
-174
-232
-232
-335
-481
-659
-917
-897
-842
-756
-434
-278
-208
-148
-56
7
364
575
938
1181
1356
1289
1160
1164
1046
1017
752
771
599
508
571
575
672
684
639
568
504
461
402
258
149
26
150
98
121
112
-41
-108
-40
-66
-180
-136
-261
-328
-417
-355
-395
-451
-423
-358
-288
-199
-181
-226
-315
-543
-636
-714
-726
-735
-745
-786
-745
-738
-734
-832
-788
-802
-799
-466
-294
-169
-95
69
181
206
129
71
165
244
415
392
485
539
514
327
127
-24
-134
-223
-189
-154
-102
-40
27
142
228
253
375
573
708
834
807
742
644
486
273
134
56
-133
-297
-416
-749
-870
-809
-703
-551
-446
-470
-480
-476
-654
-747
-803
-882
-710
-591
-523
-450
-397
-133
2
179
403
710
785
888
868
617
560
481
457
403
202
247
288
292
407
307
328
347
285
277
230
87
154
136
168
143
37
-107
-87
95
158
120
251
457
560
753
788
961
1054
949
801
640
598
480
220
135
-55
-161
-282
-528
-569
-657
-852
-930
-941
-988
-951
-936
-836
-776
-746
-626
-514
-490
-266
67
172
273
286
291
323
313
360
262
353
294
220
325
329
154
-163
-323
-389
-429
-545
-576
-300
-82
26
79
132
76
198
265
186
183
154
134
174
121
109
185
217
170
226
317
409
549
711
640
493
388
272
201
-139
-340
-522
-795
-925
-972
-895
-783
-645
-621
-533
-417
-391
-319
-247
-104
-87
-208
-289
-198
-125
-155
-288
-246
-31
-29
-12
29
139
115
98
25
-165
-213
-233
-173
-157
-5
78
106
82
-11
-34
46
48
-15
3
167
331
236
237
431
547
631
577
548
354
291
282
149
70
94
94
41
-40
63
48
-25
-50
-38
75
44
6
-30
34
165
195
126
101
-6
-64
-134
-177
-173
-215
-202
-237
-191
-266
-242
-213
-114
-34
-36
-134
-126
31
-16
-54
16
76
198
275
226
294
493
654
689
804
748
700
681
630
489
275
213
225
201
39
-27
-91
-171
-193
-184
-262
-336
-277
-232
-335
-407
-442
-420
-294
-211
-102
-124
-36
124
169
71
83
117
223
339
160
38
-127
-189
-215
-284
-327
-304
-298
-279
-371
-523
-644
-599
-555
-548
-425
-312
-366
-338
-158
-109
-21
75
116
124
9
-48
110
195
397
546
498
506
556
484
570
582
572
430
288
102
-104
-221
-418
-591
-568
-757
-810
-610
-432
-170
-92
2
155
173
217
70
39
94
87
156
137
152
245
223
59
-39
-53
-50
-190
-241
-130
-43
-42
-157
-369
-433
-489
-435
-456
-388
-292
-282
-200
-210
-62
0
0
113
337
470
411
334
190
185
419
453
512
637
591
511
296
127
37
71
252
470
509
451
290
100
-72
-172
-170
-181
-171
-204
-220
-313
-281
-222
-215
-108
68
155
139
250
405
432
298
315
358
285
201
142
-48
-214
-310
-454
-388
-334
-185
53
112
78
0
-187
-223
-101
-139
-103
-50
-1
-56
-86
20
19
2
73
59
120
185
106
67
97
92
36
-7
23
17
-4
84
151
226
230
268
260
359
300
143
249
139
25
53
31
-28
-177
-348
-513
-626
-647
-551
-381
-285
-268
-177
-238
-367
-374
-315
-341
-212
-269
-308
-234
-155
-98
-232
-330
-390
-249
-149
10
-30
-31
-37
-5
-2
-13
-7
84
75
107
92
91
-55
-140
-282
-337
-404
-524
-492
-322
-111
-245
-220
-165
-81
12
174
149
290
294
331
312
250
74
-32
98
185
364
454
494
671
681
592
608
396
409
378
299
189
66
-19
-113
-95
-171
-201
-1
101
265
415
304
285
291
487
595
631
634
554
537
500
456
419
392
373
338
391
260
116
44
-235
-378
-463
-336
-202
-272
-303
-323
-438
-445
-555
-470
-382
-211
-134
-126
-9
-40
-28
-120
-262
-193
-191
-129
-7
-56
-135
-89
50
4
-5
15
113
154
248
297
213
8
-237
-285
-481
-601
-669
-589
-561
-460
-344
-231
-130
-81
52
52
-8
109
128
197
338
294
240
148
136
-55
-181
-208
-314
-413
-431
-448
-436
-371
-265
-206
-221
-81
-156
-442
-370
-294
-168
-80
-34
-21
103
257
203
117
91
190
149
89
225
272
454
428
434
428
209
143
28
-59
-124
-156
-169
-55
7
94
150
4
-4
-35
-73
-117
90
293
270
134
136
216
220
175
100
141
169
206
83
174
279
176
127
39
-75
-199
-140
-174
-40
-186
-367
-253
-182
-140
-28
-177
-91
96
143
219
227
198
93
0
-132
73
269
339
286
205
198
140
25
-91
-36
79
43
21
-91
-253
-262
-207
-247
-249
-269
-236
-89
-41
11
207
216
263
367
277
391
507
513
521
345
265
142
-162
-122
-203
-88
-172
-287
-235
-285
-275
-252
-299
-168
15
-74
-162
-230
-200
-179
-36
-62
-7
40
45
-8
21
97
177
264
234
54
-196
32
143
157
303
264
241
131
139
57
-165
-263
-321
-304
-350
-432
-475
-410
-260
-143
-112
-72
-2
-78
-192
-197
-103
-151
-52
61
23
-73
-142
-248
-349
-286
-191
-230
0
158
328
381
280
308
212
-25
-82
-174
-176
-102
-145
-28
29
116
193
277
317
330
269
310
154
108
74
-52
35
166
298
373
369
302
117
-29
-45
-34
-60
-202
-157
-265
-173
-41
-96
-126
-93
-70
-201
-262
-371
-445
-309
-160
-108
73
25
24
100
93
-48
-236
-209
-116
-145
2
329
346
417
467
491
476
492
481
375
464
504
573
403
157
188
6
-152
-113
-165
-150
-105
29
-47
-91
-42
73
-19
102
32
-238
-126
-59
-29
-55
-29
-110
-202
-271
-374
-513
-472
-349
2
227
205
73
29
-27
-174
-319
-434
-191
-250
-150
-282
-381
-267
-285
-311
-484
-523
-407
-279
-170
-28
53
162
189
99
91
20
-42
-4
94
277
364
358
369
326
288
384
381
340
430
434
264
225
70
-10
-203
-258
-158
-117
-182
-227
-215
-341
-235
-277
-329
-310
-286
-291
-239
-34
63
3
53
-147
-236
-127
-117
-87
132
277
361
329
290
245
4
-99
-64
76
-25
-136
-122
-123
-32
62
-58
12
7
38
69
124
234
334
405
455
412
214
171
-42
103
302
520
724
699
651
629
501
312
288
179
255
211
108
-42
-139
-69
-136
-345
-636
-714
-797
-718
-546
-433
-407
-291
-270
-248
-219
-139
39
159
182
106
212
115
162
201
29
-66
-17
72
112
15
-83
-139
-161
-18
-122
-178
-242
-190
-150
-225
-151
-218
-217
-265
-251
-203
-12
-31
45
214
348
369
353
350
453
429
244
100
64
203
205
217
160
169
47
-158
-153
-92
-32
4
18
2
-96
-397
-419
-572
-637
-626
-696
-641
-681
-541
-623
-543
-301
-99
132
201
300
236
284
264
94
-10
-19
36
107
57
-1
-75
-107
71
147
137
169
200
300
278
182
78
13
-162
-195
-266
-155
67
-3
-79
-31
122
46
163
198
353
419
437
389
202
118
116
121
158
315
404
544
647
651
616
543
492
398
367
391
283
141
-58
-290
-329
-292
-359
-523
-518
-361
-282
-217
-129
-179
-103
-55
-23
-86
-50
115
103
123
207
210
36
90
117
57
-2
7
-72
-89
-146
-182
-85
-42
-134
-49
-234
-321
-386
-436
-498
-441
-165
-153
-105
-137
-227
-243
-258
-184
42
177
343
261
236
254
113
230
380
330
269
203
139
191
203
26
-10
-67
-52
-44
-215
-295
-234
-258
-327
-418
-506
-683
-722
-767
-724
-623
-595
-544
-417
