88
105
94
100
117
107
107
95
96
28
-18
-9
-7
8
41
65
103
77
71
90
63
68
33
4
-4
-15
-32
-49
-73
-61
-100
-71
-20
-9
-3
-6
-14
-21
-38
-32
-12
-15
-11
-15
-20
-2
-44
-17
-21
-49
-40
-3
-12
-34
-53
-93
-58
-50
-28
-25
26
16
30
-8
-42
-53
-34
-25
-4
47
51
-2
-37
-32
-22
2
16
-6
-30
24
85
59
-2
-3
3
24
15
-13
-15
25
24
25
-27
-22
-53
-48
-36
-24
-16
2
26
4
-3
-4
-7
-7
-2
-12
27
50
7
-79
-82
-71
-66
-30
10
11
4
-40
-51
-25
-3
-20
-13
0
-52
-72
-94
-65
-74
-51
-62
-50
15
6
10
-25
-67
-66
-98
-82
-66
-28
31
21
11
-40
-101
-81
-52
-40
12
42
39
31
27
10
-4
-10
-2
29
100
134
78
71
48
-3
-3
21
56
83
89
90
88
44
36
19
30
32
1
-24
-19
-2
16
-16
-60
-47
-79
-68
-43
-50
-19
-10
-22
-13
-2
-3
10
3
5
-12
-20
5
-15
-45
-9
10
66
90
89
49
26
45
18
33
45
48
14
2
-53
-57
-12
53
100
47
80
97
72
74
75
39
10
14
59
50
86
74
44
28
33
14
-12
48
30
78
97
103
66
38
-20
10
-17
-19
-12
5
43
9
-16
2
26
20
36
-3
6
25
74
11
-16
-14
-11
-21
-68
-75
-62
-41
-97
-73
-73
-61
-59
-80
-71
-78
-53
-111
-125
-134
-155
-106
-82
-89
-98
-81
-73
-58
-79
-87
-133
-93
-75
-48
-22
-49
-13
-28
-24
-18
-71
-62
-41
-18
-19
-7
-52
-27
-28
-25
-4
-8
36
36
60
84
72
101
91
84
102
62
36
81
71
53
67
24
18
54
53
23
41
60
70
51
18
10
36
42
66
32
24
37
48
44
51
73
36
35
67
76
77
63
48
14
50
82
85
53
72
79
57
42
48
55
73
69
-8
-35
-59
-48
-88
-146
-129
-127
-61
-35
-42
-31
-30
-11
4
-51
-58
-47
-95
-58
-8
-33
-38
-20
-2
-4
-17
12
-18
59
98
89
61
-8
-25
-9
2
-12
1
34
31
-9
-59
-60
-7
-55
-35
8
-35
4
-26
-22
-4
18
18
0
12
20
-10
-12
-35
-42
-42
-26
-5
-8
-19
-4
3
-32
44
17
-13
-29
-24
-72
-90
-53
-42
-58
-37
-40
-98
-125
-104
-56
-28
-27
-21
-45
-80
-53
-59
-53
-31
-25
25
56
51
43
6
7
16
-29
-34
-16
-8
12
-28
-47
-22
19
23
24
37
39
42
47
61
11
-9
3
-14
7
60
48
70
75
38
14
32
43
39
50
28
5
-5
-8
-37
-24
15
50
72
68
45
36
12
26
9
-2
69
59
61
86
99
71
33
47
43
31
43
34
-6
-9
-6
-48
-17
-3
11
54
40
26
22
4
13
-8
-14
-7
-8
-42
-42
-49
-21
-41
-28
-19
-46
-11
23
30
14
38
15
-10
-4
56
96
58
55
-2
2
25
52
6
-33
0
52
12
-14
1
3
17
13
4
5
44
105
54
-34
-2
-36
-30
1
-25
-67
-51
-41
-61
-39
-55
-39
-8
-13
-54
-63
-20
8
-9
-67
-81
-90
-73
-50
-50
-43
-14
-26
-56
-75
-43
0
35
51
27
2
-40
20
7
-1
-18
-44
-26
28
-8
-32
-42
-33
29
5
16
35
12
18
9
-37
-71
-101
-75
-54
-28
-50
-66
-56
-74
-23
-13
10
62
31
3
-9
1
-10
4
-16
-21
-21
-12
-17
-36
7
18
53
42
-6
-17
-47
-42
-8
23
5
18
16
10
-24
24
19
9
-2
26
39
73
117
92
111
128
129
89
55
32
65
80
65
-7
-5
23
27
27
-11
-20
22
20
15
12
-6
-2
17
5
-15
-35
-16
7
32
13
5
31
22
-30
-78
-51
-30
-14
-14
0
-3
45
29
-19
-50
-58
-14
-52
-38
-53
-14
44
75
51
9
12
-2
-19
-10
10
1
-8
-17
-22
-39
-20
-29
-14
0
41
13
-56
-51
-5
-7
25
23
-29
-32
12
41
-18
-25
-2
-31
-30
-17
-28
-20
24
91
105
68
23
23
34
87
89
58
52
15
-26
3
-30
-67
-56
-39
14
-6
13
23
17
2
5
-2
-54
-39
-43
-44
-16
-4
-10
-12
37
27
63
42
24
36
-21
-35
-52
-18
2
14
16
27
-9
3
-36
-19
-60
-62
-35
-9
-22
-49
-51
-41
-70
-84
-60
-74
-42
-21
-5
-56
-29
-18
-41
-14
-4
-27
-4
33
28
-14
-57
-30
-40
-55
-13
-24
-21
-7
-1
10
24
-12
-33
-76
-55
-7
14
65
40
18
38
60
71
68
72
106
76
75
100
114
119
137
122
152
162
117
110
49
52
34
10
-25
-31
2
16
35
-2
-54
-50
-17
12
24
20
29
1
-38
-17
-72
-99
-78
-39
-36
-33
-29
-58
-68
-78
-70
-49
-3
3
-16
-67
-79
-59
-93
-92
-87
-83
-65
-71
-93
-78
-92
-64
-42
-62
-17
57
72
46
-10
-10
27
42
24
33
28
74
67
63
51
47
119
104
94
121
108
76
84
52
32
14
36
39
42
31
18
2
12
-11
-50
29
32
10
9
8
-20
-15
-29
-39
-49
-25
-17
-31
-90
-121
-66
-24
-3
-1
16
30
55
12
-32
-53
-50
-25
-25
-26
-38
-41
-36
11
-3
-3
-32
-91
-62
-47
-33
-35
-29
-26
-70
-90
-97
-106
-61
-24
-27
13
21
7
-9
-25
-49
-43
-44
18
26
1
29
65
58
67
72
86
80
66
79
75
53
23
15
20
45
54
29
43
36
71
60
48
53
-12
-38
-47
-29
-11
7
1
-6
-50
-31
-12
-33
-17
-31
-74
-34
49
25
113
101
81
86
38
77
64
-16
14
-76
-26
-29
-27
-26
-72
-55
-76
-67
-88
-89
-123
-87
-22
8
-4
-15
-41
-16
16
-52
7
32
13
38
-3
9
28
98
110
82
67
72
58
38
49
57
78
92
93
59
-13
-5
22
42
78
87
55
86
102
73
35
-1
24
3
62
80
67
37
20
70
69
3
-19
-42
-20
7
-13
-40
-67
-84
-81
-101
-116
-84
-75
-79
-87
-82
-160
-169
-109
-82
-74
-40
-32
14
-5
-17
-41
-25
-9
-34
2
-1
53
44
20
-16
-37
-2
-26
-52
-8
-21
-1
-11
16
33
-30
-57
-55
-26
-27
-78
-73
-76
-36
-49
-81
-74
-73
-99
-86
-70
-59
-67
-73
-80
-74
-77
-76
8
17
6
5
-13
-23
-21
-43
2
15
34
64
43
4
45
63
120
111
53
56
90
79
95
99
112
126
122
129
111
114
132
127
133
92
45
71
50
74
62
67
73
78
48
11
-8
42
88
82
91
67
55
18
16
4
1
-1
16
1
21
32
17
4
-15
-51
-39
-9
-28
-34
-52
16
18
-3
21
-14
-36
-19
-45
-86
-95
-113
-96
-79
-107
-108
-90
-66
-19
-58
-76
-61
-86
-93
-132
-158
-183
-145
-40
-42
-96
-117
-157
-143
-91
-78
-44
-35
-41
-51
-42
-39
-6
9
1
-10
-14
25
29
40
38
53
99
93
91
69
30
45
61
28
60
120
119
129
133
102
67
18
20
50
105
106
121
121
101
-5
-36
-41
-69
-20
30
88
101
109
65
35
-13
-39
-31
35
60
13
24
30
-26
8
-12
-7
11
29
35
9
-58
-70
-63
-42
-75
-70
-30
-24
-5
-33
-47
-69
-72
-98
-98
-47
-29
-31
-52
-11
25
45
48
78
95
93
57
16
25
-27
-24
-11
9
-11
-29
-48
-49
-10
-28
-27
-10
23
-6
-3
13
12
9
16
-5
19
27
37
45
17
-7
-17
-44
-45
-14
15
33
-3
37
51
26
41
-5
-65
-43
2
40
77
46
-10
-30
-37
-20
-55
-42
8
-9
8
6
29
16
35
43
30
41
-9
42
29
44
62
38
17
8
-2
21
42
49
15
-35
-46
-54
-26
-14
-23
-11
3
-36
-25
-19
-58
-43
-53
-60
-33
-23
11
-52
-66
-74
-117
-90
-66
-59
-43
-21
-12
-47
4
-25
-61
-9
-6
-9
-35
-19
-52
-37
-89
-117
-132
-46
12
51
84
96
75
1
-18
-48
-69
-18
55
74
69
65
44
9
-4
-35
-24
-2
28
39
39
41
24
-11
-78
-94
-95
-51
16
-21
-38
15
35
2
29
42
47
42
77
102
73
100
62
27
30
45
40
61
38
34
43
64
142
115
69
30
37
13
6
-18
16
29
46
67
26
26
53
39
13
-2
13
26
46
64
47
48
68
43
14
-12
-54
-91
-41
-10
-2
-40
-35
-22
-82
-94
-108
-110
-85
-56
-78
-63
-22
-21
-14
-57
-40
-65
-78
-105
-107
-89
-40
-29
-23
-33
-47
-60
-68
-29
-39
-26
56
81
57
70
60
20
18
44
61
49
9
8
35
43
59
57
71
71
40
79
67
62
77
46
39
-1
11
4
26
34
62
66
58
20
24
6
-12
-11
-28
-71
-48
5
26
37
47
26
63
58
67
26
-6
-5
-41
-40
-17
-30
-27
-24
-55
-16
15
8
4
-13
13
-38
-43
-30
-42
-85
-48
-38
-68
-43
-90
-60
-89
-60
-27
-39
-27
-68
-86
-40
-14
-24
-12
-28
-30
-14
-26
-62
-34
-20
-13
30
-20
-37
11
-7
4
-9
-16
-32
-1
36
-31
-71
-53
-66
-77
-86
-28
-34
-81
-70
-33
37
85
57
32
-28
-34
-40
-2
-4
12
-24
-24
32
38
40
31
51
100
87
73
59
27
72
42
-4
-8
-5
6
33
26
61
101
99
62
35
-32
-16
4
16
37
32
73
65
60
68
25
6
46
65
76
29
-7
-3
-29
-38
-43
-17
36
48
61
45
-7
-7
0
9
41
62
61
30
52
62
90
50
32
25
15
40
-21
-25
-53
-48
-31
0
10
-5
-35
-64
-65
-71
-69
-89
-45
-23
-47
-66
-69
-80
-47
2
-21
-23
-16
-60
-81
-56
-46
-75
-88
-31
-14
-3
19
34
17
12
-35
-30
-40
-29
5
26
43
25
15
24
30
53
81
48
57
64
78
128
119
107
101
71
67
82
-2
-23
-10
-39
-29
-5
3
-24
-21
-2
-23
-69
-71
-83
-40
-27
-47
-50
-46
-25
16
23
5
-11
-37
-18
-70
-56
-43
15
26
43
73
92
80
31
2
-23
-24
-11
-40
-41
-40
-78
-56
-73
-67
-96
-84
-74
-100
-93
-76
-61
-52
-4
-56
-84
-33
11
-48
-29
-3
-9
-31
-30
-19
-3
29
4
14
38
64
90
73
52
62
44
32
-14
22
72
26
45
73
50
14
11
58
80
85
62
69
93
57
29
8
17
58
52
24
47
67
91
74
37
-28
-42
-26
-25
-8
-13
-15
42
59
-42
-23
-25
0
1
-26
-5
31
17
-49
-65
-40
-2
-28
9
16
15
44
55
52
43
5
11
28
-16
-46
-42
-22
-1
-4
2
52
17
-5
-38
-86
-69
-45
19
44
14
25
54
38
14
-17
-13
12
5
-1
8
-3
25
16
16
-51
-78
-93
-103
-121
-121
-58
-60
24
12
20
9
-38
-49
-74
-101
-71
-64
-75
-43
-63
-57
-79
-51
-13
-22
-31
-32
-13
48
22
17
-20
-69
-74
-47
-17
0
-7
4
35
27
4
-49
-10
15
-6
39
40
39
32
18
30
4
-28
-10
11
21
15
-15
11
20
15
35
13
16
12
-14
-14
-3
5
41
62
48
75
33
4
14
-20
-15
7
44
116
127
114
170
91
66
30
-19
-41
-12
26
34
71
84
80
86
71
44
38
24
-4
-46
-26
8
54
14
6
24
25
-7
-28
-15
13
19
20
30
9
-8
31
40
19
30
-11
-21
-33
10
58
84
84
29
23
-10
-35
-20
5
-12
-41
-92
-94
-80
-99
-78
-13
31
31
2
-21
-21
-47
-46
0
-11
-41
11
-2
-23
-48
-44
-48
-4
40
61
21
12
-14
-17
-37
-41
5
-10
-23
-36
-42
-28
16
-45
-42
-43
-44
-34
-30
7
11
-6
-15
-23
-60
9
-16
-51
-88
-85
-47
-35
15
44
21
6
15
-39
-121
-112
-66
-24
-45
-97
-126
-129
-113
-116
-109
-110
-99
-93
-43
-30
-68
-24
-10
-17
-2
10
-16
-78
-39
18
24
50
37
28
87
116
88
86
87
77
58
89
164
131
124
99
39
42
74
68
111
127
122
128
119
143
75
27
56
78
84
112
98
109
136
101
98
54
18
0
22
20
38
66
23
20
-20
-60
-78
-69
-84
-33
-9
22
55
53
-15
-44
-44
-84
-78
-80
-78
-42
1
-61
-72
-93
-29
-10
-13
2
-18
-6
-3
-38
-31
-34
-4
34
-33
-39
-24
-54
-8
-2
-52
-22
-22
-61
-52
-49
-23
-27
-28
-41
-82
-42
-32
-29
-43
-49
-17
-23
-5
-27
-45
-26
-33
-22
-14
-26
-67
-75
-71
-74
-35
2
26
1
-21
-58
-75
-59
-29
-23
-22
5
-7
-26
3
-13
21
12
-36
-34
17
49
62
41
9
28
47
108
98
34
13
27
48
66
12
-11
-30
-9
51
40
39
50
52
70
90
54
10
1
42
44
21
47
49
30
-14
2
9
22
27
43
41
26
1
-20
-11
22
29
22
56
76
67
37
31
14
30
44
48
30
18
6
-3
4
3
22
5
18
50
25
29
21
-5
-83
-60
-39
-34
-24
-43
-38
-60
-45
-50
-41
-26
-50
-38
-29
-32
14
24
36
30
-32
-14
45
59
37
17
10
-1
-50
-26
-16
-8
32
65
47
46
38
-9
-38
-78
-8
6
14
33
32
48
72
44
5
-26
-42
10
73
68
11
18
25
8
-18
-39
5
4
25
16
3
-20
-34
-65
-66
-30
-30
-56
-117
-94
-47
-2
2
-20
-15
-36
-41
-49
-87
-87
-94
-106
-81
-90
-68
-28
-75
-85
-72
-88
-77
-82
-76
-89
-107
-72
-33
-23
-44
-78
-99
-42
-26
4
-10
-48
-38
-11
-1
-29
-16
30
16
29
61
27
25
72
66
79
91
62
28
-11
20
-17
-6
26
22
31
63
73
112
87
39
54
51
140
134
107
111
109
63
67
45
58
80
75
57
69
90
89
85
28
42
-14
-29
-23
-9
-4
31
40
1
10
12
4
2
-20
-74
-78
-64
-46
-51
-33
-20
-14
31
20
-2
-43
-19
8
2
-16
9
-2
41
18
-41
-34
11
22
46
18
13
32
28
46
-5
-52
-13
-17
5
14
-3
-13
6
76
73
-2
16
59
23
32
40
48
73
99
55
1
18
-27
2
47
43
-34
-58
-53
-65
-57
-11
8
-15
-15
-43
-110
-107
-70
-90
-103
-135
-87
-77
-90
-43
-9
-39
-38
-18
-38
7
-16
-27
0
-23
14
-8
-70
-52
-17
-23
-17
-3
46
74
43
24
-3
-11
-8
-35
-28
-20
-16
-20
1
3
19
-31
-45
-10
1
20
39
59
36
12
-26
-18
0
11
-7
-53
-29
-13
17
18
2
69
90
20
-25
-59
-109
-89
-82
-59
-5
3
46
50
7
-43
-11
37
40
37
-41
-49
5
50
8
9
24
45
73
84
65
26
17
16
16
-3
17
48
71
114
88
55
18
23
-8
-46
-64
-45
-21
-20
53
94
139
102
65
57
32
28
57
-14
-13
7
-24
0
-13
-35
-49
-22
-42
-54
-45
11
-13
-38
-16
-21
31
40
48
-3
-87
-74
-51
-63
-60
-31
7
69
38
-30
-24
27
53
26
0
-35
-27
-22
-8
-4
-55
-58
-22
-24
24
63
48
-16
-39
-72
-44
8
20
13
16
-4
-30
-46
-19
15
1
1
-18
-7
-5
-4
-90
-96
-88
-85
-26
10
-3
-18
27
-10
-36
-60
-31
-11
58
60
10
39
36
23
-18
-39
-45
-4
-25
-4
37
14
25
-11
-2
-24
-18
31
73
51
69
60
-5
28
30
23
-1
-37
14
-3
16
27
42
70
92
110
132
77
82
42
38
23
40
67
-17
-8
-35
-27
-40
-27
-9
-14
-35
-4
-62
-46
-23
-7
0
-13
-59
-54
-24
-39
-20
18
32
18
29
26
50
88
90
64
69
76
43
27
-14
-33
-23
12
96
110
179
67
40
-127
-119
68
-192
-36
-144
-338
-309
814
367
-416
198
-284
-289
-315
443
336
-979
-202
-402
-736
161
208
-79
-14
100
342
48
945
1285
54
-584
-647
-579
-371
287
810
-153
-887
-667
-1051
-433
105
379
563
130
166
31
-343
79
269
528
503
600
530
205
83
110
262
-170
-10
425
381
215
1
-304
-1043
-739
-71
430
-18
-211
83
-740
-676
-200
545
64
280
379
319
172
350
810
184
84
-180
-235
117
234
319
243
-82
-413
-88
-380
-128
-327
-349
-52
-356
-57
-662
-913
-442
-319
-429
243
571
434
225
-16
1170
164
-277
421
185
400
31
548
67
-854
-129
61
-503
268
381
-324
-219
251
873
-530
-792
-453
-574
-636
447
1231
-377
-902
-208
-513
-517
576
856
422
-318
819
427
-943
512
954
307
19
366
514
-1199
-951
335
-1288
-1190
-576
-968
-1141
-1064
25
27
-710
768
839
-447
454
542
829
410
502
1795
312
72
1140
558
52
704
850
708
-109
241
191
-864
-42
345
-120
-418
138
-72
-332
-492
331
-313
-730
185
-224
12
-586
-52
81
-615
168
268
-329
48
-72
33
172
-572
252
-166
-362
140
285
-177
-120
3
-179
-348
-48
464
-89
239
228
166
50
100
454
366
551
668
739
396
698
761
577
530
819
660
100
485
245
205
-95
113
-257
-411
-361
-305
-715
-449
-251
-947
-426
-1140
-790
-1153
-964
-164
-1544
-1050
-1539
-1393
-964
-1254
-938
-1513
-1094
-571
-555
-728
-565
-449
-283
-68
550
1142
916
1650
2393
2037
2304
2249
2464
2526
2647
3321
2779
2741
2638
2035
1663
1363
1141
917
392
119
-256
-1622
-1961
-2755
-3024
-3058
-3143
-3003
-3511
-3608
-3472
-3548
-3764
-3405
-3303
-2511
-2396
-1713
-1651
-1776
-1420
-1371
-558
-234
354
417
945
368
1251
1925
2778
4315
3927
4540
3831
4384
4473
5081
5506
5361
4999
4346
4106
2970
2606
1751
1799
1429
1125
499
-833
-2189
-3379
-3962
-4019
-4206
-4276
-4399
-4968
-5124
-5524
-5588
-5665
-4900
-4243
-3761
-3531
-3289
-3210
-3221
-2587
-2319
-2082
-1839
-1174
-881
-365
51
55
-158
-91
1741
3136
4835
5769
5715
5413
4756
5943
6759
7487
7843
7733
6621
5995
5167
3681
3239
2575
3012
2112
1282
38
-2102
-3489
-4547
-4730
-5245
-5262
-5547
-5459
-6235
-6604
-7020
-7262
-6610
-5470
-4314
-4088
-3647
-3587
-3742
-3346
-2882
-2530
-2168
-1540
-962
-524
-167
-273
-347
-570
1458
3392
5005
6258
5855
5924
4872
6198
7508
8069
8667
8343
7318
6472
5800
4192
3507
2880
2998
2616
866
-222
-2961
-4598
-5405
-5820
-5751
-6241
-6350
-7016
-7568
-7917
-8037
-8139
-7166
-5958
-4953
-4244
-4027
-3708
-3561
-2855
-2205
-1476
-924
-576
-225
25
-77
176
428
972
1314
2867
4779
4957
6301
5803
5599
4894
5499
7232
7317
8052
7789
6526
5406
5174
3753
3563
3723
3254
2772
1414
419
-1870
-3095
-3218
-4142
-4082
-4326
-5018
-5352
-6407
-7126
-7443
-7358
-7130
-6328
-5160
-5252
-5121
-4239
-4232
-3002
-2038
-900
-268
-178
425
-89
1170
1394
1577
2082
3095
3157
3362
4261
4545
4717
4779
4741
3628
3339
3478
3715
3423
3714
3337
2661
2525
2647
2503
1988
2098
2076
1993
1550
1117
285
-552
-1244
-1332
-1532
-1589
-1801
-2049
-3127
-2933
-2844
-3940
-3798
-3675
-3327
-3540
-3099
-2464
-2549
-2335
-1903
-1664
-650
-917
-1035
1206
102
282
204
364
714
102
1635
131
-146
-110
-1057
8
-932
-1065
-1740
-2268
-2209
-1972
-2026
-2164
-1827
-2092
-1691
-1304
-562
-93
211
835
1208
1735
2558
2878
3195
3465
3640
4066
4214
4201
4183
3961
3694
3845
3843
3526
3444
3071
2899
2791
2625
2449
2018
1513
1394
1204
782
406
-117
-620
-1178
-1545
-2093
-2888
-3493
-4054
-4537
-4894
-5128
-5598
-5843
-5972
-6002
-5854
-5685
-5456
-5249
-4986
-4562
-3992
-3624
-2924
-2425
-1676
-1013
-325
372
922
1490
2240
3127
3374
4031
4350
4768
5121
5485
5716
5849
5847
5901
5825
5550
5495
5243
4998
4625
4304
3890
3324
2647
2309
1717
1357
901
426
-345
-1209
-1650
-2207
-2572
-3013
-3336
-3871
-4122
-4397
-4717
-4903
-5093
-5183
-5279
-5297
-5168
-4958
-5036
-4965
-4624
-4443
-3921
-3539
-2937
-2401
-2117
-1578
-1290
-895
-479
161
615
1140
1720
2075
2418
2827
3198
3552
3977
4339
4997
5148
5349
5617
5551
5503
5175
5159
4936
4798
4368
3877
2937
2106
1395
701
10
-473
-926
-1428
-1802
-2330
-2724
-3047
-3095
-2637
-1208
-3691
-4553
-2877
-1216
-2572
-3545
-833
-3193
-4280
-2575
430
-962
-2967
-736
-464
-115
-1414
-1864
-1210
-868
-744
-1089
-813
-333
-1693
-2170
-166
891
-260
-847
1347
1772
-164
540
2181
1401
51
1297
1449
650
1053
1514
1445
730
1407
1580
417
727
1476
1359
1438
1718
1659
77
581
1350
831
591
604
898
591
529
934
1044
-722
986
1243
1010
787
553
674
-618
946
432
637
33
-856
-987
-1466
-147
-624
-2030
-1744
-1857
-1435
-3310
-2802
-592
-1775
-2202
-3245
-2575
-3867
-4630
-3155
-1423
-1276
-2415
-888
112
-613
-1062
339
487
1235
3400
3840
2878
3212
3398
2922
4149
5339
5086
5241
5757
4988
3941
3310
2389
1504
1421
1588
1409
-9
-381
-1789
-2738
-2563
-3358
-3269
-2961
-1508
-2130
-3017
-3614
-2985
-3507
-3283
-1263
-1214
-1445
-2433
-2864
-2785
-2053
-1977
-1520
-1002
-1630
-1471
-1769
-2752
-3136
-3422
-2031
-2063
-2035
-1190
-2232
-704
441
872
1724
1746
1159
1593
4240
4646
3872
4621
5512
3889
4396
5952
4989
4293
5028
5154
4135
3798
3378
1675
176
1284
1027
405
-179
-1119
-1684
-2200
-2042
-2414
-2442
-2364
-2101
-2024
-2457
-3869
-3850
-3393
-2804
-2323
-2014
-3397
-4185
-2962
-3511
-3019
-1623
-1750
-3045
-1077
-943
-2749
-2307
-610
-1464
-3255
1204
718
-4102
19
3316
577
-281
2598
2064
-1972
2220
5780
2841
2085
3916
2958
2425
4503
4008
3389
3925
4991
3878
2637
2940
849
-484
1161
756
17
-906
-1405
-2352
-2922
-2055
-1810
-1811
-1946
-1740
-2436
-2334
-2454
-1671
-1636
294
712
368
173
-2362
-1213
-173
327
-43
-402
-1419
-3689
-3282
-3889
-4358
-3150
-1734
-3291
-1971
1165
-2001
-2321
301
586
-1117
3286
6979
3405
3282
5151
3677
2589
6623
8011
5322
5666
6419
3915
1050
2341
1364
-1489
344
397
-2436
-4770
-4929
-5233
-6316
-3879
-3026
-3794
-4720
-3960
-3955
-4217
-2064
-536
-398
-1061
611
-349
-1038
-637
-150
236
-447
521
-579
-3109
-3019
-2549
-2260
-2519
-754
3398
1790
777
635
1015
228
3709
9382
7394
5624
5725
4191
2606
6447
8436
6037
6342
7470
3951
49
551
-943
-3971
-1723
-743
-4179
-7221
-8131
-9068
-10391
-5992
-4511
-5802
-6554
-6481
-6727
-7100
-3414
-1571
-636
-349
517
-1200
-1590
-60
150
1126
1214
1165
-1644
-2524
-2285
-2297
-3143
-751
5101
3911
2589
1597
387
-361
3527
11614
10889
7624
7272
4534
2611
7464
10790
7890
8233
9393
5421
143
-413
-860
-4700
-854
1055
-4061
-8272
-9990
-10969
-11569
-6552
-4416
-6391
-8006
-7201
-7787
-8189
-4032
-1199
62
885
1654
312
-1145
-559
1675
2613
1941
1476
-1835
-4014
-3124
-3141
-715
5628
5114
3401
523
-186
-419
2918
12388
11068
7175
5658
2126
679
6544
10272
7442
7615
7644
2197
-2729
-1570
-2329
-5131
-291
-291
-6297
-10086
-11355
-11573
-9792
-3297
-2835
-5643
-7640
-7662
-8480
-7165
-777
1875
1996
1409
486
-1845
-1849
310
2936
2907
1645
330
-2907
-4191
-3078
-1206
5894
7938
5235
1808
-1377
-925
1703
12299
13562
7832
4256
540
-977
4146
9518
7187
5646
5977
484
-5330
-4044
-3300
-5740
-1286
677
-6732
-12059
-13404
-11576
-8568
-694
182
-5232
-8680
-7603
-6662
-4818
1578
4334
3338
330
-133
-1744
-1893
1398
3457
2026
-519
-2557
-4738
-4797
-1862
-294
5813
6962
3245
293
-1622
691
3537
14165
14633
6494
2760
209
46
6907
12851
8919
4752
3501
-1707
-6260
-2286
-294
-3720
-2142
-2724
-10979
-14747
-12862
-8687
-5553
-777
-3188
-10261
-11390
-8734
-4365
-1482
5145
4681
492
-2419
-2035
389
2864
7143
5809
1364
-3635
-4760
-4602
-1743
415
2635
7763
4140
289
-2913
-2194
762
7807
17559
11089
2039
-1465
-2798
2563
12107
14696
6296
1722
562
-4064
-3131
3204
1599
-3036
-1450
-5855
-13765
-13300
-7837
-3136
-798
-813
-8358
-14723
-11782
-4651
-63
1739
2874
-1609
-4968
-4737
-52
3429
5478
6642
1417
-3772
-6259
-4461
-1325
2779
2056
6677
6180
247
-761
-1004
2521
4663
14764
14310
1236
-2591
-2874
-88
9537
14923
7477
-1093
-992
-3329
-3939
3521
4952
-3303
-5491
-5508
-12361
-12250
-6569
-2651
-1394
-2487
-7273
-12929
-10217
-2843
1139
-36
-1111
-3375
-4346
-2569
1001
5195
3986
3524
1055
-3180
-3722
-2936
228
2545
1303
-1388
5040
4825
2377
2452
2103
2639
4881
16081
10444
-110
-290
-1097
2834
10887
11915
1605
-2042
940
-2113
-648
3820
-710
-8472
-5873
-6086
-12179
-9435
-5568
-4074
-4455
-6600
-10006
-10830
-4910
1083
-298
-3334
-4759
-5357
-1993
996
4330
4264
1591
2216
-1082
-2008
-2537
277
1829
3383
-1065
1550
8004
2937
3696
1676
3090
1738
9449
17195
3891
-855
-1099
-1270
6052
11967
7769
-3251
-739
-842
-3563
2135
3002
-4577
-7929
-3738
-10300
-13493
-7415
-5741
-3595
-5040
-9297
-12234
-9564
-2292
826
-2565
-4628
-5728
-4023
436
1449
4078
1008
709
1950
104
562
-228
1081
2021
2039
-623
8078
8444
4682
3933
1560
2441
3443
16057
12287
-428
-189
-1967
2663
10180
10540
1452
-3068
1016
-2752
404
4231
-1152
-7851
-5209
-3736
-11782
-8041
-5222
-5283
-3947
-8433
-12001
-10924
-4123
219
-3900
-7281
-8243
-7803
-1164
2007
1871
-26
-3570
-555
-45
767
278
-425
467
790
-1697
4811
10174
4797
3911
1969
2533
2340
12791
16516
2349
-1045
-1421
932
9178
11695
4967
-4029
-958
-1916
-1321
5341
1737
-5891
-8037
-5055
-9712
-9385
-3763
-4297
-3201
-7182
-12255
-10408
-4556
1496
-430
-6643
-7972
-7669
-2739
1485
1398
-162
-4950
-2639
-1069
-1109
-859
-1420
-1933
-710
-2149
-655
10158
6336
3172
978
1473
2300
7667
19156
8083
-1993
-994
-29
8636
12874
9518
-1815
-2737
1400
-421
5902
4520
-3071
-7850
-5675
-5774
-9481
-4307
-4553
-4833
-6389
-12162
-9946
-5171
695
867
-5834
-8428
-7738
-2565
3320
2871
524
-4064
-4451
-61
230
324
-1014
-2186
-2818
-1847
-4222
5109
10104
2513
80
-2656
2243
3859
14707
15845
-1764
-4249
-2480
5592
13219
11569
2398
-6842
-258
1791
5511
8279
-67
-6370
-8107
-3016
-4990
-3057
252
-5054
-5891
-11662
-10997
-4108
2148
3311
-4690
-11471
-9776
-3642
3724
4627
-795
-5138
-7603
-830
2162
725
-1895
-5061
-4380
-1772
-1085
-630
10251
6096
-1654
-3066
47
5209
8475
18552
6184
-8340
-4595
1532
12462
14143
6279
-7480
-8209
2526
4424
8195
3600
-6592
-11290
-6116
-239
-2478
1123
-1967
-6889
-8328
-9484
-2506
3412
5600
-620
-10739
-10745
-1560
6890
8730
550
-6841
-8500
-2167
7073
5520
-729
-7252
-8107
-3758
2195
-227
2725
10364
566
-4052
-4338
3804
6742
11591
16861
-3521
-9633
-2224
7819
16028
10052
-1912
-12651
-2575
7161
6982
6232
-3760
-12287
-10879
-380
1019
-2193
-1792
-8616
-9086
-8613
-4982
1899
3523
2569
-7695
-12596
-4329
6607
11080
5094
-4965
-8662
-4101
7303
11637
3122
-5767
-10105
-5802
2532
5632
-1786
4516
5812
-2933
-3455
-1489
8233
6335
13543
9259
-10894
-6205
2684
14263
14649
2606
-9409
-11337
6065
10472
7485
909
-10935
-12854
-4539
4830
-506
-4064
-6182
-11216
-7519
-5649
-823
981
-266
-3638
-11587
-7881
2848
8322
5544
-2981
-7613
-3961
4589
12137
7294
-3777
-7652
-5934
3039
7929
3109
-4933
4576
8005
152
-727
1355
8164
4475
13171
6796
-9663
-2253
5315
13406
10039
-1985
-9893
-5331
11120
8653
1392
-2452
-10593
-8345
733
4012
-4202
-5942
-5893
-9228
-5012
-5200
-2725
-1175
-1763
-5324
-11896
-5253
3140
5163
942
-6678
-7593
-1355
4618
8128
1347
-6354
-6712
-3486
4971
5460
-685
-4582
9131
8638
1063
-827
1662
8767
6629
15731
5016
-7246
1295
6127
14411
8976
-3085
-7433
-304
11729
5048
723
-3552
-10505
-5552
1910
1601
-6331
-6171
-6974
-8789
-3361
-5022
-2525
-1796
-3925
-7744
-10647
-1617
3890
2716
-1936
-8147
-6276
1042
4846
6380
-1789
-6799
-5186
-1499
4884
2654
-2238
-4977
9695
9988
677
-2465
1467
9264
5727
15231
6777
-6644
186
4881
13271
8521
-2394
-5635
-450
10631
2727
20
-1401
-8338
-4048
1310
1117
-5745
-5774
-6473
-7284
-2004
-4373
-2072
-1737
-4210
-7147
-8795
-167
3828
2363
-2783
-8535
-4765
1639
3407
4852
-2057
-6220
-4756
-1074
3843
1081
-1842
-3886
10477
9737
-221
-4180
1342
10780
5400
14317
5273
-7833
-196
5212
14159
6943
-3273
-5364
-27
10722
1947
-709
-2314
-7420
-2790
1947
1406
-6134
-6294
-5673
-5310
-395
-4100
-2217
-2531
-5201
-6125
-6575
1329
3146
715
-4284
-7986
-2537
3481
2766
2918
-2283
-5624
-3139
-116
4283
65
-2329
-2595
10919
11533
-1015
-5327
-558
9281
7242
14292
6643
-9057
-3901
3400
13478
9049
-3473
-6602
-2014
7588
1738
-323
-672
-7750
-4323
1498
1907
-4491
-6707
-4735
-4788
-586
-3818
-1638
-1676
-4938
-5471
-6029
1111
3712
740
-5064
-7875
-2074
3050
2517
2531
-2450
-7056
-2294
990
3590
25
-2370
-2374
8327
14640
259
-7110
-2371
9751
8616
11010
7745
-9797
-6771
3302
12708
10827
-4282
-9321
-5314
6555
4865
-1547
601
-7124
-6739
-8
3629
-1263
-5859
-2708
-3853
-553
-2179
-1198
444
-2753
-3467
-5656
917
4376
854
-4208
-7106
-1473
3418
3033
1318
-1808
-6013
-1772
1276
2985
1338
-3190
-1065
4457
15855
3369
-6947
-3528
7073
11848
6694
8528
-5549
-9158
2130
9822
13117
-2314
-10678
-7411
3262
8657
-1133
445
-5464
-9715
-2323
4086
2074
-5494
-4586
-4755
-3317
-473
-1554
-422
-2100
-4568
-6500
-1283
4330
882
-5212
-6970
-2355
2895
3727
-326
-1475
-4643
-1247
2709
3948
3312
-4333
-50
3429
14542
7948
-6225
-3548
3684
14747
5649
6502
-767
-11157
729
8942
13458
483
-11934
-9418
731
11985
2732
-2454
-4165
-10769
-3603
5233
5931
-4153
-8288
-5471
-4389
1743
-923
-2645
-2503
-7041
-6369
-2917
2627
649
-7096
-7569
-4042
2850
3724
-2287
-2565
-3360
-1883
3302
4118
3665
-4068
500
4610
8650
14522
-1109
-4396
-2218
12873
10192
2429
6909
-7518
-4960
6660
10679
7767
-7407
-10501
-3150
11463
11886
-3756
-2946
-6057
-5266
5361
10246
1211
-10436
-7367
-2816
2484
2479
-4958
-5319
-7170
-5889
-4719
-1634
611
-7227
-10364
-7067
252
2312
-2442
-4534
-3343
-2494
90
4230
3103
-936
-3486
4506
6847
10198
10600
-4214
-5253
3882
13593
7104
3970
3292
-9134
-1462
10151
10020
4001
-9823
-7960
6238
15254
5495
-5646
-414
-2409
1286
11818
7303
-5240
-11220
-1987
4023
4319
-2923
-9180
-5938
-5401
-5734
-3423
-1656
-6351
-12190
-9654
-1035
1186
-2713
-6543
-6809
-1218
-676
2790
3473
-1294
-4310
-1263
9072
5424
11090
2801
-7111
-1538
6157
13524
1975
3375
-1741
-9722
6100
9201
8509
-2259
-11901
1261
10563
14147
32
-2686
2508
-1101
7904
10906
2879
-7747
-6255
4517
4793
393
-7651
-6686
-2125
-5408
-4216
-4200
-5465
-9165
-10631
-3671
72
-2426
-6281
-8436
-2326
-121
373
4098
-258
-4356
-4860
4244
9060
661
6978
646
-4503
-1265
5059
11087
-1486
1624
-3202
-5657
7389
7327
5031
-3559
-6464
3811
11245
13374
885
-350
4004
1412
8633
10142
2805
-7108
-2327
6679
921
-1389
-6125
-4916
-4274
-5084
-4831
-6564
-7290
-9632
-7417
-2627
-1530
-6057
-6411
-5513
-1197
1861
1242
1775
-2209
-3357
-815
5862
5777
-2869
6493
3601
-3067
-3472
3576
9181
-2706
915
-1915
-5142
6807
4363
4351
-1618
-5065
4389
11753
14243
848
-1291
4655
4477
10597
9581
467
-6499
-660
5592
1918
-718
-7375
-6913
-4410
-5022
-4972
-7001
-8671
-9428
-6884
-3779
-3782
-4160
-5741
-5160
-747
2206
1778
685
-2605
-2464
2637
4055
3283
-4239
4398
8838
-3586
-5010
-3072
7355
1263
-1366
3054
-7036
-20
4169
5570
6550
-4646
942
10641
15561
5654
-2182
8570
8218
7396
7736
2288
-1815
-121
6998
1960
-2508
-6990
-8649
-1833
-3711
-7207
-9676
-7894
-7355
-8080
-5432
-2003
-4132
-5265
-5245
-1554
3712
942
472
-2115
-651
1356
887
4604
-1731
-3945
8603
2388
-5972
-8634
2335
6180
-3904
2506
-4041
-6498
4994
5274
8227
1091
-3248
7014
13208
12786
2043
5576
10563
3252
5062
6165
5047
120
-554
790
-2893
-4384
-6369
-2341
-5897
-11900
-8638
-6888
-7042
-7518
-7490
-3567
-1972
-4641
-4758
-1167
2781
1557
126
1094
-1038
431
1382
1626
1105
-5027
3464
8119
-4594
-9939
-5469
7361
1532
-1127
1240
-7216
693
5124
6731
7873
-1008
2577
9180
14559
8562
2469
8474
4044
3796
9957
7626
-502
-5095
-416
-1702
-1112
-2614
-8250
-8798
-9748
-6522
-6286
-6455
-8939
-7539
-2303
-1492
-4124
-4807
-1363
1410
2813
473
410
259
1397
1699
663
-885
-1694
-2866
4535
6377
-7678
-11032
-4323
9836
3483
-3053
-426
-5801
1550
8731
9931
7376
-3372
839
11570
16783
10621
-861
5128
7139
6028
10383
4170
-2851
-6468
422
3240
-1572
-7336
-12328
-7130
-4584
-5211
-5900
-7713
-7647
-6278
-2581
-1438
-2783
-2496
-3259
-1681
1199
840
731
-306
-1456
-3201
-1249
488
-1147
-5739
-1959
3419
-5097
-6485
-3596
4794
1825
-2127
3186
-1563
4438
7381
7638
9364
1188
5104
11851
15176
9574
2138
7580
7635
5904
6879
3410
-580
-4549
-648
-167
-4207
-9309
-9724
-4753
-5624
-5357
-6862
-8528
-7099
-4757
-1606
-5
-2796
-6483
-4443
866
2660
-233
-1189
-3653
-4019
-450
-924
-2291
-6579
-6598
-3295
8245
-163
-13087
-8646
3151
10720
631
1885
52
-1613
9689
11820
11172
3122
-1638
10819
17309
14421
2329
1448
8795
5207
7722
6176
-1490
-5193
-3479
1529
-3069
-5125
-7957
-5857
-2136
-6952
-7353
-4704
-4099
-4549
-3137
-3076
-3802
-3866
-1378
-1413
-1114
-1984
-3670
-1301
-1988
-2560
-3743
-5588
-6375
-3985
-3009
2126
1102
-10055
-7871
566
11029
4004
-1426
2165
744
9119
10961
8219
7423
1529
7411
15748
13784
6192
387
7505
7922
4987
6066
657
-3817
-5277
839
2534
-2537
-8331
-8575
-3715
-2679
-3042
-4487
-6903
-7871
-4895
-584
88
-4652
-7072
-3953
-181
-660
-2856
-4075
-3917
-3924
-2509
-2200
-4298
-6470
-4666
-1892
5435
-157
-7115
-4167
4451
10176
1027
3946
3563
1497
8551
9518
10034
5594
1821
8235
12826
11975
1506
1686
8273
3871
3139
2697
-217
-3077
-2449
845
-3462
-6174
-5981
-4181
-2449
-7209
-8403
-4707
-5125
-5250
-5210
-2987
-3305
-6579
-4878
-3612
-1793
-2575
-4288
-2620
-2750
-1791
-2531
-2955
-3733
-4671
1392
999
6181
1363
-7694
-889
7514
14604
2527
-12
4448
2723
11652
11792
8069
3833
-750
6601
13964
14050
2930
-1267
4310
3345
6087
7897
-425
-8171
-6079
3280
2733
-3916
-10858
-12163
-4273
-2141
-4424
-8106
-12030
-9606
-2863
-1108
-6437
-12365
-8632
-1006
194
-4335
-6177
-3420
-1965
-272
-961
-1864
-2158
-1520
1145
2182
7856
3482
-2890
439
6371
11094
5227
4586
6030
2519
6271
9076
8963
5633
289
7312
12737
10269
3239
374
7579
6503
4904
4026
-2325
-3610
-1482
4411
-2316
-10883
-8942
-5586
-2211
-8041
-9911
-7427
-9449
-7418
-6380
-6099
-8234
-8762
-4616
-2907
-2949
-5081
-3873
-606
-433
-2073
1156
1335
-2485
-2111
2310
3437
3910
6415
-2106
-2850
4447
11300
8144
-1714
372
1101
6843
12280
5236
1914
-240
4150
13787
13547
6374
-2010
2927
8668
7346
6943
77
-5953
-4583
3189
2033
-5795
-9634
-10920
-4783
-1753
-7340
-10647
-11710
-9100
-4676
-3198
-6703
-8523
-8238
-2746
411
-1660
-2651
-2045
1060
916
1266
2912
194
-2978
-251
3632
4670
7010
3058
-4183
-586
3642
10754
4678
-1471
1634
85
7440
9005
4690
3290
-499
6582
12743
9813
2406
-230
6626
5036
2096
2349
-1442
-3962
-2938
777
-4904
-7824
-7593
-8013
-4200
-7469
-9926
-6764
-6295
-7396
-7055
-4172
-3912
-6239
-3920
681
536
-865
-851
1400
2272
1534
1512
1838
849
-308
3070
3654
1123
4542
3369
-1588
-449
4274
9633
102
-1131
4540
1861
5921
5987
4929
4258
912
6088
10170
7871
781
-215
5386
4198
1824
-483
-2605
-5079
-2663
474
-5849
-8904
-8834
-6090
-2533
-6719
-9281
-7696
-5610
-4834
-4445
-3741
-3057
-4042
-1978
975
204
155
-925
2493
3718
2250
257
1168
1604
-859
2948
2427
1062
5176
2833
-3039
-1610
3636
9150
2053
-1397
1885
2061
6258
6303
4753
2897
-620
3307
10423
7686
435
-3260
2724
6574
2380
-887
-3848
-6023
-3127
2024
-2537
-8021
-9169
-6475
-1847
-3107
-7152
-7372
-6423
-3716
-1770
-1864
-3560
-5515
-1933
1645
2095
-177
-2845
-2069
1558
3535
2581
702
-2951
-1816
3078
2161
140
-183
4977
1126
-3904
340
5750
6784
-1299
1020
3539
2080
4932
4666
5324
2317
-1368
6833
10044
4772
-1532
1150
6624
1956
1143
849
-1950
-3147
-369
834
-2998
-5309
-5738
-2485
-851
-6569
-7156
-4817
-1966
-2491
-4944
-4573
-3721
-938
-851
-2543
-3808
-1864
907
527
-1334
-2189
-180
359
-166
-938
-1869
-1234
-667
2371
6631
-909
-5334
-1427
5287
5504
-578
1717
68
341
5607
5285
5535
-175
-2601
7189
11162
6738
-534
521
4345
5235
7627
3237
-2201
-1694
1302
4062
330
-3802
-4066
-1159
-262
-4216
-5042
-3115
-4094
-2613
-3823
-4099
-3327
-4969
-3594
-1798
-3400
-2998
-2376
-1897
-2137
-2736
-721
-2294
-2535
-1109
-1101
-1232
-2446
-341
4079
-3174
-6825
-1816
6378
4671
-4487
-962
964
2014
5314
3747
3340
-789
1120
9816
9903
6331
733
5274
9242
5630
6405
5649
2511
830
3529
5901
145
-2103
-1247
-8
103
-4966
-3738
-2750
-3340
-3777
-3673
-2978
-4962
-6334
-3371
-2556
-4430
-4026
-3557
-2636
-2429
-1225
-1057
-4847
-4380
-2040
-682
-1718
-4631
-3945
3063
-1304
-6681
-2825
2101
3631
-3243
-855
741
-164
4978
4524
5109
2391
367
7648
11675
9304
4200
5343
8513
6882
6571
6085
3900
2666
4183
3958
-991
-1526
139
499
-2179
-5594
-3464
-832
-4244
-6783
-5928
-4717
-3650
-5543
-6074
-3715
-3955
-2561
-4138
-5399
-3208
-2695
-855
-2996
-6272
-4702
-1578
-2090
-2967
-5228
7
-359
-6496
-4140
866
5034
-142
-2571
1783
2093
3548
6071
7494
6223
1913
6857
12883
11098
6050
5127
10103
9699
7010
5648
3210
2948
4038
6061
1956
-3343
-3232
-1082
743
-2420
-6899
-6537
-5827
-4901
-3893
-6130
-7333
-8915
-5961
-2015
-5036
-6558
-5459
-4809
-4109
-3055
-866
-2578
-6220
-5791
-2351
33
-2029
-4926
-4221
4779
2451
-5338
-3366
804
7242
3992
2808
2615
-474
5667
9819
9842
4696
452
7684
13987
11895
5118
3696
7188
8842
9964
6792
78
-961
4426
7205
942
-5320
-4272
-2153
-749
-2999
-7358
-8298
-7588
-5545
-4581
-8050
-9613
-8041
-5869
-4543
-6516
-4434
-5599
-7247
-4799
-2140
-430
-3129
-4509
-3736
-986
-1267
-1393
-729
-1176
3884
1338
-1771
-888
2257
8146
3178
2673
2642
2774
8498
7092
5708
5147
4050
9764
11303
9284
4918
4838
9286
8720
7705
2435
727
2859
4298
4166
-3077
-4745
-3463
-3361
-3055
-7213
-9167
-9308
-9046
-5274
-7694
-9241
-8992
-9750
-5595
-4194
-4938
-5008
-5529
-4225
-1379
-282
-1973
-2239
-684
674
264
-1502
-835
-263
110
3844
4550
-2431
-2803
1477
9335
5363
-2297
3054
4163
6183
6378
4839
6481
4015
6313
12645
10543
4587
3766
8942
10837
6464
2904
2779
3270
1333
2205
-498
-4430
-5536
-5826
-3895
-5698
-9211
-10469
-9939
-6736
-4609
-8227
-8932
-8502
-5234
-1557
-3571
-6478
-4296
-1252
73
-1380
-3155
-1217
176
-19
-21
-681
-1226
-351
-244
1293
4783
1800
-3292
-1817
4298
9298
1414
-859
3706
4313
8801
7094
4186
5437
3612
8828
12841
8615
4232
3329
8161
8379
5457
2444
-253
-787
462
2205
-3111
-7009
-6757
-4921
-2335
-6894
-8791
-8403
-7779
-4214
-4571
-5808
-6174
-6279
-4924
-2224
-3217
-4079
-2818
-2715
-2091
-1767
-558
-1044
-1495
473
503
-1695
-2061
-175
565
-124
3978
1995
-3129
-1080
2776
8529
223
-2377
3688
3864
6371
3546
4111
6988
1984
5920
10848
9013
4329
1990
6666
7251
6278
3589
202
-1113
542
4279
-117
-4590
-6187
-4587
449
-2426
-7580
-9278
-7213
-3607
-2945
-5377
-7998
-7590
-4796
-2111
-2562
-5023
-5540
-4301
-5
-151
-1284
-1826
-2336
763
1987
242
-385
-1013
278
1098
1382
4283
-1213
-4297
-1910
4774
7933
-2615
-1735
2915
2370
5485
3804
4738
3499
2348
8666
10682
8426
2096
2934
10596
8465
4792
2045
1911
2228
2589
3525
-2577
-4351
-3988
-3498
-2243
-5697
-7340
-7793
-7685
-5183
-5490
-6347
-7847
-8360
-5343
-2533
-3130
-4276
-4627
-3149
-477
-82
548
-427
-1207
1481
1212
-121
-7
-542
1040
-140
-438
5272
-25
-3690
-1718
3115
7144
-1209
298
3106
2355
5842
5822
7699
4461
1355
9370
13347
8897
2946
4909
8467
7212
6412
3251
266
-55
1978
2889
-2722
-6448
-5843
-3966
-3650
-7870
-9460
-8450
-8597
-5885
-6078
-9182
-9126
-7861
-3733
-2480
-5679
-5546
-4316
-2280
238
-510
-967
-1517
711
3067
1715
427
-312
828
2688
2655
-1095
3018
3021
-1607
1615
2321
6740
1404
-978
5882
4839
6106
4086
4466
8613
5004
6292
8644
7631
7650
5333
6272
4465
4510
4133
667
-483
-2363
-432
-2466
-5477
-6128
-8031
-6728
-7696
-8209
-8427
-10970
-9084
-7893
-8660
-8276
-7471
-6909
-4457
-4420
-3270
-2381
-2654
679
1410
1031
1627
1585
3402
3183
1335
3367
2925
3014
2173
738
1622
6472
5537
-1489
-860
2890
9316
3938
1122
4524
3178
6686
6895
6996
7595
2649
5139
10411
8845
3927
1461
4359
4507
2693
-426
-3119
-2878
-3098
-2839
-6395
-9900
-9188
-8353
-5664
-9024
-12506
-11194
-9072
-5172
-6737
-8710
-6526
-3595
-1718
-1280
-1476
-1070
694
1871
2874
1653
1822
2868
4696
5053
3079
2451
4122
4540
3253
1585
2278
2433
4990
6769
-656
-89
2695
9090
5642
-2391
3167
4386
5783
4934
1403
3797
1346
1752
5875
3985
784
-2924
-98
1036
-723
-1164
-4925
-5553
-6461
-4343
-4419
-8245
-8036
-8403
-5108
-4688
-8038
-7315
-7370
-3136
-1992
-4872
-4527
-3109
184
398
232
-718
-144
2558
4312
4617
3258
2437
4949
6960
6562
3963
3285
5789
5194
5921
3645
2962
2098
4481
8710
-845
-3502
-2165
5260
5262
-5028
-2479
-2945
-805
1674
-616
1164
-5114
-5643
2715
3794
355
-5484
-2820
1291
814
654
-3692
-3784
-4119
-639
1134
-5192
-7296
-6033
-1148
133
-5745
-7166
-5318
-2318
542
-2136
-2953
-2252
724
3849
3284
2360
2297
2587
6112
7416
5964
5398
4232
5401
6847
5977
4496
1773
1598
2955
343
-618
-3598
-3238
2985
-3644
-7057
-5734
-1858
-236
-8013
-3862
-1949
-3048
-997
-2080
1007
-444
-2015
3075
4046
1783
-1110
1787
4106
1309
763
-1310
-858
-400
-281
447
-3585
-4209
-3011
-248
2272
-2578
-4476
-2144
997
3884
2593
45
855
3312
5339
5723
3644
1975
2117
5410
6332
2628
-284
-240
2176
2386
-681
-1866
-1925
-2297
-3517
-3866
-3100
-4098
-6685
-2686
-847
-6386
-6435
-3801
2068
-2396
-6274
-175
-930
-652
-111
586
3194
-2725
-1196
6082
4263
1199
-972
2283
4573
3818
2346
-451
410
1640
4187
2801
-1005
47
1989
3875
1859
-1153
1457
1368
2433
2710
36
198
1215
1469
878
-646
-1764
280
-872
-545
-2125
-3945
-1592
-1708
-1453
-2808
-4193
-2504
-1637
-2177
-4384
-4939
-3238
-1962
-3377
311
-3103
-7154
-3518
-730
2178
-4228
-3328
1329
-628
1871
2804
3182
2255
-1578
5858
10882
6457
1395
2354
9011
8440
5726
2224
1487
4005
4223
5063
711
-2116
113
1296
2558
-572
-3746
-1554
-1195
450
-1560
-4069
-2522
-1888
-2200
-1875
-3464
-2888
-2770
-4167
-1607
-2617
-3327
-4143
-3628
-1074
-1926
-3536
-3485
-3799
-2143
-1210
-1909
-4163
-5134
-2613
5735
2241
-6355
-5405
472
10291
3082
-2090
930
2151
7783
7750
5953
2959
165
7271
11037
7170
1779
1291
5595
5575
4606
1890
561
712
-279
3143
1204
-1867
-1920
-1798
610
-953
-3457
-2940
-3838
-1994
-2218
-4781
-4320
-4497
-3811
-3855
-4971
-5070
-4535
-4647
-3860
-4255
-3767
-2703
-3003
-2054
-1210
-1370
-275
-182
505
1183
1227
811
1218
1313
5485
6033
-784
798
2988
8096
4731
-1547
3551
3465
4238
4330
2549
3872
-142
2264
6838
3710
773
374
4471
3944
1049
351
-665
1952
-160
-343
-1363
-4647
-1835
-1224
-1461
-3820
-6280
-3752
-4006
-3717
-4024
-6091
-5363
-4193
-3273
-3545
-4969
-5113
-3473
-2273
-556
-1389
-2058
-1265
39
2004
2223
1239
1623
2398
3080
4218
3378
3662
1233
1901
3694
7606
3121
-3319
-6
4211
8070
-149
-2268
1832
1416
3563
1570
1120
550
-3068
2767
4619
935
-2211
-1536
1808
982
1081
-1926
-2788
-1186
-156
1870
-2775
-4155
-2880
-590
1001
-3219
-4410
-4058
-2056
-375
-2404
-4351
-4022
-2548
-1152
-1815
-3179
-2704
-1848
-980
393
161
-350
244
1992
3742
3238
3005
3888
3944
5106
4822
4174
3287
1847
3325
2986
4893
1240
-2922
-652
545
2738
-3568
-3837
-763
-3734
-1691
-2164
-1422
-1824
-4893
214
2462
420
-1544
-2121
2040
2323
1952
598
-832
483
2318
4047
-1143
-2710
-86
1887
1669
-2723
-3759
-2123
-1181
-129
-2026
-4393
-3639
-2210
18
-365
-2914
-2052
118
2409
3187
848
740
2547
4457
5527
3873
1727
2418
3655
3910
2637
-722
-1005
-599
-1051
-1271
-2895
-682
-4148
-5560
-3978
-2140
-1191
-6317
-3616
-2647
-3368
-600
-1325
-341
-2316
-1879
3546
3898
1694
-176
2038
5657
4606
2540
1373
1784
3621
4070
2303
-903
-461
1293
1936
686
-1812
-2763
-1135
1078
740
-1350
-3424
-1181
1295
1532
5
-2198
-285
954
2507
2228
-1388
-755
524
2488
2059
-420
-328
-770
279
1047
-653
-1881
-2972
-3029
-2193
-2348
-3466
-975
-5025
-6428
-3627
-507
-340
-7323
-4062
-11
-85
225
-876
1333
1008
1013
5423
5757
3647
2622
5269
6842
4510
3968
3800
3699
3236
3319
3370
1011
-73
274
1362
176
-1152
-1579
-1508
-1792
-1114
-982
-2961
-2364
-1588
-344
-670
-2692
-1856
-799
154
333
-951
-652
-779
12
518
-1523
-1635
-474
-1344
-1904
-2661
-2083
-2812
-3513
-3880
-2692
-3444
-3491
-1255
-4007
-2810
-3057
1357
1423
-2961
1774
1663
2808
3723
2966
5978
3535
4208
6890
6556
6110
3106
4699
5957
4363
3912
1811
2037
1044
1537
2197
-973
-1159
-1188
-563
64
-1973
-2787
-3040
-1938
-29
-2338
-3733
-3127
-1839
-933
-2790
-4012
-3042
-1551
-636
-2439
-3520
-3243
-2130
-977
-1855
-2956
-3247
-2179
-1499
-823
-2382
-2877
-2454
-1198
489
-886
-2551
-2538
3239
2535
-309
-782
1159
5036
2532
3109
2393
1266
4495
5562
6268
2270
109
5731
7089
4514
1373
1834
4685
3176
2842
909
511
666
508
1553
-1513
-1809
-818
-703
-1861
-3260
-2086
-2175
-2984
-2419
-3176
-3048
-3132
-2734
-2628
-2911
-3363
-3120
-2702
-3164
-2367
-2268
-2412
-2554
-2037
-831
-721
-1336
-421
136
974
388
202
722
978
1584
627
669
962
1439
4437
1974
-574
525
2167
5719
1207
72
1977
1360
3965
2481
2734
1428
-191
3915
4398
2464
197
1035
3353
2327
1586
191
-428
404
1045
1524
-1465
-2206
-1665
-1391
-1139
-2533
-3100
-3284
-4063
-2818
-1720
-3849
-4531
-3945
-3134
-2149
-2982
-3252
-2962
-2457
-491
-1015
-1310
-1169
-797
1027
1378
320
10
679
2812
2678
1456
-179
-19
2482
3420
771
-1426
-594
3959
3769
-845
-854
695
5682
2455
-105
1562
591
2804
3475
3470
1605
-1798
2261
4516
3350
337
-357
1784
1175
1420
538
-521
-1854
-1517
1393
-656
-3022
-4057
-2581
-615
-2556
-3496
-4250
-3495
-2368
-2263
-2712
-4303
-3219
-2445
-1694
-1595
-2270
-2189
-2541
-148
998
327
-812
-1265
1266
2797
2365
1749
1398
1979
3450
3904
3187
2043
2204
3275
3502
2282
1092
629
2572
2646
-593
-309
-1382
996
-36
-1343
-78
-1576
-897
-758
381
374
-2558
-611
1234
721
207
-743
374
285
-57
-38
-1001
-1458
-1534
-239
-934
-3104
-2762
-2276
-1409
-1838
-3115
-3040
-2919
-1665
-655
-1590
-1814
-1250
-224
437
568
875
1533
1602
1766
2404
3297
3181
2732
3391
3850
3323
2828
3152
2512
2300
2244
2446
1346
55
-152
118
260
-1617
-2452
-1319
46
-2326
-3698
-3502
-630
-270
-3642
-2875
-2812
-1672
-135
-1359
-1248
-3072
-1764
1250
1005
-1051
-2818
-467
1147
1007
65
-1179
-455
68
1242
1817
-90
111
680
1567
1985
993
1213
1334
876
1998
1742
1274
1254
675
1816
2444
1479
1128
979
1965
2325
1162
806
940
1685
1498
699
-130
-86
578
720
-810
-2522
-2910
-1638
-892
-2300
-4478
-4812
-3562
-3015
-3445
-3483
-4656
-6010
-3312
-2032
-1110
-3833
-5093
-774
193
274
-1067
-316
1290
694
3143
4201
2583
2379
2994
4604
4624
3779
3512
2945
3183
3847
4619
2789
941
1629
3110
3445
1461
258
562
1249
2129
1576
-376
-870
378
882
328
-1152
-2059
-1293
-1516
-1233
-1873
-3728
-3059
-3069
-2359
-2887
-4323
-3729
-3579
-3340
-3229
-3504
-3346
-3159
-2580
-2238
-2186
-2207
-1976
-1100
-730
-1145
-14
111
-828
-387
-139
2096
977
971
1933
1202
2503
3393
4369
3387
1429
3831
6026
5716
3714
2640
4140
4971
5318
3902
2131
1934
2977
4153
1789
-476
-209
692
685
-501
-1629
-2298
-2277
-1764
-1920
-3650
-4484
-3889
-2753
-3093
-4321
-4330
-3546
-3788
-3113
-2679
-2908
-3229
-2623
-1263
-1039
-1382
-1272
-865
-372
224
601
288
61
85
1267
1771
351
422
598
1081
1678
2024
1785
230
441
2494
3343
1593
246
1935
2865
2566
2163
2063
2284
1222
2137
3553
2299
1443
1268
1611
2243
1237
1165
218
-418
433
1027
-318
-2679
-1715
-264
-767
-2402
-3124
-2282
-2433
-2453
-2722
-3836
-3863
-2789
-1988
-2963
-3695
-2863
-1412
-1732
-1936
-1358
-939
-501
-234
941
1327
720
632
1179
2621
2079
1701
1382
795
2011
2299
1333
-584
-585
1183
1107
288
-1459
-689
417
-301
-465
-948
261
-130
407
1085
358
1265
1647
2099
2178
1835
2677
2818
2745
2311
2365
1814
1106
1556
1302
542
-948
-702
-7
-1294
-2057
-2765
-2627
-2107
-2590
-3297
-3732
-2430
-1897
-2499
-3326
-2739
-668
-787
-1579
-1689
-531
819
162
133
-117
-224
961
1181
610
-389
-327
478
1093
400
-475
-179
324
373
358
230
-149
-92
590
1096
666
231
810
2100
1434
234
409
2529
2114
802
1382
1089
1734
1635
1566
1776
583
977
1878
2166
386
-607
844
795
57
-808
-1003
-1237
-1350
-211
-1523
-2545
-2426
-2189
-985
-1805
-2353
-2633
-2278
-860
-787
-1545
-2699
-1537
12
364
-512
-1742
-582
829
1379
647
-754
-187
1898
2586
1502
-33
891
2736
2746
1691
516
779
1729
2178
1515
540
-196
87
737
637
-281
-866
-729
-681
-679
-465
-181
-1084
-1087
152
471
-58
-285
135
695
70
291
664
261
-160
-257
-137
-170
-748
-1028
-914
-1247
-1197
-810
-1335
-1995
-1350
-467
-370
-1039
-1313
-584
143
570
385
-212
-111
839
1327
1038
585
534
974
1176
1463
925
37
202
823
1324
751
-358
-517
-49
500
-98
-582
-1042
-1060
-515
-500
-997
-1800
-1521
-468
-1344
-1533
-1002
-1333
-870
-1309
-576
-551
-908
-39
-74
-33
42
1258
2197
863
404
1847
3324
2435
1022
1670
2229
2705
2353
830
808
964
2026
1595
-512
-387
657
1215
885
-617
-597
140
125
-437
-898
-724
-841
-1028
-948
-1031
-1082
-1382
-1797
-1074
-487
-969
-1903
-1539
-816
-371
-731
-1126
-1139
-656
-146
-611
-1142
-1429
-661
-722
-726
-747
-1299
-903
-707
9
644
-557
-489
216
1620
1884
408
912
1485
2405
2798
2291
1740
1746
3087
3964
2966
1748
1690
2747
2677
2119
1411
607
821
682
1109
-126
-1493
-1190
-810
-866
-1965
-2785
-2363
-2537
-2858
-2708
-2594
-3043
-3440
-2834
-2364
-1615
-2250
-2709
-2303
-1616
-264
-242
-984
-984
-197
1331
1150
-124
-320
287
1398
985
199
-370
-404
195
520
123
-626
-469
604
1092
113
-443
14
1638
1662
1009
1546
1697
2410
3008
3282
3041
2030
2957
3865
3568
2584
1913
2484
2101
1495
704
-328
-410
-1254
-1056
-1680
-2898
-2996
-3383
-2960
-3452
-3385
-3150
-3538
-2515
-1614
-1714
-1790
-1787
-927
-42
169
74
-276
167
432
810
689
227
393
680
536
-112
-160
-37
165
-18
-243
-331
-284
-79
113
215
-134
130
421
602
734
616
922
1062
1784
1505
978
1570
1533
1584
1204
1478
1950
1093
1166
1398
1651
1272
572
518
393
298
342
-94
-520
-797
-449
-680
-1335
-1922
-1469
-880
-1357
-1664
-1660
-1399
-1181
-1202
-1796
-1645
-1206
-700
-710
-1144
-1242
-282
-66
93
-59
-134
-78
363
883
565
705
474
449
714
940
687
314
-178
-407
214
553
-487
-1244
-1371
23
312
-819
-1385
-1436
405
735
80
-4
-199
895
1858
2081
1303
596
1887
2675
2522
1470
1138
1719
1424
1227
805
141
-359
-627
-244
-808
-1597
-1593
-1735
-1567
-1209
-1517
-1470
-1531
-1337
-710
-773
-701
-503
-328
-208
-139
360
136
-414
36
336
578
177
67
-257
-332
158
-71
-387
-826
-1033
-220
-382
-800
-1168
-1219
-581
-985
-882
-797
-613
-302
-641
-291
-115
487
525
385
989
821
1184
1635
1881
2042
1652
2096
2816
2935
2466
1731
1730
2234
2213
1766
877
463
740
856
491
-325
-569
-650
-457
-535
-730
-969
-1265
-1165
-897
-897
-1204
-1333
-1362
-693
-352
-759
-1403
-1155
-872
-719
-1040
-1125
-1247
-1330
-790
-828
-1075
-1863
-1795
-1103
-1155
-1502
-1572
-1648
-1409
-1231
-741
-635
-1200
-904
335
894
477
235
889
1840
1954
1859
2154
2263
2309
2601
3049
2941
2517
2398
2463
2551
2673
2434
1596
1118
1246
1253
1153
627
-36
-179
-227
-129
-45
-876
-1278
-1220
-870
-969
-1800
-1870
-1892
-1958
-2057
-2128
-2311
-2789
-2827
-2519
-2276
-2375
-2622
-1988
-2030
-1756
-1530
-1252
-833
-901
-127
196
-71
-153
310
1139
888
236
590
1282
1373
1059
824
797
1204
1488
1418
1205
1655
1710
1839
1955
1570
2130
2552
2446
2068
1920
2876
2913
2566
2186
1887
2007
1305
1312
1067
276
-326
-916
-774
-1190
-1815
-2222
-2850
-2887
-2916
-2843
-3233
-4024
-3721
-2694
-2481
-2812
-3002
-2408
-1676
-1360
-1167
-1259
-1099
-439
321
226
236
82
535
1186
1144
810
234
872
1391
1227
1016
490
886
1230
1047
1024
609
911
1066
1425
1465
931
1158
1559
1945
1661
1529
1720
1140
977
1208
1299
970
263
268
524
461
-84
-426
-787
-1113
-1247
-1097
-1282
-1720
-2115
-1960
-1802
-1840
-1824
-2042
-1775
-1704
-1353
-1194
-1098
-1134
-946
-625
-209
-51
-111
-86
196
729
1030
895
476
712
1113
1717
1466
947
1110
1490
1789
1426
1166
1264
1140
980
933
613
359
131
-42
-242
-330
-534
-165
152
-617
-1104
-1141
-411
-95
-860
-936
-793
-765
-625
-466
-196
-652
-861
-295
161
-118
-484
-333
-108
26
79
310
42
-237
92
413
326
-104
-123
173
257
503
431
43
-144
293
797
753
388
-168
226
796
1057
724
-97
-138
591
1051
811
-207
-480
509
826
122
-629
-870
-419
147
-362
-1115
-1119
-818
-687
-959
-1183
-1637
-1786
-1397
-1140
-1194
-1691
-1988
-1285
-914
-763
-1116
-1041
-344
-227
409
378
186
537
1161
1469
1162
1259
1650
2084
2060
1689
1566
1934
2086
1623
1271
1211
1504
1416
739
588
714
949
747
320
330
326
479
437
519
291
-48
41
414
608
284
-123
-92
-71
-168
-564
-1189
-1183
-962
-1222
-1780
-2202
-2093
-1867
-1714
-2152
-2725
-2582
-1875
-1642
-2077
-2551
-2312
-1441
-1169
-1258
-1139
-858
-549
-279
78
537
804
954
1257
1476
1559
2410
2752
2364
2309
2563
3340
3281
2568
2136
2043
2700
2844
2054
952
748
1512
1657
636
-468
-416
-118
-270
-529
-1418
-1763
-1579
-1386
-1382
-1824
-2289
-2435
-2029
-1778
-1864
-2270
-2282
-1722
-1492
-1562
-1840
-1678
-1056
-949
-1107
-996
-836
-447
-274
-78
-174
-369
-89
280
514
332
806
992
830
838
1022
1765
1608
1305
1642
2100
2213
1952
1788
1973
2301
2520
2355
1789
1836
1999
1945
1589
1171
550
554
668
299
-122
-901
-1108
-947
-1337
-1622
-2097
-2206
-2151
-2411
-2337
-2040
-2246
-2307
-2448
-2226
-1937
-1724
-1623
-1816
-1735
-1326
-753
-844
-1111
-741
-142
237
134
135
399
713
1116
1029
801
835
1415
1485
1135
1063
1157
1231
1487
1300
1110
908
1397
1664
1219
1307
1169
1314
1465
1279
1354
1551
1568
1291
1068
1060
882
831
475
-36
-21
-201
-146
-754
-1613
-1494
-1248
-1419
-2217
-2753
-2362
-2303
-2402
-2202
-2411
-2434
-2045
-1735
-1631
-1631
-1310
-709
-669
-521
-75
344
409
348
719
949
782
682
876
1101
1036
976
927
831
761
689
872
712
331
439
999
1418
833
49
341
1373
1530
1113
445
581
1157
1369
1331
250
77
796
925
454
-131
-216
-9
49
-148
-466
-456
-462
-669
-735
-735
-544
-899
-1022
-1164
-1095
-825
-756
-881
-1173
-979
-576
-443
-610
-553
-340
-113
-31
267
227
62
271
405
354
397
456
15
32
448
440
-2
-155
138
255
-160
-160
-279
-240
7
-182
-76
-277
-422
-26
-27
-344
-333
-404
-147
-232
-464
-267
-180
-209
-227
249
205
-408
-234
558
706
215
285
494
516
706
704
627
565
458
605
691
563
360
418
482
443
223
223
288
46
-270
-146
165
16
-284
-2
93
-258
-309
-118
-149
-474
-390
-450
-374
-376
-431
-584
-671
-519
-538
-620
-652
-446
-550
-595
-597
-672
-771
-573
-425
-724
-848
-440
-316
-496
-480
-227
-167
-255
-41
-137
4
449
720
454
582
1202
1329
989
1066
1530
1660
1422
1388
1630
1546
1530
1516
1431
1069
690
795
1058
707
-211
-649
-96
135
-369
-897
-719
-674
-1022
-654
-385
-347
-778
-833
-184
-177
-361
-248
-210
-383
-391
-86
-130
-394
-382
-400
-424
-378
-341
-556
-495
-341
-448
-413
-599
-471
-579
-529
-341
-614
-622
-460
-207
-255
-394
-164
-57
-52
-4
130
317
604
976
563
396
897
1118
978
830
710
495
386
765
571
146
-197
-312
-77
-20
-228
-645
-806
-705
-589
-848
-791
-774
-795
-432
-52
-371
-799
-208
280
-45
-231
99
369
195
297
410
71
174
340
481
389
-37
119
360
371
-59
-22
143
-165
-207
-189
139
-137
-559
-220
-84
-27
-501
-265
287
-160
-68
178
312
33
51
477
353
212
191
443
306
-3
120
151
253
55
-208
154
399
25
-415
-310
176
-95
-367
-161
18
19
125
46
8
450
483
268
127
251
545
573
510
380
66
351
847
485
129
278
326
360
378
385
151
-32
252
73
-201
-63
-112
-459
-787
-324
-405
-821
-759
-452
-559
-1130
-860
-378
-282
-485
-831
-644
-192
-31
-78
-325
-152
41
109
310
226
-164
40
505
581
256
290
531
146
124
455
318
161
123
114
30
158
355
216
50
-145
134
472
419
230
32
14
456
450
55
44
153
151
232
363
-18
-508
-407
-103
-171
-430
-527
-599
-626
-524
-608
-602
-740
-1071
-1041
-782
-454
-646
-938
-887
-891
-493
-176
-245
-686
-601
165
506
190
-71
233
389
250
503
792
860
656
511
933
854
752
830
786
745
441
544
880
669
342
107
438
840
318
-1
69
349
352
380
383
111
138
260
503
379
-138
-357
-236
116
-139
-636
-524
-587
-719
-895
-795
-822
-1273
-1108
-754
-729
-1230
-1404
-876
-559
-526
-666
-663
-220
60
350
316
-61
216
765
869
746
685
841
845
894
1030
818
567
528
629
488
197
372
727
798
323
-182
37
676
777
347
4
-149
166
500
461
44
-158
-223
-55
47
-219
-537
-853
-736
-453
-602
-769
-1027
-1174
-868
-696
-830
-1116
-1033
-451
-380
-550
-477
-333
-118
151
194
38
229
609
817
739
403
390
639
855
757
515
436
389
222
287
391
133
-87
-112
242
340
-11
111
112
63
231
283
337
60
10
292
317
282
-39
-379
-108
147
139
-311
-439
-478
-615
-566
-437
-424
-677
-908
-734
-382
-259
-688
-788
-221
183
-196
-477
24
382
182
-50
107
321
213
98
489
555
293
-142
12
387
616
181
-165
-25
166
373
387
378
-39
-317
2
448
357
-326
-647
-215
230
207
-433
-766
-426
120
-41
-423
-489
-526
-411
-220
-140
-358
-462
-432
-240
-87
-157
-326
-85
265
145
-295
-157
135
211
124
-96
88
137
431
355
222
174
232
584
623
789
665
684
984
1055
1120
1110
845
892
991
1240
1118
673
451
602
875
644
308
-320
-161
153
-13
-327
-557
-595
-540
-624
-594
-679
-833
-844
-1003
-995
-889
-707
-597
-585
-699
-819
-621
-358
-181
-426
-715
-553
-385
-184
-156
-234
-396
-581
-340
-105
142
144
-201
-234
-17
243
311
346
307
200
297
587
718
620
587
658
760
774
742
676
726
607
480
385
262
338
200
7
21
-95
-274
-149
-291
-613
-697
-369
-240
-499
-788
-780
-499
-495
-796
-899
-592
-456
-661
-905
-721
-462
-457
-608
-641
-384
-133
-271
-325
-169
-143
-195
-232
-122
19
47
21
33
-46
51
271
364
221
-37
142
494
427
347
376
436
569
639
712
726
771
752
781
847
789
930
1160
1050
864
775
783
846
733
421
181
137
181
241
179
-8
-304
-284
-82
110
-108
-502
-438
-131
24
-210
-356
-329
-370
-288
-191
-108
-315
-699
-653
-398
-346
-654
-847
-869
-717
-703
-706
-710
-698
-571
-310
-344
-542
-290
-60
77
12
129
266
231
382
596
693
567
337
474
675
815
601
374
483
620
549
429
433
485
449
459
459
297
247
312
416
255
132
-16
-82
-49
-55
-238
-286
-212
-242
-385
-546
-442
-379
-527
-793
-1140
-1035
-593
-431
-870
-1434
-1352
-832
-490
-790
-1098
-1114
-807
-442
-305
-340
-397
-255
-47
0
-263
-230
211
575
525
111
18
388
857
978
727
395
425
569
971
1002
690
578
453
502
769
967
873
668
591
714
772
765
674
611
607
597
348
164
180
276
406
164
-333
-515
-381
-170
-292
-672
-1004
-831
-424
-360
-533
-804
-763
-703
-611
-575
-670
-734
-732
-574
-502
-574
-579
-429
-318
-340
-407
-231
-59
7
156
130
92
12
247
477
360
238
320
450
476
333
313
456
500
526
490
458
492
556
702
751
535
502
754
826
758
543
353
513
496
377
289
126
79
93
19
-145
-152
-230
-243
-254
-423
-628
-630
-419
-391
-550
-805
-832
-648
-448
-512
-634
-724
-749
-766
-647
-487
-584
-754
-753
-673
-615
-539
-496
-295
-269
-292
-214
-86
5
-20
207
231
179
330
455
517
474
605
684
608
594
644
980
1025
851
556
483
668
725
654
458
351
431
460
441
355
231
288
278
153
-12
-57
20
78
26
-151
-335
-272
-101
3
-286
-546
-590
-482
-340
-546
-807
-755
-568
-592
-761
-747
-525
-506
-481
-569
-601
-454
-339
-365
-454
-323
-127
-9
-6
-48
98
131
148
217
216
334
345
366
412
383
418
453
326
344
453
372
314
383
577
525
316
312
508
531
385
294
143
177
240
237
225
-1
-116
16
-7
-43
-266
-301
-216
-44
-51
-301
-347
-281
-142
-202
-238
-320
-359
-114
-131
-201
-253
-301
-135
-107
-221
-267
-230
-216
-250
-328
-339
-318
-317
-199
-196
-260
-258
-210
-135
-109
-74
39
-28
-79
-55
112
308
125
49
151
345
429
321
249
214
219
197
161
177
307
439
335
264
139
218
387
321
232
87
61
333
462
488
370
337
555
667
564
295
276
343
492
572
326
64
-8
234
219
-158
-303
-168
-40
-159
-438
-598
-581
-428
-446
-610
-699
-617
-537
-588
-657
-669
-497
-412
-538
-675
-622
-567
-498
-392
-320
-342
-246
-173
-194
-289
-185
-123
-123
-213
-146
35
55
-52
-38
175
328
274
275
259
322
430
326
425
540
584
589
713
784
759
773
828
791
644
611
677
783
585
382
228
319
263
121
-29
-306
-316
-147
-273
-477
-738
-764
-542
-515
-648
-911
-818
-774
-706
-677
-886
-960
-729
-399
-382
-569
-636
-460
-244
-304
-449
-417
-263
-95
-76
-195
-104
60
44
3
-85
47
159
94
252
348
432
457
568
746
838
854
810
875
939
980
1158
1153
984
916
1058
1204
1108
923
703
664
654
501
292
86
1
-50
-173
-411
-557
-528
-532
-670
-845
-884
-877
-969
-1072
-1101
-959
-1032
-1096
-969
-883
-806
-809
-758
-639
-600
-686
-616
-453
-421
-505
-316
-242
-219
-89
-34
-25
1
203
285
379
454
507
617
678
728
768
925
942
867
1023
1101
1184
1069
922
1033
1037
1023
882
810
800
721
609
429
403
265
122
-28
-247
-271
-335
-415
-461
-540
-634
-763
-831
-816
-823
-917
-969
-871
-812
-895
-1058
-1049
-971
-907
-861
-923
-869
-840
-723
-572
-539
-588
-423
-272
-174
-49
67
155
243
228
370
626
700
591
504
741
872
808
731
692
684
775
793
744
636
659
801
861
762
694
741
673
546
402
415
426
415
323
110
170
96
7
-154
-328
-359
-323
-425
-640
-738
-743
-797
-855
-912
-982
-960
-947
-973
-1016
-949
-768
-744
-823
-867
-691
-407
-324
-387
-473
-351
-131
2
-1
-120
-55
161
210
237
228
192
153
189
299
428
495
454
478
539
567
570
575
565
614
706
628
558
636
637
711
699
582
546
575
642
615
521
486
361
404
421
373
228
168
302
201
32
-99
-56
6
-260
-418
-395
-356
-396
-452
-431
-481
-493
-443
-452
-562
-707
-592
-366
-456
-596
-459
-226
-267
-369
-462
-429
-367
-341
-258
-326
-419
-413
-259
-177
-233
-257
-313
-176
-54
-23
-48
-129
-140
-9
100
84
94
94
244
283
408
493
430
396
558
593
651
606
608
552
496
617
591
556
362
244
258
261
193
101
-49
-110
-23
5
-178
-344
-268
-131
-111
-250
-285
-229
-216
-260
-374
-416
-410
-380
-300
-414
-578
-554
-374
-357
-618
-773
-723
-597
-474
-472
-594
-634
-435
-232
-193
-216
-222
-132
111
262
122
10
180
358
432
414
410
460
584
675
628
550
561
673
713
690
527
466
618
735
624
462
440
524
488
419
374
388
371
285
271
213
134
148
192
177
13
-151
-179
-194
-258
-271
-240
-284
-413
-465
-430
-400
-581
-682
-727
-650
-626
-653
-656
-718
-589
-440
-414
-447
-439
-211
-126
-50
48
65
109
210
372
329
216
249
307
385
343
343
472
476
444
305
287
246
253
359
384
335
266
301
253
361
389
361
296
259
329
263
183
93
67
115
48
-31
-141
-160
-146
-209
-262
-382
-558
-630
-632
-626
-776
-866
-779
-757
-724
-742
-656
-597
-520
-450
-515
-439
-414
-379
-261
-156
-91
-89
-109
-38
34
30
35
-29
99
143
171
150
203
268
164
189
206
260
390
356
409
442
534
633
592
530
549
660
687
531
344
415
540
379
167
79
68
52
-88
-130
-123
-155
-242
-190
-184
-199
-224
-338
-348
-329
-309
-361
-419
-305
-206
-179
-159
-232
-230
-131
-88
-175
-308
-320
-243
-128
-116
-139
-197
-100
16
62
59
56
120
193
241
268
331
414
505
519
501
547
506
531
555
510
469
551
623
504
390
351
348
279
261
266
173
65
126
139
6
-127
-196
-86
-96
-180
-237
-278
-294
-299
-285
-248
-311
-396
-402
-317
-399
-541
-570
-519
-407
-373
-448
-537
-639
-581
-388
-383
-540
-551
-384
-146
-138
-255
-297
-161
113
135
28
-103
-109
39
221
190
30
-22
66
250
321
257
135
152
287
372
299
230
244
364
571
531
313
219
314
466
486
374
240
244
287
198
63
53
87
116
116
149
124
66
10
-15
-15
53
2
-72
-12
-22
-101
-261
-318
-259
-270
-360
-499
-622
-450
-361
-316
-409
-539
-420
-294
-230
-399
-460
-414
-331
-213
-321
-427
-398
-328
-149
-134
-206
-251
-231
-16
123
181
145
99
251
388
403
291
282
422
588
668
604
572
520
624
675
608
494
478
635
768
724
490
430
439
518
544
451
259
263
371
398
322
115
-26
-5
117
117
-44
-286
-352
-294
-259
-418
-578
-640
-508
-420
-583
-774
-790
-749
-692
-757
-870
-865
-827
-784
-679
-806
-850
-713
-577
-435
-510
-425
-303
-137
-5
18
-20
78
256
362
426
463
441
424
461
478
575
561
600
656
615
612
677
696
649
648
699
734
658
478
482
490
399
408
375
335
324
336
275
147
19
-7
-108
-239
-396
-400
-383
-429
-567
-676
-711
-669
-654
-745
-806
-743
-699
-716
-689
-697
-542
-465
-447
-393
-369
-319
-337
-323
-253
-170
-117
-67
-62
-70
23
110
225
262
198
237
392
422
348
376
490
650
727
729
584
528
531
596
501
434
432
427
443
445
316
196
196
216
164
-45
-73
-100
-107
-211
-386
-465
-408
-363
-334
-386
-436
-399
-410
-464
-523
-506
-485
-474
-440
-309
-249
-389
-358
-298
-340
-345
-288
-223
-183
-135
12
55
14
14
171
244
183
144
232
387
451
487
471
426
424
426
425
486
466
540
530
462
377
391
439
356
296
315
368
325
225
129
118
117
142
95
6
3
30
27
-123
-213
-183
-162
-239
-270
-242
-301
-320
-302
-287
-311
-318
-297
-271
-127
-173
-179
-94
-29
36
6
-25
-74
-7
-5
-51
-60
0
35
51
-44
-67
-46
-83
-62
-28
6
-15
-7
3
-26
-38
25
190
119
37
105
213
280
196
81
41
125
182
105
-5
-129
-123
-73
-38
-81
-155
-237
-210
-90
-103
-171
-261
-207
-167
-188
-200
-169
-154
-207
-190
-189
-189
-196
-183
-90
15
41
60
53
-63
-149
-83
-100
-73
-81
-90
-68
-79
-75
-55
-124
-209
-220
-243
-201
-195
-176
-116
-32
-77
-60
8
-22
42
175
235
159
94
132
211
230
241
237
190
238
197
178
215
277
320
309
241
235
257
289
250
203
223
232
213
158
206
204
190
176
243
175
124
146
163
140
71
41
71
23
-12
-79
-180
-176
-191
-181
-192
-243
-317
-310
-301
-391
-412
-374
-352
-415
-472
-349
-291
-265
-263
-294
-278
-224
-188
-119
-133
-63
87
109
23
-52
0
174
218
184
134
184
299
366
339
334
329
322
421
441
369
405
490
473
486
393
385
412
463
466
340
276
281
281
238
131
41
37
6
-49
-176
-286
-214
-157
-234
-310
-276
-281
-317
-289
-385
-441
-435
-388
-363
-398
-379
-392
-382
-377
-487
-491
-514
-604
-548
-458
-384
-480
-467
-347
-269
-250
-238
-231
-118
-14
46
74
71
152
213
275
337
439
433
422
427
502
474
463
458
425
490
545
521
383
298
289
289
228
104
39
55
79
31
-11
-24
-66
-40
-23
-52
-76
-135
-165
-130
-129
-153
-214
-217
-272
-282
-228
-223
-233
-288
-231
-223
-279
-348
-304
-211
-187
-192
-197
-181
-137
-143
-119
-42
78
131
69
14
100
256
239
171
129
153
253
314
353
295
273
281
267
258
197
268
321
344
285
195
215
270
246
154
66
5
-12
-114
-124
-106
-105
-130
-31
-39
-111
-115
-114
-123
-87
-210
-221
-156
-102
-86
-90
-96
-109
-53
-62
-53
-47
-45
-42
-11
59
148
170
133
91
34
96
126
114
47
37
102
121
78
9
-30
-27
-77
-63
4
39
8
-66
-57
-49
-50
-117
-77
-26
32
13
-38
-98
-118
-97
-56
-94
-116
-174
-204
-159
-187
-182
-225
-237
-194
-137
-200
-240
-226
-129
-74
-136
-237
-281
-259
-165
-133
-220
-204
-118
72
159
111
67
108
214
231
234
216
187
231
303
236
106
96
132
127
116
96
70
32
61
34
-28
-78
-106
-132
-108
-98
-23
-12
-38
-32
-49
-36
-64
-63
-58
-21
16
42
1
-26
-43
-25
-11
-109
-136
-141
6
4
-78
-48
13
90
28
43
97
122
173
188
210
169
150
195
266
325
268
274
256
232
180
165
116
86
89
174
207
161
100
51
83
58
26
-45
-64
-42
-39
-88
-150
-173
-189
-175
-143
-152
-94
-75
-86
-15
45
14
56
42
48
120
106
131
129
193
269
207
183
206
164
151
149
161
205
188
175
170
173
170
152
83
1
-54
-59
-59
-30
-49
-97
-102
-109
-95
-94
-182
-265
-238
-206
-240
-308
-344
-248
-282
-272
-265
-367
-387
-312
-298
-355
-405
-429
-395
-452
-436
-456
-405
-373
-277
-220
-241
-199
-175
-93
-106
-37
-12
41
61
92
141
189
218
252
298
286
235
226
279
263
299
294
271
235
207
187
197
151
94
98
109
98
68
54
29
103
82
27
-7
-25
-38
10
40
60
29
25
73
60
-2
-59
-82
-23
4
-69
-206
-217
-148
-170
-208
-219
-225
-208
-223
-134
-74
-120
-139
-119
-104
-114
-77
-26
89
145
197
176
145
201
242
291
330
288
294
303
314
296
258
223
205
160
96
63
47
83
12
-83
-149
-116
-97
-98
-84
-50
-4
6
-23
-47
-19
24
37
44
16
20
36
34
77
21
15
54
99
95
40
3
-42
3
29
48
6
14
-38
-36
-75
-126
-30
11
14
34
48
55
89
127
77
-12
-19
56
122
123
130
103
98
88
41
26
-9
-12
-42
-51
-81
-140
-86
-85
-73
-135
-224
-221
-193
-133
-127
-155
-124
-136
-116
-131
-120
-55
-69
-64
-124
-89
-85
-90
-123
-77
-30
-54
-35
-14
-57
-34
27
-35
-36
-59
-45
-5
-45
-17
-39
-51
2
7
30
42
54
87
74
41
-43
-68
-1
24
16
-94
-152
-50
34
31
-57
-85
-45
-37
-44
-45
-50
3
25
54
69
11
-46
-66
-45
-32
12
39
59
39
80
84
79
58
46
84
109
126
90
59
45
107
161
151
99
131
121
141
116
29
15
-54
28
81
133
77
55
123
110
84
16
-18
-22
31
38
-23
-97
-159
-148
-121
-174
-143
-144
-106
-85
-38
-84
-122
-60
13
95
60
69
119
159
147
93
69
99
140
122
118
44
-27
43
31
8
-18
-25
106
171
157
45
-65
-28
67
154
40
3
5
34
54
-5
-33
-41
11
62
45
45
79
65
45
-17
-17
-113
-149
-120
-150
-157
-200
-275
-278
-230
-176
-197
-306
-264
-220
-196
-202
-183
-162
-103
-43
-54
-85
-41
-17
-11
35
13
38
36
67
79
89
34
21
-21
12
50
62
84
46
124
114
126
57
15
42
91
106
101
24
23
127
88
53
-1
-64
1
43
-72
-99
-51
94
103
14
-112
-123
-34
11
-51
-125
-101
-48
57
43
-51
-117
-78
-18
14
-49
-122
-100
-31
17
57
60
35
40
55
22
-21
23
92
226
251
239
208
143
50
30
-29
7
135
146
80
86
60
-6
-31
-82
-74
-103
-78
-2
30
-24
-25
-11
15
64
54
34
49
51
24
31
9
-2
-10
-2
41
-3
6
8
72
115
95
89
64
85
80
72
42
74
125
104
29
43
52
27
7
-20
-14
-58
-91
-83
-68
-46
-61
-88
-51
-26
-65
-11
31
-20
-47
-53
-14
-9
-52
-73
-75
-50
-71
-53
-65
-10
-9
-28
-39
2
23
-10
-19
-20
-37
-60
-112
-175
-183
-174
-93
-62
-125
-185
-144
-84
-58
-41
-62
-24
58
91
59
42
116
185
166
97
47
60
65
91
100
37
-7
49
87
104
74
35
21
25
28
45
-21
-63
-57
-20
19
-74
-102
-68
-4
-3
-87
-102
-149
-72
-4
3
-20
-139
-157
-105
-120
-127
-139
-97
-57
-72
-67
-161
-165
-141
-126
-86
-113
-133
-53
15
4
-49
-94
-144
-101
-36
17
7
12
37
47
37
55
89
139
192
194
234
208
173
153
142
173
163
166
170
191
201
194
157
117
117
92
58
-1
1
34
-13
-46
-5
-62
-103
-118
-91
-66
-77
-80
-46
-23
-23
-28
-12
20
9
-38
-84
-58
-22
52
3
-49
26
52
30
-73
-112
-83
-64
-34
-70
-103
-38
10
72
69
29
75
119
103
163
187
196
257
257
276
238
194
191
237
225
174
78
65
73
100
144
119
82
63
47
21
-11
-25
-28
1
-12
-71
-101
-160
-150
-140
-149
-137
-80
-47
-43
-61
-109
-119
-92
-116
-106
-95
-83
-82
-116
-157
-184
-240
-218
-195
-199
-184
-199
-150
-174
-175
-192
-193
-240
-174
-58
-59
-55
-21
-36
-59
-14
29
-1
-6
40
74
116
90
38
22
48
49
53
6
20
34
11
-8
-30
-40
-55
-32
-67
-73
-73
-30
30
24
51
28
56
8
47
120
49
70
30
33
35
6
-4
58
67
109
80
23
-36
-36
42
75
5
-102
-84
-15
12
-49
-147
-86
7
89
73
82
111
68
98
68
-6
8
89
176
233
149
94
74
110
160
187
224
214
241
234
196
148
92
114
148
132
101
124
132
201
182
150
144
49
20
66
37
14
-12
-38
-7
-9
-74
-85
-124
-165
-142
-216
-215
-174
-166
-195
-222
-181
-149
-173
-191
-191
-212
-162
-144
-171
-166
-162
-146
-137
-139
-150
-139
-73
-29
-71
-113
-136
-90
-54
-46
-41
2
18
109
160
142
144
143
196
217
185
108
88
31
31
76
91
36
7
2
20
67
65
36
0
-8
-56
-129
-152
-205
-160
-149
-135
-136
-159
-136
-167
-159
-122
-121
-102
-117
-90
-93
-118
-115
-82
-24
-6
-44
-72
-98
-42
24
49
72
-2
24
40
47
38
-16
-45
-28
2
-11
-44
4
91
170
181
160
111
93
112
191
224
179
132
160
162
141
181
167
191
156
144
167
150
129
86
-16
8
17
39
17
-29
-1
-53
-73
-69
-79
-78
-62
-37
-28
-29
-54
-49
-38
-53
14
17
45
66
25
68
78
68
92
59
3
5
5
30
98
75
56
19
-2
49
24
13
-2
12
56
63
60
91
77
76
118
122
165
109
106
90
123
171
141
129
44
-79
-124
-26
0
36
45
55
19
-40
-61
-73
-72
-59
-6
21
-31
-72
-125
-145
-125
-123
-190
-149
-111
-53
-58
-89
-132
-201
-188
-154
-129
-142
-41
-18
-28
-65
-115
-147
-168
-187
-202
-247
-227
-170
-166
-164
-184
-171
-74
-46
-53
-45
-91
-55
-53
-8
-74
-128
-76
8
61
28
19
15
25
56
62
18
27
82
121
121
136
172
185
173
75
73
78
119
109
106
91
58
42
-16
-80
-94
-85
-16
-46
-98
-153
-132
-92
-83
-75
-106
-107
-60
-39
-90
-111
-50
-40
-25
-86
-95
-119
-124
-121
-93
-85
-39
-7
-26
-7
-30
-17
-21
23
2
81
82
85
108
121
181
176
169
177
293
379
421
395
350
330
332
338
350
407
429
397
370
352
318
252
206
171
150
108
78
26
-3
52
52
58
-5
-93
-105
-115
-106
-87
-133
-115
-91
-72
-79
-154
-135
-145
-163
-211
-236
-226
-161
-195
-254
-247
-251
-276
-237
-220
-260
-321
-302
-257
-233
-188
-170
-124
-86
-123
-123
-121
-101
-81
-55
11
-1
24
0
-19
73
100
95
135
101
78
96
87
27
13
51
98
71
17
-5
43
76
19
-48
-55
35
-16
-50
-49
-96
-61
-24
5
-11
6
17
15
31
7
-2
18
6
20
-26
-44
-52
-70
-88
-53
-11
-33
-24
10
41
38
40
32
-5
-22
-49
-45
-40
-38
10
44
102
135
58
130
207
187
150
175
149
120
165
174
206
166
127
151
102
85
99
73
34
-16
13
44
22
11
-23
-7
67
21
-46
-101
-57
-58
-121
-184
-144
-22
41
58
18
-54
-39
-20
-18
-32
-48
-11
18
-8
-48
-66
-85
-68
-34
-12
3
43
79
68
2
-14
-48
-84
-15
33
30
41
34
21
10
26
-13
1
69
100
111
103
66
70
38
-9
-19
-71
-107
-133
-116
-96
-65
-67
-94
-131
-175
-116
-109
-88
-55
-81
-105
-92
-43
-69
-73
-49
-16
-4
-49
-67
-87
-61
-20
-15
-49
6
39
16
0
-30
-38
-54
-61
-49
-26
-68
-54
-82
-86
-45
-74
-72
-13
-24
-10
-1
-12
41
48
32
30
59
6
20
22
12
61
50
30
17
38
76
75
112
114
120
105
96
77
43
34
81
128
183
122
70
42
51
65
107
62
45
63
51
111
26
7
13
16
4
-55
-75
-84
-30
-28
-45
-90
-126
-148
-172
-74
-82
-86
-134
-172
-127
-135
-136
-123
-101
-57
-22
-33
-71
-116
-125
-76
-34
18
66
101
111
160
117
77
42
121
217
249
262
225
216
232
145
135
86
138
202
220
222
185
138
121
127
127
126
129
167
193
215
108
35
67
87
65
31
40
49
1
-76
-111
-159
-218
-162
-163
-188
-177
-184
-200
-209
-227
-247
-292
-285
-275
-271
-238
-248
-259
-270
-251
-156
-106
-78
-48
-54
-29
-45
-59
-18
-9
-13
44
97
83
115
119
154
197
144
148
158
135
131
146
175
186
202
170
235
224
211
187
140
123
66
48
-5
-22
-59
7
-22
-42
-65
-71
-80
-50
-88
-87
-64
7
-26
-101
-159
-237
-213
-213
-231
-238
-229
-261
-213
-119
-158
-157
-141
-95
-86
-166
-145
-115
-89
-60
-99
-145
-120
-87
-69
-90
-82
-54
-27
33
43
40
92
69
34
68
23
23
27
61
127
88
93
109
130
127
140
219
212
176
124
94
49
69
69
94
123
111
66
32
34
-7
-26
-90
-23
12
17
7
-21
41
74
-1
-16
-20
-18
8
-14
23
23
28
72
71
45
81
123
137
120
30
25
44
9
42
63
-22
-1
36
27
57
69
37
47
70
30
-38
-15
-4
25
55
57
56
5
25
66
60
46
22
16
-5
-16
19
18
18
-20
55
39
24
-4
15
35
26
41
19
25
-26
-15
16
-34
-32
-40
-53
-80
-88
-76
-55
-23
-58
-135
-135
-55
-23
-16
-50
-64
-102
-122
-116
-168
-129
-39
6
41
-9
-44
-62
-67
5
-41
-112
-109
-66
-72
-69
-29
-29
76
98
118
118
116
81
31
-18
-71
-89
-109
-113
-97
2
-3
15
47
35
-20
-66
-78
-114
-127
-107
-76
-70
-55
-104
-139
-130
-98
-107
-92
-110
-115
-76
-20
-22
-10
53
42
4
-10
2
60
124
145
128
64
62
91
39
78
74
78
36
7
23
-36
-69
-38
-21
17
20
59
98
96
126
112
55
8
-5
5
59
103
146
160
199
192
205
171
172
155
197
235
193
159
195
206
172
119
65
52
47
33
25
36
3
41
14
-20
-54
-47
-62
-73
-56
-35
-6
-2
-46
-67
-75
-80
-92
-67
-106
-110
-108
-79
-56
-55
-82
-76
-67
-122
-106
-123
-99
-59
-116
-159
-155
-151
-111
-44
37
47
21
-3
-13
-50
-37
-41
-8
20
69
97
113
111
100
94
47
7
-37
-41
-15
1
-18
-47
-120
-126
-156
-171
-159
-167
-137
-111
-89
-84
-90
-116
-157
-175
-158
-132
-87
-30
-45
-51
-95
-107
-121
-103
-60
-73
-40
-37
-30
-68
-97
-73
-84
-62
-13
28
-26
-13
-6
-8
18
8
15
37
76
122
116
63
49
39
90
109
133
192
212
228
203
128
138
115
96
99
83
126
133
85
74
101
120
133
74
10
1
6
45
18
-21
-24
36
19
10
30
11
-11
2
-34
-73
-51
-17
16
12
18
7
54
-10
-76
-39
-24
16
40
22
57
73
72
95
108
123
104
113
153
166
146
152
184
194
173
208
162
120
145
145
127
155
119
82
111
146
130
57
-5
-45
3
34
-5
16
19
6
20
-32
-87
-127
-166
-125
-71
-87
-84
-108
-98
-136
-186
-176
-204
-159
-124
-127
-137
-153
-127
-96
-72
-83
-110
-159
-169
-164
-127
-153
-117
-83
-83
-87
-78
-30
-44
-68
-74
-74
-43
-25
-44
-43
-122
-116
-71
-13
-31
-63
8
40
37
24
-41
-57
-40
32
41
-20
-36
-9
15
-29
-59
-42
-49
-56
-64
-93
-69
-85
-45
-52
-39
10
2
-33
1
-37
-90
-86
-102
-69
-74
-78
-95
-108
-79
-55
-81
-99
-81
-121
-84
-67
-28
-39
-22
12
-29
-50
-38
-49
-55
-38
-11
52
70
40
25
46
23
22
27
66
136
152
163
152
158
150
195
228
232
196
111
110
152
177
136
138
173
224
209
198
188
142
161
173
167
147
170
189
219
208
143
158
103
134
134
97
59
17
89
110
75
52
60
35
52
12
6
-7
-17
-43
-102
-106
-72
-25
37
35
27
60
15
-15
-58
-98
-69
-35
-45
-50
-47
-37
-8
-31
-41
-40
-24
45
40
31
-44
-66
-79
-67
-55
-13
8
-34
-79
-129
-127
-134
-114
-86
-80
-86
-94
-149
-139
-129
-136
-154
-185
-198
-136
-114
-133
-149
-161
-188
-176
-216
-276
-307
-274
-180
-118
-127
-119
-63
-24
-91
-111
-88
-83
-110
-105
-90
-67
-52
-56
-9
-12
-32
-32
-60
-88
-44
-7
-23
-69
-31
42
63
67
49
85
105
133
142
105
96
69
102
136
125
71
110
141
221
232
245
198
141
200
218
202
116
129
114
127
94
68
78
84
80
58
127
109
146
139
127
138
133
108
75
92
128
140
130
143
89
62
76
73
96
99
109
100
58
12
-3
-26
-60
-13
34
61
77
71
37
2
-9
-17
-28
-49
-13
-17
-40
-44
12
31
12
1
-16
-23
-24
-39
-20
-52
-79
-102
-114
-113
-140
-137
-105
-125
-179
-199
-203
-207
-234
-241
-251
-252
-225
-206
-202
-241
-258
-242
-239
-220
-204
-115
-94
-110
-67
-117
-119
-117
-142
-81
-92
-76
-56
-53
-30
-28
-14
-18
2
41
57
59
75
65
60
73
102
105
65
85
105
147
123
145
167
151
130
132
141
121
147
173
130
136
116
89
73
103
145
107
83
53
12
-5
-9
-20
-13
-30
-58
-52
-93
-84
-109
-85
-44
-61
-115
-80
-96
-79
-114
-105
-77
-79
-24
-29
-51
-20
33
32
49
50
40
41
49
80
66
38
14
22
46
48
63
39
71
80
42
110
95
89
112
98
66
10
68
52
33
55
43
83
105
89
75
41
30
25
15
74
65
45
40
74
31
-67
-58
-61
-16
-81
-91
-65
-33
-5
31
23
38
50
-35
-43
-38
-44
-26
31
45
79
41
-16
-54
-5
52
66
20
-19
0
-10
12
-21
11
47
54
20
8
-30
-15
-42
-34
31
46
52
81
102
49
-2
-41
-84
-53
-6
25
7
25
4
-24
-4
3
-7
-65
-22
-4
41
14
-24
-13
-38
-25
-65
-46
-15
16
19
-16
-13
-12
12
-3
-59
-47
-21
-24
-62
-68
-76
-119
-121
-110
-75
-46
-43
-46
-62
-74
-69
-100
-173
-175
-193
-196
-171
-130
-134
-122
-86
-29
-48
-47
20
19
22
2
-37
-42
-84
-89
-22
-9
15
-4
-23
-3
26
20
21
47
29
14
-16
-36
-30
-11
36
13
38
114
124
81
34
38
67
35
32
39
39
51
47
74
58
102
62
55
45
4
-31
5
24
74
89
99
61
10
38
32
6
3
-10
4
-29
-23
-60
-66
-10
16
53
64
83
45
40
36
34
38
32
57
82
82
81
98
98
67
23
-21
9
109
107
70
65
110
119
130
125
113
118
114
99
73
87
66
79
54
-2
-9
-29
-24
34
61
0
-58
-42
-29
-56
-99
-101
-79
-46
-21
-33
-29
-48
1
-46
-95
-43
-68
-82
-62
-35
-103
-114
-107
-100
-74
-55
-67
-51
-19
16
-1
-3
3
-62
-33
3
-23
-77
-78
-88
-98
-56
-86
-156
-161
-128
-101
-119
-120
-114
-82
-11
-30
-46
-64
-82
-23
-12
-7
2
-24
-7
-6
-37
-45
-26
-35
-54
-29
-57
-104
-74
-55
-43
6
-35
-5
25
60
50
47
61
88
106
106
68
-4
39
65
20
28
111
169
231
218
173
135
97
96
103
106
131
174
201
166
113
64
75
103
40
-28
-5
8
-6
29
34
59
63
80
65
33
13
16
-6
-6
28
-46
-29
40
75
27
-12
-30
-64
-27
4
-5
-10
-20
-39
2
-31
-6
-49
-57
-69
-102
-115
-111
-109
-113
-67
-59
-29
-14
-24
23
42
55
52
-41
-96
-45
-29
-8
8
-12
-3
-15
-75
-103
-99
-98
-78
-83
-27
-61
-100
-53
-104
-190
-172
-103
-52
-16
-15
-11
15
63
27
-24
-64
-17
-15
-25
14
60
122
111
82
44
39
-13
13
10
18
-14
-25
-21
18
42
24
55
-9
-26
13
6
7
12
6
-5
-36
16
29
75
106
60
32
25
18
23
22
65
107
69
56
83
13
11
-19
-44
-50
-87
-60
-54
-30
-35
-12
-19
-14
-14
-54
-32
-75
-18
29
-9
-44
-61
-21
-2
1
-13
21
39
35
-7
-10
-7
32
17
24
18
-1
-52
-37
3
-7
6
-28
8
-27
-45
-48
-45
-37
-54
-13
7
-3
-48
-62
-41
-80
-39
-22
14
50
41
32
-15
22
42
37
10
-26
0
5
16
-34
-9
8
34
146
110
59
27
52
128
117
118
100
118
89
120
100
48
57
78
82
85
106
107
105
82
88
43
50
30
63
22
-7
48
62
29
10
-20
-21
-15
-36
-76
-96
-14
0
-37
-40
-83
-8
15
3
-32
-31
-25
-29
-33
-1
-13
-39
