-9
-18
23
34
50
70
38
14
-13
-28
32
38
0
-7
-64
-85
-99
-98
-22
18
-2
2
-40
-74
-122
-126
-134
-138
-48
-7
-30
-48
-93
-129
-170
-153
-138
-158
-84
-53
-34
-8
-11
-29
-35
-70
-101
-77
-37
-66
-62
-118
-91
-89
-125
-123
-138
-114
-126
-136
-104
-105
-83
-68
-72
-26
-15
2
-27
-67
-70
-77
-87
-31
-38
-65
-73
-121
-134
-82
-55
-18
40
26
-30
-65
-70
-69
-120
-72
0
-21
-13
-7
14
-11
-56
3
-17
-36
0
13
28
30
25
67
67
81
125
150
114
120
112
118
63
25
53
80
74
79
111
104
76
46
58
128
205
205
188
193
217
167
161
131
119
183
175
151
126
118
160
156
118
138
149
115
134
125
40
42
70
81
57
58
48
6
8
17
16
36
30
50
3
31
39
1
14
20
32
4
28
5
4
-33
-38
-44
-26
-26
-53
-36
-25
-25
-61
-70
-92
-75
-78
-95
-113
-99
-94
-70
-76
-98
-69
-78
-62
-59
-47
-51
-30
-82
-95
-129
-126
-84
-45
-38
-46
-70
-52
-51
-118
-123
-120
-113
-148
-167
-157
-143
-114
-116
-77
-96
-123
-110
-132
-132
-144
-95
-96
-98
-112
-152
-158
-168
-105
-90
-36
-10
-10
-49
-38
-54
-81
-83
-79
-59
-96
-124
-117
-111
-46
6
-3
14
4
-22
-8
4
30
21
74
94
101
124
100
122
141
123
172
130
151
128
153
178
181
116
105
123
88
150
167
149
156
145
83
65
58
74
140
146
155
134
65
57
49
51
103
134
107
123
116
81
15
15
45
26
18
13
5
-16
-59
-75
-67
-30
-50
-45
-36
-34
-17
28
42
32
41
28
30
14
69
55
-11
-10
-5
-78
-36
-23
-38
18
34
34
32
46
38
14
3
33
21
12
44
54
29
4
-12
-49
-11
-7
-19
-1
28
72
90
77
99
57
37
14
-29
-13
-9
18
20
6
6
-20
-37
-37
-69
-64
-97
-74
-73
-95
-79
-66
-98
-105
-66
-100
-80
-79
-55
-106
-148
-152
-168
-134
-114
-130
-104
-114
-114
-145
-150
-132
-121
-89
-72
-76
-126
-148
-195
-176
-193
-133
-75
-89
-44
-88
-83
-70
-42
-45
-45
-25
35
68
52
32
48
26
29
46
84
55
45
74
67
38
30
18
-16
28
20
28
60
51
44
43
10
25
49
81
144
110
93
95
126
135
112
126
127
187
196
124
96
103
100
98
131
127
116
139
96
51
102
104
82
55
44
79
88
74
80
90
88
122
113
99
133
95
-1
-24
-34
-58
-33
15
31
1
-1
-11
-40
-54
-89
-91
-71
-62
-71
-112
-80
-91
-55
-16
10
-30
-14
-43
-34
-16
-12
13
37
40
43
4
-24
-75
-93
-35
-12
8
-33
0
-29
-40
-57
-44
-88
-139
-174
-134
-104
-131
-68
-76
-91
-53
-113
-142
-72
-117
-72
-82
-77
-76
-53
-22
-83
-58
-93
-72
-130
-107
-118
-151
-45
-70
-87
-83
-103
-103
-52
-31
-59
-29
51
51
38
24
-9
20
24
53
63
84
116
83
63
40
18
44
111
80
68
85
81
75
115
109
85
124
77
66
40
7
74
80
52
64
80
81
86
82
86
70
87
82
68
98
162
177
111
126
71
33
5
1
53
40
20
32
-35
-34
-8
-14
-14
26
33
55
54
-3
-14
-78
-77
-31
-11
21
24
0
23
-24
-30
-24
28
26
-14
-23
-55
-28
-28
-22
-39
-23
-61
-36
-26
-86
-74
-56
-79
-46
-46
-54
8
-32
-53
-90
-77
-30
5
48
88
24
70
82
42
10
27
46
-27
-59
-47
-57
-58
-46
-64
-15
-25
-51
-116
-65
-65
-91
-84
-21
1
-47
-2
29
54
6
-51
-82
-45
-118
-44
-10
-34
12
-30
-35
-1
-95
-83
-64
-89
-30
-63
-95
-135
-102
-89
-18
-52
-24
-22
-20
-90
-146
-104
-49
8
47
28
43
87
21
8
-24
-14
19
84
91
97
101
206
163
74
99
90
26
-19
-24
32
70
83
141
112
119
69
56
64
78
1
36
81
82
123
117
50
63
74
4
53
53
41
49
74
34
25
-29
-10
38
46
22
-19
23
7
-31
-10
26
-31
-28
17
-15
-1
6
-40
-53
-21
17
51
86
43
78
64
78
78
32
-32
12
-7
-6
-27
-93
-54
-35
43
17
26
-68
-66
-50
-32
-55
-69
-25
69
25
-10
-75
-118
-108
-125
-58
-32
17
-26
-34
-62
-96
-59
-146
-165
-114
-129
-129
-118
-121
-110
-155
-68
-37
-51
-82
-110
-91
-85
-109
-80
-129
-15
-24
48
9
-14
-28
-41
-22
-25
33
37
70
30
43
89
58
76
99
-21
6
26
7
37
29
60
58
63
59
102
101
116
158
178
151
101
68
65
89
112
149
117
111
92
93
97
118
124
106
39
24
19
-42
66
-9
-14
-7
46
26
49
9
-23
-31
-28
-19
8
69
131
21
33
46
17
15
-14
-14
1
47
18
6
75
49
75
-4
-70
-39
-98
-56
-61
-147
-120
-72
-110
-44
-49
-54
-56
-80
-92
-53
-71
-118
-114
-83
-43
-77
-88
-21
-2
1
18
-52
-53
-74
-90
-62
-101
-18
-4
-2
-69
-98
-75
-141
-75
-36
-12
-44
-89
-76
-64
-111
-151
-69
-101
-70
-54
-56
-57
1
-20
-27
-66
-66
-67
-121
-53
-85
-99
-76
-17
-24
0
-19
-35
-59
32
87
65
72
76
13
85
48
34
70
49
93
40
29
27
1
81
81
38
117
141
143
93
158
92
128
109
146
136
120
162
154
67
105
183
167
103
125
189
104
115
140
181
228
122
116
116
111
171
79
92
92
-14
11
19
35
64
44
68
-15
-36
-16
-5
-19
-25
62
28
-25
15
-81
-75
-26
-96
-67
-71
-51
-19
-100
-86
-52
-79
-124
-145
-103
-127
-137
-130
-132
-138
-158
-168
-65
-124
-66
-119
-73
-138
-136
-52
-46
-71
-3
42
19
-76
15
9
-51
-82
-15
38
-13
6
51
78
55
-39
-41
-69
-140
-70
-48
-90
-157
-66
-41
-23
-58
-19
-45
26
17
16
-52
-22
17
-47
20
47
50
126
42
9
-31
-19
47
19
-65
35
48
24
-32
-112
-77
-8
-15
36
19
-20
-58
-40
-40
-132
-85
-6
-41
14
-7
33
-27
-80
-59
-93
-58
4
21
-73
-54
-24
-92
-93
-40
-50
-22
-36
-27
-18
2
30
61
42
65
34
67
58
10
100
63
98
112
101
113
115
114
133
209
180
196
193
187
156
111
132
103
124
85
138
147
235
135
136
158
83
125
154
115
176
185
111
174
231
176
112
124
32
56
47
19
72
136
65
97
69
-34
-26
-116
-73
-62
-156
-70
-59
-179
-193
-180
-198
-234
-234
-185
-146
-155
-128
-126
-113
-103
-170
-203
-248
-241
-193
-183
-200
-226
-162
-236
-133
-169
-64
-115
-72
-27
-91
-166
-189
-145
-111
-100
-47
-38
-140
-123
-89
-125
-33
-56
-1
25
34
131
20
23
43
-58
35
6
-8
3
15
57
44
9
29
32
-26
34
57
98
18
102
80
31
53
44
82
58
170
75
87
121
67
86
85
34
102
50
108
204
72
48
58
-6
19
-56
53
44
31
131
40
-2
108
48
75
92
-40
26
16
-25
127
38
59
24
92
-37
-70
10
22
37
27
1
42
-10
-25
22
-54
-31
-95
-87
47
-25
6
49
60
2
-46
78
-23
56
32
45
47
120
-3
42
76
91
108
69
23
38
-35
104
-19
78
25
2
43
17
20
-94
-132
-111
-96
-102
30
71
-7
-12
-22
-109
-5
-60
-112
4
-31
-24
112
-11
-74
35
-42
42
13
87
-8
22
49
16
-34
39
-54
-48
-65
-135
17
82
-26
-10
36
-117
-45
-66
-16
29
-34
19
28
4
6
29
30
-6
34
9
93
-47
-86
-39
-44
-51
-24
-28
-24
-36
-10
42
-25
-58
-17
-56
-161
-75
-161
-76
39
-59
40
-72
-99
-82
-154
-77
-90
-102
-137
-76
-91
-139
-135
-146
-99
-119
-155
-46
-194
-170
-208
-251
-200
-171
-62
-34
-40
44
76
-9
-22
-41
6
-34
21
-42
33
57
82
155
92
41
148
7
87
93
37
199
152
78
116
22
169
52
130
5
172
131
178
187
89
136
87
95
236
252
307
361
188
256
158
52
44
238
186
319
220
208
192
59
-68
-228
31
-66
183
149
413
-263
1449
1068
-728
-247
-641
-109
-99
-37
1636
380
-1155
-851
-271
-191
-128
97
25
103
-21
-289
-357
-321
-60
102
74
-154
-149
-2
-33
-36
-103
-66
-12
117
-126
-429
-16
91
-696
-316
-287
-214
-9
-207
124
178
-92
-183
-107
-331
-384
-143
-296
-54
-114
-21
-62
-285
-155
-265
-139
-50
-194
-198
-64
72
-211
208
160
-150
59
133
-74
15
-115
141
-11
4
202
180
80
163
107
135
91
-8
70
35
74
-112
154
69
162
-11
287
-198
168
13
164
149
-77
19
20
-79
89
-209
318
110
-10
139
60
100
-118
214
-141
-20
167
-57
186
131
-11
201
-79
70
66
212
-95
39
-84
-155
43
-34
-115
237
38
-9
-36
65
118
164
-109
74
97
-239
248
-7
171
298
-202
294
-24
-125
380
-221
35
204
-124
231
-33
31
33
-36
353
-63
114
-133
142
58
-204
-6
-98
-79
209
9
305
106
-69
23
63
45
-68
12
-91
10
-88
30
-144
-128
65
-206
-9
-171
-131
-83
-22
-212
70
-258
2
173
-39
-244
20
-157
-140
-357
-214
68
-262
-105
-22
-82
-38
291
-381
73
-530
-51
-64
-262
42
39
-103
73
-270
21
94
-215
96
-125
-33
-90
-98
8
-116
71
-157
207
18
-245
107
205
-246
133
-109
12
-139
-45
-96
2
-217
86
157
-29
-7
-46
-188
-36
-23
172
55
48
109
-25
-24
48
132
290
49
322
247
-127
177
-207
109
184
-45
250
265
154
116
134
132
31
155
-103
99
159
151
305
177
-80
66
37
38
56
84
347
-110
381
213
72
122
129
-13
26
8
434
-71
-236
81
-112
-82
12
-105
232
105
-82
38
-77
-121
-142
-18
-220
-191
140
-91
171
-50
-117
340
38
-189
-10
53
-126
12
-26
-85
-84
-75
-77
-116
-167
313
-398
-70
-102
7
-180
-308
108
-412
-1
-213
68
70
-118
-193
177
-567
168
-34
58
186
-94
-162
13
-203
-130
361
-93
74
-62
-178
-196
-144
-490
193
77
-208
143
-519
127
-310
-228
136
27
-62
117
-11
-104
-36
-94
143
11
-300
52
61
90
-205
41
249
-201
-236
324
-273
157
98
124
-67
193
-97
23
299
131
98
264
67
116
25
202
97
282
250
60
564
-72
245
35
25
387
-219
423
426
-594
608
-78
64
362
-291
449
-311
-20
94
-207
44
-98
173
-50
-99
261
-249
103
-129
-81
190
-164
-3
51
-320
-141
23
-145
-242
76
-240
-7
-279
38
-94
-57
-414
-54
-340
-149
32
21
138
-142
-138
-282
-146
-45
48
-140
153
-285
11
-3
115
-28
-217
218
93
-29
126
267
-21
-87
101
357
-108
202
30
-43
18
101
76
-195
31
87
137
42
199
283
-93
44
417
-71
339
135
-12
208
-236
54
89
-79
351
150
-62
299
42
-130
-57
190
81
-44
74
-47
26
-99
-62
-242
0
48
-144
-181
-64
60
-233
238
-233
141
-14
-383
161
-198
-121
117
-308
289
-266
-368
245
-326
-33
-297
100
-284
-107
72
-349
2
7
-299
-74
-123
-14
-290
-51
60
-68
-228
-251
195
-295
-61
125
-122
100
-172
147
-102
-144
257
145
-16
76
151
83
-163
179
-206
195
41
-100
285
-452
243
190
-222
292
-43
20
411
-187
252
44
-34
-235
81
408
-406
-21
-36
-39
-16
-40
248
-4
92
323
-115
-73
29
-34
53
-27
-9
200
-9
-129
167
293
104
79
183
361
48
209
403
294
204
354
348
77
101
422
203
181
300
158
206
217
100
-49
302
74
-152
194
-51
-48
-47
-134
160
-264
-132
126
-213
-75
-24
-137
-334
-93
-286
-127
-37
-406
-75
-154
-513
-197
-191
-416
-207
-326
-376
-253
-372
-107
-397
-425
-149
-281
-337
-270
-44
-63
-382
-60
-104
-193
-8
59
232
106
-52
269
166
34
156
256
79
283
193
395
435
140
196
402
180
294
168
181
115
104
243
-91
20
1
-45
-156
-54
-111
-259
-123
-162
-184
-320
-464
-381
-314
-550
-463
-291
-503
-597
-455
-620
-564
-577
-633
-107
-157
-199
-13
-4
246
351
731
880
1109
1172
1250
1488
1526
1542
1455
1337
1320
1125
957
816
707
577
265
110
8
-134
-242
-481
-634
-726
-906
-1130
-1210
-1107
-1341
-1588
-1384
-1464
-1513
-1479
-1474
-1176
-1441
-1227
-1149
-1324
-1045
-1143
-1017
-957
-899
-668
-739
-117
492
846
1544
1962
2020
2286
2323
2524
2543
2399
2243
2073
2081
2037
1981
1728
1665
1535
1379
1077
802
493
158
-229
-603
-920
-1192
-1607
-1604
-1693
-1905
-1929
-1998
-1849
-1627
-1695
-1554
-1514
-1747
-1736
-1846
-2043
-1992
-2143
-1943
-1900
-2016
-1709
-1501
-1260
-1115
-881
-744
-837
-700
215
597
1357
2000
2381
3141
3614
3675
4016
3849
3622
3215
2931
2899
2805
2639
2238
2289
2113
1785
1354
713
279
-146
-676
-927
-1228
-1637
-1883
-1904
-2000
-2325
-2380
-2349
-2348
-2248
-2200
-2131
-2153
-2102
-2238
-2291
-2371
-2681
-2400
-2247
-2269
-2101
-1939
-1827
-1576
-1451
-1296
-1368
-1258
-1341
-646
177
750
2095
2570
3523
4299
4569
5002
5063
4683
4181
3658
3485
3274
3112
2617
2648
2781
2298
1976
1188
401
-109
-857
-1281
-1836
-2197
-2555
-2552
-2393
-2616
-2663
-2754
-2642
-2531
-2478
-2528
-2576
-2446
-2250
-2357
-2335
-2669
-2591
-2484
-2297
-2067
-2080
-1889
-1907
-1775
-1530
-1654
-1565
-1602
-1808
-1121
-328
552
1881
2777
3817
4787
5238
5680
5965
5647
4928
4230
3883
3556
3186
2647
2634
2610
2300
1935
1023
41
-831
-1690
-2531
-3090
-3530
-3818
-3575
-3191
-2901
-2729
-2586
-2369
-2190
-1931
-2031
-2113
-1836
-1973
-1857
-1881
-2282
-2366
-2307
-2320
-1911
-1794
-1774
-1594
-1648
-1649
-1712
-1951
-2018
-2309
-1952
-615
224
1785
2836
4008
5633
6248
6997
7409
6994
6350
5259
4541
3870
3302
2535
2119
2430
2072
1830
1141
-53
-760
-1859
-3012
-3853
-4563
-4838
-4791
-4185
-3500
-2828
-1985
-1466
-807
-402
-294
-617
-750
-864
-1217
-1455
-1833
-2371
-2391
-2430
-2429
-2219
-2123
-2117
-2001
-2229
-2599
-2757
-3222
-3490
-3560
-2105
-942
751
2555
3916
5793
6936
7895
8715
8356
7656
6171
4881
3966
2864
1902
840
1004
1018
865
312
-779
-1818
-2771
-3983
-5074
-5841
-6276
-6358
-5452
-4372
-3385
-1945
-664
593
1500
1745
1354
1026
417
-375
-710
-1515
-2180
-2703
-3103
-3096
-3243
-3315
-3127
-3142
-3165
-3315
-3514
-3732
-3861
-4169
-3264
-1413
86
2866
4550
6622
8698
9461
10477
10350
9372
8239
6241
5073
3644
2241
773
99
180
-465
-689
-1538
-2688
-3475
-4567
-5943
-6736
-7384
-7647
-7036
-5598
-4549
-2749
-807
857
2717
3442
3566
3101
2384
1252
134
-989
-1975
-2835
-3413
-3801
-3839
-3772
-3563
-3299
-2956
-3028
-3715
-3901
-4480
-4669
-4754
-2935
-814
1505
4530
6316
8991
10599
10978
11744
11022
9814
8100
5952
4707
2977
1444
-320
-642
-675
-1353
-1513
-2560
-3457
-3990
-5389
-6513
-7434
-7796
-7671
-6866
-5049
-3915
-1958
137
2161
4052
4987
4887
4203
3385
1367
-616
-1936
-3774
-4726
-5290
-5733
-5513
-5314
-5203
-4583
-4068
-4224
-4531
-4956
-5485
-5489
-5500
-3149
-422
2345
5911
7848
10632
12248
12569
13003
12037
10524
8452
6006
4593
2663
885
-1078
-1454
-1615
-2477
-2611
-3781
-4653
-5074
-6307
-7503
-7989
-8365
-8224
-6887
-5092
-3620
-1082
977
3328
5322
6305
6429
5458
4096
1752
-500
-2476
-4568
-6017
-6557
-6600
-6096
-5817
-5398
-4931
-4213
-4198
-4469
-4856
-5491
-5600
-5369
-2662
438
3440
7321
9453
12307
13870
13754
13927
12543
10540
8083
5200
3437
1309
-568
-2516
-2934
-3068
-4057
-4138
-5104
-5936
-6133
-7257
-8112
-8381
-8618
-8410
-7111
-4636
-2976
-343
2267
4465
6621
7639
7539
6506
4724
1850
-975
-3126
-5710
-7287
-7588
-7415
-6301
-5615
-5162
-4436
-3708
-3674
-4072
-4400
-5196
-5281
-5222
-2797
1075
4284
8532
10938
13464
15238
14783
14798
13424
10759
8120
4776
2673
472
-1648
-3818
-4449
-4030
-5133
-5089
-5706
-6933
-6755
-7545
-8771
-8978
-9128
-8801
-7131
-4343
-2480
100
3180
5538
7936
9017
8709
7447
5457
2401
-1050
-3715
-6346
-8365
-8645
-8284
-7293
-5887
-5050
-4275
-3273
-3218
-3975
-4544
-5345
-5659
-5419
-4288
126
3675
7805
11394
13171
15694
15673
15006
14184
11468
8348
4606
1688
-277
-2632
-4751
-6193
-5428
-5653
-6197
-6264
-7400
-7554
-7508
-8675
-9119
-8912
-8637
-7357
-4316
-1664
290
3435
6076
8465
10162
9857
8486
6836
4311
485
-2801
-5668
-8417
-9224
-9070
-8220
-6504
-5192
-4362
-3312
-2974
-3823
-4695
-5637
-6313
-5960
-6050
-3794
1572
5115
9700
12545
14254
16370
15835
15090
13649
10397
7011
3006
344
-1760
-3957
-5977
-6779
-5245
-5684
-6027
-5982
-7329
-7253
-6992
-8654
-9090
-8637
-8164
-6369
-2623
-58
2027
5540
7696
9940
10867
9815
8107
6284
3366
-601
-4095
-6627
-8973
-9466
-8785
-8025
-6225
-4791
-3946
-2711
-2259
-3469
-4190
-5192
-6337
-6375
-5815
-4427
1565
5824
9805
13583
14711
16767
16800
15458
13891
10607
7105
3072
75
-1746
-4457
-6085
-6920
-5359
-4855
-5655
-5866
-7183
-7564
-7432
-9222
-9772
-9208
-8380
-6102
-2961
195
2259
5441
7872
9640
10693
9547
7736
5526
2493
-1656
-5499
-8081
-10138
-10934
-10236
-9238
-7233
-5058
-3723
-2631
-2204
-3091
-4082
-4928
-6014
-6604
-5910
-4934
649
5749
9180
13666
14900
16815
17525
15586
14004
10898
7109
3308
-315
-2302
-4568
-6168
-7391
-5939
-4752
-5781
-5800
-6650
-7784
-7551
-8921
-10374
-9193
-7925
-6407
-2951
697
2465
5556
8423
9567
10277
10027
7555
5177
2792
-2034
-5703
-7871
-10371
-11022
-10316
-9930
-7694
-5271
-3704
-2808
-2290
-3088
-3873
-4665
-5908
-6749
-6382
-5788
-1896
4625
7644
12376
14983
16172
17935
16529
14743
12724
8584
4910
885
-1281
-2839
-5188
-6580
-6439
-4509
-5288
-5908
-6225
-7833
-7669
-8108
-10227
-9383
-8204
-6936
-4307
-386
2004
4170
7642
9161
10516
10982
8975
6614
4353
79
-3848
-6687
-9188
-10465
-10295
-9185
-7464
-4779
-3240
-2137
-1487
-1838
-3023
-3906
-5134
-6292
-6605
-5471
-4112
2342
7195
10232
14954
15913
17376
17879
15576
13563
10289
5926
2302
-895
-2412
-4888
-6492
-7652
-6372
-5476
-6969
-7447
-8315
-9405
-9108
-10320
-11183
-9701
-8190
-6256
-2770
907
2644
5601
8601
9875
10702
10045
7076
4630
1961
-2792
-6501
-8687
-10620
-10561
-9463
-8247
-6193
-4042
-2657
-2175
-2086
-2876
-4093
-4948
-5972
-6856
-6142
-5278
-1139
5800
8881
13371
15860
17149
18460
16815
14663
12203
8064
4369
385
-1863
-3420
-5909
-7518
-7236
-5586
-6601
-7417
-7920
-9560
-9214
-9298
-11441
-10386
-8794
-7620
-4412
-382
1941
4247
7876
9800
11008
11337
8762
6042
4142
-226
-4715
-7346
-9438
-10369
-9519
-8351
-6890
-4097
-2588
-1894
-1468
-1921
-3428
-4360
-5341
-6306
-6480
-5332
-4004
2812
8042
11002
15480
16578
18127
18053
15623
13502
10443
5990
2366
-1282
-2582
-4787
-6748
-7860
-6636
-5908
-7557
-8183
-8931
-9944
-9376
-10637
-11866
-9640
-8248
-5929
-2163
1619
3739
6785
9938
10927
11539
10247
7296
5272
2483
-2422
-5630
-7436
-8592
-9089
-8155
-6961
-5138
-3042
-2296
-1904
-1787
-2570
-4324
-5257
-5787
-6861
-6226
-4962
-2005
5908
9191
12892
16142
16920
18134
17096
14715
12672
8802
4658
648
-1949
-3203
-6129
-8028
-8367
-6866
-7369
-8845
-9291
-10203
-10650
-10008
-12012
-11426
-8996
-7555
-4173
48
3201
5402
8588
10800
11564
11412
9560
6827
5044
1702
-2691
-4964
-6454
-7609
-8061
-7134
-6697
-4928
-3151
-2715
-2129
-2103
-3866
-4714
-5361
-6780
-7553
-6258
-5318
-321
6910
8922
13397
15789
16859
18148
16648
14178
11979
8107
4182
-58
-2339
-4586
-7547
-9117
-9073
-8018
-8968
-10183
-10427
-11013
-10460
-10487
-11945
-9956
-7939
-5793
-2365
1287
4014
6427
9554
11393
11958
11897
10185
7856
5921
1780
-2534
-4875
-6680
-8051
-8439
-7570
-6759
-4682
-2938
-2135
-1972
-1990
-3571
-4241
-5097
-6534
-6966
-5488
-4390
920
7011
9183
14132
16223
17687
18635
16964
14493
12164
7697
3197
-1018
-3670
-5837
-8496
-10001
-9552
-8601
-9685
-10238
-9842
-10686
-9935
-9697
-11255
-9128
-6752
-5072
-1565
2342
4651
7321
10918
12504
12804
13399
11032
8600
6747
1722
-2709
-4800
-7326
-8709
-9027
-8329
-7207
-4889
-3178
-2641
-2699
-2988
-4342
-4957
-5617
-7276
-7507
-5834
-4456
1864
7321
9881
15012
16648
18375
18562
16579
13951
11123
6355
1706
-2611
-4916
-7172
-9979
-10966
-10074
-9084
-9620
-9817
-9638
-9590
-8753
-9180
-10078
-7511
-5801
-4107
-730
2788
5604
8634
12019
13149
13882
13827
10934
8393
5515
-293
-4388
-6919
-9303
-10211
-10533
-9004
-7548
-4858
-3233
-3077
-3066
-2946
-4411
-5115
-6209
-7487
-6994
-5347
-3359
3163
8082
11317
15893
17513
18981
18017
15740
13124
9913
4708
-200
-4051
-5936
-8160
-10888
-11602
-9849
-8890
-9461
-9271
-8911
-8475
-7833
-8711
-9108
-6548
-4950
-3153
685
4702
7296
10344
13565
14474
14899
14017
10731
7909
4451
-1786
-5756
-7816
-10115
-10849
-10504
-8817
-6911
-4419
-3380
-2976
-2684
-2863
-4624
-5200
-6227
-7327
-6577
-4681
-2410
4657
9014
12553
16914
17992
19058
17518
15155
12222
8554
3029
-1548
-5134
-6896
-8815
-11146
-11375
-9303
-8352
-8808
-8289
-8126
-8147
-7207
-7762
-7827
-5389
-3906
-1889
2529
6539
8599
11807
14573
15022
15099
13697
10029
7017
3147
-3114
-6436
-8136
-10526
-11305
-10515
-9158
-7503
-5133
-4314
-3598
-3218
-3691
-5382
-5452
-6340
-7475
-6398
-4134
-1897
5584
9707
13079
17102
17724
18522
16781
14538
11112
7412
2055
-2273
-5632
-7337
-9337
-11820
-11983
-9583
-8682
-8915
-8199
-7776
-7274
-6164
-6618
-7159
-4285
-2641
-724
3559
7045
8667
12028
14258
14584
14509
12700
9450
6649
2638
-3417
-6803
-9178
-11282
-12363
-11693
-10205
-8385
-6093
-5012
-3936
-3293
-3312
-4557
-4299
-5317
-6227
-5654
-3098
-1745
4224
9821
12012
16474
17308
17990
17035
15550
11922
8371
3633
-1016
-4668
-6746
-8495
-11225
-11574
-9039
-8058
-7925
-7108
-6522
-5530
-4429
-4672
-5606
-3563
-2123
-640
2895
6155
7717
10595
13166
14376
14270
12561
9777
6365
2888
-2862
-7255
-9557
-11935
-13632
-12599
-10917
-9233
-6635
-4885
-3386
-2050
-2066
-3495
-3320
-4137
-5409
-5468
-3413
-2946
2239
8466
10237
14948
16459
17482
17583
16353
12659
9101
4656
-566
-4676
-7279
-9414
-11739
-12017
-9692
-7833
-6943
-6183
-5075
-4055
-3351
-3818
-5344
-4279
-2649
-1523
751
4384
6699
9564
12790
14517
13842
12479
9924
5921
2479
-3179
-8783
-10662
-12476
-14643
-13474
-11357
-9673
-6205
-4030
-2974
-1366
-952
-2293
-2780
-3837
-5436
-6044
-4420
-3923
632
7522
9116
14082
16356
17464
17822
16681
13415
10083
5618
-19
-3869
-6558
-8457
-10486
-11004
-8783
-6087
-5240
-4522
-3196
-2432
-2370
-3003
-4997
-4570
-3154
-2552
-231
3917
6245
8862
12491
13904
13134
11760
8646
5178
2018
-3483
-8678
-10559
-12039
-13939
-12995
-10532
-8821
-5888
-3590
-2895
-1016
-812
-2539
-3105
-3263
-5662
-6280
-5502
-4802
-3303
4482
7154
10987
15533
15828
17767
17315
14896
11559
8435
3043
-1474
-4377
-6218
-7762
-9215
-8709
-5633
-4520
-4259
-3418
-2827
-2809
-3052
-4584
-5910
-4103
-3518
-1910
1763
5134
6995
10522
12510
12225
11103
9164
5892
3036
-755
-6912
-9329
-11016
-13485
-13337
-11660
-10387
-6935
-4721
-3547
-1715
-839
-1768
-2353
-2793
-4528
-5931
-6253
-5737
-5027
-75
5796
7749
13719
14890
17043
18007
16072
13578
10437
6217
1153
-1952
-4670
-6228
-7924
-8720
-6186
-3994
-3562
-3150
-2523
-2909
-3431
-4066
-6338
-5407
-4180
-3255
-415
3202
5621
8074
11151
11441
10752
9266
6815
3445
824
-4627
-8563
-10024
-11966
-12803
-11543
-9830
-7374
-4574
-3167
-1906
-667
-1017
-1745
-2662
-3854
-5808
-6779
-6882
-5762
-4436
1929
6018
10184
14959
15669
18127
17162
15646
12388
9626
5001
778
-2156
-4448
-5950
-7693
-7402
-4808
-3071
-3076
-2669
-2795
-3402
-3807
-5462
-7048
-5820
-4722
-3183
-522
2841
5120
7762
10148
9993
9456
7755
5295
2634
-931
-5846
-8895
-10317
-11418
-11923
-10593
-7877
-5514
-3343
-2543
-1272
-740
-1202
-2610
-3446
-4650
-6286
-6837
-6638
-4851
-3132
3786
7699
12168
15895
16761
18615
17621
15748
12554
9406
4840
837
-2218
-4138
-5411
-6971
-6595
-3869
-3122
-3521
-3805
-4336
-4963
-5116
-7201
-8374
-6392
-5140
-3449
-680
2509
4614
7540
9137
9162
8902
7559
4814
2199
-1012
-5705
-8275
-9979
-10923
-11368
-9718
-7608
-5350
-3553
-2244
-1341
-940
-1328
-2943
-3993
-5451
-7008
-7766
-6333
-5271
-2013
5877
8736
13974
16547
17669
18841
17219
14952
11216
7909
3111
-473
-3171
-4543
-5709
-7104
-5402
-2994
-3196
-3791
-3833
-4663
-5190
-6098
-8510
-8573
-6566
-5646
-4065
-202
2927
4578
7864
9111
9034
9024
7010
3905
2074
-1677
-6174
-7926
-8666
-9842
-9089
-7268
-5478
-3747
-2312
-1943
-1565
-1317
-2424
-4199
-4576
-5674
-7356
-6694
-5188
-4144
631
8116
10144
15355
16590
17810
18610
17045
14079
10964
8303
3562
322
-2117
-3319
-4939
-6147
-5453
-3779
-4513
-5314
-5994
-6461
-6816
-7393
-9202
-8428
-6211
-5396
-3141
221
2842
4580
7482
8187
8537
8150
7100
4381
2791
-924
-4668
-5762
-7323
-8460
-8777
-7411
-6547
-5132
-4059
-3598
-3176
-3224
-3912
-4971
-4891
-6339
-6788
-5836
-4369
-3013
1691
8196
10107
15221
15750
17519
18373
16144
13998
11632
8376
3746
767
-1845
-3345
-5226
-7231
-6420
-4763
-5880
-6881
-6825
-6967
-6866
-7242
-8625
-7821
-5951
-5046
-3378
-368
1805
3579
6550
7895
8089
8143
7167
5300
4272
544
-2511
-4440
-5963
-7653
-8856
-7971
-7128
-6130
-5123
-4728
-3987
-3233
-3597
-4465
-3924
-4915
-5072
-4923
-3439
-2520
2068
7989
9624
14720
15423
17892
18187
16993
15474
12782
9457
5109
1666
-1336
-3287
-6087
-8118
-6931
-6123
-7539
-7615
-7499
-7367
-6758
-7106
-8582
-7329
-5477
-5256
-3557
-1146
770
3076
6142
7738
8595
9521
9329
7783
6617
2729
-1330
-3368
-5793
-8825
-9786
-9473
-8825
-7052
-6119
-5681
-4136
-2926
-3327
-3258
-3399
-4542
-4966
-4468
-3787
-2477
339
6809
9171
13657
15168
16705
18784
17329
15903
13140
10196
6407
1852
-1171
-3657
-6157
-8874
-8792
-7732
-8366
-8204
-7973
-7035
-6353
-6315
-7736
-7006
-5745
-5591
-4891
-2785
-156
1746
5244
7426
8853
10951
11357
10021
8395
4566
76
-2572
-6115
-8988
-10441
-10153
-9349
-8217
-6950
-5953
-4138
-3161
-2565
-2950
-2535
-3524
-4056
-4149
-3647
-2762
-722
6186
8498
12612
14654
16719
19053
18213
16995
14180
11661
7453
2361
-1221
-4159
-7540
-10760
-10901
-9463
-9190
-8950
-8076
-6635
-5579
-5480
-7226
-7191
-5815
-6427
-6221
-3927
-995
1410
5336
7913
10260
12582
12779
10564
8880
5262
173
-3014
-6696
-9633
-11461
-11058
-10478
-8486
-7426
-5868
-3997
-2267
-1993
-2279
-2390
-2359
-3537
-3871
-3694
-2822
-1709
4121
8017
10203
14482
15439
18769
18727
17570
14898
12799
8925
3248
-331
-3891
-6779
-9852
-10940
-9971
-8686
-8699
-7953
-6415
-5351
-5541
-6592
-7120
-6697
-6549
-6491
-4629
-1197
1705
4790
8819
11483
13628
13446
12008
10035
6631
1150
-2534
-5866
-9110
-11541
-12113
-11331
-9628
-8218
-7047
-4366
-2518
-1901
-1796
-1276
-1431
-2241
-2850
-3105
-2056
-1914
2803
7250
9828
14234
15173
18663
19082
17821
15473
12714
8901
3321
-1231
-5016
-7890
-10539
-12211
-10824
-8921
-8526
-7378
-5707
-4821
-4781
-5314
-7039
-6815
-6431
-6684
-4957
-1534
1367
4715
9066
11127
12715
12619
10844
8301
4749
109
-3927
-7142
-10135
-11910
-12401
-11295
-9875
-8588
-6420
-4233
-2526
-1358
-914
-1080
-1053
-1626
-2835
-2475
-2340
-2128
654
6696
8388
12404
14476
16981
19108
17559
15526
12990
10119
4394
-600
-4013
-6487
-9253
-11194
-10474
-7722
-7203
-6643
-5907
-4707
-4542
-5572
-7232
-7601
-6344
-6285
-4698
-1843
1955
4830
8216
10504
11839
11839
10458
8578
5881
2023
-2601
-5315
-7637
-9831
-11389
-11195
-9703
-8443
-6891
-5167
-3041
-1307
-657
-736
-395
-483
-1839
-2173
-2237
-1494
-364
5322
7848
11242
14738
16099
18855
17582
16083
13284
10425
5624
710
-2995
-6011
-8074
-10415
-10611
-8395
-7758
-7772
-6922
-5664
-5654
-5587
-6433
-7381
-5430
-4927
-4151
-1980
1804
3367
6159
8566
9348
9926
9405
7981
5506
3528
-1113
-3668
-5919
-8449
-10886
-10451
-9711
-9088
-7094
-5674
-3237
-938
-291
-519
383
626
-1062
-1569
-1694
-1933
-1096
1422
6355
8142
12664
13534
16362
17877
15595
14381
12006
9059
4207
224
-2942
-4793
-7459
-10175
-9642
-8066
-8485
-8678
-7898
-7151
-6368
-6263
-7707
-6477
-5025
-4550
-3451
-560
1154
3013
5506
6752
8198
8547
7943
6552
5813
2036
-862
-3086
-5681
-7742
-9192
-9521
-9176
-7770
-7007
-5055
-3075
-1810
-1128
-38
526
-64
-451
-1337
-1664
-887
-1041
3848
7002
9440
12288
13595
17125
16509
16020
14514
12458
9438
4945
1030
-1996
-5146
-8982
-11223
-10106
-10057
-10582
-10050
-8499
-7081
-6102
-6315
-6576
-4715
-3818
-3841
-2558
-115
567
2224
4415
5771
6935
7628
7616
7320
6255
2921
522
-1429
-3966
-6970
-8312
-8359
-8231
-7876
-7043
-5046
-3101
-1551
-743
533
1235
1057
90
-169
-965
-855
-1323
3395
5653
7769
10570
12439
16756
16446
16893
15948
15073
12206
6819
2313
-1138
-4844
-9858
-11864
-11414
-11773
-11932
-11384
-9709
-7733
-6827
-7207
-6267
-4744
-4815
-4820
-3753
-2202
-1404
424
2585
4813
6641
7981
9140
9042
7791
5079
2657
156
-3422
-6823
-8096
-9071
-9758
-9434
-8162
-5927
-3975
-2444
-737
922
1784
1022
678
356
-337
-1204
-1560
3046
3822
6797
9430
12552
16527
16405
17343
17274
16215
11745
6249
2014
-1292
-6122
-10896
-13070
-12448
-12825
-13036
-11806
-9467
-7430
-7018
-6232
-5713
-4519
-5093
-4802
-4256
-2472
-2112
-237
2623
4753
6918
8449
9631
9855
8875
6173
4715
1366
-1752
-4875
-6910
-8019
-8738
-8763
-7789
-5723
-4035
-2293
-504
1047
1708
1433
771
-24
-1059
-1686
-2983
664
2758
4520
8894
11100
15725
16835
17681
17920
16497
13044
8097
4160
-93
-4427
-9599
-12729
-12739
-13170
-13783
-12764
-10785
-9285
-7627
-6765
-6669
-5416
-4533
-5018
-3822
-2547
-2299
-205
2607
4424
6108
8385
9714
11058
10456
8604
6346
4741
977
-2723
-5294
-6911
-8792
-9236
-8867
-8019
-5841
-4112
-2708
-407
808
240
553
-106
-822
-1767
-2247
-1704
2850
3870
7819
9945
13868
16812
16863
18219
16915
14841
10248
5789
735
-3247
-8671
-13203
-14686
-14501
-15610
-15126
-13350
-11296
-8981
-7047
-6083
-4898
-2783
-2935
-2562
-1475
-1192
-692
1759
3527
4855
7168
9548
11067
12169
11235
9256
7939
5163
502
-3112
-5688
-8137
-9892
-10497
-10049
-8302
-6212
-4381
-2305
-211
631
770
1317
564
-672
-1444
-1763
2272
3635
5540
9253
12294
16516
16725
17554
17672
15678
11810
5816
1478
-3105
-8851
-14260
-17034
-17168
-17779
-17290
-16215
-12655
-9314
-7261
-5401
-3488
-1951
-1337
-1069
-1499
-1253
-696
35
2077
4047
5732
8897
11607
13256
13377
12423
11023
8299
4297
-226
-4127
-6997
-10088
-11853
-11837
-10890
-9600
-6901
-4429
-1797
359
1564
2066
2213
1565
326
321
203
3273
3667
7583
10010
13199
15741
16074
17562
16228
13316
8911
4361
-712
-5491
-11178
-15829
-17473
-17317
-18134
-16527
-13782
-10570
-6810
-4080
-2435
-1326
254
-286
-694
-843
-1228
-1081
800
2628
4704
7983
11318
14160
15319
15400
13536
12070
8088
2565
-2806
-6958
-10740
-13180
-14446
-14801
-12667
-10250
-7089
-4173
-1001
888
2573
3049
2802
1754
980
-579
1502
3411
4465
7498
9027
13358
13833
14771
14612
13004
10080
5301
214
-4555
-9142
-14673
-17735
-17973
-17738
-16871
-14326
-10628
-6463
-3851
-1976
-659
640
1199
278
-457
-439
-373
553
2447
4717
7586
11185
14555
16321
16758
15409
13121
10130
4784
-1656
-6710
-10141
-13752
-15964
-16628
-15477
-12768
-9599
-6372
-2814
445
2564
4110
4311
4141
2288
1368
433
2499
2724
4289
6870
8971
12634
12615
13655
13639
11593
7991
3336
-1267
-5518
-10106
-14953
-16968
-16429
-16184
-14583
-12016
-8460
-5023
-2383
-748
532
1621
1744
987
385
742
737
2544
4842
7472
10363
13767
16323
17191
16562
14487
11175
6770
828
-5446
-9903
-13669
-17076
-18083
-17609
-15721
-12239
-8557
-4817
-942
2054
3917
5002
4587
3510
2288
1296
-602
1763
1690
3999
6214
7731
11015
11114
12392
11608
9813
6296
2154
-2049
-5887
-9873
-14038
-15356
-15008
-14370
-12895
-10622
-7156
-3689
-942
683
1779
2986
2783
2404
2020
2428
3263
4951
6970
9152
11535
13806
15024
14797
13582
10512
7314
2405
-3275
-8366
-12292
-15347
-17474
-18195
-17082
-14287
-10936
-7465
-3480
-146
3041
4737
5162
5411
4325
2701
1494
-597
1060
1214
2019
4305
5471
8884
9391
10492
10619
9578
7135
3422
-360
-4218
-8050
-12127
-14213
-13924
-13716
-12416
-9805
-6588
-2615
-49
1969
3240
4510
4756
4513
4062
3999
4436
5034
6687
7853
9093
10650
11928
11757
10658
8036
5034
1423
-3590
-8601
-12478
-15373
-17034
-17789
-16837
-14372
-10833
-6597
-2494
986
4324
6116
7331
6787
5485
2974
1231
-1437
-1765
-635
-918
2493
3638
7756
9648
11007
12326
11352
9432
5764
1732
-2572
-5872
-10343
-13343
-13234
-12625
-11314
-8550
-5488
-1844
1454
3749
4747
5790
5886
5308
4340
3832
3227
2546
3793
4279
5256
6614
8220
8545
8309
6755
3962
1051
-3621
-8554
-12152
-14569
-16815
-17753
-16375
-13627
-9586
-5757
-2315
1761
5157
6901
7202
6449
4492
2613
138
-1888
-3861
-2113
-1520
1045
3861
5923
9659
10367
11857
11520
9888
6615
2991
-629
-3912
-7328
-10814
-11663
-10190
-8764
-6853
-3990
-657
2919
4733
5568
5813
5835
5125
3524
1791
495
-132
-115
800
1630
2898
4888
6214
6089
5145
3103
628
-2284
-6150
-9925
-11916
-13675
-14587
-13384
-11457
-8681
-5239
-1816
1406
4193
5701
5964
5633
4691
2524
160
-1231
-3324
-2677
-869
-449
2832
4394
7904
9913
10807
11805
10484
9071
6149
2571
-830
-3767
-6399
-8261
-7680
-7006
-5416
-2920
-904
1849
3262
4322
4067
3966
2898
1422
-159
-1832
-1964
-2521
-1737
-1416
136
1958
3360
4223
4210
3885
2605
878
-2035
-5086
-7444
-9444
-10878
-11570
-11094
-9513
-7055
-4440
-1928
854
3038
4674
5147
4765
3415
2139
-180
-1901
-4494
-3080
-2132
-1296
1723
3179
7698
8883
10862
11992
11511
10230
7298
4433
2074
-603
-4346
-6025
-5407
-5291
-4695
-3635
-2011
468
1818
1607
1209
969
-72
-1506
-3342
-4652
-5226
-5171
-4156
-2918
-874
1505
4115
6121
7228
6993
6052
4115
948
-2534
-6011
-8575
-10942
-11688
-11295
-9595
-7454
-4644
-1508
1677
3882
4913
5435
4971
3138
478
-1914
-3930
-6225
-4330
-3410
-1303
2572
4758
9633
11875
13868
14856
14368
13091
9701
6286
2972
-212
-4076
-6180
-6098
-6337
-5227
-4591
-3110
-909
-91
-532
-1341
-2135
-3323
-4753
-6935
-7344
-7175
-6332
-4137
-1493
1345
4945
8175
9516
10461
9210
7351
4347
117
-4682
-8107
-10293
-12043
-12356
-11584
-9335
-6095
-3266
-309
2248
3957
4464
4189
3131
647
-1347
-3899
-4880
-6278
-3721
-1899
1108
5628
7661
12689
14244
16054
16613
15250
12910
9640
5979
2093
-1051
-4952
-6797
-6611
-7166
-6849
-6008
-4936
-3536
-3392
-4085
-4521
-4706
-5373
-6077
-6790
-6148
-4707
-3212
-789
1849
4383
7194
8955
9307
9484
7442
5289
2283
-1357
-4886
-7791
-9691
-10850
-10740
-9857
-8103
-5642
-2820
-830
936
2365
2720
2612
1668
-298
-1385
-2716
-3335
-4647
-2554
746
2667
6691
7935
12538
14724
15170
15913
14347
12640
9725
5557
2162
-605
-4354
-7248
-7407
-8116
-8415
-7889
-7756
-6085
-5284
-5100
-5228
-4409
-4144
-4338
-4195
-3818
-2468
-1609
435
1833
3608
5731
7299
8000
7826
6282
4515
2775
-678
-4038
-6514
-8352
-9590
-9841
-9438
-7958
-6259
-4070
-1867
94
1567
2093
2555
2712
1498
125
-987
-1275
-2670
-952
1462
2629
7173
7708
11749
13773
13887
14714
13511
12001
9096
5290
1578
-808
-4298
-7365
-8229
-8904
-9039
-8371
-8347
-6526
-5004
-4491
-3726
-3013
-2672
-2411
-2453
-2866
-1987
-1586
-139
907
2370
3944
5593
6237
6710
5616
4682
3334
455
-1913
-4705
-6068
-7705
-8460
-8661
-7614
-6449
-4495
-2850
-1404
569
1538
2173
2722
2186
1031
200
-594
-1736
-1926
819
1263
4277
5770
7717
11493
11642
12676
13094
12355
10547
7370
4177
1635
-1455
-5751
-8145
-8576
-9861
-9678
-9854
-8139
-5442
-4347
-3653
-2198
-1056
-1339
-1545
-2808
-2784
-2856
-3017
-2312
-780
741
2786
4871
6411
7343
7320
6506
4775
2456
-901
-3698
-5913
-7953
-9365
-9649
-8820
-7322
-5337
-2686
-431
2085
3661
4416
4508
3407
2036
-35
-1374
-3918
-3223
-1526
-979
2675
3795
8560
11984
13242
15553
15607
14694
12157
7951
3405
-274
-4996
-9448
-10529
-11473
-11188
-9856
-8621
-5483
-2715
-1764
-1022
-835
-1849
-2784
-4819
-6713
-6883
-6634
-5753
-3167
-533
2797
6942
9241
11219
11755
10689
8819
5285
921
-3270
-6449
-9468
-11084
-11566
-10599
-8391
-5400
-1896
1451
4322
5902
6324
5504
3739
759
-1986
-4571
-6451
-7307
-4225
-2758
1474
5539
8977
14653
15509
17254
17406
15144
11821
6953
1962
-2300
-5768
-10036
-11127
-10516
-9999
-7777
-6169
-3990
-1640
-1272
-1877
-2374
-3878
-5512
-6771
-8642
-8360
-6836
-4948
-2069
1620
4879
8869
11482
12128
12328
10724
8254
4412
-159
-4508
-7211
-9573
-10767
-10150
-8700
-5623
-2547
-10
2468
4277
4783
4412
2780
394
-2108
-4949
-6759
-7723
-7354
-6624
-977
2366
6843
11090
13062
17335
16369
15601
13971
10758
6978
2906
-1236
-3500
-5354
-8093
-8225
-6841
-6491
-5508
-4944
-5001
-3974
-5006
-6549
-7286
-8124
-9036
-8682
-8281
-6745
-3778
-1001
2443
5984
8580
10776
12031
11553
10234
7600
4599
1298
-2113
-5276
-6789
-7581
-7291
-6100
-4429
-2307
-481
705
1424
1417
461
-801
-2226
-4100
-5094
-5895
-5824
-4455
-2542
-1320
4174
6439
9278
12027
11927
14603
12791
11640
10480
8204
5769
3000
548
-1016
-2163
-5131
-6176
-5316
-6674
-6683
-7645
-8039
-7300
-7803
-8990
-8517
-7677
-7654
-5819
-4923
-2816
7
2428
4636
7090
8070
9221
10416
9215
8252
5756
4187
1937
-241
-2628
-3657
-3715
-4389
-4179
-3681
-2780
-2567
-2206
-2521
-2237
-2381
-2975
-2780
-2625
-2684
-3126
-1865
-1319
-179
-144
3346
4999
7095
8927
8207
12294
11375
11024
10858
9150
7495
4972
1838
-689
-2437
-5973
-7975
-7953
-9741
-10052
-10391
-10320
-8739
-8387
-8497
-7151
-5809
-5138
-3416
-2657
-1301
750
1947
3686
5534
6609
8084
9190
8756
8062
6935
5420
3327
979
-1669
-3166
-4321
-5739
-6192
-5919
-5325
-4752
-3532
-2817
-1681
-1135
-905
-662
-1031
-1228
-2455
-2188
-2755
-1908
-2101
1106
4093
5398
8950
9000
12759
12849
12101
12367
10555
8459
5333
1695
-1052
-3242
-7068
-9462
-9157
-10149
-9881
-9409
-9244
-6968
-6048
-6054
-5271
-4411
-4283
-3139
-2848
-2446
-151
1226
3320
5317
6794
8443
10208
10050
9341
8160
6330
4299
971
-1531
-3978
-5177
-6028
-6601
-5820
-4628
-3491
-2338
-1370
-987
-802
-1315
-1793
-2388
-3024
-4041
-3851
-3882
-2978
-2430
-381
4496
5129
9038
9354
11786
13646
11536
11317
9809
7524
4819
1411
-1799
-3252
-5311
-8203
-7979
-7748
-8424
-7211
-8020
-6832
-5721
-6364
-6192
-4981
-4959
-4410
-3102
-2936
-416
1414
2911
5382
7679
8905
10323
10553
9829
8447
6520
4356
1468
-945
-3427
-4329
-5097
-5415
-5312
-4417
-3526
-3218
-2714
-2855
-2733
-3192
-3855
-4001
-4206
-4432
-4285
-3305
-2603
-957
-702
3730
5862
6968
9540
8867
12004
10945
9705
9839
8108
6492
4080
1108
-666
-1914
-5453
-7124
-6743
-8445
-8542
-8879
-9046
-7550
-7523
-7772
-6602
-5288
-5133
-3449
-2390
-893
1523
2927
5314
7080
8624
9272
10445
9799
8957
7446
5546
3840
702
-1609
-3477
-4572
-6025
-6410
-6469
-5930
-5681
-5445
-5075
-4594
-4394
-4404
-3692
-3013
-2576
-2542
-1727
-1433
-253
-473
1496
5341
5376
9073
9372
11577
13519
11507
12282
11389
8936
6328
3123
-58
-2181
-5644
-9210
-9348
-10095
-11083
-10584
-10613
-8959
-7256
-7168
-5881
-4189
-3874
-2552
-1136
-449
1590
3333
4942
7505
9037
9664
11380
11826
10880
9226
6971
4822
1713
-1635
-5032
-6727
-7922
-8898
-9086
-8107
-7238
-5803
-4687
-3571
-2484
-2276
-1507
-1153
-1559
-2129
-1825
-1821
-1227
-273
-192
4963
6627
8828
11219
10919
14426
12761
11462
10949
8303
5327
2260
-1769
-4240
-6570
-10327
-11773
-10849
-11568
-10669
-9461
-8706
-5735
-5170
-4824
-3199
-2687
-2550
-1024
-293
898
3053
4408
6393
9130
9893
11208
11725
10615
9030
6341
3480
-49
-3743
-6941
-8538
-9814
-9991
-9521
-7813
-5986
-4302
-3277
-1580
-924
-866
-658
-848
-705
-966
-711
-671
660
642
1774
2179
6569
7416
8477
10239
9080
11681
8832
7237
6496
3924
1030
-1625
-4407
-5925
-7015
-9313
-9693
-7601
-7847
-6485
-5406
-4961
-2853
-2949
-3240
-2982
-2540
-2637
-790
-60
1095
3661
5131
7628
9142
9288
9688
9580
7552
5582
1883
-329
-2984
-5846
-7458
-8343
-7843
-7464
-6176
-4769
-2802
-1615
-563
122
380
704
156
124
67
-344
-131
-380
265
398
1648
1137
4854
5072
5108
6730
4478
6745
4588
3025
3753
2200
595
-304
-1859
-2429
-2811
-4802
-5142
-3256
-4482
-4233
-3722
-4057
-2547
-3473
-3747
-2831
-2273
-2108
-333
426
1465
3300
4203
5913
7072
6648
6731
6647
5029
3200
694
-956
-2797
-4650
-5767
-5737
-5188
-4284
-3211
-1785
19
421
821
1273
939
321
-215
-794
-808
-1114
-1504
-1546
-1067
-1344
-1341
-1939
41
1580
629
3274
1840
4545
4949
3746
6106
5285
4152
3390
2004
821
232
-2073
-3289
-2051
-3307
-3691
-3659
-4402
-3507
-4057
-4730
-4175
-3742
-3638
-2197
-1245
-404
1270
2376
3909
4982
4702
4709
5033
4094
2858
1112
-9
-254
-1767
-2255
-2194
-1976
-1025
-617
-233
297
521
-65
-49
-1005
-2182
-2503
-3044
-3169
-3469
-3513
-3595
-3072
-3109
-3415
-3112
-3269
105
-196
1797
3124
3499
6890
6198
7274
8705
7999
7576
6749
4512
3596
1672
-995
-2189
-2661
-4775
-4415
-5180
-5706
-4487
-5219
-4816
-3990
-3829
-3495
-1737
-1808
-689
688
1168
2994
4094
4537
5790
6381
6041
5835
4538
4135
2716
1482
478
-176
-822
-1255
-1650
-2030
-1833
-2913
-2835
-3283
-4030
-4604
-5018
-4975
-4925
-5099
-5112
-4266
-4264
-3737
-3872
-3492
-2266
1063
796
3933
5179
7060
10806
9063
10908
11232
9503
8302
5831
3237
1849
-634
-3894
-3797
-4779
-6341
-5740
-6997
-6266
-5828
-6741
-6175
-5244
-5591
-4745
-3267
-2578
-534
951
2985
5403
7344
7947
9377
9460
8679
7536
5436
4045
1717
-456
-2006
-3009
-3859
-4326
-4869
-4481
-4171
-4575
-4606
-4674
-5238
-5563
-6179
-5922
-5457
-5249
-4384
-3782
-2656
-2167
-1237
-892
1321
4660
4606
7960
7719
9994
11680
10320
11800
10909
8848
7747
4680
2408
342
-2632
-5148
-5418
-6835
-7935
-7162
-8503
-6967
-6803
-7090
-5746
-4949
-4571
-2665
-775
167
2952
4184
6557
8869
9532
9791
9923
8743
7034
5174
2157
507
-1853
-3544
-4499
-5538
-5969
-6237
-5423
-5581
-5704
-5852
-5792
-5783
-6029
-6181
-5305
-3990
-3146
-2058
-838
80
689
737
617
852
2176
4901
4763
8296
7765
10766
11923
10139
11439
9594
7384
5038
1747
-1139
-2822
-6243
-8207
-8065
-8416
-8173
-7348
-7072
-5153
-4116
-3841
-2352
-1853
-967
-71
917
1949
3435
4481
5929
7298
7508
8079
7116
6254
4630
2110
402
-1856
-4175
-5492
-6545
-7185
-7096
-7096
-6548
-5446
-5048
-4790
-3828
-2954
-3327
-2766
-2628
-1680
-685
-674
261
789
1815
1053
1801
1532
3248
5983
5109
8702
7747
9861
10360
8163
9063
6742
3844
1663
-1350
-3361
-4901
-6919
-7540
-5905
-5288
-4441
-2506
-2454
-478
-958
-1691
-1490
-2524
-3208
-2704
-1671
-381
1300
2807
5253
6781
7271
6786
6086
4497
2641
-570
-2945
-4595
-6949
-7162
-7525
-6582
-5278
-4217
-2819
-1712
-1305
-1448
-1080
-1466
-1694
-1671
-1609
-727
46
666
1764
2394
2265
2274
1779
1242
1036
3575
3013
4634
5111
4757
7382
5007
5033
5277
3166
2106
507
-894
-747
-1683
-2955
-2240
-1154
-1642
-1011
-2020
-2631
-2272
-4022
-4494
-4608
-4658
-3759
-1544
65
1436
3061
4300
5342
5104
3668
2212
1242
-405
-2242
-3868
-4229
-4662
-3767
-3270
-2298
-1003
-579
74
589
203
-712
-645
-1378
-1052
-1538
-1524
-205
348
1223
1465
1922
1197
1098
-939
-1393
-2970
-1029
104
458
3754
3015
7350
6651
6664
8233
6189
4490
2814
253
-444
-1629
-3953
-3554
-2400
-3250
-2895
-3031
-3789
-2642
-4330
-4628
-3916
-4421
-3821
-2570
-1298
-384
534
1191
2311
2722
1414
1504
974
684
405
-654
6
336
583
967
1084
1140
1039
619
415
-214
-1321
-1532
-1409
-1488
-1031
-1226
-253
437
361
141
-212
-1228
-2249
-3034
-4027
-3399
-3505
1178
1895
5612
6906
7911
10402
7296
8053
6306
3372
1902
-769
-1484
-1305
-2298
-2390
-805
320
-257
140
-1981
-2494
-4113
-6445
-7044
-7894
-7805
-6733
-4474
-2573
-549
924
3072
4771
4547
4512
4382
4325
3942
2804
2178
2479
1974
1422
1513
1124
922
413
-382
-710
-1595
-2983
-3091
-3395
-3573
-3844
-3745
-3020
-2316
-2221
-2112
-1646
-1753
-2151
-2576
-2493
-2838
-393
1927
2738
5848
4411
7033
6762
4939
6394
4265
3325
2810
1439
1981
1744
353
197
532
-804
-2559
-4608
-7136
-7494
-9196
-10086
-8889
-7986
-5414
-2844
-84
2328
3729
4969
5963
5913
5206
4633
4360
4153
4127
3204
3746
4089
3172
3445
2126
1091
104
-1461
-2763
-3642
-5364
-5818
-5464
-5527
-4673
-4181
-3309
-1686
-1318
-840
-949
-1124
-2186
-2839
-3686
-3903
-3713
-1671
2791
3733
7248
6993
9676
9491
7594
8002
5484
4134
2372
267
-96
-1234
-3063
-3471
-3033
-4066
-4648
-5212
-6065
-4949
-6189
-5658
-4476
-3150
-1693
36
1775
3048
3988
3800
4865
5034
4782
5084
5641
5978
5856
4854
4868
3959
1848
628
-1325
-2424
-3403
-5118
-5218
-5215
-5953
-5427
-4815
-4010
-3569
-3423
-2614
-2434
-2239
-2791
-3006
-2582
-2975
-2588
-2616
-907
-237
3641
6085
7114
9279
7423
8871
6444
4086
3899
1304
-310
-779
-1937
-591
-481
-1040
-516
391
-637
-1602
-2888
-4269
-4123
-5293
-5278
-4152
-3230
-1824
135
1802
3251
3555
4253
5630
5863
5287
4915
5176
4953
4153
2912
2203
1193
-504
-1794
-3374
-4261
-4905
-5965
-5476
-5525
-5799
-5538
-4715
-4329
-4028
-3907
-3925
-2601
-2838
-2340
-1865
-1005
-1020
-264
-344
490
885
3359
4958
4961
6062
4022
5510
3612
2352
3401
2258
2243
2237
1768
3145
2769
1844
1393
1406
-509
-2118
-3937
-5514
-5200
-6646
-5553
-4280
-2869
-1276
452
2319
3575
3376
3850
4823
4684
4105
3592
4235
3730
2945
1672
1364
566
-1279
-2337
-3153
-3585
-4618
-4986
-4754
-4687
-5060
-4952
-4322
-3724
-3637
-3739
-2829
-1498
-1209
-903
-60
607
1042
475
174
48
-546
-194
2989
2657
4742
3931
4737
6822
4398
6161
6636
5962
6256
4770
4779
4804
2289
666
-99
-1238
-3447
-4510
-6041
-5127
-5393
-5522
-3440
-2552
-1517
-1201
-321
759
630
374
1054
2088
2270
2467
3463
4168
4305
3123
2655
1601
-84
-2273
-3795
-4022
-4932
-5864
-6059
-5478
-5300
-5365
-5014
-3873
-3299
-2698
-2172
-886
-162
-266
263
74
509
-772
-1137
-1492
-1111
-1355
194
3795
3881
6565
5908
7342
7407
5583
7000
6198
5322
4418
3279
3910
2894
1016
-60
-247
-1203
-3161
-3973
-5426
-5308
-6456
-6413
-5287
-5119
-4598
-3854
-1821
-350
405
1193
3433
4639
5123
5356
5701
5596
4232
2832
977
-384
-2898
-4126
-4562
-4738
-4944
-4880
-3983
-3323
-3418
-3780
-3148
-3103
-2606
-2376
-1618
-1067
-445
-331
537
844
-74
-412
-736
-773
-977
-1444
1210
4070
4669
6433
6039
7851
7411
5993
7550
6601
5785
4911
3929
3800
2299
-92
-1472
-2200
-4218
-5861
-7203
-8131
-7731
-8231
-6642
-4894
-3967
-2411
-621
1484
3122
2913
3464
5127
5364
5051
4456
4258
3942
3001
895
91
-1470
-2525
-2981
-3354
-3193
-3211
-3149
-2560
-2454
-3098
-3396
-3511
-3081
-2957
-2587
-1935
-725
-68
145
383
514
496
-163
-873
-939
-840
-511
1301
4746
5815
7881
7792
8297
8701
6012
6394
4849
3478
1832
191
83
-950
-2571
-3678
-3727
-4080
-4881
-5873
-6031
-5617
-5374
-4853
-3687
-2717
-1476
-547
1136
2148
2434
2576
3465
4371
4210
3592
3308
2974
1578
221
-818
-1664
-2860
-3730
-3538
-2975
-3030
-3288
-3340
-2907
-3254
-4148
-4426
-4030
-3407
-3010
-2357
-1535
205
536
915
1787
1585
1652
1306
1367
1152
1314
399
3266
4721
4859
5448
3819
4973
3175
2455
2882
1986
1765
1461
1699
1977
882
-1057
-1610
-1956
-3316
-4376
-5189
-4642
-3609
-3484
-1766
-236
882
1860
2425
3011
3092
1832
1598
2262
1863
1315
965
1071
889
241
-521
-666
-1044
-1678
-1702
-1994
-2057
-2389
-3034
-3136
-3309
-3786
-3842
-3038
-2161
-851
146
1319
2426
3129
3137
2823
2120
1086
656
-624
-1108
-2014
-1919
-2004
-12
1756
2950
3976
2885
4062
2849
2895
2924
2667
2607
2169
1926
1528
1514
47
-780
-801
-774
-571
-1010
-1086
-133
-33
0
-408
-953
-1605
-2114
-2568
-2716
-2945
-2912
-1866
-805
-48
296
899
1105
1013
-276
-1136
-1642
-1933
-2166
-1923
-1382
-786
-443
-448
19
-308
-382
-833
-1022
-715
-690
-620
-202
164
-6
-297
-387
-940
-1329
-2151
-2461
-2623
-2885
-2926
-2151
512
1324
3505
2858
3286
3944
2793
4466
3871
4858
4975
4577
5606
4892
4273
3339
2301
2063
1395
540
-667
-1625
-2575
-3026
-3868
-4670
-5359
-5684
-5197
-4855
-4188
-3442
-2350
-851
567
1441
2037
2124
2268
2110
2256
1969
1993
1956
2177
2414
2426
1946
1163
230
-1234
-2351
-3686
-4404
-4577
-4339
-3990
-2983
-2462
-1572
-1278
-1140
-1648
-1722
-2426
-3037
-3204
-3305
-2566
-2114
-997
1149
3694
5585
5756
6426
6138
6277
6678
5628
6241
4793
4420
4270
3881
3698
1881
1557
356
221
-1118
-2655
-3288
-4833
-5011
-5581
-5480
-5611
-5718
-5236
-4400
-3230
-2496
-1343
153
1790
2989
3791
4630
5021
4902
4883
4104
3757
2658
1865
1352
478
-67
-965
-1445
-2356
-3147
-3891
-4164
-4380
-4494
-4426
-4357
-4032
-3898
-3966
-3791
-3916
-3471
-2925
-2256
-1230
-270
815
1648
2469
3043
3891
4654
5130
4537
4412
3529
3226
3134
3477
4595
4658
5247
4932
5064
4739
3441
2032
355
-1107
-2597
-3618
-4531
-4938
-5372
-5695
-5121
-4848
-4400
-3920
-3424
-2459
-1855
-1080
-393
357
720
1349
1969
2142
2488
2296
2670
2530
2356
2046
1772
1417
894
318
-594
-1452
-2638
-3740
-4284
-4526
-4539
-4139
-3371
-2147
-1078
-29
548
1328
1390
1408
872
866
486
326
480
589
1172
1095
1618
1417
1535
1239
1057
1201
1187
1051
1024
889
471
341
58
-122
-5
-45
-89
197
-176
-180
-375
-425
-586
-605
-586
-484
31
289
1040
1735
2330
2628
2926
3017
3065
2880
2435
2075
1685
1326
1019
392
-316
-644
-1316
-1879
-2697
-3846
-4363
-4726
-4663
-4677
-4137
-3164
-2215
-1288
-846
-209
91
19
50
51
209
300
559
1083
1852
2203
2520
2656
2540
2345
1815
1227
834
595
424
464
377
495
557
751
749
519
352
266
199
-3
-304
-691
-437
-525
-544
-543
-756
-753
-732
-646
-871
-727
-879
-644
-343
-407
-501
-554
-519
-629
-968
-1422
-1576
-1682
-2136
-2487
-2998
-3116
-3120
-3291
-2813
-2439
-1602
-890
131
834
1234
1543
1394
1360
1015
882
701
1027
1209
1673
2384
2808
3420
3413
3532
3443
3100
2503
1854
1474
1080
597
634
481
492
531
280
286
21
-351
-566
-591
-1245
-1473
-1867
-1853
-1624
-1999
-1724
-1554
-1138
-1096
-990
-927
-672
-273
11
732
702
1425
1591
1848
1733
1130
934
733
368
-273
-580
-858
-691
-766
-666
-461
-233
-109
97
823
1052
1249
245
-1332
-3189
-4453
-4118
-1965
241
1288
871
98
-117
366
1783
3128
3440
2926
1845
1382
1263
1636
1656
1739
1386
978
898
597
848
567
195
-408
-933
-1335
-1415
-1568
-1805
-2151
-2459
-2760
-2793
-2300
-1937
-1187
-666
-141
410
666
849
913
650
244
-62
-261
-457
-753
-897
-897
-938
-1068
-876
-596
-398
-200
-88
-62
-484
-1151
-1667
-2081
-2115
-2136
-1775
-1204
-697
0
705
1507
2088
2537
1980
1672
1435
1491
1912
2105
2121
1595
1245
1210
1542
1884
2279
2292
2167
1861
1409
876
306
-477
-1143
-1217
-1410
-1453
-1395
-1309
-971
-780
-600
-742
-624
-834
-768
-547
-557
-377
-990
-473
-728
-958
-871
-1027
-368
167
260
-86
27
-297
69
708
1561
1974
890
548
794
784
-165
-726
-1648
-2918
-2381
-1448
-456
-876
-1256
-900
-627
-528
-758
-685
-1166
-916
-333
443
1337
1736
1965
2189
2907
3290
3332
3257
2974
3041
2462
1872
1612
1432
1343
974
358
-379
-686
-743
-916
-1623
-2238
-2561
-2625
-2730
-2936
-2969
-2665
-2467
-2265
-1672
-1043
-532
17
430
772
912
656
783
954
1108
878
664
880
1338
1468
1112
1017
57
-830
-1154
-519
-293
-477
-785
-1003
-370
369
821
1139
627
469
660
778
867
818
556
574
784
899
1347
1129
607
122
30
-282
-288
-407
-782
-773
-1119
-1397
-1944
-2787
-3394
-3640
-3877
-3728
-3451
-3111
-2482
-2012
-1454
-517
225
973
1660
2101
2435
2500
2828
2732
2721
2310
1934
1567
1169
869
421
123
-162
-278
-196
-249
-382
-538
-696
-679
-801
-465
306
1370
2046
2471
2666
2912
3332
2974
2391
1770
971
-29
-579
-1398
-1780
-2113
-2432
-2226
-2184
-1754
-1645
-1166
-1099
-967
-956
-1069
-854
-1011
-1248
-1351
-1335
-1459
-1336
-1416
-987
-746
-516
-48
383
927
1167
1481
1472
1704
1830
1801
1785
1541
1513
1255
1469
1561
1742
1607
1326
1032
508
200
-118
-532
-776
-946
-827
-638
-42
715
1239
1812
2129
2560
3071
3203
2785
2166
1385
786
-4
-774
-1545
-2143
-2778
-3144
-3346
-3575
-3535
-3567
-3697
-3272
-3094
-3032
-2662
-2579
-1938
-1923
-1706
-1502
-1387
-1039
-468
213
401
949
1036
1427
1461
1111
940
735
732
493
453
299
279
218
258
551
767
959
805
663
499
427
572
726
773
873
710
820
1000
1283
1530
1529
1646
1636
2054
2376
2670
2723
2541
2373
2045
1395
925
111
-636
-1370
-2012
-2561
-2869
-3035
-3225
-3273
-3408
-3285
-3238
-3025
-2926
-2761
-2538
-2540
-2351
-1981
-1281
-690
49
597
946
1323
1546
1950
2268
2512
2654
2508
2273
1611
740
141
-85
-215
132
596
844
826
944
1016
1023
1147
833
846
776
747
618
391
287
475
980
1105
1433
1496
1402
1285
1043
901
868
964
730
564
129
-230
-282
-623
-915
-1220
-1629
-1759
-1927
-1969
-1839
-1756
-1601
-1533
-1219
-1081
-1204
-1298
-1310
-1106
-1124
-1088
-978
-266
-126
-114
226
516
842
613
415
336
303
26
-3
-87
-153
-409
-567
-152
336
745
726
635
557
587
523
80
98
-134
-579
-671
-530
-226
-37
270
490
800
859
777
595
379
208
-35
-240
-209
-320
-213
-128
30
184
13
-234
-462
-402
-549
-652
-905
-839
-783
-862
-618
-400
-138
-113
-44
-17
-353
-974
-1512
-1439
-1569
-1376
-1320
-1027
-732
-415
108
465
758
970
1222
1196
1222
1213
1470
1275
1427
1429
1369
1527
1432
1250
1172
1058
751
505
211
123
165
-197
-152
-149
-296
-288
-261
241
541
736
695
850
1139
1512
1656
1439
1243
875
536
220
-8
238
424
480
237
-156
-188
90
464
356
34
-561
-1186
-1537
-1407
-836
-754
-1164
-1618
-1981
-1812
-1370
-994
-905
-1111
-1194
-969
-300
34
33
-360
-487
76
624
641
328
10
-91
209
497
796
389
-475
-1060
-1360
-1059
-428
-326
-382
-725
-661
-357
-150
251
698
509
726
741
912
1043
1259
1669
1487
1304
818
494
316
254
410
144
-395
-771
-805
-776
-966
-1123
-1185
-1071
-863
-913
-839
-655
-351
-52
395
385
69
-213
-640
-374
-269
-346
-593
-991
-898
-745
-113
136
-237
-561
-624
-230
52
108
125
-41
-682
-743
-202
555
451
-468
-682
-506
-229
472
688
542
261
12
631
1204
2005
2469
2249
1963
2085
2739
2820
2571
1978
1267
852
735
171
-261
-609
-866
-1075
-1212
-1285
-1013
-694
-588
-728
-930
-1074
-649
-91
255
595
439
-63
-244
68
380
359
-106
-535
-903
-941
-790
-580
-563
-894
-1163
-1525
-1573
-1340
-992
-640
-647
-781
-596
206
681
775
525
689
662
288
38
65
11
-55
-10
212
552
742
1159
1403
1496
1653
1871
1884
1593
1339
1149
1148
896
315
-132
-77
204
231
73
53
14
-31
-152
2
-293
-711
-967
-1076
-1043
-893
-708
-377
-298
-518
-386
-392
-189
-327
-886
-1208
-1438
-1729
-1695
-1875
-1691
-1652
-1507
-1255
-938
-608
-200
301
678
1217
1164
1342
1407
1319
1308
1060
830
630
266
192
184
65
-14
-156
-209
-74
42
216
254
-112
-310
-527
-522
-638
-715
-439
-232
-77
-33
268
349
619
854
891
881
623
404
102
-223
-401
-454
-516
-525
-406
-433
-371
-470
-584
-685
-906
-1116
-1357
-1362
-1544
-1700
-1419
-1305
-962
-648
-297
105
519
768
1083
1257
1405
1821
2002
2263
2297
2213
2039
1895
1628
1190
686
513
497
675
769
677
381
-149
-419
-682
-654
-829
-966
-1063
-1030
-868
-641
-345
-255
-64
94
482
561
490
453
380
339
390
500
278
269
136
316
308
250
212
171
74
36
-1
-389
-706
-1124
-1110
-1320
-1299
-1047
-784
-589
-444
-29
111
419
300
70
-35
-90
-10
110
262
602
891
1160
1502
1533
1234
873
469
341
130
-125
-472
-536
-441
-449
-319
-308
-333
-438
-579
-726
-666
-711
-744
-763
-709
-545
-376
-272
-397
-485
-565
-514
-596
-678
-767
-620
-460
-290
-40
229
468
311
137
55
44
-17
-131
-258
-374
-537
-474
-468
-507
-593
-524
-367
-239
-307
-550
-637
-803
-688
-399
-351
-329
-286
-135
-51
246
397
573
773
1010
1076
1044
953
830
1029
914
1012
641
381
479
561
819
741
457
186
103
159
378
471
113
-46
55
158
299
144
-98
-266
-177
-66
349
570
452
633
1004
1372
1545
1581
1424
1202
913
505
193
-56
-300
-546
-799
-794
-838
-922
-994
-938
-749
-684
-724
-907
-1001
-907
-572
-430
-229
-114
-123
-48
-44
121
401
727
496
104
246
567
803
784
422
164
-32
-92
-188
-195
-399
-802
-937
-931
-626
-336
-392
-317
-472
-598
-645
-474
-475
-399
-274
-115
34
244
638
813
944
1275
1213
1015
912
869
905
400
394
245
-371
-924
-1286
-1370
-1517
-1383
-1038
-729
-879
-965
-921
-516
-92
-191
-653
-718
-489
-10
393
483
450
284
369
740
1042
881
488
-11
0
340
795
803
-11
-634
-890
-837
-709
-771
-880
-1418
-1804
-1321
-510
-7
123
245
420
681
1000
1144
877
446
231
543
844
863
1139
1325
1302
1315
1311
1154
709
301
92
-58
-372
-576
-609
-439
-596
-646
-636
-716
-640
-765
-615
-724
-911
-954
-869
-413
-164
-16
154
611
1106
1395
1394
1272
1206
1097
916
895
826
571
190
-57
234
119
-157
-823
-1265
-1268
-1086
-512
-696
-998
-1213
-879
-350
67
635
621
236
426
840
1097
1073
637
283
156
502
803
755
319
-259
-282
-137
250
314
-34
-637
-957
-549
-93
-72
-551
-888
-1034
-726
-619
-623
-966
-1213
-1273
-1278
-782
-427
-476
-443
108
828
1227
1238
1150
1024
1158
1192
854
557
130
-277
-244
3
231
129
-454
-788
-852
-937
-739
-874
-814
-487
-203
225
496
620
757
784
791
986
1211
993
638
637
793
868
454
342
433
353
79
-444
-585
-505
-637
-811
-869
-818
-898
-931
-967
-965
-735
-682
-771
-845
-762
-512
-706
-668
-738
-851
-759
-565
-318
-182
276
576
611
512
746
902
722
615
367
215
258
151
-229
-254
234
761
602
535
565
305
172
310
658
445
217
154
300
665
891
795
377
84
75
350
570
591
366
116
-101
60
173
-14
-437
-761
-463
-135
-92
-243
-482
-356
32
423
377
-12
-325
-704
-214
216
202
-259
-691
-905
-441
-69
-166
-463
-895
-637
-471
-431
-375
-400
-682
-692
-156
596
811
539
507
730
1117
1250
1264
1161
1023
1000
1027
1103
862
474
151
89
151
248
114
-35
-219
-188
-132
-279
-452
-881
-865
-755
-734
-834
-1095
-1129
-894
-513
-34
126
-124
-288
-213
-56
147
-2
-50
97
250
611
593
442
346
147
-107
-237
-422
-593
-825
-855
-970
-1068
-1270
-1319
-1403
-1283
-963
-831
-427
-261
195
486
653
931
1296
1321
1102
1067
1072
1100
922
564
432
514
431
280
59
-35
-199
-346
-363
-390
-501
-797
-973
-966
-771
-694
-721
-777
-723
-431
-195
82
0
-8
64
274
491
558
457
247
228
390
498
532
435
411
524
504
598
409
499
462
490
377
274
101
-216
-110
190
315
160
160
243
671
869
769
818
699
797
916
836
775
659
548
687
512
176
-227
-281
-309
-401
-634
-993
-1097
-1239
-1139
-997
-1105
-1006
-984
-901
-534
-328
-272
-259
-74
81
150
119
107
-13
153
289
71
-200
-300
-268
-349
-391
-592
-708
-757
-621
-370
-41
0
-74
1
255
465
406
124
-11
170
400
645
590
717
823
724
707
578
536
423
238
255
491
481
113
-184
-163
22
39
-57
-406
-675
-574
-550
-725
-990
-1223
-1330
-1151
-921
-822
-739
-623
-484
-220
48
292
497
545
600
736
667
444
259
95
83
142
163
236
127
37
-67
-218
-421
-471
-398
-354
-159
-34
-23
-70
-17
165
349
499
574
514
462
682
934
895
882
725
986
1150
989
754
477
366
114
-133
-292
-298
-342
-248
-23
133
-3
-216
-214
-141
-370
-754
-961
-878
-613
-564
-748
-807
-657
-393
-163
246
360
239
174
195
284
169
178
34
-92
104
231
159
119
-21
-127
-63
-192
-265
-644
-746
-681
-750
-513
-407
-414
-472
-298
-115
76
312
571
787
805
788
692
636
564
405
320
225
89
40
-144
-253
-180
-18
-135
-218
-252
-261
-75
164
328
54
-235
-328
-108
151
-56
-45
-121
-202
6
95
296
308
370
458
451
405
178
139
94
-10
-13
-74
-101
-89
2
88
-55
-353
-717
-785
-924
-1122
-1269
-1387
-1075
-803
-542
-315
-84
147
441
720
916
951
820
745
793
916
925
810
584
544
720
677
406
187
11
-209
-241
-283
-392
-455
-625
-607
-540
-493
-487
-454
-498
-417
-252
-181
-68
144
365
482
622
643
830
963
887
859
757
628
468
418
404
334
248
154
-48
-107
-300
-496
-750
-949
-1059
-1284
-1309
-1380
-1301
-1136
-1013
-860
-456
-313
-226
-127
56
240
300
293
333
480
631
842
975
1016
1029
897
671
550
526
515
225
-30
-271
-383
-559
-614
-519
-429
-395
-323
-230
-213
-95
19
-58
-80
-5
146
372
445
455
486
418
245
184
170
113
161
226
284
262
84
-12
-83
-188
-385
-576
-624
-640
-509
-590
-484
-431
-469
-426
-404
-360
-363
-431
-401
-363
-335
-303
-332
-182
-99
96
225
406
549
590
658
726
775
722
591
460
455
348
218
209
186
107
142
282
268
262
211
180
138
121
53
-49
-79
-164
-262
-248
-255
-264
-291
-294
-345
-299
-207
-171
-174
-277
-382
-443
-512
-446
-435
-268
-17
163
230
268
299
164
96
-7
-164
-263
-344
-444
-458
-533
-502
-429
-501
-486
-331
-116
103
242
250
315
400
373
508
448
472
484
406
567
717
828
801
867
846
838
768
667
460
243
125
27
49
9
-35
-117
-117
-139
-251
-430
-434
-347
-209
4
51
-24
-83
-114
-144
-297
-513
-647
-640
-471
-311
-152
-46
111
145
146
239
74
-153
-369
-495
-605
-629
-744
-769
-539
-449
-302
-62
110
304
346
355
388
322
254
145
115
172
308
381
549
572
598
669
638
686
736
770
744
586
411
218
44
-149
-374
-493
-555
-541
-448
-318
-188
-279
-225
-248
-268
-389
-565
-664
-689
-643
-702
-644
-532
-455
-380
-328
-256
-217
-122
-96
-148
-134
-152
-172
-286
-402
-548
-604
-644
-568
-441
-424
-252
-119
48
227
408
537
503
412
264
253
234
165
101
125
297
512
741
958
1086
1142
1152
989
778
636
583
619
632
589
639
609
669
703
591
383
150
21
-101
-196
-361
-523
-678
-857
-913
-895
-848
-738
-528
-201
205
386
478
421
268
147
31
-51
-115
-169
-176
-146
-241
-267
-296
-296
-297
-273
-173
-120
-148
-141
-186
-259
-290
-261
-202
-163
-110
-81
-154
-152
-152
-176
-202
-183
-51
63
133
36
-9
17
158
238
317
433
472
554
619
631
595
479
321
208
13
-226
-425
-701
-821
-793
-756
-586
-432
-250
-154
-39
15
41
38
40
61
142
115
84
112
144
111
55
24
-96
-133
-187
-261
-264
-316
-352
-381
-390
-317
-313
-313
-140
28
134
199
268
271
299
252
141
61
60
27
-62
-80
-131
-81
-63
-89
-29
-35
97
272
279
279
224
304
350
402
408
421
347
334
484
445
359
206
9
-18
-12
65
81
60
80
132
216
213
120
16
-55
9
24
49
71
21
-39
-176
-330
-473
-574
-610
-719
-789
-734
-592
-315
-120
-34
18
102
315
372
294
295
336
369
366
385
341
260
195
135
1
-70
-121
-174
-252
-240
-80
85
197
291
337
427
550
588
617
543
552
473
378
397
355
211
75
3
-119
-191
-206
-203
-159
-202
-196
-97
-135
-126
-188
-316
-362
-378
-474
-551
-710
-758
-700
-562
-511
-510
-388
-342
-262
-263
-232
-230
-235
-109
-130
-161
-149
-155
-144
-116
-191
-303
-353
-329
-444
-509
-532
-515
-478
-467
-391
-337
-168
29
253
526
756
888
923
928
941
883
823
714
588
480
396
365
325
293
141
114
50
-24
-151
-190
-274
-459
-379
-379
-285
-364
-408
-389
-370
-305
-180
-57
9
121
35
88
96
122
113
-58
-119
-27
104
157
164
49
15
51
8
68
23
-32
-64
-186
-238
-316
-359
-345
-317
-233
-2
199
395
629
865
996
1094
1126
1170
1169
1170
1245
1123
1040
962
845
688
557
426
239
157
-42
-159
-289
-402
-504
-623
-636
-755
-701
-781
-641
-534
-433
-360
-322
-228
-120
73
108
103
-40
-81
-168
-187
-225
-279
-348
-312
-357
-368
-402
-450
-570
-709
-682
-678
-613
-607
-609
-669
-622
-598
-534
-456
-461
-385
-271
-92
-56
13
168
209
331
386
424
445
450
418
284
218
182
224
245
192
138
118
69
9
-11
-126
-193
-194
-274
-195
-142
-97
-26
-26
67
97
214
250
253
281
223
276
206
109
54
-38
-15
21
-17
-163
-259
-331
-411
-409
-417
-336
-241
-162
-35
30
104
205
335
447
523
510
521
557
547
461
447
385
356
420
402
314
178
105
-3
-152
-214
-169
-222
-314
-213
-155
-24
53
109
177
232
278
267
281
236
298
321
305
347
328
348
239
145
133
147
113
46
-12
-119
-208
-314
-419
-542
-563
-611
-648
-593
-540
-547
-579
-512
-470
-348
-233
-128
-34
50
183
257
291
253
330
377
368
365
289
262
299
313
286
219
36
-37
-139
-238
-367
-532
-626
-701
-709
-640
-536
-351
-138
8
125
247
348
378
429
457
487
495
463
411
434
475
481
409
318
240
124
-3
-148
-214
-305
-349
-290
-265
-308
-312
-296
-293
-226
-187
-182
-219
-213
-101
-10
44
71
-30
-19
-6
27
107
175
217
169
105
26
36
38
29
10
-13
6
20
-121
-233
-355
-394
-379
-398
-438
-477
-466
-506
-449
-429
-355
-266
-132
-38
-2
62
119
202
197
224
311
282
237
127
80
44
53
84
74
7
-106
-108
-91
-36
-68
-37
7
74
28
27
44
81
125
126
191
217
259
289
360
303
242
145
185
209
211
267
161
194
155
149
151
218
315
292
305
270
321
311
353
303
251
157
43
11
-51
-92
-78
-25
-58
-30
1
44
79
115
191
143
66
33
52
59
53
46
54
87
9
-46
-97
-115
-190
-238
-162
-124
-148
-159
-176
-226
-252
-296
-348
-370
-308
-221
-153
-117
-121
-57
-43
-33
-41
-103
-145
-233
-148
-160
-112
-76
-56
-72
-99
-94
-61
-72
37
67
-73
-97
-202
-143
-52
-118
-171
-190
-269
-241
-275
-278
-184
-108
-27
-53
57
87
123
85
82
138
186
181
66
-23
-73
-38
-60
-103
-109
-154
-163
-238
-291
-306
-346
-349
-362
-317
-229
-145
-100
-152
-158
-156
-124
-27
88
217
278
344
432
375
373
333
351
416
457
450
526
525
487
427
390
366
294
323
261
176
58
75
-13
2
10
10
41
17
11
-65
-105
-179
-203
-202
-104
1
63
190
256
302
262
225
167
56
-21
-104
-103
-9
16
-32
-72
-51
34
117
66
-20
11
30
37
32
3
30
-18
-62
-75
-74
-29
-53
-46
15
57
158
336
394
360
322
238
118
76
35
-102
-186
-151
-188
-160
-129
-187
-223
-206
-202
-186
-172
-272
-292
-364
-370
-453
-459
-402
-388
-346
-221
-147
-137
-64
-106
-75
-47
-73
-89
-125
-188
-311
-345
-286
-231
-183
-81
79
112
201
186
176
217
101
79
100
153
93
16
-95
-67
-30
11
-26
45
171
202
202
190
190
169
205
179
163
144
202
149
56
-54
-170
-163
-88
-78
-63
8
-70
-114
-122
-116
-161
-143
-137
-149
-140
-74
-18
6
31
108
121
94
77
71
43
27
33
8
-48
-96
-112
-74
-13
14
74
151
119
127
113
154
135
75
104
75
60
90
90
119
136
186
161
110
105
128
203
228
247
242
237
170
54
-2
128
226
216
208
219
192
135
38
-63
-65
-52
-11
-29
-34
-64
-128
-226
-203
-203
-163
-63
-22
59
69
47
52
62
60
92
143
124
38
-47
-114
-196
-262
-197
-160
-147
-99
-22
67
38
3
-43
-120
-107
-137
-119
-79
-135
-104
-50
-113
-162
-206
-258
-252
-238
-223
-191
-194
-203
-195
-119
-51
-21
25
-52
-102
-78
-25
-17
6
23
35
-5
-78
-111
-120
-190
-215
-208
-227
-158
-138
-62
72
93
157
215
305
317
288
250
223
257
296
255
178
159
106
37
18
22
99
173
143
121
137
88
62
-13
-87
-28
-16
59
-36
-63
-113
-180
-141
-113
-91
-132
-169
-176
-227
-223
-172
-90
-107
-47
85
149
321
358
378
348
337
344
298
261
240
246
232
162
39
-81
-211
-267
-319
-262
-189
-103
-119
-126
-73
-73
12
-3
0
28
5
-23
-87
-124
-111
-153
-89
-67
6
42
67
67
28
46
-18
-37
-32
-86
-77
-140
-134
-133
-73
20
49
42
1
-60
-115
-110
-112
-168
-273
-234
-203
-102
20
66
112
92
196
228
221
231
215
244
248
261
187
109
88
-76
-184
-253
-285
-264
-320
-295
-258
-158
-11
100
168
208
155
148
85
100
53
59
155
229
292
297
249
224
175
70
27
-41
-29
-96
-154
-164
-157
-91
-123
-94
22
91
166
134
84
99
43
39
29
4
-21
-65
-68
-83
-134
-31
61
175
272
276
311
275
260
187
149
127
96
2
32
29
0
-26
-148
