210
272
228
173
151
187
125
199
212
236
248
275
194
282
260
145
49
16
3
-15
81
141
14
50
-19
-117
-57
13
40
-60
-59
-112
-65
-33
-114
-196
-114
-177
-181
-123
-174
-172
-108
0
-125
-98
-185
-245
-196
-311
-326
-305
-251
-142
-218
-179
-177
-111
-241
-223
-135
-155
-156
-222
-80
-35
-66
-60
-79
-112
-41
-144
-90
-17
23
82
113
176
179
220
391
300
221
270
164
208
213
171
132
121
81
55
33
36
92
77
150
148
62
95
118
59
78
20
-38
-87
-59
-174
-328
-372
-365
-244
-224
-144
-68
-43
-32
7
11
-50
-50
-76
-52
-26
15
-61
45
83
44
50
64
84
-36
-113
-54
88
31
79
155
99
124
271
155
137
129
-38
-33
-74
28
-62
-98
-146
-135
-9
28
-157
-149
-55
-52
-45
64
61
62
117
131
54
-113
-50
-122
-225
-309
-277
-286
-171
-86
-46
-22
14
18
-25
-10
-13
35
1
110
64
37
-10
14
67
74
170
118
265
389
328
246
240
183
149
11
80
129
113
172
50
-34
-84
-29
65
27
0
-27
96
110
6
-94
-69
-45
34
11
69
86
26
70
89
0
-47
-37
-18
-119
-159
-89
-75
-83
0
39
-131
-129
-119
-145
-303
-270
-198
-268
-188
-189
-199
-99
25
-2
-106
-101
-204
-224
-207
-169
-151
25
66
87
148
116
209
202
244
278
266
200
207
166
213
127
111
182
106
54
38
33
-69
90
-182
-32
85
-158
36
-213
-56
20
-286
-83
-210
-409
-365
-440
-152
-187
-63
82
-20
125
107
-34
-46
184
167
3
14
-23
-19
45
218
146
184
395
264
203
200
145
116
9
105
138
177
254
297
251
192
324
173
32
-34
15
-66
11
115
21
10
112
-56
-103
-56
67
151
63
-4
-111
-43
-83
-152
-56
92
-96
-92
-49
-156
-140
-113
-197
-168
-129
-156
-182
-115
-101
-253
-138
-103
-251
-171
-134
-39
-18
82
136
135
84
58
-57
-126
-140
-121
-151
-80
-91
-44
-71
-149
-145
-90
-44
9
51
-14
-146
-212
-142
-233
-134
-179
-91
-143
-37
-74
-254
-284
-188
-180
-80
1
36
92
68
-22
-11
-1
-173
-16
-53
29
90
61
107
122
26
-56
-18
9
71
109
208
222
167
128
166
81
118
271
340
266
265
232
245
297
248
143
97
53
129
141
130
100
69
28
88
89
219
152
139
154
22
103
91
162
130
173
134
68
106
64
34
-36
-36
-35
-75
5
-39
-89
-31
15
3
-54
17
-53
-48
-55
-108
-147
-49
-104
-8
-17
-77
-20
-53
-78
-46
-32
-31
94
72
178
-44
18
-8
-45
-16
-78
-158
-109
-94
-178
22
81
56
21
-58
4
18
-7
-59
-146
-47
-188
-131
-229
-104
-64
-179
-111
-16
-59
-177
-131
-100
-67
-81
103
59
-32
-52
-97
-141
-27
-109
-197
-183
-2
72
172
209
94
149
170
92
165
27
-2
-12
8
119
-11
-16
-44
-49
-51
-59
-86
-146
-89
-73
-89
-5
-65
-152
-143
-102
-59
-160
-95
-256
-267
-215
-260
-221
-257
-279
-166
-162
-202
-144
-189
-154
-220
-152
-142
-71
-110
-87
-72
-37
101
16
6
100
102
121
167
195
82
54
134
15
83
149
114
129
190
235
108
164
101
119
96
158
244
228
344
212
150
174
129
98
186
148
154
210
281
359
329
370
340
332
215
271
104
209
282
226
279
182
151
188
298
213
242
180
5
65
-12
-23
95
49
8
-106
33
62
142
212
131
132
45
-46
-39
-111
-182
-184
-166
-55
-104
-65
-46
-176
-262
-294
-321
-278
-137
-204
-201
-221
-256
-200
-80
-195
-337
-330
-330
-269
-458
-230
-190
-157
-250
-187
-202
-245
-245
-224
-184
-163
-51
-89
-5
-100
-96
-96
-148
-51
-82
-180
-98
-26
-63
-125
-227
-242
-153
-186
-84
-76
-181
-98
-47
-144
-109
-69
64
93
-13
185
129
220
140
183
-22
24
108
33
-9
108
126
167
263
100
144
91
115
-3
-16
38
19
14
1
92
131
33
144
191
222
29
32
184
113
137
104
71
199
207
213
171
97
214
178
232
219
177
128
157
147
109
77
30
145
207
77
224
168
69
-18
-37
-12
144
181
92
107
116
189
68
115
31
35
43
135
43
-22
7
45
46
18
-69
-19
85
21
-15
-35
198
93
-6
-61
-107
-90
-128
-114
-281
-390
-239
-216
-296
-233
-197
-165
-44
-19
78
201
34
105
21
-38
-10
-132
-164
-166
-246
-133
-55
121
58
23
105
77
-70
-210
-212
-249
-273
-306
-236
-235
-296
-270
-136
-258
-242
-147
-94
-103
-137
-104
13
-41
21
-5
-55
-64
14
-66
-151
-132
-144
-147
2
6
-49
-32
-21
-2
-211
-181
-184
-103
-126
-97
2
-33
16
57
169
50
-38
-62
-110
-122
-89
-37
-44
70
64
87
20
-19
39
60
109
61
46
153
102
44
22
-49
31
-38
35
154
98
118
126
242
304
305
328
292
194
326
225
260
267
170
160
114
140
95
147
21
47
30
22
-46
34
124
118
283
197
145
130
180
106
155
82
43
18
-17
25
4
65
109
197
215
251
251
141
191
113
118
291
381
404
320
316
328
239
68
42
62
-27
-45
-9
137
151
37
117
84
63
-76
-101
-165
-274
-256
-262
-359
-375
-260
-317
-385
-363
-350
-408
-274
-379
-384
-412
-254
-117
-259
-241
-227
-232
-298
-444
-357
-368
-326
-279
-252
-198
-121
-138
-142
-237
-289
-189
-160
-123
-186
-331
-281
-186
-299
-207
-257
-187
-54
-73
-53
-115
-79
107
133
164
198
120
126
192
124
-14
45
191
185
225
270
321
193
174
85
63
3
-95
-110
-41
107
46
80
204
319
179
140
154
193
148
91
188
151
122
151
111
214
229
232
82
-25
71
47
192
294
272
149
191
153
67
-6
60
-62
-46
-8
25
53
48
76
144
222
152
169
269
69
140
81
-13
34
-53
45
62
21
81
85
-67
-82
-151
7
-79
-86
22
-8
-17
-212
-160
-204
-95
-55
-146
-164
-139
-80
-49
-177
16
72
-9
-62
-29
-28
17
49
12
60
-38
85
94
-50
5
-27
1
-1
47
89
58
133
65
16
-95
-169
-268
-248
-270
-152
-120
-120
-187
-244
-198
-226
-254
-244
-216
-199
-187
-117
-6
-35
30
-81
-38
52
56
136
209
206
186
335
383
389
383
286
266
368
337
260
310
232
175
135
202
173
73
48
13
-76
-27
-13
-118
-66
-175
-276
-208
-214
-123
-117
-186
-224
-171
-193
-357
-411
-508
-468
-398
-509
-516
-562
-480
-347
-296
-349
-237
-170
-51
-29
-33
-49
-115
-52
-101
-88
-159
-60
-108
35
-17
19
79
119
70
2
153
125
165
252
173
239
303
294
374
287
237
367
345
223
246
228
240
222
188
245
262
245
125
121
107
219
237
238
252
132
129
80
47
168
109
121
103
219
263
141
337
253
179
145
148
126
66
22
-31
-2
27
158
48
-6
-21
-19
-83
111
17
57
84
111
-37
-81
-102
-238
-177
-40
49
58
105
56
55
50
78
-22
-106
-130
-196
-113
-105
-97
-33
-12
-59
-53
-78
-166
-57
-177
-256
-257
-221
-297
-354
-285
-324
-321
-398
-349
-249
-354
-341
-347
-486
-372
-254
-292
-277
-219
-107
-66
-72
-134
-206
-33
61
26
-5
-75
40
4
-15
-149
-128
-242
-107
-26
23
43
11
17
-54
18
-100
-69
-25
-88
-14
-88
-90
-42
-52
-52
-133
-71
75
80
96
179
155
244
202
206
214
119
236
124
29
135
13
30
89
153
50
196
267
136
188
105
170
315
327
343
280
181
119
87
106
209
210
212
249
289
432
356
322
372
389
174
217
275
234
225
146
-8
-50
-86
-77
-130
-75
-76
-144
-54
-96
-21
-87
-29
-21
-140
-259
-171
-145
-151
-107
-151
-143
-160
59
63
83
100
-50
-7
79
-24
-54
22
-49
16
27
-66
-79
-15
109
140
137
207
232
77
52
-63
-100
-91
-90
-67
-184
-4
49
27
-22
-100
-126
-187
-110
-36
-110
-13
-35
-76
-82
-99
-148
-69
-73
-118
-162
-6
20
-45
51
-100
-110
-187
-266
-278
-345
-273
-248
-201
-311
-317
-226
-244
-235
-188
-234
-116
-104
-132
-163
-172
-144
-129
-102
-83
2
36
30
46
-84
-182
-42
-21
109
-48
14
84
62
132
-43
-91
-131
-29
-28
52
75
146
165
116
-1
88
76
80
202
146
203
109
304
135
185
260
312
265
302
256
142
199
121
29
148
103
-44
131
129
186
235
339
221
205
136
146
281
128
43
114
81
200
201
92
93
-27
-92
-58
-76
-6
6
88
47
140
20
-13
-46
-160
-104
-104
-59
-140
-137
-122
-147
-197
-137
-121
-164
-127
-152
-138
-153
-108
-150
-88
-25
-85
-17
-14
-16
-100
42
15
-71
10
105
163
131
129
99
80
58
-44
-26
50
-1
93
10
11
-44
-85
-91
-143
-137
-155
-162
-190
-156
-209
-150
-210
-274
-184
-15
16
-23
-82
-42
-28
-83
13
-106
-144
-49
-102
-85
-125
-204
-67
-61
-28
-246
-187
-103
-81
-93
20
101
99
211
162
148
144
194
251
173
183
103
108
130
43
137
54
76
109
127
167
205
245
218
126
103
83
-33
36
96
197
80
100
248
284
171
80
31
63
189
133
90
102
52
74
52
-35
-86
5
113
146
34
-9
-8
-67
30
-26
-171
-87
-97
52
-19
-188
-75
-203
-314
-198
-198
-175
-163
-144
-233
-347
-298
-188
-80
-108
-39
-29
-119
-22
11
-13
-143
-145
-43
-73
-104
-4
-36
11
-51
-41
43
24
-20
-30
-142
-109
39
-129
104
-15
-71
-102
-202
-172
-224
-47
-11
93
87
186
155
33
71
-1
-101
-97
-48
30
76
121
56
81
157
100
250
202
142
170
225
52
39
1
-126
-77
-29
128
212
110
147
129
1
-71
-21
-2
-24
116
210
155
65
2
3
-26
-14
-7
24
69
146
141
145
40
-169
-240
-173
-199
-128
28
-55
-129
-79
-25
11
157
104
16
1
4
-87
-178
-110
-160
-132
-141
-175
12
8
56
159
144
319
268
100
16
-12
-36
71
69
19
77
93
123
110
149
103
-39
-48
-75
-65
-24
-1
22
59
-9
-10
-53
3
9
-59
-53
-57
-91
-121
-69
-42
-7
-23
64
-26
-105
-163
-172
-44
57
-17
-24
71
0
65
186
1
18
107
-44
53
-23
-128
-195
-192
-128
-143
49
71
40
19
-45
23
-84
-79
-152
-115
-48
-124
-23
-168
-121
-151
-64
20
184
184
21
-36
0
99
-55
-16
86
104
56
135
172
131
67
127
-3
23
21
-14
71
94
52
11
36
-10
-17
-124
-139
-107
-153
-62
-24
-26
25
69
58
86
53
-2
-29
-24
37
129
128
179
64
47
-66
-130
45
-63
-158
-105
-43
-114
-45
-76
2
-3
-52
-48
-23
16
117
104
98
6
15
211
61
-32
69
70
14
11
8
26
-49
58
63
109
76
53
-12
12
18
17
133
51
80
31
-48
-102
-19
-31
13
36
102
18
11
139
77
44
24
8
-157
-91
-53
-101
-101
44
51
32
-25
-205
-236
-39
-14
-40
-52
-62
15
55
-61
-90
-156
-62
63
-17
-54
-88
-139
-142
-95
-74
-24
-153
-136
-51
-27
-104
-25
6
55
32
15
91
51
132
-40
-116
-21
39
99
89
80
-47
-109
-159
-198
-138
-153
-145
-49
-62
-41
-120
-82
-86
-11
71
64
2
112
85
81
85
123
181
106
290
335
246
210
164
188
27
121
69
-21
32
19
59
47
-55
-65
-74
0
85
122
98
93
117
40
2
2
34
80
-13
-10
-51
-52
-38
-144
-133
-148
-81
-64
-33
-34
-195
-280
-311
-226
-184
-195
-128
-134
-19
-245
-73
-168
-123
-134
25
83
59
272
66
81
-16
107
223
239
277
194
220
306
200
201
183
143
250
231
201
134
189
156
78
169
67
72
171
142
71
-7
-82
-169
-213
-74
-107
1
40
67
92
8
-11
-44
-42
-1
-61
-4
11
-71
-51
66
138
33
30
5
-125
-137
-90
17
76
171
334
394
374
247
136
-43
-55
-62
12
16
21
107
35
-107
-128
-204
-227
-248
-173
-157
-134
-164
-227
-252
-345
-464
-417
-292
-317
-293
-319
-334
-381
-288
-354
-392
-394
-268
-264
-345
-305
-199
-210
-154
74
24
-59
53
-68
-92
-20
-126
-94
-136
-142
-124
-182
-131
-28
-124
105
113
168
108
108
39
19
-25
-6
-7
-48
32
79
29
-70
65
81
150
40
122
-6
-1
68
60
70
44
117
132
203
362
379
327
407
378
315
179
196
129
165
156
128
293
248
417
247
282
384
328
360
320
294
268
284
312
282
397
380
247
125
-27
137
79
144
253
211
193
180
195
226
199
185
167
173
185
256
126
210
168
137
65
-7
83
91
106
0
-1
-196
-231
-265
-224
-222
-236
-179
-206
-221
-243
-293
-400
-409
-437
-391
-283
-272
-315
-203
-179
-385
-487
-468
-418
-364
-200
-205
-232
-171
-198
-214
-172
-173
-220
-165
-172
-213
-191
-232
-251
-201
-54
-168
-200
-142
-226
-289
-349
-378
-393
-337
-348
-255
-219
-114
-137
-96
-152
-55
-100
-10
60
13
41
-5
-141
-62
108
31
102
113
46
101
231
224
222
229
182
276
272
314
321
240
112
92
-39
19
99
57
56
184
224
95
184
182
227
124
106
87
168
298
259
323
294
379
348
291
183
215
171
323
357
207
325
246
144
7
-34
-37
-34
53
101
59
87
165
110
14
-8
46
-16
-44
-4
-148
-12
6
75
1
355
282
881
590
2307
770
1968
167
-19
-126
-1232
302
-409
-359
-381
-1594
-2308
-1847
-3639
-1621
-3392
-1908
-3471
-1041
-4000
-773
-2811
-1055
387
-1082
2802
1420
3652
3323
3177
3810
3736
4105
5020
3318
6595
2860
5413
2074
2005
1502
543
-63
-563
-898
-1948
-1312
-3985
-3703
-3573
-4666
-2907
-3820
-3106
-2147
-1070
-1198
-477
-482
-921
345
-864
-398
569
-340
-442
-1646
-3552
-2536
-4032
-3350
-4951
-3843
-4139
-1114
-3752
-548
-3314
-1216
-1011
-2685
2971
1003
5078
4699
2744
5501
3757
5241
6315
4984
9143
6227
7720
4072
3157
2541
1156
695
-316
-92
-823
-659
-4779
-4577
-5793
-6061
-4517
-5067
-4783
-1042
-4406
15
-3253
-1819
1126
-3034
2987
-2617
1881
1074
-262
-1067
-336
-5353
2019
-5644
-492
-2693
-3134
-2192
-2889
-1622
-2140
1450
-2394
2147
-1685
1746
2043
4228
3372
5315
4643
5393
5696
6201
5800
7270
8714
5408
8505
3103
4003
3242
127
407
245
-2360
-143
-3820
-4027
-4986
-5625
-5183
-6470
-3184
-5561
-1417
-3452
-3073
-4031
-2106
-4749
-293
-3799
-2185
-1412
-3394
-2308
-4562
-3561
-5814
-2409
-6017
-3048
-3695
-358
-930
1406
128
-248
3713
-398
6024
5236
6507
7405
6999
3583
8328
3507
8056
6782
6787
8012
5241
5041
1790
1454
32
-609
-306
-1118
-2910
302
-5648
-2824
-5335
-6480
-3063
-5775
-3756
-2622
-4510
-2938
-3974
-6790
-2496
-6850
-1904
-5159
-2857
-4339
-4444
-5836
-5971
-6553
-5319
-3690
-4355
-706
-368
511
2453
-60
3519
2860
4879
7925
7826
9428
9830
7241
8832
6553
7989
9047
6874
10358
5426
6871
2788
1465
894
64
-710
-528
-2716
-3119
-3760
-5767
-6233
-6076
-7867
-5718
-6879
-7012
-4907
-7181
-5741
-6701
-7375
-6505
-5938
-6237
-4945
-5744
-4289
-4743
-4310
-4095
-4024
-2350
-1449
1759
1619
4572
2948
5443
3723
5065
7573
7501
10277
10072
8708
9993
8001
8039
8247
6037
9444
5902
7162
3205
2108
40
-735
-2088
-2290
-2551
-3502
-1071
-7224
-3723
-8458
-7250
-5956
-8176
-5500
-4817
-6764
-4144
-7762
-7619
-5208
-7037
-3430
-5144
-2679
-3857
-3246
-5583
-3774
-5051
-1048
-2236
1552
2328
2516
5725
1955
5094
4543
6426
9120
9552
10396
10176
9604
7988
8541
7834
8041
9740
7632
7985
5400
3250
1810
-412
-731
-1554
-1619
-1859
-3637
-3600
-6720
-6864
-8234
-8736
-7089
-7554
-6307
-6458
-6775
-8139
-7281
-8610
-5578
-5442
-3342
-3219
-3076
-4173
-4078
-5398
-3313
-3412
-1486
-57
-788
2093
501
3299
3252
3240
5478
5512
6825
8616
7672
9722
8029
7926
8633
7398
9312
8403
8726
7657
6243
4363
2958
1059
479
242
-1048
-703
-3284
-3191
-4740
-7346
-6198
-9728
-7080
-7949
-7795
-7106
-8205
-8661
-7141
-9098
-6034
-5171
-4232
-2278
-3123
-3544
-3133
-3306
-2878
-1657
-1009
1238
635
1087
909
2349
2998
3675
6391
4653
7493
6102
7093
6794
7236
8219
7382
8742
7049
9217
7844
7264
7676
5977
6039
4760
3595
1869
1624
-45
268
-2171
-2104
-2985
-5211
-5104
-8612
-7070
-8948
-7865
-7984
-7969
-8927
-6260
-9526
-5147
-7625
-3658
-3648
-2806
-2601
-2746
-3147
-2641
-1784
-2522
980
-1172
2804
-315
1333
1215
1229
3066
4699
4600
6479
5421
5515
5241
4961
6106
7436
6637
8530
7068
7373
6896
5599
6118
5336
5897
4837
4485
2301
1938
-412
-354
-2799
-1279
-3921
-3334
-5242
-7421
-7411
-9307
-8255
-8363
-8167
-7475
-6367
-7191
-5706
-5901
-4496
-4828
-1453
-3380
-1861
-3233
-3596
-2589
-3448
-1472
-285
-686
515
632
-568
671
2333
2714
4771
5249
6178
5066
5731
4060
6125
5119
7504
7463
7525
6949
6244
5704
5308
5368
5927
5775
5504
5413
2342
2113
189
-95
-183
-1318
-1834
-2403
-4694
-6135
-7334
-8910
-7748
-7747
-7102
-6378
-5375
-6710
-4719
-6355
-5195
-3724
-4469
-2817
-4806
-4475
-4404
-5029
-3870
-2900
-2987
-284
-2427
983
-1379
1793
841
1981
3276
4044
5563
5110
5935
4134
5448
5059
6039
6798
7215
6563
7181
5039
6733
5349
6614
6506
7051
6812
6219
4940
3310
1894
2562
685
2113
-663
-235
-2796
-4564
-5379
-7092
-6826
-6329
-6100
-5620
-5433
-7042
-5597
-7954
-5378
-6347
-3468
-4441
-4991
-6366
-4552
-7555
-3671
-4475
-2744
-839
-3262
728
-741
-921
2307
136
2325
3405
2375
5350
4192
4316
4599
3325
4986
4427
5924
6010
6580
6767
5955
6053
6408
7088
6794
8132
6879
8032
5979
5623
3601
3463
2062
2928
1457
-277
-727
-4342
-4609
-6751
-6809
-6512
-6532
-6929
-7020
-8870
-7653
-8914
-6315
-7911
-4397
-5731
-5598
-6823
-5577
-6587
-4264
-3661
-1642
-1663
-2016
465
-381
-598
1932
1422
3378
1608
3135
3646
1995
5524
3669
5395
5259
5113
7006
5241
6525
7096
6910
7626
7810
7616
7618
7938
7552
7944
6656
7310
5798
4772
3182
2603
1710
599
-268
-3066
-3909
-6302
-6546
-7740
-8032
-8553
-7345
-9547
-7565
-8845
-7321
-6434
-5652
-4892
-4495
-6043
-3253
-5722
-3741
-3294
-3822
-674
-3849
904
-1273
139
1645
-13
1991
2113
2625
4663
1381
4451
2006
4238
3388
6380
6047
5664
6197
5221
5454
5280
6828
6577
7339
6197
6823
5394
5210
4037
4657
3620
3671
3558
1494
448
-580
-1354
-2988
-2506
-4906
-4278
-5929
-6464
-7007
-7699
-7884
-7002
-7854
-6113
-6557
-4838
-5613
-4283
-4655
-4206
-4319
-2418
-4851
-404
-3745
-908
-1407
-1008
-1160
2935
-1051
4173
563
2142
3596
1741
3633
2876
3693
2833
3413
1565
4396
1991
4998
2514
4690
2114
4021
4015
3122
4579
4198
4601
2984
4075
1805
3237
2462
3026
3117
2992
2188
2154
568
-181
-203
214
-2098
-832
-3482
-4230
-4608
-5719
-4958
-5034
-5092
-3179
-4406
-3925
-2617
-3547
-1691
-2358
-2
-2364
-144
-3012
-1903
-1922
-1540
-1567
-190
-54
124
38
965
-618
1370
-957
2350
1288
873
1936
-522
118
364
-696
2612
2474
4092
2899
3385
2171
1504
4124
2034
4929
4111
4305
4143
3863
4063
2860
4296
3634
3938
4031
2427
2702
400
272
-301
-922
-1642
-2755
-2639
-4364
-3599
-4795
-4785
-4099
-4519
-3835
-2992
-2831
-1932
-3062
-1748
-1991
-1783
-2944
-1322
-4985
-1534
-3440
-992
-830
-2799
1087
-1131
-1778
2097
-1636
1928
1842
-64
1845
523
470
832
-427
113
2587
975
3713
3149
2011
3861
1127
4049
3332
4467
5145
4644
4766
3070
4443
3480
4378
4547
4022
5888
2455
4854
478
989
-376
201
-776
-290
-2067
-2760
-4715
-6173
-5505
-6047
-3978
-3975
-2501
-4752
-4309
-4057
-3323
-3059
-679
-1804
-77
-2892
-2150
-2533
-4728
-109
-2960
-519
-2385
402
-957
84
-1958
278
-1248
-119
2050
333
1092
322
221
-936
170
1284
3356
2527
3387
2875
1494
1895
3349
2691
3559
4669
3501
4629
1435
3696
2260
2668
4293
3145
4304
2901
3659
383
1203
-1191
2443
-1039
1230
-1346
-1769
-3480
-3775
-3255
-2595
-1741
-1221
-1578
-2306
-1612
-2210
-1111
-1668
415
-2100
-325
-2841
-2313
-4590
-2132
-3627
-1461
-2689
-906
-1496
-1450
-2049
-3
-1979
757
-465
1005
-1395
-568
-1541
-947
-1158
-1637
1415
-326
2179
1485
1260
762
1801
966
2949
2193
4863
3661
4288
3534
4062
4077
5051
5126
5442
5949
5497
5941
3672
3161
2791
2764
3643
2311
1973
-1275
-1376
-3741
-4015
-3076
-3332
-2516
-2348
-4628
-3876
-4392
-3942
-2009
-4202
103
-4687
-1415
-5322
-3799
-4947
-2898
-3095
-2097
-3434
-2405
-2755
-2602
-1877
-1722
-1528
-1669
969
-4575
2578
-3097
975
1333
-1420
1953
2049
473
5273
1754
4887
5027
3282
5757
3966
5156
7205
5827
7177
6697
6124
6516
5717
5959
5793
5604
5070
4409
2095
1796
19
-293
-43
-963
-1669
-2540
-4522
-5276
-5774
-5219
-4356
-3891
-3166
-4547
-4333
-5025
-3177
-3583
-1993
-3699
-512
-4931
-2255
-5139
-3443
-3206
-1141
-2910
1288
-4341
597
-2737
-725
-1082
716
1726
1839
915
772
2932
-43
4309
1063
3659
3112
4053
3748
5401
3035
5712
3333
4880
4379
4028
5273
4918
4010
3542
3414
1846
3992
332
3625
1018
1060
313
-1114
-1995
-2857
-2588
-3422
-1201
-4493
-2649
-6587
-5563
-5405
-5933
-3368
-3470
-2707
-2489
-3910
-3125
-1267
-1630
82
-613
-267
-149
-2054
-1388
-1465
-1036
1577
867
584
1084
-1193
1824
-996
1698
1866
2108
2709
299
1143
626
498
1088
1357
864
-41
674
111
1326
255
2370
833
1806
-322
1382
-49
230
1447
-287
1116
-589
1361
4
707
1368
1422
1896
1316
721
-641
-143
-290
47
1226
94
219
-1755
-2222
-1239
-1759
-633
176
1434
289
338
743
-110
860
183
2867
1281
858
-2
-1500
-2082
-2469
-633
-787
-2273
-609
-3626
-1273
-3328
-2465
-495
-3355
-776
-2254
-1883
-1819
-1259
-1194
-1542
-3269
-1093
-1830
320
489
-209
452
-1070
795
-5
475
2998
1954
3177
2391
2361
3598
2242
4857
4470
5689
5772
5638
5262
3701
3503
3696
4572
4002
4218
4947
1732
2386
-945
896
-1688
1512
-189
196
-1157
-2966
-3155
-2663
-3371
-7
-2997
-912
-2158
-4088
-3901
-4987
-4577
-4637
-3276
-4157
-3757
-5459
-3190
-4331
-3068
-4033
-1502
-3496
-1215
-2117
-2280
-2032
-1546
-2081
-58
-1898
2088
129
1456
3291
791
4048
592
4321
3175
4712
6028
6535
5366
6261
6237
6193
6198
7200
7356
6686
6807
5012
4157
2187
2566
1909
1223
2456
408
541
-2244
-2990
-2974
-4367
-2428
-2799
-2881
-3437
-3841
-4757
-3653
-3807
-3645
-2441
-3439
-2942
-2711
-5653
-3415
-6133
-4399
-2721
-3861
-2163
-3063
-3198
-1519
-3452
-18
-193
228
1304
-238
1256
1017
1687
1887
1207
2794
2739
3984
4195
3548
5098
2950
5215
4582
4096
6414
4824
6357
3617
4961
4552
4303
4351
4954
4957
3841
3730
2381
744
168
429
-443
-889
-577
-1836
-2362
-3760
-4251
-5821
-4987
-4622
-4094
-4405
-4766
-3788
-5074
-4695
-2795
-3823
-1273
-3696
258
-3753
-2366
-3158
-3713
-2073
-1674
-1112
-22
-1877
-1171
-1580
159
232
1380
2839
598
2309
-299
1161
866
301
2713
1304
1791
3154
1980
2556
3071
1794
3295
3051
2882
2849
3003
3323
2794
2918
3107
2900
2923
4252
3060
2556
1786
1222
22
-553
27
-594
-716
-1134
-900
-2736
-1305
-4340
-1764
-3742
-3128
-2121
-2568
-1305
-1942
-2645
-1682
-1105
-817
-142
-48
223
-283
-1146
-1895
1390
-4563
1003
-1369
164
-824
-1543
277
-963
-3169
1377
-641
-697
539
-1660
-59
-2284
-1539
74
-1505
170
1076
106
1422
551
421
1107
1559
2075
3019
2500
1429
3730
-911
4290
1551
2261
4202
2114
4726
1410
2398
1227
729
1110
1714
1093
1824
1538
389
-117
-1616
-1628
-1020
-332
1124
488
344
-875
-490
-311
58
1362
62
611
5
-2363
-425
-4112
-1882
-3381
-3181
-2269
-4547
-4037
-3567
-5077
-2767
-3626
-3387
-2070
-3677
-2512
-2815
-2848
-2120
-1043
-4041
498
-2659
737
739
-169
1386
991
633
4243
2760
4194
5589
3556
5200
5460
5392
6981
6917
7314
7970
5610
6842
4416
4124
4480
4233
4468
4259
3004
2441
1199
-537
458
-666
1423
436
-1413
-613
-3375
-1483
-3847
-2071
-3315
-3249
-2493
-5037
-4046
-4393
-6782
-6158
-6201
-4269
-6705
-4451
-4959
-6294
-4639
-4723
-3526
-4583
-4021
-2163
-3900
-2176
-1436
-1193
-2542
-159
1012
1421
3442
2633
4405
2670
3757
6095
5603
6792
8945
7197
7297
7514
8314
7728
8613
9355
8368
8005
6824
6635
3686
4684
4212
3655
2689
1763
1475
-1074
-1221
-3526
-3255
-4963
-3456
-3107
-4529
-4879
-4700
-7238
-6454
-7194
-4887
-4352
-6423
-4066
-7187
-7447
-5290
-8734
-5201
-5368
-3937
-3742
-5811
-3634
-3397
-4471
-2306
291
-2340
1344
-286
23
2089
-871
4338
3566
1968
10030
2014
8696
4300
6266
9531
6881
11193
9321
7886
8540
8812
7239
9376
8777
7570
8381
4679
6184
2684
1124
2491
10
-534
435
-3277
-2853
-4444
-5813
-5743
-6814
-7621
-4924
-7754
-6486
-6670
-8666
-7173
-7558
-7316
-4282
-5856
-4850
-4716
-5771
-5779
-5496
-3823
-5404
-2486
-3569
-1213
-3200
-3740
-414
767
-1590
4270
246
3453
463
3980
3604
2462
6736
6107
7294
4634
7192
6568
5369
8332
8057
8850
8774
7752
7883
3975
7117
5511
6126
6184
4215
4785
127
-703
-2049
-2817
-3438
-2457
-3129
-5221
-5978
-4500
-8681
-6314
-7510
-6171
-7155
-5731
-5274
-5540
-7050
-5874
-5472
-5930
-3544
-2096
-2885
-4397
-1545
-5913
-1689
-4910
-883
-1975
113
-895
1718
-2936
2463
-235
3506
1291
5603
3669
2339
5006
800
6342
4072
6841
8264
3718
5270
3500
4207
4962
6282
7387
4831
5320
3877
2491
3438
2797
5758
2514
4159
871
-1793
-3036
-4357
-3188
-4677
-3953
-3975
-5749
-5854
-7171
-5805
-8175
-3640
-5177
-3982
-3820
-3691
-4032
-4201
-2800
-1982
-868
-1248
168
-509
-1622
-152
-489
-1045
639
-3013
2847
-2502
-15
1400
-1901
2379
1963
38
4021
-840
1427
2719
743
4688
3287
3504
4395
-55
1749
3634
2298
5983
5930
4458
4144
4247
2341
5687
3106
6218
4392
2144
3420
-1287
-1696
-2679
-2947
-1831
-3422
-2700
-4408
-5838
-5834
-5276
-6897
-4148
-4771
-2358
-3526
-3930
-1465
-4395
-327
-1553
-216
-301
699
-974
-485
-1767
-732
808
-1404
-1193
906
-4769
546
-1152
-1155
-493
-3542
393
-1794
-1623
-242
897
1614
1830
3400
769
2603
702
3607
5585
4619
8623
5063
4616
4119
4101
7288
5130
6772
6417
3423
3630
2392
-751
147
-472
-743
-1494
-4190
-3708
-5931
-5161
-5181
-5466
-5053
-6866
-4210
-6177
-3937
-3512
-3416
-1264
-2345
-2392
-507
-444
630
-1511
1658
-2151
-449
-2960
-1780
-2637
-3987
1129
-4511
-1682
-3319
-2890
1078
-5087
2120
-910
1298
2569
2531
4749
865
3713
4212
5449
6585
6274
10274
3997
7686
7450
6274
9529
6698
9044
5516
3976
5247
207
849
-370
-200
-2977
-2853
-4714
-6650
-8379
-6246
-7037
-7824
-7287
-6861
-7545
-6869
-5125
-5296
-4506
-1892
-3329
-2735
-2471
-1851
435
-3691
1079
-47
-1376
-2579
-975
-2209
-1356
-1239
612
-536
-2019
840
576
-2089
3894
4446
4172
5529
1487
4428
48
5305
8343
7018
9262
7206
6194
6365
7307
8937
9129
9890
8024
6254
2517
1412
215
-166
38
-1556
-3860
-6369
-8238
-9627
-8189
-9192
-7413
-8287
-8309
-9767
-9990
-7605
-6422
-4170
-3073
-3611
-3389
-3705
-2808
63
-522
2292
-1229
1766
-1427
-2684
-276
510
2146
1382
1308
2694
-369
549
3054
4007
4780
7722
6080
4118
3171
2808
7222
5941
9037
8773
6280
5759
6524
7342
6684
9374
8081
7259
3932
2751
72
-2391
-874
-2374
-3749
-6213
-7698
-9793
-11486
-9668
-9930
-9372
-9173
-9234
-9503
-11011
-7531
-6784
-4251
-3204
-2724
-2109
-2390
-2608
-173
905
961
3183
1692
1095
670
-1273
2890
1534
2990
5022
307
1504
2611
2922
6112
5372
7521
6623
2932
5299
7511
7413
9721
9049
8003
7609
7244
8668
7262
6576
8778
5582
4011
1777
-374
-2687
-3084
-3667
-4849
-7549
-7933
-10214
-11760
-12341
-9917
-10583
-9935
-8856
-11206
-9547
-9013
-5367
-4454
-4175
-1568
-3566
-2793
323
-1357
2652
-432
2150
2692
-1099
1778
2655
-740
4911
2398
3733
2661
368
7461
3961
6045
8595
6015
6212
3693
8370
7963
8143
11544
7292
8456
5965
9705
8853
7303
10047
6410
5427
2601
47
-1712
-3475
-3116
-4235
-8140
-8744
-10948
-11576
-12872
-11145
-12035
-10882
-10596
-11374
-11122
-10875
-7275
-5275
-5976
-3040
-4649
-3476
-1637
-426
1088
-507
2734
2518
-107
790
2035
2486
2530
3641
4437
3691
3932
5100
6708
6201
7286
9336
5254
8181
8126
8203
10992
9555
10638
9002
8189
11094
8809
8500
9511
6409
5764
3355
602
-670
-3602
-3083
-4945
-8006
-9760
-10419
-12617
-12646
-12563
-13278
-11995
-12772
-11604
-13032
-11469
-8663
-7434
-6358
-5387
-4978
-3504
-2834
-957
637
-157
3226
1761
1171
1082
282
2504
3378
4138
4550
2804
4927
3866
7166
7636
9413
9088
5459
9112
6428
9269
11882
10916
12099
8129
10644
10300
9648
10706
9387
8600
6387
3118
1330
-2635
-2349
-3663
-5611
-7878
-10458
-11674
-13975
-13584
-13299
-13898
-12588
-12899
-12626
-13582
-11622
-8840
-8253
-5768
-6304
-5441
-5017
-2718
-1590
-938
295
1176
376
-354
-36
1224
1974
5410
3582
3206
3590
3815
6576
7458
9441
9406
7348
7947
8251
9738
10897
12547
11588
9688
11122
10551
12346
10780
11158
9772
8025
5457
4040
956
-586
-1312
-3330
-7147
-9081
-11298
-12102
-12940
-13361
-12890
-14870
-13011
-13488
-14047
-11342
-9865
-7888
-7272
-7396
-5233
-6638
-2404
-1824
-523
-460
563
330
-744
-850
702
1272
3203
3352
2727
2528
2333
6239
6646
8555
9310
7736
7453
7414
9598
10502
11881
11823
9912
9477
10368
12224
11384
11793
10460
7439
4933
3728
1300
124
-432
-1363
-5977
-9521
-10972
-12129
-12315
-11603
-11759
-12890
-13188
-13109
-14109
-12230
-8717
-6814
-6088
-7206
-5784
-6377
-3152
-821
-13
624
741
378
-790
-759
676
2877
3036
3691
1992
1291
2341
6905
6415
7415
9089
5232
7107
5885
9364
10820
9991
11841
7636
7678
11234
9585
11981
8423
9661
5446
3701
3761
-1351
-249
-972
-3429
-7444
-10498
-11661
-11847
-11966
-11265
-12173
-13012
-12295
-11582
-12562
-9344
-7011
-4981
-5305
-5521
-5195
-4995
-766
-355
537
-488
500
-1198
-1324
-2039
1164
784
3338
2332
1982
-382
5577
7282
7212
9348
6736
6671
6002
7864
11806
8550
12350
8221
4753
8764
7815
12240
7610
8396
5092
-272
2123
-2397
-2322
-1937
-4480
-6019
-13570
-12368
-13699
-12072
-9409
-10703
-11257
-13022
-10972
-10640
-8706
-4644
-2792
-2218
-3541
-4337
-1979
-1209
3789
2396
2618
1115
476
600
-905
1337
2356
1908
3532
582
1473
2838
7855
8651
8031
7913
6209
6967
8099
12147
13065
11689
12039
7155
7617
10569
10630
11684
6705
6465
862
-200
-1130
-3925
-4204
-5520
-8343
-12251
-15278
-13735
-13911
-12281
-13165
-13823
-14590
-12609
-11375
-8779
-6634
-3547
-3323
-3714
-3005
-2296
865
2555
3930
2316
1499
970
613
330
1682
2844
2052
2113
1394
1656
1418
8916
7928
8964
7154
6047
8030
7267
13144
13218
10449
12765
6558
8567
10028
11937
13669
5889
7826
519
458
760
-2575
-2826
-6675
-8243
-13113
-15074
-13847
-12941
-13083
-13829
-14733
-16779
-13696
-11418
-9533
-7458
-6087
-5010
-4340
-4435
-1444
-270
2655
3133
2558
253
953
1787
1197
1848
1598
1628
1360
1837
2070
2348
7587
7671
7894
6756
5858
9809
8348
14502
13764
10793
13080
8119
11055
12482
14345
15060
8248
8226
3023
2878
3605
-334
-836
-5399
-7592
-11108
-13940
-11972
-12430
-12828
-14097
-16585
-16535
-14097
-11135
-9524
-8801
-7620
-7205
-5846
-5016
-1994
-766
850
1123
-70
-1056
517
1877
1144
-473
118
-1671
571
-903
1358
590
4351
7498
3736
5611
4744
7595
9955
11470
15276
9621
11009
10195
8643
16300
13861
16418
8779
7631
7088
4159
6739
2645
-233
-3693
-7065
-9094
-11987
-9961
-10087
-11898
-14236
-16380
-15740
-12830
-9956
-8831
-9076
-8437
-7898
-6557
-5352
-1962
-425
404
-152
-1003
-2489
269
417
-128
-2048
-2556
-1742
-1912
-116
-666
-127
5144
4276
4365
3140
4121
8897
6544
13711
10392
8739
10523
6709
11904
13497
15187
14130
6335
9161
4685
6397
6122
1195
-513
-3964
-5891
-8504
-10390
-8331
-9368
-10951
-13091
-15040
-13186
-9273
-7926
-7579
-8355
-7131
-5434
-4203
-2215
-327
740
972
73
-794
-914
1812
1661
-907
-3364
-3629
-2761
-900
-534
-1543
-1337
2125
3651
1686
4336
4112
7591
7302
9963
11334
8374
10840
8799
8744
14842
11936
13209
5554
6143
5989
4025
5533
-547
-3309
-4015
-6651
-7555
-11338
-8952
-9888
-11193
-12715
-14402
-11919
-8989
-6603
-7694
-7635
-6157
-3208
-2628
-975
-460
903
2059
1649
1291
281
1949
2114
-384
-2042
-3206
-2270
-351
225
-442
-1349
5340
3781
2547
5411
3973
10499
8123
12500
11313
7373
12777
7208
10808
14372
11802
11916
2497
6121
2447
3389
4223
-4183
-5990
-8228
-9015
-10490
-12855
-10557
-12660
-13240
-14455
-15602
-12543
-7939
-6166
-7369
-7622
-5581
-2517
-541
672
1217
1108
2257
2526
1787
1936
3211
2821
-528
-2923
-3143
-2081
726
1296
-1561
-2099
4038
4885
3347
6587
4798
9777
7706
12608
12929
9471
14075
8072
10173
14750
12461
13805
3483
6257
2962
1668
3374
-5357
-6433
-7889
-9293
-11498
-14647
-13041
-13382
-13965
-15097
-16364
-13995
-8917
-8119
-8329
-8838
-6071
-2400
-1619
15
-332
1369
2672
3359
2456
2125
3445
2825
227
-2091
-1691
-146
1368
27
-1161
-1715
6073
5553
4029
6114
3937
9981
8955
12766
13983
8217
13309
7741
10546
15995
12003
13870
3321
5835
3975
2842
4937
-4117
-5319
-7734
-9429
-10093
-13369
-10636
-12530
-14390
-15182
-16409
-12749
-8748
-7571
-8663
-9144
-6203
-3698
-1844
-1190
-535
235
993
2044
885
2405
2593
2102
-504
-2827
-2498
-1421
1000
22
-1537
-3230
3665
6707
3316
7800
2541
9370
7722
11384
15818
8466
14957
8066
7945
15852
11505
16854
4723
6434
4805
1123
6904
-2745
-3876
-5749
-8286
-8409
-13411
-10145
-10979
-12748
-13165
-16395
-14201
-9863
-7297
-8660
-9446
-7013
-4176
-3226
-1839
-2307
-394
321
2271
458
-46
2130
824
231
-2886
-1822
-2341
-439
-499
-1639
-2027
5178
5352
2596
3898
3637
9856
10023
14171
13335
7343
12373
8427
11381
16351
13325
13823
3191
6344
3978
3108
6040
-3368
-5033
-8315
-8554
-9074
-12023
-9163
-12430
-13332
-14048
-14926
-11956
-8012
-6600
-7998
-8449
-5785
-2813
-727
-112
-727
-119
-145
2343
1514
1938
2368
949
-867
-3214
-2321
-2089
5
-878
-2074
-3894
240
7591
2606
6301
3077
5776
9006
9565
17808
9562
12566
10388
6060
15791
13295
16572
7655
3983
6358
67
6546
121
-4472
-5437
-9149
-9095
-13592
-11293
-10455
-13285
-13363
-16382
-15128
-10410
-7369
-7469
-9445
-7152
-4065
-2447
-934
-1197
513
679
2623
1030
1195
2575
2776
1799
-2054
-719
-2388
55
-652
-1574
-727
2013
8739
1586
3947
3389
6418
11864
10536
15804
8807
9731
11753
7166
17232
12582
14154
6255
2667
6737
1014
6222
-1376
-6252
-7333
-9966
-9151
-12469
-11143
-12100
-14856
-14887
-15940
-13894
-9275
-7359
-8880
-9570
-7247
-3361
-1528
-196
-1606
-245
-192
1999
1765
2072
3375
1929
775
-2848
-1657
-1002
622
836
-1938
-2978
-1213
7906
5385
5745
4990
4182
9389
8506
17177
13130
11538
12807
5420
13932
14851
17038
12333
3041
7501
1001
5987
2962
-3873
-5165
-9076
-8900
-13185
-12880
-10784
-13714
-14363
-17305
-17633
-12856
-8578
-8301
-10677
-9924
-6019
-3941
-1990
-2297
-571
140
1958
1366
777
2862
3626
2900
-1356
-2048
-687
498
2192
-1517
-863
-1120
7426
6212
3964
6230
4224
10982
9454
14934
14194
8663
14200
6973
13894
15847
14347
13225
2134
8137
2714
5191
4445
-4273
-5055
-9270
-8624
-11427
-12380
-10295
-14393
-14847
-16748
-16475
-12600
-8653
-9065
-10976
-9876
-6722
-3757
-2137
-2590
-1823
-1381
249
851
402
2281
1382
1266
-2096
-2747
-1253
-351
1519
-1602
-1581
-2849
6453
7100
4683
7173
2772
10822
8538
15687
16488
9361
15683
6169
13096
16514
15209
16839
2602
8859
2658
5065
6573
-2801
-3282
-8134
-8235
-10771
-12969
-9675
-13127
-14148
-16452
-17525
-14156
-8886
-8662
-10703
-10851
-7792
-4984
-2646
-2811
-2175
-1359
-499
223
-853
1640
1727
1584
-1974
-4330
-1908
-1970
1154
-1818
-2592
-3127
2556
7696
2378
6804
3151
8443
9768
12576
18052
9593
15337
10028
10870
18726
15173
18617
5833
8354
6181
3609
8529
-1446
-2734
-6504
-8177
-9169
-12852
-9632
-12395
-14610
-15170
-17868
-14021
-9755
-8786
-9842
-11230
-7751
-5305
-3252
-2255
-2742
-486
-1017
361
-1015
514
1805
1010
-1069
-4359
-2814
-2667
161
-2166
-2799
-4232
891
7254
1939
6370
2309
7078
9574
10641
18663
9383
14456
10683
9262
19326
14481
19750
7237
8172
8554
4096
10194
776
-1604
-4127
-7463
-7204
-11897
-8863
-10247
-13668
-14120
-17456
-14133
-9711
-8716
-9944
-11660
-8598
-5615
-4276
-2905
-3940
-1520
-1713
-435
-1315
-203
1157
682
-1360
-5061
-3363
-3086
-507
-2226
-4033
-4375
-588
6353
2331
4742
3437
5985
9124
10408
17801
10950
13824
12060
9132
18370
16555
19510
9816
8210
9516
4692
10280
2697
-1369
-3838
-6710
-7437
-11585
-9005
-10343
-13544
-14646
-16844
-15067
-9853
-8629
-9861
-11515
-8846
-5255
-3702
-2657
-3198
-2005
-1326
-554
-953
-355
1316
604
-1598
-4978
-4774
-3716
-1916
-2089
-3843
-6147
-1709
4443
1287
4287
2031
6230
7567
9381
16712
9257
14298
11226
8863
17200
14989
20061
9868
9207
9993
4643
11259
3309
-183
-2495
-5227
-5542
-10643
-8766
-9436
-12366
-12505
-15738
-14785
-9648
-7963
-9249
-10482
-9019
-4947
-3785
-2391
-3162
-1974
-796
-137
-609
-448
1098
892
-1027
-4093
-4440
-4385
-2169
-3160
-3681
-6372
-3323
4715
356
3483
980
4359
7656
7789
16323
9304
12024
12192
6805
16376
13897
19434
10792
7517
10052
3200
10684
4694
5
-2200
-5608
-5163
-10145
-8448
-8877
-11868
-12230
-14949
-14760
-10438
-6835
-8590
-9832
-8808
-5712
-3225
-2050
-1757
-1849
-613
65
-10
-58
1627
1628
-263
-3565
-4693
-4517
-2758
-2842
-3437
-4824
-7008
2879
1404
2242
3203
1085
7938
5098
14393
13532
9356
15438
6498
13814
14604
17141
16938
5876
12139
3882
7702
8094
383
47
-5262
-4759
-8630
-10608
-7829
-10873
-12051
-13659
-15704
-12475
-8114
-7753
-9063
-9517
-6773
-4526
-3321
-2088
-2195
-416
102
-52
-319
-91
1828
647
-2199
-3982
-4849
-4245
-2318
-3888
-3319
-8231
421
2768
156
5127
-112
7687
5207
11380
15652
8101
15978
8032
10153
15636
14245
19308
6106
11136
5554
4989
9855
886
615
-4322
-4539
-6909
-11117
-7640
-10352
-10910
-12087
-14682
-13503
-8740
-7115
-8180
-8415
-7186
-4112
-3585
-2006
-2076
-833
458
84
-97
-627
1453
1185
-1383
-4174
-5095
-5240
-3114
-4300
-3870
-7193
-4186
3920
-1448
4099
824
4067
7212
7620
16765
9645
13129
12541
6917
17313
13831
19812
10548
8425
9860
2999
10965
2847
432
-2161
-5442
-4767
-10938
-8373
-8744
-10906
-11102
-14526
-13457
-9765
-6469
-7576
-8463
-7222
-4479
-2917
-2255
-1705
-1187
254
-181
37
-1156
867
1178
-1166
-3967
-5237
-4889
-4790
-4252
-5367
-5683
-8455
2585
-515
1032
2530
-246
7194
4632
14301
13519
8855
15355
5218
13534
15143
16675
16996
4872
12274
2688
8153
7542
-95
611
-5821
-3878
-9461
-10399
-7069
-10125
-9877
-12738
-13975
-11459
-6547
-5945
-6516
-6641
-4414
-2438
-2138
-449
217
1561
1558
1189
-475
-74
2416
303
-1574
-4696
-5220
-5911
-5009
-4941
-4828
-8532
-756
431
-2179
2641
-1432
6327
4231
10721
13954
7033
14110
7504
10032
15701
13844
18460
4989
11284
5163
5022
9353
-642
666
-5440
-4051
-7141
-11548
-7115
-10273
-9861
-11800
-13151
-11819
-7487
-4988
-6646
-5906
-4636
-1436
-1486
-154
424
1600
2377
2396
900
248
2148
1492
-891
-3143
-4892
-5247
-4834
-5130
-3993
-8050
-1904
1639
-2218
2581
-1226
5803
5128
9638
14982
7291
13376
8927
8842
15726
13374
18627
6133
9217
5821
2883
9121
-819
-726
-6467
-6664
-8094
-13403
-8886
-11396
-11174
-12355
-15181
-12887
-9660
-5072
-5592
-5522
-3926
-1236
-796
599
1040
3257
3762
3939
2579
492
3112
2806
1334
-2424
-4030
-4519
-5902
-4032
-5608
-5857
-6660
3006
-1146
977
1377
1415
7641
6628
15928
11900
10102
14216
5919
14648
14795
17506
13608
4990
9810
264
7501
2939
-1902
-3520
-8858
-7151
-14496
-12818
-10850
-12998
-12165
-15389
-15870
-12896
-8188
-6054
-6703
-5198
-2857
-1297
-1565
661
2024
4238
4359
4071
310
2346
3559
2934
337
-2532
-3784
-5642
-3614
-4887
-3979
-5155
4020
450
-164
1831
1457
8857
8810
15497
13377
9494
14375
7708
14418
16731
17161
15201
5095
9551
1564
7019
4633
-2372
-3359
-9661
-8050
-13839
-13685
-11210
-13533
-12757
-17020
-16862
-14001
-8803
-6272
-7177
-6538
-4025
-2360
-927
82
2142
3409
3825
3471
967
1928
3477
2667
537
-3182
-3590
-5945
-4391
-5183
-4958
-5430
-2753
3480
-2430
3568
820
6092
8644
10777
16662
11109
13355
13021
9434
18309
15429
18988
9531
8601
7492
2647
7951
-453
-1259
-5959
-7876
-10092
-15775
-11838
-12814
-12886
-14274
-16809
-15970
-12430
-7756
-7891
-6802
-4994
-3159
-2605
-1945
318
2640
3837
4289
1272
165
1933
3158
1835
-1138
-2603
-5348
-5085
-5230
-4875
-4642
-3797
4558
-2092
1565
689
3310
9037
8754
16658
11292
11642
13626
7674
16749
15493
19181
12465
7496
9438
1809
8434
1909
-709
-3666
-7657
-7815
-14972
-12088
-11285
-12017
-12084
-15889
-15715
-13260
-8026
-6953
-6718
-4743
-3324
-2195
-2580
-552
1710
3617
4398
2537
-418
1396
1904
2121
-249
-2357
-4175
-6267
-4604
-5979
-3577
-4031
4082
-112
-306
1451
1699
8597
9610
15179
13529
9883
13607
8317
14385
17109
17537
15434
6723
9851
1959
6676
4014
-918
-2073
-7841
-7913
-14284
-13755
-10804
-12602
-10924
-15072
-16074
-14313
-9394
-7110
-6021
-4687
-2854
-2887
-2510
-1411
975
3608
4642
2870
-213
-186
1052
1385
589
-2296
-3730
-6200
-4863
-6845
-3911
-4820
3121
2763
-553
2780
-47
7814
8973
14697
16374
10419
14359
8492
11336
16791
16115
18258
7005
9747
1448
3425
3823
-1709
-1581
-7401
-7946
-14510
-16106
-13014
-13281
-11093
-13614
-15734
-15557
-10435
-7913
-5851
-3884
-1921
-1186
-1675
-1027
560
3715
5620
4607
1963
-33
1693
1005
1593
-1208
-1974
-5079
-5473
-6569
-5295
-4568
211
4465
-380
2465
756
5296
8763
12885
16601
13558
13030
11979
9350
15443
16527
18391
11483
9978
5054
2494
3379
-41
-1891
-4750
-6318
-12329
-16138
-15886
-14128
-13261
-12647
-14445
-16568
-13158
-11567
-9871
-5957
-3687
-631
-2316
-2305
-2348
245
4746
5732
5009
2125
1456
889
1160
344
71
-1606
-2213
-4032
-4772
-4006
-1133
6090
3275
3840
3000
3595
7168
10636
14840
14996
12816
13100
8749
11446
13999
15938
13170
11111
7248
2989
1383
-137
-2675
-3540
-4081
-8946
-13408
-15978
-15152
-14647
-12858
-12647
-14052
-13522
-11939
-12485
-9553
-5755
-2817
-1759
-3030
-3633
-3198
57
2511
3215
2535
1544
938
72
-1034
-1510
-1400
-1155
-1575
-1583
-1731
-439
4720
4552
4888
5538
6737
8139
9949
12470
12784
11289
12376
10689
10834
11826
12538
10668
9189
7909
5060
2308
441
-1964
-3791
-4019
-6036
-9119
-11658
-11646
-12697
-12549
-12410
-11764
-10906
-9650
-10343
-9774
-7641
-5433
-3971
-4176
-4314
-4058
-2632
-1694
-1145
-798
-1029
-590
233
85
-441
652
664
427
1030
2427
3730
5130
6306
6806
6733
6337
6727
6984
8258
8534
8858
8114
6976
7486
6323
6248
6414
6158
5323
4603
3065
586
-95
-935
-1594
-2466
-2881
-4045
-4829
-5131
-5974
-6622
-6875
-5986
-5775
-6388
-6284
-5534
-4979
-5389
-5066
-5322
-5754
-4109
-3334
-3176
-2301
-3020
-2702
-2867
-1398
-1345
-1193
-177
-516
-153
548
1811
2828
2524
3422
4338
4468
4903
5701
6338
5893
5401
5718
4822
5361
5590
4362
4131
3469
3720
2821
2272
1403
1162
1660
1406
541
-646
-1347
-1953
-2348
-2644
-2920
-3466
-3093
-2796
-4087
-4429
-3824
-3047
-3236
-3538
-3527
-4273
-3920
-3328
-3793
-2560
-2824
-2839
-3334
-2520
-2403
-2790
-1459
-1892
-1782
-1135
103
933
1269
1882
2869
3121
3723
3949
4446
5299
5386
5693
5195
5374
5577
4078
3285
2596
2091
1842
673
-617
-1034
-1192
-806
-1488
-1758
-1876
-2016
-1220
-1086
-618
-718
-794
-331
-1929
-1763
-1347
-345
-668
-1705
-1828
-3107
-2866
-2014
-2826
-1751
-1958
-2503
-3131
-2987
-2386
-2911
-1524
-2079
-1800
-1029
-22
1149
1278
2015
2843
3773
3892
4252
4961
5963
5999
6063
5993
5483
5575
4087
3273
2729
1746
1299
651
-1649
-2833
-2603
-2241
-3281
-4642
-4966
-5187
-5374
-5054
-4537
-4257
-4192
-2866
-2818
-2919
-1527
-444
436
92
583
-170
-210
809
166
546
685
89
-915
-397
-12
-843
-485
-709
-1470
-886
-70
923
1304
2115
3021
3765
3871
4459
5247
6249
6914
7234
7100
5948
6388
5193
4034
3064
3317
2593
1579
-73
-1944
-3140
-3538
-3895
-5518
-6548
-7367
-7445
-8440
-8002
-7127
-6657
-6289
-6120
-6370
-5891
-4495
-3207
-2956
-2991
-2560
-2281
-912
-204
1156
2185
2116
1897
2652
3075
2428
2739
2243
1768
2254
2729
3670
3820
4010
4174
4365
4457
4811
5395
6167
6712
7094
7093
6776
6831
6140
4792
3637
4077
3444
2314
-124
-2355
-2654
-3595
-4334
-5662
-5804
-5376
-6627
-8620
-8188
-8694
-10649
-9080
-7273
-8074
-9734
-9125
-6478
-8500
-6759
-1640
-2125
-2569
-2260
-1005
-640
-270
1107
2064
2188
2402
3109
2895
2649
4295
5300
6570
7608
8991
8731
8083
7751
6676
7472
9035
9663
9201
8908
7710
5811
4826
3545
2600
3314
3636
2718
532
-1379
-2497
-3610
-4578
-4661
-5449
-5942
-6956
-8194
-10213
-10480
-10373
-9569
-8340
-7972
-6829
-6776
-7084
-5725
-5534
-5820
-6088
-5352
-3891
-3943
-3993
-1801
-999
-1193
1784
1912
1764
1880
1162
3515
5455
7552
7383
6981
6707
6857
9828
11935
12029
12327
13080
13726
11669
10216
7511
6818
6790
5193
3511
1284
616
-1517
-4516
-6519
-7499
-6936
-5895
-5898
-6443
-7958
-8718
-9361
-9204
-8185
-6521
-4579
-4989
-5767
-6911
-7751
-6665
-5768
-3772
-4595
-3615
-3415
-4300
-4510
-5022
-4848
-5811
-3267
-2361
-4244
-2601
164
3660
3169
2169
3764
4623
9647
12163
13945
12543
12941
12878
11378
12864
14673
15804
14717
14205
12036
7203
5079
1821
-199
-1067
-1191
-4418
-8329
-10494
-12218
-13327
-13463
-13052
-11629
-9080
-7442
-7100
-8976
-7311
-5191
-3253
-1923
-925
736
-809
-862
-2469
-3852
-2456
-1276
-415
-2063
-2343
-4763
-6607
-7037
-8579
-7372
-5386
-3677
-2662
-264
4508
4328
3189
3815
8252
12981
16348
18187
16466
15302
14099
14871
15346
16470
16784
14171
11718
8559
3880
-601
-4446
-6516
-6890
-7466
-10242
-13831
-16327
-17434
-17531
-16174
-14634
-10356
-8030
-6095
-6534
-6731
-3681
-630
2783
2286
3207
3930
3035
1921
-381
-617
-839
857
-575
-4386
-6387
-9125
-9637
-9915
-9329
-7706
-6088
-351
3337
4288
3334
4141
7221
11762
16317
19038
18633
17750
15984
14416
13969
16279
15870
14078
11150
8112
3965
-930
-6490
-10793
-11300
-9960
-10845
-15218
-18515
-19228
-18271
-17283
-14318
-11525
-7101
-3169
-3172
-4084
-3436
992
3624
4698
5604
4487
4894
3970
2133
-1616
-1721
-374
-1915
-4252
-8095
-10458
-10931
-10353
-9763
-10500
-6293
995
5751
5588
4189
4327
7746
13720
18887
20615
19574
18685
16654
15039
15154
15836
13708
11865
9326
5938
845
-4554
-10733
-13476
-12765
-11290
-14480
-17760
-18688
-17592
-16714
-14434
-12237
-8849
-2992
-274
-598
-1609
1920
5232
6622
6594
5446
4936
4879
3359
-1106
-3572
-2512
-3003
-5049
-8873
-11956
-13131
-12168
-11213
-11591
-9113
-1839
4734
6489
5636
5760
7831
13576
18882
21659
20505
19764
17957
15487
14015
14296
12098
9649
7606
4371
-92
-5432
-10660
-14905
-14481
-12456
-13740
-16978
-17589
-16330
-14972
-12555
-9608
-7063
-662
3305
3500
1630
3867
7213
7991
7982
5833
3765
3356
2072
-2339
-6249
-5594
-5182
-6656
-9388
-12640
-14439
-13821
-12415
-12142
-10615
-5274
2556
7226
9757
9041
9514
12440
17713
21667
22688
21176
18618
14959
12483
10936
9787
6545
3662
725
-2236
-6040
-10593
-15121
-17364
-14902
-12872
-13852
-15576
-14204
-12258
-9214
-6003
-4137
277
5467
8017
5987
5202
7120
8432
8714
6027
2651
270
-537
-3869
-8111
-9806
-8602
-8318
-8917
-11294
-13053
-13401
-12120
-11112
-9673
-6316
-220
6869
12122
14782
13409
14429
16457
20711
22953
23046
19460
15741
11797
8458
5948
3385
109
-3048
-5036
-7920
-11164
-14503
-17334
-17528
-13906
-11870
-12235
-12504
-9670
-7322
-2598
-717
2485
6660
11199
11351
8295
7112
7027
7430
5857
2333
-2022
-3920
-6702
-9693
-13302
-12810
-11867
-9483
-10193
-10334
-11567
-10593
-10822
-9080
-7298
-1096
3619
10933
16904
19996
19671
18318
19924
21577
23860
21897
17165
11636
8497
4193
491
-3197
-5217
-8515
-9551
-12422
-14309
-16203
-16200
-15612
-13061
-10125
-8800
-8011
-6328
-2262
906
4266
6535
8473
10602
11822
10131
7284
5654
4763
1988
-1781
-5324
-8591
-11102
-13545
-15516
-15108
-12189
-9410
-8471
-8018
-7176
-6368
-5318
-4681
-3182
-146
4492
10092
16276
21587
23299
21589
19843
20364
20517
20187
16579
11057
5109
1975
-2506
-5542
-8108
-9357
-12650
-12911
-13377
-14201
-13858
-12526
-11033
-8716
-4994
-4875
-4544
-1253
2205
4768
6493
6430
6453
6896
8471
5929
4309
2665
363
-2432
-5712
-8273
-11000
-11855
-12398
-13110
-12258
-9477
-6782
-5089
-4608
-3517
-2863
-480
385
-72
615
5585
10032
15799
19474
21010
20284
18736
18999
16368
15719
12504
9079
3640
-58
-3454
-5210
-6538
-7665
-10734
-11900
-11126
-10318
-10144
-10534
-9314
-8242
-5453
-3974
-4671
-2763
680
1567
2086
2300
3173
2782
3193
2446
681
1228
353
-1696
-4613
-6161
-7356
-8064
-7767
-8155
-7623
-5849
-4078
-3209
-2394
-1726
-688
-175
892
150
170
2474
6873
10675
16948
18076
19325
17043
18256
15045
13694
11861
8801
4946
1960
-1526
-4056
-4532
-5974
-9392
-10879
-9265
-9668
-9008
-9889
-10821
-10079
-7235
-6319
-6945
-6419
-3177
-2359
425
537
877
796
2343
2866
1864
2738
1619
-425
-2003
-3524
-4854
-6229
-5219
-5189
-5063
-3193
-3208
-2462
-1852
-676
-1451
-10
-24
-430
-777
767
3883
7826
14898
17505
19810
18212
17937
16607
14251
13453
9526
6211
2361
-271
-2399
-3920
-5366
-8531
-10930
-9217
-9194
-9779
-11157
-11643
-10848
-8013
-7677
-9487
-8839
-4312
-2159
-1081
-509
-795
1061
2328
3473
2498
2875
3294
1148
-1
-2795
-4059
-4559
-3555
-3114
-3444
-3408
-1965
-1712
-535
-816
-884
-1615
-404
-2021
-2405
-2211
2543
5767
14274
16966
18374
17548
17276
17251
14689
14109
9790
5486
2932
-789
-2063
-3516
-5126
-8006
-10442
-8499
-10121
-10159
-11551
-11112
-10388
-9201
-9301
-9521
-7860
-3557
-2846
-2190
-913
398
1774
3011
3327
3071
4150
4453
1799
-452
-1820
-2842
-3145
-3044
-3224
-4041
-2901
-2693
-1621
-1228
-1267
-1995
-2332
-2087
-3078
-3760
-2295
1304
6695
13845
17381
18424
17927
18853
18709
15356
12954
8773
4464
2449
-1240
-3899
-5062
-6274
-8529
-11448
-9501
-11110
-11186
-10815
-11687
-10720
-9116
-7702
-7810
-5892
-1909
-1942
-238
1520
2125
2847
3393
4597
4111
5263
4466
1974
828
-752
-2607
-3542
-3221
-3508
-5331
-4046
-2827
-2146
-990
-1875
-3035
-2724
-2087
-3374
-4724
-1801
2027
5852
13614
15608
18403
18465
19657
17714
13829
11679
6651
3261
291
-3939
-6276
-6315
-6754
-9088
-11485
-9553
-9846
-10292
-9970
-10968
-9859
-7313
-6116
-5192
-4395
356
453
1801
3588
2534
3465
2989
4087
3504
4300
4447
1783
1683
-109
-2655
-3295
-4576
-4889
-5502
-4312
-2405
-2336
-1081
-1479
-999
53
-462
-2206
-2738
-2377
1285
2290
10209
14159
17499
18125
16367
16220
12100
11067
6153
788
-2059
-6212
-7840
-7154
-7214
-8906
-10476
-7981
-7459
-8156
-8214
-9415
-9659
-6388
-5856
-4866
-2761
1023
2389
1771
3970
2815
2832
3881
3364
3568
4071
4927
2924
1902
1405
-1651
-2994
-2577
-3653
-3768
-3241
-2439
-2622
-1099
-34
273
322
681
-2824
-3822
-4612
-3052
-1225
5710
12324
13815
15594
13855
15455
12444
10222
5560
-149
-2567
-6177
-8948
-7687
-7201
-7122
-9558
-6798
-5833
-6190
-7693
-9189
-10521
-7802
-5494
-5226
-3062
163
2726
2903
4284
3870
2605
3902
4833
4402
4960
5109
4924
4623
4123
1227
-472
-759
-1038
-3400
-3845
-2476
-1973
-122
240
431
-54
-706
-3378
-5853
-6669
-5246
-4411
1255
9168
11229
14985
14476
17081
15273
10660
7636
-237
-1823
-5847
-9977
-8427
-7689
-6647
-8708
-6803
-4488
-6386
-7731
-10031
-11562
-9476
-6554
-6667
-4370
-225
2822
3697
5106
6111
5061
5413
6379
5310
5416
6576
6393
6717
7276
4297
1827
333
-1018
-3082
-4950
-3269
-3621
-2052
-1470
-1864
-2121
-2080
-3603
-5955
-7223
-7718
-6235
-3498
5338
9021
12735
14846
16464
18458
13524
10310
3676
-1673
-4045
-9708
-9966
-8141
-7609
-7892
-8412
-5804
-6244
-8318
-9988
-11395
-11371
-8490
-7844
-6534
-1833
2127
4502
6685
8459
8435
7666
8020
6960
5717
7098
7962
8108
8350
5564
2964
2063
899
-2416
-5791
-5372
-4605
-5301
-4519
-4908
-3625
-2623
-2989
-6719
-7882
-8105
-6874
-5827
-582
6554
9689
15966
16467
18883
16847
13234
8995
2061
-3081
-8258
-12586
-9192
-8575
-8831
-9978
-7763
-4879
-5360
-7866
-10676
-11610
-10169
-7888
-8366
-4933
308
5089
8371
10827
11349
10428
9736
9350
8869
7704
8609
7060
7453
7435
5301
3952
2480
-369
-3447
-7031
-6984
-8147
-8143
-7190
-6132
-5098
-4137
-5112
-6600
-7139
-8419
-8232
-7113
761
6384
10461
14585
16748
20264
17494
14022
8468
1405
-2785
-9411
-11980
-9492
-10093
-9578
-9418
-5517
-3245
-3937
-6850
-8904
-10550
-9367
-9068
-8355
-4212
1087
6267
10327
13146
13693
13296
13562
13411
10053
7324
6014
6870
7972
6529
3652
2431
1008
-1406
-6724
-9196
-10398
-10941
-11514
-11385
-10299
-7823
-6228
-6311
-7203
-7862
-7542
-6141
-3855
3101
6407
11606
15257
18470
20429
16305
13977
7929
1081
-4136
-10713
-10944
-10136
-11135
-11588
-9709
-4294
-2729
-4014
-6319
-7299
-8103
-7414
-8609
-7346
-2395
3558
7983
12231
15905
17302
17217
16070
12750
9571
6843
6893
5311
4708
3003
672
545
-990
-5154
-8711
-11344
-12070
-13709
-14556
-14135
-11887
-9424
-6993
-7287
-6073
-5398
-4600
-3930
-506
5877
8219
13335
15073
19441
19812
16337
13896
6577
1150
-4485
-11294
-11809
-13455
-14051
-14298
-9751
-4880
-2924
-3073
-3443
-4088
-4901
-5061
-6683
-5322
242
5776
10508
15269
18724
19484
19972
18346
14725
9946
7175
5284
1986
134
-2582
-3927
-2920
-3771
-7388
-10572
-11723
-12863
-14538
-15947
-16054
-14009
-9910
-6566
-6249
-4061
-2823
-322
505
5704
7770
10084
13580
14492
17583
15166
13787
11779
6092
1004
-6713
-11815
-12357
-14826
-17136
-16668
-10340
-5197
-2530
-2078
-1031
-484
-91
-974
-2889
-741
3991
7349
10805
14717
17689
19772
20770
18370
14386
9163
5967
1800
-2018
-5133
-8273
-7970
-6804
-8024
-9792
-10605
-10244
-11073
-13172
-14838
-13914
-11779
-8520
-7237
-5875
-2629
58
2325
4103
8209
9449
11542
12709
12883
14103
11620
10943
8243
3419
-1052
-7821
-11126
-12149
-15179
-16773
-14861
-9096
-4702
-1767
-873
1434
2836
3773
2544
630
2325
4543
6997
10147
13217
15452
17610
18635
15403
12449
7847
4118
189
-4399
-8349
-10482
-10391
-8963
-9878
-9972
-9467
-9338
-9159
-11108
-12458
-11125
-9337
-7269
-5744
-4451
-1752
663
3145
4147
8762
9141
11295
11507
11264
12098
10064
9623
7474
2040
-1638
-7257
-9409
-10942
-14074
-15510
-12484
-6805
-2828
333
1434
5060
5477
5548
3003
1666
2765
4507
5853
7819
11382
13894
15771
16150
13364
10438
6317
2375
-2214
-7372
-10944
-11918
-11093
-10236
-10082
-9242
-7530
-6456
-7588
-9235
-9469
-8336
-7387
-7424
-6179
-4377
-2082
61
1886
2538
8272
9050
9837
9807
9486
11045
9121
8804
6430
2142
-824
-5159
-7836
-9031
-11425
-12958
-9701
-3689
-607
2165
3265
5484
5940
5839
3297
1481
1687
3508
3751
5725
8483
10572
12819
13776
11405
8127
4563
972
-3260
-7152
-10765
-11652
-10553
-9484
-9275
-8982
-6605
-5548
-5946
-7125
-7754
-7107
-6488
-7144
-6377
-5620
-3239
-1923
-871
164
4343
7245
8193
9427
9687
11449
11758
11046
8245
4188
950
-2464
-6302
-6774
-8614
-8933
-5695
-1094
755
3530
4893
5592
5415
4112
1321
-1115
-789
-36
404
2783
6093
8324
10619
11048
8492
5252
3020
618
-2852
-5876
-8657
-9257
-7748
-7041
-7614
-6649
-5537
-5069
-6613
-8019
-8565
-8470
-8148
-7398
-6207
-4721
-3071
-3833
-2805
-1855
118
5180
5163
8016
9556
12353
14701
13759
12754
9825
6543
3291
-1404
-3779
-4146
-6094
-6392
-3572
769
2934
4976
4137
3991
3060
1429
-2372
-4200
-3442
-2467
-1213
1434
4212
6291
8161
8744
7038
5406
2834
-363
-3348
-5667
-7670
-8084
-7903
-7558
-7918
-7148
-6413
-6020
-6143
-6912
-7122
-6462
-6046
-6710
-6299
-6071
-5860
-5021
-4329
-2730
2802
7568
9271
12390
14288
16893
15589
13767
11594
7742
5394
1579
-3007
-2526
-2550
-3768
-2393
1377
2805
3327
2806
1194
-456
-1674
-3592
-5652
-5121
-3797
-3358
-1392
2292
3998
5050
6108
5334
3180
2269
245
-931
-2255
-3189
-5176
-5108
-5066
-6394
-6776
-6086
-6215
-6905
-7413
-7671
-6929
-5715
-5850
-6191
-5681
-5510
-5538
-5405
-3742
-1950
3044
7316
9058
12886
15035
17368
17100
17051
15305
11234
7338
3411
523
461
-1274
-3594
-3537
-328
-105
33
-1462
-2426
-2957
-3020
-5210
-8229
-8209
-6206
-5194
-3534
-1456
160
3159
5738
6245
4703
5190
4528
3270
859
-1961
-4497
-4095
-4612
-6349
-7604
-7416
-7185
-6352
-6152
-6193
-6521
-6591
-6954
-7030
-6821
-6615
-6623
-5285
-2616
-1036
4815
9736
12327
15577
16740
18855
19023
18161
16011
12241
9410
6530
1886
505
-1620
-4458
-6222
-4287
-4416
-4675
-4511
-5437
-5433
-4721
-5890
-7977
-7792
-6939
-6981
-6452
-3009
-805
2530
5342
6381
5999
7437
7458
5152
3450
1065
-1761
-3199
-5162
-8039
-8309
-6823
-5804
-5884
-5788
-5553
-5995
-5767
-6688
-7955
-7718
-6001
-5509
-4699
-2453
-203
3688
10989
12763
14016
15981
18186
19367
17951
16306
13848
11038
8737
4100
645
-410
-4276
-8300
-8477
-7191
-7625
-7221
-7147
-6733
-6061
-5316
-8467
-9455
-8503
-6852
-7169
-5300
-2870
-27
3450
6780
7910
8439
10637
9690
6907
3795
786
-2359
-3355
-6016
-8170
-7938
-6082
-5662
-6709
-7068
-6841
-7192
-6743
-7032
-7451
-6081
-4697
-3906
-2252
1268
3168
7721
12081
13014
15914
16795
18905
18561
17799
16352
13511
9790
5772
643
-2983
-5370
-9642
-11716
-10305
-9400
-8744
-8072
-7231
-6392
-4992
-6627
-8901
-9593
-8546
-8239
-7812
-4914
-1177
4285
8022
11018
11265
12540
12273
9818
6593
3068
-802
-2079
-3370
-4757
-6163
-6446
-5855
-6074
-7001
-8480
-8665
-8406
-7933
-8287
-6738
-3881
-895
1275
1896
3828
5121
7315
10522
9798
11868
13078
15988
16434
16450
16162
15030
11776
7342
1668
-2612
-6020
-11624
-15316
-14554
-11694
-11009
-9747
-8868
-6769
-5931
-6412
-9010
-9944
-8972
-7940
-6828
-3816
300
4593
8868
12364
13644
13735
14466
13348
10379
7082
2553
-162
-2314
-5587
-8935
-10129
-10613
-10628
-11327
-11081
-9495
-8215
-5798
-4324
-1712
-109
1040
538
809
1119
793
1921
5938
7703
10605
13677
16857
19826
19399
18523
15405
10823
5304
-1823
-6841
-9426
-12730
-16265
-15173
-11996
-10232
-8367
-8067
-6844
-6299
-6155
-8930
-9650
-8108
-5489
-4402
-804
3759
8189
11479
14069
15560
15347
15811
13406
10455
7135
4218
-360
-3815
-7156
-10937
-12271
-11738
-11858
-12262
-10823
-8276
-5632
-3260
-2271
-1208
135
1725
-127
-1683
-2306
-941
-970
3514
8338
10571
15110
16721
19475
18138
17450
13554
9610
4489
-767
-6712
-9320
-10819
-14592
-16160
-12926
-10560
-9941
-9873
-9562
-7868
-5728
-5193
-7042
-4411
-1033
1267
2206
4653
7349
10293
12296
13288
13444
13940
13640
11472
7944
4182
-238
-4308
-7459
-11298
-14850
-14987
-13995
-12573
-10887
-8710
-4498
-1181
60
-415
-385
-238
-35
-1669
-2266
-1021
1603
3373
7339
11749
13210
15540
15142
15823
13770
11236
7711
4021
331
-3009
-7238
-9051
-10695
-13747
-15238
-13251
-11541
-10986
-9160
-6795
-3257
-184
1201
1009
2630
4479
4341
3324
4378
5292
7426
8855
10931
10767
11091
10827
8461
4228
582
-4387
-8339
-10666
-13474
-14622
-12760
-9635
-7621
-5245
-3652
-1648
-1374
-397
-891
-1425
-734
474
858
2295
3512
3386
4499
4915
7836
6860
6566
6365
6566
8363
7081
6661
5406
4881
1710
-1811
-5436
-7373
-10114
-13067
-12735
-10177
-7976
-4601
-1718
1508
4048
5460
3868
2731
1799
152
-1116
-1422
56
2051
3888
5398
6328
6633
6548
5300
3074
961
-699
-2956
-4155
-6044
-7401
-7722
-6936
-6992
-6776
-6296
-4617
-2476
-418
1241
3010
4368
4765
4273
2312
573
-1558
-3219
-3459
-3838
-205
1219
3595
6163
8350
11050
10698
10933
8315
5643
2299
-1470
-4108
-4969
-6354
-7544
-5713
-2592
-1734
-1137
-1186
-250
-291
-718
-2952
-4199
-3163
-2748
-4299
-5014
-3533
-1879
-182
698
2344
4132
7170
8636
7556
7265
6421
3582
23
-3925
-7996
-9911
-9053
-8026
-6191
-3715
-135
2523
4149
3929
2198
700
-334
-2911
-5872
-6708
-6140
-5900
-3919
-2596
2398
6866
7913
9606
9205
11647
10637
9938
9379
9372
8168
5574
3184
928
-1649
-5385
-8937
-8567
-8598
-8547
-8623
-6677
-4606
-3792
-4277
-5217
-5123
-5864
-6975
-8191
-6211
-3128
710
3935
8595
12046
13864
13710
11648
7683
4283
1120
-2591
-4922
-6632
-6783
-5667
-3865
-3130
-2413
-1644
-1058
-1744
-3091
-3786
-3734
-3762
-2555
-1846
-384
1439
1988
1553
1433
909
3154
4041
5476
8033
9856
13043
13202
13860
12213
10314
6200
1715
-2341
-5647
-9106
-12051
-12977
-10632
-9602
-8947
-8432
-7293
-6485
-6065
-7071
-7317
-5647
-3466
-1324
-256
2456
4532
6775
7015
7448
6853
7256
8021
7111
5634
4738
3948
2159
-311
-3333
-5570
-6698
-7747
-9104
-8285
-6032
-3050
-699
1612
4124
5624
5450
3477
1302
-472
-1648
-3221
-3829
-3292
-1231
588
5548
5754
7566
7755
8380
8331
6375
5927
4471
3872
2412
-451
-1816
-3581
-6696
-10394
-12392
-11454
-12091
-10866
-9353
-5788
-2405
104
-219
449
820
730
-1721
-3129
-2217
24
2833
4392
6844
9307
11982
12522
10367
7091
4294
1454
-2037
-5125
-7344
-7276
-4730
-2873
-1218
486
2888
4026
3480
1534
-351
-966
-2230
-3024
-3207
-2643
-1001
-626
-2087
-3076
-2672
-3101
-620
-975
-18
2504
5206
8060
7786
8975
8426
6901
4471
19
-2891
-4957
-6887
-8942
-10015
-7375
-5932
-5061
-4653
-3650
-2560
-813
-1493
-1711
-1340
307
1282
787
1643
2530
3660
4050
4680
4974
5455
6665
6745
6359
6904
6385
5459
4102
2178
-13
-1757
-3419
-4471
-4788
-3294
-1620
-1149
-1095
-922
-1213
-2451
-4616
-6971
-8143
-7982
-8332
-8602
-7627
-5361
-3324
-2003
1801
1924
4512
4982
6670
7525
7795
10577
10326
10186
8169
4708
2730
276
-4148
-8760
-9992
-7518
-6455
-6284
-4831
-2099
825
2290
-351
-1319
-1603
-1315
-3918
-6699
-5593
-3193
720
4179
7899
11224
14673
16480
15175
12514
10153
6707
3329
795
-2786
-4989
-5307
-6304
-7278
-8427
-8601
-8519
-8693
-9723
-10496
-9955
-9132
-8429
-8422
-7518
-5629
-4359
-4437
-2695
-1595
1023
1898
6228
8087
10107
12070
12008
13725
12301
12176
10487
8785
7050
3339
391
-443
-3259
-5427
-7379
-6355
-5510
-6528
-7427
-7070
-5932
-4254
-4448
-3595
-1487
1298
2996
2639
4681
6455
7717
8251
9273
9524
10758
10507
9854
7552
5081
2179
-2152
-4913
-8609
-11757
-13394
-14194
-14370
-13736
-12939
-10870
-10082
-8278
-7215
-5661
-4060
-2908
-1711
774
3137
4339
5175
4902
5492
5037
4925
3418
6007
6175
6708
7683
7645
10155
9985
11263
10452
8663
6186
1606
-1681
-3594
-6977
-9452
-10273
-7615
-4984
-3985
-2921
-462
1707
3437
2141
1397
2516
2481
2176
-250
584
1556
1144
390
-270
-72
385
-241
-749
-1050
-1255
-1627
-4006
-5511
-7072
-9767
-10506
-11172
-11375
-10451
-8060
-4783
-1594
51
1996
3678
5523
5534
4335
3607
3771
3912
3292
2008
2717
3309
3845
3847
5458
7331
5946
6984
5488
6084
4913
4716
5124
4482
4643
1515
-553
286
-1303
-3668
-5965
-5008
-2903
-2607
-2624
-1718
-61
1252
-227
-3086
-3262
-3877
-5172
-7759
-8671
-6766
-5969
-5535
-3983
-2109
471
1989
2275
2608
2676
2231
507
-1156
-1301
-3303
-3977
-3629
-3644
-3108
-2996
-893
1500
3141
4233
5300
7284
7944
7209
5816
5424
5117
3163
381
-928
-486
-1778
-2516
-2940
49
2070
1772
3069
2804
5465
4338
3380
4345
4744
4853
2582
1354
2494
589
-2155
-4056
-4162
-3823
-5437
-7412
-6854
-5594
-5476
-6957
-7942
-6211
-6400
-6656
-8015
-7920
-5613
-4186
-2929
-803
1832
4475
6527
7726
8539
8001
8131
7207
5257
3854
2030
1885
2387
2110
1765
2780
3958
3913
3110
1806
1596
616
-1333
-3012
-3490
-2892
-3041
-3802
-3840
-3164
-2541
-2379
-2757
-2021
-1725
1453
1108
1665
2800
3053
5083
4297
4618
3964
3736
3327
1172
-145
-713
-2568
-3949
-6033
-6841
-7284
-8564
-8610
-8256
-7678
-6239
-6188
-5425
-3446
-2568
-1327
-1521
-1072
1147
1933
3087
4520
6269
9750
12405
13816
14068
13948
13861
11722
8084
4386
456
-1979
-4184
-6083
-7122
-7366
-6614
-6117
-5553
-4770
-3832
-3455
-2989
-2412
-2359
-1602
-1645
-1180
-1288
-293
-1003
-1769
-2654
-2484
-3708
-2537
-1395
-1735
852
647
2810
2719
4443
4919
4427
3818
2253
357
921
-672
-1950
-3379
-3247
-2145
-2304
-3336
-2675
-2067
-1316
-786
-1795
818
1992
4019
3399
3647
5373
5856
4535
4721
4559
5804
7081
6743
7227
7306
7152
5696
3252
-82
-3328
-6487
-8161
-9964
-10868
-10491
-8453
-5503
-4023
-2961
-1552
131
-491
-1216
-2516
-2774
-2555
-3097
-3634
-2732
-1570
-1842
-2337
-2633
-2596
-3473
-1612
-2495
-977
799
2257
5274
6393
8688
9173
8524
8630
5434
3862
3459
1736
1034
372
1503
2604
2676
1676
1603
991
1099
-2135
-3977
-4358
-4184
-3619
-4899
-4229
-1864
-823
-290
608
942
2509
3681
3722
4050
4441
4617
3650
1837
395
-1977
-3708
-5618
-7759
-8840
-8588
-8384
-7092
-5622
-4359
-2130
-1033
-469
-354
-884
-1573
-2231
-3022
-3489
-2973
-1999
-1193
-449
369
1104
3036
4787
3982
6004
6521
8952
9911
9991
12066
11982
12019
9646
6047
4894
2586
-928
-3623
-5427
-5124
-5023
-6552
-6204
-5298
-4201
-4027
-5527
-5398
-5237
-4757
-4847
-5551
-3827
-1249
-775
564
2124
3545
5481
6096
5948
5864
5796
4998
3020
439
-1229
-3076
-4831
-6400
-8353
-8770
-7982
-6576
-5727
-4337
-2599
61
820
1426
1452
1124
1636
1280
561
852
1871
2845
3258
3512
4599
3940
4059
5132
4176
4716
4782
3815
4833
4137
4493
3806
2572
2226
-83
-920
-1164
-2818
-3225
-3442
-2801
-1532
-1881
-2465
-2382
-2850
-3205
-5559
-7285
-7399
-7218
-6524
-6698
-5514
-1511
1087
2461
3993
5077
6624
7536
6182
4846
4566
3976
2189
-57
-1227
-2864
-2965
-3694
-4379
-4605
-3821
-3008
-1794
-829
227
1492
2196
2733
2297
2056
1127
1185
554
619
408
935
334
262
-1050
-1854
-3682
-3470
-3788
-4758
-2433
-2246
1023
3033
5209
8476
10315
11459
10658
8473
7882
4602
1258
-2218
-4883
-5106
-6017
-7880
-7053
-6745
-6309
-6142
-7362
-6748
-5985
-5419
-5673
-5592
-3555
-969
-74
2284
4198
6635
8974
9880
9635
9715
9380
8236
6799
4688
3499
1067
-800
-2644
-4310
-5616
-6087
-6349
-6147
-5815
-5244
-4492
-4332
-2936
-2818
-2512
-1885
-2100
-2350
-1862
-1933
-1079
-425
904
1911
3129
3059
4696
4929
4742
5620
4492
5651
5518
6279
6385
5675
5987
5008
2976
2997
-145
-2770
-4938
-7286
-8645
-10393
-12190
-11747
-10062
-7910
-6562
-5639
-2725
77
2574
3085
3522
5601
7530
7331
7089
6808
7462
8385
7545
5943
4734
4110
2384
-40
-2669
-4308
-5999
-7047
-8626
-10008
-10291
-9906
-8355
-6495
-4588
-1977
780
3080
4564
5399
5662
5802
5105
3230
1467
65
-1188
-2874
-3777
-3370
-3031
-1725
1155
599
3095
4180
5192
6302
5739
6328
5606
5211
4428
1696
933
430
-1682
-2883
-4179
-4257
-3902
-4756
-4828
-3897
-3366
-2262
-2475
-2305
-1304
-1168
-1385
-2061
-1277
-230
166
534
1521
2029
2981
3433
3019
3600
4481
4148
3645
2618
1925
1658
824
136
-1292
-2021
-2465
-3459
-4813
-5485
-5993
-5043
-4129
-3617
-2844
-1253
-285
786
674
545
594
304
-611
-1702
-1766
-1690
-1480
-506
2257
3019
5944
6545
8050
9353
8997
8830
7240
5868
4904
1974
463
-977
-3522
-4692
-6415
-6497
-6753
-7492
-7674
-6917
-6846
-5609
-6005
-4649
-2497
-984
-573
-54
1825
3335
4306
4209
5482
7162
8603
8678
8081
8050
7714
6324
3844
1223
-1252
-3648
-5697
-7505
-8765
-9330
-8880
-8353
-7470
-6564
-5801
-4133
-2691
-1184
-744
119
733
1367
1600
2138
2307
2899
3741
3500
4474
4290
3857
2819
3584
3302
2484
2725
999
2319
2183
1922
1847
995
1444
1038
-45
-229
-2251
-3094
-3726
-4309
-4624
-5116
-4971
-3535
-2402
-1477
-654
161
2011
2902
3085
2663
2109
2009
1825
817
511
1025
1604
1882
2208
1967
2251
1965
1157
-34
-861
-1438
-2849
-4150
-5175
-6002
-6454
-6690
-7142
-6359
-5268
-3354
-2050
-430
1477
3465
5311
6294
6563
6327
6091
4829
3001
833
-510
-1736
-2635
-3484
-3813
-1972
-1345
334
1232
1970
4102
4470
5135
5462
5052
5180
3781
2981
2439
514
-946
-2555
-3432
-3671
-4825
-5636
-5157
-4544
-3404
-3078
-2746
-1633
-849
-582
-521
-1072
-167
586
817
1352
1621
1969
2825
3209
3151
3115
2672
2335
1159
396
-1109
-2247
-3190
-3630
-4296
-4731
-4581
-4562
-3586
-2912
-1872
-732
332
1536
2679
3347
4520
4928
5031
4946
4304
3214
1843
516
-604
-2031
-2765
-3343
-2611
-2292
-1730
-1038
-272
1970
2271
3272
4111
4109
4412
3072
2104
1490
-119
-1509
-3018
-3283
-3018
-3639
-3756
-3075
-2365
-1234
-1576
-1600
-1374
-1279
-1753
-2733
-2876
-2110
-1288
-947
60
1574
2784
3857
4172
3897
4590
4244
3199
1787
898
-168
-969
-1273
-1742
-1932
-1420
-1404
-1102
-630
-642
-324
153
545
153
470
345
749
151
-369
-926
-831
-1417
-2455
-3445
-3834
-4060
-4180
-4962
-3827
-1573
-373
2054
3209
6047
7472
8892
9387
8990
8838
7122
4536
2849
5
-3046
-5038
-6989
-7788
-8071
-7776
-6626
-5249
-3795
-2363
-1242
271
800
703
515
250
672
845
813
1440
2743
3617
4797
5288
5741
6241
6064
5336
4343
2975
1163
-215
-2237
-4254
-5852
-7112
-8164
-8259
-8297
-7855
-6163
-4275
-2779
-514
1233
3052
4140
4487
4412
4099
3530
2042
909
-358
-1028
-1990
-2632
-2760
-1751
-351
146
1484
2397
3664
4942
5450
5803
5997
5368
4477
2789
1779
-794
-2592
-4070
-5242
-5470
-5409
-5208
-4049
-2609
-1646
-558
323
1064
1242
1489
883
876
289
424
398
922
1323
1681
2353
2497
2090
1434
633
-394
-1018
-2595
-3568
-4142
-4319
-4683
-4387
-4126
-3042
-2118
-1477
-868
-272
798
1354
1941
2252
2760
2698
2488
1813
1250
610
187
-341
-950
-1343
-1676
-1855
-1634
-1311
-290
411
1160
2637
3289
4569
5205
6071
6035
5412
4843
3060
2014
726
-1307
-2565
-3620
-4036
-4119
-4117
-3931
-3275
-2320
-1746
-1313
-1057
-514
-682
-613
-1240
-1692
-1613
-1764
-1847
-1204
-678
-565
273
491
1568
2349
2891
2734
3248
3497
3174
2231
1185
-38
-752
-1601
-2728
-2819
-2769
-2369
-1759
-550
265
1207
1636
1834
1950
1490
634
133
-313
-834
-1334
-1826
-1514
-1420
-1249
-1316
-163
876
1436
2658
3121
4687
5351
5936
5820
5638
5292
3938
2024
524
-1749
-3976
-5439
-6581
-6717
-6706
-6805
-6189
-5060
-4119
-3560
-3021
-1536
-763
116
180
290
1307
2057
1950
1821
2102
2666
3493
3584
3708
3818
4431
4766
4238
3038
1704
352
-1165
-3026
-5054
-6100
-6474
-6410
-6255
-5602
-4046
-2390
-1262
-178
1035
1845
2323
2639
2185
2484
2151
1570
1556
1199
1249
429
312
-103
484
522
920
1562
2052
2832
2953
3573
3192
2432
1154
-155
-1361
-2666
-4964
-5687
-5981
-5393
-4259
-3700
-2140
-434
1311
2240
3144
3900
4647
4966
4974
4060
3278
2927
1711
571
-773
-2113
-2989
-2956
-3532
-3549
-3104
-2082
-1081
-719
-368
-32
369
238
-421
-1043
-953
-776
-698
-313
322
1255
1923
1828
2199
2029
2124
1746
889
87
-439
-789
-1203
-1637
-2877
-3300
-3827
-4306
-4625
-4395
-3311
-1823
511
2488
5059
7155
8588
9554
9979
9348
7916
5716
3728
1743
-123
-1950
-3289
-3758
-3993
-4382
-4822
-5078
-4944
-4601
-4769
-4459
-4097
-2985
-2234
-1817
-1500
-989
-806
-1112
-1126
-1245
-713
-56
787
2156
3335
4724
5216
5625
5718
4575
2976
988
-1204
-2913
-4646
-5798
-6092
-6036
-5682
-5054
-4264
-3486
-2421
-1841
-749
275
1365
2119
3284
4021
4858
4971
4919
4537
3970
3032
1970
2199
2104
2942
3473
4017
4788
5327
5076
4121
2405
501
-2219
-4123
-6105
-7854
-8511
-8755
-7871
-6354
-4630
-3117
-1048
320
1532
1910
2373
2487
2480
2136
1089
541
-8
-723
-1641
-2295
-2439
-2290
-1693
-1162
-241
1056
1679
2337
2152
2385
1919
1142
43
-888
-1677
-2215
-2512
-2113
-1245
-342
838
1294
2148
3065
3328
3349
3283
3213
3230
2886
2033
1251
476
-279
-1312
-2216
-2556
-3075
-2818
-2295
-1781
-371
479
1566
2488
2720
2918
2207
1801
764
-146
-940
-1753
-2274
-2644
-2760
-2718
-1953
-1824
-1285
-772
-122
167
388
1
-153
-521
-1394
-2347
-3077
-3164
-3502
-3386
-2857
-1579
82
1988
3449
5227
6285
6896
6798
6374
5416
4440
3053
1733
451
-1179
-2239
-2999
-3724
-4455
-4420
-4391
-3499
-3112
-2434
-1381
288
1448
1728
2109
2268
2326
1466
-71
-1525
-1933
-2382
-2671
-2841
-1744
-394
963
1734
2282
3260
3639
3657
3179
2787
2349
1489
690
78
-830
-1681
-2966
-3518
-3824
-4230
-4415
-4081
-2756
-1375
-818
303
1390
1909
1825
893
130
69
-651
-1540
-1548
-592
508
1395
2156
3455
4346
4543
4091
3076
2633
1410
-141
-1599
-2654
-3570
-4490
-5023
-5395
-5302
-5110
-4407
-3236
-1585
-120
1324
3274
4365
5101
5177
4660
3857
2630
898
-757
-2028
-2605
-2957
-2744
-2156
-886
216
1632
2396
2974
3528
3400
3407
3112
2683
2269
1411
717
482
-357
-852
-1593
-1915
-1891
-1777
-1824
-1512
-921
-483
-536
-576
-785
-1020
-1610
-2370
-2627
-2721
-2488
-1942
-976
212
1166
1817
2476
2790
2594
2186
1464
1153
818
28
-284
-650
-977
-1436
-2248
-2702
-2826
-2990
-2963
-2637
-1370
429
1785
2881
4206
5133
5435
5096
3614
2408
827
-306
-1520
-2326
-2677
-2510
-2130
-1640
-807
-497
338
747
1315
1469
1813
2193
2417
2121
2024
1057
388
-279
-1751
-2598
-3359
-3568
-3529
-2641
-1887
-723
387
1181
1456
1259
690
-681
-1962
-3285
-4115
-4373
-4242
-4002
-3146
-2122
-1008
292
961
1908
2590
2978
3542
3886
3685
3527
3200
2558
1731
737
-276
-1140
-1466
-1625
-1317
-425
614
1469
2696
3360
3669
3425
2616
1539
285
-1381
-3118
-3827
-4274
-4435
-4684
-4575
-3506
-2547
-1654
-840
-28
1175
1891
2781
3511
4346
4421
4370
3790
3206
2266
795
-252
-1142
-1523
-2255
-2303
-2190
-1643
-1569
-1414
-1429
-1604
-1912
-2612
-3047
-3130
-3204
-3415
-3057
-2140
-1121
-345
858
2240
3698
4753
5318
5491
6136
5729
4766
3843
2820
1802
562
-727
-1584
-1754
-1797
-1683
-1162
-295
351
855
1080
924
553
-199
-1226
-2259
-3249
-3840
-4283
-4252
-4099
-3663
-2819
-1875
-1075
-406
196
1340
2050
2739
3295
3550
3992
4082
4015
3322
2817
2148
1185
390
-710
-1629
-2149
-2408
-3063
-3409
-3356
-3013
-2674
-2825
-2887
-2526
-1879
-1608
-1103
-658
228
1055
1544
1760
1993
2483
2704
2489
2448
2097
1943
2074
1729
1369
1158
966
793
413
-149
-620
-829
-1030
-1074
-1533
-1639
-1496
-1455
-1439
-1953
-1825
-1792
-1276
-1075
-1062
-1229
-788
-414
-438
-506
-538
-396
-171
-41
-446
-77
469
827
973
1073
1247
1625
1862
1824
1535
1364
1057
833
622
253
100
-25
-142
-144
-195
-337
-29
92
156
231
262
182
314
48
-475
-712
-983
-1247
-1525
-1815
-1773
-1264
-660
-56
530
1163
1581
2129
2376
2330
2386
2436
2065
1930
1524
781
391
-21
-598
-1194
-1689
-2336
-2422
-2778
-3108
-3022
-2690
-2032
-1765
-1338
-988
-248
148
253
373
618
837
846
928
1156
1532
1728
1603
1691
2034
2212
2187
1876
1850
1851
1516
1173
800
480
115
-268
-645
-1038
-1335
-1406
-1220
-914
-614
-746
-768
-807
-1084
-1501
-1891
-1835
-1923
-2006
-1623
-1275
-890
-71
243
613
1266
1641
1771
2053
2262
1887
1756
1550
1000
470
-402
-1215
-1656
-2120
-2565
-2812
-2610
-2436
-2278
-1906
-1557
-878
-167
-93
332
728
1075
1230
1257
1391
1431
1490
1389
1733
1991
1785
1559
1430
1346
1211
976
716
969
1243
1065
568
427
258
-141
-679
-988
-1145
-1194
-1142
-1291
-1058
-798
-1161
-1295
-1422
-1667
-1836
-2283
-2443
-2388
-2203
-2308
-1819
-1169
-483
21
506
1177
1816
2381
2184
2257
2388
2272
1760
1033
423
-202
-1069
-1915
-2394
-2439
-2299
-2134
-1496
-400
492
1528
1977
2665
3170
3104
2831
2316
1990
1370
1023
765
758
767
611
468
499
412
288
121
265
641
549
523
291
340
9
-753
-1412
-1913
-1911
-2074
-2374
-2258
-1696
-1450
-1592
-1522
-1303
-1331
-1388
-1561
-1568
-1346
-1076
-956
-434
605
1090
1595
2028
2336
2305
1961
1069
631
251
-378
-923
-1135
-1037
-887
-946
-783
-523
-173
73
252
750
1267
1690
1952
2314
2323
2137
1628
1161
706
96
-573
-647
-356
88
210
585
1165
1573
1364
800
530
512
73
-507
-1190
-1635
-1533
-1874
-2211
-2503
-2349
-2274
-2311
-2356
-2085
-1825
-1353
-935
-664
136
401
767
791
609
612
403
394
273
131
286
697
1145
1366
1427
1631
1664
1327
918
406
-19
-217
-821
-1254
-1419
-1389
-1628
-1672
-1490
-1226
-1028
-693
29
1048
2037
2140
2502
3058
3081
2514
1666
1084
922
408
-551
-1156
-913
-677
-581
-507
-360
224
681
504
214
326
80
19
-205
-739
-1226
-1697
-2114
-2333
-2719
-2774
-2334
-1824
-1472
-911
48
970
1785
2184
2177
2188
2484
2108
1606
1467
1435
1546
1734
1671
1707
1801
971
47
-1100
-2113
-3063
-3994
-4641
-4659
-4484
-4200
-3603
-2778
-1821
-1140
21
732
1761
2638
2852
3025
3590
3601
3461
3222
2748
2321
1692
964
363
210
-255
-525
-704
-294
-102
-137
-172
-230
-311
-394
-973
-1315
-1391
-1481
-1678
-1791
-1661
-1346
-1148
-877
-790
-461
213
774
1446
2142
2739
2969
3177
3029
2679
2065
1486
838
115
-442
-972
-1398
-1595
-1719
-2201
-2215
-1956
-1996
-2157
-2448
-2489
-2575
-2769
-2869
-2833
-2335
-1667
-1680
-1041
-241
662
1447
2073
2495
2993
3302
3182
2981
2556
2101
1597
1174
759
479
155
123
151
371
667
936
1248
1425
1368
944
484
196
-1
-364
-661
-939
-1110
-1089
-1219
-1214
-1143
-1251
-1122
-873
-910
-699
-669
-481
-310
-192
109
608
1038
1334
1404
1616
1863
1604
1143
449
-128
-1128
-2194
-3178
-3964
-4567
-5011
-5198
-4990
-4234
-3468
-2803
-1804
-710
276
1404
2207
3170
3984
4491
5011
5750
6038
6139
5966
5621
5108
3855
2846
1770
946
66
-870
-1593
-1794
-2096
-2312
-2346
-2439
-2495
-2656
-2628
-2397
-2088
-1600
-1317
-978
-455
-487
-521
-723
-1182
-1389
-1340
-1481
-1458
-1332
-1244
-864
-502
-281
11
304
578
752
1005
1033
1233
1310
884
431
-107
-543
-1343
-2026
-2455
-2474
-1995
-1703
-1046
-87
906
1691
2419
2771
2928
2895
2700
2284
2078
1804
1497
1585
1869
1908
1898
1910
1739
1846
1372
616
282
11
-242
-418
-542
-816
-937
-1207
-1944
-2156
-2535
-2711
-2944
-3135
-3183
-2954
-2648
-2295
-2200
-1969
-1861
-1843
-1567
-1548
-1233
-865
-260
207
814
1089
1559
2065
2397
2496
2502
2844
2918
3198
3428
3617
3796
3578
2748
1880
1020
-39
-1005
-2063
-2834
-3036
-2985
-2934
-2420
-1938
-1424
-830
-586
-301
-158
-31
286
614
931
1018
1206
1721
1891
2054
2065
2166
2359
2251
1916
1561
1365
1228
551
-326
-1229
-1758
-2456
-3153
-3630
-3940
-3599
-3254
-2661
-1905
-1511
-1144
-948
-750
-604
-902
-1053
-1120
-920
-490
-221
100
745
1375
1749
1821
2086
2319
2402
2493
2407
2540
2872
2872
2695
2387
1846
1153
273
-732
-1677
-2549
-2882
-3203
-3269
-3182
-2789
-2349
-2025
-1742
-1656
-1266
-970
-611
-377
33
474
1093
1593
1731
1994
2285
2429
2308
2050
1809
1942
1908
1621
1333
1009
722
252
-552
-1451
-2377
-2964
-3328
-3826
-3910
-3830
-3590
-3191
-2918
-2543
-2017
-1508
-883
-419
-3
750
1532
2144
2744
3154
3412
3539
3336
3143
2722
2296
1930
1743
1700
1599
1435
1448
1219
783
170
-359
-1010
-1612
-2079
-2674
-2665
-2668
-2576
-2416
-1878
-1478
-1077
-605
-208
429
1207
1693
1889
2614
2940
3179
2910
2445
2055
1634
955
257
-134
-310
-319
-199
-96
-246
-1
-40
-356
-813
-1238
-1679
-2023
-2339
-2475
-2586
-2508
-2144
-1942
-1582
-1304
-1030
-807
-240
391
600
884
1275
1438
1583
1296
1064
865
693
476
146
109
147
462
596
727
866
981
874
949
761
417
93
106
72
-129
-299
-748
-911
-1128
-1251
-1493
-1407
-1289
-930
-718
-325
195
465
750
783
841
727
662
167
-143
-299
-344
-247
-6
207
436
509
384
143
-248
-565
-998
-1223
-1316
-1511
-1559
-1713
-1765
-1856
-1837
-1801
-1805
-1633
-1601
-1367
-868
-130
642
1328
1941
2442
2680
2669
2284
1954
1620
1308
1186
1112
1041
1086
1305
1502
1780
1810
1935
1945
1733
1354
956
546
70
-350
-815
-1240
-1407
-1381
-1523
-1703
-1584
-1253
-822
-348
99
511
810
708
404
143
-353
-777
-1256
-1561
-1660
-1675
-1583
-1473
-998
-550
-375
-176
216
446
607
682
803
828
627
304
-264
-619
-1117
-1506
-1589
-1533
-1279
-826
-514
156
1180
1756
2134
2480
2499
2506
2157
1472
1023
464
155
-58
-178
-97
69
262
576
910
1185
1223
1182
1075
928
619
548
55
-376
-784
-1363
-1787
-2166
-2269
-2343
-1969
-1802
-1500
-1153
-648
-353
-410
-500
-636
-670
-818
-1187
-1203
-945
-655
-374
-301
-39
378
653
642
866
932
1027
1128
926
778
714
399
255
-46
-339
-658
-1001
-1143
-1106
-812
-497
-24
512
1008
1326
1604
1794
1926
1778
1600
1150
744
312
-248
-657
-942
-1238
-1441
-1515
-1527
-1298
-921
-513
138
773
1119
1193
1363
1340
997
768
243
-183
-446
-861
-1385
-1366
-1081
-972
-817
-715
-602
-299
-331
-548
-633
-571
-633
-803
-891
-759
-520
-356
-207
75
589
890
1401
1822
2017
2138
2176
1988
1783
1511
955
535
111
-325
-459
-588
-365
-120
169
451
690
831
542
258
-52
-297
-612
-821
-1019
-1088
-888
-845
-696
-170
111
489
1075
1387
1738
2091
2167
2263
2211
1986
1480
966
535
-282
-936
-1555
-2066
-2441
-2815
-2847
-2597
-2449
-2322
-2102
-1762
-1300
-879
-759
-398
-76
74
-43
40
344
619
512
294
460
616
844
781
811
1084
1405
1438
1159
702
140
-412
-1090
-1714
-2087
-2441
-2477
-2284
-1944
-1265
-544
311
1181
1927
2275
2421
2613
2356
1870
1267
637
78
-274
-928
-1475
-1508
-1443
-1426
-1259
-741
-269
397
753
843
1154
1539
1447
1326
1100
828
479
11
-620
-1073
-1269
-1495
-1345
-1406
-1516
-1357
-1103
-1058
-947
-804
-538
-273
-143
-242
-131
37
57
186
45
212
356
428
360
555
799
956
1105
1310
1286
1340
1460
1340
1267
1146
911
770
887
703
520
318
341
286
250
35
-39
-26
-289
-617
-859
-979
-1171
-1192
-1345
-963
-522
-96
293
883
1444
1989
2335
2526
2465
2062
1477
799
196
-582
-1381
-2054
-2439
-2641
-2781
-2702
-2374
-2056
-1806
-1859
-1731
-1334
-1177
-1073
-1099
-875
-272
22
190
519
889
1276
1520
1661
2090
2437
2663
2616
2349
1957
1620
1113
427
-105
-525
-871
-1363
-1493
-1632
-1587
-1435
-1244
-905
-386
-68
339
682
962
1285
1351
1354
1130
859
421
31
-434
-667
-960
-950
-1095
-1056
-1100
-804
-626
-507
-468
-379
-250
-364
-296
-513
-557
-703
-508
-703
-563
-542
-412
-378
-524
-417
-233
-40
122
415
589
606
576
605
512
661
434
189
244
284
242
57
16
231
329
256
316
229
283
241
183
95
280
444
508
483
564
632
589
578
561
385
179
85
151
66
-22
-241
-304
-320
-514
-757
-1072
-1058
-1148
-1183
-1344
-1231
-731
-419
-87
236
586
1126
1408
1497
1590
1763
1774
1582
1297
805
362
93
-326
-870
-1328
-1501
-1513
-1499
-1535
-1433
-1037
-662
-391
-453
-288
-30
276
543
666
1095
1629
1762
1737
1735
1768
1687
1311
854
215
-63
-341
-658
-953
-977
-940
-793
-795
-746
-536
-615
-496
-490
-462
-178
-30
98
107
140
319
280
260
57
-106
-189
-243
-442
-254
-183
-54
201
107
69
-21
12
-168
-130
-163
-134
-14
202
203
54
64
-200
-559
-901
-1406
-1710
-1925
-2057
-2001
-1743
-1273
-654
76
639
1092
1312
1612
1686
1469
1175
1160
1053
893
714
457
362
265
125
117
192
231
286
142
205
239
284
186
15
-90
-187
-472
-650
-549
-295
-136
-29
219
540
850
798
722
414
89
-275
-650
-1108
-1235
-1374
-1440
-1124
-988
-764
-466
-144
17
310
436
596
838
827
679
389
261
68
-199
-495
-834
-924
-817
-807
-845
-694
-521
-206
183
339
597
861
1071
1148
1254
1335
1450
1574
1454
1194
941
832
506
171
-305
-574
-700
-802
-922
-812
-741
-480
-401
-403
-241
-215
-245
-391
-495
-543
-297
-265
-150
11
456
607
632
466
490
295
-127
-418
-790
-957
-1116
-1231
-1108
-873
-646
-244
203
712
980
1492
1777
2132
2261
2168
1916
1644
944
26
-666
-1205
-1540
-1725
-1814
-1443
-827
-371
118
531
972
1153
1276
1359
1155
1153
973
784
600
354
58
-38
-470
-908
-995
-1263
-1326
-1389
-1467
-1392
-1406
-1387
-1481
-1522
-1516
-1465
-1450
-1382
-1084
-660
-20
239
672
1180
1564
1797
1662
1557
1421
1238
790
285
-91
-249
-428
-568
-862
-939
-860
-804
-486
-138
202
505
991
1148
1303
1132
852
728
354
-201
-544
-833
-921
-1021
-1132
-838
-510
-242
-232
0
230
437
531
541
647
705
768
554
428
278
-291
-684
-1035
-1284
-1435
-1592
-1476
-1301
-1171
-932
-738
-411
-35
109
238
503
813
1092
1230
1510
1812
2002
2188
2187
2153
1993
1558
1026
629
224
-112
-489
-794
-844
-960
-991
-907
-752
-645
-540
-375
24
587
1006
1325
1487
1562
1516
1119
652
194
-299
-978
-1505
-1889
-2062
-2169
-2245
-2044
-1775
-1445
-946
-760
-207
125
327
643
878
1116
1036
945
855
634
328
-58
-377
-376
-476
-507
-581
-412
-200
-103
-235
-161
-92
-208
-322
-359
-253
-92
44
90
446
800
851
815
858
905
733
611
441
336
471
263
-13
14
103
59
-101
-264
-232
-313
-408
-548
-651
-634
-710
-686
-675
-693
-647
-851
-986
-958
-1194
-1257
-1160
-978
-832
-599
-423
-89
269
405
617
922
1380
1749
2102
2209
2311
2296
1936
1346
748
247
-277
-598
-990
-1270
-1304
-1211
-1083
-837
-445
-131
186
396
316
449
550
600
433
455
400
545
802
848
894
1252
1378
1419
1369
1003
842
551
-26
-652
-1162
-1712
-2115
-2418
-2541
-2412
-1989
-1437
-1120
-397
385
839
1288
1423
1439
1387
1171
751
466
122
-173
-403
-643
-786
-929
-868
-804
-593
-482
-314
-59
247
249
195
359
399
276
44
-229
-135
-134
-311
-474
-526
-320
-381
-374
-188
37
309
338
330
476
550
447
401
185
173
210
152
-47
-157
-297
-453
-638
-795
-745
-710
-740
-635
-706
-564
-412
-258
-107
-71
167
417
656
948
1182
1399
1760
1917
1797
1681
1575
1283
737
26
-580
-1051
-1385
-1936
-2343
-2324
-2357
-2217
-2060
-1763
-1300
-782
-356
-156
115
318
537
709
966
999
1098
1244
1133
1343
1335
1237
1269
1225
1084
1014
816
576
322
-99
-417
-722
-882
-1040
-1240
-1201
-1089
-915
-783
-518
-188
208
490
747
1037
1459
1665
1582
1657
1726
1814
1666
1376
1085
787
359
76
-89
-340
-525
-612
-496
-597
-663
-712
-776
-663
-826
-1084
-1223
-1389
-1647
-1882
-1819
-1801
-1720
-1454
-1407
-1207
-870
-724
-410
-73
336
688
926
1043
1176
1190
1047
920
619
500
412
239
69
-71
2
19
82
23
12
177
14
-102
-130
-82
-3
82
226
397
495
484
753
742
862
867
662
508
463
319
132
-96
-231
-240
-318
-458
-760
-745
-758
-736
-582
-366
-69
385
555
421
485
309
103
-91
-448
-836
-1055
-1319
-1570
-1717
-1805
-1786
-1620
-1558
-1531
-1264
-914
-664
-304
61
610
1087
1705
2134
2382
2509
2340
2301
2062
1773
1503
1335
1169
1044
749
527
232
-20
-247
-340
-494
-617
-740
-773
-689
-479
-379
-241
-103
22
116
212
323
463
821
872
849
805
760
587
285
-180
-508
-839
-926
-1018
-1196
-942
-681
-599
-512
-429
-238
-297
-530
-771
-1020
-986
-1143
-1265
-1384
-1356
-1285
-1269
-1249
-1120
-930
-735
-296
9
405
772
1217
1568
1794
1908
1881
1801
1658
1519
1139
755
588
349
118
-41
-319
-408
-510
-511
-599
-631
-501
-398
-264
-167
-3
-4
59
262
203
120
202
229
324
350
324
395
421
503
580
591
438
199
8
-224
-528
-657
-787
-816
-763
-856
-824
-685
-447
-310
-302
-206
-7
159
97
-44
-96
-185
-353
-424
-714
-896
-894
-1007
-936
-719
-321
186
636
1131
1577
1902
1966
1900
1851
1671
1402
1084
814
393
-31
-245
-528
-531
-749
-923
-865
-848
-762
-866
-813
-663
-490
-449
-444
-374
-233
-211
-305
-125
64
129
264
474
659
946
1069
1061
1048
802
463
82
-296
-522
-834
-953
-1006
-838
-743
-760
-622
-547
-643
-674
-712
-600
-507
-480
-356
-200
55
291
378
434
605
562
439
547
716
886
1018
1126
1462
1646
1633
1538
1471
1266
944
402
-38
-388
-614
-774
-1085
-1152
-1106
-862
-812
-622
-271
-94
20
294
370
476
480
222
46
-50
-408
-523
-617
-617
-481
-386
-104
153
355
435
452
368
187
-53
-290
-585
-723
-806
-1117
-1335
-1247
-1060
-898
-769
-555
-180
187
435
641
784
1039
1076
882
709
445
210
-5
-237
-467
-584
-643
-526
-333
-361
-251
9
177
392
505
501
630
754
663
623
591
521
358
307
4
-117
-158
-399
-309
-258
-150
-100
-128
-211
-280
-581
-863
-980
-1232
-1419
-1290
-1123
-1055
-527
-166
212
621
852
1179
1389
1333
1176
1021
910
688
436
-3
-319
-424
-682
-914
-897
-784
-651
-419
-257
128
532
747
906
960
801
647
467
68
-284
-650
-786
-908
-886
-627
-304
1
340
680
1138
1344
1321
1476
1522
1405
1280
1024
747
341
4
-349
-667
-742
-887
-1035
-922
-756
-559
-403
-269
-110
-151
-227
-310
-444
-488
-474
-562
-634
-394
-127
78
411
780
974
1160
1110
955
727
482
266
-158
-546
-769
-1040
-1233
-1324
-1260
-1025
-878
-568
-346
33
442
604
716
745
693
577
432
91
-89
-253
-394
-444
-343
-218
-11
265
332
394
652
737
718
740
710
568
479
353
127
-213
-431
-545
-709
-770
-802
-790
-717
-647
-464
-146
81
315
414
449
463
427
240
61
-240
-473
-566
-665
-582
-491
-359
-320
-122
-109
-179
-254
-353
-455
-465
-476
-482
-592
-628
-714
-750
-593
-585
-259
-24
274
366
778
829
1112
1279
1195
1009
884
714
411
169
-105
-300
-465
-583
-759
-627
-457
-277
2
302
582
705
702
622
593
453
310
86
-50
-75
-126
-111
-36
153
312
379
484
707
761
676
592
443
284
-2
-128
-366
-524
-672
-813
-904
-690
-569
-500
-317
-157
143
274
504
631
757
752
692
499
241
35
-146
-233
-305
-187
1
133
389
439
569
711
717
714
578
484
411
285
117
26
-105
-156
-172
-330
-491
-549
-541
-565
-659
-583
-507
-419
-387
-375
-353
-355
-455
-577
-703
-668
-560
-507
-398
-210
-50
124
280
387
356
289
161
99
-49
-242
-344
-417
-521
-588
-699
-658
-540
-504
-434
-232
-74
63
197
296
403
406
441
293
141
-205
-498
-562
-704
-687
-603
-413
-138
302
509
743
968
1028
1052
876
711
552
479
602
412
264
84
-93
-303
-594
-802
-936
-1017
-1060
-1010
-1051
-948
-752
-676
-463
-209
72
341
618
947
1158
1380
1588
1613
1692
1579
1503
1279
1086
843
572
224
-17
-173
-204
-180
-184
-174
-172
-149
-258
-217
-303
-359
-538
-435
-248
-288
-245
-184
-101
-106
-82
-160
-186
-195
-222
-292
-337
-177
68
122
206
328
381
416
383
328
336
70
-98
-316
-500
-624
-752
-907
-963
-858
-882
-861
-710
-617
-416
-139
-115
-55
58
83
111
198
174
214
499
648
818
958
1032
1148
1009
853
469
219
-25
-212
-423
-340
-290
-280
-156
-155
-81
-99
-114
-106
-146
-200
-252
-277
-137
-174
-241
-217
-241
-342
-329
-442
-401
-347
-353
-295
-238
20
188
247
368
406
401
484
437
450
555
590
597
511
382
262
72
-23
-246
-533
-555
-665
-680
-666
-651
-696
-616
-595
-509
-432
-296
-192
-111
-46
111
411
476
600
657
616
650
669
564
380
328
255
209
188
72
-39
-136
-258
-485
-547
-649
-762
-825
-819
-575
-478
-410
-374
-332
-64
154
225
224
234
415
398
502
594
573
780
697
702
589
611
540
483
355
204
75
93
173
31
-120
-142
-179
-328
-369
-385
-370
-349
-310
-300
-297
-273
-154
-149
-136
-95
40
115
272
398
539
796
842
993
957
954
701
352
36
-272
-467
-665
-886
-917
-871
-780
-684
-553
-295
-254
-145
14
134
246
383
336
329
312
135
157
72
-18
-43
-74
59
82
77
181
284
253
103
-57
-171
-201
-419
-565
-719
-551
-481
-518
-445
-322
-182
-36
82
48
47
30
34
-4
74
235
237
236
220
158
53
-50
-124
-143
-171
-286
-323
-250
-155
-154
-114
38
178
215
288
332
302
258
168
154
61
59
-162
-334
-346
-359
-425
-386
-451
-328
-307
-287
-160
-223
-153
-172
-193
-281
-289
-399
-340
-94
-19
114
263
359
494
576
530
514
505
335
285
250
226
288
228
204
145
162
243
314
290
351
363
235
133
111
145
-71
-23
26
12
87
-7
-9
51
92
203
364
584
719
670
606
463
394
367
131
-123
-102
-338
-437
-435
-569
-583
-650
-723
-723
-680
-731
-628
-531
-402
-205
-116
-54
62
248
186
171
128
128
133
177
49
99
196
248
195
232
393
265
250
209
97
-12
-151
-268
-221
-70
-185
-87
91
170
147
295
329
440
508
412
413
519
515
430
341
216
17
-174
-349
-550
-633
-589
-388
-277
-158
13
-42
-144
-195
-335
-462
-546
-646
-632
-630
-676
-549
-490
-391
-325
-307
-120
-66
-44
12
5
-45
-15
119
85
83
2
-31
53
-62
-70
-82
-117
-76
8
13
22
100
96
16
2
-45
-130
-73
7
45
143
150
71
179
180
111
63
33
20
19
110
308
421
465
541
458
450
353
257
58
-87
-130
-223
-177
-92
-106
-107
157
93
137
211
143
-45
-91
37
-37
-38
-54
-37
-9
185
311
353
370
403
349
265
173
115
139
155
144
186
158
128
202
212
157
47
33
-39
-116
24
-97
-331
-384
-389
-360
-380
-427
-313
-298
-139
50
160
264
318
462
397
374
339
377
285
293
276
233
213
73
-62
-165
-154
-335
-523
-671
-772
-915
-1046
-1120
-1037
-841
-656
-456
-362
-150
116
177
181
370
424
567
636
560
569
520
331
283
102
-185
-351
-444
-511
-558
-464
-345
-368
-233
-230
-293
-257
-215
-308
-317
-174
-85
11
57
193
426
517
593
479
416
556
610
670
645
581
671
749
593
480
330
169
-1
-144
-190
-200
-167
-100
-9
-60
-51
-209
-258
-335
-369
-274
-293
-196
-113
-64
85
154
117
280
325
334
331
143
204
-1
-270
-242
-446
-507
-493
-665
-642
-807
-827
-755
-672
-419
-137
65
345
496
444
525
482
450
291
215
323
113
147
256
260
210
226
246
99
80
-27
-143
-257
-273
-247
-172
-139
-167
-90
52
98
162
330
353
488
427
461
556
504
463
334
150
-42
-173
-461
-691
-893
-1022
-936
-1006
-973
-927
-771
-719
-613
-630
-401
-311
-122
101
225
439
544
558
623
566
562
630
470
484
542
635
640
618
559
444
244
113
9
-183
-314
-364
-374
-391
-331
-160
22
257
447
598
721
804
759
672
666
561
502
445
462
365
230
153
-119
-249
-342
-562
-635
-538
-578
-557
-704
-660
-593
-563
-653
-769
-835
-939
-849
-884
-709
-610
-494
-228
-101
-7
73
286
349
323
394
309
259
309
277
146
9
7
-41
-79
-92
-182
-108
-71
1
-109
-20
84
52
275
311
218
341
305
287
275
408
506
573
601
591
478
403
364
224
74
-32
-94
-237
-353
-613
-634
-620
-611
-493
-446
-323
-166
-99
99
179
355
439
322
381
323
271
186
111
57
21
-92
-8
55
-48
-63
-185
-259
-290
-413
-554
-553
-478
-308
-231
-101
35
65
181
339
442
583
752
801
764
755
725
674
544
420
304
104
-88
-309
-434
-524
-591
-466
-512
-391
-412
-357
-256
-378
-251
-230
-173
-70
-28
9
106
138
129
6
95
42
-94
-83
-104
-25
-36
25
74
215
371
351
267
375
235
27
-128
-277
-459
-625
-765
-789
-811
-691
-633
-581
-505
-459
-366
-203
-12
245
446
547
659
593
582
502
294
345
294
157
180
89
50
146
35
-49
71
9
-10
-18
49
-3
82
160
220
196
273
333
182
398
408
354
470
459
431
431
410
433
372
237
39
-179
-233
-404
-543
-567
-573
-389
-175
-102
-16
14
83
171
62
-8
-136
-124
-178
-323
-467
-470
-428
-419
-354
-436
-250
-205
-168
-95
-88
28
168
346
367
316
196
250
95
7
-188
-170
-255
-245
-346
-380
-313
-184
-93
-85
13
33
169
195
242
260
382
315
199
292
123
124
97
15
6
-91
18
-18
-98
-149
-238
-226
-181
-318
-540
-635
-663
-646
-805
-753
-627
-417
-213
-87
111
337
346
315
313
281
263
123
-37
55
-49
-113
-64
-34
77
187
359
423
583
741
662
574
570
507
395
204
134
33
22
53
57
7
-130
44
220
292
427
496
413
446
311
249
271
174
42
45
-35
-12
93
31
-19
-31
-3
-33
-39
-105
-172
-178
-268
-303
-387
-460
-479
-574
-572
-374
-414
-462
-330
-185
-160
-21
160
322
357
260
326
236
194
84
19
6
-56
-89
-65
-105
-135
61
193
360
425
528
580
596
504
396
340
224
58
-134
-243
-362
-323
-396
-402
-403
-339
-253
-273
-196
-176
-160
-192
-241
-301
-329
-276
-314
-190
-276
-234
-108
-60
59
160
298
262
298
126
179
-17
-125
-232
-371
-399
-530
-425
-360
-303
-249
-141
-197
-140
-209
-177
-83
12
4
156
190
330
338
230
274
222
261
288
345
250
279
266
59
-29
-104
-122
-139
-254
-220
-267
-204
-145
-213
-288
-367
-342
-400
-423
-380
-385
-291
-267
-187
-185
-117
-43
-3
147
209
201
149
160
131
138
265
219
139
330
416
237
387
340
318
344
315
404
356
289
188
126
50
16
-39
-6
87
115
262
420
611
704
749
762
666
620
553
353
350
246
144
229
47
23
91
30
89
173
108
67
156
69
-45
-67
-44
-116
-167
-238
-245
-87
-84
-80
-191
-255
-219
-134
-186
-166
-99
-157
-228
-153
-195
-275
-262
-397
-341
-406
-333
-247
-332
-411
-349
-297
-238
-151
-183
-154
-279
-292
-308
-357
-416
-392
-511
-507
-577
-580
-596
-487
-451
-347
-227
-183
-66
25
52
123
47
40
11
63
93
134
92
24
191
69
13
-10
-12
40
-19
21
105
193
181
268
293
387
367
358
321
225
189
112
72
28
61
6
94
60
116
191
224
148
73
162
102
175
133
156
204
123
235
229
278
283
203
202
165
210
167
109
199
193
38
-103
-101
-211
-278
-170
-89
38
173
351
290
381
531
420
315
150
60
16
-146
-120
-98
-83
-69
-109
-68
-20
-76
-30
-25
-126
-184
-157
-55
-27
-70
8
-35
-90
-60
-127
-215
-259
-331
-365
-296
-336
-259
-208
-197
-227
-240
-221
-279
-339
-335
-265
-308
-229
-86
30
107
186
295
417
384
350
507
521
595
549
469
465
281
227
76
-28
-90
-206
-328
-339
-344
-207
-90
-85
88
27
61
-90
-30
-79
-84
-28
-95
-90
-7
6
-42
-1
80
115
28
166
84
53
-56
-44
-130
-194
-231
-404
-502
-526
-524
-560
-553
-475
-479
-313
-205
-120
-142
-57
-11
43
271
229
244
429
398
483
581
597
524
398
287
240
89
98
69
-100
-66
-57
-109
-223
-250
-324
-351
-394
-444
-415
-451
-371
-269
-63
-28
66
274
313
417
427
331
200
154
68
98
127
124
72
-133
-114
-244
-321
-307
-452
-414
-204
30
5
62
31
136
43
109
162
41
23
170
186
286
282
143
178
185
220
257
424
385
438
283
299
131
31
7
-36
-33
-16
48
-17
-34
125
350
472
634
706
741
746
726
636
429
183
72
-43
-351
-354
-373
-428
-393
-329
-345
-316
-185
-246
-248
-291
-289
-296
-259
-194
-208
-137
-5
-73
-150
-109
-51
62
11
157
192
265
341
230
148
85
5
-151
-427
-472
-562
-690
-678
-681
-731
-676
-587
-536
-397
-318
-313
-166
-170
-144
-63
40
186
253
296
455
542
538
606
621
609
562
521
450
495
495
355
212
21
-255
-441
-611
-653
-708
-768
-718
-690
-484
-318
-284
-157
-36
8
-30
-11
138
219
204
146
110
94
141
116
61
10
42
117
22
-9
-88
-166
-175
-169
-259
-334
-252
-245
-296
-292
-378
-371
-429
-360
-323
-221
-71
74
260
444
528
451
511
403
338
362
269
244
157
155
88
29
-14
111
114
204
234
360
467
482
465
367
453
304
246
160
126
115
-9
-75
-86
-33
22
23
-57
-33
-35
51
116
28
40
76
80
88
28
-14
-25
27
96
156
89
177
264
359
374
431
414
461
320
220
164
-32
-59
-166
-262
-215
-254
-284
-258
-289
-261
-163
-58
-19
17
26
-10
-3
-64
-36
39
-58
-53
26
147
109
129
237
328
399
390
384
293
278
149
42
-205
-349
-485
-557
-647
-714
-723
-738
-684
-645
-542
-511
-481
-437
-381
-342
-302
-285
-79
-107
-85
-48
-8
-7
-19
54
-31
-11
53
47
-53
-20
-7
-52
-56
-141
-276
-158
-224
-293
-297
-370
-405
-345
-286
-339
-235
-145
-133
-176
-209
-128
-146
-96
-194
-200
-61
48
-74
-111
11
-72
15
152
385
593
643
772
833
728
822
723
478
424
373
320
211
107
-29
-114
-103
-91
-121
-43
27
89
192
161
342
377
426
464
595
489
473
445
450
423
468
478
371
417
424
488
427
343
248
219
205
103
-58
-238
-353
-572
-637
-521
-532
-522
-360
-248
-174
-53
-82
-16
48
83
71
64
-69
-166
-110
-165
-207
-241
-105
-122
-191
-43
142
181
196
240
