-328
-203
-1
246
311
165
112
-36
-260
-475
-340
-181
191
638
755
538
223
12
60
-39
13
72
69
46
75
138
345
273
-72
-30
140
292
237
229
119
126
248
137
32
51
241
383
421
276
-8
-130
6
-41
-235
-360
-194
-142
-157
-135
-208
-498
-715
-588
-275
-119
-123
-41
-44
110
84
-76
-270
-375
-153
137
132
172
86
5
56
9
-196
-460
-406
-457
-524
-306
-39
147
-35
36
-385
-404
-339
-400
-53
79
197
77
15
-59
26
312
152
301
473
306
152
-27
31
97
139
353
107
-10
-80
-307
-257
-231
-109
-204
-176
32
103
-242
-366
-278
15
287
312
227
75
29
-53
-156
-79
66
89
35
158
246
97
39
-26
-128
40
243
492
428
325
275
-16
-31
65
121
161
199
338
349
363
354
191
109
-70
-82
213
363
380
53
-16
-41
-245
-217
-253
-257
-77
-101
-139
-246
-166
-104
-270
-154
-84
-102
49
-10
-129
-75
-111
331
448
359
232
9
255
295
-112
-288
-229
-11
172
3
-61
-144
-1
192
26
-119
-316
-159
-200
-230
-320
-494
-258
-234
-84
16
154
298
321
195
95
134
122
21
24
178
221
142
122
194
207
-48
-255
-256
-420
-344
73
131
101
15
-80
-345
-625
-353
-138
-106
103
251
125
278
332
131
-90
-279
-489
-378
-133
163
339
479
420
335
162
-310
-300
-293
58
116
97
-82
-99
-137
-98
-5
-258
-230
-137
-94
-125
-42
-76
-211
-30
-37
12
165
-4
-112
-250
-258
-256
-18
102
114
175
251
155
55
-107
-51
-11
-105
-174
-211
49
42
228
370
465
278
345
285
62
-196
-458
-548
-350
-218
-60
-76
63
305
201
338
146
-14
-272
-275
-133
12
40
105
263
371
198
-69
-195
-100
223
164
28
-27
12
-9
6
141
46
141
300
186
122
111
-36
-78
-244
-95
96
195
255
79
182
24
96
61
-127
113
276
389
4
-176
-217
-285
-319
-334
-177
-131
-127
-346
-440
-226
22
373
410
161
82
55
3
-69
-182
-180
180
263
268
207
8
-176
-120
-107
166
327
412
159
-12
150
11
-215
-379
-223
-120
52
75
-102
-137
37
234
279
-38
27
106
90
51
25
98
3
106
-8
-229
-147
6
147
226
166
-183
-516
-527
-340
-365
-404
-297
-263
-163
65
-83
-151
24
70
97
37
86
-6
-41
212
139
37
192
416
175
-190
-258
-344
-240
-201
-127
-214
-110
269
102
-78
-258
-97
71
5
129
177
146
193
161
136
-75
-76
45
52
74
34
-12
-122
-44
76
181
131
-136
-249
-83
285
436
195
194
184
56
-66
-333
-440
-244
116
17
-84
-9
-47
153
170
126
22
97
306
257
2
-7
63
159
280
178
20
-65
-145
-430
-418
-359
-240
85
154
145
28
-47
-41
34
308
454
674
625
364
214
127
93
146
-26
40
178
271
47
-120
-129
-48
-105
-161
-150
-228
-190
-204
-151
-232
-378
-222
-229
-119
-80
117
182
2
-45
-148
-20
152
253
233
244
292
236
31
-34
88
109
-76
-113
-208
-306
-394
-379
-312
-428
-237
24
-46
-214
-410
-330
-27
212
205
-125
-69
-100
-65
-191
-329
-164
142
332
234
-77
-172
-64
34
-15
-66
75
171
157
-77
-204
-202
-17
65
102
61
100
37
38
74
58
119
-27
19
87
-77
-33
76
-58
-166
-372
-298
-277
-361
-111
-127
14
107
-54
-81
-221
-233
89
116
44
20
-65
-193
-176
-82
-100
87
29
27
27
167
251
283
377
261
384
341
122
-230
-336
-249
-147
87
39
-11
171
162
155
214
72
124
-95
3
58
18
318
370
445
328
451
420
416
455
450
504
418
125
-352
-300
-104
-13
153
267
216
336
295
61
-244
-166
-148
-168
-99
31
222
196
200
70
61
168
38
31
-68
-50
80
-210
-184
-297
-218
-144
-128
-29
-49
-183
-396
-296
-206
-200
-21
-19
-157
-199
-284
-363
-255
-42
-36
-93
-215
-193
-134
-210
-238
-198
-177
-80
-180
-227
-249
-142
51
-14
-60
100
106
-150
-106
-56
103
154
109
138
89
143
158
249
260
349
341
111
22
46
-61
1
-31
58
-24
-23
-19
-38
-1
198
113
-165
-199
-138
-26
-89
2
166
240
285
44
-335
-315
-187
-95
92
180
340
509
360
231
61
-71
-99
-83
10
-170
-194
-398
-440
-387
-279
-302
-453
-488
-600
-548
-454
-375
-188
146
233
35
-64
29
62
154
107
6
-39
145
-42
-211
-71
311
428
508
353
138
189
155
231
101
-42
-84
-22
-58
-13
134
142
173
271
393
244
144
271
151
145
239
358
391
418
227
109
20
111
30
-36
68
147
119
-71
-344
-295
-147
-115
-221
-132
-25
-14
-92
-49
12
134
22
12
-3
-19
-148
-298
-337
-537
-519
-320
-12
1
74
157
258
95
28
29
137
25
-26
-129
-182
87
12
164
336
553
601
323
38
29
309
452
309
250
445
316
116
-116
-363
-258
-159
-179
-334
-342
-327
-240
-154
-212
-263
-355
-196
-323
-397
-370
-365
-180
-157
-177
-72
61
71
197
260
83
-92
-254
-316
-190
-88
23
48
33
149
74
-131
-335
-197
-125
50
-10
-134
-40
-98
-208
-222
-181
88
217
54
92
112
174
-141
-182
-97
-34
158
4
-241
-208
78
153
147
133
85
37
14
3
145
416
407
417
148
-206
-97
266
408
575
636
618
413
187
75
-206
-236
157
232
186
22
-107
171
151
200
194
-99
-85
-101
-285
-344
-250
-33
196
251
220
184
151
27
107
167
60
-146
20
-12
177
-55
-138
-22
-228
-299
-227
-185
-276
-40
-83
-120
-94
-43
-150
-112
-40
-118
-182
-301
-316
-443
-553
-317
-78
55
-58
-189
-418
-360
-136
-219
-231
-246
13
209
252
263
120
231
326
312
232
28
152
177
180
266
134
207
90
21
-227
21
307
419
495
247
194
218
189
30
-58
16
95
34
-185
-112
42
125
185
54
77
71
17
-151
-79
-49
-41
-159
-233
-399
-280
-228
-128
-91
-171
-205
-310
-402
-527
-429
-387
-348
-246
-290
-371
-408
-342
-135
-126
-108
-46
-59
158
347
305
347
391
510
345
175
-12
214
426
471
498
408
221
172
109
151
-6
184
275
245
73
-140
-112
53
133
46
215
-45
-284
-355
-305
-349
-236
73
-65
-183
-180
-174
59
95
47
-120
-217
-175
-183
2
161
299
298
103
19
-101
-128
-73
-173
-20
-22
-59
-224
-262
-123
-24
39
14
76
269
172
-55
-260
-312
11
97
136
5
57
103
110
-40
6
-34
-4
170
289
494
379
131
137
192
154
322
138
53
148
296
301
123
97
163
190
177
22
-224
-146
12
11
81
-43
-196
-301
-397
-331
-447
-320
-77
197
167
-170
-348
-465
-109
173
110
94
105
240
45
-39
25
-271
-247
-152
-32
-69
-66
116
222
407
357
181
-175
-261
-183
-341
-347
-257
-176
25
-42
63
-57
-97
-152
-119
32
194
99
-77
-378
-520
-509
-513
-326
-103
-33
89
240
233
318
277
318
72
47
113
-70
7
12
0
130
398
387
302
205
161
73
-72
24
112
109
-10
21
33
-172
-232
51
316
368
82
-60
-84
-125
-197
-104
-9
58
76
266
258
309
255
78
-14
-114
-118
-154
-172
78
-29
-64
-227
-267
-289
-384
-114
-100
132
195
96
-118
-158
-133
-93
19
160
356
236
128
85
-141
-183
-68
7
70
5
113
-39
-155
-79
-174
-24
-1
40
100
-45
-202
-109
29
221
213
95
-119
-233
-66
-79
-139
-202
-290
-153
-79
-77
116
41
258
299
73
53
-195
-44
-356
-505
-331
26
197
254
66
106
341
338
205
-16
-179
-253
-166
107
134
132
65
-181
-228
-314
-288
-7
224
299
41
-107
-119
-131
-113
-299
-9
204
384
254
-121
-287
-204
-60
264
238
176
147
206
211
189
168
64
67
-137
-64
63
96
117
277
389
196
175
112
135
103
-181
-266
-67
-41
85
154
102
220
116
-88
-119
-113
-88
-7
19
187
434
449
181
17
118
208
27
52
86
-51
-119
-148
-189
-145
-184
-182
76
-58
-215
-25
48
-164
-386
-333
-168
-95
-25
-257
-326
-311
-289
-425
-418
-151
31
22
-121
-223
18
144
115
-55
-354
-379
-454
-227
-225
16
238
348
347
280
87
48
-159
-295
-288
-295
-55
34
144
274
324
55
-37
39
23
126
24
111
214
214
87
-174
-40
-110
51
9
-80
-64
39
228
274
233
289
323
118
-123
-76
-56
339
411
220
42
-172
-13
-66
3
174
376
427
87
-191
-352
-415
-424
-256
93
203
384
369
375
215
80
-125
-265
-54
123
186
324
411
759
606
224
254
178
173
-99
-412
-297
158
98
-187
-301
-115
30
-137
-372
-339
-223
-51
-194
-482
-482
-500
-354
-273
-472
-451
-323
-388
-238
-252
-195
-194
-29
51
-48
-204
-345
-238
-80
158
9
120
98
148
-50
-67
62
155
199
152
176
235
363
324
307
128
186
277
142
172
218
-9
-53
-100
-105
10
115
-77
-282
-254
-292
-31
38
153
319
312
430
244
81
72
193
356
401
260
151
38
93
98
-2
31
147
320
123
-105
-293
-207
-335
-367
-517
-589
-259
-58
55
-99
-145
-29
-45
-256
-247
-267
-125
264
138
72
-36
-41
16
-102
-203
81
126
177
54
-146
-199
-171
-214
-187
71
101
256
63
71
141
33
124
192
120
95
-102
-235
-167
-24
-12
-169
-61
218
286
57
14
-184
-57
50
28
103
121
316
240
80
-33
-42
27
64
5
90
45
-9
167
133
272
358
344
85
-97
-75
56
115
20
-104
57
151
269
54
-160
-178
-102
-115
-353
-431
-388
-153
-186
-26
134
263
213
189
37
-252
-290
-318
-356
-315
-189
-66
2
39
-3
-136
-251
-188
-154
-254
-126
-179
-258
-165
55
143
-60
-63
-120
-122
0
121
19
127
298
438
426
234
159
379
461
444
331
231
327
532
421
225
59
-13
-154
-290
-252
-168
117
87
108
-36
-56
127
259
230
-112
-360
-382
-534
-540
-569
-315
-91
47
117
-31
-238
-312
-130
84
206
-17
-178
-199
-111
-3
51
12
61
68
-32
-73
-114
170
295
190
171
213
279
342
245
72
45
-14
-115
-24
-33
25
-131
-316
-145
-121
-3
-64
-58
-103
-108
-167
-258
-159
-70
-5
29
128
-13
-38
229
411
382
139
-93
-134
-186
-183
-18
134
281
225
-47
-103
-127
-199
-175
-72
-20
-80
-77
-179
-154
-133
-229
-83
-21
-143
-159
-132
10
105
70
91
243
207
392
430
442
554
461
461
121
-45
-34
-34
-147
-273
-276
-101
81
278
322
428
531
422
147
-183
-486
-444
-179
-61
158
168
140
50
-188
-398
-397
-361
-219
-88
-289
-326
-210
-105
134
76
-129
-86
-184
-304
-168
0
-21
46
306
425
370
190
151
-114
-241
-106
-32
-73
-109
30
4
-86
-124
-191
-364
-135
43
82
-61
-278
-443
-444
-341
-381
-245
-420
-260
-65
101
57
9
134
275
264
120
-145
-221
4
299
591
460
298
240
136
103
-8
-59
-73
77
176
65
-230
-267
-217
-133
71
355
444
266
46
-117
-152
-1
110
281
402
443
414
207
197
125
341
351
222
220
300
289
113
-84
-32
296
348
257
112
-91
23
213
171
161
125
277
350
72
-39
-139
-206
-28
62
-137
-158
-116
-117
-61
-40
-159
-235
-272
-313
-277
-143
-172
-349
-379
-219
-65
-85
-114
-143
-144
-296
-325
-184
-107
-96
-174
-64
34
-237
-214
-264
-104
-144
-335
-247
-368
-242
-59
28
-63
-95
-142
-239
-321
-394
-222
-31
142
136
81
97
236
206
20
-212
12
208
49
-174
-443
-173
332
520
442
342
108
-59
-100
12
-58
-119
-10
178
84
-162
-111
-171
82
125
-35
2
-7
71
220
296
566
361
151
111
158
193
164
156
-102
-42
-280
-320
-316
-250
55
244
261
182
96
-26
-96
-78
-44
-23
92
165
-17
-48
8
119
148
55
12
-44
-5
-70
-139
-377
-320
-125
39
34
-99
-68
109
228
176
61
-18
-117
-14
-71
-141
-197
-204
-167
124
315
247
258
326
372
141
232
303
238
13
-82
-190
-17
72
26
-36
144
334
48
171
184
212
5
-128
-25
145
278
209
52
80
129
-141
-128
-39
55
115
231
217
89
-78
-227
-171
-259
-355
-319
-107
33
2
-196
-374
-342
-351
-546
-478
-270
42
247
318
189
35
80
67
8
91
45
112
181
118
-141
-144
-101
-33
101
79
178
137
132
-133
-182
-292
-281
-98
201
339
251
190
210
45
-82
-44
-73
-11
4
-86
-96
-63
-107
-197
-226
-186
-31
129
65
-32
-168
-224
-20
-42
-80
305
359
257
-2
-277
-110
-37
134
285
223
74
17
-67
-72
-15
-4
-90
-140
-140
-280
-315
-397
-343
-140
-64
-53
-122
-119
-78
-177
-369
-348
-124
-111
-286
-300
-129
-70
289
225
108
196
303
367
200
-47
-100
-90
-201
-443
-458
-388
-5
206
173
147
61
-24
80
9
-405
-421
-221
-6
147
134
173
268
503
548
225
185
264
299
404
415
321
287
380
306
395
341
301
220
-9
-20
-37
179
277
138
72
46
148
179
-88
-94
-88
-43
72
-59
-205
-107
130
244
222
-108
-158
-147
-165
-254
-453
-323
-161
51
-19
-45
-161
-244
-41
29
89
-173
-221
-82
-7
-5
49
248
574
561
249
31
3
146
132
82
11
-105
-92
-1
-75
-234
-283
-253
-187
-136
-151
-44
-161
-221
-134
-225
-193
-157
-34
55
102
-6
-80
2
239
287
147
69
-72
-113
-229
-248
-192
-137
-242
-272
-432
-285
33
118
102
-182
-291
-300
-456
-516
-406
-91
191
27
36
242
340
196
-61
-47
-35
-79
-26
-41
108
369
354
282
252
-107
-195
-12
-29
-105
-8
173
179
97
122
117
-58
-104
-274
-244
-26
114
335
220
184
227
169
299
422
318
16
-99
-159
-180
-86
66
289
119
5
-78
-11
144
30
-47
-114
-9
62
82
200
100
104
86
-58
-14
65
130
115
217
99
5
48
17
39
-36
51
213
91
-101
-255
-230
-296
-289
-111
-9
102
109
42
-77
-121
-82
178
370
346
268
48
-4
44
-221
-274
-280
-181
-73
-112
-294
-398
-228
-132
-71
-214
-296
-109
-57
11
-60
109
105
125
54
-51
-16
-48
86
311
544
646
594
250
159
44
-37
-20
124
280
459
432
172
-63
-450
-409
-279
-172
-159
-120
203
173
-74
-377
-553
-412
10
178
112
-89
-238
-174
-130
-167
-65
-57
-27
101
22
-127
-154
-69
-173
-259
-201
-61
-73
-27
-84
-45
-22
-63
-80
-190
-94
-9
167
150
150
90
-48
-213
-203
-55
71
151
144
22
-154
-46
102
96
88
19
64
172
-51
-287
-281
-28
202
193
173
256
208
10
-93
-144
19
129
33
-174
-319
-97
179
142
3
185
273
184
-103
-291
-289
-154
-51
-42
-49
-25
161
133
126
59
-74
-174
-157
38
310
567
301
246
351
384
102
-143
-374
-488
-301
-92
115
368
421
58
6
-186
-275
-93
79
167
187
146
43
-233
-246
-55
-5
131
115
-130
-84
-134
-71
67
-14
13
-73
-78
-37
2
36
33
-19
15
-3
45
-87
70
213
216
108
-64
-147
-160
-116
-65
45
52
250
233
340
182
-6
131
245
206
-56
-194
-193
-56
-62
-93
-91
-14
116
54
106
-50
88
164
-93
-144
-10
231
206
138
80
24
44
291
170
15
-56
13
79
327
-141
-96
-72
199
-209
-50
266
126
963
-647
643
-462
-48
453
-548
-127
-352
-788
-253
-481
-469
259
-893
-333
-1301
-1228
-1347
-1225
-1500
-905
-1096
-494
-313
-698
659
-347
1118
670
1034
1104
1341
1382
1586
1452
1759
1915
1676
1782
1418
1239
996
761
129
402
-188
-132
-535
-843
-789
-1080
-836
-1000
-1249
-1163
-1017
-1442
-856
-1661
394
-1447
1752
-1357
1072
129
-992
1431
-1344
587
-110
-712
103
-117
-1739
437
-2513
-544
-2380
-1805
-2188
-1334
-2162
-899
-824
-1077
1062
-893
2033
473
2084
2062
2164
2606
2785
2890
3009
3319
2824
3244
2515
2346
2074
1147
742
377
-705
81
-1366
-984
-1391
-2212
-1632
-2604
-2443
-2133
-2397
-1965
-1463
-1725
-1172
-862
-1180
-327
-235
-458
1213
59
1561
741
1551
507
2793
778
2251
2205
-1064
3643
-1591
1888
192
-1736
-200
-1703
-3103
-95
-4454
-1225
-2702
-3699
-1415
-3585
-740
-1450
-218
-438
1214
160
2918
1533
2826
3332
2468
4310
2858
3565
2979
3123
1477
2934
767
1418
781
-910
-155
-1412
-1724
-1769
-2673
-2513
-1857
-3189
-1870
-3099
-1857
-1680
-944
-1265
-128
-1398
1369
1278
539
3914
-1978
4279
-102
934
2060
-1302
310
-68
-3306
-762
-3126
-3342
-1285
-4725
-2568
-3609
-3031
-2002
-1902
-1661
112
-895
1670
972
1565
3856
1446
5196
2468
4659
4435
4928
4461
4123
3947
2251
3963
1163
1825
1285
-683
340
-1406
-2427
-1849
-3689
-2867
-3513
-4005
-2731
-3770
-1344
-2319
-734
-1132
-1677
165
-899
897
1001
392
456
-138
-874
-858
-1571
-1826
-1737
-2258
-2729
-2199
-2698
-1727
-1574
-1085
-257
-167
1362
1280
2124
2587
2206
3724
2589
3767
4341
4189
5177
4808
4574
4046
3910
2787
2530
1918
809
1184
-380
-644
-972
-2461
-2571
-3601
-4345
-3517
-4440
-2935
-2862
-3167
-765
-3957
-387
-2153
-1868
87
-1780
-706
40
-2707
-243
-2258
-3047
-1560
-4640
-2640
-4862
-2386
-3093
-662
-566
190
775
697
1556
1712
3110
3002
4502
4280
5249
5241
5998
4688
5954
4518
4743
4682
3091
3075
2232
1320
463
315
-1613
-1128
-2335
-2888
-3034
-3946
-4464
-2604
-4723
-1900
-3847
-3436
-1437
-3790
-982
-2694
-2757
-1043
-2741
-2076
-897
-3303
-360
-2716
-2480
-3017
-3935
-2971
-2209
-1069
8
1027
1294
2453
2173
3427
3290
4202
4451
4526
5386
5764
5961
5930
5431
4809
4377
4587
3077
3515
1959
1142
1397
-603
-359
-1026
-2177
-1706
-3404
-2037
-3543
-2770
-2719
-5084
-1637
-5486
-2991
-3185
-4998
-2741
-3587
-4560
-2708
-4672
-3581
-2914
-4257
-3554
-3982
-4149
-3693
-2671
-1539
660
1945
2939
1990
2969
4256
4188
6918
5506
6107
6737
6201
6320
6705
5862
5923
6611
3988
3914
2728
1461
1397
119
-1926
-1030
-2259
-1921
-2188
-3595
-1504
-4624
-946
-5702
-3051
-3199
-4588
-1909
-4000
-4823
-2263
-4615
-3725
-2739
-5810
-2684
-4481
-4272
-4380
-4933
-4559
-4181
-4005
-2946
-1528
1056
1876
2947
3141
3734
5794
5587
7379
6512
7936
8114
7265
8315
6701
7616
7754
5817
6572
3957
3465
3215
108
449
-1917
-1192
-1850
-2032
-3340
-3442
-4532
-5912
-4560
-7347
-5518
-5426
-6520
-5010
-6212
-6539
-4188
-5704
-4234
-4135
-4883
-3955
-3665
-3785
-2889
-3164
-3395
-2117
-2032
-946
867
850
3949
2949
4478
6095
4990
7995
6811
7019
8344
7570
8006
8829
7160
7609
7585
5598
5710
3983
2665
2196
575
-988
-1648
-2396
-2985
-3229
-4720
-4933
-6614
-6453
-7365
-8189
-7002
-8299
-7554
-6765
-7904
-6411
-5844
-6392
-4131
-4425
-4445
-2185
-3226
-1951
-1324
-2018
-412
-247
394
1091
3004
3138
5262
4753
4722
6832
5831
8134
7672
7753
8958
8220
8804
8268
7829
7967
6909
6663
4815
3866
2701
1241
-34
-1246
-2635
-3239
-3034
-4828
-4518
-6306
-6971
-7192
-8106
-8780
-7999
-8376
-8337
-7264
-8471
-6801
-6574
-5829
-4911
-4346
-3383
-3016
-1770
-2112
-1140
-783
-480
805
728
1908
3009
4192
5573
5964
5313
6817
6549
7748
8235
8071
8213
9054
8400
8702
7749
7251
7156
6721
5504
3591
3443
1105
572
-707
-3143
-2412
-4474
-4377
-5360
-6931
-7068
-8183
-7891
-8722
-8825
-8608
-8198
-8333
-7088
-7983
-6326
-5861
-5315
-4226
-3998
-3127
-2133
-1630
-1514
-102
-723
743
552
1510
1303
3011
4157
3887
6871
3953
7107
6579
6639
8502
7130
8311
8290
8144
8019
7744
7641
7204
6552
5976
3510
3641
1687
545
-865
-2150
-3169
-3697
-3719
-6361
-5602
-7453
-8775
-7643
-9549
-9484
-7501
-9141
-7200
-6717
-7658
-5646
-5307
-5167
-3008
-3016
-2656
-602
-1326
-59
-506
1060
960
1604
2308
926
2925
2758
3725
4882
5398
4547
6713
6169
6876
7997
7426
7540
8379
7885
7778
8527
7025
7738
6946
5475
3999
3389
1341
636
-787
-2195
-3112
-2894
-4664
-5552
-6139
-8601
-7568
-9061
-9239
-9171
-8735
-8525
-7757
-7685
-7246
-5821
-4728
-3546
-2818
-1997
-1313
-1063
-94
-427
371
1782
961
2512
1919
1245
2307
2049
2725
3961
4291
4599
5601
5494
5809
6345
7017
6229
7855
7124
6738
7972
6482
7250
6141
6017
4137
3964
2448
1138
588
-787
-1651
-1828
-3242
-4857
-5190
-6918
-7141
-7922
-8729
-9556
-8016
-8988
-8024
-7193
-7631
-5578
-4764
-4348
-3463
-3533
-2336
-1589
-1248
-845
-1307
-177
630
-335
2016
-76
1559
2058
1644
3744
3457
4930
4257
5082
4908
5853
6082
6531
5916
7456
5999
7639
6407
6433
6874
5485
6463
4231
4465
2931
2203
1538
645
-177
-445
-1248
-2426
-3429
-5063
-6404
-6819
-8148
-8257
-8086
-8671
-7227
-7650
-6823
-6137
-5611
-5485
-4216
-4467
-3676
-2762
-3883
-2260
-2172
-2800
-469
-1021
428
1578
852
2932
991
2481
3278
2958
5551
3813
4934
6500
4712
7417
5762
5290
6984
4958
7083
5888
6881
6157
6649
5782
4394
4701
3269
3474
2934
2134
2126
681
817
-1725
-3066
-3900
-6760
-5711
-7782
-8024
-7114
-8193
-7197
-7435
-7597
-7069
-6322
-5568
-5777
-5079
-6149
-5954
-4461
-5056
-3056
-2931
-2593
-428
-474
-21
893
320
1086
624
1794
2716
2832
6208
3425
5584
6093
4268
7488
5271
6231
7044
6190
6728
6813
6311
6628
7301
7095
6753
6780
5744
5963
5343
4204
3302
2116
807
-557
-2339
-4457
-5596
-6974
-7216
-8178
-7475
-8408
-7489
-7546
-8950
-6624
-7749
-7266
-6434
-7021
-6208
-5577
-4190
-4365
-2740
-2488
-2346
-676
122
-517
1205
1341
1317
2157
2543
1753
4652
3916
5463
5868
4980
6992
4981
7391
5582
6458
6695
6154
7250
6904
6776
7459
7389
7949
7375
7109
6007
5903
4895
3696
2738
272
280
-2643
-3729
-5278
-7855
-7407
-8735
-9322
-8726
-10007
-8677
-8883
-7986
-7927
-8257
-6696
-7853
-5725
-6049
-5959
-2729
-4697
-2262
-846
-2927
861
642
-166
2745
596
970
2437
1365
2716
2864
4191
4118
6146
6419
4383
6827
4971
6326
6659
5799
6268
6915
6574
7687
6659
7067
6617
7214
7267
5681
5979
3988
3719
2809
816
-113
-1363
-3385
-4076
-5468
-6856
-7358
-7182
-8856
-8075
-8191
-8928
-5828
-7364
-5448
-6267
-5922
-5972
-3925
-5027
-2469
-3990
-2347
-1792
-2974
131
-1311
1033
1130
1233
1709
2735
2059
3720
1670
3373
2459
4467
4545
4283
5816
3820
6407
5102
6857
6023
5577
5958
6049
5733
6003
5386
6106
5880
5527
6016
4755
4446
4384
2840
2483
489
-1178
-1825
-3620
-4128
-5248
-6599
-6870
-7365
-7940
-7888
-7061
-5836
-5137
-6187
-4767
-7662
-3546
-5103
-4374
-2446
-5947
-795
-2807
-1227
-1418
-1248
-382
97
1667
1369
2190
2272
720
2622
1051
1791
3073
1053
4407
2472
3935
4885
3214
5636
5509
5402
6696
5448
5812
5709
5768
6138
5683
6315
5771
6144
5507
4894
4045
3135
2631
341
581
-2457
-2617
-3071
-5040
-4966
-6714
-8095
-7533
-8411
-8157
-4466
-7829
-2598
-6129
-4370
-3265
-5842
-2676
-3244
-3207
-780
-3632
-2346
-771
-2583
875
-2672
1438
-1359
439
1245
-733
1261
-448
500
1114
1606
1498
3274
2570
5045
3789
6259
4532
5630
6492
5356
7355
6232
7075
6486
6674
5795
5775
4811
4940
4532
4247
4068
2248
2061
246
-899
-1430
-3622
-3018
-4169
-4881
-5008
-6995
-6960
-7366
-5334
-5364
-4013
-4955
-4639
-3977
-4111
-4035
-4559
-3277
-4115
-2667
-3524
-2490
-2995
-1920
-1948
-2103
-772
-896
203
-605
549
255
819
2221
2296
2493
3925
1737
4508
3448
3328
5900
4002
6998
4462
5769
5161
5631
6161
4694
4346
4077
2925
3891
2817
2730
2575
1758
2282
1065
893
-738
-471
-1900
-1931
-3460
-3658
-4380
-4684
-5374
-6512
-6555
-5441
-5295
-4371
-3420
-4245
-1974
-2424
-2253
-2276
-2596
-2332
-1720
-2411
-2745
-1968
-1926
-605
-162
-1226
727
64
1494
1801
1164
1841
1037
2407
2659
2542
3067
3587
2636
4037
3057
4430
4003
3368
4838
1933
4162
2352
2902
2868
2211
956
800
718
241
426
-232
-492
-450
400
-1506
126
-2193
-1103
-1954
-1560
-2582
-2324
-2255
-2462
-3048
-1986
-2825
-1666
586
-1638
1273
-682
125
-306
231
-1481
-856
-6
-1502
-451
-875
-1960
187
60
-1289
1774
-1482
880
266
-551
818
56
-19
237
197
1144
200
883
-132
236
249
-1887
1099
-709
-36
929
-1930
222
-1713
-621
-670
-1124
-569
-925
5
742
204
1221
1302
1631
2834
2818
2508
3073
2851
2964
2507
1568
2419
1776
2217
1965
-20
1423
-344
778
616
243
875
364
-89
522
-2145
9
-2572
-983
-959
-3745
-1341
-4009
-2458
-2272
-2644
-3288
-2725
-2689
-1446
-2013
-1465
-3686
-1732
-2004
-2076
-1732
-3273
-1069
-3724
-838
-3445
-2575
-751
-1981
818
806
-311
1792
1062
2215
3102
1649
3458
2915
4274
5020
4677
5709
5252
6252
6068
5638
5953
4867
6611
4575
5588
2747
2887
1850
1948
1473
-331
-591
-658
-85
-2188
-301
-3873
-797
-2381
-3371
-1513
-4583
-3482
-2872
-4743
-3403
-3933
-4730
-2916
-3756
-3254
-3176
-3282
-3940
-752
-4652
-1662
-3099
-3577
-1574
-3717
-1800
-2865
-2733
-2143
-1024
-555
728
-234
2236
2059
3389
3833
3947
4634
4551
6425
4438
6801
5097
6733
6503
6214
6600
5938
5963
5895
4312
4863
3064
2663
3288
1060
2978
-354
17
-1720
-1824
-2230
-2399
-3184
-3393
-3213
-2248
-2387
-2337
-3075
-3374
-2434
-3822
-3223
-3507
-3864
-3990
-3670
-4107
-3947
-3435
-4824
-2153
-3929
-2319
-1549
-3219
-790
-2047
-1190
-101
-1333
525
1552
222
1934
298
2153
2093
2498
3626
3918
4944
5008
5016
3946
4809
4095
5398
4379
4870
4218
4929
3628
4259
2502
2694
2807
1575
3066
617
1394
-53
-90
418
-1161
-193
-1537
-1951
-2326
-3964
-2890
-3526
-3634
-3881
-3249
-3517
-3620
-2440
-3330
-1637
-1992
-3343
-2071
-3416
-2626
-2101
-2866
-2439
-2688
-2296
-2321
-1508
-1568
-675
-1517
-947
394
497
73
503
379
1026
1233
1773
2107
1390
2208
2865
1732
3054
3125
3081
4042
1439
2802
2073
2032
2816
1291
1978
938
1809
1690
1316
857
867
653
1013
677
858
-244
245
-232
-289
591
-343
35
82
-1655
258
-1570
-1165
-477
-1664
-341
-679
-1488
-63
-993
-1424
-1174
-1870
-1799
-881
-1813
-2546
-1292
-2587
-1180
-993
-2687
-58
-984
-942
110
-515
-315
189
-114
623
560
-908
148
-936
-317
251
-1434
571
-1212
-9
131
-1053
1258
428
699
507
1139
1037
1243
1911
1356
2130
1745
2503
2773
3312
3350
2680
3743
2669
2962
2784
1651
2654
2724
1009
1396
696
956
268
-101
-874
-1216
-965
-1642
-42
-1073
-935
-557
-1540
-703
-1120
-361
-1866
-2091
-1965
-2693
-2318
-3015
-3920
-3464
-2295
-3556
-2378
-4640
-2298
-2870
-1904
-2436
-2631
-2165
-1622
-706
-1088
-994
-909
-467
53
843
509
645
1193
2792
2069
3114
2330
2931
3705
2246
3276
2921
3035
3341
3506
3131
3819
2967
3641
3048
3582
3543
2100
2986
2120
1604
1624
215
1107
918
389
-439
-769
-2434
-1976
-2768
-2372
-2349
-2638
-2574
-2688
-1619
-3429
-1953
-2919
-2225
-1731
-2186
-2378
-3144
-3135
-2193
-2002
-1757
-3181
-1055
-1285
-2368
173
-2196
-884
-637
-742
622
-747
-739
15
-467
1194
-796
539
550
543
2602
1198
2591
3113
3153
3516
3309
3543
3801
3301
3772
2922
3270
2123
2381
2338
2245
2459
1535
1177
1386
-89
462
-693
-812
79
-1873
907
-998
-150
-806
-1556
-1496
-1949
-1504
-1386
-1368
-1894
-1669
-2308
-492
-1637
-232
-1667
-387
-1528
-1070
-1977
-2460
-2652
-3366
-2222
-1699
-913
-3224
54
-3384
38
-953
-1083
360
-367
-383
332
-11
-346
1337
76
1284
692
1820
-773
1742
326
2299
984
394
833
377
1436
-42
1792
594
1795
1514
2578
2876
2754
2172
3037
2166
2664
2406
1621
1888
1336
845
1258
1075
-128
551
-285
35
-636
-940
-1464
-442
-466
-672
24
-1325
-1279
332
-1174
-133
-412
-997
-514
-572
-2065
-422
-2895
-1853
-1326
-2763
-1669
-2471
-1691
-2344
-2117
-1458
-2534
-1964
-1082
-3087
-954
-3035
-3308
-16
-2026
-1569
-56
-1461
-55
730
138
806
1163
1594
1762
2678
1742
2544
2280
3644
3545
3248
4122
3250
4751
4195
2858
4236
3045
3813
3964
2661
3000
2934
2566
1924
2677
438
1668
1224
175
1626
-1797
-80
-1638
-2125
-1137
-2868
-1595
-2953
-2457
-2638
-2741
-3519
-2277
-2932
-3246
-3406
-4967
-3165
-4146
-3843
-3872
-5499
-3467
-3084
-3798
-2628
-2659
-2735
-1767
-1908
-1755
438
-1831
531
-446
378
1179
843
3115
3526
3479
4304
3593
5020
5650
5044
6392
4962
6649
6551
6693
6836
7391
6262
5571
5843
4551
4586
3128
2937
2225
928
509
-344
-926
-1126
-2797
-1751
-3148
-3147
-2662
-4292
-4566
-4340
-5333
-4934
-4326
-7347
-4054
-6582
-4529
-4427
-5613
-4712
-4813
-4078
-4806
-4392
-5443
-4030
-3133
-4306
-1099
-1274
-3323
2033
-2438
2392
1596
734
4319
1943
4111
4214
4075
5035
5411
5839
7564
5952
8181
6087
7055
7170
6386
6006
5176
4699
4916
6205
4037
4753
3402
3125
1813
228
261
-940
-1474
-1859
-2956
-3878
-4432
-5820
-4827
-5839
-6498
-5938
-6536
-5301
-5710
-5491
-6194
-7150
-5331
-5572
-5633
-3490
-5514
-2855
-2278
-3877
-225
-2847
-988
1428
-1409
2806
-1184
1733
2434
1051
3066
2765
2885
5063
3593
2262
5325
3276
4065
4386
2154
4703
3605
2754
4690
1185
3972
2681
1720
2774
611
2321
1202
842
725
-64
-173
134
-624
-799
-1188
-1475
-1252
-1798
-3029
-2863
-3510
-3416
-2722
-3449
-3785
-3556
-4348
-2192
-3353
-2968
-1728
-2245
-709
-748
-1393
144
-1706
463
-267
736
1104
1249
2525
2014
2519
1294
1787
3448
1671
2476
729
1242
1274
1494
1638
-1734
1512
-1084
1361
-581
-615
-2088
-1468
-1367
-2656
-1305
-3191
-1662
33
-1629
-2187
-1917
-2534
496
-1867
224
-1205
73
1432
935
1949
915
1676
1626
3526
3356
3273
3118
1382
3655
2007
2712
2195
1047
1803
764
1510
1195
1319
820
1478
595
814
952
-528
1667
-772
1570
-1046
-927
890
-907
393
-1054
-421
-2828
-367
-4276
-3256
-2718
-5441
-2253
-4408
-4834
-2536
-5268
-3776
-4439
-4992
-3292
-5359
-2929
-3025
-4257
-1348
-2907
-260
368
657
1711
1319
2316
1778
4156
2836
5157
4727
4823
5737
5797
6328
6751
5723
6529
5240
4778
4589
4096
5131
3032
3238
1898
1302
1437
964
-116
1023
-860
936
-462
-2053
-1220
-3300
-2064
-2260
-3263
-1690
-4229
-2349
-2416
-3651
-2583
-4871
-1579
-4738
-3921
-4099
-4905
-4507
-3714
-3851
-3118
-3471
-3958
-2814
-3051
-2404
-3583
-903
-2597
-178
-423
-570
3376
511
2685
2121
2834
4329
3959
4890
4481
5194
5691
6268
7007
6729
6829
6408
5561
5565
4409
4079
3642
3463
2806
1672
1229
-353
-42
-1013
-1096
-600
-1368
-50
-1802
-2896
-1147
-3905
-2042
-2252
-4025
-1687
-3108
-3288
-2298
-3668
-2797
-647
-4203
-594
-3074
-3146
-2447
-5202
-2256
-2222
-4747
-2451
-3617
-2617
-3185
-2863
-926
-2555
-1311
-977
1155
-89
1343
-150
1446
2191
1782
3655
2416
2650
5461
3241
5245
5210
5062
7096
4253
7019
5545
4351
4184
3408
3145
3129
1796
2793
1073
1122
-564
361
-1250
119
-172
-482
-955
-2732
-729
-3755
-472
-2848
-2320
-2595
-3220
-3820
-1918
-4732
-1803
-3315
-2490
-1056
-4543
-2352
-5254
-2305
-4133
-2229
-2711
-2474
-4065
-2677
-2291
-4678
-1371
-3693
-792
102
-1227
1945
-309
-1167
3132
2365
2245
3938
1590
4416
5398
4811
6950
5097
6040
7744
6626
6760
5278
3736
5729
3286
4035
2829
-145
1435
682
-160
-312
-555
-1541
313
-935
-1377
-1538
-3262
-1927
-1611
-3869
-2610
-4849
-2939
-2841
-4685
-1560
-5760
-2357
-1018
-4858
-1752
-6117
-4474
-661
-5371
-2226
-2821
-5031
-1492
-3917
-2253
-2337
-3288
907
-336
2896
1364
36
2514
2108
4792
3822
4484
3190
5314
5736
5302
7270
5200
6345
8116
5631
6695
3962
2881
4237
2103
2972
928
-1019
-129
-1460
-1263
-2533
-3045
-2056
-2243
-1050
-3188
-3121
-4598
-3408
-1966
-3123
-2673
-4841
-2856
-3444
-3960
-2994
-6128
-816
-2822
-4365
-3620
-6166
-3812
-1840
-5070
-585
-3957
-3320
495
-3216
-136
724
1129
3043
5215
-502
4373
1510
4303
6981
2948
6935
5232
6050
7478
5993
6090
6720
5908
8190
6234
4417
3075
2271
2163
1748
274
-707
-2114
-3264
-2322
-4850
-4689
-2876
-4807
-2116
-5935
-4177
-5011
-5831
-4873
-4873
-2945
-6404
-3454
-5124
-4286
-2069
-4326
-1534
-3595
-1961
-1316
-4182
-3444
-2153
-2046
-307
-1634
-1024
1085
-765
1367
3459
1707
5407
3864
2810
4113
4505
6245
5199
6187
5845
6475
9134
6420
8509
6138
6079
8046
5235
6196
1103
2044
1278
-811
412
-3858
-3399
-4813
-5789
-6975
-6686
-6619
-5569
-5681
-7983
-6253
-6907
-5051
-6122
-4460
-6380
-3724
-3864
-3992
-3519
-4455
-1474
-1534
-1756
-1161
-1797
-1480
-1664
-408
1317
-1096
36
-444
40
268
6609
2631
4826
3641
1587
8890
5641
8283
7783
4128
7103
8104
9124
8510
8140
9549
7681
9603
6979
5091
3649
1269
3753
126
-875
-3336
-6048
-5593
-8900
-7594
-8643
-9248
-6748
-8410
-9194
-9986
-9996
-8170
-4837
-6571
-5756
-4352
-6837
-2923
-3674
-3266
153
-2869
-2098
-827
-1504
-1727
-1510
-793
228
-1888
425
-2094
1636
6755
1267
8675
348
4555
8047
5348
12361
4627
7041
6241
6604
12871
7201
9993
8518
6331
10746
3763
5978
2210
1423
3684
-1537
-993
-6416
-6225
-6215
-8151
-5841
-11130
-6876
-8343
-9260
-6211
-12032
-6715
-8884
-4010
-4640
-6474
-5724
-7097
-2200
-1301
-1889
1307
-2675
-2073
-918
-3297
-568
-3767
-1161
-541
-568
-2590
-1115
3765
3647
8224
1040
4566
6984
5262
13162
4778
5653
7427
7585
14205
8980
9713
9518
6789
12454
6510
4999
2265
878
4139
-770
-2290
-6885
-6940
-6377
-6800
-7867
-11794
-9770
-9908
-8221
-8718
-11666
-9906
-8516
-5204
-3682
-6450
-6477
-3477
-1683
593
225
-1534
-1155
793
3
1198
-2625
-1416
-318
-8
-1558
2353
4881
3037
8553
-347
6577
5330
7881
12081
3973
8145
4515
8579
13853
7742
11698
7418
7023
11762
3896
5897
1303
2415
2351
-1388
-2924
-8215
-7647
-7629
-7659
-8729
-12234
-11260
-10684
-11695
-9187
-12711
-9288
-7647
-6402
-5164
-7952
-5258
-4093
-466
1038
636
-809
593
1204
1575
1204
1047
29
2260
1439
4589
9536
1812
8355
1184
6496
10152
6231
11822
2480
4942
6871
6688
13219
7208
9242
8548
4529
10140
1446
5053
2724
1964
2558
-4605
-4239
-8786
-7090
-5920
-9188
-8134
-12395
-11131
-11074
-12576
-10264
-12733
-8482
-7924
-8094
-7834
-8677
-4853
-2251
-1266
1337
-1724
101
-785
551
1239
682
2465
-798
4282
-253
11550
4379
9296
8005
2015
15084
5188
14584
7567
2355
9779
3888
13027
9265
5160
11560
1740
10318
2858
321
3964
-1504
3532
-4545
-5720
-7306
-10011
-4907
-8981
-8514
-11168
-12452
-8968
-13063
-8521
-11697
-8681
-7094
-7786
-6842
-8925
-6009
-2774
-2644
-1208
-2367
-2252
-1391
-932
-89
-1615
-280
-850
1083
3340
8536
5262
8595
3404
8054
13089
9259
15286
5083
6739
8140
8329
15190
8177
9358
9103
4790
10273
1398
3048
2584
373
2492
-5543
-5843
-8023
-7445
-4799
-9033
-9523
-12380
-10755
-8258
-10013
-7818
-11314
-7426
-5479
-6220
-5071
-6889
-4411
-1052
-2342
-1257
-3383
-2513
-1535
-1235
-1356
-3378
-3362
-2804
-1616
2238
6045
315
6995
-2683
7599
10350
6642
14691
953
7433
7108
8799
16326
7096
11648
8166
5533
11589
136
6436
2585
1826
2323
-6926
-4909
-7975
-6507
-3855
-9652
-8640
-11838
-9803
-6999
-10745
-6324
-9925
-4912
-3895
-5316
-3231
-4065
147
2170
-429
543
-1183
-329
956
-560
-668
-4473
-3583
-3711
-3397
4687
355
3751
1686
-3864
10411
2717
10611
6571
-508
7377
1632
13420
10019
6237
12744
2635
11153
6117
1694
7012
234
5316
-1675
-6022
-4574
-8050
-3956
-5575
-10231
-9623
-12818
-8141
-7897
-8592
-6839
-8655
-3800
-5086
-3938
-2442
-1538
3120
3125
1136
1813
821
2550
3495
1276
-39
-3346
-1377
-3141
8
6565
-2881
7770
-4790
1410
10818
-754
12697
-2523
1481
5249
1460
15736
3469
7547
8603
632
13182
530
5549
5113
138
4659
-5862
-4393
-5284
-5500
-2952
-7954
-9902
-10361
-10863
-6032
-7404
-7131
-7696
-6947
-2989
-4163
-2136
-2285
-317
2724
1336
1057
2341
2532
2838
3702
-393
-408
-3106
-707
-2500
5176
3299
-899
4247
-9285
9733
5235
5352
8937
-8083
4616
57
8412
13398
364
11025
785
5049
8769
-1692
7753
1570
3236
802
-8023
-3014
-5991
-2736
-2427
-10108
-8392
-11286
-6194
-4769
-7225
-5209
-8269
-3127
-2691
-3236
96
-1170
3121
3018
-685
2184
2762
3885
5499
926
-1742
-3546
-2573
-271
216
6735
-2015
3110
-2751
-3033
11748
730
11522
-477
-3998
3829
-499
14798
4774
5871
6964
-1548
10108
813
3088
3625
-1678
1706
-6625
-6224
-5000
-6661
-2577
-7330
-11219
-10093
-9870
-4650
-4133
-5828
-5216
-4441
-1473
-1077
942
1756
3819
5231
3241
2196
4628
5954
6159
5822
290
-548
-1635
-825
-851
-2244
6693
-2731
2705
-4706
-6114
11128
-593
10320
-2601
-7814
3849
-815
15275
4495
1022
6802
-3538
11359
2738
1323
4185
-2457
1938
-6244
-7303
-4787
-6619
-2388
-8541
-13923
-11371
-10761
-2573
-4333
-7782
-6555
-7899
-201
-494
1096
1985
2344
6347
4031
2928
5795
6560
8434
7221
746
644
-1058
3302
2103
1965
7139
-4134
6229
-5279
1903
11100
-552
12201
-6381
-1655
3109
1984
16821
549
4808
2503
-2641
11227
-235
3793
1169
-3228
-358
-7904
-5328
-6002
-7093
-4451
-11852
-13390
-13299
-9495
-4728
-6297
-8538
-11295
-6881
-4006
-418
389
-741
1681
2339
2510
4262
6107
7457
7420
5376
1684
605
1308
3649
2159
3852
7079
-1066
7005
-4251
5322
11459
2892
11605
-6080
343
4294
6016
16767
2059
4743
3779
-351
12461
2015
3260
2428
-3633
-162
-7758
-5658
-5342
-7095
-4681
-12959
-14541
-12753
-9262
-4874
-8178
-10650
-12346
-7944
-3661
-1304
-1584
-2519
-1158
686
703
2981
3758
5205
4910
2695
-735
-1131
189
2314
1065
2637
6347
-910
7897
-2896
7450
11478
3368
11824
-4953
2784
6625
7909
17475
1647
6863
3985
2871
14649
1549
5579
1311
-2219
329
-6750
-3773
-4760
-6422
-5338
-13310
-13600
-11476
-8691
-5178
-8619
-11428
-11418
-8739
-3208
-1436
-2326
-2016
-2505
-333
-520
2913
4212
4858
3088
932
-2085
-637
844
703
-23
1452
4481
-91
4634
-3505
8578
9202
6443
8518
-5187
3447
6396
12165
15157
1896
6369
2480
6639
13929
2213
6010
115
-516
-293
-6745
-2807
-5416
-5042
-6321
-14474
-13206
-11194
-6417
-4268
-10083
-11869
-11880
-6864
-413
-1314
-1311
-3041
-1496
832
725
4403
4707
5529
3298
160
-1736
-828
1765
2933
-1301
2521
1408
1388
5979
-3434
9914
5305
6754
7407
-5103
5805
3762
12936
13334
803
7416
-335
9497
12241
2276
5535
-3185
359
-1164
-5087
-2243
-7227
-5348
-7697
-13581
-13081
-11511
-6440
-6484
-7232
-13493
-11168
-6681
-2877
894
-3134
-2773
-2218
-545
2498
3486
3832
4426
804
1988
-1660
518
2534
983
-102
1940
2742
2399
5473
-1513
10386
6817
7140
7524
-3663
7205
5840
13385
13278
604
7658
943
9588
12505
1306
5165
-2841
532
-1548
-5536
-2960
-7019
-5786
-8198
-14841
-12855
-10920
-7124
-5764
-11004
-11409
-11895
-5631
-1144
-3193
-2525
-4939
-1243
544
1326
4124
3048
3868
769
323
-1783
264
2591
1190
-1294
3265
359
3892
4003
-1176
12174
3634
9978
4392
-1957
8600
4983
16703
8829
2544
7268
845
13959
8697
3369
3918
-3478
2181
-3317
-3460
-3061
-7200
-4781
-9395
-13733
-11858
-9323
-5643
-5205
-11115
-11694
-9989
-3509
360
-1982
-2363
-4660
81
1010
2579
3474
2653
2802
1008
-575
-1907
103
1495
956
-1672
2755
-297
4344
1706
79
10038
2248
9549
965
-829
6831
5088
16639
6190
3837
5825
1741
14450
6636
3709
1481
-3496
1456
-3642
-2436
-4281
-7207
-5371
-10720
-13280
-11183
-8227
-4870
-5761
-10695
-11544
-7946
-2489
1917
-622
-1892
-2124
295
2657
4566
4663
4803
3340
1842
493
-1584
2449
1144
944
-1641
3067
1181
4490
2213
-971
10702
2039
9585
190
-1779
6404
4405
16075
4216
2252
4239
413
14002
4816
1882
-246
-4584
492
-5757
-4638
-6750
-9142
-6699
-12537
-15840
-12821
-10428
-5399
-7457
-11608
-12773
-8187
-1040
2020
506
-2284
-1415
2057
4866
6556
6543
6360
5811
3970
2777
353
4103
3843
3263
-158
4396
2546
6635
4922
353
11817
2774
11076
1789
-85
6387
4609
16412
5361
2835
4933
150
13666
5443
1654
-276
-5669
52
-6153
-5259
-7329
-11495
-8679
-14056
-16708
-13584
-12273
-7850
-9026
-14324
-13544
-11419
-2962
223
-1714
-3084
-3824
74
3203
5376
5550
5413
4300
3924
2401
1455
3352
4732
2628
2699
7104
2105
9072
1790
5978
12666
4638
13670
-408
4945
7094
8071
17578
2489
6883
4116
3507
14780
2441
4030
-1508
-3357
-264
-7283
-3326
-7535
-9095
-7692
-15028
-15123
-13529
-10010
-8354
-10884
-14065
-14861
-8392
-4528
-1592
-4066
-5519
-3352
-1506
1595
2676
3024
4069
1818
1815
-1134
123
2627
2861
1178
504
5576
1376
8832
102
6979
9397
5608
12068
-1169
6322
5776
10539
16313
3044
8842
3458
6801
14964
2974
5781
-1518
-299
1167
-4777
-838
-6925
-6371
-6501
-12893
-11898
-11532
-7411
-7165
-8846
-13264
-12337
-7095
-3414
-361
-4711
-4946
-4052
-1664
1647
1656
2037
2134
-245
352
-3168
-939
222
1017
-1313
2280
1589
840
6131
-2715
10964
5148
8088
7643
-2347
8090
3581
14806
12367
2800
10425
787
12179
11707
3549
6917
-2850
2777
-1767
-3114
-1017
-7790
-3795
-8469
-12546
-11122
-10403
-5636
-6481
-8375
-12917
-10454
-4815
-1485
33
-3648
-3480
-1803
-521
2761
2036
3039
2188
800
6
-3465
57
328
1024
-2561
4125
-864
3522
2688
-2721
12038
2682
11081
3203
-1922
6503
3487
17488
8371
3050
8901
-1404
15785
7913
3730
4245
-3977
4028
-4649
-2209
-3456
-8746
-3174
-10384
-13435
-12164
-10605
-4573
-6828
-9602
-13813
-10372
-3708
-611
-105
-4726
-3438
-694
825
3826
2395
2978
2514
1632
54
-2202
-801
2240
-762
2726
4177
-1220
7171
-2527
7090
9895
5123
11574
-2175
4343
4552
9357
17051
2633
8992
2843
3567
14773
2595
7382
-267
-353
777
-7341
-324
-6853
-6227
-4543
-13968
-12244
-13637
-7397
-5301
-7725
-10029
-14740
-6057
-3724
391
-1510
-6157
-2117
-2287
1048
3192
1027
3130
234
1480
-3487
-2916
-1045
320
-1140
3053
1303
-238
5187
-3697
11951
5822
9122
7834
-1881
6975
3823
15372
13157
3389
11345
113
10372
11761
3795
7482
-2257
3566
-3398
-3357
-613
-8101
-2167
-7554
-12707
-11177
-11751
-4415
-5582
-6249
-11906
-10994
-4763
-2717
2226
-3307
-3515
-1193
-2295
1858
1227
1645
2047
188
-371
-5385
-3513
-1905
-2010
-597
4168
-3483
2851
-3832
1299
10714
4155
12308
-2004
2534
2396
8043
17994
4686
9279
4586
2411
13537
4402
8167
1516
1989
1576
-6558
109
-5822
-3980
-1778
-9785
-11257
-12136
-7881
-3848
-3148
-6423
-9807
-6231
-3075
1776
1616
-1148
133
133
279
2963
1897
3470
1913
1319
-2172
-5072
-2653
-1803
-3303
2049
2201
-3136
2910
-8498
7045
5308
7783
7020
-4421
2817
-1180
14557
11594
3562
9617
-2401
8171
8015
3203
6048
-3461
5233
-6685
-4204
-3610
-9585
-1576
-5814
-10369
-12900
-11835
-7804
-3822
-3748
-7686
-7770
-4998
-23
2398
1796
883
3033
2202
3299
3717
3616
4586
4234
2392
-1989
-3007
-1789
-658
-952
7749
-1079
3150
-1845
-1981
10724
4002
12700
-455
951
521
4136
17419
3904
9336
3710
-811
11052
-907
7598
-2345
643
231
-11066
-2482
-11431
-7161
-4207
-10191
-11795
-16149
-11040
-8654
-4753
-5416
-10149
-5740
-4976
694
1705
403
1769
2699
2733
3910
2923
4196
3237
4960
1514
-1877
-2387
-1408
-1096
3709
6226
-374
4499
-4297
7168
8421
9557
9410
-911
4667
875
12894
12945
5015
11399
517
7941
5726
2005
6543
-3891
6164
-7543
-6352
-5309
-11806
-2891
-8251
-9834
-14159
-13728
-9505
-8160
-5057
-9316
-7174
-6312
-2799
-528
-435
-171
2133
1677
2436
1153
1498
2832
2911
2873
-2239
-3873
-4294
-1452
-3291
6869
362
2432
638
-3958
10610
4952
13056
4133
2140
3665
3388
17212
8079
10309
9076
1132
12285
899
7883
1677
1072
5160
-9965
-700
-9724
-7548
-2961
-9379
-8131
-14524
-9763
-9538
-5957
-4773
-8287
-3521
-5087
53
-162
47
1668
2696
2139
2611
1220
2318
1465
2513
-536
-3643
-5008
-4617
-4193
-3299
5871
-3630
3894
-5336
-605
8254
5130
11358
-549
3029
240
8314
15077
5465
11337
3813
5568
9172
463
7983
-2415
6173
-862
-7755
-2127
-12438
-3725
-5439
-7898
-9743
-13106
-8355
-8224
-4088
-6719
-4800
-2212
-748
2025
1237
910
4815
4872
4047
4090
1542
3746
2729
2858
-893
-3780
-4641
-2010
-7069
2514
117
-1132
3710
-7538
6413
2457
8609
5964
-321
2686
-1404
12672
8607
6461
9064
-863
9120
1594
4304
2450
-3041
5979
-9486
-2992
-8329
-11497
-4271
-9841
-7099
-13130
-10525
-9450
-7310
-3562
-7462
-1460
-2498
1168
2836
1739
3670
5996
5133
5579
4532
4412
4776
3758
2272
-976
-2807
-2314
-1519
-6675
6548
-3063
4196
449
-4922
9207
2498
13010
2649
2392
1482
1888
16008
5945
10278
5864
1314
10270
-1744
7450
-4009
1371
1989
-10600
-1684
-14638
-8887
-7767
-9975
-9299
-15196
-10620
-12315
-5634
-7637
-6455
-3612
-3127
1566
591
1003
3317
4626
4290
5338
2952
5109
3719
3384
810
-2026
-3782
-473
-5419
190
4976
-2521
7041
-5250
4312
6635
7619
10885
707
5038
445
10619
12966
7089
11531
2181
9410
4807
2935
5651
-3984
8240
-6106
-3970
-6560
-12636
-5608
-9658
-7306
-12654
-12751
-9914
-10777
-4017
-9049
-5400
-3002
-1782
2446
-785
1521
2280
3493
3382
2748
2257
2378
1564
1204
-2903
-4060
-5387
-3751
-6934
692
914
-1729
3338
-6383
5938
5404
10384
7474
2128
4094
2080
14185
11301
9653
10901
4758
10940
3698
6628
1460
1357
6797
-6301
-781
-9165
-9206
-5835
-8069
-7180
-12867
-8938
-11397
-7026
-5344
-7701
-1414
-3907
1250
1271
512
3198
3364
3072
2863
2328
2417
2844
711
-1105
-4200
-5468
-4539
-4990
-9106
1802
-2694
369
1861
-8370
6612
4237
10231
6244
1615
1521
3653
14516
10680
10314
8416
5189
10821
4036
7251
-1594
2700
4785
-5825
-363
-10463
-9122
-6200
-6806
-8610
-12425
-10624
-9846
-5132
-4133
-6993
-3888
-1559
2428
4128
1282
2764
3126
3623
4110
3321
2911
2592
2627
-852
-4747
-6102
-5787
-4553
-6034
-135
-2257
-2088
470
-5555
5144
6496
6421
6999
1637
1480
4842
11786
10678
9747
9758
5946
7794
6715
3638
1093
3563
2380
-2425
-2837
-6680
-11543
-5700
-7426
-10553
-9219
-11662
-8986
-7602
-5923
-7277
-5823
-49
-443
4769
777
1648
3042
960
3527
4024
3429
4012
2145
-2743
-3858
-5968
-4603
-2803
-6231
-2173
-525
-1327
1107
-3857
828
7344
6727
6526
4852
-1374
4706
9564
11327
10088
9491
6968
8735
10621
4538
2705
2589
3576
2832
-1029
-2334
-9318
-6112
-4903
-9201
-8123
-10316
-7606
-7359
-4336
-9824
-8270
-4166
-2518
2927
-313
-1476
-2006
-990
-1262
1855
1064
1752
2572
-1809
-2752
-4414
-6025
-1541
-2806
-1210
969
921
133
-836
-615
2219
5398
2304
3984
-41
1383
4022
5996
5626
7708
6261
8673
11014
6358
5752
3616
5320
6056
5501
3791
159
296
-1861
-2602
-5347
-5493
-3353
-3760
-481
-6858
-6834
-6688
-4650
-1758
-961
-1780
-4703
-2526
-5303
-3062
-2528
-1944
-643
-1189
-760
-4035
-6276
-5190
-5057
-2318
-2813
-2071
-1643
-47
-880
-2030
-2322
176
1778
955
2650
1204
-238
1674
4625
4884
7993
8401
8224
9294
7648
6577
5390
7705
6719
7448
6872
2475
1802
-1172
948
-797
1060
-224
-3414
-420
-2977
-1826
-2843
-2315
-3340
-3323
-3270
-6057
-3011
-4732
-3672
-3612
-5042
-3452
-4769
-3665
-4198
-5875
-4981
-4600
-3883
-4826
-4569
-4882
-3959
-2022
-1284
-315
-2120
-1812
762
-248
1256
-1469
109
3380
4562
6254
5207
5860
6748
8701
10457
7243
9003
6238
7352
7161
3224
5997
3149
6701
3032
1939
797
-848
1473
255
1598
-1570
-2472
-3038
-4361
-4349
-5944
-5732
-5210
-4443
-4313
-7518
-7078
-7429
-6382
-4648
-3822
-4088
-4685
-4519
-4636
-3467
-4787
-5207
-2862
-1236
-571
-1203
-510
557
-1406
674
2066
3003
3428
2439
2945
2391
4583
5604
6049
10133
7358
9335
6840
7957
7864
6617
9032
5307
6564
4874
5129
3543
1974
950
-1459
-1935
-2961
-4424
-4614
-6098
-6556
-7112
-7064
-6554
-7428
-6408
-6509
-5069
-4989
-4214
-5687
-5429
-4792
-3455
-1487
-2736
-3237
-674
127
-798
-2999
-1393
-557
-3042
-151
879
698
1315
3198
4025
1915
3865
4689
5684
6241
2750
4069
2950
6953
7716
10007
8886
5948
8209
7473
8402
5295
4587
4667
2409
904
-863
-3456
-3999
-5559
-5610
-7576
-8549
-9203
-8957
-7868
-8159
-6581
-5333
-3371
-4348
-3271
-3403
-1200
-654
-1089
-2364
-2353
-1087
-1577
-1239
-130
-1020
-1464
818
-1995
-3269
-3843
-1410
334
-249
1186
2123
5616
4137
2315
1929
5239
8249
6825
7411
5070
4488
6152
6706
10602
10007
8132
7139
6066
4448
604
-1041
469
-326
-864
-4020
-6611
-8414
-10331
-10363
-10486
-8015
-7838
-7476
-7109
-6336
-5032
-3666
-1407
-41
1204
1846
2400
906
-309
-622
-1509
560
1798
262
-572
-1334
-1819
-2741
-2772
-4251
-4626
-2414
-1706
1548
1582
2754
2390
3726
5987
7668
8860
7762
6662
5903
7535
8879
10456
7836
6792
6013
6378
5510
2867
282
-1224
-1079
-3026
-5212
-6428
-7402
-7923
-9150
-11229
-11788
-10818
-9108
-6448
-4873
-4036
-2330
-1075
689
622
1116
3341
4249
6337
4928
1121
-218
-78
638
-323
-247
-2828
-2046
-3677
-5009
-6744
-8247
-6775
-3654
3476
7613
4141
6
-1420
4733
10375
9739
7257
6123
7943
8955
8915
5983
6651
8034
9983
9166
6038
69
-4028
-3660
-2147
-4167
-6087
-7780
-8159
-10344
-12987
-15408
-13980
-9633
-5372
-4019
-4008
-3972
-2344
153
1017
3707
4700
7589
8481
7742
3726
1626
1741
2184
2909
746
-1528
-4053
-5821
-8415
-11204
-10166
-9270
-3486
1829
5731
2675
61
447
7795
9972
8054
4828
5498
9023
11373
10508
7862
8361
8850
9996
6460
4559
-1090
-1819
-1977
-3729
-7102
-9698
-10075
-8502
-10455
-13211
-15069
-12573
-8848
-6932
-5453
-4393
-335
3325
4255
4604
5013
6834
9384
10320
7711
3822
3636
3701
3906
-174
-4024
-6255
-6178
-5856
-10482
-12715
-14993
-11119
-3983
2220
2412
-696
-58
5169
11632
10003
6481
4982
9909
15102
15892
11733
9692
8005
10576
8592
5388
-626
-4246
-4151
-6043
-8579
-12217
-12747
-12164
-11727
-14618
-16574
-14508
-9569
-6589
-3510
-2216
1300
5469
9560
10036
10660
10993
12176
12652
10278
6021
2319
1152
1720
-933
-4267
-7764
-9393
-9304
-12510
-15604
-15715
-15974
-9987
-4478
2561
1740
574
3038
9917
16974
14703
13637
9793
15140
14912
15420
10430
10400
8392
8300
3563
-1117
-7848
-9791
-9973
-11245
-13074
-14727
-14603
-15116
-14361
-16632
-13990
-9838
-4092
-2390
2592
5891
11314
13153
14868
14245
15335
14278
14634
10762
5619
228
-3348
-2909
-3985
-6195
-9998
-10678
-10662
-10775
-14600
-16463
-17502
-14629
-13102
-4109
-18
6721
4505
7441
10920
18171
18794
15717
12692
12556
14688
14236
10653
5991
3990
1696
2402
-3381
-5693
-13191
-12265
-14888
-14193
-15086
-13385
-11815
-11071
-11024
-10378
-6277
-1009
2678
6501
10489
13626
17134
16105
16597
14452
12792
11087
8989
4805
-1166
-6635
-8469
-9786
-9451
-12762
-12702
-12222
-11514
-12782
-15469
-15750
-16914
-13623
-10983
-1334
4796
11450
10196
10381
14055
19003
22426
17859
14628
10388
11281
9874
8386
1976
288
-2660
-1723
-6792
-9754
-15429
-16028
-13594
-14037
-12107
-12257
-8383
-7426
-4827
-4003
-684
2796
8405
10918
14052
14683
16041
16004
15644
12795
9759
6855
4017
701
-4811
-10931
-13154
-14653
-13825
-14464
-13604
-13321
-12130
-11200
-11494
-11404
-12306
-11489
-10470
-5794
1546
9457
14055
14900
13154
16676
19593
22945
16966
12370
7368
7682
5704
3499
-1229
-3900
-4457
-5017
-7233
-12040
-13990
-15260
-11912
-11145
-8118
-6974
-3626
-2025
-778
282
3835
6770
10335
11872
13103
13890
13173
11315
9346
6737
3444
556
-2087
-5148
-9450
-12724
-15279
-14372
-14340
-12818
-12101
-9294
-8033
-9097
-9763
-9879
-8928
-8117
-6979
-3703
2782
11780
16822
18477
16561
18876
21243
22337
16918
10562
5786
6345
5462
2886
-2043
-4327
-4932
-5799
-6882
-11530
-12529
-14216
-10364
-9663
-6046
-4775
-2351
-577
402
956
3270
6163
8867
11102
10464
10197
8049
7441
4951
2681
66
-2899
-4316
-6312
-8738
-11455
-12308
-12044
-11929
-10486
-10204
-8251
-7192
-7354
-8151
-9140
-8449
-7896
-5410
-2834
3780
10694
15002
17217
15758
19431
21005
21615
14972
10313
6896
6730
6239
4409
1193
-1729
-3381
-4933
-6223
-9597
-11124
-12918
-9291
-9083
-7100
-5955
-3893
-2613
-2144
-1824
207
3212
5642
5858
6729
6537
5488
5005
4045
2754
591
-1198
-2333
-3669
-5797
-8544
-9201
-8874
-9112
-10061
-9764
-7594
-6187
-6461
-8161
-9363
-9358
-9442
-6960
-4122
3049
9763
15017
16441
16357
19648
20511
22190
16160
12467
7913
8199
6664
5083
1597
-929
-2384
-4118
-6281
-10333
-11831
-14094
-11266
-11099
-9181
-8576
-6648
-5322
-4783
-3166
-1920
275
3466
5096
6252
7131
6249
5825
5519
4826
3559
1653
-166
-1579
-3798
-5816
-7500
-8244
-8628
-8769
-8784
-8529
-8376
-8956
-9168
-9015
-8549
-8484
-7565
-4612
2481
9465
15393
17433
17050
20868
22401
23031
17580
13405
9034
7424
5408
3256
634
-1189
-2973
-4644
-6961
-11617
-14371
-16953
-13874
-14145
-11751
-10381
-7433
-4383
-4222
-3283
-1596
993
3697
6013
7061
9081
8065
7965
7088
6827
4906
2338
1118
-194
-1984
-5758
-8449
-9592
-9176
-8814
-8255
-8138
-7737
-9676
-9140
-8971
-7529
-6654
-4726
-1356
3171
10027
13034
17572
16921
20470
22492
22571
19130
12306
8176
4711
2970
369
-2219
-4769
-5334
-7468
-7869
-12785
-15234
-17565
-16033
-14125
-12747
-9444
-6793
-3870
-1934
-1473
1171
3543
5597
7361
7652
9293
8831
8828
8739
7585
5957
1696
-90
-2015
-3753
-5872
-8414
-8390
-8091
-8182
-7617
-7506
-6087
-6312
-7290
-6461
-6586
-4990
-3426
-385
2667
8986
12767
17389
17167
18921
22440
21481
19945
11616
7331
2626
243
-2483
-4926
-7555
-7133
-9696
-8269
-11498
-14481
-16945
-17481
-13937
-13668
-10043
-7421
-3267
-59
1633
2975
5551
6903
9018
8716
9479
8613
7042
7026
7921
7509
4086
83
-2191
-3210
-5070
-6654
-7791
-6930
-5819
-5901
-5056
-5417
-5613
-6365
-5472
-4410
-4322
-4299
-2834
473
4621
10185
11614
16703
14423
19930
20253
19115
14270
6298
3135
-818
-2953
-5380
-7962
-9186
-8036
-9939
-8378
-12967
-14190
-16092
-14760
-13762
-12726
-9528
-3797
345
3390
4094
5905
8354
9135
10016
9225
8140
7982
6708
8089
7835
5897
2997
817
43
-2118
-4695
-6758
-5608
-5522
-5090
-6277
-6499
-5954
-5401
-5237
-4310
-4832
-4514
-4459
-3088
-1441
1194
7143
9757
15700
13470
18518
20167
17644
13601
5019
1652
-1652
-5339
-6291
-8618
-9475
-7817
-9671
-7419
-11262
-13190
-15421
-14127
-13879
-11703
-9590
-3602
1684
5463
8295
9485
11825
11457
11541
10950
9063
8189
6066
6849
7632
5253
3283
744
-323
-2475
-5573
-7759
-7954
-7312
-6619
-6886
-6030
-6281
-5505
-5369
-3905
-4306
-5320
-5441
-5309
-2961
-1040
6494
8465
15345
13782
16111
20632
16048
13837
4817
548
-1303
-5173
-6831
-7080
-9625
-7221
-8970
-7950
-10071
-12833
-15089
-12371
-11756
-9921
-7507
-3972
3671
7717
11112
13571
14500
15918
13529
11088
8900
5457
5001
4029
4982
3852
1818
214
-1409
-3716
-5972
-10113
-9906
-9426
-8200
-8173
-7852
-6087
-4833
-3393
-2855
-3863
-5241
-6164
-7121
-5035
-3432
4690
7395
13840
14651
14900
20579
17114
14668
7175
993
357
-2725
-6997
-6162
-9746
-7301
-6503
-6328
-7701
-9007
-12163
-10175
-8865
-10646
-8385
-5421
3284
10330
13025
14101
16175
15854
13463
8888
5013
3477
2181
1800
1946
1417
819
-969
-1424
-2330
-5590
-9565
-10990
-9700
-8411
-8383
-8502
-5963
-3645
-3210
-3260
-4869
-6770
-7054
-7983
-6589
-3460
-1962
6527
8647
14709
13092
15103
20690
17279
14973
8352
2977
1270
-2208
-7458
-6093
-7883
-5844
-5394
-3885
-6062
-7371
-11374
-10381
-9067
-9221
-6407
-3067
5405
10529
12814
12665
14630
13172
10790
6727
2714
1372
-1284
-1924
-93
1068
847
429
-1953
-2499
-6894
-11607
-12210
-11046
-8861
-8207
-7761
-4910
-2911
-3577
-3482
-4743
-4493
-4201
-4215
-3931
-1599
-1120
6082
8588
13922
14283
14955
21252
19560
15697
9075
2748
-276
-1319
-6924
-7569
-8321
-7010
-5876
-3583
-6272
-6394
-9638
-9348
-7700
-9123
-7473
-4687
2353
9400
11388
11361
12856
11650
10088
5905
1066
-1551
-1369
-2152
-278
276
-631
-1558
-3005
-3629
-6448
-10020
-10257
-9191
-7906
-6669
-7320
-5887
-2115
-784
-566
-554
-1095
-1015
-1397
-2394
-1053
-1616
3333
9102
10170
14676
13156
18013
20796
16884
11872
6004
-577
-2351
-6934
-10070
-9803
-9373
-7071
-4089
-3940
-7301
-7275
-10585
-7234
-9822
-8598
-5323
-413
5067
9163
10018
10746
12589
10799
8878
5450
899
-1275
-1724
-1958
-1379
-2846
-2623
-2748
-2860
-4753
-6916
-8794
-7737
-6979
-7442
-6333
-5930
-2666
334
1512
3114
2760
2839
2030
1548
-395
-933
-3392
1845
6652
8053
12368
11402
18266
19577
13808
7969
2646
-3699
-4698
-9686
-11304
-11471
-11823
-9287
-4671
-4123
-6326
-5440
-7569
-4030
-7749
-8037
-3876
801
4590
8418
9909
12739
13938
11610
9521
7091
2245
-936
-3039
-4599
-4713
-6418
-4788
-3119
-3487
-3428
-4423
-5118
-5044
-5944
-6289
-4837
-3008
-755
2733
3597
5280
4879
4708
3311
337
-2356
-3297
-4683
-3398
2418
2118
8777
9418
12617
17353
11651
7562
3502
-1266
-5046
-8582
-13426
-10635
-9800
-8536
-5482
-901
-2193
381
-2637
-2100
-2223
-7201
-4718
-2347
2033
4354
7370
10037
15602
14890
10678
6814
3145
-1095
-3708
-7925
-8055
-7090
-7076
-4078
-2957
-1443
-1090
-1553
-2030
-2559
-5159
-6089
-4360
-1876
1495
2877
4725
6053
6286
5006
1179
-1841
-4864
-6908
-8312
-6711
-547
-595
5576
5166
11558
15969
11590
9565
6500
1862
-2682
-7673
-11782
-7870
-7297
-4421
-688
3496
510
2776
-1335
-11
-3218
-8903
-6503
-3480
65
2232
5090
8547
13926
12062
9527
5741
2041
-4047
-6792
-10305
-8725
-8934
-6971
-2824
-473
1163
-230
69
-1169
-1765
-3449
-3265
-1708
-494
-246
1510
3074
4861
4079
3257
538
-2853
-6285
-9147
-9885
-9827
-3373
-1771
5363
8222
12739
20130
17590
14867
10633
6087
2181
-1760
-9445
-8005
-8048
-5562
-3146
1478
833
2069
-49
-2815
-2476
-9598
-9889
-8307
-4693
-1904
666
3442
9430
11843
9070
6529
4214
454
-2435
-6956
-8314
-8039
-7797
-4861
-3173
99
334
2190
3149
2598
-437
-3199
-4261
-2766
-1904
-1404
1697
3271
4824
4515
3201
1012
-833
-4865
-6080
-8180
-6112
-1110
-887
6143
7716
15391
19913
17009
13433
9615
3955
-806
-6585
-11176
-9745
-9518
-7275
-3746
1122
-1049
2225
-1800
-1558
-5120
-10945
-11241
-8947
-6849
-4975
8
4376
12224
13028
10746
8373
5277
-994
-4461
-10932
-12032
-11471
-9275
-3544
486
3972
5202
6951
6703
5838
2227
660
-426
47
-601
567
2826
4749
6049
5065
4025
158
-2084
-7281
-9418
-13143
-11008
-6559
-4237
3241
4035
13515
17951
17192
14059
11179
4673
763
-5486
-10122
-8691
-9308
-7078
-4234
604
-807
2357
-2089
-1925
-5810
-10978
-11308
-8544
-6729
-4928
-1217
2232
9498
10577
8796
7232
5753
940
-1456
-6071
-6424
-5630
-4188
238
3814
7685
9350
11002
11036
9938
5776
2267
-410
-2227
-4311
-5242
-4074
-3019
-1571
-1927
-2807
-4047
-5276
-8317
-10933
-13027
-12643
-6130
-4079
2526
5770
11955
20555
20060
18449
15452
11655
5371
-647
-9950
-11571
-12790
-12828
-11005
-5993
-5040
-1444
-150
-153
62
-5801
-8196
-7768
-6209
-7196
-4231
-1672
6498
11276
12539
12486
13342
10813
6919
2788
-2117
-2326
-3533
-2338
-546
2682
4552
6454
7932
6554
3715
-488
-4340
-7523
-10601
-12946
-12595
-9998
-6990
-3942
-1524
-319
1061
697
-1679
-3011
-6689
-6283
-2014
-1791
2959
5023
12498
19428
17230
14706
12047
7487
2114
-5589
-13557
-14122
-13879
-13352
-9134
-2362
-433
5730
6415
7455
5796
-1308
-4700
-4846
-5277
-7127
-5150
-1644
7096
11730
12634
13329
14193
10610
6109
851
-4194
-5850
-8428
-7450
-5327
-1739
605
3566
5100
4110
1004
-2236
-4446
-7869
-10889
-13211
-11784
-8245
-5284
-1423
1738
3831
5204
3929
1086
-2986
-7607
-10413
-5952
-5473
-2038
1251
7294
17026
18232
17081
16572
14596
8257
2695
-6663
-8417
-9337
-10898
-9121
-1164
1721
4647
6768
4942
4788
-1478
-6721
-7675
-6931
-9369
-7796
-5161
1190
7340
8730
10152
13644
12645
8667
4360
-1773
-3915
-7131
-8046
-7126
-5265
-3960
-2359
21
457
25
-2496
-3874
-5542
-7460
-9301
-9352
-6508
-3904
-2397
399
1772
3115
3314
1508
-1217
-3514
-6265
-4302
-805
-385
4021
6109
14483
19200
17725
16143
15727
11347
6684
-16
-5837
-5448
-8441
-10149
-8181
-4259
-4430
-854
-915
726
643
-3577
-5308
-4659
-5246
-6743
-4594
-1074
4283
6560
6075
7560
9919
7507
4816
877
-2106
-3865
-6372
-8799
-9159
-7781
-5791
-2847
-493
1337
1306
2031
985
-1523
-3402
-5758
-5363
-4715
-4586
-3184
-1776
96
2125
3324
2175
2103
174
-1946
-689
1066
248
3729
5821
11249
17816
16078
15497
14865
11965
6748
1388
-5852
-7170
-9427
-12144
-11532
-7856
-8251
-5785
-3836
-2217
452
-1413
-3019
-2278
-1500
-4358
-3208
-2562
738
3707
3580
3522
7063
6906
4612
4164
856
-7
-790
-2950
-3603
-4223
-5377
-4967
-3505
-2656
-1844
-1784
-1390
-190
-1029
-1429
-1979
-2443
-1623
-1982
-1672
-1020
35
1523
1987
3147
3775
4540
4047
5350
6012
4249
5034
3718
7772
9285
6797
5894
6697
3541
795
-4087
-8564
-6675
-9395
-11017
-9729
-6050
-6692
-3370
-2099
1238
4304
2457
1944
3323
2129
-1163
-1801
-3449
-616
8
-584
876
3749
3512
2824
2890
1470
680
-1322
-3862
-4333
-5583
-6583
-5588
-3459
-1444
42
1776
2725
3617
2493
1146
689
185
230
428
1398
1714
1384
2251
3013
2265
1484
-449
-555
-1402
-2220
-3247
-4136
-1890
-2088
2815
4733
6311
7594
8602
7525
6509
2685
-1206
-680
-3088
-4729
-5324
-3988
-4751
-1252
-1829
-725
-217
-1827
-3627
-2994
-4848
-7352
-6859
-7159
-3621
-1739
-862
968
4950
5399
6324
5801
4727
4455
3126
197
-617
-1866
-3228
-2444
-1103
39
766
1982
1915
3274
2549
954
267
536
-346
-967
-1245
-1741
-1492
-1600
-2089
-1963
-1705
-2841
-2963
-3078
-2482
-6
-69
1933
3340
5472
9515
9638
9798
10404
9275
5913
3776
-720
-2501
-4445
-8200
-9782
-8540
-9538
-9332
-8105
-7181
-3995
-3157
-3443
-2465
-141
-1221
-407
-49
935
2900
3124
2796
4091
4993
4521
5163
5596
5419
5497
4503
2221
1700
98
-2097
-2466
-2175
-1698
596
1316
1548
1727
1504
1106
460
-1341
-3452
-4071
-5307
-5762
-6299
-6659
-5159
-3419
-1681
833
2404
2872
2512
4201
3681
3219
2797
2113
5385
5807
3905
3887
3546
2490
1024
-2150
-3889
-4923
-7976
-10961
-10170
-9174
-7688
-4683
-2181
2039
4773
3211
3369
4649
2807
1437
-394
-395
1181
2290
1010
3577
6669
6732
7827
7658
7152
6005
3378
-894
-1515
-3185
-4303
-4269
-3255
-2153
-1377
-981
-948
-724
-3481
-4372
-5276
-5193
-5322
-5633
-5147
-2766
-1745
-903
899
1755
2136
1184
582
-89
-2155
-2392
-1692
-880
904
513
2573
5151
4616
3217
3518
3209
3209
903
-729
-389
-762
-2581
-2293
334
1022
2239
1516
2298
3933
1995
32
673
984
-689
-1284
-602
-95
128
-434
-20
3625
4430
3495
3073
3559
3200
1566
-63
-1370
-1828
-3675
-4235
-3977
-4377
-5189
-4614
-3812
-2291
-2133
-2670
-2235
-1630
-2718
-3636
-3152
-2887
-2502
-2497
-1205
-815
-485
-1322
-1284
-575
-1262
-905
318
2001
2756
3523
6099
8594
9446
9145
9007
9621
8096
5268
2719
2023
667
-1863
-2776
-2598
-2320
-3131
-3206
-2876
-1654
-1196
-2857
-1507
-188
-1643
-2205
-2643
-2139
-1783
-2474
-3211
-1224
382
299
1039
1143
1542
1451
252
858
1322
-63
-1613
-2176
-1743
-1899
-2723
-2718
-1559
-747
-964
-2440
-2508
-3312
-4501
-4987
-5463
-4815
-4381
-3589
-2348
-556
466
2511
3755
5120
5471
6659
6983
7562
8760
9549
11606
11650
10904
9899
8391
5453
1616
-2043
-4010
-5393
-7486
-8833
-8526
-7722
-6611
-5969
-5339
-3435
-2649
-2857
-2688
-2281
-2973
-3548
-3756
-3524
-1634
-1210
-253
2180
4565
6052
6574
6576
7114
6483
4631
2711
729
-982
-2810
-4958
-5917
-6291
-6767
-6308
-5777
-5389
-4419
-4146
-3348
-2274
-1372
-97
1539
2477
3537
4901
5397
5650
6190
6179
6717
6585
5021
5018
3480
2489
1300
1044
2086
2203
844
359
366
-1135
-2838
-5307
-5638
-4949
-5240
-5869
-4034
-2710
-1701
-770
-45
1177
1114
-926
-1379
-951
-1562
-2809
-3365
-2186
-1100
-702
-688
132
1606
2019
2334
3197
2840
2998
2094
1500
1185
599
-617
20
60
-590
-524
-726
-712
403
225
264
703
261
511
809
1284
932
670
-111
369
-715
-1399
-2036
-2467
-2027
-2490
-3045
-1697
-971
-1311
8
1505
4279
6341
5925
6253
7258
6136
4705
2614
790
194
-1589
-3592
-3625
-4269
-5378
-5633
-5492
-5213
-4755
-5909
-6134
-4697
-4214
-4077
-2558
-388
1238
2762
3381
4493
6604
7632
7191
7659
7391
6541
6194
4503
2905
1244
-164
-936
-1364
-2534
-3585
-4301
-4935
-5455
-5617
-5663
-5306
-4774
-4277
-3476
-2404
-1977
-961
51
484
365
573
729
303
688
-105
454
2152
3333
3446
4345
4429
5519
6027
4431
3966
3714
3431
2405
325
-2308
-3201
-4487
-6200
-6335
-6243
-5809
-4328
-4224
-3273
-1832
-709
-54
1954
3262
3168
3758
3275
3524
3025
1879
992
2905
3340
3471
3107
2921
3142
2542
1282
-612
-722
-2887
-3959
-5299
-5967
-5983
-5643
-4772
-3273
-1593
-1446
-926
-648
-408
-1217
-881
-600
250
502
291
731
1499
2172
1657
1545
987
751
31
-411
-748
-854
-38
883
2460
3900
4135
4606
5624
4787
4483
3713
2407
2473
888
-1056
-1257
-1343
-2572
-2135
-2589
-2220
-1587
-2768
-3357
-2650
-2840
-3056
-2802
-2456
-1212
-185
-745
-383
726
531
605
809
1488
2118
2658
2038
2744
3308
2993
2157
1189
821
-145
-1756
-3496
-4063
-4480
-4902
-4937
-4399
-3434
-2750
-2441
-1989
-1252
-1709
-1698
-1682
-1437
-812
-1055
-141
1016
2281
3615
5474
6390
7870
8198
9323
9898
9320
8478
8195
6687
4508
2191
-1020
-2097
-4757
-7964
-9669
-10136
-11408
-11200
-10814
-9653
-7419
-5808
-4290
-1506
863
1404
2614
2703
3947
4372
4159
4066
4403
4615
5110
6027
6253
6543
5608
4622
2972
898
-1655
-4029
-6193
-7314
-7948
-8560
-7851
-7395
-6500
-5541
-4468
-3159
-1163
465
1534
2970
3645
4939
5860
6109
6114
6729
5660
5054
3636
1963
897
815
281
-312
-268
-1589
-265
69
263
263
569
-76
-970
-1844
-3555
-3748
-4526
-5111
-4740
-3322
-2686
-818
198
764
1258
1542
1616
2131
2604
1053
1251
851
815
1011
294
532
2027
1707
1716
1069
447
587
198
-581
-1153
-1083
-2093
-1980
-2489
-2210
-1934
-1605
-689
520
1274
1270
1319
854
955
541
438
715
866
502
110
-1005
-2125
-3340
-4367
-4713
-4505
-4258
-3842
-2003
282
1867
4227
6144
8098
9319
8674
7887
6698
4947
1501
-454
-2168
-3448
-5497
-7127
-7347
-6576
-6525
-6346
-5139
-3434
-1650
-983
-46
1523
3805
4026
5615
6887
7690
7967
6392
5394
4112
2127
-21
-868
-1027
-1045
-1957
-2647
-2819
-3063
-3914
-4853
-5360
-5401
-5900
-6483
-5844
-5166
-3813
-2569
-1116
412
1739
1805
1952
1699
1552
1498
835
516
966
1373
2217
2803
3120
3764
5020
5014
4522
3805
2946
2781
1601
1164
468
232
-1327
-2262
-3225
-3530
-3839
-4879
-5382
-4617
-4032
-3389
-1422
563
3476
4724
5856
6556
7757
7680
6204
5230
3540
2705
507
-1485
-2172
-3021
-3914
-4428
-4800
-4526
-4876
-6244
-7007
-6759
-6953
-6934
-6727
-5674
-3449
-2151
-557
1238
2611
3689
4041
5029
5424
5192
4432
3770
3467
2887
1535
81
-797
-1135
-1299
-1225
-1112
-254
338
839
1869
2147
3464
3664
4223
4148
4203
2812
1983
744
-300
-497
-1776
-2208
-2290
-1922
-1615
-229
-236
799
1209
911
195
-197
-725
-1043
-585
-1927
-1851
-2438
-3196
-3448
-3684
-4351
-3929
-3528
-3076
-1762
-1194
-676
252
937
1152
1475
1479
1760
1902
1904
1785
1929
1391
766
168
-244
-631
-1064
-1884
-2183
-2243
-2324
-1761
-1161
-894
-624
88
1385
2696
3950
4954
6164
7445
7028
6933
6270
5323
4324
3354
2320
973
-853
-2914
-3393
-4321
-5962
-7155
-6789
-6226
-5316
-5483
-5121
-3462
-2526
-1736
-836
71
343
1139
655
1210
1755
950
940
1568
1680
1887
1875
2070
3201
3279
2601
1555
720
-633
-2069
-3522
-4215
-3877
-4311
-4415
-3617
-2466
-1296
-520
-95
534
1152
1773
1676
1968
2478
1814
2019
1757
1660
1782
1704
2123
3094
3438
3422
3283
2545
3091
2558
1932
1402
804
-346
-1407
-2953
-4399
-4922
-5712
-6049
-5453
-4660
-3566
-2150
-1150
225
1102
2235
2554
2505
1948
1228
662
463
486
1006
1564
1220
1156
1067
1303
1474
1353
533
612
127
-693
-1491
-2305
-2427
-2027
-1882
-1298
-364
-113
450
484
800
951
641
314
-46
76
-253
-547
-688
-1134
-980
-1176
-1779
-1873
-1645
-1429
-1335
-341
621
1725
2985
2920
3694
4449
4590
3893
2877
1527
450
-1229
-2576
-2872
-2991
-2549
-2002
-967
24
1292
1366
1364
1331
741
-438
-1310
-1911
-1790
-1510
-1300
-286
781
1761
2303
2298
2286
2432
1909
1476
700
635
300
65
-347
-853
-955
-1279
-1122
-1518
-1471
-1954
-2569
-3073
-3860
-4052
-4115
-3904
-3400
-2639
-1972
-1202
-767
-856
-726
-1071
-1462
-1457
-780
129
1431
2691
4228
5909
6649
6939
6574
6213
5390
3924
2078
549
-669
-1892
-2183
-2366
-2056
-1477
-978
-750
-798
-1023
-1326
-1065
-1356
-1578
-1593
-937
310
1192
2039
2864
3639
4373
3908
2992
1878
511
-635
-1419
-1280
-1474
-1490
-1700
-1996
-2562
-3948
-4595
-4994
-5431
-5634
-6119
-5840
-4061
-2916
-1585
99
1543
2642
3020
2483
1824
773
170
-434
-584
-450
23
789
1993
3562
4392
5305
5466
5830
4970
4296
3436
2583
1840
1684
987
541
194
-600
-659
-1172
-1129
-1304
-1192
-1195
-786
-772
-271
2
17
112
632
810
716
977
630
297
-269
-956
-1683
-2038
-2288
-2243
-2419
-2594
-2656
-2334
-2306
-2528
-2668
-3028
-2754
-2791
-2758
-2482
-1616
-1116
-532
268
925
1287
1481
1456
1574
1313
555
440
-10
62
-300
-210
458
1325
2159
2126
3175
3442
3915
4057
4022
3406
2894
1872
1032
1048
330
178
127
302
237
566
-10
215
68
-910
-1687
-2072
-2509
-2520
-2286
-2581
-1889
-1669
-1494
-1002
-890
-936
-489
-195
-406
-375
-975
-1052
-556
-384
-524
-426
-497
-407
-214
-239
-126
-189
144
151
558
698
448
524
533
152
130
-261
-667
-481
-802
-1293
-1341
-1174
-843
-171
220
604
1032
1222
1183
1184
588
420
230
443
894
1156
1966
2325
3048
3111
3044
2582
2057
1550
1306
696
112
-337
-869
-739
-1150
-1350
-1467
-1226
-1574
-1410
-1546
-1453
-743
-702
-328
255
286
578
921
1033
1144
815
416
-8
-471
-1123
-1271
-1306
-1388
-1624
-1532
-1702
-1913
-1877
-2111
-1834
-1758
-2277
-2030
-1492
-1228
-1110
-1019
-638
135
478
270
967
841
172
210
315
920
865
675
1781
3004
3360
3233
3343
3727
3967
3298
2840
2855
2797
1689
846
389
-60
-653
-1351
-1212
-1268
-1590
-2229
-1850
-1031
-977
-945
-699
217
604
177
70
311
331
-116
-272
-569
-806
-1336
-2130
-2314
-2259
-2195
-1914
-1733
-1784
-1554
-1560
-1503
-1435
-1492
-1507
-1632
-1102
-248
320
895
1238
1515
1615
1654
1020
162
-314
-827
-1275
-1336
-1533
-1172
-118
932
2068
2816
3155
3558
3591
3665
3347
2634
2336
1989
1828
1386
1137
1100
756
687
375
-31
-326
-796
-1544
-1668
-1872
-1723
-1057
-362
-134
-46
-126
-441
-427
-1094
-1276
-1518
-1749
-1928
-1836
-1488
-820
-409
-217
47
-180
-237
-278
-611
-561
-646
-1102
-846
-572
-485
88
-28
213
244
-596
-1119
-1552
-1827
-1488
-1126
-921
-109
273
808
1318
1554
1709
1326
1065
1044
1377
1613
2154
2293
2922
3336
3044
3062
2888
2242
1831
1013
384
207
-732
-1033
-1311
-1256
-1530
-1597
-1686
-1920
-1908
-2105
-1685
-1068
-591
-359
321
539
1038
1371
1125
1241
802
151
-254
-706
-1826
-1992
-1968
-1651
-1234
-1168
-1564
-1358
-1221
-1763
-1382
-1404
-1351
-1119
-924
-648
27
32
152
679
537
122
-276
-596
-448
-255
-356
102
677
1078
976
1475
1600
1929
2066
1830
2055
2048
1820
1551
1358
925
703
606
308
364
-21
-732
-946
-926
-1022
-795
-6
717
1552
2077
2039
2468
2765
2516
2582
1970
1029
59
-877
-1758
-1963
-2572
-3097
-2385
-2547
-2137
-2102
-2200
-1884
-1825
-1773
-1798
-1302
-1184
-1077
-822
-778
-989
-930
-788
-42
318
40
-58
383
376
101
-158
-269
101
85
-313
-315
-15
-99
-60
-55
10
35
97
494
1184
1720
2294
2764
2992
3346
3576
3433
3079
2488
1642
1060
606
604
593
758
578
633
859
918
1114
690
81
-83
-694
-1637
-1942
-2853
-2889
-2692
-3035
-2609
-1789
-1746
-1237
-995
-1123
-1113
-1375
-1431
-1379
-1337
-1868
-1717
-1251
-644
-341
-377
-393
-525
-495
-643
-742
-1036
-854
-812
-592
-671
-668
-467
57
779
676
400
416
780
1074
1390
1924
2566
3623
4140
4246
4343
3889
3562
2971
2167
1357
477
-230
-95
-198
-312
-283
45
497
528
470
158
497
35
-622
-776
-803
-654
-704
-940
-956
-1091
-1200
-1277
-1414
-1445
-1983
-2257
-2392
-2745
-2955
-2991
-2695
-2247
-1896
-2045
-1632
-1241
-1170
-764
-689
-477
-7
284
444
1014
879
1045
1311
1488
1216
1012
837
582
654
428
897
1171
1608
1679
1943
2208
2367
2193
2044
2245
1977
1871
1536
1220
1016
636
443
410
602
831
762
591
417
232
-216
-717
-693
-632
-242
195
228
223
61
-426
-743
-1397
-2166
-2833
-3545
-3708
-3666
-3691
-3587
-3060
-2315
-1880
-1611
-1662
-1296
-940
-830
-415
131
685
1062
1504
1749
2066
1822
1509
965
427
-675
-1637
-2303
-2897
-2627
-2471
-1772
-539
966
1823
2639
2873
2830
3240
3256
3193
3384
3543
3658
3750
3376
3145
2622
1992
1244
442
-196
-869
-1193
-1222
-868
-230
425
879
1190
1211
640
-220
-983
-1908
-2475
-2796
-3192
-2999
-2726
-2416
-2138
-1662
-1328
-1041
-1023
-1341
-1770
-2251
-2355
-2300
-1745
-961
-12
781
1162
1462
1223
607
27
-827
-1431
-1720
-1739
-1350
-796
-297
395
1097
1728
2348
2541
2794
3143
3000
2931
2953
2507
2819
3038
2890
2898
2493
1505
863
4
-933
-1266
-1794
-1743
-1538
-1241
-840
-194
269
657
878
604
41
-552
-1207
-1753
-2047
-2326
-2277
-1919
-1667
-1422
-1594
-1981
-2266
-2645
-3105
-3140
-2930
-2776
-1976
-1413
-631
96
644
1167
1480
1430
1067
1002
869
702
676
405
520
896
874
1227
1386
1219
1230
1241
827
645
430
281
805
1105
1244
1690
2151
2214
2258
1929
1832
1668
1434
682
409
140
-279
-345
-524
-667
-674
-524
-506
-108
-483
-596
-573
-639
-666
-778
-825
-768
-337
-394
-396
-641
-849
-1298
-1426
-1843
-1995
-1978
-2007
-1779
-1535
-1146
-988
-506
-274
-69
-159
-409
-742
-637
-535
-593
-193
329
1130
1581
1827
2182
2086
2003
2032
1838
1648
1534
1405
1325
1448
1122
778
943
963
1019
602
162
-189
-616
-1096
-1683
-1863
-1599
-1303
-963
-519
-177
171
350
299
333
375
324
647
968
1539
1853
1978
1924
1576
965
279
-301
-1177
-1579
-2244
-2902
-3410
-3649
-3485
-3057
-2884
-2497
-1944
-1700
-1206
-1012
-620
-308
-221
221
620
1004
1456
1835
2529
2878
3075
3197
3060
2697
2063
1109
432
216
-266
-745
-1121
-1339
-1542
-1734
-1657
-1578
-1690
-1710
-1246
-624
37
342
507
1230
1722
1925
1916
2005
2171
2083
1973
1510
1186
810
745
544
139
-370
-934
-1060
-1216
-1327
-1585
-1521
-1631
-1747
-2107
-2132
-1986
-1657
-1276
-899
-801
-789
-494
-247
195
476
643
956
1325
1266
1130
1061
1041
949
727
311
247
92
-91
-53
96
217
131
-24
-215
-359
-808
-1101
-1155
-1234
-1348
-1036
-658
8
845
1190
1488
1540
1811
1550
1396
1438
1081
753
549
-56
-370
-372
-762
-971
-1328
-1593
-1932
-1718
-1691
-1380
-814
-125
1045
1820
2380
2292
2157
1611
1391
458
-242
-558
-639
-553
-643
-442
-624
-302
-192
-16
-90
-376
-709
-740
-806
-712
-592
-315
286
793
844
887
850
626
452
-80
-324
-392
-246
-366
-267
-101
140
690
882
840
650
-23
-604
-1095
-1607
-1759
-1599
-1197
-558
20
-77
-41
-18
-84
-200
-397
-664
-238
287
624
1117
1388
1993
2372
2611
2327
2045
1610
1063
688
222
-352
-893
-950
-1210
-1273
-1463
-1788
-1569
-1407
-1163
-1279
-1296
-1085
-577
-134
325
552
534
567
537
511
460
332
160
132
-92
-138
-24
233
490
606
520
148
-265
-554
-724
-1000
-1276
-1699
-1904
-2144
-2352
-1888
-1138
-544
144
707
1068
1494
1855
2249
2379
2412
2153
1854
1595
1040
426
98
259
388
301
138
14
-231
-302
-469
-369
-270
-30
-46
-230
-174
-450
-556
-526
-216
-159
194
139
308
607
626
813
774
631
399
199
-276
-433
-1057
-1763
-1867
-2021
-2188
-1790
-1531
-1168
-610
-558
-487
-224
-146
-137
-54
-210
-245
31
152
599
1035
1561
1886
2082
2177
2116
1814
1287
1025
875
649
-102
-601
-939
-989
-1321
-1576
-1435
-1206
-1114
-1033
-513
80
408
505
618
1104
1320
1275
1401
1416
1059
794
466
372
559
75
-412
-450
-318
-474
-863
-1146
-1029
-1185
-1425
-1612
-1852
-1942
-1747
-1597
-1473
-1008
-860
-285
268
492
772
1137
1416
1671
1817
2050
2119
2041
1747
1481
971
326
-40
-290
-404
-970
-1594
-1810
-1747
-1536
-1168
-886
-165
207
273
219
331
442
361
399
690
898
623
329
-84
-228
-256
-415
-509
-370
-158
26
59
-29
-110
-233
-378
-307
-202
-92
-125
-195
-174
-246
-80
-121
148
473
397
265
298
441
516
627
432
360
41
153
494
660
683
677
772
729
701
201
-178
-414
-687
-894
-893
-815
-689
-705
-809
-594
-485
-298
-226
67
235
331
366
522
725
476
253
-297
-460
-762
-1139
-1352
-1383
-1347
-1099
-1009
-875
-684
-281
386
873
1174
1252
1572
1758
1625
1263
1072
1143
1281
1259
901
822
786
539
388
66
-206
-300
-465
-801
-1019
-1324
-1569
-1498
-1202
-762
-443
-104
424
673
833
937
884
740
734
556
205
65
-208
-89
-205
-178
-413
-621
-726
-1009
-1306
-1290
-1275
-1495
-1374
-1300
-1095
-1138
-865
-763
-528
-323
-263
-115
50
450
576
940
1312
1695
1996
2116
2256
2272
2171
2059
2051
1873
1529
1051
495
180
-129
-380
-742
-1048
-1058
-1201
-1407
-1437
-1416
-1335
-1053
-1036
-936
-854
-712
-378
-160
118
450
813
764
782
747
594
312
193
262
54
-144
-528
-697
-623
-886
-1394
-1679
-1801
-1916
-2038
-2021
-1718
-1423
-1061
-940
-377
214
779
1011
927
1118
1059
1040
1047
1281
1392
1668
1640
1977
2014
1923
1803
1561
1246
766
402
-72
-96
-220
-287
-155
92
85
-151
-290
-420
-546
-748
-899
-1177
-1162
-993
-924
-726
-704
-608
-540
-324
-315
-565
-732
-464
-84
175
460
707
870
999
878
573
311
-358
-792
-1259
-1518
-1792
-2018
-1916
-1307
-1084
-714
-386
40
478
585
728
1009
1441
1555
1720
1626
1834
1929
1626
1342
1319
1097
735
206
-141
-303
-113
114
58
311
490
342
244
377
555
654
400
241
225
154
-369
-821
-954
-855
-751
-773
-864
-519
-626
-844
-1053
-975
-513
-663
-564
-481
-287
-117
-251
-270
-17
-252
-243
-428
-741
-792
-1317
-1421
-1114
-776
-464
-98
400
756
843
810
777
1000
817
654
629
743
799
672
718
703
611
485
121
-91
-230
-354
-491
-495
-328
-159
264
395
444
623
679
562
618
663
637
643
530
408
271
-80
-327
-367
-500
-685
-907
-1001
-1050
-1073
-1174
-1235
-1019
-850
-656
-449
-322
51
270
296
116
144
237
233
286
202
220
341
683
784
686
583
252
-19
-345
-723
-881
-883
-665
-549
-467
-451
-304
101
264
511
719
848
1034
648
460
586
634
595
358
117
-38
-5
-167
-220
-147
113
485
631
805
1117
1089
966
1004
1008
889
479
-117
-641
-1183
-1939
-2271
-2215
-1832
-1304
-682
103
632
951
1099
1319
1297
968
719
532
307
168
-104
-323
-439
-580
-807
-941
-934
-1002
-1155
-1097
-1262
-1133
-1120
-1091
-797
-484
-203
8
207
235
449
233
246
150
295
427
571
658
649
647
655
555
371
370
-74
-358
-608
-350
-154
146
575
987
1272
1453
1612
1597
1273
769
460
40
-145
-276
-396
-497
-357
-244
-256
-289
-28
263
553
419
-170
-294
-357
-406
-602
-867
-941
-727
-796
-925
-1230
-1796
-2067
-2145
-2186
-1991
-1706
-1277
-665
-403
-87
-34
130
549
675
425
344
411
375
418
188
271
754
928
955
872
862
886
673
378
369
333
97
39
8
263
842
1363
1987
2774
3087
3050
2616
2267
2038
1711
1304
859
631
501
256
-271
-865
-828
-955
-1092
-1348
-1675
-1485
-1374
-1288
-1352
-922
-639
-499
-393
-654
-683
-1023
-1711
-2009
-2232
-2398
-2393
-2148
-1652
-1037
-239
263
942
1098
1019
1010
781
470
-63
-383
-774
-845
-634
-584
-614
-334
-47
101
189
187
456
920
1391
1749
2317
2480
2415
2327
2352
2462
2227
1976
1741
1714
1051
480
-64
-554
-465
-556
-752
-767
-843
-1079
-1429
-1736
-1844
-1854
-1935
-1915
-1638
-1192
-852
-401
-49
159
39
-264
-535
-784
-813
-1228
-1312
-1258
-1101
-1122
-1103
-922
-763
-465
-550
-562
-414
-120
80
82
-73
-172
-179
2
455
730
1060
1594
1965
2202
2284
2001
1998
2046
2007
1929
1879
1726
1643
1356
819
356
-159
-611
-777
-853
-1029
-857
-663
-611
-565
-556
-309
-47
-26
115
346
387
370
30
-373
-499
-652
-816
-838
-687
-523
-503
-455
-473
-513
-542
-591
-699
-645
-861
-848
-785
-845
-684
-709
-509
-439
-153
-21
411
635
818
1144
1226
1390
1247
909
555
234
90
-39
-165
-237
-412
-473
-517
-490
-600
-444
-227
-158
-161
-174
7
287
549
554
699
874
1069
913
578
319
257
40
-121
-122
-65
126
129
185
-23
-43
-153
-444
-510
-485
-599
-739
-796
-698
-614
-548
-58
463
837
814
670
644
658
529
330
443
545
566
506
354
186
214
35
4
-158
-652
-1019
-1478
-1719
-1734
-1669
-1562
-1195
-798
-615
-468
-362
75
348
494
869
1389
1609
1596
1329
1229
1014
829
562
45
-211
-513
-637
-802
-793
-587
-388
-56
218
511
846
1145
1293
1196
1108
1024
847
859
561
378
149
-61
-79
-123
-235
-373
-346
-348
-392
-592
-797
-763
-662
-725
-711
-852
-904
-986
-1197
-1386
-1535
-1686
-1659
-1560
-1365
-1084
-860
-472
-81
359
417
207
288
405
487
491
268
413
530
497
446
272
258
172
79
-39
-122
-273
-456
-368
-98
394
831
1213
1869
2227
2455
2502
2547
2447
2294
2140
1806
1811
1800
1421
933
253
-251
-636
-1183
-1632
-2024
-2061
-1916
-1708
-1590
-1382
-1230
-1173
-1142
-1114
-995
-986
-940
-908
-882
-891
-865
-722
-492
-277
-127
155
247
112
38
-139
-305
-455
-767
-911
-803
-872
-811
-620
-205
75
262
528
778
827
605
339
412
871
1366
1693
2025
2231
2031
1862
1684
1688
1583
1511
1338
1386
1398
1151
904
691
521
234
-107
-352
-622
-951
-1495
-1746
-1904
-1941
-1949
-2079
-1972
-1696
-1277
-1079
-981
-884
-590
-535
-433
-435
-286
-193
-92
-242
-478
-614
-816
-795
-887
-1064
-1331
-1477
-1404
-1059
-921
-650
-280
423
972
1241
1249
1211
1309
1319
1255
939
1069
1018
1124
1224
1448
1675
1700
1526
1367
1300
907
644
547
615
559
552
523
738
881
896
795
690
636
320
41
-250
-438
-755
-918
-796
-626
-797
-1141
-1413
-1548
-1764
-1729
-1563
-1281
-1007
-762
-408
-233
-136
-435
-527
-619
-825
-1180
-1383
-1364
-1304
-1010
-859
-611
-261
40
401
734
1013
1075
996
895
822
455
134
-3
26
189
292
218
155
225
36
-20
-69
12
376
569
842
872
903
1018
1257
1361
1076
1130
1001
840
748
659
543
361
380
295
213
80
-114
-173
-243
-310
-384
-533
-688
-860
-1006
-1000
-760
-450
-226
13
236
114
-126
-229
-146
-6
-123
-225
-296
-401
-475
-494
-548
-494
-231
-164
-182
-195
-241
-406
-431
-310
-296
-131
24
43
-103
-253
-248
-205
-154
-166
-186
-313
-250
-147
-147
-53
225
438
704
752
784
828
734
545
504
599
624
601
518
672
728
696
829
963
719
512
93
-213
-488
-402
-439
-470
-127
24
-18
-313
-472
-666
-847
-1008
-1058
-1032
-715
-310
-50
-108
-45
-59
-108
-60
-135
-229
-394
-332
-359
-426
-584
-672
-448
-54
37
4
-66
-358
-601
-799
-878
-914
-802
-618
-324
10
198
354
373
561
697
702
871
903
973
909
1013
1400
1579
1664
1529
1433
1379
1100
809
660
639
736
662
505
373
452
177
-98
-420
-625
-686
-947
-1083
-1246
-1364
-1318
-1144
-783
-466
-303
-134
-143
-218
-586
-733
-852
-903
-935
-1041
-995
-892
-943
-1028
-1013
-935
-726
-590
-531
-510
-607
-645
-455
-354
-162
149
703
1010
1068
1071
1004
1133
1047
919
911
929
801
762
761
987
1156
1327
1309
1001
830
683
718
733
830
740
756
651
583
645
457
541
582
285
-194
-805
-1133
-1242
-1443
-1308
-1106
-751
-382
-407
-383
-339
-464
-585
-818
-1172
-1292
-1273
-1194
-941
-776
-459
-207
-91
-130
-248
-431
-530
-412
-493
-353
-62
391
847
987
1025
1027
946
627
135
-215
-340
-165
37
24
315
524
799
904
727
542
393
446
511
549
443
491
713
1054
1392
1455
1316
1237
1162
828
228
-210
-488
-706
-1025
-1240
-1200
-1156
-1178
-1323
-1275
-1345
-1582
-1604
-1547
-1382
-1064
-794
-580
-342
15
168
242
297
217
226
229
339
283
226
209
287
470
416
335
323
139
30
-328
-558
-731
-827
-751
-659
-534
-388
-34
225
505
698
726
873
827
674
563
565
621
560
537
730
895
1005
911
868
742
703
704
603
536
279
156
-113
-314
-353
-405
-474
-577
-723
-843
-981
-915
-708
-419
-140
212
491
678
790
551
450
306
-7
-282
-674
-919
-1094
-1269
-1492
-1413
-1040
-757
-596
-647
-606
-332
-126
3
-39
36
-13
42
206
307
520
601
577
599
385
114
-97
-300
-328
-467
-487
-478
-166
-49
296
566
543
658
767
924
800
781
931
1188
1292
1232
1357
1486
1510
1406
847
431
252
159
-60
-290
-249
-231
-96
-183
-275
-298
-362
-512
-869
-1132
-1517
-1823
-1820
-1934
-2074
-1964
-1628
-1146
-848
-588
-207
181
344
320
297
355
498
451
392
425
319
162
-8
-292
-554
-661
-823
-1004
-1053
-984
-838
-473
-134
171
643
1091
1328
1333
1126
939
854
758
752
910
1170
1507
1829
2004
2010
2039
1826
1596
1292
688
335
19
-204
-431
-513
-581
-911
-1145
-1287
-1519
-1556
-1411
-1416
-1370
-1368
-1201
-990
-862
-849
-917
-805
-633
-563
-709
-816
-879
-897
-809
-632
-443
-177
33
144
-41
-182
-142
-128
-13
70
150
186
391
513
503
622
889
1161
1393
1450
1347
1053
913
858
586
716
814
1239
1559
1605
1504
1202
1214
1163
908
597
553
627
612
461
303
142
86
62
-137
-411
-563
-865
-885
-680
-708
-737
-802
-715
-820
-1016
-1272
-1509
-1603
-1721
-1770
-2015
-2013
-1843
-1637
-1411
-1065
-540
-40
389
644
690
581
345
186
230
524
676
512
433
338
427
357
4
6
25
77
120
214
73
122
264
259
477
477
283
379
486
548
413
599
958
1096
1194
1176
1221
1189
1273
1252
1153
1023
725
367
-211
-607
-893
-1199
-1410
-1614
-1594
-1653
-1787
-1851
-1954
-1798
-1789
-1698
-1660
-1505
-1198
-1087
-869
-603
-116
316
679
971
958
1045
915
776
700
570
534
405
137
-281
-394
-339
-193
-156
-109
-148
33
131
98
207
300
351
648
738
701
858
844
1013
1097
996
951
1032
1190
1323
1358
1385
1316
1367
1351
1276
836
688
451
74
-387
-953
-1192
-1374
-1206
-1127
-1177
-1207
-1506
-1704
-1606
-1392
-1051
-721
-443
-366
-188
13
110
230
208
52
-24
-56
-277
-425
-490
-362
-290
-418
-448
-256
-140
-14
73
70
31
109
56
-54
165
188
443
564
787
1092
1111
960
660
647
637
685
615
414
309
289
327
94
174
277
364
552
381
167
46
144
16
-296
-223
-156
96
100
-187
-210
-253
-190
-309
-563
-642
-618
-465
-391
-359
-312
-310
-251
-269
-374
-578
-884
-910
-1050
-1108
-1078
-877
-712
-671
-581
-511
-292
-68
149
62
-155
-92
90
323
411
593
834
789
806
687
672
651
649
439
187
-6
-68
-175
-40
11
-2
11
256
291
253
385
368
454
341
482
590
709
929
891
959
913
749
720
652
595
284
-259
-614
-749
-894
-828
-830
-881
-993
-940
-958
-972
-994
-1106
-1040
-909
-785
-827
-824
-836
-616
-403
-385
-238
-124
223
436
626
672
595
615
586
554
390
273
175
119
88
-135
-184
-237
-205
-49
-206
-277
-242
-81
223
328
445
571
828
1079
1029
1165
1241
1528
1554
1325
1306
1111
976
825
461
279
161
10
-30
-114
-141
-126
-398
-754
-841
-897
-843
-1065
-1056
-950
-991
-887
-919
-894
-793
-683
-502
-470
-306
-154
-207
-136
-37
96
76
97
100
-66
-195
-347
-337
-313
-314
-290
-265
-319
-368
-229
-238
-177
6
109
161
168
271
525
680
779
760
807
878
890
880
804
692
604
564
585
475
332
176
158
-2
-96
-65
8
-66
-192
-386
-472
-241
-177
-292
-466
-547
-620
-812
-941
-1038
-1034
-981
-842
-558
-268
-225
-374
-459
-330
-246
-290
-237
-217
-187
-219
-220
-541
-773
-584
-351
-326
-174
75
186
372
611
625
970
1336
1602
1597
1483
1291
907
735
406
165
-13
-23
76
110
194
274
272
230
369
462
436
410
449
459
279
170
134
20
38
85
206
268
308
153
48
100
134
-70
-268
-311
-277
-171
-382
-556
-703
-872
-1154
-1252
-1079
-1063
-982
-783
-609
-438
-521
-455
-319
-233
-214
-144
36
-96
-99
31
241
551
660
653
746
825
826
751
622
442
446
355
147
184
11
-7
136
55
62
185
269
175
60
-16
195
524
769
920
980
837
575
93
-277
-242
-218
-288
-512
-685
-677
-715
-711
-446
-282
-72
-88
-310
-550
-850
-1111
-1256
-1199
-1044
-909
-874
-562
-288
-180
-213
-449
-595
-442
-290
-293
-217
-188
-148
-154
-142
-110
-17
73
262
216
268
214
107
213
477
807
917
982
841
878
940
835
789
757
792
835
721
503
246
84
174
155
223
378
355
377
219
81
-92
-295
-501
-524
-434
-287
-204
-163
-114
-204
-68
-6
-78
-62
-1
7
89
-71
-95
-184
-298
-348
-563
-703
-786
-670
-479
-388
-408
-387
-439
-455
-456
-361
-151
290
616
539
278
128
155
292
369
398
533
524
700
889
844
818
914
898
679
295
50
-255
-335
-408
-394
-327
-347
-190
-196
-236
-108
45
188
233
144
90
-10
-41
98
184
219
361
427
280
168
-100
-405
-562
-576
-629
-672
-644
-629
-602
-686
-653
-707
-765
-843
-805
-769
-650
-517
-455
-111
290
572
750
846
922
766
630
478
324
47
-103
-179
-233
-80
94
280
343
419
397
268
119
40
26
32
100
120
171
100
-42
9
95
-105
-271
-278
-227
-82
117
272
395
508
545
501
341
47
-253
-368
-325
-467
-325
-169
-69
120
84
-189
-458
-398
-263
-177
-39
53
50
96
261
261
484
672
712
562
116
-156
-150
-138
-81
-156
-119
-94
-82
-86
-159
-212
-257
-78
-133
-275
-319
-212
-46
103
307
486
563
496
508
357
336
393
324
170
-2
-146
-86
-225
-288
-107
-77
-66
-139
-272
-347
-445
-461
-361
-335
-488
-495
-341
-374
-457
-470
-247
3
153
287
158
59
29
131
105
51
88
99
305
241
163
-35
-245
-188
-322
-593
-783
-907
-818
-564
-467
-571
-483
-328
-148
6
-22
24
166
438
641
594
737
795
899
950
1013
894
753
768
570
224
67
49
113
202
150
113
-60
-152
-256
-164
-209
-243
-477
-512
-286
-4
210
367
448
401
415
442
564
382
117
-102
-41
-130
-185
-57
34
75
104
-74
-446
-469
-555
-732
-700
-750
-698
-549
-569
-510
-290
-139
-58
-76
-73
102
209
240
255
311
338
215
123
175
332
613
580
441
466
478
374
272
211
266
16
-325
-166
-133
-12
115
70
-62
21
35
-56
-179
-104
75
90
124
38
164
211
234
242
267
249
23
-223
-550
-722
-842
-777
-631
-540
-512
-655
-714
-662
-632
-583
-429
-301
-217
-209
-274
-44
179
154
106
49
259
417
327
199
44
-126
-103
-6
5
5
60
-34
133
293
220
210
232
227
185
203
222
278
541
617
515
397
276
184
204
215
87
24
-39
-61
88
217
237
422
502
430
318
96
-189
-132
-144
-259
-343
-483
-418
-274
-132
-77
-31
-38
-7
-67
-250
-208
-67
307
488
568
628
608
574
321
79
-19
-127
-227
-312
-363
-261
-242
-242
-148
-211
-352
-235
-27
211
297
247
292
221
80
100
218
176
314
366
227
-162
-359
-273
-330
-193
-234
-283
-222
-248
-529
-724
-609
-490
-447
-434
-230
-176
-202
-131
-204
-123
195
171
-27
198
393
397
98
-85
-181
-85
205
248
123
22
-53
30
173
-33
31
100
-92
-419
-607
-618
-596
-435
-371
-378
-157
-39
47
167
214
309
340
365
366
350
448
616
735
622
319
-18
-164
-112
-123
-50
-89
-148
3
-39
-352
-441
-193
73
154
-32
-139
-224
-193
-226
-226
-10
116
254
292
340
420
498
522
531
515
355
146
46
24
-131
-371
-410
-309
-78
174
122
-16
43
40
109
148
98
-19
-85
-55
-17
-12
203
430
429
283
160
-131
-304
-257
-175
-72
-96
-58
2
-30
-173
-295
-410
-281
-147
-201
-302
-95
-49
-140
28
158
263
251
250
156
306
328
244
187
169
381
319
129
73
63
-20
-40
-102
-185
-243
-152
-108
-276
-345
-217
-98
-265
-285
-279
-370
-219
-158
-62
-151
-305
-230
-177
63
63
181
364
521
519
385
340
167
-127
-306
-286
-320
-276
-262
-147
117
-53
-187
-53
93
86
173
206
191
206
180
-129
-287
-466
-424
-180
-39
95
51
-187
-361
-349
-327
-176
47
182
310
327
137
-91
-273
-309
-223
-178
41
256
205
51
219
263
340
155
22
108
193
193
79
115
48
30
63
-77
-236
-405
-378
-187
-131
-15
-167
-93
270
477
406
413
503
571
593
523
609
370
320
115
156
323
362
330
287
135
83
-18
-246
-342
-366
-183
-312
-499
-548
-308
-255
-236
-297
-421
-369
-443
-302
-36
14
-67
-56
-77
-62
6
190
278
238
163
-18
-229
-429
-448
-389
-367
-184
-224
-290
-249
-219
-316
-203
-167
-194
56
125
302
404
309
372
569
551
407
380
476
675
557
462
392
429
369
206
39
-247
-447
-434
-392
-333
-178
-208
-177
-107
-211
-221
-232
-219
15
101
157
188
141
215
353
355
404
279
135
85
-23
-83
-210
-365
-321
-266
-373
-417
-575
-616
-578
-500
-215
-77
130
177
-43
-88
-214
-199
-183
-262
-44
199
168
233
155
27
77
110
317
338
297
219
215
345
169
21
37
-34
66
-10
-162
-46
-93
-57
42
126
151
105
84
-193
-321
-246
-137
-119
-117
-127
-76
-141
-61
51
31
-68
-203
-329
-361
-309
-142
53
-99
-126
-310
-420
-407
-569
-434
-281
11
273
165
225
271
455
641
572
306
336
287
96
88
-97
-38
56
40
94
247
355
459
362
206
426
538
669
675
502
428
486
558
443
348
330
375
295
-21
-413
-697
-471
-266
-230
-266
-223
-219
-249
-289
-472
-463
-205
-24
-67
-34
-145
-127
-91
-141
1
-84
-203
-32
84
59
-129
-160
-132
-110
-58
-75
14
112
260
248
227
342
427
321
85
-61
-121
-60
47
203
294
427
305
116
-20
-145
-37
33
-36
-188
-377
-313
-50
92
228
141
-105
-151
-300
-277
-238
-343
-262
-306
-332
-280
-338
-276
-214
-232
-144
-304
-367
-451
-467
-433
-522
-627
-480
-128
41
139
34
79
28
105
250
104
82
148
175
133
-34
-41
6
115
328
482
511
293
307
336
246
121
-33
-90
-59
158
252
206
84
75
41
-67
-148
-304
-275
-423
-365
-283
-121
86
214
288
129
-43
-161
-296
-268
-136
69
243
269
226
120
36
-246
-396
-485
-391
-240
-61
-17
-76
-112
-50
123
-19
-39
85
265
346
364
509
599
662
695
472
312
118
-71
-11
180
238
302
327
187
27
-12
217
419
366
194
138
163
40
-102
-132
-232
-14
72
-131
-277
-274
-93
25
134
257
185
84
189
258
168
79
16
-56
-196
-344
-477
-380
-272
-124
-102
-95
-100
-256
-268
-160
-210
-275
-266
-279
-233
-162
-63
-141
-110
206
373
191
-32
-253
-207
-145
-61
-57
-87
-150
-272
-286
-275
-324
-388
-290
-259
-122
-130
-54
4
52
-33
-174
-138
-11
314
562
436
411
402
365
379
304
357
228
99
121
53
88
-53
-126
-78
-99
-32
110
300
394
390
165
-54
-163
-127
-10
-133
-122
-78
22
-17
-171
-297
-103
119
194
108
-37
-144
-122
-293
-196
-229
-185
-138
-191
-164
-167
-168
-230
-179
-41
59
42
105
-119
-124
229
240
195
89
102
204
197
123
45
243
315
343
206
-16
-218
-110
211
125
229
147
-136
-271
-400
-258
54
229
358
486
353
299
223
181
232
339
427
352
277
107
-108
-299
-292
-313
-509
-542
-503
-514
-441
-376
-259
-163
-102
-233
-334
-245
-392
-314
-269
-176
-162
-122
-177
-253
-174
-105
75
98
118
203
138
60
-67
-91
4
-133
-224
-177
-29
366
337
320
218
36
176
247
229
233
217
213
303
315
169
243
316
229
300
235
202
82
146
136
-5
50
37
87
40
-69
-129
-159
-233
-98
78
16
-55
-123
-86
154
140
262
246
156
159
2
-183
-338
-255
-159
-76
46
-18
-170
-314
-464
-511
-522
-514
-478
-491
-253
158
335
336
326
176
-25
-8
105
215
261
418
566
700
537
204
-116
-158
-43
-66
34
63
9
-106
-21
-241
-623
-753
-764
-345
-131
-222
-216
-68
-80
-64
-47
-199
-174
27
210
341
156
55
213
238
244
129
-213
-292
-109
-15
64
-75
-93
-155
-260
-270
-264
-219
-205
-124
-195
-195
-93
132
236
335
338
307
-10
-97
48
155
319
298
353
342
379
156
-25
-66
13
-55
-131
-61
230
451
536
479
397
339
149
90
-128
-157
-144
-127
-80
85
347
453
516
422
415
373
270
384
333
315
269
60
-107
-430
-653
-546
-408
-355
-115
14
128
154
-25
-192
-102
106
160
199
161
-10
-141
-191
-94
-7
-67
-4
-85
-218
-199
-194
-39
-123
-150
-312
-471
-566
-619
-365
-110
204
202
34
-196
-400
-494
-511
-496
-273
24
27
-102
-220
-203
-221
84
226
335
377
210
123
-95
-284
-339
-320
-153
-120
76
254
85
-28
-136
-193
-359
-332
-427
-199
113
371
534
345
287
181
116
168
40
62
-10
-309
-230
-239
-261
-306
-348
-232
-248
-172
-249
-324
-167
-44
115
74
-24
19
143
274
287
309
312
491
460
259
71
-22
38
289
301
282
365
286
106
32
80
64
123
113
38
-55
25
110
180
146
199
114
20
165
374
431
565
699
584
520
522
612
623
435
336
393
293
49
-328
-565
-518
-373
-271
-198
-163
-136
-322
-612
-727
-669
-421
-345
-361
-397
-469
-300
-174
-7
246
208
164
161
36
-64
-12
-66
-154
-157
-93
-202
-222
-169
-26
85
105
-58
-165
-70
83
182
304
462
332
72
-30
-110
-150
-226
-246
-122
22
97
216
288
305
245
64
-84
-223
-127
48
91
9
-83
-160
-258
-364
-314
-211
-196
-332
-413
-279
-217
-146
-118
-115
-58
26
102
97
177
163
49
-116
-232
-262
-301
-218
-163
-83
-17
-50
-26
141
175
207
266
160
179
176
274
162
120
244
324
354
430
464
359
369
280
432
315
183
132
71
36
77
4
-91
-71
-203
-35
-46
-5
-177
-424
-476
-476
-492
-398
-259
-161
54
54
-77
-240
-435
-454
-305
47
257
165
4
-241
-319
-377
-370
-139
54
207
232
-1
-43
67
59
152
247
324
350
205
67
51
31
