23
14
12
18
-2
1
12
30
38
62
29
58
47
55
57
89
81
68
57
33
17
57
44
0
0
-5
-31
-13
-16
-46
-50
-21
-6
-41
-10
-34
-29
-37
-46
-77
-71
-86
-89
-34
-35
-2
3
-3
-10
7
9
7
20
-6
8
-15
-10
25
19
7
22
36
33
8
-11
-6
-18
-10
-16
30
14
28
34
7
2
29
31
-1
-7
-18
-24
-6
-23
2
7
-8
19
33
74
43
73
69
89
57
65
55
15
22
21
34
10
11
2
-12
-2
16
2
5
-43
-49
-49
-68
-63
-58
-22
-21
-30
2
-48
-40
-16
-11
4
-52
-18
16
-10
-26
-38
-10
-14
-4
16
8
37
-9
2
-8
-49
-43
-33
9
-5
10
12
51
19
23
33
3
5
-10
-15
-27
-14
-9
25
11
0
-4
-7
-41
-35
8
10
4
44
58
67
78
36
20
39
38
24
44
30
56
87
92
83
94
65
43
38
13
-6
16
-39
-53
-7
-19
-11
-1
16
-10
21
16
-10
-13
-25
-6
-18
-11
-5
-31
-51
-56
-48
-27
-59
-36
-46
-50
-16
12
-7
-17
-52
-34
-48
-68
-78
-91
-60
-64
-79
-110
-110
-82
-86
-59
-62
-55
-14
-59
-40
-54
-55
-45
-38
-13
-3
26
-2
-25
3
12
21
19
58
56
53
58
77
71
62
73
28
42
28
8
4
-24
-22
-21
8
5
10
51
44
19
28
35
35
30
-6
-7
7
14
-8
-11
-17
-10
-11
-12
11
2
26
47
58
45
41
38
35
10
37
50
35
24
18
43
37
26
23
-6
-41
-42
-58
-31
-11
-10
-21
-47
-31
-48
-69
-50
-42
-49
-59
-7
-6
-13
-25
-19
-30
-43
-24
-10
-1
8
11
-34
-28
-59
-27
-33
-52
-50
-31
-32
-12
-18
-12
-3
22
4
-10
-14
-32
-21
-11
-3
-37
-1
-17
-19
-11
4
-11
29
33
34
32
71
102
95
88
96
94
73
61
96
106
102
87
55
96
57
41
54
57
28
28
34
32
16
58
49
36
47
5
25
34
55
22
50
31
4
-3
32
28
67
101
74
84
57
75
50
59
32
-8
7
36
33
22
31
5
-14
-24
-53
-58
-56
-44
-51
-31
-27
-36
-18
-31
-66
-54
-45
-41
-25
-32
-31
-12
21
-14
-26
-33
-47
-41
-33
-33
-56
-38
-34
-26
-39
-42
-57
-41
-6
-44
-56
-51
-59
-47
-37
-77
-82
-58
-67
-106
-103
-70
-118
-112
-99
-133
-108
-71
-25
-43
-60
-58
-38
-36
-47
-36
-58
-58
-42
-28
-53
-38
-34
-35
-34
-42
-29
-27
-6
-11
7
1
-11
-39
-27
-3
-32
7
12
-4
10
43
30
-1
-28
1
-14
-11
-5
0
50
60
45
44
39
73
64
72
67
40
49
54
71
66
78
85
108
87
71
57
37
75
64
45
66
80
45
37
35
32
44
23
18
19
19
32
19
24
67
68
60
40
39
45
44
22
5
20
13
-11
-4
18
42
50
46
35
24
52
53
67
44
28
49
32
6
-8
-51
15
3
-28
-21
-16
-45
-40
-40
-52
-25
-7
6
-14
15
17
46
8
12
26
23
15
16
15
-21
-62
-61
-41
-81
-89
-46
-38
-33
-31
-29
-1
18
18
28
28
-12
-15
-26
-35
-64
-69
-73
-69
-80
-84
-62
-25
-9
-10
-4
-20
-8
13
5
27
20
66
47
-7
-2
-26
-38
-36
-45
-56
-25
-23
-29
-6
-19
-23
-33
-31
0
-15
-23
9
-12
-47
-33
-44
-48
-56
-17
0
-10
-1
10
35
50
10
18
17
24
-3
-26
7
-3
-7
-35
-11
-21
0
-26
-22
-17
4
-10
-7
48
61
49
46
61
45
25
14
-21
-48
-57
-16
-21
-30
6
17
27
29
24
54
39
45
94
59
75
83
87
59
-23
16
23
7
31
8
34
4
-45
-50
-63
-54
-61
-23
-1
13
3
4
-27
-32
-28
-9
1
9
-22
5
-6
26
24
23
40
53
59
43
42
29
60
45
18
41
21
15
23
20
48
22
-10
3
-4
-16
3
-28
-27
13
4
-18
15
-9
-46
-27
-27
3
-5
17
23
25
25
27
19
-16
-15
-43
10
-4
-32
-29
-56
-17
-21
-61
-68
-67
-48
-46
-38
-35
-37
-18
-49
-53
-54
-26
-14
-26
-28
9
-6
8
14
8
-4
5
-16
-26
-13
21
38
59
57
34
-4
3
17
-8
-23
-22
-5
-2
9
-7
-13
21
21
14
41
39
-1
-39
-53
-115
-67
-79
-78
-58
-39
-52
-49
-26
13
4
27
63
56
64
20
45
3
21
28
-1
15
26
-5
16
10
-19
-8
-18
-13
-58
-30
-22
13
11
33
48
44
35
-11
-5
-43
-44
-76
-88
-67
-107
-68
9
-6
-25
-1
-39
-44
-29
-78
-58
-96
-78
-98
-108
-80
-30
24
17
-11
10
39
43
50
64
91
80
95
119
110
133
157
167
188
150
151
187
164
164
168
161
174
185
166
145
130
150
122
132
96
92
124
127
88
146
172
198
209
122
126
31
-22
-46
-86
-80
-84
-54
-85
-125
-80
-92
-95
-82
-180
-156
-138
-223
-210
-251
-270
-242
-230
-189
-147
-157
-76
-82
-81
-61
-81
-77
-92
-48
-65
-22
11
-33
-24
-35
-34
-23
-31
-30
-49
-69
-62
-44
-86
-64
-42
-30
-24
-30
-26
-48
-34
-72
-92
-79
-69
-63
-33
-7
-10
7
21
12
6
39
46
13
43
20
14
-9
34
60
50
58
69
48
57
59
50
58
25
36
12
54
22
-1
-2
-4
20
14
41
15
-8
13
32
-14
-16
-29
-15
2
-24
-8
-33
-49
-51
0
-27
-6
-20
-43
-33
-44
-18
-12
-11
6
37
43
44
-4
50
59
52
32
18
13
29
26
5
15
-19
19
50
58
55
46
58
75
74
61
67
61
59
67
37
33
39
79
84
95
78
71
65
36
64
46
71
69
40
32
59
54
50
34
46
39
22
37
-6
-18
-7
-56
-58
-64
-70
-67
-76
-80
-48
-39
-37
7
-31
-8
11
6
-24
-73
-49
-64
-69
-70
-95
-89
-88
-115
-100
-94
-66
-35
-12
-8
-32
-64
-48
-58
-49
-44
-66
-14
-7
-12
-10
19
8
9
15
28
41
46
42
48
87
91
63
67
100
96
124
87
93
95
71
48
54
83
67
42
40
42
63
81
53
51
45
35
33
-5
-16
-56
-67
-76
-81
-33
-52
-52
-12
-23
-20
-43
-80
-75
-97
-74
-45
-36
-19
0
-15
-47
-88
-108
-136
-167
-128
-102
-89
-66
-63
-37
-56
-11
-22
-22
16
32
-10
-19
-24
-53
-37
-50
-51
-53
-46
-29
8
5
57
54
77
95
95
101
117
78
67
11
-18
41
1
7
-13
-3
5
19
-9
-22
-31
-50
-30
-34
-26
-5
37
53
68
70
76
57
64
73
48
45
36
67
58
92
90
120
83
30
31
31
18
-23
-27
-50
-38
-41
-10
-51
-55
-40
-48
0
-54
-63
-52
-5
-31
-44
-46
-55
-50
-94
-95
-92
-28
-23
-1
1
22
34
36
17
13
2
5
39
5
52
72
37
64
75
38
39
29
47
31
19
34
-10
1
42
20
0
-14
-28
-26
-40
-45
-60
-65
-62
-42
-21
-26
-31
-25
-22
-6
8
-27
-34
-34
-23
-20
-22
-12
20
38
37
-8
-32
-12
-26
-31
-1
-30
-42
-32
-18
3
-31
-9
-18
-57
-60
-43
-65
-34
-43
-50
-13
0
11
34
41
31
36
12
21
21
-1
16
36
54
30
42
52
21
48
32
2
5
67
48
16
60
53
65
50
49
41
45
46
73
69
51
47
29
40
32
-6
20
24
6
-1
22
22
57
37
30
10
18
40
9
21
13
-3
-15
-9
7
23
8
-6
8
2
-14
-5
-2
5
7
-52
-18
-3
-47
-16
-50
-34
-30
-16
5
14
0
6
12
38
58
23
30
51
20
12
6
-12
15
-1
31
50
37
27
7
8
-1
14
1
12
0
0
-20
-5
-15
-24
-49
-58
-71
-55
-70
-102
-107
-92
-89
-88
-66
-70
-51
-66
-68
-94
-105
-79
-72
-85
-62
-39
-41
-64
-84
-79
-69
-58
-40
-54
-92
-77
-48
-61
-81
-60
-60
-42
-54
-30
-24
4
35
24
6
2
12
-20
-7
-16
-24
-10
-43
-13
8
-12
26
44
53
25
32
3
41
44
32
27
59
88
70
86
67
73
83
63
68
48
17
47
71
67
86
67
52
60
23
26
69
97
117
120
98
52
93
81
58
68
65
54
65
87
55
90
90
56
61
34
-5
41
22
46
40
14
20
23
30
-3
-26
-26
-15
-37
-72
-93
-71
-64
-87
-97
-73
-56
-49
-23
-37
-35
-35
17
11
-40
-17
36
27
30
50
9
-5
-22
-10
-17
-11
-20
-23
-20
0
-7
-24
-10
-9
-9
-22
0
-29
-49
-51
-53
-41
-37
10
12
17
12
-3
13
-26
-14
-22
-6
21
11
8
33
13
-26
-5
-46
-65
-102
-76
-64
-55
-30
-17
-33
-38
-21
-40
-132
-43
-38
-69
-52
-80
-95
-146
-100
-107
-68
-64
-27
-1
-14
-50
-18
-60
-55
-19
-14
6
25
50
46
60
40
68
25
-15
9
33
55
60
107
111
80
77
56
72
71
72
102
74
71
81
67
43
49
65
50
58
61
108
103
109
140
134
86
72
73
84
73
53
60
50
58
56
44
4
-27
-7
-21
-28
-19
-26
-68
-27
-33
-69
-106
-113
-116
-112
-78
-116
-113
-99
-103
-125
-85
-73
-87
-43
-37
-26
-4
-13
29
23
1
-2
17
-2
1
-1
15
0
-27
-39
-45
-47
-18
-11
26
36
51
31
18
18
-10
-24
-61
-41
-62
-68
-61
-57
-40
-31
-18
1
23
33
51
40
31
55
55
31
28
23
0
14
-1
17
-15
2
2
-5
-15
-34
-37
-43
-42
-26
-4
30
48
-10
39
17
-19
-23
-88
-108
-103
-90
-38
-52
-26
16
21
11
27
9
-10
-16
-7
22
42
51
55
77
59
60
16
-1
32
41
66
63
84
105
123
120
67
65
61
47
29
37
36
-17
-13
-4
-48
-43
-28
-21
4
30
5
9
-18
-4
-10
-4
-23
-5
20
8
-9
-18
-35
-48
-59
-40
-16
-12
-27
-10
-15
-26
-4
-2
17
-2
51
49
5
23
-8
-19
8
4
17
-7
0
44
-12
-16
40
-13
-40
-7
-40
-23
-33
2
-14
-37
-29
-18
-30
2
3
-23
-13
-3
-26
-62
-49
-25
-24
-30
-27
-35
11
-42
-56
-55
-65
-48
-16
-15
9
42
31
52
51
23
48
64
24
33
43
27
16
45
79
24
42
58
30
91
72
23
34
21
14
5
31
11
3
57
43
28
27
2
-35
-27
-41
-39
-33
-22
-10
29
50
49
12
2
-11
-12
8
-9
-13
-37
-2
3
13
-46
-1
-6
-2
37
0
2
-21
-9
-15
-36
-27
-31
-18
-7
-20
-16
-11
-40
-51
-72
-75
-68
-91
-90
-94
-69
-36
-20
-26
-29
-41
28
34
19
40
58
68
44
47
52
93
66
45
9
4
13
-22
6
7
9
25
46
61
83
35
10
-28
-8
-12
1
-25
-33
-10
6
-23
-59
-82
-125
-80
-84
-52
-42
-42
-3
16
-31
-27
-42
-75
-62
-68
-59
-46
-28
-37
-41
-68
-51
-9
-21
-38
-32
-44
-9
21
-22
-46
-45
-8
-26
-7
6
20
27
20
48
37
19
42
51
99
85
90
84
55
42
29
22
6
47
62
43
17
31
33
41
36
47
42
47
53
66
31
8
23
-12
-6
-4
31
40
35
24
-44
-40
-42
-49
-15
4
21
52
97
117
92
116
85
97
59
45
22
23
27
9
2
15
0
-1
44
31
56
58
27
26
45
56
17
24
57
21
-7
17
18
-16
-1
-32
-35
-49
-65
-54
-41
-31
-29
-43
-42
-59
-32
-28
-56
-23
-47
-61
-47
-46
-47
-53
-93
-100
-80
-80
-82
-95
-55
-63
-11
-35
-27
-16
-6
-19
-54
-55
-46
-33
-12
-12
-7
-8
12
3
10
-9
25
12
-16
2
-41
-38
-48
-39
-27
-4
-59
-64
-58
-8
-10
-60
-61
-59
-34
-46
-33
-40
-48
-28
-20
-50
-36
-7
4
-1
-17
32
30
0
36
35
50
67
72
18
53
45
33
61
48
61
77
86
87
83
83
72
55
63
19
84
96
79
66
65
55
26
21
-3
-4
26
21
25
63
26
5
4
40
30
22
31
15
-17
4
11
-3
24
44
-26
-6
23
-12
-11
3
-10
-9
21
9
-21
-24
6
-58
-63
-25
-35
-45
-49
-47
-58
0
30
19
4
-4
25
20
-1
-15
7
-1
35
51
34
26
14
13
15
12
7
8
-27
-42
-40
-23
-44
-11
31
-2
-5
-19
-29
-19
-47
-25
-24
-43
-21
-37
-29
-12
-11
-27
-1
19
-15
-25
16
-1
-6
-7
12
8
12
-25
-31
-3
-39
9
4
-2
18
-15
5
20
-39
-40
-55
-66
-29
-8
-1
-3
-21
-30
-34
-81
-70
-78
-85
-95
-81
-76
-77
-79
-98
-78
-89
-61
-40
-23
-14
-31
-35
18
27
25
30
79
82
83
90
52
67
62
82
59
64
63
67
53
77
58
49
65
27
36
53
28
14
36
25
27
-17
-20
11
31
41
7
5
30
40
40
48
30
37
10
-7
-10
-17
-9
-14
16
-28
-17
-28
-66
-45
-62
-52
-47
20
21
10
17
18
22
15
54
-4
18
-9
-12
13
38
75
40
60
52
34
81
81
55
69
62
48
51
43
61
65
65
74
54
9
-33
-44
-63
-59
-69
-10
-26
-53
-6
-23
-40
-29
-64
-72
-25
-43
17
16
36
20
13
28
31
1
20
-25
-38
-47
-63
-32
-10
3
-8
-1
-3
-23
-42
-36
-30
-48
-60
-46
-76
-55
-74
-61
-99
-97
-86
-117
-69
-111
-126
-113
-82
-88
-80
-84
-66
-16
25
-15
10
35
23
10
12
-13
-40
19
31
38
12
31
25
6
-25
-23
-46
-53
-14
-14
16
24
40
43
-4
-9
4
-36
-19
-17
-3
33
41
6
35
55
34
18
8
20
49
67
45
45
39
36
46
35
24
54
39
29
49
42
39
37
37
44
13
14
44
-11
19
61
54
45
40
77
102
97
99
87
88
94
69
111
105
96
69
72
92
88
75
44
44
75
46
24
48
35
78
101
63
2
-7
19
2
-1
-5
9
12
-20
-58
-53
-45
-17
27
19
24
1
-38
-61
-28
-23
-51
-54
-53
-19
-38
-56
-76
-84
-40
-29
-70
-85
-83
-99
-87
-78
-109
-129
-109
-111
-134
-92
-99
-112
-147
-144
-147
-148
-129
-120
-105
-105
-87
-93
-122
-105
-118
-139
-101
-77
-95
-53
-41
-48
-80
-88
-41
-47
-30
-25
-49
-66
-49
-46
-10
-21
-6
-1
-9
30
48
49
41
56
32
26
30
-6
10
35
33
41
65
77
77
85
54
80
98
61
76
99
139
159
158
130
101
98
63
66
51
51
87
105
113
128
124
107
111
104
72
53
60
33
53
52
48
53
34
25
56
90
100
72
57
77
57
41
50
75
67
122
114
109
107
66
66
12
47
66
36
47
117
98
49
14
0
-14
-39
1
0
21
12
-12
-28
-58
-94
-96
-123
-125
-79
-90
-121
-84
-84
-69
-52
-57
-63
-48
-46
-61
-45
-40
-76
-84
-63
-96
-107
-112
-130
-112
-102
-104
-76
-71
-63
-66
-23
-39
-56
-64
-75
-86
-98
-93
-104
-73
-103
-95
-84
-76
-46
-28
-67
-28
-40
-30
-3
-5
17
-8
-16
-15
-32
-58
-21
-14
-27
-27
-19
-8
-31
-14
-16
-30
-25
2
50
54
57
45
89
66
30
-2
-7
-8
-27
11
48
63
54
69
67
71
90
73
56
45
68
87
82
42
27
16
9
28
33
44
56
53
14
37
27
39
41
34
65
36
35
23
-9
-32
-20
-26
-30
-22
-8
12
6
36
35
42
59
97
93
109
69
70
64
44
33
-13
43
27
-9
3
-22
-6
-1
-17
10
-18
8
6
7
2
10
21
-9
-13
-49
160
-74
-63
186
-68
-114
-86
40
-80
-19
41
-210
-120
-38
-47
65
91
-55
-1
26
28
3
-129
-41
-9
-65
27
17
5
203
123
-12
-118
-62
-84
-72
86
-24
-148
-162
-59
-40
-8
43
19
48
42
71
54
86
91
65
68
59
82
72
71
70
-5
8
-19
131
35
38
-85
-125
199
692
783
250
-330
-893
-579
-29
533
463
409
-263
-700
-842
-375
-404
1
642
-303
-655
-1073
-880
-1007
58
324
-18
203
145
283
52
256
152
49
386
186
472
438
570
385
379
421
123
292
46
298
-17
357
15
-896
-515
-389
-253
-56
45
-385
-381
-277
-33
-55
150
16
-74
79
194
100
476
79
-66
292
-104
-94
28
-36
-286
-333
-264
75
49
-185
155
-214
-62
244
207
401
-81
-38
317
-155
158
110
174
534
69
389
157
-38
40
317
45
168
-87
-55
315
-226
379
108
837
316
-143
155
-1169
-656
-127
-84
-556
-871
-1155
-1429
-1367
-572
-88
-303
180
-97
151
-99
-58
714
332
581
660
601
878
837
919
749
319
-233
497
299
174
122
-319
-315
-718
-500
-180
-501
-250
364
179
-131
-276
-401
-157
-69
432
791
106
549
396
-34
249
118
125
418
283
336
249
-219
37
-60
-44
-126
-142
-67
-113
-126
-184
-287
-520
-246
-370
-280
-214
-362
-117
-301
-481
-42
-230
-219
-104
-11
96
-148
20
37
-225
-187
23
91
74
-66
197
197
132
-101
397
-483
764
498
17
682
-324
422
56
605
-37
505
-46
117
95
221
-259
-10
66
-217
236
-383
11
-530
-72
-257
-177
-435
-524
-198
-360
-404
-408
-546
-789
-487
-409
-516
-810
-1003
-655
-703
-647
-453
-649
-500
-528
-244
165
93
348
764
926
1396
1584
1780
1987
2066
2437
2440
2431
2375
2318
2248
1927
1637
1306
1064
393
250
-270
-866
-1216
-1592
-1853
-2443
-2654
-3124
-3299
-3575
-3402
-3201
-3314
-3032
-3105
-2555
-2504
-2082
-1735
-1391
-1112
-914
-357
-69
639
831
1452
1383
1604
2533
3433
4375
4850
4734
4084
4111
4494
4923
4762
4857
4091
3290
3145
2069
1289
414
33
-196
-196
-1316
-2164
-3629
-4413
-4724
-4783
-4512
-4844
-4370
-4512
-4129
-4227
-4073
-4056
-3097
-2396
-1549
-1050
-1688
-1364
-1597
-1199
-1033
-1078
-1253
-1269
-902
-481
-436
-617
-780
-965
477
1996
3377
4314
4152
4105
4019
5322
6284
6969
7167
6835
6371
6137
5357
3922
3698
2584
2615
2171
873
-735
-3052
-4225
-5188
-5548
-6010
-6230
-6499
-6249
-6189
-6197
-6280
-6220
-5032
-3884
-2573
-1819
-1876
-1710
-1364
-905
-119
-238
-217
-388
-252
202
192
147
-350
-409
-525
1721
2745
4646
5266
4941
4911
4333
6218
6445
7945
7610
7317
6544
5599
4965
3307
3531
2120
2654
1410
218
-1871
-4502
-5383
-6983
-6369
-7005
-6680
-6984
-7065
-7094
-7898
-7323
-7322
-5615
-4499
-3006
-2459
-2603
-2409
-2528
-1355
-1060
296
437
798
520
87
90
-110
649
771
1465
1469
3072
4014
5465
5759
5019
4581
4151
6162
6870
7826
7133
5886
4835
4354
4462
3501
3339
2804
2677
1616
466
-1235
-4150
-5209
-5677
-5355
-5861
-5946
-6365
-6729
-6732
-7006
-6950
-6791
-5660
-4641
-2834
-2617
-2540
-2586
-2506
-1392
-393
713
868
1870
2162
1943
1701
2031
2145
2649
4327
3907
4310
4614
4481
5175
5130
4388
2896
3181
3060
2876
3334
2335
1251
606
829
563
842
810
428
728
489
87
-753
-1438
-1997
-1997
-1762
-1841
-1595
-1869
-1886
-2002
-2277
-2341
-2942
-2977
-2488
-2400
-2085
-1853
-1767
-2022
-1913
-1259
-1349
-1410
-1033
-468
-352
130
275
264
182
304
455
432
52
-288
-523
-731
-998
-1516
-1748
-2033
-2254
-2144
-2108
-2181
-2147
-2072
-1939
-1682
-1225
-843
-318
301
874
1522
2127
2550
2837
3399
3808
4241
4619
4589
4519
4332
4294
4171
4030
3943
3776
3485
3252
3147
2663
2462
1864
1484
1189
903
685
139
-199
-597
-895
-1295
-1715
-2409
-2994
-3484
-3949
-4129
-4617
-5075
-5354
-5507
-5517
-5523
-5422
-5422
-5139
-4743
-4245
-3757
-3353
-2924
-2394
-1663
-920
-264
333
847
1308
2004
2424
2902
3271
3647
4001
4271
4583
4697
4870
5000
5212
5233
5299
5129
4973
4727
4362
3971
3565
2943
2368
1873
1413
961
534
-83
-815
-1451
-2051
-2316
-2818
-3037
-3310
-3700
-3815
-3953
-3952
-3979
-3860
-3778
-3642
-3627
-3377
-3186
-3083
-2901
-2872
-2661
-2483
-2262
-2095
-1921
-1780
-1625
-1365
-1084
-983
-820
-557
-183
202
712
1121
1487
1915
2262
2483
2772
3083
3266
3583
3778
3912
3906
3836
3844
3799
3613
3278
2732
2245
1685
1161
741
88
-647
-1332
-1779
-1983
-2275
-2428
-2543
-2632
-2651
-2637
-2450
-2386
-2084
-1749
-1449
-993
-597
-354
-66
107
269
422
509
796
825
862
859
720
696
532
372
395
584
533
565
461
377
319
231
172
47
150
260
223
107
-139
-505
-830
-930
-1136
-1291
-1361
-1576
-1809
-2151
-2394
-2434
-2282
-2032
-1668
-1385
-997
-655
-244
193
758
1255
1723
2250
2721
3025
3236
3325
3284
3336
3187
3247
3282
3225
3107
2826
2438
1913
1501
915
1423
832
-1036
-375
70
-355
-1036
-1235
-2383
-2905
-1533
-812
-1081
-1545
-1461
-1922
-2115
-2579
-2073
-2176
-2373
-1424
-1225
-3237
-3750
-1999
-2797
-2839
-1871
-2024
-2738
-2014
-525
-1035
-350
414
218
1610
1606
1311
1340
1348
1473
2016
2486
2004
2280
2072
2050
2243
2305
2069
1624
1604
2109
1810
1166
1145
1158
293
294
1116
175
-151
-244
-30
-539
-446
-517
-1155
-1098
-1649
-2397
-1998
-2256
-2822
-2525
-1731
-2795
-3251
-1886
-3160
-2651
-269
315
-1043
-314
-92
-729
409
1266
1305
1415
814
1264
82
279
469
1076
-52
98
1517
-1215
-576
141
27
617
1762
1085
444
1134
1320
2221
2940
2249
2254
2744
2833
3098
2907
2672
2721
2588
2801
2322
1237
187
-361
-755
-722
-478
-963
-1827
-1955
-1469
-917
-1384
-2829
-1834
-1508
-729
619
72
-293
-552
-365
-497
-120
-386
-1322
27
-559
-2327
-961
-3448
-3169
-1934
-2236
-2097
-2937
-2276
-4131
-3785
-2462
-3498
-3941
-2515
-1855
-2599
-2044
71
-593
-42
1960
1864
795
2396
3552
3679
4801
4102
3798
4237
5014
5436
6083
5973
5145
4948
4821
4077
2879
2263
1828
1353
1333
1005
-794
-1878
-2375
-3003
-3185
-2883
-2836
-3729
-2953
-1968
-2891
-3854
-3719
-3590
-3370
-1858
-1015
-1741
-3625
-4275
-3552
-2907
-2264
-2542
-1272
-2877
-2827
-3257
-4047
-4475
-5037
-1753
-1832
-1476
-2565
-2165
-743
1005
2985
3178
3435
2876
5130
7137
7408
6889
6227
6088
7128
9023
8802
7472
6257
5287
4909
4264
2997
935
-343
-729
-1335
-2193
-4344
-6038
-6615
-5674
-5134
-5210
-5637
-6444
-6012
-5116
-4119
-4331
-4265
-3722
-2083
-1211
-1835
-2283
-2815
-2431
-936
14
-1395
-2403
-3006
-3427
-3133
-3066
-2956
-3109
-2841
-2064
529
1343
1260
1636
1994
2621
4730
7670
7320
7304
6713
6233
6826
8321
8720
8111
7878
6161
4839
3223
1561
-286
-924
-1283
-2638
-4410
-6338
-7875
-8267
-7631
-7036
-6878
-6874
-6554
-6029
-5067
-4389
-3355
-1972
-154
1282
1366
382
-7
643
1777
2918
1994
633
-1257
-2254
-2269
-2074
-1935
-2361
-2348
-638
2028
1550
1069
419
966
3008
7914
10231
8135
6797
4833
5193
7265
10042
9445
8884
7179
4436
2747
491
-1562
-2748
-1382
-1984
-4470
-7873
-10753
-11613
-9960
-7861
-6963
-7331
-8610
-9236
-8570
-7203
-5443
-3299
-1202
-76
-544
-2065
-2218
-538
2200
4340
3836
1469
-731
-1199
-81
1882
2336
1716
3914
6318
5060
3468
1861
1342
3816
10784
12870
8718
4295
651
1835
6394
10725
9109
6939
3738
286
-605
-1539
-2521
-2509
-593
-1206
-4780
-9372
-12330
-11371
-7015
-3453
-3875
-7263
-10155
-10565
-8227
-5423
-3111
-1978
-1132
-964
-2157
-4667
-4370
-1195
2988
5950
3837
-943
-5249
-4390
-369
4236
4783
1991
1665
4250
3707
3185
2857
2706
5059
11257
13170
6444
1994
-875
2557
8820
13511
9684
4079
648
-1470
733
1652
1247
-576
-374
-2505
-6406
-9211
-10099
-7465
-3009
-1109
-4412
-9507
-12174
-10650
-5365
-1678
-906
-2784
-4105
-4417
-4234
-3930
-2561
1175
3524
3911
-283
-4428
-5569
-1809
3764
5886
3335
-2274
-170
4130
5271
5827
3492
2027
3122
11615
11148
4600
1048
-505
4598
9563
11641
4453
870
-330
272
3765
2453
-1071
-3803
-2161
-3416
-5750
-7611
-8974
-5533
-2046
-2395
-7067
-10759
-9887
-5670
-543
-6
-2286
-4721
-2907
-445
119
-1460
-1969
434
3143
4357
508
-3245
-4353
-1097
3225
3859
79
-4321
873
6090
4718
3152
-520
-1028
2040
12805
11473
3478
-612
-2232
4193
9838
11690
4107
1621
-9
190
3385
1009
-2206
-3217
-1068
-3848
-7718
-9965
-10577
-5807
-2264
-3571
-8768
-11764
-9875
-4899
52
-426
-2416
-4056
-1438
1247
1819
362
243
3233
4810
4885
508
-2974
-3412
-108
3942
2118
-2724
-6809
-346
5488
3854
1972
-2629
-1741
1570
12611
10787
2536
-743
-1198
6914
11502
12904
5331
3067
2398
2960
5947
2330
-561
-1111
47
-3618
-8391
-10319
-9777
-4935
-2381
-5074
-10760
-12912
-9415
-3327
647
-1106
-3556
-4989
-1026
2776
4169
2009
1591
3726
4997
5023
1038
-887
-1346
1526
1871
-733
-4803
-8005
-2637
5310
3411
-1789
-5302
-3824
-593
10155
12296
1798
-2191
-2178
5402
11012
13984
7939
3857
3623
2345
5947
5305
3001
1553
1249
-2832
-8491
-9059
-7110
-2531
-1440
-5296
-11115
-13757
-9729
-3375
496
-1988
-5095
-6246
-3208
1178
3344
2466
1243
1534
1621
2523
1091
282
-255
-10
-719
-2513
-4337
-5257
-2533
5337
3086
-1937
-4191
-2650
558
7309
14150
3410
-1590
-2865
3040
10587
13925
10774
3375
3128
610
4916
8111
5327
2805
482
-2264
-7486
-7139
-4200
-1182
-739
-5041
-9878
-13286
-9226
-2461
1645
-1379
-6272
-8125
-5587
1343
3876
2972
-1321
-2723
-1910
1484
2736
1587
-119
-2559
-2938
-3283
-3352
-2768
-2048
2523
4952
-1059
-3835
-3967
1608
5105
13267
8772
-2561
-4043
-461
9736
13358
13078
3702
-398
669
2808
9003
7335
2559
-1646
-3016
-5813
-7476
-3065
-995
-1360
-5101
-9516
-11712
-9511
-2328
1170
-460
-6861
-8234
-5617
846
4771
2706
-1010
-4942
-2903
-196
3308
2325
-168
-4100
-5700
-5738
-3413
-996
265
-3175
-177
300
-3128
-1029
1772
5475
4600
12045
3984
-1118
1081
5799
12712
13209
11100
1457
2532
4383
6942
10983
5110
-1201
-4257
-2600
-4460
-4031
-1632
-4895
-6848
-8661
-7804
-8538
-5725
-2681
-2229
-4924
-7856
-4943
-1841
3403
2111
379
-3943
-3177
635
3823
4107
-454
-3673
-5781
-4680
-2656
-890
-1687
-4612
-6195
1989
-281
-803
-1823
1951
1785
6545
12085
150
421
1268
9311
13003
12921
7063
1174
5927
5430
10025
8978
890
-2474
-1507
-1128
-5330
-3768
-4358
-6786
-7334
-7859
-8409
-9245
-5452
-3696
-3988
-7272
-6901
-3754
-227
2133
260
-1514
-4237
-406
2910
4822
1887
-882
-3266
-3458
-2836
-1416
-933
-1589
-5145
-3778
3554
-865
-196
-2020
1538
-754
8368
9405
-1125
595
364
9528
11656
11969
4659
1671
5895
4864
11357
8025
467
-1531
-750
-1084
-4130
-1558
-3370
-5303
-5682
-6100
-6485
-7565
-4176
-3343
-3990
-6639
-4673
-1334
124
205
-1912
-2425
-2580
2284
3248
3134
-346
-1040
-1765
-1845
-1622
-1215
-825
-1418
-3925
-1393
4205
-682
-810
-2055
2124
-360
9498
7231
-2448
-1010
43
9585
10251
10737
1417
360
4592
4905
11390
5910
-1220
-3348
-1014
-1760
-3677
-381
-2841
-5156
-6268
-5835
-5975
-6259
-2509
-2280
-4324
-7442
-3399
-933
-76
-942
-3209
-3364
-2544
2664
2756
1524
-2832
-2186
-2158
-898
-728
-1093
-993
-2211
-3378
1972
4869
-860
-980
156
2801
2541
11730
3403
-3440
-359
3381
10897
9912
7036
-1322
1429
4883
6660
10449
1887
-3966
-3237
-1094
-2323
-2201
-398
-4978
-6459
-6447
-4873
-4609
-3876
-1737
-4357
-6024
-6015
-211
454
-150
-2545
-3877
-2746
127
3750
1854
189
-2738
-761
-1616
521
-1407
-1357
-1594
-2401
-3821
3259
6604
-293
-1425
-2827
1652
3515
13430
3628
-4033
-2062
2150
11694
9898
5183
-3399
1064
5905
7114
9591
-218
-5712
-3823
-452
-1361
-1799
-914
-5430
-7541
-7739
-5777
-4415
-2579
-1417
-5963
-7997
-5927
1287
2413
-395
-4172
-4891
-654
3758
5740
1483
-1558
-2185
1551
2814
2197
-1843
-2607
-2907
-683
-1585
980
7456
-866
-2808
-6214
1867
3742
10980
8184
-7016
-3685
-1116
11407
12400
6669
-1650
-1890
8315
7019
9890
3698
-4991
-3364
217
2123
-1682
-807
-5159
-7850
-7798
-5459
-2119
-2847
-2851
-8668
-9102
-6166
1279
3252
-2110
-6223
-6639
635
5014
6087
206
-3192
-2430
2811
4860
1103
-2954
-3931
-2899
-470
1022
-2159
5206
112
-4739
-6878
-884
5555
6345
10009
-7057
-6670
-656
9096
15053
6605
21
-4397
7587
10154
9142
7473
-3735
-3387
1265
4538
735
-1428
-4001
-7580
-6209
-4339
-588
-1963
-4509
-8693
-9870
-5282
232
3527
-2414
-7944
-7342
-570
5055
4753
-508
-4681
-2612
1825
4993
1186
-3650
-5746
-3227
-552
1848
-2574
512
3137
-5498
-4934
-3016
6198
4312
8088
-1338
-9481
-124
5349
15382
8020
-128
-4149
3765
12038
7961
8564
-761
-4784
987
4830
3495
-1330
-2555
-5569
-4731
-3276
197
127
-5479
-7426
-8673
-3463
-107
3535
-1842
-8681
-8180
-1796
5880
4207
192
-5828
-4129
-411
4250
3459
-3340
-5775
-5284
-756
271
770
-4772
612
2297
-5446
-2216
-993
7097
2496
6989
-2625
-6053
3848
7765
13840
3531
-1346
-716
8629
11481
5953
4700
-3441
-2746
3798
5414
1668
-3754
-4465
-5175
-4047
-2162
165
-3076
-7920
-6801
-5757
-2215
-971
-1118
-5280
-7950
-4228
622
2809
-127
-3005
-4535
-1863
691
3707
967
-3709
-4314
-3001
689
1227
1669
-3784
4020
2341
-2956
-870
1423
8274
3555
8647
-3939
-3976
5457
8592
13313
3574
-1042
-181
9605
10437
4789
4687
-2638
-583
4972
4587
-287
-4013
-3316
-4246
-2411
-2271
-1939
-5511
-8270
-6236
-5753
-2404
-4202
-4230
-6549
-6983
-3823
-962
449
-3070
-3750
-4341
-2027
397
2792
925
-3133
-3439
-3034
491
1844
1354
-3822
1461
5242
-2284
-1529
-690
6966
2520
7492
368
-5229
4648
5816
13512
5179
-815
-10
7646
10223
4308
6442
589
-1224
3480
2860
323
-2680
-1628
-2532
-4295
-5055
-2591
-2056
-7038
-6312
-7169
-4897
-4674
-2497
-3662
-6251
-4468
-2324
851
-1973
-2713
-2501
-453
316
2018
2075
-1811
-2368
-1156
2417
1960
-106
-1756
-808
8451
107
-552
-3232
3590
4366
5743
6890
-7035
1945
4089
11460
8510
-1509
-538
4399
11440
6114
6078
1141
-4543
2574
4417
3296
-1200
-2193
-3912
-4728
-3701
-1315
238
-6045
-7645
-6764
-4273
-2907
-2290
-2743
-6821
-5693
-1931
270
-1553
-3508
-2619
-1537
-1141
887
1620
127
-2054
-805
-663
312
-1058
839
-1932
5869
3542
-4967
-3730
-2315
8096
3496
9050
-5949
-6852
3395
5793
12217
974
-2822
366
9060
8890
2881
4721
-2003
1053
6519
3648
-80
-2006
177
-3109
-2135
-1274
1188
-1716
-6103
-4357
-4841
-2478
-1930
-742
-4479
-5905
-3210
-388
-488
-3324
-2563
-2170
-882
-104
2481
1289
-2085
-2343
-1438
1116
937
1204
-2768
-1914
6038
-2579
-1241
-4026
4119
2506
3918
2940
-10618
2613
3020
9553
6243
-3559
-1245
5309
10662
5119
5586
2909
-2475
4421
4323
2505
1251
388
-2280
-4639
-1268
474
1597
-6381
-6933
-5050
-2660
162
-1722
-3667
-8107
-4020
-483
237
-2662
-3038
-1170
273
-362
834
1323
-12
101
-158
449
-1345
-644
-1103
-3371
-765
6591
-2980
-6754
-5028
3033
3398
4862
375
-10591
794
3092
10084
6133
-2376
-498
6500
10964
5513
6174
2306
-1305
5539
6237
3682
418
-1397
-2999
-2488
133
132
-172
-6937
-7239
-3839
-1680
-1698
-3884
-6570
-7667
-2644
139
-235
-4459
-4017
-2176
459
510
1522
1854
-943
-1679
-1247
891
519
-587
-882
-4228
2997
4867
-4836
-4155
-4134
6857
3149
6834
-2569
-8822
3839
4829
12864
4829
-1962
293
7252
10946
6462
7038
639
-559
6310
5870
3053
827
-1654
-4433
-1350
1040
1833
-2646
-9465
-7594
-4444
-1072
-1992
-5822
-9206
-8815
-2599
-1480
-3426
-6472
-4451
-1057
-571
-392
-99
-1495
-2112
-1098
1470
523
-221
-2843
-1915
-3603
3260
6595
-4456
-3719
-5072
6764
3759
6679
-2701
-7570
5081
5584
13472
3998
-2797
1258
9480
12286
7358
6452
598
1018
7652
6920
4293
616
-663
-1659
348
1588
-33
-3888
-9341
-5306
-2592
-1509
-4593
-9363
-9947
-6529
-698
-2423
-5014
-8496
-3777
-351
399
-1765
-2234
-1487
-994
1759
1083
-2190
-3894
-1469
-7
-1965
-271
6669
-4181
-6429
-5583
5137
6256
3718
1756
-10118
1999
5584
12308
8061
-3047
-148
7641
14343
8456
5022
2962
-266
7643
9387
5335
345
-1959
-2346
-974
1753
233
-1759
-9165
-8345
-3314
-1917
-3649
-8025
-8656
-6716
-1966
-1782
-3283
-6217
-4773
-1296
1151
420
-2271
-1325
-1485
-24
833
-1201
-1685
-3089
-2529
-2776
-2024
6920
-2428
-5741
-5909
2118
7894
2196
3124
-9561
1720
7588
10879
10394
-3779
-1171
7140
14697
10400
5555
3168
-11
6468
8697
4727
-195
-2426
-2984
80
2304
-575
-3331
-9576
-7322
-983
-911
-4378
-8658
-7508
-5700
-271
-142
-3377
-7262
-5483
865
2709
363
-4106
-2813
-2138
1056
278
-1516
-4673
-4239
-1667
-982
-2385
3570
2477
-7843
-4902
-654
9746
4414
4770
-4703
-4627
8650
8487
12338
411
-2832
5398
13047
12309
3610
3630
-719
3395
10237
5069
-9
-3863
-1532
-127
1934
-316
-3870
-6535
-7990
-2413
-2106
-4552
-7253
-7565
-7023
-3492
-843
-4082
-6839
-7478
-2099
362
-789
-5414
-4948
-3530
-905
614
-680
-4253
-5381
-2036
-21
1000
358
6529
-4745
-5191
-420
8638
9193
1230
2254
-6469
6546
10357
10006
6378
-3185
3234
11302
14414
6273
2912
3531
1792
8925
8084
2568
-1844
64
1117
970
1105
-3063
-3193
-7075
-5410
-1360
-3690
-5677
-10081
-7723
-5810
-1910
-2252
-8073
-10230
-6981
542
-88
-5010
-7985
-6215
-1465
1835
-68
-4543
-7185
-1964
306
2021
-2291
-219
4713
-5118
476
724
8903
3006
3835
3231
-4363
10785
6886
10796
4094
-346
7745
11878
13133
4262
4794
3662
5350
12598
6430
638
-623
1418
722
2192
611
-4799
-6262
-7531
-2841
-2656
-7522
-9451
-9023
-6790
-5061
-4343
-8522
-11236
-8297
-2254
-2040
-6848
-8283
-6863
-1438
-115
-1597
-4663
-5610
-3185
7
1110
-437
-3304
4049
3933
-3650
1620
2567
10317
2698
6202
274
1004
11730
7468
12119
2043
2737
9999
13516
10903
5507
7880
5961
7589
9112
5054
1764
1276
2775
919
-500
-3234
-4404
-5117
-6390
-4097
-6123
-8654
-10112
-8954
-7976
-7702
-7172
-9730
-10200
-9924
-3985
-4574
-6674
-6979
-7267
-2241
-1684
-569
-2780
-4182
-2992
702
1522
207
-1952
1910
7681
-1485
1625
-711
6813
6410
6624
5567
-4534
7167
7466
12592
8594
901
6757
10994
13814
9322
6906
5584
5120
11040
7669
2086
1780
942
829
-46
-1794
-4031
-4843
-6815
-7000
-7405
-9182
-8504
-9572
-10973
-10737
-7649
-7926
-9933
-10333
-7792
-5528
-5448
-5048
-4157
-4369
-1446
-161
302
-1241
-1378
1545
1929
506
1164
984
9895
1714
-837
1867
4657
9961
3831
7055
-3680
5110
9970
10488
8946
249
5170
11215
14191
8889
5515
5146
3830
8412
7895
3071
677
141
-781
-4024
-979
-2974
-5261
-10143
-11070
-6680
-6967
-8563
-11899
-11721
-11750
-6568
-5759
-7984
-11144
-8201
-2642
-2912
-2341
-3926
-2151
-696
1573
3154
1677
-154
1197
2745
2940
3276
3147
1295
7881
1225
1352
2149
4146
8926
2265
8359
-2377
6288
9421
7283
10618
1316
5354
8903
11981
8791
4714
4257
1990
6911
6965
51
-3349
-3995
-3705
-3783
-4269
-7603
-11308
-11506
-9827
-6568
-10415
-12404
-12379
-10712
-8049
-6027
-5809
-7671
-8358
-4838
-16
-981
-951
-2365
-318
810
4230
5760
4492
1263
1109
3802
5764
5912
4099
33
6476
7092
2261
2709
1193
10306
5372
10259
136
-70
9637
7578
12555
2171
1094
6353
11134
9516
2987
2590
-261
3138
4054
-1280
-5078
-5279
-4979
-7178
-6075
-8028
-10193
-10430
-11687
-8805
-9686
-9446
-9365
-10153
-8683
-6693
-3369
-6450
-7020
-5661
-4
-435
-1022
436
197
2950
4266
5742
3615
2671
5470
6337
4533
2741
4468
4032
7520
10530
211
2780
1227
10070
8125
5886
4172
-3776
8876
5613
9720
5940
-2478
3276
8435
9273
2991
610
-2160
-570
3547
378
-4640
-7322
-5999
-6783
-5050
-5547
-10161
-10185
-11275
-8035
-5827
-9207
-9772
-10776
-7754
-5229
-3949
-6001
-7488
-4467
-408
1181
-1312
59
1182
4203
5447
5364
4549
4129
5540
6401
6196
5507
5799
4420
1645
7012
10359
1412
610
-831
8333
4886
5974
1332
-6207
4677
4393
10331
780
-5245
1569
6416
7634
292
-1025
-2804
-1057
3511
-158
-4121
-6002
-4233
-5222
-4592
-4349
-7955
-7915
-9531
-5500
-5147
-8297
-8054
-7629
-5767
-4966
-3345
-4835
-5120
-3084
1606
2027
-648
-346
2402
5954
6445
5619
3696
2917
4883
7972
5738
2379
2119
4610
2790
5733
6647
-2787
-589
-719
8795
2998
2085
-1136
-6940
6497
3450
8312
-410
-7106
2019
8838
9053
320
-2467
-2729
1472
7746
3158
-5655
-8817
-3039
-420
47
-4086
-10616
-8578
-7935
-2409
-2288
-8714
-9369
-8830
-2949
-1544
-1548
-5178
-6557
-1737
4235
5907
705
-1615
-220
6896
8415
7087
2797
631
4608
7263
7541
1202
833
82
2442
2913
7179
-1642
-8281
-2656
956
7653
-2545
-533
-9769
-2645
5573
5035
5144
-7578
-3437
4873
10864
6068
-1064
-3598
-2756
5889
7834
-684
-6992
-5902
-557
1605
258
-7002
-9782
-5324
-1921
493
-6141
-8817
-5701
-1747
-554
-574
-1661
-3710
-1814
2687
4741
3070
446
1143
3549
5187
6020
4368
2554
2495
3769
4180
1620
-314
-137
-1518
-700
-866
3689
-7103
-5577
-4061
2822
2207
-3919
-1395
-10128
4128
4042
4916
520
-7009
2737
7723
8160
2314
-1593
81
2333
7899
3737
-2521
-4534
-1399
567
933
399
-6906
-5857
-4366
533
1090
-6845
-5933
-3472
708
2036
81
-2666
-4081
1671
5474
4632
-343
-831
2843
4597
5473
3277
466
1016
2293
4600
1246
-3722
-3123
-1569
-1301
-848
-4290
1877
-7136
-7735
-2428
-1397
3465
-6704
-1089
-8618
11
6539
2081
893
-7301
1391
9282
8858
1843
-1986
882
3995
7849
5994
-2766
-2876
880
3265
1754
-720
-2803
-4758
-922
731
2489
-3625
-6279
-2017
800
2128
213
-2801
-3783
-349
3724
4336
-371
-2785
666
3028
4131
3487
-1512
-598
-347
3659
2251
-2197
-3386
-3158
-1922
-1772
-3794
-1351
-515
-9601
-3276
-4982
3243
-497
-2820
-2631
-8139
6805
4265
5350
-2467
-3569
6637
10364
8368
1091
355
2251
7093
10479
3061
-3555
-1288
3480
4686
1743
-1399
-5489
-3299
-97
866
-2502
-6595
-4546
-1957
-373
-1704
-1460
-4910
-3387
428
3058
2141
-3068
-1496
616
4422
3611
927
-2387
-2173
3101
4519
-161
-6354
-4637
-1218
-511
-956
-6558
-2003
-652
-6487
-955
-5615
3497
-1153
1132
-828
-5340
7598
2240
6464
727
609
7346
9091
6979
2440
2152
4671
7110
7130
649
-1694
944
1757
9
-2306
-1508
-4850
-2737
-3227
-3175
-2950
-6205
-3500
-2682
-1876
-1059
-1970
-3760
-2177
745
2886
-756
-2735
-135
592
1586
946
368
-2544
-2005
178
1559
-656
-3887
-3390
-2841
-1343
-591
-2032
-4347
2420
-2666
-870
-2282
-96
6580
-1286
5907
-4900
2799
6843
5455
8038
-2412
2864
8106
9099
5070
1139
2823
2827
5983
4300
-899
-2587
-684
1172
-1539
-1655
-4613
-4552
-858
-2054
-2410
-5380
-4215
-898
-1465
-1722
-2657
-2386
-3325
-980
-973
-342
-2591
-3389
-848
-1322
-55
-1206
-1225
-3099
-600
1287
-121
-1789
-2143
-660
-1052
0
-626
-1746
600
4471
-2475
-922
-2344
5869
5043
590
3700
-3510
6387
5038
8185
4481
-1492
4019
7491
9013
3480
1024
314
3026
5987
2821
-2299
-3980
-878
943
-355
-785
-5387
-4331
-3009
-420
286
-5723
-5892
-3128
-627
-1084
-2413
-5861
-5467
-1980
615
-1175
-4027
-4710
-1983
310
325
-1002
-2697
-1789
-158
1573
238
-1706
-670
-318
-1080
267
319
-818
-408
5512
-1471
24
-615
6407
6197
2012
3746
-3489
6918
5464
7723
4342
-3391
3170
8242
7828
2270
-1155
487
1943
5998
1788
-3612
-3615
-1387
1201
-1236
-2860
-6302
-3923
-1856
-2337
-1927
-6716
-5095
-2988
-2575
-1366
-4607
-5540
-4775
-1849
-35
-1995
-3463
-3892
-1875
291
-31
158
-1981
-1308
1422
1720
1901
-48
774
1026
1467
2806
2001
1171
2388
8511
428
1294
705
6777
6616
2032
3706
-4339
6331
5786
6472
1675
-4311
2155
7627
5659
36
-2683
-2004
2348
4887
409
-5222
-4716
-741
1486
-2222
-2766
-7049
-3421
-632
-1835
-2536
-7312
-4337
-2776
-2202
-1489
-3175
-5013
-5266
-2275
-24
-983
-4019
-4376
-1050
1030
1717
-643
-2267
146
2304
4757
3229
1146
1522
3176
3987
5807
2362
1777
372
5555
8623
-1102
657
-2248
6338
3262
1957
-697
-5603
3563
884
4329
-2317
-5629
643
2742
3240
-1547
-2883
-1350
12
3081
-652
-3754
-2519
-1785
715
-496
-1484
-3987
-2593
-720
-647
-1691
-4759
-2694
-1662
-1281
-2604
-2639
-4026
-2796
-891
-754
-1440
-3134
-975
1038
1624
2471
717
1480
3119
4550
6131
1798
2896
4049
5021
4237
2021
1257
676
2340
791
5069
-3692
-3981
-2092
-246
2150
-4411
-352
-8925
-2632
1433
973
-170
-8448
-2548
3674
4453
799
-3592
-1771
610
5546
5119
-2663
-2481
1198
4858
3177
-435
-1909
-1637
1437
1154
-385
-3074
-3887
-916
91
-1605
-2441
-2716
-2635
-767
236
-45
-1843
-1109
2119
2241
3219
2192
1541
2743
3783
5507
3753
1473
585
2760
1758
1549
-360
-2951
-2459
-2809
659
1761
-6890
-7310
-6456
607
1748
-4377
-5266
-10733
365
2822
2511
-2893
-7070
506
6525
7627
1652
-141
862
5387
9196
5605
189
-359
2123
6526
3757
2165
-2050
-2808
1442
1967
2008
-4599
-4564
-2473
582
952
-1715
-3941
-4341
-6
2516
2002
-1982
-1861
1465
2465
2435
1256
-890
170
1082
2651
1130
-2473
-1230
-724
-426
-1962
-3385
-3652
-5271
-3278
-4139
-4308
-1609
-6929
-5110
-5579
-1247
244
-2429
-419
-4854
3167
3634
3496
3341
-647
4998
9289
7202
5015
2685
4394
7194
6799
4790
684
2191
3380
3554
1394
-344
-2247
-671
870
-541
-757
-4414
-3123
-558
-258
-847
-3401
-4644
-1461
626
578
-2251
-4897
-2265
931
1596
-1085
-3505
-3027
-907
1014
447
-3047
-4778
-3595
-1449
-1097
-2757
-5128
-4978
-2306
-2124
-1853
-4273
574
-1855
-1861
-1060
757
4747
812
3350
-1433
3932
6795
7915
6355
348
4244
9329
9727
5663
2115
2229
5483
7168
5489
-71
-1700
888
3328
1731
-591
-3208
-3097
-994
-1760
-690
-4060
-5025
-2349
-2106
-2128
-4118
-4025
-3468
-2396
-1722
-2556
-3739
-4208
-2693
-1681
-1257
-2146
-3520
-2293
-1972
-896
-1441
-3818
-1078
-827
-498
-1682
-2302
-379
-469
-4
-414
-993
1042
5515
-77
116
720
5408
7111
3207
3830
-1012
5645
6687
8145
4829
-1226
3819
7445
7743
3173
845
1173
2441
4723
3034
-1361
-1991
-1435
544
-182
-2358
-3593
-3998
-3040
-2938
-3292
-5251
-5199
-4119
-2863
-3115
-4377
-5214
-4566
-3034
-2493
-2819
-4822
-4246
-2494
-1151
-1005
-2247
-1295
-1156
1585
1151
1026
942
120
2893
3042
3400
2057
1100
2742
2643
3323
3299
1363
3708
4656
876
1846
1097
4993
3494
1200
2070
-902
4155
2701
2461
584
-2150
2233
3786
1660
-1241
-1288
-480
273
1481
-941
-3375
-2775
-990
367
-3204
-3620
-5126
-2675
-1553
-3816
-3606
-6636
-4211
-2417
-2686
-3688
-4986
-3465
-2725
-1648
-647
-1081
-1951
-1636
1417
1762
1977
91
1359
3116
3834
4784
2826
2640
2491
4636
4871
5097
2851
972
2303
3610
4435
1113
-387
-421
3854
2917
-2083
-2235
-1836
2468
143
-246
-4257
-3869
1472
1302
1509
-4085
-3968
1545
2721
1288
-2178
-2961
-978
800
1775
-1763
-2889
-2367
-477
20
-1870
-2801
-3528
-540
-1060
-1436
-2771
-3375
-115
-173
-1003
-1358
-1535
-64
-122
625
728
290
1356
1252
2865
2506
2547
3043
2359
3178
4189
4007
2821
1215
2902
3496
2629
1160
-519
499
653
946
-1454
-2748
-2790
-1492
-2274
-1081
-2762
-5206
-3442
-3238
-411
-2294
-2490
-4214
-2251
-45
726
697
-2242
-1473
2321
4030
1830
2
-1001
962
3268
3890
-116
-1852
-1251
1536
3046
-5
-1940
-2278
78
832
1245
-641
-2954
-310
669
2091
379
-1325
-273
296
2843
988
506
-371
193
2837
1760
2084
930
645
1202
1614
2407
970
-43
-1069
-345
-280
110
-1052
-2722
-2924
-2231
-1996
-1836
-3474
-3265
-3373
-190
-340
-4861
-3019
-3072
2430
-814
-874
-3157
-2490
2544
1298
2675
-1699
-801
3140
4395
2995
271
481
3005
3907
4513
770
88
1112
2836
3601
1493
74
-1157
1455
1024
2098
115
-2496
-430
256
1538
449
-1712
-1760
-1333
710
732
-949
-1957
-2241
536
1297
-476
-2056
-2154
-239
1358
951
-1672
-2111
-1041
523
571
-1437
-2522
-1860
-1361
-826
-1886
-2725
-2304
-2551
-1102
-2258
-64
-1544
-3886
-1624
-649
2400
-351
-253
-662
126
4516
3858
4053
498
1169
5746
6570
5067
2278
1980
3074
4735
5494
2027
-7
1077
2101
3210
674
-1221
-2102
152
1557
703
-1673
-4338
-1189
560
-45
-2436
-4120
-3513
-1667
134
-2307
-3890
-4150
-2416
-487
-2353
-2950
-3955
-2598
-778
-592
-1893
-3235
-2148
144
-74
-923
-1403
-1712
-173
25
1244
-852
-1959
-495
1049
1385
-332
564
1739
3
1062
1094
2866
1673
1590
3572
663
3626
3337
4094
3279
1459
4117
5336
4468
3130
2338
3014
3935
3632
2878
-327
907
1585
1251
-527
-2413
-1953
-1890
-1518
-3171
-4176
-4980
-4711
-3289
-4489
-4887
-5204
-4698
-3740
-4090
-3181
-3206
-2959
-3382
-1746
-336
475
-330
-1499
-123
1821
2919
1546
133
230
2389
3527
2587
522
-201
1147
2830
2169
400
-371
-141
1639
1384
1934
1525
-1128
866
1239
3924
2592
626
1657
338
4880
4438
3307
1771
-134
3268
4323
2927
289
-1384
-457
758
840
-1718
-4651
-3994
-2812
-2185
-3746
-4970
-5631
-4310
-2821
-3300
-4230
-4958
-2836
-1488
-1692
-2471
-1559
-1134
-1125
-132
23
927
123
341
1087
994
1702
1448
1811
1589
1678
2288
1674
2659
2464
2004
1543
1534
2355
2180
2259
1289
956
1103
1176
1746
1240
29
-132
1620
406
268
410
-575
433
-257
1174
-400
-1564
304
359
1639
-1360
-2014
704
668
498
-1538
-2270
-1083
-492
-529
-1989
-2731
-1625
-1161
-827
-2050
-2276
-2014
-783
-237
-820
-1172
-1117
40
175
-57
-115
194
-178
600
942
1360
673
214
1609
1581
1520
866
1218
1858
1949
1794
1494
1066
1125
654
1455
1180
802
-502
-1072
159
5
-322
-2263
-2463
-1475
-1271
-897
-960
-2025
-2525
-2127
-888
-339
-897
-455
-1136
-1530
393
971
1248
-1136
-1087
1222
1753
1417
-523
-577
499
1673
1626
-293
-1215
466
1066
845
-211
-418
-101
504
1068
469
-347
-97
1299
855
185
191
542
618
643
165
565
652
371
526
-4
710
729
149
-379
-430
352
-129
-510
-739
-1511
-655
-1136
-1269
-1864
-1860
-524
-992
-1852
-2326
-1662
-322
-573
-1025
-1131
-1201
334
542
654
-278
25
1681
1618
1502
1091
1807
2971
2309
2132
1634
2353
2970
2112
1444
571
1675
2036
1228
-58
-340
501
899
545
-1297
-692
8
346
-331
-1728
-1218
-856
-701
-1035
-1401
-1399
-1587
-1737
-1320
-1401
-1372
-1545
-2024
-1352
-663
-1319
-1159
-1269
-915
-408
-1505
-886
-1034
-836
-478
-831
-824
-1458
-1181
30
-364
-1183
-1062
-339
320
908
556
437
69
858
2680
2370
1830
1426
2069
2946
3050
3498
3457
2311
2684
3191
3213
3184
2187
1164
762
1348
1600
673
-1445
-2145
-1110
-1182
-1347
-2831
-3371
-3021
-2835
-1608
-2953
-3692
-3552
-2453
-1122
-1715
-2553
-2589
-1333
143
-9
-1204
-1407
-651
529
706
-164
-801
-601
374
640
571
-126
-20
501
-339
382
1023
528
384
-501
856
1732
1548
1479
476
1631
2533
3279
2244
973
2278
3484
4371
2965
1605
1933
3056
3871
1963
503
460
1207
1781
97
-1116
-1750
-1526
-1211
-1498
-2785
-3811
-3186
-2433
-2383
-3170
-3472
-3054
-2794
-2179
-1657
-1854
-1674
-1945
-1331
-474
-411
-187
-506
-811
318
799
1017
532
-14
498
730
1654
1202
512
659
550
1026
953
654
565
256
-291
307
869
-127
88
-459
-65
332
-329
733
-43
389
834
613
1312
17
1317
1869
1275
1302
149
1120
1530
1863
1285
-110
-403
570
1830
433
-747
-1058
-630
263
-696
-1065
-1553
-1603
-711
-1280
-1522
-1887
-1087
-725
-1509
-1178
-908
-39
-190
-171
-623
277
887
289
701
563
1194
869
193
164
748
626
181
-753
-864
-753
-357
-421
-1836
-2208
-1882
-546
-1122
-1749
-2443
-1972
-639
-739
-827
-1237
-1039
35
350
604
522
1040
1772
1906
2494
2401
2879
2439
2785
2630
3024
2469
2174
2581
1725
1885
1376
853
511
415
379
220
-705
-1002
-834
63
-380
-1399
-1290
-1062
-355
-248
-924
-1040
-486
15
18
-741
-1027
-459
-514
-845
-1453
-1455
-1055
-1756
-1900
-2280
-2502
-1947
-2101
-2688
-3117
-2980
-1888
-1485
-1998
-1825
-1634
-325
-129
-571
-17
494
1233
1225
744
1221
2120
2669
2368
1294
1969
2551
3128
2985
2270
2364
2437
2850
2993
2433
2025
2139
2236
2057
1247
1347
1415
1300
902
302
-264
-538
-3
-406
-902
-1615
-1796
-1828
-1706
-1597
-2165
-2631
-3044
-2097
-1749
-2074
-2607
-2824
-2094
-1236
-983
-2102
-1929
-1729
-751
-373
-1093
-1026
-928
-149
-9
106
-42
-375
554
792
440
805
342
810
992
1193
1316
702
1074
1439
2029
1648
1099
1428
1613
1994
2440
2079
1756
1714
2293
2537
2558
2105
1362
1633
1715
1635
916
161
-167
360
93
-933
-1850
-2305
-1973
-1822
-2654
-3327
-3654
-2930
-2634
-3351
-3124
-3824
-2251
-1782
-2283
-2149
-2350
-834
-174
-525
-871
-635
-236
815
797
328
-31
56
1359
1017
714
760
608
1141
977
499
943
1214
1071
1019
704
1081
1694
1481
1258
1224
1427
2224
1922
2048
1840
1845
2643
1854
1680
1674
1481
1851
968
472
391
312
283
-876
-1476
-1626
-1468
-1756
-2485
-2893
-3145
-2365
-2057
-2680
-2997
-3206
-2143
-1548
-1870
-1852
-1978
-1272
-633
-689
-360
-454
293
803
549
879
639
1009
1127
1171
1054
922
878
916
1116
1323
1145
554
470
503
1386
1000
729
306
372
1262
780
586
402
511
744
298
369
372
42
463
92
306
135
-257
-49
-390
-77
-15
-128
-476
-770
-98
-69
-300
-705
-555
162
-173
-176
-605
-257
32
275
248
-285
-362
12
-10
247
92
-173
-302
-187
164
366
349
-166
8
-196
242
261
113
-395
-522
-46
-280
-351
-454
-602
-855
-749
-797
-1106
-783
-1407
-1134
-1139
-1156
-937
-1682
-1354
-1106
-936
-1060
-1579
-1244
-841
-451
175
-461
-486
463
996
1519
1297
1175
1682
2070
2597
2633
2085
2181
2326
2885
2568
2162
2314
1845
1725
1633
1635
1394
987
503
294
369
48
214
-278
-981
-908
-816
-436
-1153
-1696
-1390
-1063
-791
-1595
-1919
-1406
-1349
-1056
-1582
-1856
-1666
-1758
-1368
-1864
-2188
-2455
-2248
-2187
-2165
-2309
-2506
-2185
-2437
-1827
-1433
-1254
-1119
-1173
-552
259
941
1143
762
1228
2275
2836
3111
2950
3015
3624
4237
4092
3752
3192
3551
3964
3220
2780
2522
2439
2202
1724
1481
1161
587
473
259
-335
-300
-487
-744
-893
-1107
-773
-1057
-1496
-1687
-1706
-1142
-1206
-2145
-2240
-2165
-1750
-1602
-2317
-2675
-2618
-2523
-2169
-2281
-2695
-2818
-2549
-2005
-2191
-2032
-1820
-1343
-1132
-1150
-958
-279
329
79
432
680
1367
2010
1669
1919
1962
2493
2852
2605
2427
2287
2925
2977
2485
2202
1922
2676
2413
1920
1616
1318
1959
1474
1343
565
439
1035
493
164
-399
-338
159
-653
-962
-1061
-994
-1351
-1745
-1887
-2107
-1929
-2028
-2196
-2545
-2243
-1919
-2016
-2146
-2097
-1703
-1428
-1481
-1567
-1434
-735
-359
-233
-562
-581
70
241
265
203
114
0
506
1238
1060
229
276
604
941
1003
623
463
92
721
1512
1091
597
264
739
1436
1310
875
588
361
829
1344
1062
386
-69
77
392
379
196
-627
-911
-375
-503
-619
-1076
-1158
-660
-966
-740
-606
-857
-734
-769
-443
-200
-55
-225
-533
-234
491
483
87
-6
372
724
658
790
340
324
531
1006
602
87
106
346
663
177
-106
-178
105
286
231
-212
-375
215
282
204
-30
-85
256
101
436
96
-430
-352
-320
17
-73
-401
-497
-962
-353
-11
-408
-652
-958
-594
-192
62
72
-260
-497
65
620
909
498
143
415
571
955
1164
543
494
431
790
1235
949
466
170
223
619
635
386
16
-194
295
460
137
-471
-605
-143
292
-326
-570
-910
-527
-67
-251
-625
-1136
-781
-890
-657
-677
-976
-1023
-980
-476
-392
-723
-792
-486
-308
-447
-246
-116
-278
-254
-165
72
-87
-219
-89
-128
83
53
360
-35
-82
401
143
517
96
231
536
422
711
598
456
546
760
676
469
159
241
105
321
229
56
-94
-298
64
-65
-382
-259
-131
-203
-518
-506
-162
-426
-323
-644
-545
-404
-612
-411
-727
-537
-149
80
-98
-319
-146
164
638
413
347
140
228
1037
1095
831
424
713
1406
1082
1046
514
429
982
920
980
501
193
648
767
559
275
33
23
229
2
136
-336
-479
-139
-374
-363
-533
-515
-386
-545
-454
-199
-489
-442
-620
-368
-35
-87
-534
-412
-257
-99
69
-512
-439
-463
39
145
-396
-274
-361
-201
-224
-506
-313
-329
-359
-317
-472
-598
-190
-12
-348
-218
-214
288
338
-1
324
449
801
610
493
862
766
837
984
794
705
190
279
269
88
-209
-612
-644
-587
-378
-634
-668
-1101
-673
-378
-551
-583
-777
-357
-253
63
-291
-400
-193
-45
429
59
-53
-164
-46
36
-292
-97
-509
-273
-72
-417
-613
-851
-418
-396
-556
-675
-667
-525
-525
-255
-401
-334
-227
204
468
382
400
532
609
773
1013
960
887
707
717
989
916
772
421
409
649
684
843
489
346
457
761
863
604
598
594
816
758
777
935
700
743
897
734
575
491
749
591
265
474
278
203
10
32
202
-242
-496
-486
-583
-755
-800
-1029
-1217
-1241
-1096
-1293
-1528
-1510
-1488
-1504
-1513
-1220
-1225
-1189
-1144
-1066
-789
-763
-427
-366
-679
-679
-398
-16
131
-222
-209
-420
-84
485
303
138
-161
267
791
837
491
377
772
1254
1329
944
784
1105
1453
1557
1227
1079
1366
1581
1431
1056
1061
1232
1348
1084
618
337
459
556
93
-43
-389
-233
-310
-999
-851
-1000
-1075
-1281
-1474
-1412
-1454
-1316
-1387
-1715
-1772
-1457
-1339
-1386
-1559
-1667
-1374
-920
-842
-982
-1291
-934
-670
-546
-504
-722
-373
17
204
326
158
49
529
689
779
712
557
906
1083
1159
1349
1019
1090
1294
1307
1574
1154
1119
1244
1244
1322
1280
1070
925
1042
941
1145
962
982
613
455
700
475
416
208
35
96
101
-196
-408
-603
-624
-504
-693
-994
-1241
-1259
-1134
-1321
-1418
-1350
-1413
-1516
-1257
-1137
-1128
-1300
-1285
-786
-717
-713
-662
-564
-80
172
149
193
182
244
386
613
649
508
236
283
488
642
427
162
257
213
536
347
159
40
291
446
481
517
83
86
293
594
716
424
290
463
828
945
517
124
212
782
825
403
-225
-131
96
127
-74
-454
-395
-518
-159
-249
-566
-769
-634
-243
-113
-244
-414
-556
-312
-100
-116
-62
-134
16
-47
-62
220
92
21
1
-74
-66
-183
-147
-296
-373
-366
-184
-266
-518
-526
-418
-502
-547
-262
-336
-285
-125
-70
-47
-67
17
61
108
238
360
252
67
198
430
401
244
211
297
163
442
352
-8
33
201
524
255
181
415
484
628
586
698
653
620
705
417
255
480
575
360
44
-49
69
-35
-76
-162
-357
-447
-492
-451
-553
-896
-760
-694
-642
-582
-744
-885
-570
-406
-424
-688
-656
-271
-384
-254
-446
-411
-267
-247
-125
-362
-473
-217
-142
-204
-267
-176
-28
-24
107
160
184
186
430
546
652
738
786
767
696
892
1083
1091
942
826
1000
912
902
830
680
527
314
515
490
267
125
81
89
247
-109
-294
-453
-369
-111
-338
-516
-625
-438
-420
-423
-608
-728
-864
-569
-419
-593
-917
-1105
-895
-749
-631
-841
-929
-1086
-748
-431
-543
-600
-688
-365
-80
48
77
1
168
300
329
668
888
781
771
728
951
1202
1204
961
825
884
1089
1132
853
758
762
874
801
629
490
413
423
564
334
80
102
-55
116
-174
-430
-548
-591
-426
-482
-796
-1120
-1021
-832
-757
-1153
-1271
-1290
-1163
-824
-1036
-1188
-1132
-982
-763
-731
-806
-748
-654
-525
-477
-362
-241
-224
-204
37
63
173
212
38
394
439
478
588
608
836
904
939
1126
1176
1235
1231
1268
1329
1334
1295
1081
985
1045
1182
993
778
474
353
500
314
101
-141
-235
-150
-216
-310
-469
-740
-875
-707
-696
-820
-970
-1118
-917
-773
-630
-802
-1049
-968
-777
-635
-922
-916
-751
-561
-464
-640
-707
-717
-393
-218
-446
-505
-457
-237
52
-28
72
-20
126
400
500
668
756
767
696
894
1148
1262
1053
1030
1091
1179
1294
1011
896
824
745
745
697
556
380
261
168
259
100
-102
-212
-299
-291
-231
-199
-252
-317
-394
-323
-223
-402
-511
-594
-444
-377
-549
-707
-743
-508
-550
-610
-811
-713
-623
-752
-671
-785
-743
-655
-493
-433
-482
-256
-86
-34
-38
124
275
374
469
395
434
483
708
735
490
630
689
775
678
381
581
682
653
646
432
387
401
436
394
252
276
440
302
288
331
281
485
330
154
30
243
400
116
-123
-83
111
145
-249
-435
-491
-357
-398
-610
-877
-872
-566
-768
-1053
-1180
-1020
-837
-844
-1020
-1208
-1030
-737
-603
-761
-905
-719
-415
-208
-323
-396
-149
-195
82
83
16
101
144
390
396
388
386
490
513
623
612
674
603
619
729
733
690
520
567
533
658
588
399
474
583
705
588
376
475
474
417
344
172
145
117
127
-106
-306
-161
-209
-158
-395
-748
-689
-534
-487
-779
-1061
-1062
-762
-601
-763
-821
-986
-817
-659
-656
-670
-742
-582
-425
-347
-134
-172
-241
-87
93
209
346
350
514
549
645
835
741
720
717
854
1120
1153
982
1021
1150
1183
1097
908
865
988
1050
886
701
655
645
550
513
373
203
288
231
129
-28
-193
-16
-191
-362
-454
-456
-518
-591
-630
-749
-815
-779
-729
-855
-1029
-1122
-1084
-1016
-1131
-1119
-1096
-1140
-1012
-941
-873
-801
-597
-699
-670
-675
-460
-306
-356
-199
-289
-24
194
278
408
332
440
438
590
759
895
851
690
805
893
974
851
782
785
858
833
711
550
520
433
361
427
217
204
161
276
293
122
13
114
128
124
120
-26
-138
-77
16
-198
-398
-489
-541
-625
-579
-784
-823
-814
-790
-781
-921
-841
-825
-858
-902
-701
-612
-475
-510
-597
-406
-297
-49
-123
-172
-40
198
327
250
253
265
322
564
437
228
261
414
484
322
187
233
374
381
435
364
335
431
613
497
454
373
458
514
586
747
581
485
514
763
762
575
417
404
590
659
367
88
15
156
143
45
-262
-449
-382
-398
-354
-423
-600
-678
-504
-395
-604
-839
-801
-613
-514
-602
-704
-682
-590
-540
-562
-627
-553
-563
-531
-407
-343
-227
-372
-395
-350
-99
65
-89
-159
-73
76
251
164
189
143
185
392
291
331
366
373
358
436
535
602
633
528
484
579
662
729
651
644
667
786
848
813
684
619
731
816
715
565
447
446
480
316
40
-99
-191
-67
-332
-684
-707
-688
-598
-845
-1151
-1092
-951
-879
-995
-1257
-1192
-1032
-776
-941
-1152
-1040
-825
-675
-742
-879
-849
-569
-391
-457
-666
-655
-335
-200
-352
-436
-443
-101
25
125
129
21
359
565
553
552
607
818
1040
1107
1043
1106
1189
1418
1455
1355
1342
1301
1313
1261
1115
1071
775
730
873
683
439
91
166
89
20
-113
-251
-417
-452
-397
-549
-585
-789
-689
-615
-755
-685
-775
-720
-743
-905
-806
-761
-743
-900
-964
-812
-551
-455
-622
-702
-695
-521
-443
-366
-353
-390
-103
98
215
267
245
454
567
794
760
709
879
954
983
1117
1219
1024
1098
1102
1143
1140
938
818
732
725
810
612
480
209
212
249
11
-40
-280
-396
-378
-348
-343
-574
-689
-551
-581
-543
-663
-816
-853
-822
-781
-818
-900
-882
-737
-869
-833
-902
-887
-736
-744
-627
-709
-700
-470
-404
-313
-446
-326
-129
-100
-48
-65
-32
126
294
223
236
381
497
552
554
643
694
727
700
685
757
793
739
794
683
582
643
623
553
404
241
262
318
218
161
-56
-131
-120
-115
-121
-294
-417
-362
-359
-417
-476
-565
-496
-455
-425
-456
-511
-505
-506
-386
-312
-305
-284
-304
-291
-257
-199
-289
-316
-246
-252
-82
0
-27
-108
-12
117
131
141
249
199
348
525
395
482
372
446
559
584
623
610
591
589
687
721
633
656
584
583
549
456
371
186
131
77
131
-17
-114
-43
-75
-61
-134
-354
-358
-276
-288
-259
-493
-654
-614
-514
-431
-579
-751
-670
-502
-504
-598
-655
-475
-363
-340
-267
-307
-293
-233
-222
-94
-40
-64
-55
-10
160
165
186
51
105
312
356
386
277
339
415
438
370
292
284
239
230
227
252
248
162
156
212
336
267
167
269
283
333
377
379
300
288
337
227
165
85
142
129
-24
-34
-114
-110
-123
-239
-252
-252
-322
-329
-337
-387
-390
-401
-413
-375
-335
-362
-321
-327
-331
-409
-390
-277
-225
-314
-321
-240
-205
-163
-252
-272
-384
-314
-210
-199
-282
-322
-187
-166
-117
-252
-246
-195
-124
36
128
148
139
257
395
460
511
421
331
515
607
630
528
445
517
588
669
617
351
339
374
557
490
230
203
300
411
332
213
158
243
295
157
64
-5
-3
28
-80
-193
-278
-184
-173
-382
-396
-508
-449
-447
-558
-542
-678
-718
-688
-715
-684
-688
-689
-572
-624
-519
-473
-439
-368
-358
-230
-95
21
31
23
120
285
377
394
338
381
432
445
414
467
494
495
554
472
645
638
549
579
555
637
704
550
590
566
549
584
512
497
402
418
392
196
145
168
81
-13
-168
-282
-270
-311
-472
-642
-738
-699
-705
-874
-930
-983
-894
-890
-954
-920
-873
-805
-708
-766
-721
-533
-399
-361
-426
-448
-336
-126
-58
-130
-189
-127
26
193
171
5
1
195
350
403
322
289
460
525
626
624
575
643
756
795
753
829
781
757
782
713
768
722
616
611
513
518
382
256
128
41
38
-82
-186
-318
-338
-383
-413
-425
-449
-406
-384
-342
-350
-440
-339
-456
-415
-355
-408
-433
-513
-540
-451
-486
-595
-564
-666
-556
-499
-577
-508
-447
-324
-337
-374
-301
-293
-102
-1
10
108
121
278
423
468
463
435
427
550
618
501
499
597
607
666
550
465
530
520
626
509
415
357
223
386
336
212
244
157
225
179
131
184
64
38
-19
10
38
-47
-47
-29
-120
-129
-87
-154
-171
-128
-179
-271
-283
-300
-218
-297
-298
-361
-216
-227
-389
-385
-263
-117
-188
-218
-275
-261
-156
-101
-125
-235
-146
-105
-126
-85
-140
-203
-193
-194
-179
-189
-181
-126
-176
-139
-40
-59
-117
-12
78
221
165
123
203
293
311
331
193
311
358
289
236
136
209
256
280
178
75
7
150
112
36
-106
-130
-134
-63
-75
-160
-85
-192
-148
-154
-147
-116
-235
-151
-163
-171
-181
-273
-197
-181
-136
-129
-191
-175
-172
-26
-43
-67
-114
-81
93
-26
-88
-99
-47
15
46
-25
-89
-42
111
204
105
149
205
330
439
341
302
301
341
461
405
391
502
492
475
462
225
252
239
250
296
105
44
30
33
62
-100
-197
-223
-321
-372
-246
-284
-437
-495
-405
-382
-497
-597
-662
-574
-476
-424
-470
-431
-384
-311
-245
-196
-122
-190
-162
-70
83
112
111
120
162
250
400
288
118
81
157
267
261
227
161
240
332
455
504
344
359
474
498
631
521
518
534
514
601
477
488
448
404
359
376
302
207
85
-53
-100
-199
-313
-370
-433
-504
-604
-677
-689
-678
-678
-712
-745
-736
-696
-657
-608
-639
-640
-590
-590
-552
-505
-526
-397
-298
-151
-135
-77
-8
8
82
63
103
192
304
350
442
449
464
557
492
608
523
486
542
474
529
654
773
658
616
558
638
706
645
573
339
288
485
426
248
13
-39
111
111
-28
-209
-200
-190
-289
-359
-425
-590
-529
-576
-749
-809
-796
-794
-815
-820
-767
-774
-790
-745
-659
-640
-630
-596
-569
-530
-398
-354
-374
-327
-193
-87
-41
34
62
95
174
276
364
352
319
358
456
538
548
555
529
472
573
605
643
614
541
598
633
644
604
576
547
524
446
425
502
488
402
353
328
257
223
165
173
102
-22
-35
-60
-16
-13
-123
-217
-207
-217
-272
-310
-315
-377
-412
-331
-424
-445
-451
-483
-430
-420
-413
-375
-359
-358
-307
-303
-266
-195
-231
-177
-204
-169
-69
-142
-135
-153
-199
-106
-108
-168
-69
-98
-45
27
-38
58
90
80
80
86
193
152
199
201
212
263
227
141
127
194
202
266
189
167
175
236
309
283
164
129
195
201
182
82
46
36
5
8
-81
-153
-51
-63
-106
-190
-190
-105
-127
-138
-192
-199
-195
-169
-246
-291
-321
-346
-236
-278
-320
-352
-268
-121
-167
-247
-248
-151
-73
-27
-40
-87
-120
-70
-35
-58
-65
-18
-50
11
23
87
75
27
121
165
179
149
207
235
283
357
367
323
321
375
447
452
528
552
612
667
614
625
516
422
391
383
313
245
139
126
104
35
-51
-226
-237
-224
-265
-296
-332
-408
-416
-365
-356
-349
-342
-341
-287
-312
-275
-313
-336
-247
-236
-237
-265
-269
-289
-294
-132
-174
-314
-271
-216
-174
-92
-131
-163
-74
-22
68
72
9
6
85
224
319
335
297
375
360
435
459
426
412
341
454
476
440
340
278
343
343
242
109
26
49
-31
-85
-116
-164
-256
-284
-302
-345
-397
-483
-395
-393
-394
-316
-387
-407
-320
-373
-387
-415
-415
-310
-307
-287
-318
-309
-267
-175
-125
-74
-62
-35
24
60
113
173
187
214
265
321
337
392
392
432
420
440
441
415
384
271
252
283
195
143
183
169
199
120
46
82
34
14
76
-86
-73
-21
-27
2
-85
-63
-45
-82
-116
-107
-123
-203
-252
-224
-245
-222
-286
-283
-264
-253
-300
-370
-304
-323
-246
-222
-280
-256
-202
-180
-80
-36
43
110
75
184
212
220
273
259
246
345
434
490
417
382
396
434
360
185
167
226
194
104
87
-60
-26
32
-17
-136
-180
-194
-97
-99
-172
-150
-190
-75
-28
-71
-92
-45
29
55
-30
-28
-86
-148
-120
-75
-129
-159
-214
-186
-248
-280
-208
-272
-192
-187
-210
-134
-130
-120
-144
-149
-107
-82
-29
-57
4
93
153
195
152
124
112
260
259
228
157
78
190
228
216
109
96
198
254
171
118
32
113
189
199
102
4
64
71
54
18
-62
-38
75
157
113
40
136
165
158
129
14
18
98
95
110
21
95
85
60
65
-1
-33
-32
20
-28
-51
-120
-142
-163
-166
-226
-269
-178
-217
-311
-286
-235
-185
-251
-274
-253
-267
-234
-235
-230
-197
-147
-174
-200
-129
-146
-159
-122
-104
-96
-116
-88
-100
-87
-25
-75
-81
7
44
51
37
32
106
133
97
150
175
207
276
265
289
262
260
340
345
333
350
369
391
307
292
263
238
277
282
208
107
147
80
21
21
-61
-175
-213
-234
-169
-221
-275
-272
-287
-253
-202
-175
-256
-255
-204
-130
-159
-211
-182
-188
-141
-104
-112
-176
-135
-50
-7
15
-43
-31
3
40
60
-5
-61
24
76
117
72
86
101
189
208
193
217
202
300
432
398
414
382
333
376
335
335
237
192
207
179
162
124
83
76
25
-91
-113
-135
-212
-289
-345
-358
-369
-389
-425
-414
-427
-401
-380
-431
-461
-473
-398
-284
-278
-333
-266
-173
-68
-137
-106
-111
-67
-4
16
-36
-63
-31
29
52
13
97
7
113
135
101
116
43
56
42
42
111
86
62
64
95
152
147
121
152
187
197
258
235
196
237
206
210
215
130
115
67
143
136
51
24
26
35
76
-6
-76
-118
-151
-114
-162
-247
-265
-231
-200
-79
-121
-151
-147
-134
-12
36
74
51
36
153
210
231
262
171
233
274
283
213
129
136
185
243
162
111
35
46
101
47
-10
-104
-95
7
-23
-71
-112
-105
-103
-46
-20
-49
-86
-28
26
7
69
-50
-78
-83
-42
-30
-29
-66
-63
-21
-40
-63
-116
-67
-125
-106
-120
-166
-185
-253
-197
-235
-198
-167
-143
-170
-144
-83
-47
-29
-29
42
72
98
64
24
0
20
59
50
61
16
79
108
152
89
5
40
35
98
20
22
-9
33
39
37
93
97
100
41
77
121
109
92
105
119
135
149
35
54
120
103
100
103
33
87
152
84
108
40
83
112
38
97
30
2
79
45
0
-23
-15
-10
-58
-17
-34
-85
-70
-144
-132
-157
-117
-214
-193
-144
-113
-105
-219
-199
-183
-190
-234
-255
-235
-250
-210
-148
-215
-178
-153
-109
-95
-66
-124
-96
-41
-89
-94
-113
-25
1
49
58
35
83
110
72
46
93
57
4
9
15
69
106
95
112
109
120
149
121
130
91
143
171
120
143
115
94
82
74
35
1
-18
93
36
-83
-106
-143
-154
-152
-191
-173
-168
-123
-146
-164
-196
-171
-151
-138
-59
-24
51
49
80
137
161
157
164
106
110
158
122
103
114
130
188
224
152
211
229
306
279
253
281
287
248
261
194
163
160
152
185
109
139
132
166
156
114
85
99
61
16
-5
-25
24
-31
-84
-122
-155
-197
-235
-233
-211
-277
-202
-191
-219
-146
-148
-90
-74
-134
-162
-105
-86
-123
-109
-121
-129
-124
-155
-145
-144
-138
-63
-8
-69
-31
-48
-51
-76
-146
-139
-149
-86
-78
-96
-79
-101
-50
-1
-39
15
59
90
99
130
122
77
77
70
49
28
-20
-30
-32
-42
22
42
-55
-65
-75
-31
43
-38
-90
-55
-4
-8
-27
-110
-109
-83
-29
5
-53
-53
-46
42
21
-17
-39
-16
-23
5
-15
10
-16
-54
-11
-8
-61
-118
-84
-54
-32
-10
-61
-38
18
39
64
39
39
97
128
129
117
107
100
131
138
104
139
109
66
54
43
94
107
140
161
188
227
200
199
181
137
161
185
147
175
105
106
184
224
146
88
126
97
77
84
33
1
-28
-41
-58
-119
-120
-109
-80
-128
-191
-192
-223
-210
-208
-201
-201
-199
-123
-116
-155
-187
-152
-176
-71
-42
-90
-195
-160
-113
-101
-75
-143
-122
-110
-69
-33
-79
-70
-15
23
102
25
12
28
14
15
11
14
43
119
194
239
279
282
326
296
324
392
322
253
263
244
161
185
191
98
17
11
-18
-46
-64
-138
-193
-232
-248
-243
-262
-300
-284
-242
-271
-256
-270
-262
-240
-241
-180
-234
-255
-204
-188
-144
-150
-116
-93
-34
-17
-43
-64
-65
-27
-52
-72
-58
-52
-34
4
38
70
64
125
102
155
149
160
162
164
180
144
147
92
112
155
182
224
268
223
204
228
189
163
146
123
114
99
60
105
105
49
60
39
13
6
-4
-4
-32
-51
-17
-14
-27
-93
-127
-136
-121
-135
-119
-33
-68
-4
-41
-40
-32
-41
41
75
28
-37
15
-32
-19
5
9
9
36
62
46
31
4
10
0
15
2
23
37
-17
12
31
14
17
52
76
39
7
13
25
8
15
25
-5
31
11
7
-29
-31
-44
-74
-69
-73
-85
-94
-91
-131
-70
-84
-166
-161
-144
-111
-95
-84
-88
-43
26
-6
-96
-72
-92
-37
-69
-56
-50
-74
-9
-38
-20
-56
-57
-27
-18
14
-22
-48
-29
-14
-1
-16
-17
-18
-9
23
21
117
120
114
126
146
199
158
115
127
130
127
179
149
109
97
107
124
60
3
-32
-56
0
-15
-30
-78
-38
-17
-11
-29
-58
-104
-50
-18
-23
-78
-138
-48
-49
-35
-87
-95
-115
-104
-114
-52
-94
-71
-18
-100
-44
-82
-136
-143
-145
-158
-143
-113
-83
-80
-99
-73
-22
-17
39
36
62
118
80
45
57
56
38
84
114
126
188
191
237
212
158
222
224
237
223
247
256
281
240
191
193
155
152
132
137
133
93
81
68
43
12
7
-38
-13
-12
-53
-31
-35
-104
-87
-167
-245
-212
-215
-208
-200
-170
-193
-180
-145
-162
-187
-176
-178
-196
-200
-205
-194
-199
-220
-175
-179
-144
-85
-97
-36
-43
-34
12
2
0
-15
39
64
63
174
144
155
185
212
249
216
216
238
296
261
237
210
183
195
183
172
180
149
138
138
136
86
14
-24
-42
3
-84
-111
-37
-53
-64
-73
-99
-167
-201
-198
-199
-203
-207
-183
-122
-135
-99
-71
-118
-143
-118
-83
-89
-68
-101
-147
-147
-151
-118
-200
-190
-120
-91
-173
-142
-83
-82
-57
-75
-42
-55
-1
54
14
27
21
7
38
110
63
44
96
116
147
131
139
179
175
156
99
109
157
136
89
54
96
28
-27
-62
-85
-57
-44
-27
-28
-32
22
41
6
34
50
44
55
71
54
39
84
114
114
150
163
152
81
92
78
36
14
9
22
35
37
25
38
37
29
-15
51
39
22
77
32
96
123
67
65
60
70
45
13
3
14
2
15
-45
-58
-71
-72
-47
-122
-76
-50
-53
-15
0
-41
13
67
24
-9
3
-20
-57
-33
-13
-13
18
31
-5
20
24
21
29
-23
-6
-2
3
-14
-59
-66
-89
-95
-115
-164
-147
-162
-102
-143
-179
-188
-219
-195
-217
-212
-209
-169
-113
-103
-111
-90
-95
-59
-75
-86
-47
-71
-14
-64
-82
-108
-142
-109
-117
-101
-96
-44
-40
-23
22
57
-4
11
44
79
106
75
39
50
72
102
95
114
144
185
210
217
230
182
147
126
167
129
120
87
139
123
140
72
64
41
52
82
37
48
89
52
30
33
-21
29
-2
40
47
79
63
89
107
61
90
89
114
122
184
135
172
197
190
173
118
126
103
92
69
37
40
40
0
-42
-81
-105
-79
-101
-127
-81
-86
-70
-93
-114
-118
-188
-110
-150
-202
-244
-196
-254
-249
-240
-234
-209
-227
-219
-180
-143
-132
-96
-125
-76
-82
-83
-35
-85
-134
-109
-96
-148
-139
-121
-89
-23
-42
-23
-2
-4
16
73
58
34
63
80
132
161
113
118
215
189
169
168
197
177
180
195
172
153
167
231
139
154
135
112
112
100
19
-13
3
24
49
-3
10
43
97
81
18
17
35
21
-17
-36
-60
-66
-113
-113
-201
-237
-178
-162
-160
-142
-70
-74
-49
-57
-41
-127
-175
-170
-123
-63
-22
-4
11
27
102
96
91
91
90
91
126
131
114
121
113
168
127
106
127
147
183
150
96
153
175
83
55
39
41
20
-24
-46
-39
-100
-111
-156
-170
-184
-148
-151
-221
-218
-189
-198
-226
-185
-191
-184
-157
-198
-210
-256
-264
-188
-109
-166
-142
-144
-149
-120
-109
-109
-92
-41
-60
-20
-9
-37
-49
-49
-78
-29
-35
-20
5
39
70
81
115
125
80
113
192
213
193
241
254
202
252
223
223
278
302
354
333
300
284
258
254
272
253
241
271
278
236
242
249
223
195
160
138
124
36
8
-5
41
28
4
-64
-130
-117
-121
-166
-116
-143
-166
-135
-183
-198
-222
-245
-263
-258
-300
-255
-255
-250
-272
-240
-224
-181
-173
-149
-121
-73
-28
-39
-48
-93
-113
-138
-76
-88
-65
-72
-66
-63
-23
11
-15
34
28
-4
14
38
-7
-12
8
50
76
58
96
114
101
159
109
123
140
134
138
123
108
66
103
69
58
-13
-20
24
-9
-37
-15
-52
-95
-77
-97
-112
-130
-107
-96
-122
-148
-142
-108
-89
-72
-55
-45
-47
-31
-40
-36
-30
-15
-50
-56
-55
-63
-50
-49
-15
-23
-41
11
21
26
100
31
46
86
66
-14
-25
-39
2
5
33
93
106
116
79
90
92
56
68
97
111
87
138
145
98
142
157
139
109
157
153
122
106
137
127
120
130
126
127
108
123
83
48
36
35
2
-11
-48
-37
-24
-29
-62
-23
-20
-15
44
-15
-55
-66
-76
-101
-98
-98
-87
-89
-76
-41
-69
-78
-104
-103
-36
-61
-81
-69
-33
5
-28
-34
-34
-57
-32
-34
-4
-54
-3
43
39
64
4
-49
-28
-48
-85
-54
-90
-63
-30
-41
-56
-40
-17
1
-41
-57
-56
-89
-86
-9
-10
-31
-45
3
-14
-79
-73
-117
-72
-46
-58
-41
33
28
-10
-2
11
43
42
-3
27
15
16
53
4
-5
-26
-19
-23
-11
-25
-46
-34
6
-7
-50
4
62
137
115
52
47
74
74
68
35
46
51
92
53
34
11
-23
-29
-48
-30
-21
-23
0
2
-45
-55
-118
-92
-118
-119
-144
-71
-50
2
-23
-19
32
-3
25
12
71
97
127
121
54
64
81
120
130
175
131
87
145
110
69
102
98
67
79
53
36
62
36
43
29
6
36
-9
0
40
36
27
-16
66
79
50
64
43
27
26
52
6
-51
-77
-65
-14
3
-75
-88
-75
-40
-79
-91
-99
-72
-38
-19
-49
-107
-78
-51
-68
-94
-51
-63
-62
-70
-64
-17
8
-54
-61
-2
-24
-25
10
18
29
34
57
57
66
44
46
107
45
-26
-39
-52
-44
-22
-6
-46
27
-27
-50
9
-13
17
22
31
18
15
-7
27
6
-49
-67
-104
-80
-44
-95
-89
-70
-75
21
-14
-18
-39
-33
-39
-17
4
-27
-34
-36
-53
-81
-70
-61
-65
-94
-105
-98
-66
-60
-18
10
31
14
11
3
13
17
-14
8
-4
30
28
34
13
8
24
42
78
82
51
47
106
58
-1
14
1
6
54
124
74
121
137
139
115
83
52
18
76
131
120
129
115
107
99
67
24
-18
-28
-25
4
-23
36
9
-31
-43
-22
-38
-38
-16
-20
18
25
-1
6
2
50
-6
7
21
-53
-87
-28
-56
-92
-64
-59
-65
-98
-107
-112
-99
-33
-32
-41
19
-7
0
-17
-39
-69
-91
-88
-55
-77
-32
-2
8
67
92
72
110
172
97
162
255
209
151
149
71
63
36
18
-12
-26
45
54
73
79
62
-9
18
22
22
23
44
43
4
46
31
-34
-29
-8
-22
2
-50
-57
-77
-112
-87
-67
-57
-69
-75
-114
-124
-113
-109
-81
-118
-90
-103
-76
-59
-12
-40
-99
-47
-44
-104
-88
-91
-60
-44
-65
-31
-55
-103
-64
-24
-40
-10
28
77
55
80
84
47
44
6
-19
-11
5
-12
-59
-78
-72
-73
-31
-76
-100
-55
-91
-92
-26
-30
-24
-27
-47
3
-5
-21
-61
-21
-41
-47
-3
33
45
66
77
107
57
5
74
57
20
26
-1
9
40
56
56
51
73
17
23
63
16
41
86
57
63
65
27
73
107
104
120
115
70
103
92
88
90
45
64
54
44
51
72
53
55
68
71
53
21
14
11
-24
-13
-33
-44
-21
-26
-25
-20
-28
-34
-68
-3
60
69
76
67
59
-7
10
2
-31
-62
-25
-11
15
30
5
18
28
48
79
41
55
89
69
9
15
15
-20
33
2
15
-18
6
13
37
35
-31
-25
-8
-39
-76
-44
-80
-39
-47
-63
-33
-62
-47
-69
-62
-81
-104
-126
-100
-133
-137
-83
-105
-87
-72
-96
-127
-112
-131
-122
-113
-51
-49
-72
-89
-77
-99
-156
-170
-178
-131
-93
-51
-74
-58
-42
-85
-98
-66
-34
-23
-21
58
34
-15
42
14
-40
-31
-68
-12
23
46
27
51
110
72
79
114
144
170
183
158
250
207
205
161
126
160
93
78
54
72
74
46
104
96
103
73
90
132
63
102
101
121
111
109
94
101
98
72
101
54
32
63
72
-7
-17
-17
-33
-23
-13
-20
-71
-52
-23
-38
-38
-27
-78
-58
-117
-87
-59
-56
-35
-51
-2
-56
-68
-68
-53
-48
-40
-29
-37
3
-2
27
0
-26
19
-2
-22
-6
-26
37
93
63
67
20
25
26
-21
-91
-62
-27
-38
-40
-38
-60
-53
-31
-82
-69
-6
-20
2
-5
-35
-9
-83
-99
-77
-86
-37
-26
-41
-56
-67
-109
-94
-94
-139
-99
-146
-154
-155
-156
-137
-109
-145
-175
-96
-179
-163
-100
-103
-79
-79
-99
-24
-1
39
60
47
42
-20
35
39
93
154
163
168
172
130
94
116
119
123
93
113
95
80
85
75
51
86
128
114
123
144
99
120
77
82
103
110
120
91
-2
11
28
-10
-17
-5
20
2
81
30
-9
34
50
54
29
43
5
64
67
95
71
28
-6
-66
-119
-109
-82
-106
-43
-59
-46
-44
-29
-23
-74
-26
-43
-58
-14
4
12
14
53
81
24
30
75
75
96
42
53
24
-10
-11
-76
-27
8
47
3
-38
-56
-26
-12
-16
-13
-27
-3
-11
-63
-35
-3
-14
-27
-39
-4
-42
-41
-51
-30
-4
-33
-44
20
11
-12
24
-14
12
66
24
-53
-49
-18
-61
-60
-40
-47
18
-8
-23
-5
-27
3
-18
-14
-13
-6
-50
-39
-3
-14
23
32
28
-2
-26
21
27
7
6
33
27
41
65
10
13
19
-10
-10
-11
-3
-47
-62
-26
-20
-34
-53
-91
-50
-76
-74
-58
-110
-86
-65
-69
-76
-84
-93
-57
-3
-41
-60
-31
-43
-48
-49
-76
-44
-38
-17
4
6
26
11
7
46
24
13
18
46
31
52
22
33
19
-42
-15
63
60
55
89
32
66
76
46
4
39
23
24
43
43
82
68
63
50
29
33
49
15
-2
20
67
34
76
85
5
30
54
23
23
1
4
22
31
17
66
53
28
87
38
-4
-4
30
-8
-16
-1
24
21
-19
20
6
-9
44
25
30
0
29
-4
13
-6
30
50
74
100
76
79
30
56
37
35
45
19
-14
20
-15
-15
18
16
0
62
70
40
-34
-28
-48
-98
-35
-58
-36
-46
-10
31
25
-36
-48
-26
-51
-58
-42
-61
-81
-77
-71
-92
-132
-136
-93
-73
-95
-84
-79
-106
-119
-92
-81
-60
-72
-79
-71
-63
-19
-61
-46
-69
-85
-94
-44
-11
-15
-15
-3
4
-21
36
52
103
71
98
112
64
88
105
27
54
70
-21
14
22
0
23
44
28
9
1
-10
-20
-7
8
19
33
35
47
19
20
28
-18
15
1
-12
-45
-45
-63
-29
-11
17
31
9
12
-5
22
32
23
36
0
-64
-22
-62
-75
-108
-109
-64
-49
-56
-27
-32
8
-35
-24
12
-35
-22
22
8
-38
-7
-6
19
53
77
77
64
16
32
26
43
91
164
189
163
103
92
116
81
104
71
62
12
79
41
6
43
55
9
-11
6
-25
-21
-1
-18
-57
-38
-28
-43
-42
-68
-61
-40
-35
18
-44
-22
14
15
11
37
7
-2
-6
-35
-11
46
24
-6
-10
-25
27
46
33
34
-3
7
39
-13
-61
-35
-52
-75
-54
-70
-24
-18
-8
19
10
-25
-16
-21
-38
-73
-45
-5
-43
-13
-3
-34
20
21
-23
-64
-59
-87
-117
-131
-141
-132
-129
-135
-149
-159
-109
-33
-18
20
31
28
24
5
-30
-31
-66
-33
-20
28
83
57
70
74
98
128
125
146
177
130
126
75
45
44
60
68
50
49
71
118
67
96
88
59
72
64
57
-41
-31
-37
13
-3
50
72
10
36
32
21
19
32
39
36
5
36
40
65
34
13
44
41
-6
-32
-40
-73
-45
-26
-40
-55
-97
-103
-112
-115
-122
-97
-90
-80
-70
-119
-124
-162
-109
-142
-128
-73
-63
-42
-10
1
-14
7
-4
-25
-1
37
-3
23
21
-9
32
79
119
67
68
49
47
64
79
42
95
121
76
120
139
99
87
93
97
85
78
103
118
103
101
94
40
45
10
18
11
-19
-6
36
23
45
-12
-37
-30
-59
-62
-79
-89
-124
-100
-128
-139
-123
-139
-132
-113
-141
-131
-117
-113
-121
-169
-126
-128
-59
-28
15
-25
-43
24
27
8
-12
60
26
-10
20
-14
-67
-5
19
-41
-38
-24
-4
44
18
27
57
35
43
-17
-15
40
-22
-15
-37
-20
-45
-71
-58
-42
10
28
30
41
40
53
34
66
86
40
24
57
74
39
96
56
27
21
69
40
-45
-23
-13
-51
-34
-8
-6
-48
-49
-102
-115
-56
-78
-66
-89
-81
-90
-86
-39
14
-20
-53
-29
-34
-35
-14
28
42
116
140
108
124
124
132
105
64
101
71
91
103
90
93
146
110
129
140
72
45
55
53
39
49
44
12
-32
13
43
3
8
-18
-9
12
27
25
11
-20
-19
-1
-12
11
15
14
17
21
-3
-13
-31
-8
-42
-33
-19
-29
9
-27
-23
-45
-50
11
33
-11
-32
-32
2
-43
-61
-40
-52
-82
-67
-65
-67
-42
-21
-27
-20
6
4
-14
-31
7
-5
17
-64
-59
-55
-25
-50
-75
-26
7
16
-2
36
16
-2
14
16
7
38
19
40
27
6
-7
-47
-39
-24
-7
-14
9
27
70
32
37
117
102
66
83
62
27
38
43
41
16
30
35
11
-48
7
-45
-100
-109
-89
-105
-50
-32
-40
-25
-74
-95
-120
-111
-132
-115
-122
-95
-73
-67
-61
-73
-17
12
-3
-20
-37
-64
-121
-111
-52
-61
-66
-51
-61
-64
-69
-42
-37
-71
-7
52
20
28
91
110
93
83
98
114
82
82
60
37
-7
-15
-44
-52
-42
-16
61
126
182
192
220
198
197
199
110
127
96
22
41
14
-22
-26
31
5
32
72
30
51
54
22
70
125
91
24
-12
-39
-68
-82
-79
-102
-60
-35
-70
-45
-29
-28
-45
-33
-10
11
8
33
18
51
28
53
77
44
-31
-50
-38
-81
-35
-33
-28
-36
-12
-20
-37
-21
-64
-84
-128
-124
-98
-88
-51
-12
1
14
-7
4
-24
-42
-56
-26
-5
22
27
52
30
-8
-25
-86
1
11
56
66
88
78
18
23
-43
-73
-124
-105
-63
-49
-39
-75
-65
-74
-48
-36
12
28
41
12
15
59
33
-18
-19
7
13
22
34
17
20
25
13
-12
-26
-47
-35
11
68
116
138
118
57
54
-7
-13
10
-33
-28
31
43
93
124
96
87
66
37
23
28
17
41
53
63
81
116
106
101
152
117
104
75
61
32
71
97
102
114
89
76
53
28
25
15
-29
-36
-83
-70
-37
-74
-97
-93
-107
-105
-99
-79
-64
-113
-96
-140
-151
-174
-131
-125
-131
-81
-93
-98
-93
-102
-136
-122
-143
-111
-147
-167
-111
-127
-123
-102
-118
-113
-96
-68
-48
-61
-51
-41
-27
-33
9
32
1
41
27
86
69
83
85
16
87
112
153
143
185
206
160
134
103
105
80
61
42
75
68
30
52
38
-11
-38
13
51
51
57
106
98
80
106
88
81
29
61
37
-4
27
36
10
19
62
2
30
37
-3
41
33
16
36
38
31
5
-5
11
19
20
22
47
41
-18
-68
-84
-118
-130
-92
-89
-112
-84
-80
-101
-148
-131
-99
-143
-103
-129
-123
-76
-102
-80
-89
-92
-100
-119
-101
-121
-72
5
-14
-25
-20
-29
-45
-58
-70
-67
-84
-108
-88
-102
-82
-29
-45
-1
16
40
71
75
107
105
67
82
49
19
4
27
5
-8
29
16
23
22
72
94
66
111
102
131
105
98
95
86
73
68
81
41
25
-9
18
53
89
98
109
83
101
77
77
73
58
93
90
86
71
92
94
86
100
98
106
84
99
140
148
111
66
73
63
-10
-3
18
2
0
-41
-13
-6
-50
-74
-10
9
11
27
-18
-37
-38
-58
-88
-54
-95
-82
-134
-97
-54
-74
-80
-32
-38
-51
-32
-17
-19
-67
-121
-132
-144
-149
-147
-144
-88
-95
-36
-26
-33
-37
-97
-90
-85
-101
-72
-67
-114
-57
-28
-2
-16
-28
-52
-42
12
3
51
64
6
52
88
73
91
49
49
56
32
-7
-12
-42
-32
6
-39
-30
-59
-82
-83
-95
-93
-66
-76
-62
4
-22
-54
-36
-16
-26
-50
-42
-32
-25
-34
-2
9
23
33
48
15
41
68
80
51
13
30
36
18
-20
-12
-45
37
19
-18
44
39
21
63
32
30
15
0
21
10
47
66
37
48
25
45
47
61
52
92
93
73
75
121
107
90
139
114
145
113
109
114
113
92
80
78
69
91
89
48
51
55
38
-20
-1
22
-20
1
-11
-11
-27
-53
-28
-33
-54
-64
-97
-104
-75
-85
-37
-26
4
2
-2
-24
-41
-37
-94
-81
-84
-72
-75
-120
-135
-109
-199
-160
-135
-119
-100
-76
-51
-27
-44
-73
-72
-93
-100
-113
-101
-126
-129
-117
-86
-89
-27
5
11
54
50
60
53
59
79
48
43
68
37
61
49
32
37
90
82
83
61
38
41
40
41
67
50
57
49
8
24
0
29
2
-15
-7
19
-23
21
33
91
103
32
90
113
123
65
52
40
32
19
50
17
14
32
47
39
-6
13
23
23
28
27
-1
0
-12
-38
-74
-98
-67
-86
-55
0
-2
-15
20
10
-9
-11
-12
-28
10
58
51
43
36
32
-29
-19
-57
-58
-91
-61
-26
-20
-1
-12
-15
-24
2
-67
-50
-48
-52
-27
-33
-26
-26
-41
9
19
-32
-10
-9
-32
-33
-59
-11
52
59
55
68
76
51
58
49
47
34
4
74
68
84
77
65
58
7
-27
-19
5
32
-5
-75
-37
-70
-47
-42
-43
-4
-7
-17
8
24
36
8
-14
-65
-68
-40
-49
-39
-61
-73
-46
-80
-72
-77
-53
-62
-26
-22
-14
15
46
71
33
48
16
-19
-27
-10
-48
-66
-43
-34
21
49
20
81
-13
-18
42
59
68
103
78
0
-44
-11
33
35
113
142
127
46
12
9
6
17
-7
-22
-37
-30
-3
8
-3
15
2
7
-14
-72
-80
-69
-82
-56
-23
-63
-112
-127
-153
-81
-59
-78
-65
-66
-75
-97
-62
-47
-61
-83
-76
-57
-78
-105
-80
-40
-44
-52
-30
-72
-41
-7
-42
-14
20
26
55
19
-26
-40
-86
-80
-17
-34
3
51
30
83
114
119
139
187
180
180
207
141
143
130
143
123
117
127
114
145
147
154
180
167
191
209
193
163
152
119
96
84
58
60
-2
60
56
42
82
54
56
59
10
-9
-35
-1
-22
-8
-26
-14
-16
-39
-59
-61
-73
-95
-108
-121
-133
-123
-128
-93
-88
-45
-80
-69
-56
-98
-147
-145
-146
-112
-90
-84
-65
-54
-53
-50
-38
-37
-32
-1
-31
-26
-18
-23
30
21
63
41
34
8
-19
-43
-56
-10
-36
5
14
-4
-5
-33
-45
-91
-76
-45
-22
-69
-67
-39
-38
-30
-44
-66
-75
-80
-102
-72
-99
-81
-36
-39
-63
-43
-27
-53
-48
-93
-89
-70
-33
-51
-33
6
-21
-10
6
22
40
43
25
43
25
-26
-8
12
32
43
35
77
55
54
66
82
74
98
112
130
139
142
126
92
84
81
116
115
129
141
108
78
79
82
69
64
45
45
64
32
15
13
17
27
-20
-27
-50
-57
-48
-26
-13
-17
-33
-22
17
-27
-36
-45
-16
-31
-10
40
42
60
64
89
46
-5
12
-5
-46
-38
-12
-21
-16
-8
-5
-49
-53
-33
-46
-47
-61
-73
-85
-100
-57
-63
-65
-74
-69
-96
-104
-114
-180
-114
-99
-92
-64
-67
-49
-48
-55
-56
-41
-54
-34
-80
-63
-60
-57
-57
-10
26
-17
26
66
64
109
104
47
79
89
102
85
55
56
50
40
48
60
81
51
52
41
55
92
109
91
89
48
27
32
57
56
30
22
52
51
4
13
-25
-18
-11
-20
-1
-21
-10
-5
-10
-18
-32
-4
-14
-42
-16
-3
-3
-14
36
13
2
53
37
9
-5
27
15
25
6
45
57
39
-2
-27
-50
