-22
-35
-14
-42
-30
-106
-141
-166
-186
-120
-64
-143
-138
-47
-118
-36
-117
-75
22
24
144
323
385
393
300
278
250
228
203
126
206
173
146
29
5
19
40
29
40
38
118
171
244
323
256
169
74
-46
-139
-207
-278
-149
-55
-24
38
50
18
39
-26
-86
-123
-211
-198
-241
-232
-229
-223
-154
-193
-237
-232
-187
-61
-1
78
124
108
10
-19
-7
25
5
19
48
97
128
71
-23
23
156
247
259
270
210
120
100
82
72
78
55
42
115
182
141
114
71
36
103
173
205
155
86
15
43
-45
-91
-107
-36
8
62
58
94
153
162
169
103
-85
-147
-115
-153
-79
24
-30
-139
-240
-281
-147
-132
-60
-45
-38
62
83
3
-48
-51
-53
63
62
42
42
93
-1
-153
-176
-157
-119
-137
-85
-91
18
106
57
-74
-160
-145
-120
-76
-87
-159
-128
-57
-76
-71
-121
-142
27
125
65
19
3
141
203
166
0
-48
3
48
68
-16
-91
-129
-154
-170
-112
-72
-22
-56
-76
-104
-216
-207
-96
74
174
69
34
86
54
67
63
52
40
96
109
133
154
204
184
120
191
203
119
111
11
-46
-100
-41
22
-12
22
-23
-11
5
41
19
-24
-52
25
29
-62
-81
-56
-57
-63
-14
71
87
169
173
123
87
3
-21
-13
-3
18
104
113
58
-80
-198
-203
-189
-115
-181
-111
-137
-138
-105
-149
-77
46
85
142
124
123
97
28
44
39
102
124
179
243
166
122
196
228
170
130
172
168
147
93
-1
43
18
42
122
133
146
81
-29
-44
-79
-110
-141
-186
-218
-292
-275
-256
-258
-237
-276
-298
-195
-98
-70
-89
-114
-102
-140
-257
-278
-288
-258
-295
-236
-141
-84
-26
-36
-92
-244
-217
-235
-121
-43
-31
73
194
174
243
264
187
72
45
56
103
141
123
198
157
215
161
-6
71
106
56
108
121
188
230
222
180
160
122
135
21
-39
46
78
99
71
12
25
-52
-12
-29
-99
-67
-117
-113
-36
8
47
-83
-62
6
-22
-104
-199
-238
-239
-268
-275
-350
-214
-157
-206
-147
-70
-108
-84
114
151
140
172
155
76
11
-107
-179
-161
-46
-28
103
213
245
206
168
96
35
25
67
109
190
261
371
289
271
253
149
71
71
128
149
126
119
148
34
27
94
140
184
240
182
148
107
152
159
75
75
18
94
79
-9
-135
-153
-166
-127
-151
-244
-181
-193
-100
-59
-115
-104
-79
-77
-136
-167
-100
-68
-47
-18
-34
-97
-67
-78
-99
-174
-135
-53
-76
-131
-152
-91
-159
-171
-107
1
20
84
86
-30
-161
-185
-203
-162
-123
-85
17
48
90
44
25
72
232
253
186
125
165
132
34
101
44
-20
29
136
27
-25
-30
59
121
107
59
33
-42
3
31
-34
-65
-156
-177
-251
-217
-256
-241
-157
-74
59
209
301
194
29
-84
-102
-161
-128
-102
-58
47
123
65
73
115
30
71
-1
-90
-44
64
85
24
-67
-153
-128
-154
-161
-166
-128
-19
4
10
-118
-149
-122
-99
-84
-150
-128
-107
-118
-31
-6
30
50
-40
42
-35
-97
-148
-175
-204
-127
-158
-151
-49
42
157
178
205
146
206
176
155
149
117
129
57
139
137
83
-2
14
-7
-29
23
61
112
185
192
124
110
170
102
50
111
109
86
86
-8
-85
-35
-15
5
105
179
169
113
63
14
-1
74
136
113
135
150
66
56
63
24
57
92
55
30
34
32
66
138
70
-9
-131
-115
-107
36
141
150
101
29
-42
-58
-77
-123
-43
6
131
140
117
144
169
164
103
108
61
-70
-6
96
31
19
-56
-127
-163
-248
-223
-289
-281
-158
-99
-115
-41
-14
-38
-19
-88
-150
-200
-197
-200
-249
-289
-240
-174
-174
-162
-193
-223
-313
-349
-266
-173
-225
-230
-254
-252
-190
-28
-61
-174
-207
-225
-134
-121
-91
-85
-14
12
92
126
209
293
312
170
95
75
87
133
18
133
147
170
269
306
260
249
191
194
184
117
90
77
89
3
17
45
122
206
257
214
156
150
159
170
123
185
228
213
246
260
144
121
210
175
162
145
72
19
-6
-15
-13
-16
-51
-102
-86
-3
-14
-28
-2
45
4
-60
-51
-37
7
33
26
-34
-87
-35
-39
-148
-220
-161
-67
19
24
-10
-130
-181
-82
-123
-161
-147
-128
-80
-168
-288
-365
-363
-320
-264
-278
-227
-200
-241
-151
-62
-110
-292
-281
-255
-131
2
34
-38
-115
-70
23
64
102
198
205
120
-58
-109
-168
-94
-37
-64
15
84
150
175
218
179
180
188
203
266
233
168
140
52
-29
-19
-8
29
-5
-11
17
-67
-80
-24
28
69
121
72
-25
-81
-128
-139
-204
-108
-86
-27
116
148
165
110
131
74
-3
-21
-80
-43
-2
0
22
-17
36
63
192
220
152
131
153
32
10
-64
-43
47
114
188
106
66
-87
-73
-65
-19
-89
-89
-42
-18
-78
-140
-116
-13
23
45
36
35
-16
7
-13
27
61
15
-44
8
75
36
-11
-106
-90
-95
-47
56
101
56
16
5
33
20
15
85
96
7
-84
-50
71
80
98
59
67
-22
-95
-1
-39
8
72
71
14
-45
-153
-140
-64
0
10
76
98
47
70
47
-70
-74
6
85
132
188
175
141
95
165
149
181
167
129
160
175
222
210
171
40
80
138
96
93
65
26
-63
1
-4
-67
-64
-66
-119
-165
-135
-150
-81
-55
7
7
12
-17
-75
-34
-75
-97
-208
-191
-123
-87
-37
-10
-112
-269
-252
-292
-295
-299
-274
-127
-115
-178
-190
-220
-250
-260
-278
-232
-163
-130
-75
-32
-87
-68
5
76
92
62
112
138
133
135
79
102
153
152
66
50
53
49
17
-127
-99
-96
-32
-35
-42
-20
21
87
50
9
-12
-49
-99
-134
-175
-211
-154
-64
33
40
-43
59
91
67
1
-36
-32
51
128
124
112
42
14
-35
-60
-83
-101
-11
45
14
25
-86
-73
-32
-48
98
186
232
230
154
101
42
-16
-65
-61
21
65
82
11
-12
-32
-109
-145
-186
-100
-39
80
124
72
10
22
16
-33
33
47
140
94
56
21
95
173
268
312
310
332
260
170
-32
-111
-28
164
319
352
221
159
195
177
115
84
-6
27
63
133
169
150
152
96
30
-39
-68
-73
-7
46
17
24
34
-39
-97
-100
-70
-38
-4
85
11
15
96
3
-76
-109
-49
-52
-40
-2
-47
-129
-242
-154
-68
-44
16
21
-18
-90
-105
-124
-151
-151
-134
-163
-140
-74
-110
-150
-136
-76
-28
-61
-154
-125
-199
-278
-318
-352
-369
-297
-139
-91
-57
-35
1
1
6
-50
-65
-99
-89
-77
-38
-16
-51
23
-72
-57
23
55
137
96
198
283
262
187
119
45
21
-44
-113
-135
-157
-107
-97
-86
60
86
91
63
104
133
149
131
128
96
45
29
-15
12
135
313
242
237
243
250
193
163
-53
-122
-89
-26
-10
-47
-19
-52
-63
-84
-36
-69
-57
-33
-24
-79
79
57
-63
-97
-108
-87
-74
-72
-113
-79
2
105
111
92
85
90
134
112
22
-31
-13
49
79
28
-52
-67
-80
-92
-74
-61
40
71
41
25
42
84
107
60
-14
10
119
48
-7
-72
-168
-149
-164
-45
153
179
60
50
30
-8
-40
-18
4
-9
6
5
-82
-163
-77
-51
-64
-99
-70
39
90
80
63
42
4
-1
32
-4
-52
-65
-44
60
46
-2
-43
-56
-133
-81
-12
90
164
218
201
83
33
-11
-39
-75
-104
-73
-74
-120
-212
-217
-192
-117
-21
13
-23
29
18
-29
-35
-25
-108
-124
6
27
17
37
18
-118
-133
-50
1
-90
-41
-39
-56
-103
-137
-98
-30
15
56
17
-59
-64
-49
-87
-35
27
37
21
-46
-20
-65
-10
-39
-18
15
48
161
212
215
183
146
70
89
111
34
30
60
106
171
164
162
89
15
8
-1
95
215
197
117
105
158
128
141
131
77
95
83
76
55
-1
-101
-176
-175
-142
-1
29
83
60
-18
-57
-138
-193
-177
-105
-94
-77
-26
102
153
110
53
52
-50
25
34
54
109
90
74
17
0
-72
-86
62
124
101
83
44
67
83
14
-26
-57
3
55
63
84
70
115
75
17
4
13
7
98
47
88
215
241
249
210
183
129
149
102
73
-47
-44
-83
-136
-218
-244
-250
-301
-255
-250
-239
-232
-284
-284
-300
-292
-243
-223
-180
-190
-161
-135
-18
-40
-99
-84
-142
-192
-210
-165
-70
45
78
55
-12
33
15
-78
-86
-167
-235
-212
-146
-137
-87
-74
-163
-193
-207
-213
-173
-102
-101
37
143
122
38
39
-75
-83
-33
90
130
142
177
64
28
16
-14
-33
-34
-76
-34
-37
11
60
115
66
7
-6
34
52
72
116
90
90
74
134
71
107
174
110
92
2
-27
-29
24
50
-23
-35
24
150
165
181
147
174
217
224
155
104
115
84
93
68
31
101
193
181
162
176
182
184
231
216
138
128
150
177
216
172
130
173
219
207
228
144
63
54
45
60
62
49
14
-4
-2
-20
-61
-65
-76
-26
24
-44
-135
-178
-202
-92
-23
-27
-39
-12
22
-57
-141
-214
-90
-48
-25
1
29
7
-120
-184
-230
-250
-264
-207
-174
-93
-38
-18
-130
-240
-236
-127
-67
-15
-18
-111
-68
-54
-36
-114
-140
-176
-106
-43
95
80
-37
-103
-211
-282
-230
-180
-315
-272
-222
-206
-140
-117
-56
-17
64
1
-87
-106
-57
-103
-71
-58
-28
53
84
106
84
124
46
43
34
95
90
100
167
169
208
153
146
60
15
25
-46
-80
-29
82
144
154
234
272
247
258
331
384
337
278
215
177
136
84
39
115
114
98
161
76
44
-10
-13
19
72
50
-38
-25
-97
-157
-268
-276
-288
-338
-251
-145
-162
-155
-138
-107
-45
-20
-90
-62
74
192
191
139
108
121
98
107
77
40
2
44
45
-27
-113
-155
-118
-139
-178
-30
-28
15
92
31
-11
1
27
-1
-16
-49
4
-17
-18
-5
-38
-30
72
92
-3
14
-9
-9
71
2
2
-81
-125
-164
-171
-204
-242
-319
-339
-243
-226
-132
-122
-129
-59
-4
40
17
21
-38
-53
38
7
-18
-8
41
67
132
121
27
-28
-45
-117
-155
-180
-184
-38
26
120
144
232
265
179
75
5
40
89
142
183
234
227
229
138
59
67
151
154
174
194
228
216
163
51
16
-24
41
96
120
57
-14
-7
-5
-87
-173
-162
-124
-105
-125
-166
-230
-244
-225
-78
-59
-63
-78
-127
-104
-85
-80
-94
-107
-126
-173
-271
-211
-154
-54
10
15
97
172
138
154
132
81
112
119
69
16
54
166
206
227
230
149
119
130
137
125
166
288
311
210
123
72
120
59
29
-24
-65
-37
-54
-94
-158
-130
-38
45
29
4
-39
-45
-46
-110
-161
-212
-90
-4
-9
-13
-19
1
16
35
32
82
86
24
30
-5
45
27
50
0
-11
-86
-34
63
132
139
126
47
-53
-116
-170
-104
-61
-1
22
-46
-131
-115
-175
-166
-223
-144
-92
-32
47
68
134
216
222
125
10
-35
-37
-11
-3
-70
-94
17
128
174
161
73
16
-111
-178
-222
-108
-67
-81
-79
-63
-121
-121
-59
-3
22
-6
-45
-157
-190
-191
-148
-117
-88
-124
-99
-8
-33
-78
-149
-123
-117
-107
-87
-111
-62
-59
-49
-35
-83
-82
-23
-75
-126
-146
-157
-65
-41
-118
-106
46
87
91
69
15
67
78
10
-19
0
101
136
23
-36
-36
-14
58
36
30
60
75
146
109
82
78
25
33
-38
24
41
71
85
185
257
297
245
144
83
-18
-23
-56
-11
26
122
183
209
180
221
190
94
32
13
39
53
95
132
128
227
285
237
143
-13
-41
46
66
175
179
81
40
-159
-246
-248
-115
60
54
91
44
5
-8
22
-17
-54
-87
-88
-63
-89
-119
-187
-220
-158
-104
-159
-122
-41
50
75
13
-122
-145
-132
-146
-147
-78
-36
-5
40
-19
-55
-60
41
137
144
112
92
16
5
15
-38
-80
13
49
68
30
21
19
98
101
92
61
58
71
41
101
56
24
15
27
56
82
93
50
33
-57
-82
-51
-19
34
-31
-149
-220
-165
-96
-3
-109
-193
-212
-179
-143
-159
-168
-153
-26
33
48
-15
29
62
43
-63
-145
-222
-231
-158
-137
-112
-67
-2
-16
8
50
-17
-33
-11
-71
-91
-150
-158
-114
-99
-84
89
160
137
173
309
382
378
352
281
280
195
226
191
171
97
116
72
28
-3
-12
79
37
65
15
-55
20
-3
-119
-174
-216
-261
-270
-262
-189
-100
12
41
1
-6
-30
-16
50
91
62
2
12
76
145
115
45
-11
20
82
154
108
-30
-111
-177
-204
-179
-96
-84
-59
14
25
-94
-173
-196
-119
-102
-75
-95
-130
-103
-193
-199
-149
-47
-2
19
31
47
52
4
48
92
87
103
92
100
79
17
12
3
-30
-14
52
-12
-85
-72
-2
133
248
324
244
125
70
85
100
69
60
49
36
3
-17
16
58
27
112
82
33
38
-8
-8
42
7
1
6
69
66
23
-33
-120
-47
16
60
69
24
-62
-46
1
-69
-36
-40
68
53
77
35
21
3
7
19
-28
71
165
159
97
46
-54
-100
-90
-59
-66
25
32
51
53
-56
-112
-188
-192
-120
-93
-48
-34
-1
-82
-221
-228
-211
-229
-185
-206
-191
-134
-71
-42
-27
-79
-105
-109
-87
-104
-160
-117
-74
-42
-47
-41
-18
31
41
24
9
85
138
123
-12
-57
-57
-22
68
126
146
131
174
52
-27
-99
-102
-38
36
-8
44
76
126
173
138
136
36
73
108
130
159
260
181
84
50
50
127
136
145
137
153
263
244
227
180
150
175
202
219
185
234
182
83
-31
-9
-11
-35
-47
41
89
61
78
101
187
180
159
60
36
44
30
-18
-47
6
-8
-14
-18
-41
-124
-157
-86
9
-22
-96
-187
-242
-226
-237
-288
-250
-237
-192
-171
-254
-248
-223
-246
-299
-182
-156
-84
-54
-81
-87
-162
-177
-246
-237
-206
-243
-176
-130
-45
26
103
34
-3
64
21
-5
-83
-154
-234
-157
-87
-91
-51
-9
-33
-10
63
27
-59
-120
-146
-110
-145
-64
-53
-42
35
59
41
-62
-32
58
85
84
82
121
195
185
169
105
93
-24
-67
31
129
144
222
227
209
212
150
207
269
311
236
116
70
61
-34
-55
-107
-98
-47
22
-35
-69
-17
9
88
-26
-65
-67
-59
-92
-86
-111
-152
-149
-174
-171
-132
-61
-73
-27
25
59
89
131
198
273
367
322
231
102
125
155
246
249
159
141
95
151
179
199
165
123
86
56
70
83
110
6
-21
-123
-220
-205
-162
-24
-13
30
13
-55
-71
-134
-253
-247
-161
-111
-106
-71
-52
-59
-10
2
-68
-49
-95
13
97
128
35
-81
-81
-90
-46
-117
-44
-56
3
39
98
110
84
66
104
133
78
66
45
36
-23
-90
-116
-66
-94
-65
-127
-108
-105
-139
-171
-208
-137
-88
-92
-51
-44
28
25
17
26
-21
-112
-130
-85
-7
22
25
124
184
201
125
-47
-123
-117
-119
-52
-49
45
51
51
-35
-82
-42
-11
127
115
65
-9
-61
-79
-77
-52
-9
22
37
83
71
107
181
231
198
170
119
80
114
158
198
114
92
-24
-116
-159
-194
-222
-258
-181
-103
-81
-42
-80
-121
-146
-238
-305
-307
-218
-144
-92
-56
-47
-21
-21
-55
-64
51
124
142
198
211
179
118
46
-5
-28
87
255
220
201
122
51
134
96
147
156
157
146
132
134
147
132
131
90
5
9
-34
-60
-97
-2
95
110
119
78
-15
-18
25
9
43
-62
-104
-118
-83
-32
-140
-160
-97
-95
-115
-133
-194
-218
-193
-139
-25
55
61
-6
-86
-171
-170
-196
-130
-31
67
118
111
75
-18
-33
-104
-90
-65
-43
9
-9
7
11
-4
105
141
137
167
255
243
273
69
48
16
79
130
83
147
287
382
273
261
133
84
1
-103
-257
-171
-106
-48
-51
-196
-293
-344
-399
-463
-461
-479
-387
-414
-507
-534
-549
-486
-420
-315
-245
-203
-210
-247
-339
-440
-453
-367
-243
-244
-200
-112
34
124
272
276
309
291
318
387
435
486
587
673
749
833
823
822
795
752
791
741
643
675
604
588
573
596
535
489
397
276
101
-76
-202
-368
-463
-604
-617
-672
-666
-600
-522
-512
-581
-586
-657
-700
-776
-774
-786
-823
-876
-852
-784
-639
-551
-491
-366
-331
-349
-412
-382
-276
-120
4
174
409
567
798
952
1070
1223
1460
1585
1729
1811
1861
1890
1874
1810
1755
1685
1537
1314
1053
800
542
306
38
-169
-428
-624
-871
-1126
-1408
-1533
-1707
-1737
-1735
-1703
-1613
-1605
-1675
-1701
-1686
-1731
-1743
-1809
-1797
-1745
-1665
-1557
-1469
-1518
-1554
-1433
-1368
-1207
-965
-668
-383
-45
320
784
1283
1865
2418
2621
2821
3076
3356
3588
3764
3732
3621
3516
3292
3065
2789
2664
2483
2179
1790
1340
854
287
-331
-1017
-1636
-2105
-2470
-2745
-2980
-3291
-3573
-3736
-3703
-3524
-3349
-3389
-3442
-3484
-3435
-3320
-3062
-2883
-2752
-2529
-2270
-2072
-1840
-1663
-1500
-1190
-866
-484
-183
145
608
1080
1674
2479
3155
3635
4064
4407
4743
5103
5159
4988
4597
4093
3670
3435
3309
3299
3218
3151
2844
2519
2064
1419
798
226
-302
-1002
-1786
-2586
-3093
-3482
-3641
-3833
-3926
-4133
-4195
-4037
-3736
-3440
-3362
-3403
-3366
-3247
-3086
-2794
-2609
-2392
-2058
-1761
-1602
-1394
-1150
-875
-668
-531
-432
-330
-79
180
529
1030
1757
2618
3663
4222
4381
4385
4455
4784
5111
4947
4446
3927
3559
3335
3379
3411
3384
3266
3017
2683
2062
1299
385
-290
-983
-1558
-2215
-2726
-3014
-3209
-3380
-3511
-3534
-3625
-3688
-3803
-3853
-3904
-3721
-3415
-3038
-2770
-2589
-2386
-2213
-2024
-1853
-1899
-1978
-1914
-1891
-1809
-1683
-1491
-1249
-1034
-807
-490
-381
-192
-73
18
226
656
1413
2430
3434
3952
4215
4376
4653
4915
5136
4937
4475
4008
3645
3466
3407
3397
3302
3163
2884
2419
1736
959
179
-652
-1454
-2181
-2556
-2808
-2957
-3181
-3362
-3432
-3331
-3167
-3058
-3126
-3232
-3215
-3145
-2937
-2814
-2634
-2477
-2316
-2113
-1815
-1543
-1347
-1131
-1023
-1021
-1089
-1169
-1237
-1253
-1212
-1087
-979
-825
-639
-571
-362
-203
144
579
1197
1941
2652
3505
4271
4665
4660
4705
4570
4626
4730
4492
3890
3502
3299
3235
3219
3114
2938
2543
1928
1142
360
-569
-1270
-1919
-2388
-2803
-3094
-3312
-3412
-3384
-3486
-3494
-3531
-3448
-3314
-3212
-3018
-2824
-2712
-2586
-2341
-2180
-1906
-1687
-1569
-1481
-1358
-1280
-1117
-947
-778
-781
-838
-848
-822
-695
-492
-298
-90
57
227
354
569
1048
1446
1938
2522
3015
3550
4159
4434
4431
4171
3878
3631
3606
3360
3130
2828
2559
2399
2388
2498
2268
1937
1278
530
-419
-1319
-2201
-2800
-3171
-3401
-3526
-3341
-3084
-2807
-2605
-2702
-2898
-2952
-2890
-2683
-2478
-2480
-2289
-2107
-1763
-1466
-1119
-948
-633
-566
-458
-374
-318
-156
-74
45
228
439
460
574
599
614
572
368
173
34
-57
15
239
414
741
990
1210
1553
2038
2545
2740
2694
2684
2691
2787
2843
2680
2466
2346
2271
2266
2306
2110
1661
1116
466
-242
-1090
-1863
-2240
-2466
-2350
-2202
-1878
-1788
-1938
-2227
-2420
-2426
-2248
-2003
-2004
-1981
-1818
-1554
-1224
-879
-583
-193
146
165
0
-162
-268
-443
-627
-698
-392
-241
-89
-107
-458
-701
-876
-1141
-1400
-1582
-1788
-1594
-1335
-913
-485
-64
349
896
1526
1955
2420
2674
2870
2972
3168
3283
3508
3796
3857
3853
3693
3532
3523
3333
2891
2256
1562
799
-25
-898
-1611
-2015
-1997
-2015
-2007
-1982
-2065
-1953
-1730
-1491
-1507
-1912
-2342
-2533
-2548
-2330
-2009
-1626
-1230
-850
-701
-780
-944
-1223
-1429
-1604
-1692
-1598
-1374
-1179
-1041
-1188
-1386
-1580
-1701
-1737
-1910
-1850
-1732
-1428
-1020
-468
-2
465
902
1324
1769
2371
2929
3396
3833
4067
4372
4360
4526
4602
4651
4463
4239
3942
3544
3081
2614
2029
1179
265
-847
-1753
-2253
-2268
-2284
-2132
-2204
-2261
-2259
-2199
-1947
-1757
-1925
-2587
-3050
-3150
-2861
-2416
-1998
-1954
-1768
-1506
-1282
-1343
-1436
-1663
-1734
-1732
-1752
-1701
-1738
-1719
-1657
-1524
-1478
-1588
-1629
-1588
-1564
-1537
-1322
-813
-293
330
762
1173
1502
1902
2316
2815
3257
3563
3921
4171
4427
4588
4664
4653
4483
4310
4112
3831
3641
3412
3059
2313
1265
36
-1067
-1648
-1790
-1823
-1859
-2151
-2072
-1818
-1382
-1189
-1296
-1713
-2147
-2672
-3080
-3026
-3021
-2723
-2430
-2188
-2097
-1779
-1816
-1760
-1790
-1954
-2083
-1958
-1854
-1781
-1757
-1844
-1783
-1647
-1525
-1436
-1190
-998
-777
-715
-561
-299
34
453
870
1209
1495
2073
2566
2983
3238
3403
3453
3642
3918
4159
4394
4631
4825
4811
4761
4429
4062
3627
2908
1982
852
-263
-1087
-1337
-1398
-1442
-1792
-2278
-2332
-2049
-1726
-1677
-1900
-2469
-2965
-3388
-3730
-3899
-3761
-3526
-3146
-2709
-2379
-2276
-2171
-2165
-2180
-2073
-1915
-1695
-1362
-1152
-1019
-1048
-1056
-945
-895
-804
-777
-679
-572
-305
-70
243
519
739
1014
1251
1557
1888
2270
2537
2782
2886
2922
3051
3323
3685
3997
4269
4505
4637
4740
4620
4325
3721
2873
1804
572
-769
-1480
-1565
-1406
-1453
-1904
-2273
-2333
-1833
-1426
-1477
-2068
-2643
-3067
-3259
-3445
-3450
-3202
-2744
-2315
-1968
-1926
-1656
-1507
-1402
-1165
-988
-794
-537
-428
-524
-587
-701
-761
-758
-790
-858
-937
-999
-882
-880
-1018
-977
-708
-463
17
211
468
773
1406
1870
2289
2512
2658
2923
3042
3244
3412
3846
4157
4341
4440
4404
4084
3709
3019
1978
914
91
-343
-567
-773
-1154
-1669
-1649
-1292
-807
-686
-975
-1460
-1933
-2340
-2546
-2551
-2673
-2678
-2470
-2229
-2030
-1783
-1638
-1380
-1245
-1190
-1278
-1235
-1139
-1031
-989
-1018
-1131
-1198
-1465
-1768
-1993
-2162
-2049
-1886
-1548
-1461
-1300
-1089
-711
-410
-149
2
158
683
1361
1919
2311
2702
2992
3308
3423
3508
3548
3718
3889
4086
4177
4149
3985
3588
2845
1960
1169
679
394
57
-354
-769
-889
-666
-224
-143
-237
-643
-1041
-1547
-1776
-1836
-1794
-1855
-2074
-2124
-2199
-2184
-2284
-2014
-2018
-1850
-1847
-1969
-2156
-2135
-2402
-2604
-2654
-2640
-2630
-2583
-2530
-2452
-2394
-2128
-1931
-1685
-1186
-1020
-646
-394
21
273
559
1020
1776
2348
2923
3104
3147
3445
3737
3928
4144
4292
4303
4592
4812
4659
4420
4044
3486
2759
2110
1518
821
351
-143
-295
-320
-175
-154
-146
-238
-553
-1160
-1655
-2203
-2480
-2517
-2926
-3139
-3317
-3347
-3222
-2925
-2959
-2913
-2670
-2521
-2380
-2162
-2186
-2233
-2059
-2113
-2233
-2193
-2150
-2159
-1913
-1792
-1742
-1601
-1184
-912
-740
-623
-369
-120
361
653
938
1233
2005
2490
2990
3136
3140
3283
3567
3862
3946
4149
4198
4584
4701
4559
4136
3597
2930
2454
1924
1339
663
329
54
-4
-94
17
-58
-53
-295
-710
-1251
-1768
-2201
-2426
-2607
-3009
-3303
-3263
-3080
-2836
-2544
-2630
-2427
-2235
-2046
-1997
-1924
-1998
-2014
-2144
-2115
-2339
-2285
-2169
-2313
-2271
-2156
-2075
-2011
-1750
-1592
-1367
-971
-654
-293
191
637
931
1545
1835
2089
2444
2697
2979
3189
3494
3443
3813
4055
4286
4530
4718
4505
4301
3918
3266
2798
2116
1363
714
337
-74
-236
-201
-230
-345
-674
-1027
-1554
-1924
-2185
-2381
-2454
-2411
-2677
-2870
-2845
-2977
-2988
-2848
-2721
-2399
-2063
-1968
-2013
-2038
-2186
-2080
-1943
-2040
-2229
-2248
-2281
-2148
-1877
-1875
-1790
-1801
-1699
-1594
-1490
-1092
-745
-104
459
954
1254
1750
2134
2435
2759
2999
3288
3625
3975
4029
4247
4475
4862
5116
5149
4716
4168
3513
3084
2613
2076
1489
1039
735
425
275
-85
-309
-466
-598
-974
-1250
-1668
-2167
-2534
-2580
-2880
-3126
-3381
-3499
-3405
-3223
-3208
-3207
-3025
-2895
-2723
-2649
-2505
-2500
-2243
-2205
-2280
-2591
-2705
-2741
-2621
-2607
-2505
-2351
-2037
-1542
-1156
-694
-249
313
893
1375
1623
2051
2586
2833
3211
3461
3629
4023
4516
4476
4698
4941
5169
5353
5459
5070
4790
4377
3593
2911
2233
1568
976
679
169
-160
-287
-560
-835
-979
-1391
-1865
-2163
-2691
-3120
-3412
-3662
-3812
-4025
-4123
-4337
-4237
-4079
-3802
-3536
-3294
-3039
-2802
-2716
-2684
-2793
-2800
-2926
-2816
-2603
-2287
-1842
-1433
-1194
-1055
-833
-751
-622
-185
347
655
1227
1840
2297
2788
3456
3846
4055
4053
4066
4139
4330
4460
4534
4802
5069
5192
5181
4890
4566
4147
3395
2646
1863
890
104
-305
-686
-886
-919
-1154
-1473
-1546
-2112
-2504
-2725
-3162
-3698
-3900
-4050
-3927
-3893
-4133
-4291
-4277
-4183
-4039
-3861
-3518
-3028
-2494
-2054
-1873
-1886
-1784
-1570
-1580
-1423
-1371
-1190
-1167
-836
-705
-439
-289
39
477
1127
1553
1902
2228
2294
2741
3279
3770
3995
3997
3934
3942
3956
3886
3777
4062
4377
4748
4860
4612
4154
3763
2975
1977
1172
326
-273
-506
-785
-1028
-1171
-1252
-1376
-1532
-1888
-2273
-2334
-2579
-2855
-3125
-3519
-3610
-3507
-3430
-3648
-3514
-3360
-3063
-2787
-2589
-2380
-2019
-1328
-1054
-778
-944
-764
-990
-1000
-1039
-949
-982
-525
-238
-98
-48
-137
-61
276
811
1083
1322
1569
1966
2677
2895
2787
2783
2380
2450
2820
2823
2733
3117
3446
3631
3928
3657
3246
3015
2520
1595
938
109
-522
-622
-856
-1099
-1376
-1274
-1281
-1135
-1285
-1893
-2092
-2160
-2555
-2777
-2819
-2905
-2628
-2473
-2628
-2626
-2484
-2403
-2042
-1808
-1782
-1444
-754
-642
-468
-573
-782
-705
-694
-983
-1171
-1050
-1060
-937
-748
-568
-629
-552
-145
-220
28
487
671
1010
1529
1797
1700
1825
1640
1811
2094
2340
2360
2927
3378
3777
4112
4207
3752
3192
2734
1966
1151
454
-165
-437
-263
-408
-500
-267
-258
-149
-125
-672
-1072
-978
-1169
-1394
-1516
-1490
-1501
-1266
-1448
-1798
-1977
-2117
-1902
-1727
-1494
-1085
-746
-449
-460
-708
-1040
-1066
-1079
-1405
-1948
-2125
-1834
-1739
-1780
-1621
-1718
-1612
-725
-243
-94
80
300
596
1327
1320
1140
1092
1230
1659
2264
2290
2580
3468
4221
4618
4836
4384
3787
3470
2837
2010
1304
592
211
469
527
496
460
564
527
268
-385
-976
-1125
-1227
-1528
-1804
-1913
-2119
-1686
-2014
-2482
-2817
-3022
-2923
-2730
-2555
-2480
-2345
-2068
-1850
-1671
-1623
-2025
-2224
-2096
-2416
-2680
-3153
-3088
-2686
-2481
-2377
-1838
-1054
-205
713
1013
969
1303
1795
1554
1437
1388
1360
1624
2379
2679
3354
4319
5094
5599
5812
5249
4445
3786
2780
1705
1145
323
65
539
705
515
1034
842
572
492
-124
-989
-1457
-1886
-2250
-2123
-2144
-2401
-2129
-2008
-2509
-3034
-3199
-3367
-3159
-3048
-3049
-2532
-2263
-2363
-2139
-2080
-2626
-2439
-2728
-2764
-3338
-2688
-2611
-2363
-1296
-496
228
1201
2059
1849
2115
2728
3087
2707
2502
2129
1965
2484
2879
2879
3656
4918
5764
6290
6213
5388
4145
3151
2011
832
-243
-1097
-1351
-908
-350
-29
147
29
245
-261
-1017
-1866
-2189
-2288
-2766
-2994
-3022
-2694
-1843
-1696
-2884
-3425
-3757
-3954
-3436
-3326
-4169
-3183
-1927
-1755
-1415
-1832
-2931
-2332
-2192
-3050
-3034
-3244
-2683
-1555
-644
691
2062
3082
3565
4053
4257
4609
4290
3518
2761
2203
2030
2387
2788
3334
4345
5551
6203
6165
5408
3925
2563
1103
-282
-1480
-2520
-3116
-2820
-1849
-1395
-992
-273
-337
-687
-1252
-2145
-2526
-2309
-2438
-2403
-2340
-1956
-1272
-1013
-2025
-2799
-3302
-3502
-3494
-3135
-3355
-2924
-1560
-1233
-1075
-1060
-1823
-2549
-2601
-3507
-3579
-3149
-2969
-1917
31
1966
3643
5132
5777
6102
6884
6054
4417
3138
1911
986
1700
1828
1861
3904
5324
5984
6923
6143
4010
2654
636
-1983
-3226
-4345
-5473
-4435
-3157
-2554
-1493
-223
-170
229
-406
-1756
-1968
-2137
-2816
-2641
-2318
-1432
-463
-922
-1397
-1692
-2175
-2570
-3127
-3936
-3239
-2156
-1668
-1394
-1733
-2440
-2125
-2210
-3141
-4204
-4468
-4551
-3369
-875
1583
3547
5678
6749
7569
8769
7680
5761
4236
1885
671
1194
942
1102
3425
4760
5931
7476
6420
4275
2910
130
-2836
-4492
-6491
-7252
-5667
-4481
-3538
-1735
-673
111
1030
96
-1315
-1424
-2184
-2793
-2449
-2303
-1538
-504
-325
-739
-1212
-2014
-2729
-3059
-3015
-2738
-2284
-1695
-1716
-2199
-2503
-3240
-3838
-4334
-4690
-5203
-3371
289
2751
5472
7342
7561
9383
10872
8360
6074
3545
691
338
887
-371
831
3436
4736
6572
7473
5175
3181
1535
-2055
-4870
-6527
-8859
-8443
-5875
-4633
-3328
-1144
-394
474
1005
-133
-1548
-1887
-2474
-3064
-2782
-1704
-1898
-1234
-671
-1661
-2135
-2217
-3568
-3482
-2158
-2634
-1739
-489
-1511
-2108
-2692
-4798
-5044
-4754
-5317
-2672
1309
3957
7312
9539
10331
13045
13232
9443
6524
3292
-126
-874
-1823
-3376
-1120
1454
2775
5253
5415
2583
1339
-957
-4601
-6836
-8974
-10445
-7482
-4548
-3005
-74
2318
3256
4306
3095
7
-1424
-2564
-4159
-3880
-3066
-3644
-2847
-1586
-1906
-1628
-1884
-3732
-3175
-2036
-2869
-2912
-1948
-2374
-2376
-2964
-4850
-5129
-4782
-5343
-2368
1884
4738
8563
11011
12487
15821
15394
11130
8086
3972
34
-1454
-4059
-6178
-3654
-1538
-564
2368
1873
-666
-1108
-3688
-7595
-9267
-11364
-11532
-6976
-3314
-914
3511
6716
7812
9130
6928
3207
1519
-1237
-4812
-4830
-5325
-6364
-4655
-4067
-3861
-2076
-2597
-3709
-2209
-1963
-2612
-1939
-2010
-2888
-3236
-4928
-6232
-5854
-5838
-3873
870
4844
8779
12297
14280
17142
18162
14094
9408
4826
-164
-3163
-5788
-8551
-7115
-4046
-2291
478
1559
-620
-1882
-4111
-8147
-10767
-12632
-12927
-8301
-2764
752
4944
8993
10626
11791
9708
4392
1278
-1620
-5696
-6030
-6559
-7990
-5656
-4642
-4588
-2496
-3140
-3996
-1339
-1142
-1883
-964
-1408
-2172
-2183
-4904
-6562
-5903
-5705
-2062
3364
6556
11095
14449
16368
19865
18062
11413
6469
253
-5487
-7860
-11452
-12847
-7617
-3682
-997
3544
3181
879
932
-3449
-8552
-10163
-12208
-10359
-2447
2129
5289
10402
11795
11030
9658
2661
-3961
-6728
-10997
-13211
-10597
-9938
-7498
-2409
-1327
-195
1380
-608
-670
1338
209
-537
187
-972
-2016
-3444
-6328
-7374
-6815
-4298
896
5475
10195
14127
16628
20394
20369
13769
7661
736
-6586
-9722
-13043
-15654
-10842
-5020
-1440
4354
6130
3504
3513
399
-5476
-7555
-9467
-9040
-1430
4387
6410
10165
10902
7868
4475
-2870
-11294
-13580
-14420
-15065
-10624
-5723
-2702
3812
6237
4347
3901
1105
-2249
-872
-1515
-3286
-1457
-1122
-2689
-3180
-6091
-8373
-7368
-4629
36
4767
9730
13821
17657
22104
21007
14278
7780
-274
-7454
-11165
-15544
-17285
-11715
-5836
-968
5055
6222
4891
5023
1448
-3382
-5523
-6940
-4539
2260
6394
7885
9503
8215
4448
-1500
-9893
-16107
-18383
-17046
-13657
-8704
-1575
4632
9142
12218
10203
5555
2339
-1501
-4026
-4015
-5740
-5343
-2843
-3683
-5017
-5908
-8045
-8432
-2992
1698
5204
11821
13967
17113
23522
19229
11548
6252
-3729
-9791
-11978
-17676
-17500
-9746
-5289
860
7465
6040
5847
6391
1759
-1068
-2657
-4155
121
6163
7616
8102
7310
3592
-817
-8248
-16060
-20078
-20464
-16180
-10170
-3362
4177
10231
14099
15288
11135
5008
530
-3897
-6038
-6569
-7946
-6008
-3465
-4146
-4729
-5870
-8344
-7666
-1875
2931
7620
13579
15235
19248
24066
17695
9652
3183
-7455
-12708
-15148
-20400
-17908
-9481
-4432
3024
9058
7494
8012
8242
3812
1289
-793
-1804
2707
7133
7346
6680
4576
259
-5125
-12600
-18882
-21632
-20278
-14110
-7024
658
8224
13244
16343
16287
10134
3417
-1066
-5816
-7525
-8143
-9129
-6369
-4094
-4908
-5149
-6295
-8433
-5570
2175
6165
11248
15846
16191
21927
23407
13015
5685
-2256
-12410
-14799
-18325
-22121
-15147
-6782
-1315
7434
10281
8098
10039
8365
3966
1751
-1348
-488
4964
6706
5258
3429
-102
-4340
-10582
-17852
-21441
-21259
-16002
-7808
-633
7171
13663
17085
17594
13312
4777
-1394
-5471
-8828
-9419
-9641
-8509
-4671
-3441
-4832
-5935
-7556
-8194
-2108
5449
8668
15090
17360
18928
24833
19140
7552
1057
-9671
-16358
-17274
-21732
-19752
-9133
-1982
5447
12644
11111
10592
11053
6312
2683
-382
-2196
1607
5339
4745
2596
-973
-4913
-9638
-17030
-21303
-21646
-17725
-8209
142
7544
14632
17386
17529
14443
6062
-2330
-6718
-9929
-10332
-9212
-8583
-5436
-2741
-3625
-5360
-7145
-8930
-6958
2410
7994
12685
18753
17765
22118
24139
11652
2522
-5486
-16787
-18030
-19389
-22191
-13331
-2570
3489
12888
15491
11583
12610
9678
4138
1166
-2777
-2132
2960
4276
2042
-1244
-5573
-9013
-14878
-20644
-21197
-19016
-10290
235
6823
13988
17604
16414
14117
7005
-3056
-8301
-10940
-11757
-9000
-7484
-5613
-1900
-1700
-4312
-7224
-9551
-9632
-3594
6737
10886
17194
20834
19729
24660
19418
4394
-3113
-13387
-21110
-19287
-21169
-18674
-5776
3626
10026
17280
14685
11718
11918
6424
1957
-1224
-2821
641
3816
2816
-783
-5139
-8429
-12165
-18038
-19762
-17051
-10940
243
7455
11610
16516
15979
11975
6382
-3090
-10487
-11149
-11297
-9089
-5302
-3732
-1690
-396
-3676
-7835
-11105
-12295
-8520
1914
10932
15849
21982
22190
23260
23242
10161
-2607
-10776
-20729
-21660
-19787
-19115
-9559
2606
9619
15562
16591
11273
9927
7412
2441
-525
-2359
-195
3517
3876
384
-4697
-8518
-11228
-15549
-18272
-15969
-11248
-1414
7898
11372
15082
14953
10484
6254
-2020
-10157
-11611
-11039
-8468
-4009
-2675
-1368
176
-2593
-6959
-11152
-14199
-11831
-3984
8707
15434
20353
23821
21700
24016
17786
826
-8335
-16975
-23515
-19780
-18952
-14925
-1796
8053
12791
17218
13895
9444
9568
5791
1868
-526
-1028
1638
3123
801
-4198
-8815
-10715
-12302
-15540
-14285
-10090
-4222
5360
10222
11533
13329
10173
4903
95
-6608
-10893
-9478
-7401
-4520
-1235
-909
-1024
-1435
-5014
-9886
-12578
-12422
-8603
2601
13906
17132
22671
21589
19142
21763
9556
-4895
-10380
-20072
-21246
-16610
-17499
-9482
3005
8911
13864
15905
10559
9371
8823
4626
2033
-525
-54
1775
745
-2812
-7525
-10322
-10068
-11397
-12526
-9041
-5352
893
7724
8516
8932
8487
4207
308
-4234
-9184
-9771
-7072
-4456
-1741
-629
-1157
-2007
-3767
-8111
-11983
-12439
-10391
-3333
10440
16977
20053
23175
17770
19648
17107
419
-7977
-14495
-21531
-16613
-15172
-13642
-1740
7353
11528
15551
12762
8136
8520
6188
3165
129
-1137
615
539
-1582
-6033
-10447
-10067
-8773
-10039
-7678
-3660
301
7028
8745
6831
6511
3652
-576
-4466
-8514
-9983
-7640
-3845
-964
260
257
-1296
-3765
-6576
-11677
-14352
-11650
-7500
2705
15722
18457
22220
21663
15709
18561
9546
-5519
-10023
-17938
-19811
-13680
-13744
-7697
4165
9755
13456
14984
9975
7742
7533
4789
2329
-652
-335
241
-1694
-4428
-8924
-10870
-8286
-7526
-6928
-2627
-128
3858
7743
6338
5253
3204
-663
-3517
-6830
-7877
-6620
-4103
-142
1206
566
-268
-3897
-7089
-9936
-13810
-13196
-9727
-4869
9251
18905
19981
23197
16010
14911
17088
1790
-7384
-12597
-20989
-16166
-13165
-13535
-3188
5865
10463
15309
13379
8269
8457
7198
5029
1259
-1850
-871
-1951
-3560
-6892
-10544
-8538
-5153
-4855
-2101
1132
2708
6816
6783
3388
1551
-1649
-4070
-6106
-7607
-6842
-4717
-198
3000
2689
1826
-813
-4925
-7617
-12592
-15594
-12043
-7820
2388
16528
18926
21545
20667
13914
17812
9710
-5501
-9577
-17654
-19533
-13357
-14126
-8161
3267
8356
12346
13392
8490
6554
6386
4301
2382
-1044
-807
-566
-2778
-5027
-9292
-9847
-5750
-4053
-2703
1232
2834
5093
6253
2801
477
-1835
-4734
-6373
-7451
-5637
-3147
153
4695
5069
3623
1451
-3857
-7622
-10855
-15179
-13882
-9117
-4095
10079
20115
20081
22908
15537
13244
16319
1727
-7216
-11578
-19430
-14660
-11675
-11874
-2345
5644
9521
13031
10558
5816
5651
4869
3571
224
-2292
-1134
-2950
-4587
-7582
-10845
-7536
-3374
-2498
552
2906
3078
4672
2580
-1284
-2832
-5215
-6723
-6732
-5241
-2160
919
4815
6676
5409
3172
-1836
-6986
-10320
-14314
-15399
-10968
-6044
4802
19146
20163
21939
18889
11606
16968
8139
-5146
-7785
-16437
-15715
-10094
-12011
-5407
3803
8061
11662
11034
6124
4782
4496
3188
1584
-2134
-1208
-1796
-4266
-6018
-10193
-9123
-3950
-1858
-115
2971
3021
3353
2085
-3031
-5532
-7050
-8732
-7784
-5627
-2337
1761
5409
8018
7600
4833
-238
-6145
-10147
-14493
-16623
-13696
-8338
803
15953
20634
21432
21316
12247
15648
12549
-2226
-5807
-12895
-16074
-9311
-10372
-7082
2462
7594
10881
11014
6656
3908
3544
2365
1592
-1526
-1039
-179
-2803
-4032
-8173
-9422
-4996
-2015
-534
2050
2691
2783
2126
-2936
-6312
-7705
-8980
-8405
-7155
-3543
1216
4785
7943
8269
5379
1514
-4871
-10519
-14083
-17128
-16320
-10708
-4515
7384
20845
21423
23021
17974
11028
15888
6191
-4962
-7355
-15376
-13038
-8073
-9512
-2564
5272
9144
11659
9790
5301
3871
3117
2294
655
-2068
-196
-1369
-3473
-4941
-8343
-6297
-1635
147
1687
3363
2429
1269
-2043
-7100
-8992
-9467
-8948
-7779
-4133
1042
4486
7975
9209
6914
4224
-1925
-9210
-13325
-17293
-18582
-14009
-8288
1389
18154
21459
22096
20799
10843
15540
11079
-3476
-6001
-13313
-14928
-7979
-9707
-5013
4292
8880
11894
10164
5558
3363
2340
1229
358
-2357
3
1054
-1744
-2517
-6287
-6317
-1762
477
1126
2628
2305
884
-1594
-6579
-9579
-10045
-9090
-8103
-4958
726
3956
7554
9807
7791
5681
637
-7642
-12084
-16482
-19508
-16425
-10902
-2714
15314
22287
20748
22525
11462
14289
14813
-2240
-5256
-11413
-16350
-8119
-9866
-7298
3283
8313
12098
10550
4965
2659
1537
-426
-748
-3324
-1017
2849
-313
-1430
-4879
-6488
-2127
200
840
1749
2086
1011
-1133
-5966
-9401
-9504
-8556
-6887
-5258
-455
3967
7156
9643
8598
6203
2137
-5268
-11289
-15598
-19017
-17572
-11682
-4622
11511
22847
20691
23186
13563
11604
16575
686
-4914
-8175
-15668
-8259
-7579
-8217
1987
8166
11474
11042
5095
1649
998
-1097
-1845
-3684
-2420
2885
1188
-921
-3675
-6615
-2987
-377
-47
780
1037
343
-1454
-6242
-9719
-9546
-8555
-6078
-5180
-1484
3935
6302
9177
8396
5647
3154
-3382
-10327
-13639
-17240
-17869
-13093
-7494
3783
21267
21838
21630
19271
8302
15842
9063
-5218
-4283
-12105
-11411
-4724
-8880
-2550
7036
10485
12381
7719
2416
1554
-227
-1997
-3042
-4134
1677
3648
93
-1526
-5892
-4779
-847
-837
-649
41
-246
-1484
-4684
-10225
-10623
-8646
-6752
-4207
-2935
1696
5722
7590
7479
5346
2744
-1617
-8116
-13237
-16548
-18417
-16033
-9798
-2573
14412
24208
20645
23342
11534
10620
15740
-1262
-4708
-6839
-13703
-5848
-6422
-7149
4292
10401
12774
11027
4728
1759
1052
-1504
-2290
-4091
-540
5732
2772
698
-3153
-5692
-1512
-340
-897
-391
111
-626
-3120
-8598
-12031
-9897
-7245
-4361
-3357
-362
3919
6270
7291
4743
2872
-39
-6112
-11958
-16005
-18579
-17828
-12884
-6813
5722
22621
21970
21589
16546
6710
15115
6470
-5692
-4257
-10940
-8538
-4079
-8688
-1418
8472
12001
12311
6891
2260
1833
202
-1421
-2749
-2120
5561
5994
2298
-767
-5479
-2799
120
-800
-778
-116
138
-1506
-6210
-10747
-10312
-6846
-3500
-2140
-439
3373
4890
6948
4605
1862
923
-4542
-10254
-14375
-17742
-18506
-14651
-9170
-1323
18519
22637
19466
20195
5017
11432
12216
-4918
-3543
-8118
-10695
-3287
-8319
-6461
5215
10765
12158
8095
2550
1363
652
-1190
-2189
-3242
3924
7868
3745
1724
-4224
-4141
-112
-845
-1181
-620
-62
-682
-4289
-9363
-10089
-7108
-3510
-1448
-1092
3322
4615
5556
5902
1814
1948
-1142
-8490
-12541
-15632
-18420
-16365
-10731
-4989
14355
23575
18080
20520
6847
8420
14234
-2681
-4394
-6331
-10963
-3974
-7209
-8926
2355
9901
11631
8198
2277
732
839
-971
-2271
-3495
2452
8605
5036
2511
-3000
-5027
-861
-977
-1446
-605
-120
-873
-3456
-8475
-10584
-8026
-4485
-845
673
3557
4728
4864
6341
2828
2099
444
-6487
-10518
-13775
-16867
-16461
-12542
-6927
5853
23105
19972
19438
13790
3551
14056
5251
-5801
-2736
-8791
-6537
-3538
-10154
-3943
6976
10530
8863
3736
143
343
-257
-2048
-2794
-705
7303
6986
2784
-493
-6046
-3237
-963
-1697
-1369
-411
-1053
-2988
-6957
-11407
-9258
-6173
-2267
1643
2556
5445
5127
4984
4422
1896
964
-3041
-8872
-12042
-14231
-16738
-14735
-9405
-3566
12161
23733
18463
20520
10183
5585
14818
1684
-3557
-1244
-8242
-3777
-5022
-10860
-1085
7476
9930
7289
2641
765
598
-519
-1262
-1779
2649
9260
4884
2148
-2851
-6912
-2487
-2006
-2522
-1868
-1338
-2610
-5047
-9465
-11952
-7920
-4198
112
2509
4014
5538
4656
4030
1019
92
-1593
-5887
-10330
-12990
-15335
-16112
-12912
-7825
-199
16957
22322
18494
19934
6028
9322
14022
-1137
19
-1757
-7242
-1661
-8332
-9537
1553
8257
9527
5391
2196
856
911
-276
-623
129
7460
9635
4038
1459
-5193
-4823
-1994
-2896
-3074
-2996
-2264
-4535
-8016
-11703
-11418
-6413
-1595
1904
3627
5902
4662
3837
1592
-848
-258
-3326
-7716
-11254
-13965
-16535
-15657
-12774
-6147
2942
19390
20859
18578
17716
3830
12466
11540
-1996
3000
-2655
-5652
-2761
-11253
-7603
2829
8609
7564
4529
2635
1328
1447
155
871
3320
10439
8554
3447
191
-4421
-2781
-2049
-2821
-4178
-2785
-2990
-6917
-9604
-11754
-8778
-3399
737
3435
5755
6505
4305
2540
-804
-1489
-2177
-5716
-9296
-11626
-14252
-15758
-14994
-11800
-4254
2222
19101
19557
17610
17532
2625
13584
11785
-809
4890
-2867
-6115
-4216
-11877
-8453
2215
6982
5876
4761
2054
901
1428
1313
2129
5001
10375
7538
3172
636
-3739
-2734
-1881
-4332
-5009
-3245
-4521
-8147
-9789
-10999
-6772
-626
2702
5355
7297
7550
4083
1029
-1349
-2830
-3343
-6504
-9699
-11015
-13520
-14489
-13589
-10327
-5381
-455
17606
19218
18191
18401
2639
13495
14037
676
5090
-1350
-6749
-2888
-11229
-10838
208
4799
5438
3655
1623
897
2751
1773
2428
4708
8835
7414
2830
1619
-3323
-2046
-2645
-6071
-6243
-4963
-5453
-8910
-9897
-10128
-5184
905
3991
6277
8651
9005
3484
386
-2474
-4607
-3665
-7076
-8930
-10016
-11234
-12167
-11937
-10282
-7259
-3487
9741
21263
16791
21206
8570
7168
19117
4341
4542
4290
-6941
-2495
-7733
-14638
-6699
1009
4004
3978
3482
1822
4045
3618
2750
3000
5543
7592
3943
2943
-821
-2748
-4505
-7673
-7642
-7474
-6341
-8809
-9423
-8513
-5301
740
3829
6825
8676
8504
4838
485
-3142
-5526
-5749
-5857
-8236
-8879
-8801
-9347
-9447
-10405
-11125
-5827
-453
15931
20730
17499
20215
6599
14162
15785
4244
6641
661
-5101
-4282
-12210
-15494
-5578
2193
5112
5477
4591
3908
5635
3634
1519
1859
6457
7939
3734
2495
-3335
-6454
-7977
-9362
-9367
-8194
-7132
-8019
-5328
-4280
-1680
1637
4247
7358
6760
6577
1376
-2726
-5892
-6850
-5378
-6436
-6050
-6888
-5377
-7305
-11568
-13511
-10566
-3800
2892
17826
17930
19406
19613
7894
15484
13074
5861
6761
481
-6261
-8482
-13268
-14882
-2930
4677
5512
9681
5967
3044
5415
-85
-503
3897
6530
6426
5479
-1122
-7241
-7589
-11048
-9902
-9775
-7820
-4702
-3160
-1789
-3268
-570
2597
4500
5006
4851
1976
-1478
-5024
-7850
-7250
-5456
-4549
-4134
-3627
-5704
-9133
-12468
-12500
-8934
-2844
3069
15267
19234
20697
17881
9351
13879
12270
8790
5407
-1894
-5611
-9389
-11953
-10125
-3440
5975
11234
8376
4770
2832
517
360
1750
1662
6109
7640
2035
-3134
-7763
-8941
-11142
-9132
-7863
-4590
737
1369
-1354
-2980
-104
-1084
962
2176
702
836
-1644
-5627
-8330
-5917
-4294
-2684
-2166
-4620
-6334
-8500
-9205
-10004
-6206
-1563
1913
10566
16201
16888
15788
10430
10753
11345
9327
4934
-947
-1873
-5969
-6585
-4720
-1895
6312
9793
7477
2396
-278
157
-396
552
82
1332
3183
444
-3499
-7824
-7729
-7257
-5783
-1881
-616
3540
2623
887
-954
-2544
-1120
-2093
-2194
-2447
-1262
-4014
-5925
-6340
-6916
-3338
-3245
-4480
-4193
-4070
-2748
-2430
-2306
-2268
-657
1723
2816
7482
9542
11065
10269
6492
4560
3684
3807
1649
1636
1976
1682
5134
5610
4240
5662
4193
2484
914
137
-826
-1216
-2502
-4335
-5184
-6122
-7351
-7815
-5539
-4117
-1268
477
1481
2081
2244
2505
2050
2040
186
-1470
-1264
-2301
-4209
-4375
-5017
-4830
-3978
-4938
-5578
-3591
-4145
-2274
965
1451
3463
3260
1564
1748
1286
-783
1811
2886
3356
1665
-2933
-4438
-5707
-2798
1234
4781
10120
11185
8939
7292
5618
4583
5964
6705
5409
4049
2097
-139
-2968
-5638
-8192
-7801
-4806
-2679
-677
763
613
1109
-468
-1329
-878
-89
575
-386
-60
-1554
-2852
-3924
-4790
-4781
-5786
-5983
-6286
-4140
-2927
-2053
896
1470
2358
1454
264
828
1412
-160
-351
-1924
-2434
-1115
-1498
-823
-2499
-2114
-1255
1547
8002
9505
10925
9550
6398
5402
4915
6181
5159
5868
4006
3285
1008
-2416
-3647
-3950
-2268
-1801
-749
-846
179
739
-776
-2304
-2600
-4167
-3565
-3325
-3138
-2580
-2606
-2913
-4085
-3752
-6246
-6842
-5240
-4606
-2635
-1312
232
2575
3487
1903
804
515
935
1542
1041
-1316
-2926
-4008
-3814
-4556
-3728
-865
3043
5517
5329
4171
2904
6191
6646
8373
7937
6599
4392
2553
1711
1269
2146
281
1197
1952
2502
1900
435
-63
-122
415
-512
-1283
-884
-2270
-3710
-3994
-6029
-6365
-4949
-3857
-3305
-3149
-4362
-5835
-5002
-4322
-3738
-911
277
1103
3089
2662
2739
1968
2466
2307
201
-1134
-4241
-3757
-2591
-3208
-3338
-3198
-626
1572
2603
3225
4524
5001
5450
3149
2192
4191
3578
4401
2281
472
-1060
-1009
888
2419
5699
6558
4258
3486
3464
1838
1898
146
-2433
-3538
-3170
-4150
-3831
-2752
-2960
-1839
-3056
-5001
-6057
-5474
-4236
-3396
-2298
-1746
-840
101
-499
814
1351
2120
4221
4898
2377
-412
-2283
-4586
-4178
-4098
-2926
593
3248
3878
1153
-832
-1924
-2115
516
1672
4074
5620
2655
-273
-3655
-5671
-2576
-63
2886
5753
6409
5517
4797
4682
3237
5019
5187
3438
1769
-436
-2171
-4096
-3863
-4459
-2393
1306
1343
13
-1236
-3813
-5339
-4822
-5528
-3605
-1421
-1299
-75
600
17
1925
3291
2208
2170
-742
-2444
-1671
-2563
-2663
-2028
217
1889
2539
1310
363
61
-530
-742
-3080
-2430
-2215
-2840
-1974
-3328
-2285
-608
-917
-815
545
838
3298
7294
7293
6892
6474
3569
2241
930
-1648
-967
-501
1007
1656
2505
3463
2508
1020
-549
-1159
-2009
-1229
-905
-1500
-1906
-2983
-2883
-3896
-2013
-494
-63
1960
511
-1600
-2472
-2370
-2361
-2007
-1503
831
3223
3905
2973
344
-222
-400
-2137
-3389
-3932
-2885
-2340
-2347
-3691
-4820
-3481
-2477
-451
433
1850
4336
5745
5003
3040
1919
397
1636
901
-649
140
-876
-753
1732
3272
4611
6140
4399
3349
3312
2387
451
267
-444
-2166
-826
-1674
-1132
923
1543
-218
-1325
-3325
-5756
-3468
-3354
-2225
625
791
2276
2179
1089
350
-685
655
178
529
-1088
-3361
-5263
-6097
-6344
-6884
-3036
-1954
1339
3927
2040
680
-238
102
569
2837
2354
1520
1293
-1011
-4391
-5935
-6066
-3404
3092
7750
8553
8813
4525
1458
2106
1296
2710
4314
5176
3679
3231
-258
-1753
-788
-263
-127
-579
-204
-2533
-1485
-1004
-2928
-739
-146
-427
557
649
-524
364
1374
217
504
-1327
-4323
-5438
-6657
-7950
-5998
-3231
-269
2174
3721
1368
554
645
-502
1010
2211
2468
-181
-709
-4979
-8155
-6397
-7119
-3354
1053
4941
6017
5216
1890
-1678
425
2276
4351
5259
5508
3687
1641
897
-51
1862
4343
3774
2921
2018
-499
-1618
-1398
-2046
-62
2932
3428
3100
3263
839
-765
-789
-2626
-2462
-1630
-2857
-3733
-5140
-6691
-6856
-4803
-1255
1383
3353
2986
1554
820
478
-522
-535
-1342
-2326
-1848
-3952
-4657
-4436
-3775
-1530
-138
1071
1070
1562
1543
429
-359
-104
1362
2429
2783
896
-2026
-442
1122
2594
5020
4527
3088
1885
742
21
1297
3028
4314
5810
5876
4957
2606
1494
1246
232
680
-35
-1477
-1542
-3652
-6354
-6869
-6708
-5394
-1331
1278
1760
3810
1637
591
245
-1295
-2253
-3214
-3097
-4392
-3986
-4361
-4734
-2968
-982
139
1461
2419
1368
2105
1602
431
-638
-1054
-93
697
261
-1463
-1291
-1458
-748
58
513
279
-482
-2074
-2156
1515
4076
5857
5938
3657
3263
3871
3147
3855
4990
4530
3896
1898
-1482
-4075
-4607
-4618
-3176
-440
1390
2877
4269
2949
198
-593
-2304
-3090
-2703
-3488
-2715
-2807
-3654
-4940
-5394
-4565
-3384
-660
987
1600
2489
3055
1382
1402
721
-1370
670
1144
835
2178
2230
519
256
-1217
-2950
-2028
-2225
-3330
-4214
-2957
-1708
110
2307
888
160
-387
-178
1964
5314
6442
4741
2829
-1692
-3124
-2841
-1579
1620
4950
6495
6554
5456
1524
881
1038
-389
493
417
-16
836
-1159
-4617
-5465
-5596
-5556
-3540
-2130
-911
809
804
-1078
-1466
-958
-1272
-512
292
226
1832
3415
2618
2096
1343
615
-126
33
-952
-2349
-1576
-2908
-3154
-2877
-2482
-1825
-1914
-1749
-2103
-1090
-977
-482
704
1141
-255
-3527
-4607
-2549
2321
7037
8148
7305
4588
1617
1232
1362
2001
4309
5262
4912
4406
961
-1525
-829
-1150
-486
799
170
638
597
-1736
-4395
-5010
-4685
-4108
-1378
-1474
-1093
1172
615
1482
1319
1188
2120
3576
3384
530
-636
-1778
-2083
-2726
-3253
-3196
-1532
-1120
-1978
-1568
-1195
-1009
-2139
-2290
-2853
-2630
-2684
-3570
-2717
-745
814
1305
2965
2811
1281
-166
-3675
-3822
466
4903
6637
6799
4347
2349
3592
3568
3328
4699
5621
4682
3771
614
-2659
-1505
-1897
-2254
-344
-1544
-364
325
-507
-1154
-1665
-1296
-818
2396
2907
1149
462
-1348
-3166
-3150
-2662
-2367
-203
275
-2090
-2276
-2707
-3735
-3510
-3579
-3502
-2664
-1774
-2214
-982
1134
1099
808
877
-468
-674
-1226
-4626
-4642
-4265
-3727
-950
1054
3295
5376
4595
2663
409
1796
5878
8089
7996
4590
1056
548
113
-284
971
2576
3760
3788
2054
-345
-1066
-761
-203
1112
1042
954
1649
590
-1477
-3324
-4410
-3314
-1062
503
175
-161
-1494
-4384
-4423
-5108
-4274
-1530
-172
-12
458
945
209
154
218
-679
-808
-2080
-3533
-3450
-2082
-2094
-1700
-898
-351
1589
2337
2154
1938
2303
1373
337
-1381
-1478
1226
2476
1995
519
-1083
798
3503
4632
5778
4839
2440
1160
571
1026
1786
2936
2842
2060
1795
-135
-1271
-366
823
1246
1259
-222
-1545
-1905
-3266
-5466
-5610
-4524
-2672
-152
1021
1318
1816
452
-717
-1806
-2234
-2520
-2483
-2386
-3408
-2901
-3201
-3083
-2410
-2009
-380
618
2435
4262
4550
3782
1407
-1549
-2771
-2469
-2297
-8
1941
2990
1986
-354
-2547
-2645
-727
1833
3530
2368
1585
-778
3
2261
2969
4036
2383
1604
1786
2604
1816
1292
208
-1090
-889
-2958
-1945
-564
1043
2415
1787
1180
375
1478
972
427
-1227
-3004
-3605
-4249
-3844
-3946
-3393
-3658
-3762
-3269
-1982
498
2781
3755
3124
1401
-13
-730
-1440
-1093
-1113
203
1670
1939
2051
1671
736
639
629
-358
576
847
860
829
-920
-1652
-2181
-1919
-1320
591
3399
3236
1120
-2298
-4721
-3256
-1109
874
2699
3173
3161
2662
2409
1978
2682
3902
3300
3850
2743
1551
163
-2541
-3386
-3616
-3502
-3429
-3123
-2302
-1285
-1240
-538
-571
558
866
354
-112
-1579
-1844
-1606
-457
80
517
21
-276
-274
-634
460
603
795
914
699
567
975
2022
1387
1501
734
457
504
-739
-2193
-3245
-3551
-3859
-4513
-4523
-2836
-1415
-139
1457
2339
3148
2882
1512
1166
2117
4421
4676
2690
-396
-3276
-2598
-1684
-1571
-809
-574
1315
3188
2395
1555
1021
855
1295
773
-573
-722
570
583
-254
-1973
-2839
-1846
-495
418
-326
241
461
610
1583
1133
2061
2853
1808
796
231
-216
101
-1161
-2506
-2687
-3027
-2756
-3159
-2576
-1394
208
591
897
916
1300
1629
567
1214
259
300
-298
-3098
-4179
-4557
-3639
-1640
-80
-774
-966
-1300
-439
2156
3026
3553
2508
823
846
911
1195
2034
2188
1049
1022
602
-526
462
527
562
1145
1400
970
1812
3054
3468
3229
1693
363
586
420
-904
-2631
-3101
-2007
-2179
-1580
-2157
-1418
-21
-395
-638
-692
768
2759
2934
1311
501
-203
-123
-995
-2814
-3204
-3153
-3000
-4019
-3713
-3049
-1300
244
-200
-236
-636
-1315
-2131
-2797
-2500
-516
2292
2535
1290
-969
-3394
-2630
-875
1009
1686
1607
614
1411
2842
3341
5190
6232
6634
7135
5840
4560
3182
873
-1249
-2898
-3343
-2804
-700
383
1210
579
-226
-405
-408
1273
2231
2637
2552
1584
1118
374
-1953
-2922
-4143
-4666
-4359
-4912
-3857
-1904
-47
463
-779
-2305
-1891
-1050
-704
-435
-803
242
840
-95
-1781
-2835
-3124
-3300
-3256
-3986
-3688
-3552
-3231
-3230
-1800
2306
4391
5666
4193
2415
3359
5150
5172
3754
1855
-204
-360
-89
491
1939
3754
4711
5498
5223
4501
4532
3974
3594
2923
1562
1647
653
-505
-744
-3285
-4658
-5795
-6073
-4692
-2639
-657
178
34
-1386
-2045
-2510
-2270
-1606
-1199
-473
-88
-805
-2050
-2997
-3979
-3753
-3842
-3626
-2757
-2009
-845
-1397
-1396
-180
555
2001
2658
2102
3012
2012
-472
-1858
-3752
-3842
-3154
-2252
-649
2530
3664
4214
3991
2166
4695
6068
7057
7243
5203
3421
2668
1992
1900
2886
2139
676
-271
-1580
-1761
-513
-200
909
821
88
-851
-1757
-1928
-1587
-1579
-1717
-1881
-2969
-2642
-3517
-4020
-3788
-4068
-3409
-2998
-3074
-2198
-2316
-1892
-1085
-927
622
2344
2917
2123
548
-1904
-2845
-2908
-2968
-1928
-547
845
913
1950
2225
2743
4658
4377
3916
3134
2560
1365
1408
363
-308
1652
2359
2621
1012
-1395
-2010
15
2213
3330
3497
2236
1422
1196
679
549
1683
2049
1729
1842
-455
-2395
-3177
-4060
-3401
-3207
-3175
-3239
-2897
-3136
-3515
-2951
-2906
-1606
-545
511
934
305
-1071
-2203
-2871
-3522
-2429
-2243
-1261
-314
57
1375
2177
3126
3960
3786
3170
2468
1769
2099
1378
821
1079
966
1411
1233
174
-80
396
401
752
473
-306
-478
-1012
-2053
-2340
-1005
905
2520
2218
-145
-2056
-2605
-1773
-756
114
176
-138
503
327
-293
-279
-812
-598
425
1428
2064
1483
-89
-1977
-3024
-4098
-3901
-1897
276
1665
1493
723
-346
-69
1113
1595
2672
3057
2651
2218
1321
-683
-1151
-911
-512
855
979
1194
1751
2148
1422
253
-102
-77
637
451
-801
-1402
-1021
-328
-300
-457
-1381
-1872
-2259
-3158
-3119
-3147
-2479
-1659
-2058
-2185
-1709
-747
204
-225
-1746
-2033
-246
1202
2112
978
-1129
-2241
-1354
1193
3836
5405
5792
4995
3492
2179
1285
1057
1863
2827
2726
2431
336
-1172
-1484
-1026
17
-8
-213
716
2104
2177
1828
578
-393
-99
-454
-1741
-2024
-2079
-1662
-659
-1504
-1964
-1738
-1241
-1170
-2000
-2931
-2643
-1066
-369
-209
-769
-884
-1296
-2540
-3405
-3946
-2757
-2150
-2439
-3119
-3973
-3594
-3860
-2637
-807
1257
4224
6458
6535
4739
2865
580
1912
3753
4840
5591
4596
3010
2013
1762
1758
2529
2729
2846
3055
3709
3140
1821
839
-119
-394
-898
-1980
-2751
-2119
-1597
-2010
-2778
-3736
-3313
-1480
-1055
-1034
-1198
-1339
38
100
-1063
-1192
-1029
-1433
-1881
-3504
-4427
-3163
-3366
-3594
-4226
-4891
-3317
-2381
-1432
-153
371
1994
3134
2923
2704
1608
1018
802
231
176
464
885
1156
1191
698
1699
2564
3343
4073
3367
3525
3317
3810
4445
4152
3340
1393
-821
-876
112
709
1135
1
-953
-1020
-1611
-1916
-1858
-952
195
1230
878
-558
-676
-1069
-1014
-1597
-2765
-2607
-2238
-2494
-3303
-4405
-4422
-3192
-1931
-684
-32
449
1197
924
595
-110
-589
59
-7
-342
-840
-1148
-644
382
707
1016
1188
851
775
1079
1877
2727
3312
2659
1715
1011
52
-809
-1550
-1221
-552
900
2210
1456
669
-158
-1730
-869
1227
3290
5109
4254
2111
543
-448
-990
-1428
-1135
-898
190
136
-1603
-2766
-3827
-2881
-1719
-838
-172
827
2337
2075
1495
-134
-1490
-1137
-840
-1102
-1255
-1401
-1587
-1208
-1236
-1210
-720
122
207
-285
-584
-545
550
1193
799
116
98
202
-237
-329
-1315
-1211
-871
-995
-432
-151
1032
947
467
529
550
1798
2360
2211
1108
-19
-1319
-2333
-1186
-386
49
-509
-2196
-2899
-1730
19
1126
2128
1675
1773
2518
2008
2194
2176
1175
1413
1380
611
1071
696
122
-102
-463
-89
29
981
1042
277
305
-718
-1037
-285
-340
-459
-171
-509
-880
-1078
-2106
-2418
-2689
-3393
-3029
-2815
-1946
-549
-245
712
1071
1404
2120
1918
1344
606
-1112
-1855
-1756
-1728
-696
-606
-393
-803
-1448
-1095
-1005
347
1230
1258
1050
577
744
1205
1817
1440
817
-121
-178
982
2296
3153
2856
2328
1250
1505
2120
2226
2638
2226
1940
2022
1968
1870
1136
87
-787
-1944
-2387
-2374
-2865
-2311
-2299
-3405
-3532
-4028
-3281
-984
612
1471
2211
1178
-111
-1094
-3268
-3514
-3277
-2971
-2106
-2227
-1811
-1787
-1990
-2122
-1600
92
2134
2880
2581
1842
549
286
115
436
1651
2770
2982
2192
1109
377
497
510
339
325
909
1757
1920
1839
1537
1362
1412
1442
1960
2842
3452
2772
381
-1933
-3252
-2442
-1410
-631
-454
-866
-269
-56
129
315
122
97
194
-854
-1605
-1973
-2004
-1790
-2473
-3391
-3468
-3260
-2330
-1390
-763
-84
58
107
159
-222
-631
-746
-1100
-183
663
1163
2213
1439
640
508
-54
261
1116
1125
1474
2021
1365
1290
1119
1369
2273
2622
2657
2052
1389
572
-979
-2602
-3036
-2834
-1324
145
19
-378
-698
-914
466
2233
2711
2558
1278
-695
-1260
-327
-329
513
-21
-1019
-920
-1302
-1443
-1679
-637
-321
-45
170
-612
-56
-100
-269
-785
-642
463
712
1556
878
203
-23
-764
-1151
-1094
-402
187
412
-546
-711
-51
446
1782
1807
1804
1542
570
-106
-1346
-1387
-1500
-1932
-1833
-1534
-1187
-686
-84
-467
152
672
70
-338
-893
-950
-1018
-594
-436
-44
1174
1173
484
-716
-1358
-632
1339
2413
2486
2023
510
443
722
542
1568
2204
2834
3317
2468
1420
447
-57
-550
-731
-606
-278
516
893
195
-604
-729
-499
357
1211
1335
805
-173
-1874
-3809
-4096
-3711
-3363
-2266
-2487
-2509
-1908
-2085
-1846
-1520
-1082
-1323
-1652
-1730
-1478
-483
-274
-631
-422
363
665
390
86
-215
681
1301
841
949
1128
1433
2003
2379
2490
3082
3557
3463
3704
4065
4185
3632
2185
684
276
1056
1942
2187
1930
1516
1767
1872
1373
1233
1225
1075
125
-1459
-3202
-3718
-3319
-3116
-2414
-2593
-2635
-2052
-2610
-2888
-2931
-3115
-2108
-2324
-3101
-3862
-4164
-3513
-3036
-2560
-2023
-1363
-877
-707
-1180
-1367
-796
-143
626
979
964
767
757
593
804
1881
3017
4085
3571
2930
2470
1463
1187
879
1133
2226
3232
3743
3491
3375
3520
2910
3265
4017
4524
4679
3328
727
-1171
-849
-724
-376
-34
-466
-476
-274
-1042
-1986
-2325
-2823
-2921
-3488
-4426
-4380
-4308
-3969
-3678
-3623
-2835
-2163
-1858
-1953
-2405
-2402
-2588
-2594
-1985
-1512
-543
-356
-731
-441
-45
774
1643
2065
1676
1215
570
172
694
1145
1469
1748
1758
1493
1716
2133
3065
3179
3380
3751
3187
3115
2546
1716
1285
1179
150
8
1267
2494
3873
3448
1685
436
719
674
-53
-357
-1849
-1707
-1277
-2417
-3143
-3188
-2936
-2181
-2167
-3337
-3361
-3107
-3438
-3066
-3303
-3420
-2211
-1531
-1107
-223
-315
-206
350
57
204
-306
-1198
-1426
-1435
-871
-101
491
1205
1524
1272
1145
1776
2367
3558
4123
3272
2519
1083
-725
-1023
-781
-105
1264
1615
1452
1467
810
391
596
170
253
242
-25
-192
-392
-442
-587
-406
-4
279
556
812
388
11
-340
-1169
-1163
-814
-77
586
704
132
-148
244
181
-59
-296
-550
-921
-1257
-1571
-1823
-880
-532
-425
95
-276
298
954
1157
1465
2139
1497
984
126
-1242
-1273
-1539
-1516
-698
-148
260
791
52
-269
-434
-616
-396
-764
-1075
-1600
-1728
-2071
-2578
-2134
-1590
-433
546
1395
1633
1480
219
-1197
-868
304
2573
4003
4022
3109
2363
1898
2218
2801
2602
2784
2699
1767
1007
-361
-1742
-1662
-1472
-1466
-902
-785
-636
188
129
-598
-958
-1494
-1305
-1378
-1751
-1917
-2065
-1409
-715
-214
423
126
-318
-692
-1150
-1276
-1267
-1183
-1158
-694
-1152
-1405
-1639
-1397
-505
-102
159
-138
196
163
-62
-367
-849
-562
-157
86
-159
-352
-499
-291
217
418
955
1313
1066
531
206
320
780
1599
1903
2092
2500
2767
3084
3170
3250
3254
3237
2883
2074
1372
487
-18
86
217
488
649
687
527
313
-310
-803
-1219
-1180
-1097
-1516
-1407
-2399
-2967
-2666
-2457
-1842
-1253
-1513
-1792
-1690
-2307
-2707
-2548
-2410
-1687
-937
-1194
-1425
-1684
-1830
-1382
-1252
-1216
-767
-516
-758
-1181
-1414
-1244
-171
659
1517
2830
3419
3446
3026
2398
2807
4199
5089
5264
4238
2952
2553
2107
2565
3069
3367
3918
3742
3131
1952
806
-350
-712
-746
-1038
-1273
-1841
-2588
-3449
-4148
-4619
-4411
-3876
-3374
-2834
-2581
-2652
-2446
-2373
-2090
-1762
-1608
-1318
-1310
-1264
-1255
-1150
-1158
-1346
-1269
-1604
-1501
-1234
-752
71
658
1047
1160
1793
1857
1744
1813
1048
1058
1326
911
246
-541
-1100
-1182
-582
43
622
1723
2138
2174
2287
1885
1820
2053
2539
2935
3342
3192
2535
1735
1153
1029
978
1363
1207
1191
832
-45
-533
-710
-882
-721
-374
-91
16
-431
-1450
-1974
-2503
-2951
-2857
-3178
-3053
-2935
-2945
-2731
-2130
-1363
-519
237
569
515
349
-51
-420
-648
-744
-771
-1169
-1197
-1292
-1221
-718
-667
-648
-99
2
-94
1
-543
-142
560
721
739
593
797
1186
1430
1640
1652
1814
2113
2634
3255
3427
2952
2488
2638
2800
2996
3127
3214
3223
2891
1889
1207
488
-254
-610
-1839
-2841
-3259
-3626
-2955
-2318
-1968
-1354
-1279
-1147
-1143
-1318
-1955
-2045
-1730
-1856
-2095
-2314
-2174
-1674
-1030
-948
-1082
-649
31
433
355
-272
-791
-839
-606
-770
-824
-259
24
44
39
-356
-240
242
88
-342
-154
267
708
1056
960
943
1063
1364
1538
2381
2883
3165
3712
3182
2707
1636
721
129
434
1285
2033
2855
2914
2684
2034
1511
1259
1034
547
-286
-896
-1706
-2728
-3370
-3811
-3550
-2670
-1961
-1650
-1387
-1454
-1497
-1638
-2218
-2290
-1992
-1882
-1822
-1975
-2188
-1980
-1859
-1790
-1292
-616
-128
5
-213
-728
-322
251
493
767
446
368
326
24
-189
499
1313
1454
1541
730
177
-349
-736
-234
686
1803
2768
3374
3331
3038
2675
2395
2357
2432
2505
2194
1628
1103
497
549
1032
1629
2379
2411
1716
1002
160
-550
-823
-1456
-1600
-1650
-2075
-2620
-3213
-3994
-3629
-2771
-1940
-835
-538
-312
-602
-1274
-1786
-1838
-1452
-946
-668
-986
-1321
-1692
-1845
-1368
-1098
-679
-313
-614
-902
-1401
-1948
-1753
-853
278
1275
1421
1309
1226
1079
1084
439
451
978
1381
1598
1625
1564
1839
2286
2477
3162
4018
4219
4235
3501
2538
2155
2019
2132
1930
1382
337
-778
-1972
-2492
-2285
-1590
-1025
-874
-652
-1314
-1770
-1806
-1975
-1588
-1402
-1810
-2289
-2186
-2222
-1936
-1025
-804
-469
-728
-1988
-2400
-2667
-2612
-1861
-1285
-479
396
668
593
290
-353
-684
-1101
-1173
-915
-849
-801
-1037
-1049
-426
218
819
1530
1728
1930
1912
1694
1706
2084
2658
2842
2634
2406
1903
1352
1048
695
1029
1941
2393
3201
3322
2637
2273
1519
1096
1223
1489
1409
1216
935
167
-134
-683
-1166
-781
-744
-972
-1492
-2054
-2376
-2311
-1947
-1615
-957
-475
-89
-331
-943
-1544
-2198
-2411
-2878
-3096
-2800
-2279
-1881
-1609
-1531
-1561
-1245
-1405
-1348
-1250
-1246
-553
-351
-370
-457
-936
-1139
-1407
-1635
-1363
-919
-10
1144
1620
1519
1410
1068
1740
2548
2956
3443
3418
3117
2867
2664
2379
3071
3451
3668
3707
2811
1846
736
14
-105
303
619
738
1136
1121
500
-156
-713
-1301
-1530
-1967
-2424
-2223
-2164
-2035
-2015
-2087
-1981
-1779
-1571
-1703
-2080
-2076
-2163
-2139
-2100
-1847
-1366
-1147
-1448
-2212
-2688
-2479
-1853
-1496
-1012
-857
-877
-780
-910
-809
-446
-40
395
876
1430
1983
2358
2633
3048
3268
3337
3522
3561
3511
3570
3409
3150
3293
3291
3170
3392
3313
3067
2762
2262
1755
1222
262
-918
-1581
-1953
-1985
-1534
-1067
-734
-637
-804
-1514
-2309
-2673
-2764
-2334
-1806
-1393
-1184
-1323
-1867
-2657
-2865
-2597
-2042
-1885
-1784
-1818
-2028
-2180
-2719
-3038
-2820
-2085
-1560
-1099
-985
-936
-410
-561
-473
-218
-85
592
900
664
749
868
916
1675
1898
2514
3411
3855
4247
4394
4267
3849
3740
2794
2315
2341
2322
2348
2322
2494
2371
2456
1855
910
197
-145
-281
-407
-468
-574
-476
-805
-1351
-1731
-1874
-1672
-1820
-1992
-1982
-2327
-2516
-2898
-3387
-3520
-3395
-3264
-3188
-3129
-2952
-2575
-2369
-2557
-2574
-2655
-2384
-1891
-2138
-2130
-1950
-1663
-1091
-767
-430
232
1246
1760
2211
2585
2522
2819
2776
2505
2376
2487
2931
3256
3522
3609
3842
4264
4220
3502
2953
2695
2788
2896
2811
2699
2631
2293
1652
1009
610
392
362
305
-251
-701
-1189
-1734
-2187
-2743
-2966
-2582
-2025
-1561
-1295
-1346
-1791
-2054
-2506
-2924
-2743
-2583
-2382
-2589
-2835
-2937
-3280
-3115
-2857
-2337
-1601
-1098
-1004
-677
-599
-963
-1206
-1429
-1090
-256
579
738
1040
912
763
1070
1001
908
1216
1487
1668
1974
1952
1948
2237
2308
2693
3126
3413
3411
3202
3126
2727
2406
2279
1969
1695
1865
1503
1311
1602
1075
1019
982
478
431
96
-549
-938
-1181
-1564
-1980
-2329
-2624
-2691
-2703
-2525
-2305
-2168
-1899
-1917
-2086
-2328
-2926
-3311
-3171
-2916
-2401
-1933
-1615
-1263
-1412
-1748
-1971
-2172
-2165
-1740
-1299
-996
-637
-270
74
612
1049
1233
1707
1841
1617
1648
1374
1310
1599
1821
2124
2285
2372
2561
2928
2967
2877
2938
3164
3285
3121
2807
2254
1682
1381
1015
527
730
750
512
398
79
-131
61
123
-58
-286
-831
-1356
-1909
-2194
-2378
-2296
-1844
-1118
-524
-604
-1158
-1798
-2262
-2666
-2843
-2686
-2449
-1885
-1431
-1492
-1466
-1341
-1369
-1260
-1420
-1688
-1231
-1001
-1059
-983
-859
-593
-121
358
632
1026
1245
1385
1341
1440
1616
1561
1618
1405
1382
1378
1505
1462
1556
1904
1948
2136
2185
2371
2846
3012
2789
2184
1613
864
330
38
2
472
766
1187
1194
827
219
-745
-1166
-1498
-1758
-1737
-1511
-1099
-826
-1025
-1376
-1432
-1372
-1391
-1677
-1865
-2127
-2499
-2624
-2732
-2472
-1779
-1260
-1000
-680
-640
-711
-845
-968
-880
-934
-438
-238
-133
98
-97
-85
-73
62
331
680
778
1059
1563
1892
2108
1857
1276
979
741
453
543
716
1226
1921
2273
2522
2638
2331
1576
860
409
197
575
976
1241
1421
1165
889
798
418
-277
-840
-1151
-1294
-1270
-1491
-1541
-1217
-720
-337
-389
-527
-585
-618
-957
-1250
-1497
-1571
-1442
-1679
-1871
-1984
-2023
-1954
-1958
-1770
-1364
-829
-658
-600
-443
-160
-28
-55
-235
-551
-574
-698
-848
-613
-38
878
1631
1896
1971
1886
1422
996
545
898
1571
2339
3008
2629
2420
2264
2087
1910
1580
1136
914
969
616
608
523
682
1228
1304
1321
977
405
-14
-370
-765
-1076
-1065
-1110
-1074
-1208
-1668
-1924
-2062
-1809
-1575
-1234
-932
-838
-699
-872
-1001
-1197
-1440
-1751
-2061
-2093
-2073
-2022
-1840
-1384
-787
-313
-38
120
-152
-373
-713
-1125
-983
-421
253
765
1023
899
855
786
364
-32
21
257
542
804
1064
1333
2070
2564
2728
2775
2542
2017
1517
1369
1161
1235
1186
1235
1135
633
342
-47
-302
-146
147
313
475
480
409
233
-427
-991
-1293
-1416
-1483
-1561
-1749
-1699
-1470
-1171
-857
-680
-586
-781
-1108
-1323
-1619
-1806
-1524
-1155
-709
-413
-424
-633
-903
-1297
-1669
-1904
-1654
-1188
-840
-349
82
529
1016
1442
1487
1845
2006
1725
1614
1455
1375
1643
1880
2087
2359
2308
1927
1728
1548
1366
1639
1672
1641
1816
1948
1679
1081
323
-59
-429
-607
-747
-901
-699
-244
36
-47
-108
-290
-640
-1050
-1244
-1483
-1256
-977
-996
-820
-745
-923
-1072
-1473
-2086
-2688
-3168
-3182
-2924
-2739
-2297
-1815
-1378
-1030
-1018
-1065
-1041
-1009
-1170
-1156
-1001
-559
-1
455
808
1076
1297
1255
1307
1511
1894
2186
2431
2532
2738
2726
2457
2159
1634
1620
1518
1375
1518
1454
1648
1894
1847
1555
1438
1362
1090
635
108
-55
-90
-45
-16
-134
-182
-200
-364
-888
-1543
-2343
-2692
-2371
-1959
-1643
-1332
-967
-724
-752
-1217
-1702
-1955
-2325
-2477
-2531
-2442
-2057
-1632
-1195
-1094
-1063
-1065
-983
-767
-411
138
498
780
969
1101
1018
679
372
377
435
769
1051
1251
1513
1733
1905
1998
2149
2320
2375
1991
1680
1368
1352
1562
1548
1773
1651
1536
1416
786
385
-80
-629
-739
-539
-385
-88
154
200
330
-63
-546
-1033
-1357
-1446
-1696
-1937
-1778
-1578
-1392
-1433
-1424
-1501
-1612
-1478
-1540
-1463
-1239
-1093
-1045
-1170
-1386
-1469
-1640
-1618
-1407
-1178
-930
-585
-322
-41
324
508
730
878
1010
1183
1192
1150
1251
1304
1468
1632
1769
1872
2012
1983
1483
1259
942
743
1000
1368
1743
1995
2030
2044
1852
1440
945
440
24
-464
-799
-885
-604
-434
-370
-565
-791
-844
-747
-530
-489
-405
-320
-405
-334
-682
-1049
-1196
-1476
-1462
-1539
-1553
-1509
-1426
-1343
-1222
-1129
-1135
-1124
-1048
-1004
-945
-929
-931
-658
-149
30
436
640
680
550
201
-82
-227
-26
126
350
592
945
1094
1290
1336
1386
1628
1355
1131
1009
677
585
834
850
941
927
770
646
375
354
306
537
740
607
519
392
192
115
-26
-161
-39
-75
-94
8
-39
27
26
-268
-401
-457
-652
-720
-740
-917
-835
-737
-770
-674
-679
-838
-983
-1180
-1464
-1577
-1499
-1458
-1301
-1193
-948
-541
-222
-23
161
219
232
174
56
-4
-75
134
210
273
172
94
130
117
242
554
785
1068
1468
1354
1355
1216
1033
908
736
947
1214
1290
1233
957
656
413
79
-124
33
192
242
250
194
294
589
750
772
731
624
409
-40
-753
-1116
-1428
-1479
-1256
-1135
-1121
-1083
-1062
-1158
-1268
-1247
-1112
-1024
-974
-1096
-1198
-1088
-857
-744
-716
-824
-851
-862
-926
-1034
-1000
-743
-290
-60
27
40
-123
-71
-110
72
611
1189
1601
1829
1800
1424
1099
775
754
933
1144
1121
1156
1121
1336
1856
2136
2442
2504
2305
1901
1191
561
73
-22
245
330
429
377
314
138
60
-106
-309
-310
-307
-447
-713
-978
-998
-997
-969
-973
-1120
-1184
-1554
-1824
-1931
-2016
-1770
-1575
-1597
-1625
-1798
-2137
-2274
-2261
-1927
-1411
-767
-244
-130
-211
-300
-364
-497
-427
-216
43
545
726
821
1099
1330
1790
2288
2541
2550
2151
1494
1067
790
703
999
1204
1492
1606
1425
1289
785
521
471
431
346
294
324
156
225
265
169
103
106
80
16
-96
-247
-347
-383
-428
-569
-776
-957
-1293
-1606
-1880
-1957
-1828
-1389
-1124
-1140
-1214
-1544
-1619
-1730
-1850
-1642
-1373
-1129
-943
-748
-477
-166
350
753
882
771
520
135
-104
-220
-92
275
780
1289
1535
1448
1366
1199
1173
1165
1180
1188
1084
1129
1081
1121
1143
1106
1175
1323
1431
1517
1473
1417
1435
1197
1098
855
500
106
-111
-245
-283
-164
-219
-103
-229
-506
-680
-1027
-1148
-1230
-1545
-1442
-1341
-1361
-1328
-1157
-1087
-1001
-865
-828
-893
-1116
-1412
-1728
-1767
-1628
-1402
-1020
-712
-483
-206
-105
41
251
406
403
338
354
312
329
430
498
525
530
633
714
685
897
1172
1436
1579
1596
1399
1243
1184
984
891
824
1034
1029
1030
984
737
596
355
116
35
-91
-272
-140
-155
-205
26
57
300
403
511
339
-179
-780
-1463
-1939
-2091
-2064
-1814
-1410
-1150
-1135
-1146
-1177
-1159
-982
-929
-820
-745
-792
-982
-922
-1020
-942
-719
-711
-664
-525
-449
-323
-125
80
321
534
531
341
140
-20
205
322
444
758
1022
1132
1276
1202
868
746
712
611
695
970
1198
1355
1466
1471
1403
1434
1491
1281
931
571
151
-166
-248
-335
-452
-210
-128
-157
-90
-303
-248
-141
-181
-283
-473
-597
-636
-560
-627
-803
-996
-1155
-1232
-1180
-1132
-948
-494
-266
-271
-408
-745
-900
-1024
-1087
-785
-524
-385
-124
63
95
-42
-287
-492
-549
-534
-409
-27
279
799
1299
1422
1752
2023
2102
2133
1860
1435
976
569
424
387
530
690
723
739
753
808
702
714
648
552
603
544
481
224
-26
-124
-195
-294
-459
-621
-710
-649
-577
-470
-530
-631
-788
-1123
-1419
-1586
-1470
-1167
-904
-802
-902
-1011
-1020
-1112
-1269
-1309
-1356
-1350
-1317
-1251
-1061
-620
-23
437
781
997
1189
1126
894
684
384
220
270
423
629
1054
1122
1016
989
947
1143
1276
1370
1324
1186
1045
890
587
401
273
85
0
-74
-56
69
294
510
431
351
211
-20
-337
-692
-857
-825
-603
-509
-497
-528
-668
-828
-1148
-1443
-1626
-1698
-1590
-1503
-1317
-944
-513
-147
147
284
283
271
99
-128
-501
-749
-753
-768
-682
-480
-347
-168
-40
-12
305
529
518
542
537
600
692
748
788
781
772
761
672
714
699
803
1037
1325
1508
1368
1015
786
685
543
641
843
1097
1262
972
651
401
17
-267
-410
-415
-475
-640
-814
-795
-674
-522
-380
-315
-246
-237
-344
-562
-853
-1169
-1373
-1294
-1282
-1101
-969
-937
-957
-951
-841
-549
-315
-335
-212
-309
-327
-136
-105
-116
-121
-188
-263
-397
-341
-148
244
651
967
1101
955
782
638
563
431
571
806
1111
1309
1126
814
508
341
232
312
353
363
334
305
491
528
764
1097
1407
1505
1262
826
233
-275
-678
-936
-987
-990
-799
-777
-886
-912
-1033
-994
-898
-890
-846
-963
-1078
-1149
-1184
-1231
-1281
-1250
-1259
-1291
-1364
-1261
-1071
-801
-548
-397
-295
-340
-462
-431
-312
-127
113
351
616
702
520
274
23
98
175
326
542
680
839
848
958
1211
1542
1994
2280
2345
2246
2023
1795
1587
1350
1169
1131
1170
1127
1127
1170
1165
1102
1057
853
586
285
47
-94
-334
-505
-589
-654
-612
-799
-1088
-1333
-1487
-1539
-1403
-1276
-1210
-1282
-1604
-1791
-1913
-1774
-1583
-1393
-1142
-934
-857
-1005
-1277
-1488
-1448
-1346
-1219
-1079
-859
-579
-527
-289
64
425
689
1007
1070
994
1030
999
897
989
1208
1411
1582
1534
1447
1399
1650
1833
1996
1969
1921
1686
1482
1268
1034
986
969
986
846
691
420
319
221
100
-91
-330
-541
-766
-1091
-1273
-1330
-1338
-1299
-1365
-1508
-1534
-1540
-1701
-1908
-2061
-2157
-2087
-1999
-1916
-1681
-1423
-1117
-909
-637
-340
-149
-132
-339
-481
-517
-543
-450
-362
-185
77
300
470
480
548
663
853
1040
1074
1044
844
710
543
553
728
986
1111
1215
1335
1298
1494
1564
1602
1548
1528
1510
1194
942
655
469
457
637
756
721
509
83
-373
-941
-1187
-1185
-966
-788
-741
-716
-801
-826
-843
-827
-581
-401
-346
-375
-597
-892
-990
-1040
-1155
-973
-810
-622
-374
-280
-240
-132
-229
-296
-325
-322
-249
-321
-468
-544
-484
-329
-155
97
212
337
614
819
1049
1189
1033
942
832
772
761
875
1009
1223
1259
1181
1009
653
451
242
145
167
383
494
538
498
429
314
237
190
113
88
-87
-361
-553
-770
-876
-943
-968
-839
-632
-440
-419
-456
-438
-487
-513
-539
-614
-577
-599
-686
-880
-985
-1030
-941
-758
-561
-339
-57
-67
-119
-42
-151
-241
-351
-306
-236
-142
3
95
166
178
94
95
137
160
269
341
399
466
548
696
866
955
973
1097
1188
1185
1121
1110
1053
1019
958
834
723
741
704
671
628
427
241
141
-60
-183
-345
-608
-766
-889
-1040
-1258
-1335
-1283
-1051
-876
-700
-566
-470
-491
-550
-674
-857
-891
-882
-890
-742
-714
-612
-507
-555
-646
-683
-812
-757
-646
-508
-285
-52
139
216
300
341
504
687
788
820
954
896
819
769
806
921
1177
1459
1780
1861
1764
1693
1566
1469
1389
1418
1465
1392
1157
916
471
154
-91
-272
-270
-226
-201
-112
-128
-286
-416
-722
-947
-1081
-1201
-1157
-1077
-1138
-1205
-1347
-1529
-1559
-1605
-1642
-1676
-1658
-1511
-1411
-1288
-1350
-1374
-1385
-1191
-971
-735
-680
-577
-407
-446
-507
-493
-382
-214
11
222
457
696
983
1229
1290
1428
1614
1777
1824
1808
1714
1706
1525
1339
1317
1272
1371
1407
1418
1471
1590
1586
1449
1316
1086
854
776
591
574
498
299
113
-332
-786
-1200
-1515
-1652
-1699
-1714
-1752
-1742
-1805
-1698
-1565
-1506
-1515
-1458
-1422
-1358
-1304
-1295
-1382
-1465
-1469
-1534
-1400
-1237
-906
-615
-413
-185
-108
21
243
537
647
694
628
527
473
409
525
643
834
1052
1237
1340
1423
1513
1576
1690
1628
1673
1660
1732
1794
1875
2025
1896
1580
1171
892
483
296
179
80
64
93
76
-35
-203
-326
-440
-625
-653
-666
-657
-741
-831
-1077
-1412
-1516
-1631
-1760
-1649
-1394
-1278
-1142
-1163
-1133
-1144
-1137
-1074
-1020
-902
-1029
-1036
-1066
-1074
-989
-774
-671
-535
-409
-197
34
194
352
327
553
654
758
949
1154
1345
1487
1577
1633
1596
1317
1044
929
798
667
683
750
958
1117
1200
1181
1085
1018
963
825
778
652
527
511
363
237
11
-157
-202
-92
-50
-156
-235
-379
-448
-657
-724
-795
-976
-1105
-1215
-1436
-1571
-1466
-1470
-1305
-1146
-1078
-1019
-1098
-1192
-1246
-1167
-956
-763
-590
-437
-173
-9
101
92
12
76
126
103
80
18
32
118
274
481
704
799
862
990
1117
1222
1257
1185
1108
1149
1200
1179
1118
1091
1054
1041
1110
1259
1254
1140
1016
900
853
736
643
574
464
305
-8
-275
-514
-685
-694
-769
-1005
-1042
-1113
-1235
-1331
-1319
-1364
-1201
-1012
-926
-867
-878
-855
-948
-1086
-1193
-1362
-1427
-1282
-1223
-1175
-1109
-1001
-922
-835
-726
-635
-461
-166
34
179
129
36
-12
11
85
212
383
651
867
981
1043
994
1087
1175
1281
1468
1584
1503
1409
1318
998
868
825
868
885
761
781
679
500
380
245
55
-56
-52
-33
-38
-28
-49
-89
-286
-313
-524
-831
-1127
-1222
-1142
-1131
-1097
-1114
-1010
-1079
-1112
-1131
-1106
-946
-803
-751
-720
-747
-880
-897
-837
-685
-480
-347
-190
50
139
123
132
196
469
716
907
1205
1304
1304
1134
1064
1222
1267
1404
1492
1596
1689
1598
1451
1196
1035
1018
1013
997
1002
999
1027
966
866
748
512
398
155
-164
-393
-439
-509
-581
-727
-848
-916
-928
-967
-965
-881
-843
-865
-977
-1137
-1347
-1467
-1552
-1502
-1314
-1089
-1001
-962
-1057
-1190
-1043
-859
-597
-363
-162
-92
-104
-187
-361
-377
-387
-110
121
342
401
431
395
346
403
421
627
780
1017
1172
1228
1201
1169
1107
1049
953
829
642
474
392
286
348
514
565
564
546
466
332
320
327
328
205
44
-82
-255
-377
-523
-667
-721
-629
-715
-749
-928
-1046
-1068
-1103
-1121
-1046
-952
-933
-880
-1072
-1260
-1256
-1081
-1016
-913
-804
-666
-579
-658
-582
-439
-266
-92
77
320
502
665
813
860
846
923
910
826
769
689
642
656
741
864
1054
1160
1157
1053
980
927
947
1031
982
880
775
752
739
531
377
420
579
593
582
404
250
121
-45
-92
-36
-57
-140
-277
-496
-666
-755
-817
-807
-814
-837
-959
-1015
-1133
-1317
-1357
-1222
-1104
-927
-786
-758
-682
-684
-740
-751
-737
-650
-575
-490
-493
-494
-464
-391
-277
-79
71
242
436
461
480
484
471
497
408
392
517
718
950
1070
1181
1232
1368
1281
1146
1052
1109
1206
1303
1376
1267
1118
945
782
602
364
263
249
292
272
130
-62
-199
-328
-538
-708
-895
-986
-970
-919
-869
-968
-1156
-1252
-1334
-1326
-1335
-1423
-1460
-1432
-1426
-1331
-1303
-1185
-979
-751
-562
-493
-489
-465
-438
-443
-417
-328
-219
-29
140
335
524
576
676
745
814
851
1010
1151
1189
1149
1180
1083
965
886
798
833
811
817
794
828
866
1023
1073
985
912
698
615
660
572
439
307
182
33
-44
-186
-294
-365
-424
-557
-746
-940
-955
-965
-1023
-982
-1003
-1009
-1041
-1050
-1102
-1088
-1143
-1180
-1178
-1197
-1192
-1165
-1015
-775
-617
-590
-425
-272
-101
108
253
277
380
532
596
630
672
748
867
896
855
874
977
1109
1214
1321
1293
1235
1306
1275
1280
1325
1323
1274
1154
1019
874
746
644
575
431
273
122
-13
-142
-266
-266
-184
-215
-157
-189
-375
-588
-805
-1023
-1133
-1219
-1213
-1239
-1297
-1218
-1220
-1272
-1299
-1259
-1170
-1121
-1011
-926
-910
-891
-861
-870
-771
-677
-598
-506
-518
-490
-418
-270
-29
153
284
411
504
609
739
831
871
897
828
834
892
865
880
927
924
895
739
658
524
559
639
770
830
830
764
705
604
367
185
-10
-55
-35
12
-13
-142
-348
-422
-493
-550
-506
-444
-439
-491
-573
-733
-838
-865
-907
-869
-801
-784
-833
-863
-922
-855
-861
-712
-518
-482
-363
-317
-380
-508
-385
-281
-91
101
243
294
329
342
311
242
177
322
393
570
804
1007
1035
1004
971
1034
919
836
813
682
703
701
690
721
768
775
666
576
492
428
452
523
512
402
309
182
117
48
-101
-88
-104
-285
-426
-655
-794
-853
-835
-670
-539
-458
-389
-437
-507
-563
-569
-624
-584
-475
-388
-391
-389
-499
-615
-665
-692
-715
-656
-483
-309
-256
-215
-168
-108
54
74
133
125
143
172
193
295
488
637
755
814
782
754
795
769
728
684
705
780
861
847
804
688
570
465
298
75
-75
-48
-41
12
3
-51
-157
-264
-375
-492
-584
-650
-658
-617
-622
-494
-515
-602
-656
-672
-676
-770
-778
-887
-881
-763
-781
-821
-859
-784
-580
-498
-521
-545
-578
-564
-459
-419
-332
-242
-119
16
208
439
644
790
754
783
821
822
934
955
949
1031
999
965
884
734
583
607
571
584
642
630
617
562
446
332
318
379
363
256
330
272
215
-37
-235
-218
-228
-274
-302
-323
-302
-266
-331
-391
-491
-447
-388
-452
-466
-455
-551
-590
-654
-709
-637
-614
-634
-655
-566
-398
-316
-312
-343
-408
-346
-252
-151
-64
7
151
160
145
41
-39
-47
71
159
318
497
500
554
487
386
336
368
519
598
682
674
522
437
343
259
286
326
410
515
469
355
265
143
35
82
69
72
105
128
36
-151
-279
-383
-283
-244
-281
-353
-454
-528
-568
-593
-566
-522
-499
-471
-468
-504
-562
-630
-693
-708
-714
-607
-523
-405
-281
-243
-107
-24
-89
-152
-54
-16
56
160
279
445
561
647
599
460
317
316
303
368
409
445
528
550
525
341
251
239
257
285
346
370
357
321
277
216
264
283
182
67
11
21
-17
-44
0
17
52
89
-65
-196
-213
-287
-396
-468
-532
-526
-486
-488
-599
-652
-673
-564
-560
-545
-515
-482
-421
-368
-310
-257
-123
-142
-163
-112
-25
-37
-8
83
85
199
216
232
357
414
440
471
450
481
516
597
618
599
602
591
544
416
443
399
381
330
316
358
368
381
403
306
199
213
171
110
44
43
31
-12
-101
-110
-180
-203
-223
-266
-330
-374
-333
-293
-325
-363
-351
-364
-413
-396
-442
-424
-497
-556
-547
-514
-467
-435
-357
-297
-249
-230
-208
-191
-207
-175
-99
-103
-64
-14
11
87
174
210
251
289
314
306
407
512
546
558
443
380
387
458
490
392
296
321
374
374
346
302
294
347
260
150
122
83
48
57
11
-4
47
57
-76
-123
-161
-234
-200
-148
-153
-182
-234
-330
-372
-496
-592
-602
-603
-537
-480
-468
-479
-572
-630
-529
-464
-422
-483
-539
-525
-421
-262
-215
-25
66
186
274
252
170
101
70
145
233
246
253
341
300
343
391
334
407
458
402
416
331
235
191
213
313
368
412
306
205
61
-62
-119
-171
-84
-22
-74
-145
-186
-205
-233
-224
-328
-435
-372
-244
-231
-230
-259
-321
-410
-458
-461
-521
-376
-183
-125
-44
-75
-107
-76
-49
-162
-175
-163
-78
30
57
159
154
118
106
143
276
311
317
357
407
515
588
557
513
597
614
615
627
628
586
640
633
623
622
520
431
314
307
223
212
226
164
127
101
99
60
17
-86
-192
-196
-189
-222
-197
-216
-249
-239
-207
-200
-228
-116
-18
-57
-175
-301
-400
-493
-466
-426
-400
-468
-449
-409
-400
-373
-413
-344
-326
-280
-315
-359
-330
-304
-299
-266
-155
-167
-179
-151
-166
-115
-41
-26
32
40
66
56
88
110
118
147
198
241
160
149
120
135
148
29
-4
3
11
35
73
119
214
189
170
151
150
138
89
53
86
94
75
44
-61
-180
-259
-203
-165
-222
-310
-290
-216
-152
-200
-160
-39
23
0
-103
-189
-282
-275
-154
-180
-121
-20
-49
-10
-71
-57
-119
-56
63
133
208
300
402
396
386
349
238
226
243
291
358
452
477
504
541
494
465
371
343
324
289
350
369
285
241
154
104
58
62
92
161
240
271
217
65
-18
-88
-78
-79
-1
-32
-120
-203
-246
-341
-401
-400
-350
-287
-247
-191
-175
-206
-251
-312
-343
-390
-374
-237
-137
-201
-343
-385
-411
-414
-448
-428
-339
-313
-171
-56
-39
30
103
126
150
59
-21
20
-39
9
-20
-70
-26
-9
-94
-144
-167
-65
11
15
105
89
76
112
160
220
201
154
141
144
151
95
56
80
179
192
158
75
23
18
-23
-64
-38
-15
53
151
161
107
45
-57
-112
-146
-202
-288
-292
-186
-145
-65
-32
15
52
44
58
71
93
33
56
61
83
77
48
-1
-34
3
16
60
118
111
77
120
178
125
107
100
134
155
91
36
-73
-107
-73
-48
-68
-23
38
-12
-9
28
6
59
91
71
78
118
180
201
122
80
-16
-152
-191
-264
-231
-165
-129
-180
-49
9
77
49
-49
-71
-47
-17
-44
-139
-138
-138
-127
-122
-146
-127
-1
95
152
183
134
126
123
124
124
125
151
202
95
56
-13
3
83
92
62
49
56
88
61
58
60
59
141
236
247
306
274
240
153
33
-51
-118
-112
1
99
142
145
47
-74
-98
-91
-157
-137
-20
2
-44
-75
-126
-210
-229
-287
-293
-289
-305
-219
-174
-142
-132
-150
-229
-247
-175
-31
13
46
29
88
75
103
111
56
34
-6
-12
-28
43
58
50
72
76
85
156
143
190
203
137
112
90
101
121
80
52
77
111
70
41
86
92
172
207
141
97
1
-78
-130
-184
-255
-293
-208
-183
-245
-259
-230
-255
-207
-163
-149
-128
-178
-175
-227
-224
-198
-310
-398
-364
-314
-305
-266
-328
-295
-230
-284
-317
-340
-240
-142
-86
7
135
243
224
132
55
10
-29
-7
-8
-84
-15
106
214
321
417
440
496
564
564
559
517
457
414
408
392
360
370
385
345
334
291
237
189
161
175
187
168
120
44
-21
18
28
69
40
-53
-57
-6
-23
-71
-68
-95
-54
-5
-39
-170
-179
-194
-159
-51
-27
-28
-39
-77
-137
-254
-313
-377
-364
-338
-299
-320
-303
-274
-258
-233
-184
-165
-137
-69
-44
-111
-166
-152
-196
-208
-179
-215
-209
-134
-79
-54
-21
51
47
84
165
295
346
350
313
202
184
172
179
231
282
312
299
223
186
139
72
89
145
221
246
270
211
152
67
-52
-37
-49
-29
6
-53
-99
-172
-308
-356
-315
-296
-264
-171
-164
-167
-233
-259
-308
-349
-332
-243
-156
-149
-122
-144
-176
-117
-109
-64
-29
-7
36
148
103
164
219
237
225
157
137
66
-4
22
63
-9
8
23
103
249
276
277
309
304
251
175
106
62
77
41
72
126
130
119
92
153
247
182
147
184
162
220
153
133
71
0
36
49
-73
-97
-81
-177
-286
-351
-344
-338
-300
-209
-213
-286
-261
-149
-53
-33
-126
-104
-68
-43
-70
-184
-278
-282
-300
-325
-284
-228
-146
0
25
8
34
55
133
118
64
-5
-56
-15
65
63
-33
-32
22
26
42
108
190
342
433
386
335
236
216
169
79
63
172
232
269
184
110
-1
-50
-108
-119
-120
-22
96
-3
-24
-60
-138
-126
-120
-93
-99
-138
-118
-130
-118
-96
-95
-126
-58
10
-42
-71
-63
-35
10
31
32
103
133
128
65
-22
-79
-50
-18
-40
-53
-87
-52
0
75
72
53
37
10
-55
5
11
2
78
148
108
121
155
149
151
180
202
174
166
168
148
117
164
99
28
85
19
-95
-124
-171
-163
-136
-144
-207
-264
-275
-207
-217
-192
-109
-111
-153
-144
-148
-134
-145
-131
-153
-125
-191
-197
-182
-253
-234
-243
-165
-102
-51
-41
22
31
-77
-166
-145
-136
-90
-64
-104
-133
-154
-59
-38
-12
7
87
151
216
225
199
298
309
309
306
260
188
205
171
163
132
163
154
72
34
36
132
147
233
186
119
149
164
123
68
-17
-49
15
20
123
141
131
95
80
144
161
36
33
9
2
-5
-87
-102
-110
-67
-98
-155
-180
-76
71
164
227
239
95
9
-47
-137
-59
68
175
205
210
161
22
-3
-22
67
218
260
263
207
98
20
-23
-1
90
188
294
267
216
73
-131
-264
-280
-198
-81
23
-25
-82
-124
-125
-136
-186
-141
-109
68
118
11
-97
-192
-304
-340
-317
-323
-279
-240
-167
-205
-216
-241
-285
-303
-286
-300
-330
-332
-312
-333
-311
-227
-191
-134
-131
-243
-290
-195
-256
-327
-228
-99
13
64
114
198
204
129
120
123
87
61
82
31
-34
-20
2
15
76
57
-19
-46
-6
85
99
64
81
37
-72
-108
-101
-36
-53
-40
27
75
54
3
61
106
136
106
95
66
126
175
177
184
174
144
29
-6
-46
-76
-89
-23
67
131
158
186
235
190
114
122
165
151
232
333
331
306
335
288
318
400
422
369
322
344
341
345
332
336
359
298
246
148
84
106
106
103
71
49
132
171
102
87
32
-115
-210
-245
-273
-230
-114
-50
-58
-35
-67
-184
-230
-252
-251
-263
-321
-370
-351
-352
-342
-285
-291
-251
-202
-99
-31
-63
-151
-239
-320
-313
-246
-211
-110
-45
-14
-85
-134
-204
-165
-76
-18
6
10
73
42
-30
-77
-127
-162
-161
-173
-202
-178
-85
-33
-46
-69
-40
-89
-133
-127
-51
36
101
132
131
50
-17
-46
-74
-70
-98
2
8
51
57
49
79
162
148
163
159
122
73
-33
-129
-215
-213
-275
-191
-185
-122
13
9
23
38
29
44
36
32
47
-38
-66
-67
-38
13
3
57
77
99
130
208
302
367
389
271
126
30
49
122
233
224
226
258
277
258
224
171
156
231
356
370
291
232
203
154
139
164
158
174
204
221
200
114
-14
6
35
40
39
21
-21
-29
-37
-13
-21
-42
-81
-148
-181
-248
-291
-353
-367
-282
-227
-201
-145
-96
-113
-86
-131
-132
-153
-160
-112
-165
-167
-113
-92
-171
-179
-226
-282
-278
-247
-216
-156
-111
-39
-62
-109
-126
-151
-73
8
60
148
179
120
122
59
36
79
160
120
103
84
109
152
200
170
143
142
124
142
25
-27
-49
-138
-190
-188
-214
-185
-147
-133
-187
-232
-275
-189
-234
-277
-260
-179
-130
-81
-41
34
115
87
65
56
55
35
70
26
16
21
66
92
79
94
81
127
152
97
38
-30
-22
-20
-30
-15
-2
53
75
0
-37
-16
120
202
332
293
286
253
167
175
160
152
238
274
266
273
176
149
100
95
86
17
-8
-65
-59
-19
11
2
-99
-48
-36
-41
-83
-144
-251
-293
-248
-249
-249
-179
-138
-85
-95
-181
-140
-83
-18
-55
-46
-50
-140
-201
-201
-151
-146
-67
-34
-80
-58
6
14
24
92
65
67
148
216
191
172
131
104
140
161
136
103
127
169
179
165
152
105
86
118
149
61
69
95
79
119
115
73
26
-80
-125
-102
-132
-166
-156
-70
-55
26
28
-6
-13
-11
-46
-84
-121
-135
-88
-44
-89
-137
-55
-48
-104
-110
-90
16
13
36
22
1
9
-38
-18
14
-9
54
96
116
199
204
182
164
155
63
-40
-28
33
65
65
77
62
30
37
-15
-27
-38
-72
-69
-54
-83
-131
-166
-83
-12
37
-8
-76
-93
-131
-75
-83
-85
-92
-71
-55
-91
-189
-242
-241
-237
-167
-78
-51
-62
-106
-105
-141
-252
-273
-257
-172
-144
-156
-198
-159
-185
-129
-82
-100
-105
-139
-85
-82
-39
39
142
181
193
222
257
285
303
259
226
215
270
342
284
242
193
139
211
279
345
333
289
325
309
230
250
199
112
51
-57
-73
-147
-152
-140
-120
-46
32
57
-13
-49
-44
25
6
86
68
71
69
27
-95
-161
-193
-267
-244
-140
-77
-52
-16
-68
-91
-176
-253
-289
-303
-214
-84
-72
-47
-41
-72
-48
-13
47
61
105
137
134
93
103
85
132
258
291
304
188
167
129
53
59
40
87
147
117
18
-51
-13
19
41
52
15
-31
-44
-50
-172
-218
-221
-251
-265
-242
-203
-197
-141
-106
-172
-227
-234
-271
-287
-288
-230
-186
-86
-14
-121
-191
-155
-153
-112
-97
-30
-7
59
85
-18
-43
-56
54
184
276
263
271
237
193
157
95
141
145
175
91
32
35
76
99
128
136
177
253
204
108
60
63
105
114
124
148
170
115
103
95
-3
-86
-32
32
41
60
31
46
82
67
33
-19
-37
-41
-70
-158
-275
-296
-281
-255
-149
-54
-81
-154
-188
-146
-161
-134
-71
-57
-39
36
-2
15
-10
-50
-41
-137
-134
-58
3
-2
33
14
2
36
93
123
163
167
169
174
184
146
104
86
125
147
100
117
176
200
188
181
154
150
166
227
222
142
107
54
58
26
95
45
76
76
54
-48
-153
-148
-161
-165
-181
-207
-201
-186
-204
-219
-222
-196
-167
-202
-220
-246
-278
-253
-196
-167
-125
-64
-44
-83
-148
-164
-111
-70
-88
-75
-129
-95
-115
-91
-47
-1
4
-17
-39
-93
-62
-45
24
29
73
84
71
72
65
111
85
85
73
124
153
208
186
112
90
70
135
164
207
198
176
170
101
69
34
53
13
15
42
85
119
108
83
41
42
12
-6
-1
-47
24
-28
-42
-58
-91
-54
81
56
15
2
15
-73
-123
-126
-98
-67
-89
-95
-96
-46
-43
-33
-22
-10
-42
-92
-138
-116
-125
-81
-17
36
81
127
181
163
103
13
-15
16
51
13
88
139
148
66
27
-52
-105
-101
-130
-90
-177
-177
-136
-94
-135
-224
-238
-238
-193
-181
-108
-68
10
79
48
-17
-57
-60
-11
33
24
91
118
146
147
108
74
4
-49
-69
-69
-67
31
56
70
87
105
136
142
183
119
156
133
136
196
196
195
160
194
233
217
198
145
119
182
265
293
314
296
311
290
268
182
60
80
72
43
-9
-38
-57
-95
-167
-182
-180
-119
-14
-15
-87
-101
-133
-182
-206
-224
-254
-287
-283
-278
-280
-325
-328
-288
-201
-182
-258
-237
-147
-104
-119
-109
-121
-52
-49
-180
-239
-234
-219
-169
-112
-166
-204
-146
-136
-94
-120
-106
-6
115
231
258
164
111
25
-2
-36
-38
-17
30
82
96
142
76
80
30
-35
3
78
80
100
90
10
-12
12
6
32
49
96
102
118
114
130
146
173
193
124
115
122
118
81
58
37
93
128
119
78
0
-5
1
-33
-41
13
46
2
-21
-41
-161
-151
-70
-40
30
-3
37
25
-29
21
22
-37
-99
-64
-7
58
81
85
54
56
36
-31
6
40
44
50
-5
7
14
-63
-68
-61
-22
12
77
90
46
28
89
93
152
160
183
206
221
199
135
52
-8
-9
60
67
118
131
57
45
-4
6
-1
-53
-76
-16
12
-69
-145
-213
-194
-229
-200
-209
-228
-204
-159
-145
-110
-77
-99
-2
7
58
99
45
24
-22
-118
-154
-180
-77
-41
-24
-27
-39
-45
-41
-44
-10
-61
-48
-50
-33
-42
-81
-16
25
84
94
-7
-92
-116
-80
-88
-29
0
-23
-82
-100
-62
-67
-36
-60
-36
-16
-18
-37
-87
-177
-98
-79
-55
-2
48
118
78
95
99
51
12
28
68
60
105
155
223
225
145
55
3
-4
9
77
153
200
212
192
100
128
115
146
136
94
39
-47
-33
-127
-155
-113
-46
-3
34
-10
40
40
-12
-62
-53
14
7
-40
-26
-62
-81
-118
-234
-244
-194
-87
-29
30
-16
-56
-67
-48
-99
-118
-58
-43
-53
-27
-40
-79
-45
-40
-23
-29
-5
18
50
33
87
157
207
249
302
315
334
385
331
227
90
40
88
105
220
237
170
153
184
177
173
123
52
57
39
101
105
125
104
93
59
35
-52
-105
-138
-153
-152
-152
-113
-68
-40
-131
-190
-198
-225
-161
-136
-93
-38
-92
-141
-239
-314
-297
-269
-213
-139
-107
-142
-159
-190
-139
-178
-191
-188
-168
-149
-104
-79
-63
-19
-18
-37
-84
-102
-105
-60
-7
53
75
42
-3
-18
-35
38
74
9
20
8
39
42
-21
7
39
121
155
118
82
38
17
59
109
113
123
83
53
-12
5
63
70
98
51
11
-65
-95
-104
-60
-10
29
43
31
56
-18
14
-36
-69
-88
-27
-88
-119
-54
1
76
20
4
-5
-35
-58
-69
-97
-133
-74
-39
42
114
90
80
-16
-36
-40
15
72
60
102
149
166
200
128
98
133
178
294
338
344
287
225
164
131
96
83
87
76
106
157
88
93
91
18
3
52
54
67
40
-10
4
30
18
-2
-15
-96
-131
-201
-122
-127
-150
-147
-118
31
116
102
-25
-63
-92
-74
-61
-101
-147
-110
-75
-107
-87
-143
-162
-167
-145
-80
-56
-34
18
65
115
133
46
5
-41
-45
-31
-53
-85
-122
-97
-109
-75
4
52
60
40
-62
-108
-117
-73
-2
51
69
171
175
73
30
-47
-55
-43
18
52
119
92
33
-47
-136
-87
-77
-83
-47
-16
-58
-20
-84
-168
-149
-142
-160
-113
-129
-94
-111
-172
-219
-269
-150
-100
-142
