57
31
17
5
13
-15
-29
-37
-49
-71
-45
-30
-52
-107
-140
-201
-240
-223
-222
-223
-207
-213
-231
-230
-272
-284
-263
-220
-208
-219
-223
-241
-257
-243
-224
-153
-131
-158
-155
-138
-103
-84
-98
-110
-106
-53
-77
-36
-34
-48
-36
-13
1
6
-5
14
21
11
20
4
85
87
105
86
64
94
100
102
104
98
118
149
175
152
156
192
173
177
209
198
186
172
133
130
114
114
98
53
58
71
64
67
73
37
69
63
69
19
-17
-4
-24
-44
-45
-64
-48
-22
-43
4
8
59
54
33
8
-42
15
44
77
59
21
36
26
-17
-28
-33
-47
-10
3
-19
-39
-58
-41
-30
-47
-25
30
53
40
43
51
26
0
-2
2
29
22
29
70
54
50
32
-9
15
8
0
20
39
26
0
2
14
21
35
27
8
20
9
9
9
51
59
74
81
28
20
-11
0
-57
-83
-110
-124
-90
-109
-91
-105
-136
-125
-156
-142
-130
-114
-82
-76
-48
-77
-108
-161
-154
-159
-131
-125
-137
-120
-92
-48
-33
-51
-41
-12
-22
18
-1
24
-20
-23
-21
-12
-13
-6
-35
-84
-10
-28
-14
-30
21
34
38
75
86
79
85
109
129
116
131
143
139
152
83
47
29
48
71
116
108
111
119
136
130
59
45
86
96
80
100
45
5
27
17
47
74
70
95
76
30
49
48
-21
-16
-46
-61
-45
-29
-98
-46
-26
-48
-48
-84
-124
-105
-83
-142
-112
-106
-146
-186
-155
-185
-177
-108
-131
-161
-203
-165
-179
-187
-105
-105
-137
-22
-22
-27
-19
-35
-91
-78
-38
32
90
114
140
88
70
25
76
107
152
176
181
139
85
100
35
80
52
67
71
56
27
111
89
39
96
78
71
117
61
60
111
97
145
132
121
182
129
125
122
111
68
89
90
68
44
62
19
-53
-30
-19
-42
-56
59
-104
-111
-34
1
-15
85
73
-27
28
-36
22
-12
35
112
52
-32
59
-24
-50
9
-13
-110
-116
-55
-142
-43
-24
-8
-52
-27
46
30
-51
17
-68
-220
-47
-38
-133
-148
-122
-232
-181
-221
-136
-189
-189
-15
-177
-91
-117
-131
-234
-109
-150
-226
-26
27
-152
-96
-37
-248
-122
-71
-52
-174
-9
25
-156
-64
-15
-52
-53
189
-61
1
-29
-100
-24
12
-23
15
0
0
110
-51
122
53
189
60
95
18
53
22
147
48
63
69
-19
-98
165
96
123
164
172
115
140
207
139
216
149
222
92
249
95
154
145
229
91
162
153
46
173
93
171
181
156
34
39
19
20
109
-18
22
49
185
6
148
167
43
214
57
138
-15
140
11
120
-6
17
-34
-44
171
82
43
42
18
38
83
43
94
5
5
-39
-173
-100
24
50
-161
83
-108
-161
73
1
-254
-104
-31
-427
-115
-194
-241
-8
-137
-120
-219
-346
-247
-97
-255
-135
-151
-452
-50
-194
-265
-219
-175
-381
-232
-335
-62
-132
-202
-239
-304
-235
-417
-21
-375
-80
-156
-101
-100
9
-123
101
-23
28
-101
58
81
-95
137
-43
-16
16
246
-226
154
-40
165
146
156
-147
64
-132
307
51
112
84
187
38
206
319
200
410
101
425
302
380
238
149
203
191
398
249
249
161
108
-64
150
-33
-71
399
73
-35
-19
-108
-165
251
149
33
294
-120
55
-76
94
-67
193
167
13
179
-81
17
-228
181
-231
246
-37
-18
-282
17
-263
-208
-44
-240
-34
93
-253
-201
234
-295
84
216
-263
337
-62
-106
-127
31
-14
-172
217
-102
257
-123
292
-112
169
-167
148
-198
66
76
-22
5
-46
-12
-145
270
-65
241
-94
80
-327
36
50
-219
219
-223
53
-126
119
-37
152
189
-162
170
-147
210
-265
210
-250
203
-404
-22
-307
-47
-175
-183
72
-427
224
-535
237
-320
83
-321
162
-240
-391
188
-574
261
-341
-156
-202
-47
-406
281
-132
-276
206
-204
-78
-318
114
-193
177
25
83
-94
-341
256
-411
672
-614
307
-297
378
-204
540
-435
175
174
-35
235
-35
928
-475
639
-221
632
-384
629
-100
315
247
215
221
240
306
-143
436
-292
614
-133
480
-276
591
-50
170
368
-165
93
327
202
-192
587
-284
66
35
189
-346
601
-86
-123
243
119
-90
82
468
-635
183
-114
-144
-179
258
-463
-212
132
-454
-130
83
-201
-86
-107
-220
-69
-30
-312
-279
-9
-447
-167
-13
-417
-203
111
-513
48
-219
61
-252
-199
444
-631
173
-401
190
-860
811
-655
145
-337
-73
-524
170
-212
-110
255
-183
273
-482
405
-335
650
-651
983
-849
845
-363
432
-209
198
214
-55
408
-118
446
-212
798
-755
905
-602
729
-221
247
-9
125
386
-176
782
-1018
1019
-591
458
-507
389
-734
702
-4
-57
384
186
24
50
593
-746
655
-471
267
-350
819
-741
449
-587
370
-493
235
208
-292
-180
-198
251
-862
963
-1112
752
-856
599
-1085
476
-763
324
121
-489
799
-1046
606
-578
651
-846
755
-306
299
-247
11
299
-805
847
-767
421
-681
886
-1017
567
-229
-606
481
-318
-71
337
-106
105
273
-13
-146
644
-895
1185
-795
931
-507
357
-398
405
2
-86
783
-844
982
-952
935
-1014
1050
-947
889
-667
661
-579
-35
144
-522
205
-15
-111
59
449
-728
521
-556
-91
601
-41
-71
758
-794
371
364
-256
254
547
-335
91
73
37
-154
432
-14
474
-480
441
90
-330
503
-99
-110
131
486
-384
276
312
-231
44
105
838
-434
398
-91
-128
-59
294
-105
-40
324
-84
27
319
-104
343
-403
208
-504
425
-699
724
-773
261
-154
-28
71
-244
52
-99
-453
133
-449
-282
150
-752
116
-459
-323
-398
-40
-504
367
-975
867
-1376
455
-867
277
-827
297
-415
-652
841
-1343
1152
-1316
968
-1068
841
-547
217
-249
-244
311
-510
635
-632
1275
-1299
1364
-538
-71
550
-313
22
-59
1059
-1126
1093
-947
805
-584
325
100
-298
776
-491
589
-534
1159
-652
959
-308
507
-214
522
323
-438
1397
-829
291
188
123
126
459
174
-616
915
-1200
1307
-920
1002
-627
448
-655
603
-642
407
45
-329
737
-835
1088
-921
778
-878
846
-1067
1245
-1117
818
-365
-226
586
-1134
1178
-1126
1386
-1251
1314
-1175
1138
-908
412
-234
410
-112
216
343
-844
792
-866
1251
-782
246
-198
-370
-112
459
-927
502
-78
-200
105
545
-958
1220
-1014
748
-884
137
-297
-225
601
-1110
1308
-1499
1564
-1695
1312
-613
254
-408
640
-1165
719
-339
236
-178
-81
23
76
497
-275
21
-311
302
-470
190
234
-323
247
-724
259
-296
-233
583
-382
66
-458
424
-406
404
-234
902
-1108
1201
-1244
1103
-1152
1268
-940
178
508
-304
-21
-183
513
-900
962
-1145
1797
-1745
2368
-2315
1706
-1514
1717
-1555
1887
-1413
732
-373
22
835
-1522
2126
-1305
1060
-1585
2138
-2503
2067
-1548
1330
-1485
1922
-1494
840
-334
185
-159
60
365
-454
483
-787
1056
-1489
1233
-959
1254
-1669
1947
-1710
1110
-844
705
-342
154
480
-1171
668
-130
-183
-367
750
-1056
455
-334
-18
296
-111
473
-1114
965
-1120
1425
-1726
1249
-974
503
-438
969
-1162
403
657
-1348
593
-596
139
-589
970
-1347
1277
-1628
1566
-1131
1357
-1110
968
-231
-611
934
-1080
1066
-1279
1919
-1929
1847
-1534
955
-767
1107
-1230
856
-127
-388
884
-1394
1398
-1295
1080
-482
279
-590
288
248
-13
-678
542
-461
-167
1003
-1302
1200
-515
140
206
-108
82
435
180
315
-112
-54
228
425
-241
310
143
-11
-72
547
-620
1130
-1439
2089
-1754
1304
-463
419
-927
1028
-881
384
571
-701
820
-982
1640
-1456
1726
-1334
1588
-1382
1256
-821
131
219
302
31
411
-309
283
104
-572
227
-547
563
-322
629
-667
-129
-605
358
-145
170
-757
589
-916
39
-420
635
-987
818
-462
-210
-64
-2
-649
-149
445
-1142
698
-726
272
-887
537
-599
243
-555
588
-1099
98
37
-230
218
-55
-103
-295
-2
580
-670
-237
505
-530
747
-721
882
-935
818
-298
499
-1072
1200
-532
519
-300
582
-1139
873
-96
462
-846
491
-186
-83
496
46
-121
-92
449
-351
947
-535
1233
-1614
1189
-1102
1359
-1180
2253
-2240
1668
-906
168
18
165
827
-1279
1246
-1562
1779
-2032
2167
-1520
1252
-924
796
-773
267
444
-637
914
-1348
2106
-2465
1991
-1178
953
-775
1935
-2318
1714
-415
-244
529
-460
485
-341
902
-802
432
-171
489
-324
414
54
1
415
-942
1117
-788
1127
-1103
1195
-1153
339
445
-745
655
-646
1042
-1116
1617
-2143
1676
-1302
1441
-949
398
-164
-860
947
-1065
522
-437
500
-1517
1314
-1053
393
119
-278
-69
-993
896
-1014
851
-955
628
-1548
1045
-459
7
27
-715
505
-831
753
-519
579
-1145
997
-1116
754
-361
449
-309
-152
604
-1222
738
9
376
-804
1428
-1106
370
239
547
-877
1068
-1000
262
681
-357
160
95
-234
606
-982
597
3
264
240
-604
857
-1634
1744
-951
1184
-994
990
-1179
1119
-410
547
-260
164
160
-720
1102
-1471
1684
-1434
1363
-1127
870
-947
1078
-1013
486
-566
179
-454
227
-112
-600
738
-975
624
-417
21
-213
260
-1292
1050
-306
-71
478
-998
427
404
-710
482
-515
309
159
-387
721
-1039
1711
-1900
2111
-1723
1662
-1859
1877
-954
-31
898
-981
1371
-1300
1933
-2227
2551
-2182
2021
-1327
1451
-1140
796
-331
176
617
-839
1410
-1679
1966
-1444
1290
-453
421
-110
-423
574
-748
1346
-606
528
-921
643
-384
893
-908
442
-51
-140
324
-1097
1311
-1745
2222
-1604
954
-746
775
-1994
2359
-1845
507
307
-1096
645
-483
404
-980
1392
-1496
1400
-1425
1268
-1047
416
27
-876
1221
-1184
1579
-1899
1759
-1637
1388
-1105
603
-289
-250
918
-1217
1411
-2097
2549
-2923
2634
-1744
1598
-1651
1561
-1122
760
-462
-444
1417
-1722
1379
-1018
715
-895
1250
-1756
1110
-59
-204
-140
601
-1119
144
502
-1001
1071
-997
844
-1039
294
-365
-55
388
-318
4
-343
-44
-655
820
-657
773
-546
506
-557
152
-391
184
204
-224
-219
633
-2253
2592
-1800
799
-864
1380
-1165
1274
-559
442
-381
-117
610
-922
1063
-495
563
-457
226
-31
78
413
484
-716
749
-530
972
-893
1650
-545
220
6
702
-1190
2213
-1218
400
229
-67
377
-338
960
-89
138
-281
748
-1521
2622
-1928
959
-1205
1655
-1618
1479
-781
626
-812
1109
-772
628
-327
938
-2530
2275
-1097
388
280
-449
-308
35
343
-1120
541
-579
1261
-1671
1269
-1428
876
-1342
1304
-410
-328
109
-33
-921
972
-643
-190
335
-56
-500
-100
66
-97
368
-754
617
-431
-290
766
-1032
866
-928
43
502
-925
563
-763
116
435
-369
-28
-40
200
-105
-202
114
9
203
383
-781
447
-410
-432
927
-411
806
-1263
635
-930
1492
-2228
2427
-1384
403
-172
334
-607
774
-84
-72
580
-1218
1019
-983
1179
-945
72
-235
1185
-1276
465
451
-454
353
369
-474
395
652
-1222
1205
-834
867
-670
575
-227
236
-667
1131
-767
304
-236
234
-281
589
28
-1061
1519
-2241
2229
-1011
531
-306
343
-1344
2053
-1535
1399
-565
649
-243
-884
1572
-1557
1345
-328
339
-478
86
363
-286
349
320
-1200
1477
-1186
482
-600
842
-1232
1624
-1751
1771
-1953
1848
-1476
1288
-1186
718
-475
523
-157
-695
629
-743
1681
-1657
748
-624
806
-480
340
-291
-99
329
-276
-59
586
-417
739
-298
427
-478
578
-754
1322
-1518
1745
-1413
353
-132
123
-27
682
-962
584
-600
306
598
-1270
1660
-1977
1644
-1728
1602
-1211
1243
-1048
1039
-2040
1856
-1158
1151
-1422
722
-1129
845
-455
319
268
-742
415
-826
153
-38
71
-208
142
15
-553
53
87
-312
256
-428
227
-276
806
-875
852
-1123
914
-748
716
-1077
874
-248
129
-547
-107
-43
94
-8
440
-557
509
-781
506
-228
165
-99
301
-390
476
-237
367
-3
-450
919
-1291
1710
-1927
1646
-674
194
-24
193
159
-495
602
-109
278
-569
144
170
-552
991
-1126
1342
-744
915
-1540
1884
-269
423
-1041
1313
-456
-203
869
-1334
1815
-2203
2593
-1893
1076
-789
1447
-1128
1373
-1080
170
107
229
-46
-1220
1534
-988
362
177
-294
-558
725
732
-1321
512
-676
297
-326
790
-473
622
-1447
838
298
-453
1082
-1241
788
-451
100
-773
1303
-957
590
-558
353
-751
1260
-1422
2074
-2200
1474
-1033
893
-4
-398
-31
505
-1218
1544
-875
256
690
-852
342
-1268
2030
-1923
1492
-190
-392
-314
-66
-477
1120
-40
-474
288
-577
331
-479
682
-305
130
514
-894
1265
-1429
1216
-923
2067
-2531
1233
-1578
1987
-1282
696
-531
539
-514
304
408
-1604
2645
-2705
1863
-2128
2320
-2469
2153
-1975
1337
-1639
1774
-1734
1326
-307
-674
891
-1898
2930
-2109
819
-470
247
-437
845
-565
218
-571
743
-247
-700
755
-1039
1806
-1858
984
-669
457
-224
369
-365
402
-235
-669
508
-145
694
-915
482
-571
928
-1115
1603
-1764
1218
-332
455
-844
743
-862
1014
-318
617
-1289
1356
-1276
1076
-728
407
334
-1133
963
-990
1317
-1174
699
-178
462
-1291
1427
-1813
2029
-1315
951
-1080
496
271
-418
1034
-670
-395
429
-298
417
-114
989
-1594
1201
-981
663
-273
1126
-1061
1391
-1908
908
353
-716
1247
-629
104
-441
1248
-1752
2179
-1550
1378
-800
560
-969
1193
-1176
1636
-942
317
-78
-118
176
263
476
-424
60
-159
-102
-370
1265
-1181
1545
-2114
1792
-1564
1245
-1104
902
-645
335
-501
502
-825
1053
-604
-1085
1419
-661
-503
394
-195
446
-482
721
-1259
154
496
-701
-29
664
-748
-361
470
-969
1407
-1143
1338
-2126
1601
-1675
1225
-446
811
-1191
454
-1043
1521
-1220
1212
-695
2
64
-658
600
-719
671
411
-691
-777
2025
-2536
1855
-947
1163
-2085
2064
-1608
1770
-1483
381
519
-544
265
-58
-643
1255
-474
-605
858
-837
662
-106
193
-238
110
752
-565
20
425
-274
764
-1039
1201
-1151
1086
-533
840
-1079
1007
-412
343
-344
769
-811
400
284
-472
382
-82
-8
-53
475
-821
912
-700
852
-275
-398
585
-651
-80
569
-146
151
-685
1233
-1016
283
-45
113
-416
1481
-1158
-141
-60
212
-509
666
-69
-559
28
132
-177
-8
-5
250
-653
1273
-1206
491
-566
336
409
-881
405
352
-784
241
503
-1013
883
-1246
1580
-1740
1570
-653
-706
923
-155
-435
785
-152
-174
107
-1459
2110
-2290
2373
-1930
1445
-642
-834
1161
-661
48
522
-442
-125
422
-277
153
-558
1183
-1745
1452
-1037
1285
-1216
1082
-136
-43
-1171
1169
-1209
1316
-222
-875
784
-969
516
13
233
112
186
-995
551
250
-443
-17
830
-362
-391
1069
-1525
1225
-794
1158
-1168
965
182
-641
308
-234
544
-950
1392
-707
622
-626
203
-562
1165
-1334
629
905
-1646
2272
-2063
1357
-1034
180
271
209
-26
356
-479
-6
363
-623
1209
-1239
1467
-2103
1920
-1200
398
-776
1536
-1264
330
368
-825
348
-430
661
-846
1663
-1883
1384
-1195
580
-1077
856
66
-1308
2051
-1483
1157
-1934
1369
-1437
2271
-2056
2311
-2096
141
179
40
431
-708
874
-1200
2015
-2684
1645
-619
777
-1049
1745
-1921
840
641
-671
495
-12
-54
-221
500
56
-15
-483
283
493
-12
-141
723
-685
-1
365
-619
649
92
-822
787
-223
-89
-923
620
601
-272
-178
-63
139
-1049
918
121
-757
1356
-1666
797
-610
1037
-1349
960
-136
-181
-452
736
-703
72
-349
573
193
-1078
1153
-1235
504
81
-60
-62
-94
228
338
-738
542
-60
-852
1559
-412
-785
1453
-1044
306
265
-60
24
637
-796
1371
-1930
1399
-22
-491
162
1008
-1625
1895
-1357
1202
-1181
1148
-1360
1534
-817
170
341
-629
414
-18
-49
472
598
-1861
1544
-1061
1410
-2270
1854
-1564
723
382
-836
-213
1243
-1617
1143
-355
-518
517
-1260
752
-260
-782
590
-245
-457
1248
-1598
800
-758
1089
-424
-27
-449
332
-52
244
509
-1295
1207
-302
145
-157
532
-528
788
-1233
1516
-960
-505
2068
-1979
658
-435
200
-648
1009
-584
-1085
76
748
-1042
258
-441
-385
-297
-1331
2104
-2570
429
1216
-2636
1446
-728
-477
741
1263
427
1298
-88
1393
130
2478
1010
2067
713
509
2710
61
1431
1261
613
959
1147
586
-566
-1231
657
-1592
-638
-660
-1754
-2313
-1707
-1512
-3868
-2417
-1112
-3911
-1548
-2422
-2469
-2957
-2681
-1330
407
-404
3112
-2155
-63
1393
2086
3742
2136
4581
1420
2017
4215
3265
1839
5019
3419
4434
2321
3809
-426
-7
2705
1321
1122
-203
-798
-4123
-1775
-1435
-3654
-4152
-1901
-3813
-4272
-3671
-4850
-6706
-2841
-2285
-3118
-3598
-4477
-4528
-3954
-3523
-1123
-4988
-1396
3205
-274
4107
-905
-184
2544
6702
9457
4442
5874
3095
2633
7458
7021
5186
7101
6222
7246
3462
3016
88
-1784
5101
3240
2178
-868
-4016
-6279
-2753
-2698
-3528
-4509
-3912
-5024
-6323
-6348
-10295
-6708
-4824
-925
-2869
-5177
-8041
-6871
-6146
-1122
-3298
83
3766
382
5626
-2590
-446
4115
8599
12741
8631
7075
934
1581
8022
7813
7601
10459
5206
5890
2236
1211
-3481
-2342
5894
1136
1540
-1665
-7598
-10008
-3515
-5424
-3714
-2760
-2868
-7030
-7992
-10166
-12286
-5981
-2934
728
-2481
-7722
-7790
-9764
-5025
-2651
848
7014
1740
5656
-2011
-4875
4600
9009
14270
11620
8675
31
-1257
6371
7253
6899
12610
6856
3422
1679
-2629
-5279
-5354
6741
1068
350
-3354
-10273
-13186
-4512
-3852
-4847
-2115
-3152
-6079
-8889
-8739
-12756
-5762
-1974
4243
-2152
-7613
-7876
-9795
-2368
-1579
8445
5197
4303
6547
-5688
-734
7632
13460
15138
13395
6813
-3755
-236
8879
6564
11160
12691
2783
321
-2324
-3593
-8275
2195
5784
-2094
-1288
-8649
-14573
-8610
-918
-1075
-2490
-2778
-4944
-10008
-6227
-7873
-8045
-1836
-140
1166
-8886
-7978
-9614
-5651
-1031
3405
8907
-530
6558
-2376
-5513
6723
14888
16642
13455
9274
-3732
-3556
8654
12240
8960
14903
4770
-3528
-2305
-1992
-4780
-1127
9427
-3309
-5681
-8775
-14673
-11020
3052
1485
-2838
-4604
-9968
-7842
-6061
-460
-5022
-852
-4308
-787
-6810
-10053
-3844
-3846
647
1952
8689
-2150
3209
1088
-4103
7723
15457
16161
7896
6593
-3374
-3945
9474
13702
7663
9244
2845
-7110
-3680
-723
-862
-174
7401
-4484
-10806
-9848
-11393
-4921
6106
5869
-6359
-7130
-10032
-6771
1836
3262
-2325
-2911
-6979
-7377
-5331
-9446
-3405
-1415
-1473
-3801
3494
-2455
407
6369
-3311
4983
13648
15248
7258
7212
-749
-2913
10440
16170
6727
5757
3795
-6802
-1043
4261
-308
-3067
5257
-5082
-10192
-6963
-8881
-5891
4974
5574
-8440
-6142
-5723
-3230
4314
5651
-3631
-6715
-3913
-4865
-1818
-4237
-6309
-6067
-3782
-4893
2080
4096
1732
5896
-3301
-2975
9866
15370
12152
9840
3471
-6263
3301
14567
8007
6561
8165
-3651
-3683
2540
-1168
-5237
4454
1743
-9391
-6356
-8412
-10869
1632
8688
-4177
-8081
-4506
-5415
1683
8115
-3081
-8219
-4411
-4607
-1883
-2979
-7494
-8293
-4327
-5513
-1243
7016
76
6217
2357
-6664
6658
14579
14565
10515
8699
-4398
-2867
13925
9866
5879
8207
-294
-7298
65
876
-5755
-1138
2696
-9628
-8514
-7087
-11571
-3335
5880
-54
-9097
-5125
-4963
797
7589
1237
-7512
-5744
-4282
-1670
-78
-6986
-8600
-6259
-5071
-472
7428
3091
2698
3004
-5056
3865
15285
14598
10229
7507
-2823
-4032
9492
11893
6874
7257
739
-8361
-2746
417
-2974
355
2580
-7150
-10151
-7176
-9990
-2453
7158
1581
-4520
-6351
-5520
1002
8190
4096
-4933
-6166
-4998
-1741
592
-5660
-10348
-7902
-5118
-934
8745
5641
351
1253
-3377
3536
15316
16656
10195
7522
-64
-4108
7433
11108
7805
7072
2501
-6516
-6767
-1616
-3159
-44
1324
-6892
-10357
-8805
-8240
-4332
4059
203
-4443
-5146
-5268
2054
5770
3264
-6230
-6351
-4717
-1327
2164
-4575
-11208
-11422
-5001
-2291
9428
9444
311
454
-2783
2360
13890
18009
11216
6127
798
-3197
5495
11620
7255
5972
879
-6756
-5904
-2679
-1143
-1359
-41
-9415
-10674
-7568
-6173
-2519
3200
-269
-7110
-3302
-3709
2403
6582
2599
-6504
-7754
-4275
-3020
2069
-3650
-10736
-11788
-6307
-1409
9460
10304
1957
551
-2358
6103
15765
18069
9634
5428
414
-147
9128
10750
6249
2595
-134
-7081
-4803
-2070
-2050
-2438
-1360
-10445
-12042
-5853
-5237
-500
2334
-759
-7853
-2037
286
4177
4999
-252
-8571
-7449
-1871
-2152
-51
-8361
-12034
-10370
-3797
1748
10131
6464
594
972
285
10609
18798
16045
7313
4573
-1082
2041
11195
10696
4426
737
-2689
-8401
-3592
-1215
-2992
-2667
-4179
-10423
-9379
-2973
-3921
-522
1927
-2799
-3673
2262
1362
3760
1652
-6188
-8385
-4026
-2775
-2636
-4967
-13322
-12983
-7019
-2411
5192
10466
2841
705
-169
3539
15530
20326
14447
5512
2631
-286
5673
13910
8105
2255
-988
-4979
-6077
-1512
-2929
-5781
-1795
-7381
-9678
-4430
-2714
-4534
518
241
-4757
1646
3898
2380
2249
-1671
-11162
-8362
-1304
-3386
-4074
-10379
-16094
-13387
-4631
1757
9153
8053
664
377
1381
10212
20174
18345
9575
4684
1838
1897
10253
12094
2170
-999
-2842
-6948
-3798
-1590
-7635
-7724
-3869
-9394
-7448
-343
-2602
-3260
1434
-1298
-1696
6147
6297
2758
1715
-6345
-12122
-5056
-2668
-4062
-8875
-15212
-15634
-8618
-1586
5344
9058
2875
1085
1936
8209
18316
19395
12795
5207
3985
3550
8012
13392
4889
-2245
-4209
-5395
-4653
-648
-5015
-10453
-6518
-7678
-8130
-1999
744
-2761
756
1191
-1953
4755
6863
4908
2839
-1331
-9783
-8999
-4900
-6247
-7415
-13747
-15043
-10355
-4050
1274
7858
5790
1589
3604
5286
15836
21263
15767
6962
4978
4818
5874
13596
9264
-1755
-4211
-5081
-5946
-831
-2468
-10593
-9540
-6429
-9354
-4067
173
-2709
949
3114
24
1936
5105
2465
3655
3291
-5897
-8541
-9588
-9389
-8273
-11293
-14047
-13273
-6042
-1868
6141
8102
1449
1088
5168
13825
21240
18091
7192
2934
5201
6778
12339
10570
-890
-4708
-4571
-5019
-2569
-2873
-10180
-9649
-5786
-8898
-6311
-1934
-3326
686
7489
1701
295
2089
574
3006
6616
-2550
-11959
-8837
-10660
-8362
-9934
-14374
-14245
-8387
-842
5343
8373
2219
1228
4421
13398
22252
18975
9637
4769
6051
5226
11049
11252
286
-3250
-3654
-5616
-4537
-2177
-9661
-9940
-3742
-8380
-8097
-2351
-1885
1504
6484
4189
-693
1799
3959
2516
4774
-3137
-11793
-10533
-8863
-7746
-12217
-14987
-13582
-9423
78
6415
6563
2539
2056
5568
14794
22674
17645
9365
6089
5769
5353
11614
9809
-1279
-1928
-4754
-6209
-2601
-3415
-10833
-8482
-4114
-9589
-5986
-1208
-1350
2958
6426
871
-843
6169
4073
3239
2884
-8026
-11629
-8762
-6327
-9438
-14524
-15574
-14503
-7191
1688
6160
5190
2776
2370
5883
16992
22535
16161
8919
7764
4677
5554
13892
6530
-1620
-2983
-5296
-6284
-916
-3405
-13155
-7183
-6310
-9772
-3372
1696
-244
3698
5209
-2809
1583
8374
4798
3037
-704
-9621
-11611
-6683
-5902
-12032
-13999
-14272
-14092
-4067
3831
5017
2916
2535
2237
10410
21247
20050
11306
7810
5898
2907
12072
13025
1472
-2865
-4518
-6900
-3821
496
-8170
-9914
-5477
-10374
-8323
1136
2742
746
4758
292
-1653
5374
7901
2553
-527
-4578
-11648
-7562
-4928
-10810
-14177
-11589
-12820
-9096
2626
5447
1780
2033
456
4680
18349
21202
13364
7914
6807
-280
7817
16318
5162
-563
-2910
-7067
-5212
1257
-5357
-9454
-3978
-8117
-10266
-737
1780
-990
3403
1806
-2450
3966
6612
1123
733
-2364
-9580
-7890
-3531
-8089
-10930
-9180
-13283
-11694
2392
7959
4237
3327
-2987
881
15259
21701
15089
9409
6745
-1825
7581
14871
5373
345
-671
-5163
-4004
1703
-6549
-10412
-3378
-6185
-8663
-115
508
-3976
3112
1716
-3805
3204
5849
364
505
947
-9315
-9082
-3161
-6352
-7154
-5604
-12567
-14462
2555
7700
3699
4337
-2674
-633
12515
19514
11120
8088
7095
-1882
9435
15302
2632
-2800
-475
-3526
-1869
3367
-7926
-11467
-3304
-6726
-8233
1561
-1832
-5843
1529
242
-3564
2184
3064
-2883
461
-10
-7081
-5117
-2355
-6639
-5328
-3055
-11527
-4196
8030
4702
2977
-37
-806
7782
16497
13022
3641
5608
266
3208
15891
8447
-2037
-3209
-1343
-2059
4843
-700
-11708
-5665
-4119
-6825
-1662
1777
-6151
-4221
-82
-4282
-519
3874
-1505
-3672
-171
-7008
-7955
-448
90
-3699
-2142
-6496
-9217
7346
11608
4251
1650
-2464
1429
13922
18933
7240
423
1525
-3568
9115
14602
1438
-5735
-2327
-2087
-264
4991
-6753
-10066
-2954
-3722
-5555
475
-1055
-7733
-1280
-1976
-6069
-1548
220
-3918
-2321
-2195
-9156
-5879
153
-1377
-2742
-2072
-6013
4530
14478
9251
2249
-853
1396
9938
18908
11523
796
-384
-2246
4178
12694
2035
-7433
-3021
-638
586
3038
-6046
-13048
-4069
-1068
-3605
1276
-2197
-8665
-2900
112
-3939
-2471
-778
-4956
-2686
-2616
-10026
-7460
-140
-296
-1788
-956
-6841
1003
13170
11512
6311
1601
2934
9524
18056
11718
1587
1399
-1852
4849
12089
3778
-6801
-6200
-2360
-1346
4038
-4096
-11869
-5648
-3315
-4974
-1576
-1411
-6731
-2135
499
-3550
-2491
-1437
-4506
-2864
-836
-7047
-8177
-1697
-2057
-3055
-1544
-4920
3175
12703
11034
4815
1784
3475
10390
18799
14381
3812
2052
-550
2793
12392
4701
-5436
-4575
-1174
-1671
-253
-5083
-13826
-6634
-2737
-5963
-3293
-4459
-10442
-5652
634
-3830
-4295
-450
-3815
-3103
-965
-6106
-7169
-280
715
-3219
-1027
-5589
-3492
10763
13713
7996
3402
1349
4743
16001
17854
6534
3527
3457
1058
9527
9790
-2280
-5924
166
-26
193
-165
-11949
-12262
-2829
-4047
-6735
-3249
-8753
-10086
-2156
-1584
-6706
-3647
-2426
-4655
-153
-1924
-7174
-3676
1618
-274
-1182
-916
-4771
2549
12229
10850
5285
3155
2973
9326
17420
13287
3831
3397
3260
5814
11747
6682
-3502
-3113
2137
256
1479
-2939
-12012
-9284
-2258
-5407
-6932
-6386
-11627
-8930
-2431
-4329
-8128
-3843
-4009
-5266
-2345
-3689
-6566
188
2814
-1112
-2397
-562
-2083
5019
14100
8602
3102
3038
4069
9851
16410
11200
2031
4271
4560
4739
9890
5767
-2785
-39
4009
58
-522
-3309
-10146
-7401
-2068
-5734
-7947
-5639
-9610
-9650
-5224
-6148
-8293
-4136
-2683
-4712
-3601
-4460
-5600
-322
4779
1729
-1453
21
961
3691
9597
9498
5413
4185
4561
4745
9656
11245
4902
3814
5599
2601
3252
5253
2768
-154
2708
558
-2365
-326
-3521
-6579
-3947
-3939
-8657
-4982
-4054
-6750
-6941
-6157
-8657
-7532
-1652
-3457
-3080
-1246
-2602
-3341
917
3535
1642
2608
3821
2290
3140
4440
2252
3599
7267
5772
1377
868
1890
4041
7722
6899
63
-2182
1443
3444
5810
4604
-1246
-3355
119
1798
-263
-2012
-5531
-5278
-1439
-656
-3626
-4346
-5006
-5104
-2962
-3819
-4734
-4785
-1717
-388
-400
-723
-3032
1177
4291
5148
1584
145
469
2334
3299
377
-3426
-5419
-1580
1794
3049
175
-4134
-3478
2386
5046
3489
1150
-652
-1165
1795
4911
1350
878
1587
354
924
1318
160
-1135
2762
2767
838
965
-428
-2326
1134
2405
-344
-761
413
-693
-923
1999
-1061
-1884
1959
1915
400
962
-2107
-4999
-2578
-2554
-4674
-4021
-3384
-4252
-3916
-2187
-3230
-1856
260
-1712
-1982
-998
-56
1043
2431
1105
-1835
-910
1718
3057
4239
3458
2636
3651
5035
5252
4294
4381
4666
5813
6960
5451
3663
1859
1033
1484
764
119
-486
-668
-2199
-1909
-4041
-6799
-4445
-2809
-3235
-4224
-4996
-6938
-6698
-4084
-4709
-4695
-2834
-3986
-4458
-2559
-3620
-4965
-2226
79
-612
651
492
-794
1156
3210
3587
4318
6432
4796
5079
6220
6802
7720
8578
8754
7145
6536
4005
4511
4607
3899
4067
2217
-633
-1269
-1557
-2360
-2094
-2360
-4812
-4308
-3964
-6446
-6375
-5720
-5463
-4950
-3987
-5948
-6627
-6442
-5950
-4728
-4335
-3781
-4389
-2887
-2496
-1880
-2451
-1961
1411
2917
3785
4525
3082
2577
4951
6653
7380
7659
5210
3125
4495
5798
5199
3082
2842
969
1138
1570
417
315
-1058
-945
-1486
-1543
-1637
-2608
-1725
-1739
-1344
-2126
-2304
-1809
-2156
-2328
-3598
-2988
-3134
-1331
-953
-2457
-3477
-4349
-2332
-442
1589
1217
-511
-445
509
2316
4084
5251
4692
1925
2379
3439
3792
3471
3105
726
-98
780
-443
200
-100
-2256
-4908
-1498
-1489
-2703
-1145
-2550
-2659
-2325
-306
-1580
-6
-761
-2958
-746
-2
-540
-466
367
-1331
-2604
-1494
-287
871
2585
1856
191
1088
2407
2994
5309
5696
3366
3362
5182
5012
4636
3874
1304
764
1504
615
-517
-1253
-4122
-5203
-3586
-3291
-3581
-3461
-3602
-3698
-2785
-2556
-2014
-1097
-790
-1264
152
-348
-1454
-281
-735
-704
-228
-741
-2311
-1430
-133
-1207
-827
873
214
993
3369
2411
913
3546
4640
4932
7325
4945
1033
2140
4073
2100
2722
874
-4176
-3172
-550
-2593
-3238
-2089
-4663
-2674
309
-91
-1551
-583
-1199
-1914
1944
1232
-266
52
-1220
-2922
-1779
-1013
-2453
-1175
-2283
-4531
-3805
-2324
-2068
122
1369
-253
930
2642
3377
4532
5917
3813
3883
4963
4566
4175
2600
-226
-2937
-1165
-1607
-1768
-2308
-3694
-4495
-3693
-1462
-511
991
944
45
-51
1201
1136
2253
1895
1409
-114
-1281
-1792
-1649
-486
-1898
-2381
-3849
-3867
-2919
-1220
-1196
-1055
499
1374
3244
4056
4051
2531
4072
5213
4980
4737
2090
-1417
-1943
-884
-3295
-3122
-3725
-5534
-4363
-2684
-3705
-3859
-1141
-806
585
3064
1609
383
2429
2048
2335
3399
1782
-745
805
1125
-697
630
-191
-1945
-920
-115
-1389
662
3127
2180
3759
4592
2655
3456
5935
5765
5279
4578
846
-397
-455
-2369
-4041
-4913
-7046
-7635
-5781
-5920
-6134
-5500
-5334
-4370
-1046
328
853
1171
-426
-612
1554
2573
1929
1398
-90
-1151
-21
486
-414
593
-519
-1493
-499
1707
2103
3525
4694
3862
4999
5496
5617
6620
7264
4822
3097
2953
1126
-186
-1452
-5225
-6623
-6251
-6807
-5980
-5144
-6449
-7135
-4881
-3915
-3151
-588
-484
-1565
152
131
-749
953
1002
-919
123
393
-1210
176
849
-1049
-763
1770
596
2455
4929
3942
4465
6478
6672
5626
8055
6007
4481
5275
4515
2264
1734
-262
-4379
-3943
-4191
-5633
-5800
-5632
-7099
-5899
-4261
-4876
-3946
-2711
-2909
-1766
660
-153
-1361
-602
-1018
-480
542
-53
-462
475
-276
-1440
-137
482
647
2790
3558
2275
2789
4356
5146
7250
7202
4555
3323
4122
3539
3343
2986
-375
-2992
-2748
-2944
-3719
-3748
-5893
-6556
-4160
-2875
-3163
-2169
-2884
-3714
-1513
869
652
935
588
-1137
-723
-338
-369
768
1860
87
-505
-114
52
1248
2768
3252
2869
3115
2979
4426
5329
5327
4578
4098
2634
2529
2320
666
-325
-2153
-3226
-3968
-3401
-4538
-5624
-6076
-6457
-5211
-3528
-2343
-2949
-3669
-3425
-1564
-240
769
902
-33
-1428
-692
103
110
1098
127
-569
540
1011
113
2401
2907
2252
3005
4650
4436
4139
4992
3741
3964
4254
2957
2002
2857
262
-1442
-315
-1092
-2703
-2677
-3350
-4470
-3593
-3532
-3143
-1778
-1609
-2811
-1940
-1519
-1447
-154
521
-370
-1191
-1004
-1087
-419
-382
-1346
-1180
514
718
92
926
586
539
2386
3671
3631
3538
3062
1939
2501
3658
2660
2120
1977
147
-675
-362
-1316
-2042
-2153
-2718
-3217
-2332
-2663
-3107
-1635
-1572
-1827
-1253
-416
-633
779
59
-1116
-711
-257
2
-181
-51
-1713
-1077
301
868
963
624
92
131
2575
3561
3067
2809
1974
1790
2403
2793
1948
1220
713
-345
254
-52
-1243
-2001
-2570
-2451
-2220
-1922
-2098
-2509
-1840
-916
-938
-419
-368
68
961
1140
838
-493
-265
-555
-335
-483
-618
-420
-163
478
98
-320
-28
297
1774
3232
2882
2137
1785
1723
1413
2402
2626
1391
304
-264
-1084
-434
-603
-2129
-2776
-2457
-2271
-2121
-1442
-2294
-2625
-1744
-621
68
493
85
-983
27
898
1578
954
-221
-1231
-1147
444
290
304
358
117
330
1255
1618
903
1771
2685
2931
3113
2521
1080
1526
2883
1873
1448
697
-811
-1089
-65
-885
-2918
-2449
-2114
-2204
-1406
-1357
-3078
-2523
-947
-595
210
107
-1565
-1756
131
159
-402
-1041
-2185
-2798
-1209
-712
-1677
-1507
-1976
-1947
-318
714
233
316
1064
1903
2840
3015
2239
2298
2536
2106
2402
2376
1689
1180
605
-257
-500
-14
-138
266
405
-1085
-1414
-409
631
1595
1502
50
-655
100
868
1319
1086
-1150
-2204
-1539
-1594
-1502
-1465
-2256
-2808
-1823
-2063
-2096
-634
-691
-1152
60
939
691
2115
1948
720
449
1060
1524
2595
2829
-305
-1369
-756
-220
672
1664
459
-804
-474
-434
627
2108
1674
513
1237
985
305
1394
1440
567
562
-249
-1176
-360
-500
-1688
-1558
-1032
-2741
-2101
-850
-1977
-1711
-1439
-1341
-854
844
138
-900
-410
-607
407
2094
1676
-537
-1024
-715
-495
814
1019
132
366
1064
839
460
919
358
993
2367
2289
1088
398
-216
-469
1137
836
445
-41
-109
-978
-865
-254
-1573
-727
-346
-997
-1101
-1446
-1549
-849
370
-293
-1103
-682
-359
481
1106
-18
-1189
-454
-292
592
1239
-366
-1695
-357
1359
1586
1720
147
-1188
-100
1356
1466
1956
1371
-502
-664
-18
-230
-194
404
131
-29
-273
-960
-1096
-906
-855
-527
-586
-1175
-1072
-550
-781
-917
-1076
-1021
316
1453
1066
-42
-544
-587
391
1872
1852
520
-82
-8
1086
1574
1426
762
165
666
378
285
719
658
342
614
754
-122
-816
17
474
480
204
-272
-844
-247
-39
-699
-1722
-1835
-1169
-1283
-783
-1588
-2239
-1509
-125
121
-472
-453
-560
299
1628
1939
555
650
1216
1398
2431
1726
441
315
1150
812
105
-14
-649
-622
123
41
-124
-448
-715
-213
212
325
-7
345
190
445
336
-476
-691
-432
-640
-1443
-1351
-2134
-2019
-384
-203
-1341
-1475
-1621
-1326
976
2057
1065
755
1400
1224
2161
2814
1513
1204
1994
1774
704
567
-295
-1116
-691
-57
-507
-897
-966
-1257
-778
-744
-525
-651
60
554
129
-228
-411
-206
407
640
-547
-1588
-1797
-949
-495
-408
-1469
-2645
-1711
-462
305
350
167
-17
1009
2051
2381
1610
822
1193
2420
2632
1541
466
-588
-579
-466
452
-604
-1294
-1315
-1384
-749
-739
-917
-713
534
544
-379
-209
76
524
1661
1142
-389
-1081
-497
151
566
102
-1871
-2584
-1322
-50
-177
-659
-709
-669
721
2083
1516
747
408
524
1728
2531
1883
443
-163
-913
-1508
-724
-555
-776
-655
-1498
-2096
-2080
-1397
-538
478
614
-532
-403
182
927
1566
1390
270
-59
951
892
466
-422
-1648
-1466
164
727
-146
-380
-723
-584
1085
1856
1524
1719
1659
922
1019
1669
1504
1500
1403
83
-1265
-1568
-1578
-1119
-671
-1575
-2644
-2817
-2017
-1215
-732
-981
-1323
-359
552
910
1269
694
261
1077
1942
1700
1017
57
-895
61
884
131
196
635
18
250
1380
678
672
1943
2268
2053
2130
1376
1006
2110
1767
792
62
-842
-1082
-747
-1517
-2471
-2875
-3089
-2597
-1941
-2263
-2416
-2164
-1579
-901
-127
-346
-912
-42
505
644
716
9
-1122
-426
174
-473
-701
-603
-984
-315
847
215
-187
513
642
1320
2507
1887
1217
1599
2289
1949
2145
1365
106
622
347
-417
-1010
-1330
-1999
-1683
-1199
-1718
-1603
-1434
-735
-135
372
77
371
964
1006
1190
975
505
185
735
-148
-868
-862
-1388
-1188
-564
-592
-952
-562
-399
-476
775
1027
772
1140
1453
856
1327
1463
751
859
318
-482
-1140
-724
-1537
-1801
-1676
-1986
-1926
-1684
-1620
-1223
-271
172
1011
1873
1822
1438
1657
1818
2209
2402
1837
943
705
451
-48
235
-565
-921
-324
95
-403
-459
-572
-530
720
1332
977
304
529
100
624
913
-134
-831
-1083
-1488
-1941
-2270
-2595
-2487
-2223
-2222
-2349
-2161
-2070
-1137
396
1266
1281
1186
1194
1790
2459
2429
1946
1628
1476
1691
1655
851
-269
-426
83
600
1112
635
-240
-162
602
979
1658
1565
793
657
589
566
322
297
-419
-1033
-1500
-2285
-2217
-2465
-2710
-2970
-2682
-2615
-2374
-1435
-927
-562
-496
-84
583
1604
2144
1755
1091
650
918
1533
1889
1134
-409
-950
-711
81
501
-34
-560
-915
-430
142
932
1226
910
844
844
889
865
691
366
-67
-763
-988
-945
-1403
-1658
-2121
-2155
-2264
-1843
-721
-491
-347
-499
-242
366
1526
2266
2065
1600
1217
1332
1717
1903
1220
329
-255
-236
84
171
-280
-838
-1190
-961
-418
-51
13
-159
-504
-297
349
219
-39
-94
-416
-685
-303
-563
-1170
-894
-1313
-1860
-1370
-949
-1192
-460
263
155
608
931
1132
1693
2379
2197
2769
3251
2667
2210
1857
1631
1334
1343
1011
647
258
-526
-731
-439
-771
-993
-682
-915
-756
-646
-1038
-1384
-1155
-1583
-1530
-876
-1089
-1848
-2046
-1864
-2383
-2119
-1683
-2102
-2199
-1948
-1731
-899
111
310
227
647
1037
1236
2912
3813
2901
2341
2286
2484
2755
3122
2245
1268
1283
980
1031
1467
456
-860
-683
-130
260
505
-78
-1094
-1337
-1093
-877
-306
-594
-1588
-1990
-2137
-2479
-2090
-1671
-2302
-2473
-2621
-2842
-2431
-1472
-1091
-1184
-743
-592
152
1491
1906
1467
1600
1700
1965
2739
2834
2056
1618
1433
1227
1697
1862
1055
19
-104
-112
288
628
574
320
-331
-582
-265
249
260
199
-152
-678
-699
-497
-727
-941
-1207
-1805
-1470
-1299
-1437
-1619
-1487
-1575
-1088
39
379
99
69
445
703
1371
1703
1276
1153
1231
1110
1072
1016
464
14
-13
-140
-77
-450
-816
-767
-707
-635
-344
-276
-172
-98
-212
187
321
435
172
-44
-147
-455
-134
8
-58
-554
-1024
-1004
-787
-124
465
428
145
-42
328
814
1541
1734
1251
924
832
1077
1406
1308
481
-251
-696
-753
-343
-444
-963
-1428
-2241
-1922
-1080
-727
-850
-1127
-1338
-1229
-49
379
264
276
-308
-294
290
680
527
606
-169
-883
-292
231
703
1098
1009
247
365
774
1562
2290
2122
1340
1176
1346
1425
1862
1268
168
-258
-284
-469
-331
-512
-1510
-1848
-1838
-1870
-1532
-1527
-1819
-1941
-1590
-1526
-1226
-443
-277
-183
509
728
717
393
829
-274
-326
-383
-1588
-452
-214
1523
793
2063
2068
1810
3753
2198
1751
1009
-630
-343
-1015
-407
-617
-130
1108
846
2123
1066
384
-587
-1469
-1653
-2821
-3123
-3292
-3040
-1805
-1889
-1098
-728
87
1113
1107
1259
-232
-271
-77
-164
796
458
231
195
631
1241
805
1648
972
564
1068
1060
1101
1744
1532
1690
2416
599
1723
2013
479
1474
458
-1028
-260
-1467
-2050
-1849
-1892
-2646
-2691
-1594
-2383
-2510
-1645
-2298
-2413
-1219
-665
-1075
-120
154
-699
-2
591
813
466
751
224
-282
-106
362
840
621
1117
731
1035
1559
1750
1943
2246
1938
1973
1683
1923
1563
994
819
106
429
-569
-800
-1034
-1546
-1430
-1837
-2109
-2026
-2322
-1939
-1868
-1393
-1513
-1320
-414
-545
397
96
382
382
181
676
153
445
-74
-462
-107
-439
3
-312
670
463
576
810
1294
1469
1762
1816
2021
1940
1244
1543
1244
1001
131
322
-568
-86
-161
-1368
-1196
-1025
-1695
-1122
-1179
-674
-877
-948
-758
-145
388
99
1019
748
1055
583
-49
-24
-392
-87
-489
-707
-688
-1466
-353
-664
-270
562
-54
923
1395
944
1255
631
496
1507
907
1423
676
-22
346
-397
25
-92
-816
-505
-1144
-904
-893
-1134
-611
-351
0
-393
345
351
244
828
1196
217
306
-166
-321
-685
-550
-1358
-1133
-924
-904
-1123
-435
-1161
-1036
-262
97
869
335
139
-241
432
489
445
580
-19
-415
-1034
-956
-1364
-748
-793
-1013
-509
-627
-779
157
18
-34
271
1327
793
1743
2119
1651
1335
1880
1239
895
1130
-304
-575
36
-201
-160
87
-300
-627
-63
-45
14
656
582
106
-340
314
235
229
471
-320
-690
-516
-838
-921
-1124
-1351
-1463
-829
-1023
-765
-22
-601
-286
657
-259
1308
1538
1377
1338
1349
791
1931
1152
3042
343
589
-423
-972
140
820
-300
-1354
-939
-1766
331
170
180
-725
148
-1126
902
-705
927
-620
-38
530
-997
227
-372
-834
-910
-626
-1200
105
-897
-391
-589
-234
104
356
863
788
1132
967
1146
685
1336
1496
989
734
-387
-566
-150
127
-449
-494
-905
-646
-934
180
-699
-499
-535
-779
-129
-298
-74
-1054
-44
-806
204
410
100
-604
105
-966
-88
-642
472
-653
101
-363
-570
-288
803
912
625
883
-123
887
1791
964
969
551
-520
119
-263
-109
-470
-829
-891
-668
-329
-556
-889
-731
-1302
-1591
662
-828
83
24
-719
-404
788
256
273
1116
694
-560
-54
715
-193
803
-300
-354
76
143
82
780
145
1763
-123
1003
1266
40
1547
277
-365
720
199
216
-413
-1825
-1288
-250
-1073
-869
-811
-1693
-1862
-560
-599
-628
-214
117
-967
484
265
318
411
765
671
699
1045
358
777
315
751
-35
-16
100
786
15
1645
282
573
1413
63
1603
1416
804
1507
255
1450
-81
-616
332
-1026
-78
-566
-1886
-204
-2435
-62
-904
-885
-557
-395
-126
86
460
248
686
527
957
1121
1060
1399
506
-92
868
-753
-365
516
-1279
518
-1325
-1459
-447
-175
-322
291
-762
-413
748
-254
124
983
-222
-401
-285
-904
249
-834
-439
-2538
-850
-1651
-1135
-397
-501
-785
-82
120
590
-167
1059
1138
916
1871
348
1248
1615
1081
302
799
-265
-379
358
-1667
-364
-907
-1089
-488
-844
-377
32
-486
1377
-1097
558
0
-576
461
-77
-71
-1643
-334
-680
-1368
-1352
-1040
-2552
227
-1011
-1636
-431
-61
-482
1025
-12
928
2370
1119
1932
1618
1600
2344
1332
1285
1616
1201
1164
-108
-1007
-539
-525
340
388
63
-1153
79
-2
22
1195
304
-367
944
-726
1021
-1089
-629
-709
-765
-324
-823
-1029
-2099
-1171
-988
-189
-577
-533
-691
1027
-206
1744
910
1322
1267
1866
1005
1725
828
-533
1618
-54
582
-1030
-938
-242
-763
-1102
-277
-1335
611
-155
-310
5
-557
71
1047
560
14
559
41
172
-452
-177
-859
-202
-1989
-160
-805
-1030
249
-1419
287
281
179
1971
807
1986
867
1511
1621
1751
1425
1145
115
-352
446
-628
-21
-1513
-1764
-2000
-918
-671
-891
-1123
-699
-1341
-828
-214
591
940
453
-773
-200
-359
-199
688
-629
-26
-1932
-1492
-449
-271
-944
-582
-1648
-558
217
907
954
-70
1030
975
1758
2494
2218
685
1772
331
61
-185
-154
28
-219
-815
-967
-2788
-1394
-678
-913
65
-182
-1267
-72
-189
-8
533
867
573
821
-707
635
-695
-41
-257
-582
-936
-97
-672
156
-204
-1010
1124
-573
1379
951
746
1462
626
2605
1470
1219
898
597
559
201
-78
64
-1108
-83
-1446
-1641
-333
-1234
-405
256
-1148
-439
-56
340
-438
1269
567
852
1169
176
-80
960
-375
444
-305
-778
242
-979
252
292
-932
409
549
-181
1364
930
906
2077
165
570
528
1343
941
1052
-577
-1260
-799
-1278
-1190
-223
-2290
-1155
-2147
-1128
-350
-1372
152
-592
95
599
178
1092
720
866
-4
548
525
978
95
-641
48
-635
-638
446
-829
165
-781
-483
681
355
1194
974
230
549
1387
608
217
-297
20
-513
-980
-759
-1447
-1099
-1275
-2137
-1682
-1370
-1149
-430
-1949
-506
-49
-658
445
526
-43
1753
-346
-70
1517
900
325
1604
-736
754
374
-207
753
-526
-246
583
-324
1102
1107
430
1290
371
1641
982
1114
1488
125
915
-235
-298
-840
-56
-1138
-670
-1629
-1083
-1714
-684
-315
-1209
-192
-1040
134
395
52
-262
1287
156
1666
122
-112
727
-191
-831
1152
-1786
-9
-142
-1595
-497
-370
294
1303
-427
362
251
849
1259
1298
158
1257
195
95
814
-601
824
-242
-819
-411
-1116
-490
396
-375
-606
-501
-430
-56
1788
274
849
529
599
805
627
1435
32
-429
870
-673
-827
263
-1825
-667
-621
-1350
-739
-169
-1305
1126
-1089
308
105
-905
1215
175
-189
224
-533
560
819
-977
475
-1667
-417
-457
391
-568
-290
-1140
257
-612
1018
561
961
1326
382
1496
886
1708
1423
680
132
-693
27
540
-494
-476
-1390
-1314
-134
-1899
-26
-866
-6
-16
-520
-191
306
-544
747
-326
136
799
-1264
344
-1158
-286
-1332
-108
-1287
4
-340
-583
-500
-212
-449
849
588
844
637
784
1177
1128
1447
932
117
373
658
236
-94
-7
-817
-253
-860
-653
1006
-1149
406
-409
728
121
577
473
1339
-651
1771
-697
864
775
-619
444
-632
-842
-235
-522
-318
-1090
-288
239
-806
356
-583
128
1331
-1141
1937
-1167
1331
112
-69
560
-92
-1127
1718
-2417
1114
-1371
-1502
982
-2038
875
-1801
78
964
-1186
2276
-551
-814
1561
-432
1536
613
-688
1574
-1212
1210
-22
-591
794
-1270
376
107
-1042
449
-184
85
990
-8
534
-209
-73
1064
-44
976
-448
4
300
-141
-537
-367
-1146
-646
-931
-148
-1607
-531
-1237
-679
-9
-666
209
108
816
2
566
585
474
-296
1416
-406
-713
452
-998
1461
-884
154
-217
-299
500
210
-701
1116
-341
283
1045
-503
645
-36
840
593
-278
-456
-493
123
-819
-688
-1041
-1095
-504
-46
-694
28
-1110
-385
810
-331
1343
96
1349
337
102
826
1057
9
1463
77
1201
660
-557
279
-895
346
685
235
387
-42
-38
828
-258
1620
202
613
950
-1096
881
-591
383
-194
-1320
437
-1066
-725
-310
-818
-710
-268
-1211
-412
-491
-393
42
-212
1035
-76
956
208
273
220
801
-220
338
-687
-26
-946
140
-1224
75
487
-568
-66
196
-465
-230
-263
-146
564
-1080
963
-605
170
193
-908
-698
431
-977
233
-948
-1091
-1042
-1293
151
-582
-13
-591
9
129
506
280
1089
885
1551
408
229
515
529
1457
-247
694
-173
-8
-236
842
-997
1157
179
87
318
-440
922
-728
1614
-34
-85
173
-312
419
564
-1175
992
-2316
159
-645
-1427
427
-1690
-454
353
-809
419
-85
-805
1483
58
1181
205
528
794
925
844
38
98
963
-32
943
154
213
-218
182
-289
-55
567
467
8
309
-6
-90
1392
-364
535
783
-757
702
-1710
5
-391
-1121
275
-1269
-1041
622
-2219
684
-1184
-704
-90
-589
380
-636
287
-329
-489
670
-424
-11
1015
-705
800
-161
124
-286
182
-134
197
-139
-339
-538
837
214
135
669
97
685
710
311
595
-521
40
-613
625
-111
-861
92
-1131
95
-405
-398
-787
-1092
-523
218
-899
551
-745
-843
-56
-493
529
150
-92
206
157
-34
-262
341
-149
328
572
-210
273
80
248
1060
293
110
-284
898
1587
101
947
-309
-166
1085
240
242
14
-1063
585
-688
-438
13
-583
70
-541
-344
-665
9
78
294
199
-907
-297
204
-746
775
122
-721
13
26
-167
-435
82
-119
201
675
372
-66
165
-20
-38
640
1213
334
551
366
475
878
-1
311
523
249
-13
-108
-1015
124
-756
-98
-694
-50
-408
116
-1021
97
-371
-190
114
-282
-464
-444
-949
-157
111
-296
248
-640
186
-295
-129
718
-454
664
-724
-205
551
-138
1243
131
648
-264
444
969
734
187
-44
3
1062
-258
1044
-1036
271
18
-345
1266
-1356
684
-35
-541
690
-346
-417
777
-1298
524
-188
-342
692
-1001
249
-244
-792
326
231
351
-153
-246
548
-53
865
439
-194
-187
761
589
734
-345
577
-1167
1026
-533
371
96
-206
169
-646
92
43
-156
-577
94
-1018
292
-980
-106
-1217
-148
-1041
-153
-998
227
-962
-587
-783
-1042
4
-955
675
-369
92
-407
-734
426
1017
-636
650
-138
377
625
-177
733
232
882
58
473
430
-47
871
-462
-504
1380
-702
701
-130
16
542
-47
154
-100
-60
-117
811
-800
227
-1061
167
-985
852
-293
88
1002
-1060
140
-137
212
360
892
-257
1045
-1457
1090
-727
1156
-44
82
367
49
770
-351
544
-959
214
615
-6
94
295
-795
1214
-895
168
396
-838
888
-1071
443
-1053
-28
80
-331
-648
467
-708
562
-848
-42
283
-620
1034
-487
1056
-200
-224
724
63
667
327
-649
428
104
508
542
-352
250
-796
61
-74
-53
361
-473
567
-305
190
-549
484
-685
500
-1337
1237
-777
-189
103
-1003
-217
-307
-376
-392
-70
-1108
992
-652
-91
-157
81
978
159
715
339
-76
678
89
-214
656
-641
1166
285
387
416
-777
191
507
-833
1066
-949
87
99
-591
208
-348
-66
19
-518
330
-531
-1121
-337
-1538
51
-1087
-456
-349
-536
-908
645
-798
381
-92
