2
31
13
20
18
23
18
23
31
22
23
-2
-9
4
45
67
81
44
32
7
7
15
-9
9
7
30
22
39
18
-28
-11
-39
-23
-35
-15
-21
-36
-62
-48
-77
-90
-51
-5
-17
-32
-105
-116
-74
-57
-91
-79
-70
-5
38
-24
-18
-42
-46
-47
-56
-45
3
16
-17
-47
-20
-47
-62
-44
-47
-10
3
-38
-40
-28
3
17
23
38
51
51
67
64
35
7
6
24
67
57
62
55
64
98
78
97
91
83
29
49
31
21
-18
13
17
40
19
1
20
-7
-18
-32
22
54
46
35
48
23
50
48
61
118
140
124
119
98
88
93
53
70
59
82
111
106
104
76
82
92
68
59
49
55
52
13
-23
-34
-15
-30
-56
-53
-27
-35
-31
-44
-62
-53
-82
-56
-42
-74
-63
-21
-31
-42
-82
-112
-136
-120
-112
-57
-33
-76
-70
-51
-65
-78
-104
-114
-87
-98
-100
-76
-65
-36
-41
-53
-34
-15
4
-6
-26
-27
-59
-60
-33
-65
-67
-63
-66
-45
-11
-11
-32
-2
-30
-22
-7
-1
0
-36
-37
-68
-61
-60
-72
-59
-43
-51
-59
-69
-39
-23
-17
-1
-8
-8
-25
-55
-79
-83
-66
-53
-19
7
-4
-52
-76
-38
-65
-13
-14
-39
-15
14
-4
19
29
20
85
104
98
152
205
223
219
189
132
99
90
104
94
120
136
132
165
178
213
199
158
144
132
130
110
117
112
85
67
66
91
88
74
92
86
78
70
90
65
82
90
66
22
-1
16
14
-6
15
10
32
-16
-25
-46
-87
-72
-96
-81
-103
-93
-80
-60
-106
-108
-75
-124
-115
-107
-101
-40
-34
-36
-70
-114
-92
-116
-114
-81
-53
-33
-28
7
-11
-16
-37
-57
-60
-44
-53
-42
-1
52
56
-3
31
10
-33
-4
-20
-15
10
60
85
91
107
84
32
11
4
7
13
27
53
53
17
0
22
-4
-16
-25
-37
-71
-104
-100
-133
-181
-171
-156
-153
-114
-99
-103
-72
-86
-72
-97
-126
-80
-41
-54
-106
-80
-65
-69
-46
-84
-35
-43
-74
-61
-78
-92
-63
11
15
7
25
12
-19
-44
-60
-56
-24
7
10
30
-18
2
56
65
59
83
92
78
108
104
119
121
156
158
117
122
128
95
125
135
138
122
121
106
89
107
157
165
126
95
40
28
42
50
18
49
53
25
43
41
65
54
28
33
25
-9
-17
-15
-19
-20
-27
-42
-63
-56
-46
-56
-78
-62
-55
-54
-26
-15
2
-34
-64
-103
-91
-118
-97
-71
-38
-9
0
-53
-51
-58
-44
-45
-99
-55
-41
-8
12
-16
-68
-37
-42
-25
-47
-69
-43
-19
2
16
-11
-20
-17
7
71
48
67
71
83
46
25
30
-12
-28
7
-9
-11
11
12
6
20
-12
-8
10
16
-7
-19
-1
-7
-15
-72
-93
-87
-54
-60
-39
-50
-26
-8
6
46
56
68
54
61
50
104
95
62
72
117
167
156
168
152
122
72
68
77
105
138
96
111
100
74
65
28
26
10
22
52
25
22
18
19
16
0
-26
-31
-24
-29
-45
-38
-41
-48
-66
-84
-80
-68
-69
-108
-127
-137
-122
-106
-94
-137
-93
-106
-120
-98
-115
-155
-152
-146
-129
-116
-102
-72
-50
-55
-81
-89
-61
-45
-62
-29
-66
-54
-64
-78
-62
-65
-70
-68
-73
-52
0
-21
0
10
17
33
58
46
39
96
115
112
97
95
94
116
130
109
79
81
67
56
93
88
90
89
46
61
67
81
111
91
63
60
73
56
68
28
30
54
67
84
93
78
72
62
19
-1
34
47
51
78
71
55
34
9
-28
-32
-44
-56
-83
-84
-67
-87
-74
-124
-118
-122
-102
-88
-84
-35
-46
-51
-71
-52
-18
13
24
31
14
-10
-27
-13
-4
-21
-50
7
50
55
47
49
47
34
50
9
-29
-33
12
-8
-15
18
16
18
-10
-12
-39
-28
2
4
2
-9
-31
-3
-3
-17
-3
30
33
8
15
4
-20
-43
-56
-48
-52
-72
-84
-91
-94
-112
-127
-168
-152
-157
-113
-49
-30
-50
-54
-85
-81
-125
-150
-152
-158
-132
-136
-114
-106
-79
-57
-41
-30
19
67
85
92
102
73
53
80
78
94
113
127
189
189
189
153
114
121
72
111
166
183
177
182
161
132
128
140
122
109
132
111
82
57
51
32
48
66
36
61
25
44
4
39
36
71
114
103
70
29
0
-6
20
14
56
90
89
79
44
10
-11
-14
-40
-45
-19
15
34
15
13
-37
-64
-53
-52
-53
-60
-50
-64
-88
-115
-113
-126
-86
-88
-95
-67
-86
-40
-104
-130
-92
-72
-86
-89
-85
-88
-51
-63
-83
-78
-82
-68
-88
-79
-87
-117
-105
-70
-126
-102
-93
-103
-99
-104
-98
-91
-79
-76
-65
-62
-35
-42
-38
-27
-28
-12
9
34
15
7
7
20
31
42
61
82
49
10
8
5
38
46
61
62
69
59
48
12
14
65
100
47
7
18
29
61
66
90
123
75
70
30
-20
5
13
27
68
89
109
93
80
83
50
20
-10
-19
-14
11
29
48
39
49
59
61
57
94
81
66
72
61
83
51
23
24
-22
-40
-87
-77
-57
-67
-64
-42
-58
-59
-44
-58
11
7
-6
-28
-52
-71
-81
-68
-79
-77
-18
-15
-25
-26
0
9
34
32
37
62
76
90
35
15
13
19
-8
25
0
-30
-26
-55
-15
-54
-27
-14
-4
-35
-53
-55
-65
-72
-140
-121
-60
-48
-55
-47
-85
-95
-104
-99
-108
-61
-22
-6
8
20
13
18
47
49
38
19
37
61
41
54
111
98
108
115
121
87
56
31
63
77
66
60
87
86
98
146
120
92
74
50
50
35
18
-17
-9
8
-19
-34
-28
-3
5
-1
16
19
44
21
-7
-7
-20
-14
-1
-20
-54
-25
-10
10
-43
-75
-94
-112
-103
-96
-94
-97
-76
-58
-60
-55
-46
-48
-35
-57
-55
-44
-56
-47
-17
20
3
-33
-8
2
17
57
66
38
10
8
18
29
26
47
35
71
88
43
40
14
15
-29
-8
5
7
-8
-34
-49
-43
-18
-39
-27
-19
-26
3
-35
-23
-16
-13
21
29
0
6
11
-21
17
1
-37
-73
-56
-48
-27
9
18
58
54
95
15
-24
-33
-49
-33
-68
-41
8
19
29
12
21
26
36
16
26
23
19
58
72
76
92
95
92
89
66
28
27
8
17
-10
-7
51
33
49
39
5
12
-32
-59
-51
-47
-42
-25
5
2
-2
24
20
-5
10
7
-11
23
18
-13
-5
21
-1
-45
-14
-15
-12
9
12
-5
-9
3
17
19
-1
-34
-69
-65
-52
-68
-76
-48
-39
-44
-46
-38
-80
-102
-115
-92
-68
-68
-43
-22
-24
-37
-44
-90
-133
-124
-86
-52
-99
-130
-104
-73
-39
-16
-32
-28
-19
-9
-28
-31
-22
20
59
61
76
42
-15
-6
-31
1
10
8
32
33
40
75
84
83
99
92
75
72
98
74
38
7
25
31
43
15
66
81
100
114
97
86
56
68
28
44
59
85
94
97
132
152
142
116
33
25
16
51
64
47
56
67
71
32
2
-9
2
50
72
44
64
16
7
1
1
-28
-14
21
-10
-17
32
30
11
-5
-13
-18
-8
-26
-44
-39
-32
-52
-83
-49
-80
-28
-3
-38
-16
7
5
19
5
-11
-35
-34
-28
-17
-2
-40
-16
-32
-32
-25
4
-3
-42
-15
-23
-32
-57
-60
-81
-115
-122
-106
-117
-131
-104
-89
-72
-53
-69
-85
-126
-127
-129
-88
-64
-27
-23
-17
4
-12
-65
-76
-84
-96
-101
-91
-52
-5
-50
-53
-43
-61
-37
-24
-24
11
33
9
7
-26
-29
-42
-54
-26
22
46
44
38
74
98
103
71
81
107
120
95
83
82
107
96
117
146
116
123
134
123
134
146
101
112
104
91
45
43
52
61
46
38
48
60
54
43
52
42
23
31
-14
-18
-35
-33
-66
-86
-75
-50
-60
-101
-109
-116
-92
-108
-119
-114
-113
-149
-110
-82
-117
-117
-92
-90
-102
-96
-100
-84
-34
-56
-43
-29
-55
-23
-8
17
19
24
38
36
45
39
53
51
41
17
27
29
33
17
94
108
111
83
92
100
87
132
149
141
82
89
105
97
86
82
60
48
9
63
73
92
66
71
57
41
39
12
-3
9
33
35
5
-43
-27
-29
-19
-44
-24
-1
-6
-16
-33
-37
-33
-24
-12
-23
-54
-61
-50
-40
-30
-82
-130
-88
-69
-128
-150
-160
-154
-110
-100
-75
-113
-118
-106
-123
-107
-94
-75
-92
-105
-69
-61
-35
-10
-1
17
36
37
50
45
54
79
98
83
70
104
102
85
45
16
33
39
27
57
37
33
33
10
40
52
71
73
101
116
83
83
75
83
60
54
57
74
58
74
104
89
96
70
59
68
49
-15
-40
-22
0
-34
-54
-73
-80
-82
-91
-114
-59
-55
-42
-39
-76
-54
-33
-18
-78
-111
-85
-73
-41
-26
-41
-30
8
-17
-37
-47
-42
-35
-10
29
33
5
-2
14
-34
-66
-79
-54
-23
-10
-8
-14
-55
-36
-41
-62
-39
-74
-36
-19
0
21
-16
-35
-30
-47
-49
-13
-17
-12
-24
-56
-80
-74
-108
-92
-84
-63
-50
-11
22
19
24
19
26
20
49
79
112
145
120
103
39
25
46
86
105
143
165
144
115
80
78
97
107
151
139
137
159
147
88
63
17
40
28
19
-19
-40
18
-1
-5
33
39
35
72
105
59
37
42
3
8
1
-18
-29
-22
-14
-52
-48
-10
-23
-54
-92
-61
-53
-73
-88
-105
-116
-22
-18
-52
-56
-58
-29
-15
-22
-90
-96
-91
-37
-45
-86
-108
-114
-98
-116
-96
-86
-80
-60
-48
-33
-15
-5
-2
5
-50
-73
-58
-89
-130
-115
-79
-57
-35
-15
3
4
22
19
15
-2
-12
-14
10
17
25
-4
-39
-47
-62
-79
-72
-51
-66
-28
-14
-12
-2
7
-13
-25
4
-13
39
66
62
83
141
102
58
53
36
64
87
83
92
90
111
85
74
93
100
89
97
91
45
42
33
-2
18
5
18
52
44
52
60
116
109
135
127
123
120
109
69
56
109
133
144
183
185
133
123
107
114
107
114
84
60
50
33
23
46
28
5
-19
-23
-18
-46
-15
-17
-30
-27
-30
-54
-100
-90
-70
-99
-89
-66
-89
-110
-131
-146
-162
-145
-145
-171
-174
-150
-182
-172
-171
-128
-109
-146
-125
-125
-120
-134
-106
-93
-125
-131
-141
-135
-174
-156
-131
-114
-61
-65
-44
-26
-43
-31
-24
-59
-68
-43
-40
-26
16
11
5
-16
-41
-50
-46
-50
-55
-83
-55
17
44
68
100
111
69
119
95
110
119
115
142
123
108
150
141
158
177
162
138
127
129
133
128
137
175
118
69
30
48
42
17
68
82
69
103
63
57
66
19
16
-8
-29
-44
-14
1
38
62
38
32
4
-17
-57
-90
-144
-110
-55
-33
-24
-64
-90
-100
-120
-106
-109
-111
-85
-47
-24
-18
-9
-52
-52
-31
-47
-57
-40
-11
-12
11
-1
9
50
56
105
82
111
104
80
126
80
67
45
16
5
4
22
21
-8
1
45
55
31
9
44
15
24
42
30
12
-11
21
40
25
16
-26
-39
-52
-41
-54
-45
-25
-1
20
0
-27
-56
-59
-92
-88
-68
-77
-75
-84
-82
-80
-99
-119
-102
-92
-89
-52
-15
18
20
-20
-30
-60
-54
-55
-17
-25
-40
-14
-47
-40
-32
2
17
71
46
29
29
0
-20
-12
33
57
40
50
29
29
20
-4
-19
-10
18
35
55
74
84
61
97
60
39
49
41
14
13
15
-26
-19
2
37
23
31
53
55
48
17
11
-2
25
71
81
64
62
42
4
-56
-19
-14
-37
-29
13
-5
4
-38
-70
-24
-5
6
10
28
-28
-9
-14
-57
-50
-34
-35
5
25
2
-22
-8
10
27
-18
-10
48
25
53
48
32
27
32
15
1
5
24
-10
-12
-28
-1
-4
2
14
-17
-37
-51
-42
-15
4
5
59
43
42
43
79
72
50
46
34
-4
-4
36
-25
-10
9
-6
-29
-25
0
28
13
-8
-21
-13
29
38
28
23
-18
-30
-8
9
50
52
17
-18
-12
-23
-10
-18
-29
-17
-9
0
-1
-16
39
28
-9
-34
-76
-80
-85
-74
-115
-87
-103
-147
-144
-128
-101
-86
-63
-45
-34
-53
-85
-60
-56
-70
-60
-45
-48
-68
-55
-78
-115
-118
-121
-98
-67
-66
-33
-25
-2
-13
-32
-4
-6
-23
-60
-37
-4
66
113
74
38
42
25
46
67
46
76
110
138
115
99
97
99
128
137
154
102
86
107
92
65
23
14
-12
20
53
71
58
15
-7
-13
-25
-27
-24
-9
26
16
-3
5
-4
15
18
9
36
-5
-11
0
5
44
68
69
47
26
25
16
11
12
12
26
32
37
62
101
99
52
34
85
85
66
56
101
86
74
75
62
87
85
102
78
68
17
15
35
39
9
36
27
-3
-8
-29
-72
-110
-66
-103
-92
-51
-30
35
10
-20
-51
-79
-76
-37
5
-35
-22
5
-19
-67
-116
-114
-143
-124
-115
-98
-64
-42
-68
-74
-101
-113
-116
-97
-82
-120
-144
-164
-165
-173
-136
-151
-105
-72
-49
-43
-28
-2
4
5
-18
-26
-19
-2
1
6
15
17
21
-10
-22
-60
-22
-10
28
37
19
7
-8
-21
-33
-61
-59
-12
-18
-15
8
28
17
3
13
-19
-12
-7
-1
2
19
67
64
79
41
49
73
59
58
61
86
89
90
92
132
109
105
107
84
104
106
74
76
79
85
62
68
116
122
101
87
63
64
41
15
9
-3
17
7
23
22
2
16
8
-9
-2
-34
-12
14
-32
-27
-34
-5
-41
-33
-11
-2
2
35
30
19
36
27
15
-37
-29
-26
-26
-25
-27
2
3
19
16
-27
-26
-57
-66
-34
-1
-24
-22
-53
-41
-13
-27
-8
-36
-26
-3
-28
-70
-50
-63
-44
-14
19
16
18
-22
-8
4
-23
-6
33
50
23
22
-22
-25
-68
-92
-90
-68
-46
-20
-10
-30
6
-5
-5
15
27
39
-3
-25
-16
-26
-16
-31
-30
-17
-42
-26
-5
-10
49
50
19
-3
-30
-52
-49
-82
-95
-75
-87
-84
-64
-57
-55
-69
-60
-39
-27
-26
-14
-34
-33
-3
-20
12
76
105
90
101
45
11
15
29
17
5
48
71
82
99
90
27
19
8
43
47
37
86
76
35
12
23
-1
7
-8
-6
11
-8
-8
26
26
61
44
-11
7
3
10
-19
-44
-34
-38
-13
37
48
46
71
32
-1
-27
-43
-16
5
42
26
-25
-10
-8
18
21
23
50
37
-1
28
38
1
-6
8
16
61
40
23
45
53
37
10
-22
-60
-46
-35
-22
-18
3
23
17
15
16
32
73
58
33
11
18
6
-5
-7
-13
-32
-23
-14
-20
1
-1
0
-34
-79
-90
-64
-73
-88
-61
-21
-8
-6
-32
-38
-62
-50
-39
-74
-83
-48
-51
-28
-21
10
38
62
42
66
48
6
9
19
34
36
52
23
41
14
-4
-12
-56
-62
-60
-64
-72
-56
-40
11
40
19
29
6
-25
-35
-35
-15
-23
-50
-15
13
22
-8
-6
-5
-25
-21
-24
26
66
61
36
16
40
56
22
-16
-3
10
9
-6
-4
1
14
35
85
75
68
12
8
40
10
-10
11
12
26
17
14
-1
-15
-22
-29
-46
-14
2
-23
-9
-8
-10
5
8
35
9
-57
-114
-199
-170
-102
-50
-36
-66
-123
-172
-231
-227
-157
-109
-94
-74
-128
-85
-103
-157
-150
-180
-195
-160
-124
-91
-41
-44
-20
20
0
5
120
171
259
237
219
209
218
181
189
171
193
269
255
307
299
297
260
213
188
160
161
156
154
171
156
168
133
92
67
35
-5
6
-15
-53
-27
-6
7
0
-14
-17
-28
-9
-15
-24
-48
-37
-42
-49
-23
-17
-27
-6
20
15
16
66
101
113
104
119
140
123
162
173
165
141
136
156
119
145
107
110
111
29
-42
-74
-110
-182
-199
-197
-260
-293
-286
-353
-413
-448
-520
-564
-567
-585
-558
-539
-587
-616
-600
-589
-584
-587
-544
-477
-449
-400
-323
-262
-196
-85
27
91
208
302
369
509
592
626
691
748
830
908
974
996
1009
1029
1049
1040
976
921
817
705
587
440
305
187
27
-131
-258
-421
-578
-699
-821
-940
-1046
-1157
-1263
-1381
-1404
-1438
-1472
-1507
-1532
-1575
-1594
-1558
-1484
-1343
-1110
-814
-543
-314
-149
-7
140
386
655
1012
1333
1578
1727
1813
1843
1961
2113
2194
2299
2297
2237
2189
2096
1898
1711
1479
1273
1104
933
721
506
329
104
-129
-388
-624
-811
-962
-1086
-1202
-1356
-1436
-1575
-1816
-2020
-2240
-2370
-2407
-2428
-2460
-2483
-2558
-2549
-2527
-2425
-2229
-1966
-1484
-991
-624
-426
-220
20
378
814
1257
1741
2146
2432
2554
2672
2795
3032
3208
3377
3481
3473
3501
3422
3075
2681
2369
1972
1632
1335
981
686
443
141
-284
-771
-1183
-1489
-1666
-1783
-1843
-1942
-2044
-2202
-2417
-2709
-2935
-3083
-3118
-3126
-3125
-3139
-3124
-3123
-3125
-3150
-3132
-3092
-2866
-2575
-2319
-1928
-1482
-1006
-652
-395
-144
228
707
1356
1998
2567
3029
3371
3567
3697
3925
4215
4463
4662
4708
4687
4562
4317
3916
3480
2966
2485
2152
1791
1436
1035
642
162
-358
-905
-1320
-1620
-1764
-1939
-2113
-2275
-2399
-2555
-2755
-2953
-3183
-3283
-3386
-3440
-3428
-3402
-3372
-3360
-3457
-3557
-3610
-3632
-3537
-3305
-3021
-2630
-2119
-1639
-1198
-856
-563
-168
308
925
1592
2346
3010
3533
3846
4039
4283
4603
4904
5138
5279
5341
5323
5161
4795
4305
3731
3192
2716
2283
1790
1325
869
339
-199
-758
-1306
-1710
-1915
-2131
-2345
-2575
-2810
-3010
-3238
-3488
-3715
-3851
-3960
-3975
-4016
-4065
-4037
-4030
-4050
-4079
-4155
-4170
-4055
-3901
-3681
-3401
-3005
-2505
-1927
-1407
-974
-630
-169
504
1258
2033
2880
3581
4121
4510
4801
5164
5617
5983
6243
6432
6423
6345
6088
5634
5106
4539
3901
3380
2858
2294
1765
1161
519
-165
-896
-1492
-1922
-2212
-2469
-2795
-3126
-3376
-3562
-3827
-4086
-4324
-4549
-4673
-4794
-4893
-4870
-4826
-4827
-4861
-4974
-5068
-5021
-4945
-4710
-4318
-3917
-3428
-2815
-2224
-1618
-1125
-654
32
827
1640
2590
3542
4278
4947
5362
5668
6118
6554
6917
7219
7392
7373
7212
6865
6318
5669
4951
4257
3602
2956
2268
1536
784
-1
-814
-1608
-2284
-2776
-3181
-3596
-4003
-4345
-4556
-4700
-4928
-5118
-5358
-5557
-5640
-5689
-5653
-5450
-5338
-5273
-5231
-5352
-5319
-5146
-4970
-4573
-4133
-3708
-3066
-2399
-1727
-1023
-506
30
743
1525
2445
3486
4452
5239
5846
6203
6591
6961
7338
7703
7931
7983
7902
7659
7189
6539
5833
5036
4225
3471
2751
2010
1218
443
-380
-1281
-2090
-2748
-3237
-3647
-4081
-4451
-4735
-4917
-5020
-5132
-5287
-5491
-5663
-5775
-5721
-5499
-5246
-5094
-4963
-5009
-5048
-4914
-4808
-4550
-4122
-3694
-3170
-2495
-1803
-981
-274
270
873
1537
2359
3375
4458
5407
6165
6639
6905
7176
7448
7769
7989
8103
8027
7708
7300
6634
5800
4924
4010
3078
2204
1406
554
-281
-1150
-2106
-3034
-3826
-4460
-4895
-5324
-5696
-5939
-6097
-6176
-6205
-6255
-6386
-6498
-6603
-6540
-6289
-5933
-5611
-5364
-5281
-5261
-5160
-5039
-4748
-4274
-3782
-3236
-2593
-1984
-1150
-335
367
1052
1658
2427
3364
4356
5411
6352
6953
7386
7682
7895
8252
8528
8672
8745
8549
8208
7718
7005
6136
5257
4260
3323
2498
1609
772
-51
-962
-1883
-2745
-3553
-4160
-4617
-5074
-5411
-5653
-5803
-5810
-5786
-5883
-6039
-6213
-6295
-6183
-5945
-5667
-5433
-5316
-5331
-5311
-5338
-5276
-4989
-4597
-4091
-3476
-2941
-2254
-1395
-633
70
658
1250
2087
3095
4157
5301
6159
6786
7237
7513
7810
8257
8521
8716
8787
8537
8202
7641
6847
5958
5016
3996
3087
2208
1327
498
-342
-1296
-2154
-2999
-3770
-4404
-4947
-5401
-5642
-5727
-5753
-5691
-5760
-5973
-6210
-6450
-6498
-6217
-5908
-5649
-5402
-5383
-5455
-5487
-5558
-5466
-5137
-4668
-4081
-3503
-2853
-1975
-1097
-322
371
946
1697
2766
3843
5031
6077
6791
7297
7643
7919
8287
8653
8882
9057
8868
8482
7972
7243
6312
5324
4178
3120
2166
1221
313
-564
-1469
-2347
-3303
-4294
-5149
-5780
-6130
-6277
-6318
-6298
-6305
-6374
-6474
-6719
-6857
-6749
-6466
-6075
-5613
-5435
-5304
-5266
-5328
-5311
-5160
-4790
-4148
-3490
-2880
-2060
-1233
-356
456
1047
1610
2438
3354
4496
5722
6715
7537
8059
8282
8531
8854
9140
9418
9517
9312
8934
8323
7460
6472
5313
4071
2912
1849
807
-213
-1195
-2145
-3128
-4121
-5159
-6079
-6676
-6983
-7114
-7093
-7075
-7070
-7088
-7203
-7408
-7430
-7289
-6923
-6373
-5901
-5541
-5309
-5193
-5162
-5053
-4833
-4401
-3726
-3031
-2266
-1381
-533
316
1026
1558
2175
2990
3979
5154
6367
7385
8147
8652
8910
9128
9419
9690
9936
10000
9757
9313
8644
7673
6545
5299
4006
2832
1714
606
-402
-1400
-2430
-3535
-4659
-5728
-6645
-7243
-7568
-7672
-7656
-7688
-7737
-7796
-7935
-8009
-7914
-7656
-7200
-6645
-6189
-5868
-5632
-5531
-5406
-5206
-4866
-4322
-3705
-2985
-2087
-1137
-235
562
1110
1642
2386
3298
4389
5659
6769
7663
8355
8721
9045
9395
9645
9894
10108
10008
9719
9197
8332
7286
6067
4724
3435
2204
1028
-84
-1186
-2255
-3398
-4599
-5728
-6772
-7579
-8056
-8282
-8296
-8199
-8169
-8201
-8279
-8368
-8260
-7988
-7460
-6803
-6190
-5722
-5354
-5076
-4890
-4577
-4150
-3602
-2930
-2177
-1316
-319
608
1435
2012
2450
3107
3936
4936
6168
7278
8131
8814
9191
9461
9736
9940
10088
10224
10161
9899
9434
8608
7529
6269
4852
3511
2214
958
-205
-1335
-2486
-3669
-4908
-6172
-7289
-8122
-8615
-8876
-8957
-8939
-8887
-8790
-8792
-8812
-8708
-8382
-7841
-7176
-6531
-6019
-5571
-5197
-4863
-4444
-3986
-3332
-2564
-1749
-768
303
1270
2052
2607
3053
3644
4424
5376
6505
7519
8335
8897
9153
9375
9673
9924
10108
10256
10115
9871
9426
8653
7635
6417
5050
3730
2490
1286
136
-995
-2133
-3382
-4678
-5975
-7140
-7989
-8520
-8829
-8970
-9044
-9118
-9181
-9274
-9379
-9297
-9067
-8550
-7857
-7165
-6529
-5988
-5573
-5223
-4735
-4149
-3388
-2527
-1515
-374
772
1701
2433
2917
3445
4211
5063
6043
7067
7909
8589
9062
9345
9620
9856
10059
10257
10241
10062
9769
9169
8337
7263
5980
4672
3407
2153
969
-199
-1400
-2610
-3881
-5203
-6447
-7517
-8329
-8865
-9209
-9416
-9537
-9627
-9728
-9851
-9914
-9764
-9407
-8893
-8274
-7641
-6997
-6373
-5829
-5247
-4589
-3808
-2888
-1827
-618
639
1762
2710
3393
3984
4677
5479
6429
7454
8286
8941
9406
9698
10007
10314
10470
10597
10610
10401
10157
9634
8854
7954
6831
5554
4334
3102
1860
714
-454
-1700
-2980
-4268
-5513
-6594
-7529
-8274
-8794
-9202
-9482
-9691
-9905
-10119
-10281
-10240
-9989
-9680
-9243
-8689
-8182
-7660
-7074
-6394
-5633
-4737
-3869
-2803
-1424
-4
1283
2378
3314
3967
4097
4669
6252
7869
8858
9885
10758
10641
10412
10985
11579
11556
11292
10830
10085
9319
8221
6811
5514
4333
3157
2020
1177
304
-1008
-2317
-3385
-4492
-5753
-6576
-6916
-7397
-7925
-8301
-8609
-9119
-9700
-10196
-10635
-10898
-10789
-10306
-9835
-9353
-8867
-8555
-8286
-7740
-6879
-5898
-4554
-2443
-43
2084
3922
5515
6451
7016
8016
9262
10304
11262
11981
12263
11769
10709
9432
8407
7818
7321
7059
6517
5826
4459
2562
707
-1069
-2356
-2929
-2517
-1924
-1887
-2063
-2723
-3634
-4864
-5727
-5716
-5296
-4613
-4484
-4913
-6059
-7495
-8895
-10058
-10398
-10051
-9066
-7834
-7004
-6700
-7152
-7326
-7284
-6809
-5617
-3677
-1351
1041
4492
7581
9801
10872
11641
11618
11534
12567
13080
12898
11877
9983
7465
4728
2648
1130
1711
2964
3539
3430
2099
257
-2420
-3567
-3540
-2843
-1044
913
2313
1531
-210
-2597
-4358
-4583
-4525
-4081
-3828
-3903
-5476
-7951
-9870
-11180
-10977
-9708
-8017
-6543
-5894
-5446
-5948
-6345
-6805
-6934
-6397
-5296
-3865
-2677
-1543
563
4452
7954
10399
11389
11919
11012
10668
11068
10470
9982
8245
6122
4087
2202
731
219
2800
4151
4695
4266
2429
283
-1987
-1829
-1769
-243
1710
2560
2850
1122
-850
-3335
-3623
-3142
-3360
-2982
-3498
-4385
-6475
-8317
-9649
-9993
-8245
-7011
-5741
-4896
-4779
-4907
-5506
-5547
-6512
-7002
-6991
-6886
-5800
-4263
-2813
1043
6363
10302
11411
11811
11372
9334
10337
10745
10350
9542
6834
3887
1303
548
-1306
507
4811
6014
6324
4487
2055
-1477
-2007
-1597
-1253
1936
3330
3909
2808
798
-2395
-4441
-3302
-3430
-2991
-3185
-4064
-5365
-7061
-8560
-10193
-8880
-7016
-5987
-4691
-4245
-4368
-4942
-5439
-6548
-7660
-8145
-8446
-7728
-5815
-4187
-2549
2725
8047
11348
12429
12011
10760
8781
10088
9455
8764
7489
3412
976
-840
-1569
-2430
1275
5316
6054
6511
3900
874
-1098
-430
-5
1656
4360
4312
4622
3284
415
-2631
-3344
-3228
-4099
-3968
-5318
-6128
-6399
-7177
-8378
-8629
-7326
-6428
-5231
-4248
-4027
-3513
-3288
-4140
-5910
-7274
-8810
-9145
-8154
-6056
-3800
-1782
4472
9108
12301
12759
11167
10336
8214
10227
9208
8545
7160
1862
-89
-1987
-2393
-2567
2014
6231
7209
7393
3918
913
-337
421
768
3189
5192
4883
5151
3476
400
-2407
-3681
-4723
-5067
-5310
-6359
-6620
-6732
-7440
-8615
-8590
-7753
-6284
-4746
-3683
-2640
-2049
-2072
-3443
-5101
-7177
-8994
-9285
-8150
-5263
-2713
-818
5292
9855
12477
12811
10467
9765
7508
9006
8097
6577
4612
-2244
-3703
-4766
-4895
-3657
1082
5612
6830
6802
2356
-200
-1104
-426
696
2900
4518
3756
4414
2176
-1082
-3457
-5393
-5766
-5833
-6298
-7083
-6871
-6759
-6700
-6868
-6768
-5825
-3734
-1788
-480
711
758
485
-1234
-3731
-6211
-8161
-8730
-7380
-4675
-2155
434
7473
11435
13276
13484
9863
9296
7919
9403
7888
6018
2850
-4430
-5056
-6062
-6089
-3112
2270
6109
7254
5701
557
-1693
-1836
-1491
102
1970
2570
2148
2561
116
-2733
-4336
-6751
-6880
-7094
-7738
-8041
-7375
-6806
-6409
-6217
-6176
-4799
-2260
-259
1259
2147
1854
1385
-962
-4218
-7027
-8806
-8465
-6445
-3044
-879
3089
10434
12699
15274
13443
10371
9359
7679
9691
6258
5030
-571
-5684
-5585
-6965
-5716
-2168
3597
5983
7780
4198
-186
-2221
-2306
-1215
-496
1344
1005
2235
2459
-464
-2436
-4921
-7455
-7696
-8288
-8118
-7201
-5968
-5060
-4601
-4920
-5353
-3592
-840
1540
3014
3188
2101
670
-3054
-6442
-8830
-9785
-8149
-5295
-1795
-233
6860
12150
14031
16275
12069
10471
7744
8044
7668
4501
2743
-5062
-6772
-7165
-8426
-6359
-1349
3129
5738
6400
1758
-1823
-4014
-3933
-3499
-1528
-201
805
4443
3579
641
-2277
-6449
-8405
-8399
-8038
-6353
-4542
-3536
-3535
-4034
-5477
-5324
-2405
1018
3725
4512
3304
1567
-1096
-5210
-7953
-9510
-9073
-6583
-3967
-938
844
8603
13454
15316
17168
11581
10880
6383
6858
5835
2730
1564
-6629
-6506
-8214
-9097
-6517
-878
4042
6480
6380
1689
-1380
-3986
-4237
-3740
-1200
555
2629
6076
4087
576
-2883
-7627
-8573
-8846
-8576
-6465
-4870
-4236
-4457
-4660
-5626
-4147
-912
2102
4200
4405
2855
1296
-1242
-5004
-7805
-9287
-8733
-6487
-3293
-908
2218
11274
14894
17168
16649
10870
9477
4812
6775
5046
3763
851
-6971
-6310
-8837
-9338
-5760
628
5643
8365
6694
1605
-2330
-5031
-5674
-4871
-1833
-276
2893
5573
2470
-1522
-5818
-10142
-10835
-10877
-9951
-7840
-5840
-5108
-5045
-5198
-5806
-3710
-544
2599
4301
4055
2492
696
-2212
-5566
-7945
-9062
-7863
-5848
-2568
-616
2585
12512
15146
18382
16861
11616
10455
4985
8102
4875
4651
1334
-6136
-4914
-8039
-8022
-4289
2072
6795
9282
7072
2142
-2240
-5095
-6286
-5949
-2944
-1427
2429
4856
1107
-3110
-8176
-12285
-12213
-11709
-10012
-7736
-5907
-5559
-5363
-5497
-6008
-3349
-224
2953
4596
4078
2115
-41
-2836
-6070
-8230
-9150
-7809
-5560
-2252
116
3232
13359
16022
18687
17431
11582
10888
5401
8455
5264
4380
1382
-6603
-5052
-7837
-7492
-3183
2921
7596
9187
6733
1459
-3284
-6011
-6915
-6216
-3740
-1979
1285
3577
-430
-4951
-9670
-13853
-13141
-13032
-11313
-9038
-7117
-6089
-5946
-5535
-5766
-2977
364
3159
4933
4343
2141
-222
-3349
-6369
-8480
-8898
-7730
-5180
-1926
557
3228
13688
16826
19017
18118
11663
11275
5671
8988
5603
4950
2731
-5532
-3757
-6261
-6032
-1577
4528
8901
10188
8004
2464
-2578
-5153
-6702
-6372
-3913
-2072
1113
3813
-439
-4937
-9939
-14056
-13302
-13440
-11532
-9343
-6943
-5878
-5342
-5266
-5520
-3114
-286
2054
3510
3076
802
-1062
-4298
-6474
-8845
-9127
-8163
-5810
-2580
-153
2880
12266
18329
19361
20050
13118
11850
6851
7682
6421
3832
3707
-4736
-4423
-6053
-7314
-3174
2575
7841
9420
8107
3217
-2350
-5046
-7416
-7831
-5909
-3760
-346
3093
616
-4528
-8968
-13715
-14400
-14937
-13944
-11438
-8623
-6552
-5922
-5484
-6106
-4617
-2081
76
2172
2674
1116
-132
-2988
-5234
-7623
-8086
-7212
-4984
-1698
1009
3690
10770
19509
18796
20995
14129
11263
7764
5066
6644
1733
3998
-3748
-5446
-4969
-7327
-3382
2054
8361
10273
9787
5836
-464
-3456
-6477
-7869
-6502
-3855
-649
3136
2235
-3499
-7501
-12933
-15150
-16160
-15176
-12090
-8472
-6006
-4656
-4170
-4631
-4228
-2520
-570
1504
3178
1646
661
-2249
-4893
-7003
-8005
-7379
-5694
-2398
1
2089
7892
18060
19113
21202
16545
11090
8778
3498
5908
1861
3602
-721
-5663
-3591
-6404
-4016
1354
7738
11064
10949
8523
2254
-1612
-5009
-7989
-7355
-5043
-2088
1602
2829
-2380
-6487
-11860
-15275
-16110
-15497
-12273
-8420
-5461
-3845
-2951
-3639
-3493
-2773
-1318
803
2893
1482
203
-2371
-5543
-7328
-8723
-8221
-7079
-3877
-1984
1401
4383
14121
20141
20076
20577
12734
11074
4444
4081
3243
939
2733
-4752
-3952
-4184
-4948
-246
5279
9887
10389
9530
4677
-670
-3612
-7628
-8571
-6354
-3681
-841
2446
-144
-4858
-8924
-14144
-15618
-15901
-13083
-9458
-5567
-2725
-2599
-1983
-3351
-3191
-2616
-919
1690
1348
-29
-2275
-5472
-6724
-8577
-8974
-7402
-5021
-2643
553
3565
11015
20299
19553
21541
14766
11012
6233
2639
4676
392
3650
-2655
-4849
-3144
-5448
-1181
3975
8747
10458
9649
6546
574
-2729
-6492
-8014
-6134
-3760
-1027
2263
1602
-3286
-7048
-12860
-14872
-15586
-13277
-9531
-6473
-2853
-2730
-1389
-2454
-2991
-3197
-2135
589
645
-361
-1960
-4871
-6282
-7705
-8911
-7453
-5795
-3009
823
3559
7799
19405
19489
20885
17153
10515
7970
801
4303
-749
2409
14
-6627
-2538
-5040
-2460
2257
7339
10216
9424
8647
2729
-1175
-4118
-7631
-6715
-4353
-2367
405
2103
-1884
-5636
-10922
-14475
-15537
-14486
-10922
-7716
-3432
-2408
-1037
-1214
-2533
-2912
-2682
-275
980
238
-1587
-3916
-5865
-7001
-8827
-7450
-6550
-3214
-556
2401
5525
12909
21260
18670
20907
12782
9110
3744
420
2427
-1183
2623
-3812
-4254
-2102
-3099
746
4733
9509
9506
9247
6431
113
-2027
-6141
-7590
-6283
-3909
-2025
1025
825
-4399
-7924
-12636
-14619
-14391
-11884
-8878
-3845
-1486
-257
700
-893
-2003
-2726
-1666
-31
395
-1695
-3607
-5337
-6680
-8484
-8192
-6597
-4334
-641
471
4227
6704
16931
20496
18899
19622
9329
7834
-556
802
-55
-1159
1591
-5648
-2064
-2096
-2699
1200
5678
8697
8486
8238
3572
-785
-3137
-7796
-7992
-6207
-3842
-1267
2019
-992
-5493
-8649
-13098
-13456
-12722
-10065
-6139
-2176
-613
769
902
-861
-1771
-2242
-1048
-234
-1132
-2738
-3926
-5653
-6833
-7718
-6745
-4525
-2075
186
2439
5010
9618
20372
18886
20706
15327
7490
4082
-2818
1506
-2816
1944
-425
-4120
337
-3393
-1866
2481
6788
9036
8549
7585
1829
-1110
-5473
-9281
-7887
-6327
-3124
117
1781
-2758
-5481
-10131
-13077
-12445
-11281
-7686
-3080
-123
843
2190
463
-1078
-2284
-1931
-1081
-315
-1444
-3274
-4292
-5966
-7038
-6932
-4755
-2682
-556
927
3006
4984
9916
20061
19012
20667
13707
6695
2299
-3337
124
-3882
1693
-476
-3169
-246
-3815
-1923
2490
6735
8397
7472
6279
792
-2567
-7029
-10434
-9223
-6681
-3942
-538
612
-2680
-5053
-9365
-11317
-11257
-10675
-7331
-3314
-698
1042
1535
1214
-797
-1431
-2296
-2094
-1100
-2908
-3108
-4568
-5055
-4936
-4292
-2467
-1864
-575
753
3232
5238
11588
20729
18473
18781
10622
4560
359
-3466
-299
-2493
3810
-118
-2438
-775
-4315
-1134
2728
6976
8173
7257
5998
-98
-3609
-8195
-10693
-8729
-6310
-3063
23
1209
-2081
-4925
-8555
-10312
-11161
-10073
-6278
-2532
1244
1244
2775
1356
-364
-1792
-3616
-2388
-2292
-2073
-3102
-3501
-3434
-3490
-2821
-1968
-1524
-29
1684
3045
5105
9786
19730
17841
18309
11959
5186
2047
-4320
-53
-2149
3489
823
-3322
-1431
-3648
-1963
1497
6148
6868
6770
5794
-505
-3741
-7655
-10356
-9551
-7251
-4354
-993
1525
-1771
-3237
-5812
-9722
-10477
-9853
-7516
-2257
136
1545
3426
2117
110
-2885
-4060
-3728
-2130
-1937
-2137
-1207
-1135
-677
-1665
-1755
-1451
282
1047
2185
4190
7858
19078
16353
17461
11993
5232
1681
-4896
572
-2371
3253
669
-4170
-751
-3545
-3310
947
5047
6757
6595
4879
-894
-3907
-7715
-11241
-10586
-8228
-4709
-1158
1394
-993
-1659
-5925
-9460
-10308
-10509
-6362
-2252
1005
3546
4331
3336
-50
-3306
-4128
-3614
-1256
-1249
-12
850
1188
434
-1266
-1690
-649
-99
186
335
2626
4540
16268
17350
16673
16513
5298
4312
-3893
679
-434
1230
3687
-4065
-500
-3311
-5608
-380
3679
6905
5749
4567
351
-3929
-6972
-12375
-12020
-9052
-5226
-2350
2061
615
-1002
-4402
-8855
-10111
-9896
-6587
-3073
2154
3580
4696
3174
-1410
-3483
-4755
-3964
-1440
-207
1589
2243
1976
-240
-1577
-1630
-925
-1030
-1134
-997
1282
2173
11927
18762
16427
19579
8023
6142
-1153
-147
346
-1048
5225
-3553
-1760
-3379
-6681
-1747
2873
6164
4933
4875
1828
-3717
-6735
-12188
-12108
-8698
-4977
-2291
2951
2516
-292
-3299
-8355
-9299
-9299
-7149
-2740
2440
3801
4531
1241
-1664
-3516
-4689
-3905
-1513
1602
2551
3201
1112
55
-691
-1050
-1316
-1631
-3033
-2690
-1390
-798
5210
18127
16224
19810
12781
5608
3292
-3846
480
-3573
3751
-832
-5295
-2678
-6541
-3811
789
4064
5552
5873
4498
-2481
-5785
-9829
-12098
-8625
-5576
-2254
2099
4520
616
-1377
-5825
-8262
-8360
-7326
-3004
1967
4101
3386
1322
-1051
-2613
-4439
-3924
-1095
2943
4296
3489
2006
1578
287
-1018
-2939
-2969
-4380
-3160
-3085
-949
1250
13994
18232
17108
18347
6937
6947
-2850
-911
-2194
-871
1931
-6262
-3162
-3911
-5255
-634
2939
5970
6098
4199
-912
-5928
-7665
-10567
-9133
-6046
-3175
-171
3607
492
-1009
-4136
-7303
-7409
-7682
-3926
3
2284
1470
98
-1310
-3018
-4172
-3863
-1663
2900
4048
2828
2569
1493
1156
-1944
-2983
-3955
-4214
-3354
-4857
-3088
-588
4661
17648
17646
20244
15307
7096
3696
-5401
-485
-4333
1405
806
-4770
-256
-4227
-3176
534
4927
5935
4912
3142
-2947
-4314
-6760
-9898
-7688
-4939
-2519
817
3117
740
-469
-3630
-7022
-6920
-6678
-3008
-810
673
325
-562
-1572
-3190
-3317
-2435
1249
4211
4032
4463
3075
1072
-1915
-4359
-5067
-4703
-3142
-4595
-3375
-1816
418
5886
18730
18360
20110
14966
5293
849
-6676
-3030
-4647
2033
362
-2896
686
-2943
-2660
1145
3398
4040
2935
1563
-2576
-4107
-7048
-9160
-7357
-5318
-3098
271
3305
1031
388
-3627
-6189
-6969
-6675
-4094
-1655
474
-128
172
-361
-1996
-2132
-955
2007
4726
4615
4076
1670
-1138
-4019
-5351
-5306
-4397
-3556
-3480
-3122
-817
669
6181
19888
16824
19929
11779
2932
-766
-7476
-2153
-3604
4350
1598
-1004
2114
-3234
-3695
-933
1451
3150
3178
1263
-3045
-3678
-7424
-9512
-8251
-5506
-2725
1858
4349
2093
1626
-3361
-5691
-7114
-6302
-3817
-1295
839
341
1458
-292
-1472
-1381
-579
3048
4409
4199
3024
528
-1455
-3594
-5011
-4588
-3237
-2932
-3315
-2920
-307
1725
9408
19752
16254
18294
8023
1893
-2455
-6738
-113
-1866
6325
1859
-568
463
-6130
-5672
-2708
1907
2822
3345
1525
-2595
-3224
-8579
-10135
-7953
-4294
-758
3463
5192
2949
1458
-4114
-6772
-7350
-6730
-3061
-370
1263
1785
850
-495
-1917
-2024
25
2946
4527
3796
3288
158
-1877
-4235
-5312
-3778
-3104
-2963
-3917
-2256
-1438
1420
4291
16757
16454
16439
11611
617
363
-6757
-681
-316
6297
5421
-1607
-346
-7111
-7909
-3890
63
3711
5428
3703
-385
-3844
-8185
-10735
-8417
-3835
-805
4049
6713
4249
2509
-3743
-6751
-7174
-6165
-2627
54
2412
1164
1136
-1461
-2960
-2339
-1611
1972
5299
4839
3940
1162
-2243
-4165
-5889
-5589
-5338
-3461
-3433
-2755
-1492
-224
941
14928
17382
16283
15087
2805
2239
-5561
-965
912
4991
6241
-3123
-1916
-6705
-9793
-5551
214
4946
6718
4724
-360
-4779
-7586
-11828
-8441
-3464
483
4755
8473
5658
2826
-1845
-7453
-6691
-5906
-3157
-637
1695
389
-27
-2094
-4586
-4188
-1399
2479
6479
6430
4156
1395
-2513
-5080
-7612
-6321
-4690
-2108
-1661
-1926
-2474
-2371
-1138
3848
17983
16026
18553
10197
2037
2
-5893
2277
476
7938
1950
-3040
-3183
-10290
-7886
-3194
3569
6059
5614
2991
-3242
-6070
-10035
-9724
-4262
170
3665
7256
8970
3957
574
-5955
-6895
-6135
-4944
-2402
-761
1417
-897
-2230
-4295
-3948
-1251
2465
6272
7581
5140
1982
-2608
-6221
-7263
-7660
-3828
-2623
-440
-1455
-3154
-3658
-3804
-1917
8303
18659
15619
17822
5698
2696
-2189
-3968
2271
2349
9156
-863
-2861
-5244
-9857
-6283
-1802
3744
5346
5044
-253
-4865
-6164
-8849
-6336
-1192
2525
5850
9150
6481
1815
-1215
-7615
-7365
-6348
-5962
-695
1008
-148
-1620
-3544
-4115
-1723
1607
4151
7370
6264
2224
-1276
-5458
-7172
-5972
-5097
-2135
-953
-1059
-2449
-5041
-5482
-3825
-1954
8010
18656
15406
18798
6201
2226
-2391
-2438
3905
3696
9539
-1818
-3094
-6559
-11890
-8082
-2278
2678
6026
5283
505
-4006
-5906
-7774
-5439
72
3744
7071
10079
6378
767
-2817
-9520
-8080
-6593
-3727
-495
279
-612
-2338
-2012
-2873
-1431
2307
4345
6215
5333
321
-1631
-3896
-4899
-5027
-4328
-2501
-1099
-457
-3373
-5367
-6139
-5108
-3605
5511
17323
16793
18870
7054
2912
-533
-2357
4194
3479
8988
-1240
-5230
-8872
-12390
-8115
-2601
5262
6736
7040
1499
-3923
-5731
-7530
-3809
1654
6634
7585
8838
5014
-1158
-4996
-9959
-8356
-5864
-2450
676
1642
109
-2262
-3972
-3931
-831
2198
5426
6964
5895
1805
-1246
-4903
-6637
-5088
-3582
-1385
-320
-2151
-4677
-6471
-8524
-7627
-3388
1861
16195
18750
17177
13239
2467
1484
-4931
1805
2454
5533
3149
-7408
-5704
-9578
-8406
-3706
2825
6735
6760
2748
-3855
-5249
-4490
-4106
1350
4771
6675
7382
4120
-2422
-5818
-8924
-8554
-3457
-1730
2004
2484
-65
-4132
-4615
-3899
-726
3151
5906
8288
6576
889
-4390
-6057
-5701
-4155
-3307
-1640
-1156
-2349
-6048
-8571
-7926
-4836
94
3751
10750
20075
16422
14734
3371
-1875
-3165
-3804
3752
2352
6540
-2036
-5487
-6043
-8614
-4989
501
4612
5321
4511
-988
-3566
-3487
-3054
417
5384
5487
3300
2240
-2184
-5472
-5551
-7396
-3103
1099
1850
1564
-1101
-4194
-4288
-2333
-316
3839
6701
7191
3969
16
-5453
-5402
-5001
-4624
-2161
-1493
-1837
-4251
-6366
-7179
-4207
-1595
300
3781
5503
11900
15882
9202
8322
-673
-1890
-3484
-588
6298
7007
7984
-4074
-5346
-6734
-8178
-4651
280
4735
6461
5367
-1324
-3422
-3837
-3242
-1076
1556
1621
1119
924
-2674
-4681
-3848
-3487
144
2321
1688
1405
-1828
-3481
-3478
94
2665
4464
4344
1913
296
-3817
-6745
-6073
-4064
-1541
-1114
-2169
-2517
-2674
-2206
-2445
-1463
464
249
2145
-63
4606
12336
7478
10240
1037
563
2071
3321
10025
6434
7519
-4504
-7248
-7382
-9221
-3937
2425
6499
7368
4260
-3898
-7358
-8123
-6541
-3029
2201
2900
2678
3306
581
-1479
-319
-1700
1259
3244
452
98
-1998
-2633
-3322
-1295
-654
17
-487
-2314
-2689
-3481
-4547
-3496
-1965
-224
339
-236
-392
-982
-262
-2326
-2309
-3993
-3673
-2978
-3643
-129
10370
11193
13954
8808
3482
5010
1708
7810
3806
6218
-2167
-5933
-3534
-6484
-2171
-910
2579
1528
280
-5242
-8739
-7526
-5224
902
5783
6469
5983
5520
3681
80
-1172
-2208
-157
2689
366
150
-2636
-5293
-6591
-5407
-5144
-3391
-1367
-720
1814
-949
-2449
-1803
120
1860
2052
1687
933
-933
-3759
-6019
-6754
-6884
-6374
-4918
-2212
-22
10847
16504
14446
15026
3114
2693
-1354
3529
8060
8152
7694
-5641
-3369
-7186
-9081
-7488
-2865
830
1872
-1706
-8150
-4733
61
2439
6232
9360
7257
6059
1939
-2147
-1361
-371
-2448
819
1713
-844
-4105
-9576
-10891
-6255
-3603
-2888
349
1094
2194
1445
-1690
-2097
1907
2065
1454
900
-3025
-4188
-6279
-8227
-7032
-5485
-4416
-2516
1106
2093
9329
16808
10938
13108
3980
749
3124
3841
12114
9829
7752
-6394
-8775
-9346
-11199
-8366
-4222
2736
3862
2540
-4229
-3281
-29
2153
5246
7962
7503
5327
1842
-1595
-3773
-3060
-3968
-753
1693
-1941
-4229
-8846
-9216
-7752
-3658
-1464
1373
3506
1563
1965
-543
-2313
-1418
-345
728
-537
-1866
-3325
-4852
-4702
-4888
-3130
-1177
-544
0
1611
-378
7170
12898
10846
13815
4908
5830
4677
7288
9068
4248
1280
-11431
-9617
-9726
-8736
-3288
1670
4699
3632
1149
-4450
-2626
837
4101
7775
8178
2548
-2005
-3995
-5645
-4233
-1344
-313
2762
2127
-4455
-8701
-10711
-9462
-3797
790
2058
3977
2667
-231
-3507
-4961
-5013
-222
2829
3907
3149
949
-3180
-4984
-4258
-3939
-849
-1650
-663
-1023
-916
-689
11205
14829
16115
14448
3191
5553
428
5545
4805
2466
-1215
-9612
-4558
-7104
-6217
-3245
1334
4048
3802
766
-3061
-102
127
640
1822
1085
-2526
-2573
-919
-1522
1337
-283
-1175
316
-3561
-7098
-8045
-6753
-2844
1272
2177
16
-1950
-4985
-6404
-2904
-1146
3541
7176
7807
5236
265
-5196
-6707
-4762
-2857
-875
-1
-163
-1628
-1768
-1863
364
10181
17645
13626
12405
1133
-871
-1572
687
7020
4878
4247
-8183
-7251
-6388
-6831
-3029
1211
4379
3637
360
-7529
-6663
-3914
-1970
2123
4367
2910
733
154
-2208
-3268
-1169
-2148
786
1569
-1794
-3370
-5592
-6396
-5234
-2645
-2565
-2299
-951
1496
4144
4724
4094
4284
3295
788
-2774
-4431
-2568
-536
904
1811
685
23
-1881
-1889
379
1969
3479
11341
11128
7919
4680
-5685
-1541
450
8352
10703
6698
-19
-10760
-7306
-9005
-6265
-1659
1710
2088
-520
-4898
-9193
-3949
-908
2280
5661
5180
533
-1976
-2012
-2502
1681
2271
-417
1707
-1240
-6965
-8471
-8395
-5385
1155
3219
1792
2817
501
-1107
0
177
1671
4231
4480
3270
1775
-186
-592
311
2041
1743
1463
-465
-3015
-3449
-3467
-4717
-23
10030
8176
9099
1329
-2098
3276
5690
11443
5494
2543
-9494
-12770
-6796
-7727
-1375
141
470
-629
-3143
-7871
-8231
-153
2697
7217
7429
1569
-1492
-2206
-1421
-1818
1070
-550
594
2758
-2744
-4512
-4940
-3613
-1641
1035
-295
-1664
-1156
-2398
963
4934
5979
6705
7737
6192
3668
1120
-613
228
2981
961
-2719
-5749
-7536
-7600
-5671
-4399
-2609
-328
7911
10015
5275
3832
-4907
741
3682
8090
8638
2143
-2331
-12985
-7220
-6841
-6469
-2799
-979
566
-611
-2236
-6486
153
3737
3793
3820
1021
-2178
-1122
2176
1262
3619
4293
2524
2805
-761
-6844
-8025
-6626
-4154
-1058
2084
190
1990
3883
3514
7524
7590
7981
7255
6113
1519
-1563
-3103
-5095
-2762
-2719
-3613
-3730
-4338
-5608
-5693
-6762
-6947
-4851
-2020
7715
8288
6006
4478
340
5309
4590
8707
5799
836
-4663
-13719
-4823
-3161
-1228
441
-578
-1456
-2886
-2390
-3808
3999
5654
4588
5725
3817
1888
1497
4113
2843
3521
1492
-3788
-3543
-6169
-7694
-5845
-1669
1467
4132
6472
3322
3949
3379
3606
4601
4334
2391
-2
-224
-3195
-3644
-3424
-3423
-2887
-3400
-7190
-9848
-11248
-10536
-8027
-4280
-1840
-915
1573
8674
7097
5164
3321
-1212
4650
4675
10206
6271
1253
-5406
-11633
-3560
-3132
-833
708
2464
1248
976
418
-1127
4098
6333
6172
7404
4721
-667
-1352
-786
-2893
-2266
-1014
-1856
1903
262
-2588
-106
1832
3202
4366
3689
770
555
182
73
2634
2116
238
-1051
-3417
-5318
-7100
-7335
-7724
-5863
-5438
-6686
-6057
-4351
-2442
-2027
-2684
-4491
-1515
-3073
2300
9441
5675
8339
1700
1568
5231
7330
9749
1959
1285
-6821
-3977
3198
1443
4484
3746
2269
453
2865
2058
2613
5274
1879
331
-697
-4193
-5237
28
3555
4167
4907
2386
932
1416
-2256
-3118
28
2513
2773
1872
-732
-4795
-4967
-7052
-5382
-2507
-2983
-3355
-4360
-4180
-4464
-3749
-3888
-2308
-1439
-1323
-2750
-5128
-5443
-5896
-5148
-4529
-3475
-1344
-273
4667
9465
6406
6132
1957
3045
7116
10604
14178
7413
4748
-1521
555
6457
3182
1668
1367
1012
-2419
-1976
-3583
-3733
284
-750
395
2369
2373
620
2676
5045
2542
3090
973
-409
1188
-1125
-5069
-6788
-5739
-6198
-5755
-5714
-7243
-4108
-1997
-1393
-374
-638
-1812
-2633
-1672
-2175
-1374
-1437
-3224
-4067
-4602
-4906
-4575
-2565
-845
-389
-600
-2538
-1624
-729
4498
11343
9612
11567
8795
8798
11564
11669
15307
8488
3597
-4050
-6478
219
-598
-499
-1450
-1832
-3836
-3270
-2236
-3749
1738
3451
2731
4732
2449
-944
-1150
-537
-3154
-2203
-2855
-5745
-3361
-5370
-7756
-6611
-5234
-3246
-694
-1564
-5150
-4661
-4697
-3374
256
-324
293
358
-782
-2918
-4343
-3984
-2724
551
86
-344
228
-62
590
310
613
2276
3799
5147
6712
13931
11976
7173
5408
1624
6493
7941
11615
9641
3492
-2071
-7923
-1919
306
-494
-1081
-2103
-3099
-3493
-1618
-1571
-1095
-57
-2216
-4271
-4587
-5258
-4124
173
1251
-1824
-1797
-2685
-4141
-3001
-4441
-5903
-4085
-2865
-3672
-2540
-2538
-2353
875
2141
2558
430
-2606
-4033
-3924
-261
1408
2778
3904
4203
3182
1150
2379
2046
4372
5301
2726
1323
-276
-2908
-2463
1940
9925
11769
10003
5772
1904
4431
2120
6458
3535
-1250
-3036
-7156
-759
338
-2535
-5841
-6136
-5699
-4815
-1055
-3890
-2653
-714
-3156
-2344
-1480
-1926
-1093
1205
-828
-3162
-2720
-4123
-2525
-1761
-2483
-1943
-87
135
-505
74
-1604
-798
-324
1107
2536
1722
1530
1970
4423
5522
4829
3113
1714
1269
-520
-1029
-52
1968
4021
3257
2160
888
48
-1497
-2531
-2805
3078
6352
2722
1044
-2164
-328
1902
5430
5087
-879
-4839
-8942
-2931
2151
-462
-2536
-3838
-3875
-3780
-1376
-1650
-2797
-1374
-2349
-426
-1183
-3580
-4179
-991
2141
503
-52
-898
-167
966
-555
-1141
212
1799
3853
3460
2947
1251
1158
2331
3384
3603
-72
-1709
-1269
907
2088
2668
2496
3592
3824
1689
321
-1599
-1827
-2068
-1591
-3305
-4354
-4873
-5383
-3936
-1339
3360
1791
520
-833
-988
3079
4184
7836
3482
-1227
-3283
-4554
2838
3247
1394
-1379
-4117
-3929
-3502
-1205
-3059
-2784
-903
-1300
-324
-1116
-334
1166
3776
4693
2300
2088
1220
1146
2312
1947
2208
2053
2623
854
-141
-684
-2231
-9
641
2576
562
163
79
-380
948
-1595
-809
-795
-1099
-1613
-2390
-1735
-2434
-2903
-5013
-5106
-4407
-5165
-4510
-3316
-2428
1531
4544
1880
2339
1681
1829
5369
9588
10200
1569
-3111
-5883
-1869
5564
802
-2991
-4024
-4915
-3968
-623
1577
287
3750
2332
1046
2932
-1135
-358
1963
4161
4075
3228
2048
624
2279
-303
-639
-1219
-1541
527
8
-484
-1840
-2046
-1840
-1526
-1245
-2425
-738
332
918
1099
-1865
-3167
-4085
-3034
-2549
-3093
-2618
-2856
-2523
-2422
-2809
-3399
-1740
-1552
-446
171
2747
7506
5024
3077
-144
357
3270
4937
9148
2859
-1575
-2662
-1798
6283
5619
728
-1677
-940
-345
804
2990
-182
1123
2304
1252
2212
1270
86
121
2979
626
-1462
-1372
-1836
280
-1365
-4022
-5600
-4378
-2414
-1048
706
11
-51
106
-384
-685
-2314
-3547
-2290
-1475
-779
-1821
-2323
-3296
-4011
-2451
-2272
-420
-394
172
337
294
-1237
-2716
-1716
-1773
-464
201
5092
7415
4098
2155
193
3286
5418
6561
6182
776
655
-586
4290
7517
2698
-361
-3293
-1169
272
3025
2263
-212
790
-1111
-652
-1248
-2135
-1398
-727
-936
-4414
-4488
-3433
-1497
1087
586
634
-125
-112
-187
370
93
-1359
77
87
128
-1816
-4150
-3806
-2508
-1714
-1999
-806
-754
-427
388
-142
-89
-210
-1759
-206
1305
303
-459
-545
-612
-16
632
-1370
3826
6280
2693
2936
524
2765
4582
4927
4295
-1764
-2301
-3242
3167
6183
1789
-365
-4160
-1838
-742
1502
1235
-1781
-3474
-4512
-1982
-2500
-1732
-514
1609
3677
579
-1159
-1410
-435
624
431
765
902
792
-766
-2725
-3439
-3844
-1725
1004
2015
2341
507
-557
-1040
-747
-818
-1688
-1102
-1635
-182
-39
-511
-651
-420
2004
1576
1122
66
-923
-197
-670
-1431
-3753
-1640
1422
-714
211
-1721
135
4758
5369
7458
2083
-2103
-3459
-123
5664
3156
163
-2952
-2120
765
993
1281
-207
-197
793
1394
927
-1486
-1516
-1040
443
-559
-2648
-1364
-370
1763
1299
404
980
2055
3400
1237
-524
-3445
-3408
-337
351
1033
-9
80
459
754
-667
-2420
-932
-602
520
645
-1405
-2213
-2567
-2339
-1490
-1959
-3213
-2791
-1328
-1258
-2042
-3211
-3581
2381
3572
743
49
-621
3340
5924
8677
6527
614
-460
-494
4367
5782
1650
-238
-81
746
210
598
-1167
-2556
-417
709
1667
1285
201
751
1519
425
-2336
-2273
-1683
-1127
-372
-1152
-445
-238
196
1422
1349
567
-647
217
-157
-1127
-2156
-2871
-908
-1644
-3483
-5106
-5098
-3121
-1765
-757
-981
-1525
-1671
-2203
-1692
-1912
-3087
-1457
-140
421
-172
-580
-732
2366
6353
3286
2445
931
1473
5292
5945
6443
2071
-1418
-1036
2121
6876
4990
2757
1839
731
1321
1144
1137
-950
-1864
-2251
-1972
-168
-1707
-838
350
152
-1299
-2385
-1149
-1205
427
-809
-2127
-1049
-1860
-919
-92
-524
-2448
-2624
-1553
-1644
-619
-1590
-2291
-2297
-3952
-4269
-4002
-2141
-1342
-232
1576
671
1404
888
671
796
162
-190
-404
-116
-1578
-1473
-725
630
5193
5228
3990
3336
2176
4643
5712
8484
6485
320
-705
-153
4743
4691
1263
11
135
1449
1125
1797
397
-1759
-1568
-1762
-905
-2208
-4251
-3310
-2651
-2398
-3357
-2123
-1048
-383
-698
-2225
-2032
-1756
-1235
-339
-527
-2239
-2527
-1464
-360
185
-979
-1047
-293
309
-128
-808
-1353
-2330
-1875
-1663
-1921
-1475
-407
677
1565
1052
583
1483
2187
1662
-94
-132
-677
3209
5397
2531
1492
-689
2261
4702
6323
5849
664
-272
-42
3708
4638
404
-2469
-3718
-2318
-1265
300
723
-777
-943
-2862
-2926
-3155
-3741
-2180
-2234
-3001
-5122
-4712
-3219
-729
1037
641
1043
743
847
1652
1514
-75
-332
781
1145
534
-854
-1772
-164
945
387
309
138
-451
-810
-688
-651
-30
1185
2083
3188
3368
1895
1020
807
413
57
-629
-1119
-1489
1824
3392
1618
33
-1683
423
2491
3429
3437
67
-1044
355
3178
5018
1535
-1349
-2894
-2612
-541
49
32
-1951
-3500
-3908
-4127
-2776
-2075
-619
-43
-339
-777
-1040
423
569
687
-742
-1363
580
1758
3065
2590
1039
-671
-1311
-1099
-1073
-367
-455
-515
-744
-1073
-1327
-565
159
220
-268
-430
203
1804
2116
977
-167
-1660
-1879
-2191
-2254
-2366
-2344
-2220
-1993
538
2116
1087
-210
-1182
778
3203
3755
5015
1831
-1086
-942
1627
5493
4865
2710
-296
-1657
-127
1402
2477
1047
-555
-1454
-1383
-891
-742
596
1306
724
-232
-1406
-1674
-508
-86
-133
-31
570
844
2191
2182
747
78
-1105
-412
402
505
-438
-733
-1532
-2616
-1943
-2091
-1868
-1509
-1845
-1126
-210
-191
-205
-542
-1509
-2407
-2922
-2306
-2478
-3011
-3267
-3058
-2136
-2432
38
735
760
907
851
3886
4948
6053
4661
1534
412
1491
4612
5598
5179
3627
1680
912
809
1629
975
-1111
-2324
-2891
-2645
-1710
-757
176
-18
-1051
-1143
-520
274
1334
1270
322
-236
-888
-718
318
164
-1655
-2265
-2419
-1514
-371
-518
108
-413
-1555
-2697
-2694
-2526
-2343
-2144
-1760
-1284
-2307
-2946
-2843
-1640
-877
-871
-1265
-1229
-1726
-2342
-1533
-1472
-1080
398
3390
5330
5236
3292
2676
5137
5913
7756
7098
3441
2222
1539
3245
4547
2903
1222
-927
-300
1001
1589
1001
-943
-809
-1146
-1400
-2151
-1894
-1001
-1167
-910
-2286
-2136
-1162
101
804
-219
-537
-1660
-1314
-530
-128
9
-1043
-1281
-2075
-1782
-1890
-2974
-2427
-2143
-1591
-1974
-2791
-3003
-1898
-1090
-1920
-1907
-1679
-1072
393
539
236
-149
-1019
-538
-410
-144
254
809
2943
4677
4035
2179
1331
2193
3763
5332
6510
4685
2552
958
1166
2659
1701
1160
1256
348
-262
168
554
409
-101
-1209
-1896
-2840
-3300
-1683
86
-178
-1338
-3256
-3571
-1793
-1137
-593
-1176
-1534
-1494
-1151
-437
8
458
276
500
-37
-1059
-1805
-1088
-492
-626
-1786
-3345
-2808
-1868
-470
205
-317
-771
-708
-187
-313
-230
183
575
657
48
7
534
769
2005
3402
3747
2197
134
-343
1212
3202
4654
5521
3935
2672
2082
2099
2468
2199
2453
1051
-649
-926
-1428
-1494
-2480
-2779
-1719
-1992
-2518
-2900
-2160
-1553
-1863
-2089
-2793
-2162
-1342
-68
1246
1511
1521
831
143
-83
839
664
1132
1384
51
-840
-1711
-2589
-3411
-3288
-2637
-1293
-353
-308
-83
-102
-187
-40
780
802
9
-268
-437
-663
-865
-382
-523
476
636
1072
2838
3186
3010
2109
1371
574
1181
2285
2444
2887
2014
1044
1975
2115
1498
1854
1290
250
-367
-1219
-2170
-2027
-1708
-1757
-1041
-1207
-1522
-1410
-1259
-1136
-1021
-15
452
948
1074
255
-360
-210
-433
-1148
-1036
-506
-20
317
-386
-1617
-1902
-2463
-2484
-1876
-1915
-2083
-1162
-601
-233
107
-285
176
968
1365
1475
1936
1416
376
-848
-2170
-2364
-2220
-2018
-1382
-792
-550
468
1215
1967
2139
1147
968
1484
2236
2448
2057
916
443
723
645
1264
1656
2052
2734
2630
2194
1897
1435
496
305
263
57
276
-14
-26
-50
-162
92
279
222
-903
-1890
-2757
-2693
-2020
-1181
-264
-470
-346
-645
-1144
-1050
-1507
-1314
-505
-453
-1115
-1345
-1822
-1695
-1423
-1486
-1523
-1220
-1362
-1147
-292
-351
-354
-761
-972
-272
337
159
-53
-496
-385
-233
157
23
-14
622
1725
3065
3320
3449
2505
2351
3015
3152
3388
2475
1688
1504
2134
1902
1748
1425
617
1123
423
-747
-1371
-1486
-1220
-1010
-1257
-1767
-823
101
276
569
230
-326
-1049
-1151
-1171
-1359
-1835
-1965
-1722
-1401
-1812
-2442
-1743
-1217
-1239
-1288
-1329
-1022
-22
-159
-522
-367
-38
238
229
-130
-1539
-2104
-2456
-1781
-653
-761
-577
-481
268
846
1532
1669
1214
1307
1375
1428
1459
1088
1336
2496
2684
3013
2431
1931
1643
1389
1562
915
1015
832
1565
2656
2497
2299
1645
1398
1092
438
-643
-1371
-1560
-1642
-1430
-1421
-1273
-761
-323
-331
-968
-1745
-2041
-1622
-1048
-677
-650
-813
-905
-1489
-1362
-1529
-1564
-1220
-1863
-2005
-2068
-1833
-1663
-1472
-1576
-1429
-603
-176
334
88
-379
-1303
-1323
-1051
-635
-302
-874
-456
8
620
316
634
281
-150
854
1290
2529
3027
2483
3142
3774
3743
3591
3173
2585
1992
1657
924
970
1115
945
1006
666
-203
-702
-379
-273
76
-234
-1013
-660
-306
-90
348
248
-119
-699
-1028
-2242
-2467
-2200
-1729
-1074
-1308
-1146
-1310
-1027
-1934
-2012
-1273
-1257
-818
-1215
-1379
-1267
-1156
-857
-189
280
-454
-1060
-1273
-1169
-824
-772
-1045
-806
-184
260
1011
1694
2138
2433
2595
2149
1837
2387
2477
2046
1991
1521
1678
1960
1761
1914
2514
2771
2444
2468
1953
1996
1869
1271
862
454
-214
-918
-943
-1614
-1832
-1597
-1338
-1051
-981
-1177
-1005
-756
-1247
-1459
-1488
-1523
-1351
-1584
-1628
-1668
-1641
-1860
-2252
-2186
-2555
-2462
-2148
-2250
-2536
-2363
-2074
-1114
-541
-579
-105
-86
360
558
865
972
789
807
287
500
41
-685
-490
31
980
1531
1727
1967
2235
2491
2678
2973
3359
3118
3114
2763
2110
1898
1368
1200
1426
1625
1342
900
364
412
418
-138
-779
-1342
-1207
-676
-342
-634
-706
-1090
-1078
-952
-1733
-1789
-1809
-1819
-2091
-2285
-2371
-2390
-2219
-2215
-1867
-1571
-1584
-1364
-712
-639
-647
-604
-392
113
-82
-304
-94
-350
-590
-632
-293
682
1373
1549
1386
1097
870
772
854
1172
1424
947
581
458
807
1179
989
1160
1380
2007
2772
2900
2305
1812
1403
1293
1972
2464
2181
1975
1284
1115
1139
479
-241
-784
-878
-1484
-1878
-2743
-2837
-1924
-1347
-1259
-1678
-1820
-1669
-1001
-903
-1099
-978
-1131
-1341
-1594
-1953
-2240
-2318
-2026
-1688
-1196
-857
-987
-477
526
820
561
1
6
596
776
-74
-453
-192
69
121
-319
-398
-391
-263
-342
-412
-256
-380
-190
535
1249
1679
1727
1869
2092
2719
2984
2485
2232
2209
2118
1974
1276
607
748
580
288
225
71
184
628
919
706
165
-361
-584
-267
-184
-129
-313
-942
-1101
-1449
-1628
-1521
-1349
-1102
-1041
-826
-899
-858
-599
-612
-783
-1209
-1024
-495
-448
-741
-1657
-2119
-2068
-1763
-1111
-735
-682
-998
-613
-727
-760
-379
-403
325
962
1055
801
563
306
-39
643
437
424
907
807
1113
1058
718
193
776
1152
1782
2562
2016
2041
2290
1926
1903
2098
1773
1753
1516
1040
997
952
610
347
167
-287
89
255
-98
-8
-512
-724
-666
-1227
-1349
-1231
-1637
-1775
-1605
-1546
-1543
-1838
-2392
-2176
-1814
-1684
-1810
-1709
-1789
-1668
-1150
-1162
-1001
-962
-536
-235
-156
-385
-716
-677
-598
-193
205
109
118
154
433
447
-37
-74
324
1213
1429
1307
1074
1543
1923
2102
2464
2225
2512
2362
2135
2141
2075
1881
1947
1993
1488
1471
1476
1394
1528
1416
1034
593
259
10
-64
-289
-1204
-1371
-1766
-2205
-2175
-2557
-2494
-2303
-2132
-1959
-1696
-1511
-1305
-1152
-1366
-1466
-1425
-1524
-1602
-1806
-2108
-2056
-2189
-1841
-1486
-1302
-1057
-951
-531
-422
-306
-398
13
827
1242
1787
1548
1253
1258
1281
1283
1132
1129
923
1323
1335
1056
1496
1516
1591
1722
1364
1241
1365
1771
2190
2555
2317
1943
2176
2034
2071
1467
1028
596
336
42
-405
-495
-1007
-932
-1017
-1441
-1737
-1897
-1930
-1661
-1764
-2265
-2383
-1935
-1541
-1230
-1309
-1700
-1526
-1719
-1703
-1726
-2049
-2084
-1956
-1797
-1835
-1497
-1332
-623
121
193
297
88
148
804
1314
1288
1198
1411
1572
1487
1212
609
615
535
22
28
8
369
1011
1469
1888
1878
1846
1592
1602
1832
1788
2107
2364
2408
2353
1829
1515
1448
1321
1284
1061
570
164
-206
-777
-1313
-1644
-1879
-1508
-1272
-1451
-1465
-1648
-1601
-1637
-1808
-1990
-1953
-1549
-1209
-760
-574
-1333
-1894
-2206
-2175
-1710
-1533
-1106
-722
-459
-365
-416
-529
-603
-299
36
590
505
153
20
305
802
902
972
1067
1306
972
591
230
247
796
1005
1122
951
759
1133
1555
2141
2156
1995
2019
2190
2696
2293
1862
1251
970
1030
860
1145
1064
963
380
-377
-836
-1293
-1180
-920
-867
-1152
-1595
-1739
-1839
-2178
-2428
-2237
-1961
-1542
-1150
-1018
-866
-883
-1330
-1544
-1675
-2073
-1861
-1760
-1635
-1224
-1154
-1331
-1133
-1224
-1245
-690
-663
-354
278
263
275
272
107
434
758
723
827
1129
679
817
935
1062
1470
1029
735
1120
1900
2353
2659
2616
2676
2980
2778
2608
2152
1812
1986
2062
1843
1612
1344
976
582
108
-197
-411
-616
-626
-423
-529
-777
-1070
-1243
-1267
-1527
-1826
-2009
-1889
-1825
-1554
-1374
-1377
-1474
-1593
-1756
-1903
-2054
-1924
-1608
-1458
-1446
-1655
-1387
-1361
-1168
-1090
-832
-618
-458
-264
-307
-194
-415
-131
243
589
783
869
1273
1442
1539
1416
1371
1340
1208
1091
1199
1523
1708
2116
2114
2023
1958
1894
2005
2161
2283
2241
2388
2159
1984
1716
1370
884
550
225
-284
-479
-935
-1242
-1541
-1766
-1830
-1920
-1866
-1970
-1875
-1796
-1640
-1621
-2009
-1881
-1376
-1056
-781
-1242
-1505
-1586
-1928
-2066
-2324
-2245
-2073
-1560
-1094
-994
-794
-754
-353
234
474
531
295
236
509
799
774
376
142
247
543
564
317
183
207
552
847
1196
1760
2056
2343
2623
2518
2512
2667
2561
2722
2901
2616
2326
1945
1558
1308
1023
776
688
491
-27
-711
-1336
-1749
-1818
-1725
-1336
-1034
-985
-733
-753
-995
-1238
-1628
-1781
-1693
-1806
-1735
-1431
-1290
-1102
-957
-1299
-1499
-1550
-1664
-1383
-1106
-1442
-1724
-1668
-1644
-1390
-1261
-1369
-1066
-472
-27
9
-234
-694
-749
-596
-565
-242
228
715
1244
1604
1434
1394
1819
2125
2577
2909
2806
2943
2824
2782
3016
3231
3082
2989
2925
2547
2469
2062
1707
1770
1861
1305
713
27
-497
-256
-379
-614
-760
-1052
-1071
-893
-1082
-1607
-1684
-1581
-1422
-1102
-1038
-1153
-1120
-1371
-1778
-2204
-2856
-3011
-2730
-1975
-1790
-2037
-2327
-2563
-2457
-2678
-2488
-2133
-1489
-939
-461
-213
-510
-340
-476
-476
-596
-663
-121
552
833
848
1042
1209
1696
2107
2294
2543
2754
2909
3179
3256
3422
3531
3804
3898
3810
3566
3029
2552
2128
1972
1740
1281
681
378
-74
-564
-1113
-1411
-1160
-1224
-1271
-1500
-1771
-1802
-2043
-2159
-2171
-2088
-2204
-2058
-1852
-2171
-2701
-3148
-3251
-3104
-3007
-2697
-2396
-2242
-2477
-2879
-2786
-2722
-2545
-2257
-1792
-1211
-918
-487
-268
195
301
176
279
274
489
693
998
1487
2087
2450
2794
3260
3965
4310
4369
4391
4285
4346
4270
4139
4091
4123
3934
3519
2959
2416
2000
1844
1558
1133
703
156
-258
-836
-1234
-1566
-1737
-1751
-1880
-2034
-2512
-2865
-2900
-2748
-2416
-2441
-2479
-2402
-2427
-2512
-3105
-3666
-3698
-3632
-3316
-2893
-2741
-2532
-2315
-2107
-2114
-2033
-1918
-1446
-706
-346
-301
-284
81
486
672
709
967
1500
1873
1924
2006
2043
2361
2833
3306
3708
3950
4068
4264
4371
4370
4221
4030
3713
3431
3188
2780
2469
2200
2017
1797
1391
590
90
-208
-654
-925
-1298
-1625
-1598
-1769
-2079
-2123
-2605
-3159
-3399
-3500
-3285
-3139
-3030
-2950
-2628
-2622
-2914
-2924
-3017
-2651
-2300
-2155
-1865
-1562
-1273
-1164
-1312
-1631
-1779
-1315
-942
-456
-302
-533
-502
-184
210
505
784
960
1527
1736
1820
2123
2215
2606
2681
2854
3040
3183
3719
3937
4253
3989
3481
3170
2827
2487
2147
1933
1810
1854
1695
1236
895
232
-393
-795
-1190
-1264
-1399
-1744
-2167
-2362
-2447
-2528
-2578
-2763
-2834
-2858
-2801
-2605
-2329
-2087
-1996
-1955
-1996
-2051
-2068
-2261
-2305
-2290
-2212
-2055
-1989
-1738
-1608
-1428
-1243
-981
-591
-203
40
-33
22
234
586
1208
1510
1670
2010
2284
2633
2882
3300
3630
3689
3764
3702
3629
3757
3810
3910
4070
3983
3464
3029
2576
2001
1551
1229
933
676
569
69
-461
-817
-1276
-1307
-1096
-1137
-1467
-1733
-1852
-1879
-1943
-2659
-2758
-2792
-2751
-2787
-3214
-3359
-3503
-3461
-3438
-3084
-2713
-2442
-2354
-2355
-2134
-1961
-1726
-1459
-1214
-951
-867
-720
-408
143
385
481
911
1033
1414
1780
1814
1986
2265
2568
2917
3160
3165
3318
3606
3511
3187
2784
2471
2262
2116
1852
1530
1464
1320
1144
910
636
215
97
36
148
75
-247
-672
-1080
-1382
-1575
-1472
-1533
-1522
-1626
-1839
-1971
-2124
-2280
-2451
-2492
-2523
-2430
-2248
-2344
-2363
-2367
-2280
-1914
-1645
-1344
-1153
-713
-387
-271
-106
-295
-154
105
529
943
1192
1443
1576
1849
1934
2218
2433
2399
2228
2015
1669
1482
1410
1270
1330
1272
1301
1320
1241
1361
1377
1269
1052
1108
999
856
945
622
353
-183
-654
-658
-716
-550
-421
-421
-633
-869
-1027
-1091
-1138
-1358
-1279
-1158
-1210
-1527
-1818
-1927
-1878
-2015
-2029
-1866
-1729
-1700
-1753
-1742
-1715
-1514
-1461
-1186
-833
-630
-178
497
809
990
1015
828
1081
1282
1259
1252
1197
1191
1191
1081
991
1014
1024
1046
947
906
1011
1139
1431
1417
1239
909
639
764
1027
1095
905
713
578
594
559
312
170
244
295
205
48
-386
-465
-443
-440
-344
-466
-648
-992
-1035
-1043
-1021
-1028
-1101
-827
-899
-1031
-1190
-1134
-884
-751
-644
-582
-318
-186
-62
72
5
26
112
373
709
884
865
703
711
685
644
580
599
847
893
768
451
15
-270
-439
-631
-629
-494
-327
-398
-439
-606
-648
-593
-508
-259
-11
174
239
329
120
7
-226
-289
-218
-43
73
-77
-286
-471
-566
-686
-621
-526
-186
60
135
195
99
6
-156
-64
40
186
387
483
444
126
-282
-376
-280
-172
12
247
327
284
206
131
271
416
583
740
476
136
-42
-284
-294
-475
-625
-526
-463
-375
-476
-555
-607
-740
-771
-608
-354
57
285
356
370
218
364
542
703
847
895
906
982
1014
940
812
594
518
613
637
605
581
537
782
749
776
685
373
224
-53
-228
-334
-413
-375
-420
-623
-742
-775
-698
-647
-526
-488
-606
-667
-550
-453
-391
-613
-773
-726
-606
-415
-337
-329
-461
-502
-687
-739
-650
-539
-374
-228
-114
-157
-225
-237
-265
-337
-309
-322
-22
238
291
337
400
507
625
651
630
791
831
1059
1157
1123
1149
1178
1293
1351
1206
761
578
312
209
319
142
36
38
-87
-307
-338
-435
-452
-233
-204
-346
-502
-698
-766
-720
-749
-564
-371
-239
-203
-329
-447
-630
-690
-643
-492
-481
-568
-536
-625
-465
-576
-840
-792
-802
-633
-449
-367
-207
-43
-21
-160
-202
-32
199
503
745
933
1077
1048
1150
1165
1005
1083
1147
1255
1283
1199
1079
1003
935
871
899
718
429
415
459
549
726
685
508
337
55
-180
-214
-362
-563
-705
-867
-945
-806
-769
-859
-872
-923
-917
-785
-749
-766
-738
-891
-980
-1000
-1190
-1151
-1138
-1150
-1132
-1389
-1613
-1640
-1608
-1452
-1217
-922
-735
-293
-106
94
327
347
551
672
851
944
1069
1167
1237
1306
1202
1071
960
824
979
1047
1022
1087
929
976
1114
1168
1282
1350
1261
1224
1193
969
897
770
662
618
460
182
70
-69
-230
-230
-441
-382
-561
-695
-679
-730
-616
-584
-396
-514
-622
-758
-1073
-1152
-1240
-1257
-1207
-1146
-1144
-1050
-1121
-1217
-993
-744
-625
-514
-495
-354
-188
-123
58
62
236
443
534
636
546
467
457
511
378
231
261
350
380
539
507
593
809
819
880
964
1001
827
823
752
656
688
596
463
518
347
206
326
218
169
186
20
-233
-305
-427
-570
-626
-693
-734
-684
-645
-829
-759
-781
-782
-664
-650
-717
-874
-973
-819
-588
-626
-639
-689
-744
-741
-769
-635
-542
-645
-824
-696
-500
-363
-205
-146
-159
-43
-19
79
359
507
458
420
529
551
693
778
640
696
611
694
864
978
1091
1118
1171
1268
1429
1552
1583
1392
1119
965
866
802
732
607
451
338
242
102
-74
-212
-278
-339
-260
-227
-192
-224
-187
-248
-330
-332
-376
-420
-591
-649
-608
-451
-506
-788
-1116
-1416
-1364
-1294
-1239
-1101
-1212
-1178
-1067
-928
-766
-612
-522
-497
-307
-262
-244
-175
-160
-117
-102
-168
-191
-52
185
395
451
483
702
820
985
1179
1110
1103
1196
1233
1257
1347
1250
1225
1203
889
708
583
511
559
673
657
580
521
357
313
322
235
283
240
229
299
221
-35
-224
-287
-426
-528
-700
-798
-780
-984
-1277
-1345
-1386
-1294
-1220
-1157
-1195
-1217
-1066
-1021
-1011
-988
-1016
-928
-771
-725
-775
-847
-771
-535
-376
-335
-372
-272
-175
65
117
136
360
499
656
644
650
686
808
961
923
731
552
513
691
652
546
387
444
485
599
680
604
644
532
593
572
583
541
634
697
623
546
450
360
227
41
-97
-196
-311
-340
-355
-397
-602
-749
-700
-603
-564
-623
-712
-623
-448
-336
-402
-540
-774
-718
-525
-458
-427
-472
-435
-440
-391
-278
-123
-30
17
141
311
352
371
454
543
481
310
226
343
534
630
546
412
436
419
334
371
282
274
334
414
652
790
722
672
595
508
583
606
666
657
581
466
293
131
-165
-295
-333
-257
-304
-476
-499
-500
-506
-590
-615
-517
-368
-329
-377
-354
-437
-564
-544
-715
-831
-824
-769
-522
-420
-569
-702
-537
-415
-112
-22
-15
-1
-117
-73
-105
-70
13
147
401
452
203
100
97
76
209
224
181
218
223
242
235
199
260
464
657
673
533
370
222
117
111
78
169
221
284
321
144
-88
-264
-332
-279
-149
-177
-146
-89
-170
-218
-190
-184
-128
-146
-88
-75
-98
-162
-274
-379
-399
-274
-290
-315
-351
-370
-401
-405
-402
-309
-83
1
6
140
68
62
85
-21
-73
-30
-60
-40
26
-70
47
174
302
359
363
246
249
276
257
327
301
260
403
459
568
609
521
290
249
205
121
305
336
358
340
192
100
13
-112
-100
-79
-12
11
-2
-36
-126
-260
-385
-307
-194
-159
-197
-311
-464
-487
-538
-527
-449
-395
-327
-362
-367
-327
-271
-215
-268
-212
-144
-61
139
348
415
274
199
161
153
147
28
82
210
303
475
545
559
615
679
667
668
714
530
564
592
587
686
629
612
603
593
527
432
349
203
192
145
61
-56
-138
-216
-342
-400
-532
-632
-625
-646
-730
-892
-1006
-970
-860
-823
-855
-925
-996
-1021
-1088
-1148
-1256
-1274
-1187
-1180
-1076
-1091
-1090
-930
-787
-628
-557
-497
-415
-234
-133
66
242
306
296
350
354
311
436
555
717
809
925
976
1054
1131
1275
1440
1531
1826
2093
2202
2081
1753
1173
868
1086
1261
1007
587
261
-96
-261
-166
-138
-330
-281
-113
-222
-320
-395
-602
-629
-279
-188
-386
-519
-519
-636
-640
-746
-1142
-1348
-1395
-1266
-1387
-1437
-1296
-1197
-1046
-800
-807
-846
-670
-554
-536
-415
-267
-215
-172
-153
-86
-98
7
93
64
93
227
542
783
1018
1125
1160
1236
1231
1230
1337
1466
1504
1579
1604
1598
1597
1514
1440
1307
1095
825
653
644
584
422
243
75
35
-19
-98
-121
-249
-376
-442
-469
-673
-858
-1082
-1250
-1236
-1281
-1280
-1383
-1473
-1483
-1534
-1611
-1543
-1533
-1569
-1578
-1518
-1398
-1241
-1117
-1016
-858
-881
-769
-644
-386
-139
0
88
158
395
628
782
823
798
798
831
1045
1149
1234
1249
1260
1386
1459
1463
1381
1435
1471
1432
1310
1179
1021
929
807
689
576
488
397
199
9
-102
-277
-355
-327
-433
-464
-410
-334
-294
-359
-576
-657
-685
-719
-608
-625
-693
-771
-879
-873
-858
-938
-999
-1037
-1053
-1052
-910
-801
-746
-633
-593
-561
-476
-283
-128
-39
-91
-217
-206
-174
-77
23
26
61
162
260
432
426
562
684
712
684
590
539
463
569
644
651
676
556
528
591
606
523
437
449
437
567
490
362
320
382
431
355
226
136
159
212
291
275
199
178
239
331
279
187
101
9
-65
-185
-338
-370
-422
-429
-403
-418
-392
-348
-302
-361
-420
-617
-693
-645
-654
-664
-681
-647
-617
-462
-375
-315
-293
-337
-195
-205
-339
-388
-409
-244
5
33
-95
-98
-80
-47
79
43
140
362
516
630
541
500
563
624
674
639
638
620
617
618
626
571
501
467
470
492
408
282
248
389
372
357
354
296
210
179
41
-192
-352
-497
-654
-748
-827
-887
-874
-840
-806
-812
-880
-863
-768
-709
-690
-843
-1011
-1024
-1012
-918
-814
-795
-697
-633
-598
-592
-613
-611
-538
-397
-275
-134
4
177
313
329
384
490
716
992
1168
1162
1137
1141
1037
1023
1030
1170
1310
1368
1280
1196
1183
1005
1009
1024
1052
1025
852
725
578
422
340
304
316
225
120
65
-27
-88
-181
-279
-353
-388
-548
-774
-878
-979
-1068
-1149
-1182
-1142
-1129
-1095
-996
-1019
-1149
-1206
-1189
-1113
-1055
-986
-907
-766
-597
-509
-399
-333
-156
-72
5
128
275
342
407
567
533
628
725
955
1171
1221
1225
1199
1157
1119
1104
1083
1064
1047
985
857
643
483
421
450
499
479
349
197
87
1
-101
-193
-194
-216
-253
-256
-335
-555
-656
-785
-854
-936
-1033
-996
-969
-1027
-1041
-1123
-1109
-983
-926
-895
-869
-799
-719
-657
-568
-535
-548
-499
-451
-336
-234
-201
-73
20
154
245
242
342
378
519
612
790
845
908
1004
931
883
833
855
879
925
874
797
786
725
631
516
410
223
179
200
189
86
15
35
0
-16
-103
-134
-184
-230
-276
-389
-431
-511
-518
-572
-585
-551
-599
-549
-618
-696
-796
-865
-839
-664
-604
-509
-426
-473
-352
-209
-92
-117
-76
-123
-175
-129
-86
13
59
126
155
226
306
341
467
556
616
704
627
660
677
651
646
611
553
604
713
694
725
708
623
529
418
414
392
509
544
513
455
320
178
106
38
7
54
-49
-45
-113
-226
-331
-470
-528
-563
-540
-549
-597
-508
-491
-569
-573
-611
-605
-518
-454
-534
-574
-663
-649
-609
-631
-551
-518
-494
-460
-421
-441
-432
-402
-340
-245
-229
-197
-164
-124
51
196
278
388
451
453
458
507
419
373
477
549
628
654
745
758
752
696
638
637
596
658
675
658
531
410
324
277
225
171
125
118
94
-15
-53
-107
-141
-257
-266
-281
-290
-372
-378
-300
-542
-568
-523
-443
-310
-263
-285
-359
-370
-374
-443
-708
-776
-597
-538
-499
-466
-516
-502
-463
-404
-303
-268
-253
-223
-240
-224
-139
-15
16
133
156
201
123
93
141
139
156
73
205
129
144
338
527
727
769
743
684
568
492
472
444
335
376
462
356
342
416
307
189
181
166
203
329
353
314
286
245
194
77
31
56
-40
-144
-119
-131
-134
-234
-337
-460
-579
-561
-591
-604
-481
-400
-405
-402
-456
-508
-542
-493
-489
-502
-497
-516
-533
-522
-497
-432
-399
-326
-244
-233
-180
-32
164
371
560
625
666
699
625
625
644
667
720
710
662
610
607
589
588
628
709
643
612
574
466
353
211
115
117
155
74
20
-64
-88
-109
-119
-118
-128
-260
-318
-256
-275
-304
-340
-236
-162
-140
-237
-456
-554
-592
-580
-511
-548
-659
-758
-751
-720
-712
-694
-649
-576
-570
-554
-554
-491
-328
-199
-146
-99
-30
5
108
192
150
192
372
505
535
530
507
564
591
520
484
511
510
634
720
604
461
369
302
331
310
219
259
242
186
104
27
11
10
16
-100
-172
-152
-252
-233
-198
-180
-149
-201
-214
-240
-291
-364
-278
-297
-295
-288
-373
-409
-446
-440
-440
-452
-399
-383
-373
-359
-406
-380
-297
-257
-206
-115
-39
80
177
301
358
416
406
391
470
531
582
623
621
596
533
481
421
387
401
493
496
436
406
320
300
375
354
272
210
171
89
-26
-92
-155
-246
-221
-203
-204
-194
-267
-376
-404
-377
-367
-373
-396
-375
-427
-498
-521
-481
-460
-453
-457
-460
-514
-574
-631
-626
-560
-503
-413
-331
-292
-213
-211
-247
-135
-21
56
192
264
331
415
462
517
633
723
864
949
918
932
873
853
894
858
816
761
733
700
652
580
524
498
517
475
380
309
266
208
135
26
-34
-63
-187
-260
-402
-514
-509
-561
-598
-588
-549
-540
-584
-654
-711
-746
-759
-766
-815
-738
-745
-778
-796
-837
-842
-779
-755
-652
-536
-558
-567
-497
-412
-304
-228
-156
-61
69
208
208
224
268
344
462
473
559
581
630
687
720
730
668
672
688
748
728
663
623
634
601
541
503
524
567
570
507
436
397
255
251
199
44
-97
-259
-356
-377
-436
-559
-655
-713
-795
-734
-694
-685
-630
-650
-611
-659
-659
-642
-642
-661
-636
-573
-548
-489
-495
-454
-479
-511
-503
-489
-415
-337
-221
-70
41
187
262
261
231
289
357
413
484
503
464
437
469
448
428
429
519
648
723
823
860
810
807
835
941
1035
1018
913
843
730
585
398
246
206
187
60
-16
-22
-69
-26
-70
-128
-224
-294
-321
-383
-395
-358
-452
-508
-505
-481
-427
-380
-352
-386
-391
-402
-423
-429
-400
-357
-295
-218
-233
-270
-334
-351
-287
-256
-221
-106
-51
-15
-31
-38
37
106
186
286
361
336
286
236
230
379
415
415
445
457
406
342
333
277
233
255
263
347
359
280
194
28
26
10
-135
-188
-215
-295
-336
-376
-432
-491
-531
-543
-530
-511
-491
-487
-449
-405
-436
-486
-480
-517
-513
-415
-348
-384
-438
-426
-431
-470
-451
-342
-315
-254
-149
-127
-72
18
68
71
95
110
98
87
161
142
186
214
243
247
253
326
370
420
498
530
606
608
550
527
486
417
362
363
395
466
449
367
296
226
191
196
160
128
163
164
187
193
120
77
47
16
10
-35
-86
-84
-81
-134
-141
-142
-203
-222
-216
-195
-216
-241
-203
-172
-95
-72
-104
-82
-90
-45
-45
-127
-79
-5
102
98
63
73
51
129
156
197
250
218
164
191
203
261
336
350
314
284
303
280
240
220
115
30
-31
-71
-49
-78
-96
-94
-130
-114
-173
-235
-232
-209
-270
-268
-196
-240
-281
-382
-475
-499
-523
-563
-616
-632
-591
-628
-646
-626
-586
-563
-547
-552
-517
-430
-390
-309
-279
-282
-203
-119
-21
39
104
136
77
21
57
180
238
233
213
271
343
398
494
487
518
539
559
547
514
562
523
502
454
421
416
441
448
439
423
441
450
425
425
376
348
285
252
179
146
104
15
3
-1
-18
-113
-207
-301
-342
-413
-454
-543
-645
-594
-597
-534
-508
-510
-545
-510
-425
-470
-484
-464
-437
-408
-290
-228
-209
-125
-88
-37
29
15
44
129
196
254
253
259
235
307
302
356
353
338
392
401
472
428
477
467
540
573
585
595
547
501
445
460
457
471
424
403
402
359
291
253
224
177
172
122
87
39
-52
-127
-176
-210
-261
-364
-450
-581
-624
-645
-709
-729
-765
-814
-794
-740
-692
-690
-600
-538
-515
-484
-503
-502
-454
-373
-372
-369
-342
-303
-259
-232
-239
-221
-119
-28
47
107
149
161
171
202
254
263
330
439
539
580
492
497
484
514
484
486
510
464
424
379
349
339
252
226
229
239
156
89
17
-9
-85
-156
-168
-241
-256
-273
-314
-392
-429
-408
-507
-561
-537
-506
-458
-394
-356
-288
-289
-268
-182
-101
-53
-43
-65
-81
14
68
148
123
157
192
217
221
211
209
255
276
226
223
185
229
211
193
178
246
223
185
273
300
369
364
350
395
365
341
264
235
214
217
197
166
119
81
101
113
61
-2
20
22
-9
-9
-104
-241
-238
-254
-258
-267
-265
-263
-297
-277
-229
-245
-228
-286
-216
-191
-158
-94
-68
-51
-89
-82
-100
-46
-6
47
78
4
-21
49
62
73
88
28
26
48
43
10
-12
-1
59
72
118
78
68
59
4
-35
-57
-44
-25
-34
-87
-78
-133
-196
-208
-203
-143
-83
-70
-75
-116
-218
-252
-275
-257
-247
-206
-153
-228
-164
-115
-115
-106
-68
-42
-42
7
46
83
67
-12
19
96
126
134
148
217
260
228
187
206
243
290
330
306
234
190
117
134
181
242
231
219
233
209
175
134
194
203
231
231
193
130
59
50
65
23
1
-53
-36
1
-37
-38
-45
-60
-100
-131
-110
-95
-172
-182
-241
-302
-332
-232
-150
-99
-64
-75
-154
-174
-201
-189
-169
-126
-135
-120
-81
-78
-94
-127
-82
-28
30
30
49
45
17
-23
-17
-9
-27
-60
-46
21
44
-41
-66
-29
-21
-26
1
20
51
105
67
33
40
37
28
3
-59
7
51
28
-35
-74
-73
-44
-22
-27
-24
-47
-22
-85
-123
-95
-35
-68
-21
-11
-25
-39
-12
29
55
126
107
147
175
167
155
112
165
199
184
173
169
198
154
69
-37
-41
21
87
127
108
67
32
21
-61
-65
-79
-142
-107
-26
-9
11
54
12
27
14
4
33
78
106
154
222
236
232
151
82
44
18
6
-1
-35
-35
-35
-48
-114
-180
-167
-158
-85
-41
-19
18
42
20
64
19
3
-1
-35
-56
-11
7
20
-17
-47
-52
-75
-100
-110
-103
-124
-140
-143
-185
-227
-258
-251
-229
-260
-266
-287
-251
-285
-255
-252
-272
-271
-224
-217
-198
-182
-159
-84
-89
-74
0
93
71
92
127
187
208
240
269
212
145
97
105
75
40
52
49
129
207
157
124
128
144
116
186
241
264
214
222
287
258
204
132
128
174
162
163
128
47
25
-12
6
7
62
79
58
35
-22
-56
-69
-60
-106
-97
-91
-74
-70
-100
-131
-114
-73
-71
-102
-106
-49
-15
31
19
-12
-72
-56
-8
7
59
74
100
135
148
100
69
91
101
120
108
78
94
91
50
69
82
36
33
77
30
70
90
40
17
17
12
-15
19
38
58
61
8
-48
-31
-26
-32
-42
-73
-70
-114
-132
-112
-134
-177
-192
-212
-252
-268
-233
-203
-243
-201
-158
-168
-221
-255
-268
-268
-288
-291
-232
-189
-157
-155
-162
-125
-41
-18
-40
-36
45
158
182
224
226
222
233
221
164
151
162
202
237
293
234
189
179
78
128
170
180
216
212
217
134
107
72
84
73
71
84
21
-39
-31
-28
-76
-96
-107
-103
-85
-59
-54
1
9
-41
-124
-149
-136
-182
-167
-179
-161
-112
-129
-121
-128
-162
-175
-144
-120
-85
-34
-45
-43
-94
-93
-111
-154
-180
-185
-111
-65
0
25
37
18
61
54
26
63
101
82
46
61
39
59
103
81
72
77
100
80
67
102
87
55
74
28
22
51
33
54
83
89
88
86
35
66
97
126
101
109
150
129
110
131
186
143
128
94
66
71
50
124
127
116
72
39
16
17
27
22
25
-33
-75
-72
-66
-84
-97
-95
-36
-17
21
-4
-63
-80
-78
-103
-84
5
0
-5
-12
-11
-51
-82
-59
-59
-55
-41
-136
-201
-191
-170
-158
-138
-98
-61
-43
-55
-122
-142
-124
-91
-52
-32
5
-5
27
-48
-97
-116
-99
-50
-19
-46
-53
-8
28
64
88
98
90
108
89
67
75
55
87
80
76
87
132
192
172
176
109
99
140
116
114
135
90
114
155
160
108
45
34
37
6
-2
29
-81
-126
-134
-162
-156
-161
-182
-215
-153
-195
-211
-228
-187
-146
-127
-62
-60
-8
-3
15
15
-12
-27
8
2
35
52
49
114
128
125
87
15
-19
-15
9
48
52
75
76
68
91
79
9
-1
22
38
35
21
8
-32
-60
-66
-69
-119
-59
22
28
47
73
28
-4
-17
-4
-9
-21
-46
1
3
19
32
43
49
-4
-118
-138
-102
-49
13
42
55
16
-4
-28
-33
-35
-4
8
65
77
56
57
54
80
139
160
100
82
50
37
60
26
-7
41
24
-24
-70
-92
-38
-4
-11
-11
-9
16
94
81
87
30
-45
-88
-77
-56
-73
-106
-111
-115
-91
-41
-61
-86
-80
-68
-101
-148
-216
-202
-242
-207
-152
-86
-53
-1
-9
-58
-78
-104
-170
-145
-99
-64
-69
-64
-20
-47
-7
16
43
130
156
176
200
193
174
166
148
103
88
119
144
122
140
89
72
33
92
107
157
136
96
78
70
74
78
57
27
33
-8
16
-33
-36
-28
-52
-47
-4
-19
-43
-31
-21
-57
-117
-111
-75
-29
-30
-62
-140
-175
-140
-110
-115
-106
-123
-89
-41
-32
15
66
90
62
41
14
50
107
144
175
164
119
136
151
158
162
144
155
188
213
209
230
211
176
160
106
93
85
67
122
122
140
120
71
9
-48
-52
-20
36
-25
-25
-12
-29
-89
-154
-230
-219
-216
-202
-180
-212
-237
-264
-201
-207
-222
-195
-216
-212
-156
-190
-220
-277
-150
-143
-126
-60
-76
4
-8
54
15
33
20
2
-19
-41
-19
1
-1
52
60
44
80
32
69
126
148
160
196
167
122
165
127
51
59
66
83
131
145
165
153
133
86
10
30
52
40
67
88
46
-5
-103
-167
-231
-198
-186
-146
-117
-190
-215
-250
-238
-245
-242
-201
-173
-146
-111
-120
-105
-114
-98
-52
-9
-6
-5
-26
-6
6
-33
-64
-29
5
34
17
72
118
113
129
117
83
48
70
100
98
143
149
148
100
127
144
174
166
119
153
190
170
207
174
121
70
54
43
29
23
12
45
0
-37
-63
-70
-96
-77
-107
-95
-49
-11
12
67
50
8
-9
-28
25
87
112
124
119
97
114
68
-13
-71
-74
-7
39
-9
-26
-6
19
46
18
-11
-34
-27
-24
-36
-63
-101
-120
-97
-71
-50
-98
-109
-76
-50
-31
-61
-58
-116
-155
-177
-177
-126
-73
-52
-75
-79
-84
-77
-82
-80
-99
-56
-78
-92
-117
-120
-64
-102
-80
-45
-14
21
75
131
187
232
234
202
186
144
143
233
212
233
220
210
173
166
157
170
121
113
156
155
167
123
105
153
108
107
84
47
16
-33
-58
-116
-128
-111
-96
-129
-132
-155
-173
-168
-150
-125
-131
-165
-153
-149
-174
-182
-193
-179
-215
-195
-177
-207
-213
-186
-180
-171
-158
-214
-198
-147
-82
-48
-37
-41
8
45
92
127
94
93
101
77
80
134
144
171
164
127
154
149
130
184
170
138
73
44
49
53
57
32
12
34
50
55
37
24
19
16
63
68
72
50
46
54
55
43
36
38
26
9
26
26
42
32
-23
-35
-48
-88
-114
-97
-89
-120
-103
-117
-135
-153
-135
-103
-88
-25
-22
-6
3
17
30
53
37
108
58
79
132
119
111
61
119
123
131
130
105
73
54
43
50
49
11
-5
-38
20
14
-31
-27
-10
11
47
40
-24
5
-7
4
-4
-12
-32
39
93
113
136
103
63
17
5
-11
-13
14
34
-19
-45
-71
-55
-62
-55
-61
-117
-110
-115
-155
-154
-94
-103
-95
-101
-168
-219
-214
-247
-241
-213
-213
-178
-183
-207
-223
-229
-259
-225
-198
-139
-124
-110
-131
-169
-192
-191
-177
-124
-93
-67
-24
35
69
64
89
119
155
180
223
198
163
106
186
184
169
173
200
190
135
169
149
172
165
150
140
166
123
109
125
132
121
150
143
142
148
180
167
168
148
86
45
23
29
-18
-25
32
81
66
34
5
-30
-73
-38
-61
-120
-133
-143
-107
-103
-95
-88
-97
-96
-77
-64
-79
-21
-20
6
-3
16
48
109
149
152
202
224
216
205
108
85
54
50
70
122
157
124
138
120
138
155
118
143
132
135
136
130
107
113
133
107
78
37
6
-15
-11
0
-17
-14
-11
-93
-121
-166
-139
-179
-189
-144
-173
-196
-220
-212
-219
-230
-267
-276
-279
-280
-283
-253
-193
-184
-158
-175
-130
-150
-218
-183
-179
-172
-156
-102
-162
-167
-133
-98
-70
-99
-85
-73
-33
-43
-70
-64
-52
-9
8
45
63
106
68
84
95
40
41
110
131
123
129
47
45
-19
-68
-28
-31
31
67
60
79
78
26
20
19
13
28
26
20
20
-10
-62
-93
-107
-84
-51
-73
-47
22
59
77
114
76
66
50
61
93
103
144
116
152
119
94
68
25
8
-4
-16
-15
-21
-7
12
17
21
29
51
45
76
102
85
123
74
63
92
58
86
123
146
97
121
116
105
86
81
90
111
103
124
118
141
135
150
144
67
24
20
17
-15
2
11
49
28
43
61
49
38
-27
-13
-22
-44
-55
-32
23
2
-14
6
-59
-92
-117
-137
-126
-97
-105
-145
-103
-125
-116
-144
-193
-215
-198
-141
-138
-156
-186
-163
-116
-116
-88
-69
-13
29
51
27
15
24
-22
-21
-7
-40
-52
16
8
32
39
58
65
76
19
38
-6
-23
-51
-74
-44
-8
19
59
75
27
40
4
-14
-3
35
53
52
-19
-21
-38
-60
-50
-30
19
1
41
6
-17
2
-41
-119
-124
-102
-72
-62
-64
-21
-23
-51
-44
-70
-95
-98
-105
-32
36
35
64
117
87
61
122
155
147
106
108
104
52
51
34
39
107
139
127
98
71
57
49
50
91
79
85
88
106
43
-19
-1
6
20
27
1
5
13
27
40
-43
-94
-115
-95
-112
-169
-148
-161
-56
-53
-151
-117
-82
-78
-73
-123
-108
-100
-165
-162
-57
2
93
118
72
63
-1
-15
-3
7
31
61
92
102
167
123
77
58
15
65
87
63
106
107
61
66
60
71
67
60
60
93
63
40
36
60
108
104
96
83
34
6
30
34
43
37
61
61
38
14
63
52
36
5
0
17
8
24
-50
-23
-17
-21
-20
-18
-36
-35
-61
-37
-42
-89
-57
-122
-145
-134
-144
-122
-132
-165
-181
-181
-146
-170
-212
-232
-226
-194
-179
-177
-148
-142
-174
-134
-154
-170
-154
-155
-125
-86
-123
-103
-67
0
45
20
-34
-10
6
65
43
45
111
88
63
31
27
55
101
94
81
64
42
7
17
11
52
54
86
103
94
106
84
77
66
92
108
71
83
79
85
99
73
51
32
104
104
95
84
72
70
86
106
125
130
121
82
13
-4
1
23
23
47
69
83
87
109
103
69
97
75
-2
0
66
54
35
24
74
73
48
97
67
24
-5
-40
-56
-55
-46
-27
-59
-39
24
22
-38
