18
30
85
73
-46
-118
-98
103
159
178
199
148
265
284
104
9
44
285
305
215
335
247
216
124
0
-45
26
94
49
138
216
367
410
169
-24
-91
-24
-5
-79
128
106
-36
98
-55
-175
-138
-78
31
70
74
1
-10
38
-126
-131
-155
-62
22
125
199
113
124
40
78
-61
-51
44
140
312
330
151
29
36
88
166
10
36
-211
-222
-316
-394
-164
-59
-8
-22
-110
-180
-188
-208
-188
-229
-296
-332
-262
-191
-199
-178
-205
-210
-194
-157
-94
-75
-116
-69
-178
-290
-140
-90
-53
104
65
-113
-45
-293
-417
-169
-6
145
271
183
39
-92
-149
-126
-128
50
270
278
245
159
94
119
-16
4
68
0
28
82
-7
-97
-28
-74
-24
76
41
126
81
49
-99
-29
-45
-10
-87
61
114
-35
31
-79
-75
-101
100
143
311
523
426
310
258
248
232
209
411
462
303
81
-1
-83
45
180
66
89
23
-21
-137
-138
-143
-63
62
10
-165
-117
-35
-125
-32
64
3
38
-8
-25
7
75
8
40
127
130
132
98
142
41
-53
0
186
158
145
65
-258
-272
-204
-162
-50
-30
75
121
-18
-46
-105
-214
-227
-210
-80
60
10
136
60
52
-40
-8
-12
-23
-13
-16
42
27
-8
-240
-243
-257
-179
-233
-248
-254
-260
-214
-253
-231
-186
-246
-150
-103
-56
16
74
131
159
67
143
156
32
106
134
80
71
52
36
89
161
299
293
304
251
173
84
48
-36
-24
-13
93
-98
-192
-98
19
101
157
100
96
196
113
-157
-191
-142
-91
-78
-54
1
-158
-27
4
-56
-100
-94
-213
-209
-202
-220
-229
22
147
117
41
-126
-11
-90
-121
-82
-100
36
133
177
146
159
130
107
137
141
18
-70
67
121
155
150
35
-95
-123
-69
-144
-189
-147
-24
-9
-14
18
28
88
146
5
-96
18
19
-12
65
117
211
204
50
-109
-131
-128
-189
-1
33
45
86
66
-20
-36
-57
-287
-265
-154
-142
-88
-64
116
44
-46
-124
-107
-39
17
121
171
240
-75
-20
106
51
57
0
-109
-153
-272
-142
-80
13
-112
-146
-104
-174
92
130
196
121
93
12
-237
-311
-313
-277
-123
-75
-23
137
261
308
306
222
291
336
445
382
274
370
377
245
56
18
59
183
150
49
-123
-189
-154
87
125
165
74
-170
-272
-339
-238
60
285
178
5
-65
-63
-51
-153
-51
4
17
152
72
86
194
175
-19
-37
-94
-149
-24
144
335
228
210
30
55
45
-95
-202
-305
-380
-397
-382
-395
-199
2
-81
-131
-53
9
13
62
-1
-118
-80
-155
-18
124
17
-25
-73
-166
-239
-251
-165
-110
-60
-136
-85
-229
-277
-115
-135
-130
-125
-156
-325
-261
-139
-103
-20
47
46
74
218
312
333
249
70
48
95
154
42
14
-169
-69
37
95
105
59
121
328
247
234
259
304
289
187
112
-49
-291
-283
-203
-54
-124
-39
73
251
343
226
238
339
140
77
154
-46
-1
-41
17
96
236
143
69
-71
-120
-67
75
252
152
133
127
7
-197
-128
-59
-22
173
242
321
213
192
235
79
56
270
220
63
16
-84
-50
49
124
-73
-73
51
8
-128
-65
9
91
-34
-32
-170
-353
-135
-153
-127
-53
-187
-253
-320
-270
-291
-230
-221
-99
101
-6
-199
-272
-274
-229
-170
-60
-62
-176
-469
-397
-440
-420
-317
-211
-109
25
144
220
174
3
-56
-113
-44
-51
-197
-240
-234
-238
-159
-138
-121
-78
74
137
186
211
82
47
97
111
70
-71
28
57
173
110
30
-7
33
159
-49
61
112
119
-58
51
79
61
215
193
153
59
-32
57
195
181
155
76
157
276
261
226
190
135
79
50
-112
-165
-122
52
86
-63
-151
-132
-36
-69
-37
-133
-107
16
93
202
42
70
95
149
188
168
54
126
135
130
155
-26
42
-29
-78
76
185
171
128
175
-65
-231
-126
71
134
193
200
176
217
150
-9
-190
-235
-161
-51
-110
-29
-2
128
-54
-26
-99
-125
-105
19
93
56
189
90
-48
-21
-18
-171
-102
-120
-236
-263
-199
-149
-107
-102
-85
-49
57
107
159
211
1
-70
-143
-142
-152
-210
-102
-126
59
176
226
143
46
57
-63
-85
-100
-151
-45
-53
-46
110
60
39
82
179
120
109
248
215
237
141
58
91
92
66
43
82
-13
-6
-65
-47
130
166
220
89
101
114
20
-66
-64
-41
-127
-175
-94
37
-7
-130
-220
-344
-298
-190
-52
-12
-46
-135
-200
-131
-275
-310
-360
-182
18
94
129
-81
-79
-11
-41
-205
-267
-173
-322
-236
-184
-254
-271
-258
-236
-195
-41
44
86
201
389
259
94
16
-233
-293
-90
62
27
201
193
190
109
199
27
197
186
-46
117
88
141
32
27
13
-3
-62
-63
-54
-130
-94
-49
0
57
130
105
94
95
109
183
156
0
-89
46
135
174
147
98
19
79
-38
58
-42
-137
-81
-12
-21
-48
-60
19
48
-8
50
-119
-108
-58
-70
-95
-24
27
325
303
182
164
53
13
36
-83
20
40
211
251
244
225
61
83
125
48
88
84
-47
-163
-177
-267
-404
-228
-245
-282
-135
-119
-203
-251
-168
-189
-73
127
299
373
203
208
128
117
65
-27
-10
86
167
163
41
9
215
204
272
320
264
307
150
87
68
-113
-189
-183
-103
-48
-24
-62
-29
71
87
138
284
168
94
129
84
44
-41
36
16
77
199
78
-43
-68
-78
-105
-176
68
74
-40
-110
-199
-184
-361
-278
-261
-196
-125
-66
-142
-171
-153
-165
-189
-78
-12
109
123
92
48
4
-53
-244
-286
-167
-316
-346
-194
-92
-6
-152
-223
-175
-26
-22
5
-73
14
25
-15
199
6
-60
27
-80
-46
31
199
232
221
301
275
135
99
120
122
185
161
131
-37
-97
-175
-287
-252
-204
-112
-43
-27
2
-71
-43
-155
-36
26
57
25
-82
70
39
229
229
283
269
173
3
-217
-249
-186
-44
-9
-74
-111
-24
-31
0
-64
-45
-62
58
0
-235
-228
-180
-129
-37
63
-68
11
91
-30
13
14
8
50
137
28
-35
154
234
212
242
353
308
183
52
-44
-34
-43
-64
-154
-104
58
119
185
72
96
120
8
-16
-32
-96
-40
58
175
-5
-21
-94
61
58
-10
93
22
-3
-64
-71
59
110
44
6
76
232
75
34
-116
-232
-182
-225
-269
-106
0
101
-52
10
31
3
181
111
91
75
122
103
10
-29
-73
3
152
211
119
-24
-194
-151
-69
-55
-110
-301
-270
-169
-150
-112
-164
-164
-171
-408
-544
-671
-689
-391
-83
75
124
230
149
151
97
27
-30
-113
-89
3
73
233
209
212
149
-79
-107
-89
19
327
284
293
333
275
309
241
184
51
10
19
-2
62
129
197
274
228
247
309
186
170
192
130
112
144
17
16
196
257
302
182
-59
-52
-41
29
-129
-247
-291
-359
-316
-178
34
192
118
117
219
158
199
35
-52
79
277
260
162
44
9
12
-113
-59
-85
-167
-115
-49
22
43
36
-84
-226
-147
-184
-36
-53
-32
-43
-99
-230
-212
-138
-160
-93
-348
-229
-139
-93
-168
-242
-153
-98
100
82
39
-142
-132
-76
-25
28
-75
-317
-269
-49
-54
-156
-213
-150
12
46
-49
-155
-166
-6
-8
-15
46
38
77
107
192
260
39
44
96
10
-183
-358
-362
-328
-148
-103
115
307
529
377
164
-35
-205
-250
-366
-256
-191
-41
57
-68
-179
-209
-160
-182
-209
-141
-103
20
135
237
252
109
139
143
116
22
-91
64
47
80
134
105
110
144
57
211
300
317
97
-61
-191
-214
-48
0
100
171
171
258
187
204
300
243
197
62
84
-30
-170
-195
-221
-68
-130
-190
-68
37
7
121
127
237
310
95
13
-47
10
148
25
-158
-45
41
80
155
173
41
96
125
415
267
232
195
44
163
293
310
222
88
115
197
84
-68
-152
-8
-29
-97
-7
-11
-93
-4
-96
-73
-201
-150
-91
-65
-211
-151
-182
-178
-90
-119
-265
-348
-137
-260
-292
-156
-153
15
112
113
134
-3
14
-41
7
-55
-75
-121
-69
1
-23
7
48
26
43
114
133
-4
-50
-108
-38
-33
187
142
-94
40
61
80
-109
-47
-142
-273
-185
-146
-16
56
101
52
-158
-251
-306
-370
-213
-51
-124
-122
41
2
-89
-114
-187
-158
-53
-45
-101
-67
116
98
112
-86
-150
-309
-266
-137
-15
180
218
277
70
12
-98
-178
-253
-196
-11
117
254
302
267
105
191
300
226
220
282
161
32
29
11
163
185
280
239
213
234
210
105
169
-2
163
122
168
-53
-310
-141
-11
69
-9
-60
-158
-76
-15
42
94
142
264
366
236
193
148
205
116
-17
-29
18
127
136
167
43
62
47
-100
-283
-282
-314
-148
-107
-165
-117
-151
-110
-114
-206
-162
-107
-240
-131
-173
-84
-28
-95
-75
-185
-197
-78
-48
40
31
-26
72
-49
38
83
-58
-59
-8
57
-7
-61
-92
-186
-221
-209
-208
-125
-67
-187
-155
-223
-180
-88
-56
-5
-18
158
175
205
271
312
112
58
46
-101
-130
-23
-11
-105
-59
12
61
66
40
82
114
217
251
9
-189
-281
-204
-126
-95
-132
-115
29
14
207
314
297
267
374
377
271
31
-122
-93
-91
-51
102
216
181
115
44
-50
64
-22
-109
-201
-221
-194
-226
-157
-188
-158
-116
-191
-155
-107
-44
-126
-64
78
34
-21
-108
-91
-69
42
211
233
98
69
-11
36
66
122
125
101
132
182
47
-57
4
-54
95
178
250
272
290
281
140
-20
-90
-7
23
37
-3
95
35
-133
-93
-16
107
295
267
217
228
212
7
-99
-152
-214
-156
24
122
95
102
11
-10
-121
-101
2
81
4
154
53
-3
193
225
206
-66
7
37
-46
-110
-160
-228
-206
-114
-67
-95
-67
220
228
120
46
-56
-24
93
155
227
245
125
39
-121
-103
-72
-112
-93
-96
-91
-264
-382
-388
-261
-161
55
114
179
169
-68
-266
-199
-284
-415
-253
-293
-254
-313
-177
-38
-154
-2
116
-66
-79
-124
-137
-130
-97
-80
-99
-35
-60
65
158
-43
-59
-79
-236
-289
-359
-339
-107
30
-23
-42
-134
-102
-6
-13
-93
-167
-174
-157
-81
71
136
-16
144
86
-53
-104
-206
-84
10
86
26
-20
83
206
227
193
123
22
113
195
204
245
320
309
183
180
231
254
310
219
147
6
84
79
161
162
32
123
291
337
260
78
156
162
171
272
126
106
111
58
56
93
68
-50
-108
-241
-252
-225
-33
5
23
161
157
139
110
183
64
-64
-49
4
-57
-141
-182
11
102
152
329
135
83
6
41
46
72
221
168
129
112
-117
-104
-201
-259
-314
-266
-190
-183
-176
-194
-41
-14
-175
-591
-341
-198
-69
99
-43
0
-146
-110
-95
-27
-319
-318
-141
-126
-175
91
81
-46
201
115
58
-1
-65
-261
-188
-27
-109
-24
98
-36
-149
-157
-133
-138
-137
-79
59
106
168
160
62
133
125
219
326
145
223
169
174
141
102
296
264
206
144
36
14
-29
-55
1
-143
-161
-165
-177
-161
-123
93
193
38
-103
-152
-156
-2
-10
61
123
75
107
134
127
113
64
130
83
127
140
53
62
147
244
151
71
52
70
59
65
30
194
35
-99
-144
-97
-121
-55
55
-8
19
-68
-105
-195
-92
-37
-114
-191
-161
-155
-151
-93
-207
-207
-116
29
5
-57
-28
4
1
-133
-293
-410
-419
-299
-229
-190
-123
-71
-44
-116
-163
-99
35
-40
-62
-118
-109
-33
21
140
83
62
40
-92
-184
-198
-123
95
150
122
147
106
49
33
-27
38
21
-184
-132
18
-89
-35
134
-40
-32
121
200
152
173
337
327
346
487
489
339
152
80
-81
15
-41
43
105
122
114
31
-71
-4
23
180
332
146
186
33
126
49
46
129
139
82
65
31
-7
-39
-146
-187
-133
-199
-105
24
-22
85
137
297
235
109
5
-184
-213
-72
-58
-126
7
-80
-94
-169
-157
-136
-26
57
186
106
-16
123
102
153
-103
-191
-76
101
46
47
47
-1
-45
-186
-287
-485
-526
-504
-331
-241
-218
-2
70
171
36
-84
2
-67
24
-102
-135
-165
-35
26
-4
-28
-73
44
4
21
133
173
12
51
-55
125
236
215
13
-81
0
-15
-86
-252
-151
-79
-107
-207
-249
-240
-96
113
186
117
-3
39
-8
-57
-127
-80
38
153
213
118
133
196
163
80
44
200
129
129
200
84
48
-101
-101
-168
-111
-76
36
1
121
151
128
143
223
302
272
314
318
172
38
102
145
387
256
284
233
9
119
70
-43
-153
-36
61
100
117
71
-66
54
-45
-147
-133
-192
32
42
52
58
-9
-116
-35
-168
-130
-90
-4
171
231
219
216
38
-95
-220
-421
-460
-386
-295
-180
-312
-458
-332
-354
-250
-322
-297
-259
-198
-181
-199
-270
-182
-169
12
99
10
60
-24
-14
46
146
91
-40
-110
-106
-28
3
195
221
101
68
-139
-106
56
129
207
-66
-89
-87
-206
-157
-145
-11
14
-23
-89
-159
23
190
147
213
79
55
-78
-27
44
42
-27
-17
88
71
73
-33
61
200
114
34
-47
-231
-203
-112
-74
-83
-45
-10
32
120
163
253
362
558
512
323
237
229
142
195
240
154
172
306
356
380
306
146
62
60
12
25
9
77
90
18
-71
-231
-262
-242
-124
-22
29
20
61
-7
-48
-219
-336
-304
-18
245
445
179
99
7
-214
-268
-328
-343
-388
-244
-65
9
5
59
7
-126
-170
-243
-359
-194
-31
-161
-67
-15
-76
-92
-137
-258
-385
-179
97
72
224
177
210
230
263
222
174
174
125
73
-115
-156
-60
-50
21
43
56
-92
-146
-146
-147
-177
-87
152
201
294
137
114
20
-58
58
-90
-90
-154
-98
-9
-59
81
163
214
282
228
92
-2
55
26
118
171
99
-78
-165
-46
-40
54
17
-35
51
-14
-159
-156
-214
-108
-94
-108
-93
-119
-211
-269
-201
-216
-195
-276
-156
38
106
170
155
99
106
-110
-210
-191
4
181
153
122
130
231
198
77
34
-58
-45
70
242
156
138
220
153
62
83
159
152
178
145
63
-26
-194
-246
-224
-166
-248
-198
-88
-46
99
190
187
98
-20
-133
-175
-46
26
-96
23
34
-3
-31
-70
27
116
156
232
210
124
-55
-180
-325
-448
-294
-297
-357
-26
21
44
-14
10
212
229
78
-26
30
59
21
84
88
138
-82
-65
-29
-54
-71
-61
149
104
113
266
210
118
161
211
88
-100
-222
-271
-282
-295
-185
-69
-33
-2
-102
-115
-95
-19
-1
19
37
8
75
85
55
30
-3
-24
111
304
249
128
15
-4
169
-2
125
200
225
317
264
82
46
63
-38
-31
-86
36
26
-76
40
85
-24
0
-12
-32
-105
-187
-108
-87
-186
-80
-42
36
21
-6
20
-57
53
46
-69
-68
-166
-342
-448
-416
-265
-50
9
-54
-94
-84
-120
-208
-116
-196
-233
-144
-123
-293
-345
-25
209
293
318
135
-18
11
-52
-124
-33
180
299
313
65
-122
-73
20
-60
-123
43
12
-49
-31
61
102
158
91
25
8
-25
-110
-31
184
195
136
109
106
68
134
175
261
385
403
264
132
35
55
-89
-96
68
99
32
94
49
91
63
13
-4
-36
-92
-194
-55
-49
-46
-73
45
79
90
37
106
44
58
126
13
-70
-10
51
113
134
119
86
82
135
177
149
57
157
146
122
201
192
78
-25
-41
41
41
105
118
15
114
61
-15
-186
-95
-157
-170
-56
-58
-50
6
0
-178
-268
-345
-447
-378
-248
-217
-138
-135
-159
-71
-171
-222
-247
-246
-203
-325
-246
-137
-150
-356
-220
99
69
112
194
129
-4
-25
-242
-455
-468
-308
-222
-138
-81
-110
-23
-137
-243
-328
-270
-137
-171
-122
-32
36
7
-49
-19
92
214
159
203
161
86
-31
-5
88
238
274
368
259
206
223
180
210
263
113
-33
-73
-132
-162
-65
135
305
409
237
178
-28
-85
-103
-48
24
67
98
111
83
212
313
422
414
240
37
-171
-148
-85
-52
303
412
263
331
154
148
236
31
5
35
30
33
-46
-274
-331
-263
-211
-38
-147
43
-135
483
-8
1691
-214
2073
-409
913
146
-788
1057
-1515
1560
-1550
878
-1425
-1014
-963
-1559
-510
-1801
-261
-1456
-633
-907
-1458
-40
-1679
777
-462
1220
757
985
1560
606
1262
968
2200
1682
2791
1345
2410
1265
1382
1264
696
888
359
392
-427
-428
-893
-1166
-1369
-2215
-1748
-2590
-1716
-2216
-2171
-2209
-2892
-1989
-2788
-1597
-2249
-896
-913
-718
42
-425
1069
204
1696
934
2359
2409
2805
3435
2687
3390
2149
2724
1843
1970
1787
1108
1022
343
415
-122
-410
-592
-1118
-486
-1398
-584
-1805
-540
-1141
-1101
-51
-2920
876
-3177
796
-2323
-733
-1504
-2520
-981
-3714
-1343
-3871
-2077
-3505
-3425
-2946
-3598
280
-3637
1911
-2322
-124
1479
-1527
5143
-519
6923
1770
6236
3746
3446
6206
2995
6347
3512
4976
3678
3729
2563
1512
1748
-324
632
-612
-813
-1182
-1834
-2528
-3376
-3535
-4358
-3323
-3688
-3229
-2924
-1782
-1857
-601
-2255
-809
-2144
-552
-1269
-383
-369
-347
-819
-1489
-2541
-2164
-2752
-2207
-2626
-2707
-2644
-568
-920
-869
883
-2712
2726
-1022
3162
2280
3849
4741
3920
5591
2672
5276
5154
4624
6299
4165
5115
4455
3339
2220
1474
1012
-578
479
-2031
-1030
-2994
-2142
-4443
-4282
-4850
-4811
-3619
-4806
-2184
-3808
-1337
-2454
-2790
-1166
-3661
-52
-2261
400
-1854
156
-1956
-2131
-2403
-3690
-1390
-3325
-1071
-2681
-2078
-946
-771
-840
1318
-1911
2874
1174
2884
3933
3877
5370
4046
6146
4121
5460
7352
4844
7719
5413
4642
5462
2744
2456
809
1127
-1297
694
-2457
-1828
-4031
-3485
-5482
-5041
-5675
-3888
-4134
-2438
-4405
-3703
-3370
-4505
-2036
-4154
-961
-3878
-50
-3217
-1946
-2911
-2923
-2602
-2967
-2843
-2916
-1835
-2311
-1930
-989
149
750
2112
2298
1619
4050
3306
5270
4706
6210
5457
6607
7204
4402
8679
5106
7378
6315
4958
4441
3257
2976
301
1630
-1837
-745
-1808
-3709
-3901
-5230
-3718
-5756
-4104
-5965
-5944
-4370
-6615
-3510
-6353
-2744
-5181
-2288
-3705
-3722
-2454
-3432
-1848
-3266
-1761
-3271
-1460
-1863
-2277
-350
-2237
1006
-801
2232
1432
2312
4172
1369
5798
1849
6840
3909
7521
5566
6655
7704
5782
7949
5759
6808
5207
5448
3503
3184
2376
429
854
-1361
-1359
-2203
-2841
-2657
-4952
-3681
-6398
-4939
-6517
-5760
-5821
-6001
-4983
-6210
-4607
-5744
-4466
-4240
-3932
-3688
-3586
-3123
-3102
-2583
-2646
-2345
-1888
-1468
-488
-251
1058
836
2919
2004
3987
2798
4166
4860
4328
7258
5070
8628
5985
8353
6618
6707
6916
5732
6606
4814
5258
3264
3277
1422
367
-41
-1659
-1474
-1962
-3027
-3456
-4627
-5544
-6089
-6890
-7042
-7211
-7269
-7534
-7187
-7578
-6977
-6986
-6179
-5538
-5447
-4324
-4420
-3737
-3260
-2979
-2281
-1841
-881
-605
787
582
1770
1467
2915
3729
3441
6241
3627
7161
5577
7391
7228
7362
8239
7121
8653
6607
7346
6463
6026
5393
4907
3739
3015
2375
909
325
-382
-1322
-1537
-1935
-3015
-3403
-4568
-5244
-5815
-6402
-6397
-7123
-6512
-7305
-6994
-7260
-6930
-6719
-6049
-5468
-5435
-4363
-4701
-3970
-3736
-3228
-2603
-2660
-990
-1255
627
450
1522
1937
1943
3568
3513
5446
5486
5512
6809
6073
7391
7223
7588
8113
7476
8256
6652
7106
5817
5686
5393
4600
4280
3023
2795
1079
687
-292
-1399
-584
-2587
-2177
-4592
-4875
-5972
-7335
-6688
-8466
-6934
-8185
-6951
-7901
-7497
-7414
-7317
-5896
-6101
-5232
-5049
-4291
-4157
-3843
-3028
-2980
-1624
-1006
74
417
1307
2247
2052
3462
2531
3760
4649
4816
6102
5877
5636
6210
5872
6774
6576
7094
7220
7096
7419
6508
6579
6011
5917
5287
4736
4115
2963
2798
1030
636
-814
-1230
-1876
-3347
-3185
-6045
-4846
-7327
-6281
-7762
-7913
-7505
-8120
-6931
-8446
-6990
-7542
-6557
-5489
-5766
-4277
-4642
-3265
-3443
-2821
-2184
-1834
162
-59
2280
1047
2867
2345
3098
2858
3453
4079
3922
5729
4807
6214
5611
5474
6058
5171
5965
5654
6681
6240
6361
6635
5703
6069
5253
4867
4866
4091
3773
2836
1717
858
-144
-682
-1520
-2197
-3041
-3145
-5249
-4478
-7225
-6561
-7981
-7586
-7607
-7664
-6582
-7804
-5670
-7540
-5657
-4921
-5798
-3360
-4381
-2927
-3592
-935
-2666
-583
219
25
2320
1766
3600
2308
4437
3159
4717
3828
4444
4712
3908
5098
4835
5239
5732
5532
5529
5388
4967
5304
4961
5206
4285
5158
4089
4593
4112
3168
3533
2560
2231
1217
656
24
-1039
-1570
-1817
-2969
-2647
-3947
-4490
-5335
-6154
-6883
-6646
-6685
-7278
-6414
-6876
-7336
-6275
-5843
-5623
-3485
-3520
-3730
-2415
-3636
-1179
-2303
552
-405
1078
2255
671
3531
1902
3561
3166
4035
3753
3702
4093
3663
3645
3986
3276
4122
4055
4082
3714
3291
2591
2690
2414
2149
2243
2102
1974
2008
1945
1283
1726
1239
1810
1176
1104
437
326
-302
-604
-1380
-918
-1826
-1915
-2931
-4460
-3999
-5748
-4238
-5857
-4029
-5077
-4461
-4155
-3241
-3855
-1614
-1863
-1873
-530
-1897
-161
-742
340
383
762
1865
571
2757
2260
2143
3267
2478
2767
1921
2923
1713
2637
1242
2360
1326
1855
1499
1024
1046
571
757
-6
340
-848
-34
208
-475
662
75
728
687
1180
302
1559
945
1146
1667
322
1331
-131
985
-50
851
465
-777
17
-2859
-458
-3373
-936
-2655
-1830
-2313
-1584
-1579
-1923
-391
-1619
-172
-1140
-475
-1530
-870
-701
-1350
-152
-740
-168
694
-4
313
204
700
43
633
-527
517
-479
64
-280
-291
-228
-770
83
-522
-200
-933
-401
-657
11
391
-192
179
111
261
783
1020
1427
2193
1764
2438
1618
2374
1866
2811
2426
3032
2243
2577
2533
2043
1647
1627
942
982
607
-917
96
-1557
-218
-886
-383
-1071
-105
-1066
-1129
419
-2847
1293
-2003
105
-1324
-817
-1471
-2478
-898
-3619
-1087
-2704
-798
-2732
-836
-2648
-1491
-2184
-1556
-2165
-1784
-1355
-2461
-1250
-2504
-1704
-1821
-1337
-1659
-1200
-1193
-827
396
32
1151
1065
1868
1701
3031
2788
3391
4138
3430
4438
3871
4275
4381
4291
4807
4449
4491
4113
3750
3079
2982
2313
2509
1271
1376
403
-192
-215
-1293
-517
-1745
-631
-1810
-1318
-2096
-2014
-2061
-3286
-1928
-3449
-2567
-3697
-4072
-3640
-4963
-3340
-4517
-3892
-3872
-3251
-2682
-3297
-2085
-2979
-2793
-1197
-2675
-433
-1188
344
-155
877
694
1156
2396
1825
3094
2619
2770
3135
3870
3761
4556
4053
4457
4152
3933
4626
3464
4590
3383
4062
3571
3599
3624
2969
3445
1991
3045
1352
1522
1072
24
230
-273
-1118
-1072
-2289
-2051
-3055
-2911
-3214
-3530
-3643
-4222
-3349
-4993
-2519
-4881
-2767
-4584
-2989
-4796
-3288
-3685
-4304
-1944
-4654
-759
-3398
-391
-2197
91
-1580
673
-468
1418
446
2018
1180
1482
2317
2079
2582
3228
3514
3113
4279
3330
3396
2819
3547
2411
3752
3145
3194
3345
2501
2082
1974
1240
1366
956
931
637
701
434
72
111
-582
-354
-868
-620
-1665
-1410
-2107
-2034
-2315
-1994
-3156
-2137
-3557
-2481
-2903
-2531
-1539
-2706
-1004
-2481
-1069
-1937
-1351
-1189
-1449
-1265
-1137
-527
-620
-219
604
-713
1439
-495
1196
683
1896
941
1321
1835
382
2214
1525
427
1746
250
1395
-430
1456
-799
147
-293
-960
-13
-287
-97
-505
0
-925
-354
-640
-277
-1512
-364
-1539
-900
-512
-505
302
-16
872
186
1114
304
963
883
929
1788
914
1449
246
820
516
460
105
1362
-676
1415
-395
1421
358
1902
289
2146
960
1803
1160
1456
615
704
805
4
1296
-1004
539
-2126
-443
-2626
-1037
-2006
-2605
-1794
-2413
-2556
-2102
-1500
-3209
-1038
-2758
-1528
-2007
-629
-2420
263
-1873
-164
-819
-236
-919
881
-649
930
1426
737
2655
1066
2786
1024
2410
749
1681
1632
1299
2649
1181
2225
876
1863
1739
1541
2234
1973
2231
2197
2021
1077
1644
287
1109
748
246
737
-690
221
-1160
-470
-1773
-1073
-2124
-1269
-1842
-2603
-743
-3067
-1125
-2983
-1825
-4061
-1565
-3732
-2051
-2417
-1958
-2594
-1161
-2905
-565
-1217
-1203
857
-684
1268
-1093
2167
-1438
1519
633
1149
1143
1263
1252
1962
1346
2298
1515
2023
1930
2289
2203
1205
2531
1293
2695
1179
1868
442
1373
107
1035
-255
610
-868
90
-573
-468
-627
-1035
288
-1379
980
-1470
273
-1669
-278
-1868
-500
-1728
-485
-2054
-1080
-2123
-1468
-604
-1342
1040
-1391
1020
-666
1144
258
560
679
751
1041
549
300
671
-634
709
748
17
721
630
396
723
-367
357
-39
399
-235
775
-347
-395
673
-490
-97
-99
427
-1342
504
-1205
294
-1149
-302
-912
-920
-335
-1224
126
-1004
-550
-749
-1760
-1112
-1758
-240
-1779
-351
-1329
-205
-581
-310
494
-236
1842
-363
2818
178
2079
1285
1856
1355
2731
1617
1872
1965
1289
1571
1591
1561
2065
2182
1104
1042
1285
-133
980
254
253
-656
-331
-869
-1653
-1185
-1500
-1304
-1283
-774
-2057
-432
-2122
-136
-2501
-38
-2209
595
-1438
404
-727
-6
-748
-167
-871
-459
-302
-587
-489
-1317
-77
-1922
-8
-1096
-439
-534
-630
-827
41
352
-482
649
292
-376
1880
-401
1423
-378
2081
491
1830
911
1090
1489
1218
1955
816
1460
507
1556
-183
1564
-704
1157
-1029
325
27
-1535
157
-1688
199
-1451
1049
-359
115
240
47
642
171
1572
142
657
-809
1021
276
750
107
491
-540
-117
1712
-1475
1171
-1061
205
-85
267
580
-1159
749
-651
975
-615
-253
-204
-597
-350
-1325
-453
-1760
-161
-830
-1048
-1129
-926
-1269
-820
-1086
-1964
-1830
-2013
-1778
-1924
-1427
-2343
-1469
-1572
-1007
-939
-514
-371
3
1504
503
1966
375
1716
728
2677
1980
3020
1944
2871
1731
2399
2185
1794
3095
1712
3329
1637
3039
1821
2034
2340
2026
2167
1702
1831
1837
754
300
753
264
-1441
1402
-1759
-814
-1390
-1731
-2264
-839
-2989
-2380
-2813
-3132
-3281
-2741
-4360
-3182
-3431
-3418
-2763
-4001
-2758
-4233
-2476
-4071
-2133
-3054
-1537
-1707
-1656
-566
-1754
243
-331
592
836
1175
1159
2003
1902
2285
2423
3202
3289
3819
3303
4364
4304
4564
3967
5310
3177
4669
4379
4662
3412
4060
2824
2715
1996
3035
1656
1899
797
909
304
-846
414
-1308
-1093
-2374
-354
-3783
-2336
-3468
-2559
-3498
-2203
-4029
-2300
-3791
-3751
-1918
-4326
-3532
-2767
-2981
-2801
-2190
-2010
-3099
-1284
-2592
-198
-1324
-1106
67
-644
384
-4
1248
841
1591
1626
2529
2324
2161
3371
2792
2338
3705
3208
2973
3426
2678
3328
1932
2323
1905
1925
1884
2109
1807
1097
608
646
193
241
153
788
-510
95
-650
-1637
-732
-1003
-1474
-1282
-618
-2329
-436
-2600
-1110
-1675
-1901
-1071
-1698
-1163
-815
-1491
-1011
-1755
-321
-919
602
-591
978
-238
331
693
194
1976
832
2035
42
1937
-425
2719
1276
2110
1244
1689
-39
590
846
582
285
-511
540
-1196
-342
-942
-1190
-1493
-1741
-2076
-1711
-2699
-2314
-1659
-2860
-1771
-2010
-1482
-3002
-281
-2800
-1027
-1131
-2132
-333
-2093
-392
-961
573
-1169
2088
-18
2494
217
1691
1439
1701
2780
2156
3165
2000
3980
1954
4361
2817
2658
3630
2066
4152
1686
4286
105
3834
1003
1489
1948
1230
655
205
938
-2271
695
-2475
-335
-1879
-2195
-3310
-2422
-3524
-4216
-899
-5394
-2825
-4167
-4317
-3828
-4545
-3275
-5058
-1920
-5286
-1655
-4349
-2299
-3094
-1892
-1714
-1457
47
-1265
1104
175
2122
2041
2138
3702
2409
4670
2939
4855
2800
5243
3000
5430
3782
4318
4234
3895
4049
3281
4543
2985
4286
2091
3233
1100
2558
2122
1354
1734
-386
853
-592
-53
-710
-1763
-1171
-3261
-1542
-3992
-1963
-4610
-2574
-5097
-4081
-3138
-5786
-2930
-5197
-3792
-4945
-2338
-5402
-2397
-3455
-3452
-792
-2490
-562
-1417
309
-1240
1894
50
1048
2169
1295
3050
1923
3408
1821
4355
2512
4735
2579
3805
2635
4491
3358
2764
4259
1201
3915
2076
3965
1346
3006
1138
1135
1810
-795
1965
-1330
1342
-758
121
-1173
-675
-1343
-1502
-1284
-1765
-1266
-2894
-1364
-2751
-2672
-2724
-3030
-3211
-1119
-3811
-206
-2904
-1573
-2418
-1054
-1530
-1023
-1047
-960
113
-953
1565
-761
1445
-134
889
1535
1159
583
2531
2095
1311
4324
405
3573
1551
2514
1769
2517
806
1805
2310
522
2879
-564
1698
-48
905
-489
907
-919
-915
-1119
-1313
-1663
-732
-1878
-1936
-980
-1545
-1954
-1027
-2525
-2152
-574
-2309
-407
-2319
176
-1967
-162
-248
-984
1622
-1960
1608
-2041
1898
-1363
1483
-1294
1788
604
256
1954
-195
1769
935
1763
1679
2657
820
1374
604
1155
1603
1151
1873
693
876
779
505
622
1747
-247
59
170
-679
198
297
-517
-29
-448
-1045
-407
412
-1674
25
-424
-1138
-836
-1220
-1345
-2831
-702
-3258
580
-2380
-905
-475
-1822
-945
-1738
229
-2999
1707
-2166
423
-1043
-860
1107
-1998
2509
-1176
2712
-2306
2509
-1468
1565
422
-6
2427
-1130
3209
752
671
111
2465
-543
1930
2081
-629
1538
411
-523
1695
-1037
-586
643
1424
-585
3397
-467
-455
1217
-319
794
-292
2190
-351
1664
-626
1037
419
591
1067
-58
1724
-408
-69
-1418
-2009
-1889
-767
-2216
-1564
-1626
-2297
-2459
-446
-1916
-1790
-1439
-1823
-434
-2208
-797
-1732
-559
-804
-184
814
-1519
-211
629
-559
-759
766
-1483
60
587
-437
937
238
962
-242
1510
-118
1793
695
725
838
-42
2759
-1838
4046
-1519
3709
687
3105
278
2599
655
1270
2293
178
3452
122
2219
131
2304
-233
2032
945
839
1121
-732
1683
-2836
1150
-2468
-294
-2470
-1235
-2512
-2328
-2733
-2844
-948
-3985
-1748
-2697
-1559
-1977
-2022
-1982
-2167
-949
-2236
1109
-3859
1541
-2496
-350
751
-3117
707
-713
-1244
774
1582
-830
634
765
-340
2191
141
1001
1763
-502
2505
-183
2186
732
2735
1501
3191
1243
1683
2553
2051
4404
3207
2806
1901
3053
2518
2735
4062
1064
3087
442
2929
-99
1100
-536
-236
-352
-1122
-1148
-2194
-1542
-3222
-593
-3523
-3176
-2533
-2638
-3685
-1439
-4196
-2814
-3805
-2243
-2939
-1640
-2006
-2615
-1879
-1539
-1569
-2037
-2174
-1819
373
-2734
1137
-2594
-477
-2637
854
-2277
2017
-1770
-907
1044
-2048
2349
1209
1836
2665
2605
2139
1786
3639
2307
6124
2887
5527
3619
4282
4345
4826
5026
4404
5095
2388
3609
267
1311
-2
-39
117
178
-1757
-2266
-1568
-3143
-2045
-2880
-2589
-4217
-2372
-3560
-2782
-4200
-3063
-4703
-1271
-3030
-2860
-78
-5284
-876
-3545
-2184
-4481
164
-4238
-511
-768
-4502
-72
-3000
-523
-1711
841
-3087
-257
-339
-1033
2486
430
3481
1396
4139
1448
5726
3344
5122
5583
4804
5457
4900
6131
5362
5855
5322
5630
4602
4055
3507
942
1653
-770
794
-1354
-1340
-2768
-2160
-3905
-2551
-3373
-4471
-3319
-4541
-3933
-4337
-3459
-4400
-3504
-3262
-2046
-3302
-2166
-3083
-1589
-3887
-941
-3604
-2148
-3388
67
-4150
-953
-1395
-3801
1536
-3212
1808
-2586
1893
-1544
5525
831
3583
2826
65
4704
3096
6983
5756
6272
4420
5836
5731
5917
7708
5609
7661
3743
5473
1823
1769
1655
728
823
-271
-1585
-4683
-3656
-5997
-3859
-5429
-5627
-5105
-5691
-7094
-5120
-6423
-5676
-3634
-3880
-2423
-3021
-4155
-2578
-2374
-3464
7
-1732
-1706
-1577
-717
-2600
120
-1725
860
87
-397
2318
-949
1133
3380
3607
4924
3805
3066
2599
4618
6526
7635
6874
6149
5155
5664
6470
6643
7160
6108
6056
4636
4420
93
1205
-1461
-505
-473
-2062
-4739
-6268
-6272
-7261
-5986
-8339
-7020
-8419
-7237
-7821
-7826
-7335
-7215
-4886
-3754
-3461
-3266
-2794
-3550
-618
-1539
121
-184
-431
108
1139
133
-715
1382
1075
1781
2700
1874
2729
4701
4475
5096
3915
3919
3376
8354
6427
7725
7695
4407
6140
7366
7850
8395
8466
6554
5596
4893
1887
1098
170
-812
-345
-1778
-4557
-5875
-7556
-7021
-8173
-7595
-8875
-8971
-8537
-8944
-8386
-9991
-7815
-7920
-4310
-5252
-2472
-6014
-3397
-3516
-1493
-83
-1029
757
-727
2123
-1439
3012
-319
2965
3174
2419
2489
4842
4694
6284
6991
1994
5984
4690
8387
7799
9194
4832
6130
6175
7460
9336
8570
7383
6353
4708
4313
1770
1161
250
125
-348
-3195
-5211
-6357
-7782
-6563
-6473
-8217
-9831
-8994
-10739
-8703
-8808
-9151
-7343
-7412
-5807
-4686
-4551
-5201
-2220
-2182
-573
273
-1981
-657
37
-507
2345
1001
1735
2789
1382
2662
6015
4706
6345
6108
2361
5204
5316
8372
8684
7975
6792
4790
6485
7651
9205
9179
7959
6000
4434
3731
958
1797
39
214
-267
-3897
-6056
-6478
-7840
-6260
-6385
-7908
-9491
-10465
-10622
-9779
-8850
-8131
-7382
-6599
-5667
-5001
-4631
-4360
-2627
-1313
356
9
77
-1502
24
379
2110
3593
2553
3738
1482
5447
6289
6767
8324
3967
5046
5132
9176
8509
8468
7554
5502
6706
8767
8679
8767
7911
6653
5504
4428
2125
797
898
-558
43
-3145
-6700
-7193
-7497
-6820
-6605
-8619
-10272
-11129
-10625
-10257
-8894
-9409
-8818
-7675
-6838
-5922
-5165
-5196
-3743
-1596
-1084
-405
-554
-1174
305
2258
1673
3466
3141
3491
3685
7807
8197
7256
8018
3753
5900
7165
10283
8328
9771
5223
5418
7711
8191
8389
9930
6767
6361
5113
3494
1699
1358
1209
646
-392
-4651
-6351
-6993
-6537
-5598
-6334
-9124
-11252
-11258
-11223
-10177
-9385
-9127
-9013
-8623
-7933
-7625
-6638
-5108
-3272
-2350
-1631
-2979
-2592
-2361
94
528
1546
1861
1246
2573
5039
8617
5512
8858
3387
5413
7398
9956
10570
8107
7468
4520
7142
9894
9729
9680
8197
5503
5329
3517
3399
1609
2787
483
27
-3073
-7107
-5813
-5060
-5130
-4334
-8589
-10070
-11651
-9543
-9927
-8535
-8930
-9233
-9010
-8054
-7838
-6299
-5617
-3623
-2961
-2535
-3015
-4407
-2635
-2483
-381
285
-698
369
431
3779
8114
5396
8232
3112
4457
6554
11252
10241
9007
7897
4586
7436
10646
9045
11158
8252
6382
5808
3741
2625
1481
2989
406
456
-3200
-7440
-5728
-5206
-4404
-4018
-7779
-10007
-11481
-8651
-8797
-6565
-7888
-8184
-8364
-7264
-6707
-4603
-3943
-2000
-1680
-2861
-3306
-3948
-2727
-1286
74
-414
-2141
-520
-2317
6063
4941
5873
4750
-656
4693
6145
12214
7273
9830
4896
3800
10649
9942
9685
11219
6427
6600
4982
3704
1200
2241
1333
-5
-793
-6566
-8490
-5239
-6027
-4006
-5555
-9922
-11548
-10319
-8667
-7855
-5404
-8665
-7110
-7446
-5920
-4138
-3267
-1600
-275
-368
-2733
-2243
-3027
-661
314
1042
-2005
-1234
-3279
3631
6879
3080
6684
-1702
2621
4780
11563
7649
7074
5331
2026
9075
11437
9599
11632
6852
6928
6085
4956
2775
2763
2870
11
-611
-5248
-9283
-5235
-5316
-4635
-5468
-10428
-12022
-11029
-7652
-7837
-6389
-8215
-7986
-6436
-5720
-3635
-3100
-1590
1493
173
-96
-1733
-1929
480
894
2008
-1512
-187
-2290
4239
8236
2491
6089
-2092
1602
4968
11148
7313
5683
4459
824
7175
10931
8210
10375
6939
5676
5888
4964
2892
3180
4074
389
-127
-5607
-8842
-4938
-2976
-4073
-4701
-11091
-12183
-11103
-7473
-7594
-6829
-8317
-9616
-6731
-6638
-3906
-3374
-1900
67
51
-1797
-1813
-1815
391
1108
775
-2254
-1360
-1357
4485
9106
2495
5048
-2212
1747
5175
12301
6790
4366
2707
-935
6816
10473
8866
9610
6864
4215
4911
4869
2128
4326
3885
784
-1349
-5290
-8514
-2979
-1576
-2948
-4109
-10881
-11155
-9350
-4662
-5769
-5278
-8321
-8808
-6796
-4450
-2941
-1449
-1438
200
-975
-2589
-1683
-1641
800
-78
-846
-4680
-2795
-2478
6203
6358
3212
2174
-3027
2070
5890
12603
4256
5037
441
-73
7614
9080
8050
7590
4818
2668
3321
3329
1068
4394
1917
-1010
-3284
-8382
-8286
-2028
-1433
-2563
-6505
-11248
-11264
-6188
-3070
-3552
-3035
-7101
-5914
-3892
-1907
704
1755
1561
2815
559
-531
187
985
2289
1014
-2357
-4351
-3345
-1220
8520
2171
2414
-2925
-2724
1932
9659
9739
2106
2587
-3278
2112
9374
8059
7540
6034
1369
2431
2630
1275
956
4490
-612
-2921
-6693
-11911
-7589
-1635
-3198
-4069
-10822
-13298
-10916
-3856
-3145
-2317
-4196
-7539
-3216
-1993
1576
3932
3614
4375
4469
2136
2092
3067
4700
4013
2488
-2934
-1934
-2661
6978
6261
2336
234
-5516
826
5598
12803
3278
2733
-3241
-1775
7441
9392
6873
6372
1741
683
2470
2339
180
3671
985
-3025
-5175
-10894
-10687
-2806
-3331
-3841
-8824
-14708
-12945
-7603
-3841
-4447
-5164
-8990
-6902
-2760
-432
2170
2724
2505
3677
2540
2131
3676
4789
4988
4426
-633
-972
-1165
4073
10901
2740
3408
-5575
-494
3695
12908
8145
1780
-139
-4970
4510
9882
7347
7435
2510
-31
1180
2184
1027
1690
3365
-2521
-3778
-8659
-12373
-4177
-2059
-4033
-6180
-14180
-13582
-9573
-2781
-4078
-4555
-8499
-9550
-4267
-1657
1831
1920
1175
1722
1798
1026
2925
3748
4804
3220
614
-3403
-863
163
10378
6990
1875
-1505
-5014
2491
9335
14131
3547
1997
-3728
-1015
9647
10601
8054
6263
51
479
1947
3246
1422
4286
-44
-4356
-6289
-11240
-8099
-1000
-3311
-4681
-11127
-14396
-11640
-5080
-2285
-3269
-6177
-9887
-5782
-2870
1756
2674
1915
845
1760
469
2556
3060
4408
2468
2110
-4178
-1695
-1647
4297
10544
1455
979
-7328
-638
3644
14799
7369
2860
-1273
-4557
5681
11533
9620
8405
2587
-87
1299
4295
1578
3679
2685
-3321
-4789
-8581
-10465
-2806
-1724
-4626
-8146
-13759
-13071
-6638
-1562
-3143
-3501
-8369
-7683
-1763
791
4148
3376
1754
2289
1890
2514
3515
4764
3964
1059
-1328
-5346
-757
-1005
9872
3752
182
-4494
-6511
1023
8999
12506
1733
1183
-6107
-624
9610
10823
8111
6278
-135
-440
3849
3525
2935
5523
-1123
-3821
-6427
-9542
-6469
-50
-3828
-6407
-11388
-14710
-10042
-3242
-2640
-3962
-5627
-9221
-4707
91
3512
4702
3899
2457
2512
2096
3608
5859
5523
4363
-74
-3439
-3543
-127
3230
10249
1061
-1074
-6150
-3123
3671
12788
7824
776
-1483
-6254
3341
10273
10188
6777
3915
-1902
-277
4282
2009
4842
3082
-3103
-6175
-8836
-9607
-3573
-173
-5597
-8806
-14376
-14034
-7702
-1818
-3781
-4143
-8133
-8450
-3497
1123
3917
4796
3434
2512
2776
2043
5202
6410
6378
2794
-1543
-5461
-2115
-651
7803
7468
-444
-2929
-7007
-94
6908
15362
3991
1815
-4116
-3466
7914
12167
10049
7696
2121
-1229
2180
4222
2969
5874
1821
-4154
-6429
-10016
-8470
-931
-2202
-5435
-11176
-14900
-12801
-5115
-1812
-3794
-5247
-9597
-7485
-1973
1786
3918
3968
2336
2243
2051
2281
5614
5546
5747
1076
-2402
-6365
-586
-1163
9402
4832
-2154
-4223
-7383
1954
8005
14854
1867
1257
-4945
-1628
9432
12107
9045
7668
604
-10
2608
4339
3645
5581
1508
-5246
-7044
-10848
-7720
-90
-2998
-5047
-12289
-14208
-11144
-3984
-1597
-2893
-4709
-7686
-5110
-747
2462
5088
4858
4149
3096
2380
2565
5946
6214
5861
-51
-3431
-5845
-444
-2170
9278
2652
-2296
-3573
-7102
788
6705
13964
1259
3076
-5138
-2759
8889
10611
9892
8524
918
-889
1623
3393
2624
5936
232
-5833
-7590
-12444
-9084
-2688
-4281
-6285
-12148
-14757
-12293
-5807
-2998
-2132
-3254
-6454
-4325
-1330
3073
6362
6873
5988
4903
2987
3454
7004
6603
6886
2031
-2931
-4926
-1246
-1337
8802
4645
-247
-3370
-5568
-143
7815
14037
3198
3368
-4380
-1625
7258
10963
9460
7582
2698
-1995
1502
1404
1447
4807
-101
-5383
-9945
-13518
-10874
-4626
-3701
-7050
-12437
-15817
-14305
-7551
-4015
-2240
-3998
-5242
-5683
-2116
2136
5387
7635
6712
5758
2508
3677
5529
6854
8237
2843
-911
-4518
-756
-1879
8973
6432
1142
-241
-4741
346
7172
14863
5179
6181
-1791
-1122
6835
11039
9655
10452
4204
-785
1274
62
1264
3922
1248
-5442
-9333
-13952
-13105
-5705
-5121
-6849
-12376
-16155
-16164
-9802
-5416
-3818
-3761
-5561
-7157
-3144
-100
4370
7001
6522
5703
2030
3417
3703
6541
7680
3571
-73
-4247
-1416
-2296
5808
7958
1812
2546
-4111
-755
5084
14108
8888
7015
2976
-2058
6311
11131
10682
12794
7014
1753
1387
1659
1502
3194
3243
-4536
-7109
-12718
-14484
-8034
-6536
-6684
-10683
-14723
-17198
-12572
-7692
-5620
-3295
-5484
-8143
-5042
-2296
1974
5526
5535
4955
2862
2923
2125
5152
5510
4259
963
-2927
-3218
-2379
181
9693
3243
4872
-3072
-2077
2474
12306
12696
7300
7056
-1759
5067
10705
11522
13599
9705
4610
2792
3080
1511
1894
4409
-2271
-4332
-11046
-14859
-10625
-7196
-6216
-8646
-13259
-16579
-14050
-9340
-6500
-3426
-4290
-7503
-5174
-3276
11
4153
4267
5594
4130
2421
833
2621
4144
4415
1922
-2660
-4960
-2624
-4103
8275
5179
3508
849
-4263
2155
7983
14657
6661
9742
1363
2908
9689
10270
12330
12331
7481
4213
3524
1190
80
4108
21
-2575
-8311
-13655
-12529
-8332
-6460
-7999
-10623
-14724
-14434
-10884
-8828
-4685
-4331
-5212
-4732
-3231
-1288
1774
3219
5861
5654
3465
1023
1849
2006
4154
2808
-1341
-2768
-3505
-6023
3859
6336
3056
4385
-3477
410
4801
13846
6339
11120
4030
1577
9278
9151
10910
13130
9252
5905
5850
1495
-1370
2677
605
-1477
-5130
-12158
-14702
-9060
-8737
-8329
-8344
-13557
-13589
-11444
-10378
-6888
-4926
-4607
-4430
-1902
-2448
-836
2309
3543
7781
4184
2533
659
1362
2568
2669
-423
-1890
-3635
-3794
-2795
7433
2052
5095
1669
-1053
3526
10098
9791
9283
10805
2887
7617
10733
10183
13070
12956
7342
7904
4248
614
388
2552
-1496
-3123
-7617
-14781
-11413
-10444
-10444
-8330
-11582
-13020
-13276
-12169
-10286
-7296
-3750
-5233
-1364
-3104
-2611
949
1563
6744
4671
4344
1055
725
1070
319
-395
-1670
-3412
-2395
-6901
1878
2510
1179
5515
-1159
2354
4456
11566
6909
11669
7390
4219
11202
11770
11488
15301
10094
8795
8164
4201
1516
1928
1029
-2668
-3037
-9280
-12286
-9837
-10729
-9672
-9054
-10845
-11793
-11409
-11521
-8986
-5559
-4107
-2942
-1235
-3535
-1288
70
3267
5266
5099
3213
2160
460
-1078
-1338
-3138
-2749
-2016
-5024
-3425
1775
-1591
2588
1813
-74
2911
9620
5928
7915
8926
2870
8635
13043
9896
12885
12337
7289
9126
8050
2622
2776
2513
-2098
-2058
-4578
-11122
-9108
-8295
-10954
-8031
-8968
-10380
-10576
-9354
-10271
-7285
-3484
-4793
49
-2110
-2028
-764
1081
3583
4973
5317
3391
1864
-450
-2979
-2881
-2180
-1547
-555
-6443
-938
-669
-68
2682
1293
-212
4379
7443
5246
7119
5603
3613
9130
11764
8442
11853
8645
7024
8658
6053
1122
1333
541
-1106
-1964
-5861
-9809
-8721
-8668
-9201
-6507
-7947
-9906
-9111
-9644
-8867
-5058
-4214
-1858
-973
-873
-2036
-820
1929
2608
6509
4149
3764
1393
-1467
-1368
-1944
160
373
-1601
-3029
-521
2175
2263
2911
1968
-1161
3147
4393
3968
4973
3419
1669
4959
6588
6195
7179
6973
6130
6422
5363
709
1644
1419
420
419
-1775
-4193
-5329
-5579
-5028
-5077
-5148
-6710
-6061
-5591
-5817
-5011
-5223
-4295
-1917
-1672
-925
-1584
-791
1553
424
2510
1597
829
845
540
1588
-1075
-303
-1275
-1241
1464
893
1815
973
-629
-1039
-2087
-813
626
1294
451
-51
781
701
2497
3018
3999
4055
4355
4201
3512
2904
1957
1955
716
1850
819
-658
584
-512
-302
-1415
-76
228
578
1222
-1015
-373
-1186
-1080
298
56
-22
177
-556
-1643
-1024
-1829
-1582
-1596
-1203
-3672
-4542
-4506
-5005
-1922
-2669
-2195
-2490
-3816
-2807
-3843
-995
-641
-447
-177
-1913
653
-896
920
684
814
1330
944
2742
2232
2387
1801
2117
1856
3139
3739
3636
4007
4286
2829
2582
4270
4304
5546
5039
3013
3284
1211
2029
1337
2410
831
460
480
-2254
-489
-2784
-2030
-2671
-3200
-4338
-6543
-5093
-5937
-2904
-3416
-4034
-2924
-4339
-2828
-2985
-1937
-1203
-1923
-1336
-2618
-1125
-920
-1191
153
-1483
-960
-1238
-339
711
-236
-280
-1121
-1769
-797
-1029
1225
927
2652
1565
1325
3489
3483
6770
6097
6216
5903
4762
5246
5061
6078
4799
4117
3292
983
1811
544
1061
839
-1129
-1620
-4404
-3649
-3245
-2469
-2424
-2979
-2290
-3645
-2811
-2432
-2943
-449
-1344
-1433
-1460
-2101
-617
-628
731
-1084
-664
-1201
-1090
897
-913
-1704
-2062
-3317
-2580
-3213
-2450
-2738
-1328
-1782
-1951
-1556
-1307
659
1202
2563
1596
1656
4
1741
3180
3277
3140
2381
1867
2326
3247
3374
3484
1543
1740
596
772
1392
1090
1346
1205
1585
317
40
276
-208
1831
1205
560
1068
-738
548
590
879
-360
75
-544
-660
1007
-403
-1657
-1616
-2435
-1878
-2042
-2730
-2789
-2382
-2283
-2170
-2796
-2211
-2239
-673
144
-931
-1096
-2890
-1515
-171
152
-100
-2143
-1239
-1741
-53
255
-531
-639
-780
-723
-545
205
-759
100
967
1476
1450
1496
1038
1501
2529
3105
2850
3343
2693
3133
4277
2921
3420
2514
2727
2907
3053
3001
625
650
-71
300
328
-1074
-859
-1567
-1309
-1199
-2522
-2689
-2744
-2050
-1001
-1379
-2633
-3507
-3258
-1394
-1002
-673
-2762
-1782
-1098
109
1961
1688
365
-5333
-4076
381
1520
-414
-2961
-4235
-2980
654
1817
14
534
-90
255
-395
-742
280
1299
2119
173
1027
279
1129
1628
1920
2834
1946
1430
1358
3397
2557
971
1313
2240
3280
3682
1965
1137
1030
642
541
556
-907
-2050
-1112
67
342
-674
-2638
-2198
-877
-178
-67
-1874
-677
-835
440
804
-165
-1597
-2449
-35
-528
-613
-360
-1323
-257
-166
-176
-379
-582
808
1841
937
-945
-1463
-1569
-1206
-1150
-21
-1161
-1116
-1216
-2092
-1326
-2078
-2771
-954
861
206
-924
-1768
-2422
-1489
705
673
1183
688
-492
1669
1905
2779
2172
1960
2215
3707
4080
2783
1417
1921
2830
3501
3174
2258
1669
1500
1003
-659
-1435
-1452
-1306
-972
800
-1106
-1344
-1751
-860
436
1440
1863
-944
-1080
-819
-3180
-1053
1490
-406
-24
-1880
-3247
-5268
-3234
-3226
-3719
-4434
-6351
-6683
-5635
-5982
-6193
-5016
-5742
-4426
-3475
-3453
-3057
3978
4241
3181
2577
2783
5194
9805
11257
9035
10652
9169
9549
11348
9546
8224
7083
7259
6136
6111
2706
-1450
-351
-1656
-2312
-2442
-4135
-5481
-5417
-5255
-6954
-6548
-6396
-5684
-3562
-3419
-3297
-3019
-2791
-1184
-98
-490
-591
-193
-793
-714
-2135
-4342
-3533
-3523
-2041
-2281
-4004
-4900
-4042
-3852
-5019
-6187
-7758
-7515
-6268
-5901
-6487
-2079
2100
7760
7357
5262
4894
7820
13321
15792
14528
11082
9421
10679
11501
11941
10154
8205
8780
7089
4689
-815
-4809
-6328
-5074
-5808
-8157
-10046
-11075
-9883
-9844
-11696
-11135
-8446
-5758
-3703
-1904
-2027
-992
-119
364
3455
4500
6204
5687
4389
2232
-1876
-2239
-2432
608
-1381
-4534
-7567
-9075
-9638
-10266
-11062
-10897
-8409
-7546
-4586
-242
4566
5572
4593
3987
5986
12658
16006
17721
15201
13295
11684
11702
11908
11702
11217
9803
7640
3852
-1904
-6801
-10351
-9784
-8992
-10222
-12130
-14232
-14424
-14431
-13864
-13319
-9716
-5579
-2649
559
2122
4156
5711
6344
8165
9578
12212
11942
10400
6953
3043
-547
-2403
-2157
-2635
-4089
-7006
-9290
-11688
-12662
-14684
-14500
-13954
-11170
-8474
-4675
1330
4904
6331
5937
6502
11268
16186
19968
18066
16779
14153
12651
11939
9463
8690
5647
4867
1870
-2374
-8602
-13700
-15690
-16071
-16000
-15860
-15824
-15464
-15044
-14325
-12730
-9701
-5190
-748
4139
7263
10075
12094
12172
12114
12275
12493
12844
12802
9945
5989
1197
-2149
-4647
-5728
-7842
-8419
-10703
-11316
-12961
-14678
-15175
-15235
-12885
-9768
-5325
398
6054
11422
11211
11749
11559
14678
19230
20975
19764
16753
13810
11064
8760
5188
1668
-645
-1606
-5271
-7980
-13552
-17539
-19817
-20603
-19539
-17741
-15074
-12919
-10719
-9296
-7558
-3369
461
4766
8078
10514
13203
15202
14991
13463
11868
10202
9998
8313
5227
1511
-2756
-5602
-7730
-9626
-11518
-12309
-11908
-11471
-9610
-9950
-10958
-10548
-9359
-6267
-2251
788
7239
13568
18272
18394
17481
15613
17934
19476
19680
16351
12834
7926
5552
2539
-1919
-5056
-9412
-10139
-12351
-13107
-16511
-18922
-20648
-20252
-17299
-14495
-10767
-7936
-5774
-2711
1451
5064
8501
10057
11229
12547
14233
14549
14268
12134
9286
6795
5002
1343
-1200
-4510
-6870
-7277
-8650
-10445
-11865
-12622
-11740
-9222
-7861
-7681
-6487
-6064
-4280
-3191
-927
1137
5953
12174
17698
20349
18180
15881
14901
15834
15306
12528
7834
4967
2438
1738
-2820
-5996
-11214
-12348
-13530
-13956
-14242
-17197
-17231
-17649
-14316
-11518
-8065
-6266
-2355
1747
5017
7935
10407
11099
12117
12193
11399
12247
11597
11165
9281
7618
4147
937
-2316
-5482
-6859
-8314
-9525
-10231
-11185
-11556
-11436
-9916
-8501
-7056
-6046
-5857
-4437
-3183
-1870
320
1980
8523
13536
18996
18808
17056
14412
14681
15198
12664
9108
4201
1913
330
-1591
-5656
-8616
-12438
-12883
-13624
-13226
-15057
-15809
-17075
-14164
-10053
-7681
-4645
-2516
1872
5420
9143
11353
13047
13595
13386
12498
13424
12812
12225
10217
7849
5687
1871
-1451
-5631
-7973
-10140
-11234
-12549
-13850
-13973
-14160
-12716
-10864
-9259
-8081
-6834
-5752
-3298
-2482
-951
1112
4246
10977
16193
19239
17292
16687
14688
15509
13997
10792
5804
3196
339
-1380
-3815
-7261
-9693
-11765
-11646
-13184
-13498
-16126
-15695
-13773
-9755
-6130
-3478
-759
2722
7191
9334
12382
13122
14059
13897
13833
13223
12257
10702
7870
6494
3559
1108
-3050
-7419
-10568
-12920
-15027
-16292
-16823
-16431
-14603
-12616
-10543
-7801
-6541
-5067
-2622
-572
990
1361
2685
4131
8565
13180
17004
18992
17339
16764
14858
15395
11648
8360
2439
-628
-3030
-4472
-6664
-8319
-9872
-10552
-10281
-11364
-10833
-12194
-10722
-8585
-5369
-2419
-89
2287
5659
9576
11577
11954
12027
11278
10499
9801
6991
5723
3020
442
-423
-1997
-3127
-7456
-10673
-13936
-14209
-14959
-15319
-14664
-12642
-10318
-7301
-5565
-3402
-692
1194
3943
4990
5538
4517
3392
4770
5235
10393
12878
15637
15113
14243
13653
12167
10280
5529
2343
-1562
-2386
-4245
-5007
-7493
-7464
-8371
-6698
-7014
-7470
-7369
-7630
-5745
-5165
-4114
-3551
-507
2221
5685
7839
7326
7979
6909
6691
3969
2630
252
-521
-1245
-1568
-1869
-3212
-5186
-7125
-8984
-10188
-10964
-10338
-9151
-7790
-5908
-4420
-2671
242
2279
4677
5700
5468
4344
3220
2895
1920
2907
3217
8313
11250
14605
13588
12735
10824
10876
8295
5035
1197
-3051
-3574
-5212
-4658
-6126
-6310
-8137
-6100
-6194
-6525
-7549
-9310
-8085
-7642
-5778
-5075
-1994
1015
3453
5797
6011
6791
5994
5405
4135
3009
876
-925
-1757
-1341
-1472
-2127
-3886
-5189
-5139
-6022
-6064
-7096
-7014
-6131
-4793
-2215
480
3481
5339
6719
7350
6661
6117
4243
2482
1797
1140
1032
4519
7149
10514
10290
9932
8192
8402
6037
1411
-1562
-6350
-6008
-7319
-6592
-6676
-6356
-6356
-5115
-4129
-4775
-6013
-7843
-7863
-6061
-4406
-3264
-1624
392
4206
6851
7722
7971
7399
6082
2824
686
-2410
-3265
-4714
-4361
-3118
-1882
-1295
-1679
-753
-761
-1678
-2251
-3104
-1878
-229
912
3126
5779
7774
7786
7633
6033
4959
2585
-1128
-4697
-6868
-7653
-6164
-2004
1173
3785
2941
3655
3828
5221
2420
1059
-1287
-2373
-2166
-3312
-2352
-1607
-180
828
2206
1816
1159
-1237
-3382
-3650
-3962
-5144
-4639
-3602
-437
2371
3486
3668
2990
2392
1205
-54
-2552
-4723
-5059
-4786
-2082
283
3109
4445
6251
7202
6526
4772
1344
-545
-689
257
166
1140
2026
2786
2974
1234
-900
-4710
-7719
-10732
-12390
-14156
-13626
-12311
-6370
-1629
2979
4814
7037
9620
12347
11363
9134
5549
4271
3783
4234
4240
4457
4444
5145
5380
3861
1747
-2525
-5937
-7355
-8835
-9300
-9049
-8308
-4972
-1990
-221
981
1650
1704
1087
-103
-1575
-2465
-2902
-2133
1575
5007
8615
10450
11113
9760
7414
2682
-189
-3154
-4053
-4973
-5134
-5075
-4088
-2852
-3670
-4697
-6838
-9215
-10569
-11631
-12218
-12722
-11649
-9818
-3449
1513
6599
9907
12625
15237
17180
15685
13130
10468
8005
7348
6181
4704
3744
3219
3265
3849
1823
-764
-4336
-7334
-8843
-10320
-12367
-12712
-12448
-9782
-6586
-3622
-763
1992
3903
4410
2183
265
-1516
-646
571
3685
5833
8382
9232
9434
9431
7373
4390
496
-2891
-5331
-6547
-8081
-8218
-8280
-7734
-7192
-7073
-6765
-6878
-6641
-7615
-8255
-9513
-9080
-6910
-3703
3338
7766
12130
13989
15752
18011
19227
17856
14980
10830
7911
5154
3003
571
-616
-1897
-2228
-2412
-4046
-4972
-8126
-10667
-13487
-16105
-17304
-16574
-14548
-9038
-3519
155
3034
4414
5884
6708
5843
4856
4801
5243
5106
6434
7469
8757
9003
8026
6881
5026
2203
-1990
-6098
-9064
-11745
-13201
-13320
-11331
-9105
-7223
-5850
-4828
-4060
-3905
-3385
-2774
-1379
-93
675
2817
7193
10826
14391
16132
17806
19400
19317
16370
12177
6522
2107
-1754
-5204
-7723
-8326
-8652
-7491
-6982
-8360
-9335
-12315
-13889
-14392
-14014
-12841
-10966
-7701
-3944
915
4575
7967
11698
13840
15012
13044
10564
8268
6076
4210
3147
3059
3459
3819
3555
2009
-235
-3786
-6710
-9151
-11320
-12194
-12728
-12267
-11292
-9157
-6773
-3204
284
3355
5919
5990
4429
2881
1781
1696
1221
3634
7051
10775
13235
12714
13409
12899
10551
6892
1865
-2892
-6313
-9531
-11085
-11760
-11146
-11255
-8211
-6383
-3711
-2866
-4778
-5017
-5347
-5563
-4899
-4125
-138
4414
8715
11091
13378
14709
13964
12136
8224
5494
2595
-944
-2689
-4058
-4050
-4446
-3972
-2585
-1678
-1491
-3212
-5358
-8441
-10825
-12627
-11712
-9581
-5786
-2093
1872
4898
6912
7764
7182
5532
3230
1476
-897
-2282
-4465
-3799
-529
2319
5193
5680
7582
9782
8995
5835
1099
-3167
-4802
-6421
-6882
-6806
-4382
-3300
17
1934
3842
4802
2390
1857
1198
84
-1140
-1916
-1191
1697
3410
4204
5860
7557
7899
6434
2993
-559
-3409
-6164
-7328
-7413
-6725
-4590
-3089
-1137
11
23
-451
-2179
-3454
-4018
-5556
-6112
-5905
-4086
-1982
463
2039
3666
5126
5017
3857
1017
-1480
-3786
-5462
-5639
-5779
-1410
891
3945
5493
6602
9700
11066
10266
7437
3828
1332
-858
-2712
-3297
-2171
-954
213
2867
3782
6077
4888
2712
1151
-1457
-4446
-5857
-7344
-6098
-4606
-4033
-2935
-660
1885
2788
2192
-759
-2009
-4033
-6060
-6505
-6260
-3856
-1813
400
2490
4082
4848
4701
3967
2107
711
-1060
-1547
-1517
-1408
-640
-203
299
1566
2861
3596
2868
799
-1564
-3500
-5448
-7308
-8346
-4798
-740
2129
4925
5199
9128
11425
10852
8895
6624
3889
1930
-728
-2525
-2699
-2613
-2933
-1106
-778
253
-23
-2626
-3723
-5946
-9299
-10668
-11087
-8867
-5896
-4695
-3103
64
2508
4454
5337
5165
5957
6140
4668
3172
2036
1022
1510
1618
2174
3270
4857
5426
5081
3266
804
-1998
-4170
-4708
-4740
-3921
-3897
-2788
-1248
-40
909
730
225
30
-1209
-2878
-4665
-6345
-6248
-2583
-332
2891
4873
6659
10683
11671
9786
6746
3090
345
-1500
-5270
-7026
-7797
-8096
-8128
-6353
-5608
-2848
-1739
-1463
-65
-910
-2888
-3958
-4535
-2587
-743
782
3549
7143
10852
11722
11111
9010
7881
5585
2112
-476
-2054
-2399
-2850
-3337
-2714
-1647
496
1678
2382
2009
141
-1567
-3172
-3809
-4159
-4969
-4627
-3318
-2008
-773
-190
130
131
275
-696
-2212
-4024
-5434
-5328
-4241
-2420
-2046
519
2500
5919
8756
7601
6503
4761
2803
1238
-1919
-3772
-4728
-4320
-4147
-2717
-957
-514
1564
2073
3719
4270
2157
1394
746
276
39
-1536
-1178
811
3875
5412
5907
5186
4280
3512
1572
26
-1552
-2770
-2539
-3022
-2219
-2089
-1292
28
1242
2394
2060
962
-1126
-3357
-5338
-7094
-8322
-8809
-7577
-5210
-2401
-494
338
1337
992
966
855
-66
-1271
-2961
-2377
-1337
-309
678
2078
5712
9293
10512
9744
8153
5335
2645
-1793
-4904
-6728
-6824
-5588
-3178
-717
1398
3189
3486
4844
5654
4140
2495
-43
-2163
-3239
-4559
-4776
-2813
349
3491
6097
6693
7347
6026
2776
-161
-2629
-3923
-5029
-5888
-5240
-3888
-3093
-2314
-1544
-381
574
367
-160
-1525
-3076
-5605
-7268
-7178
-5813
-2910
-118
3579
5860
6755
5713
3390
1265
-1496
-3737
-5966
-5052
-3883
-2260
-560
887
4459
6965
8485
9396
8698
6919
3977
-209
-3014
-4819
-4609
-3381
-673
1980
4340
5234
4211
3201
2087
171
-767
-2163
-3390
-3293
-4179
-3422
-1770
985
3237
4767
5562
5409
4548
744
-2673
-4965
-6462
-6578
-7220
-5991
-3073
-336
1199
1378
1010
225
-221
-582
-1225
-1811
-3052
-3735
-2345
-665
1056
1837
2679
4214
4008
2660
-501
-2836
-4989
-6496
-7453
-7764
-4974
-3078
-115
2676
4228
6924
8013
8550
9695
9544
7685
4947
1251
-1300
-1911
-1839
-1906
-61
613
1793
2076
1301
954
-97
-1314
-2307
-3379
-4987
-5507
-5666
-4806
-3139
-1688
-730
462
953
2467
2632
1789
930
-505
-991
-1354
-1315
-1274
-670
121
711
1138
1633
2489
2340
2249
935
-17
-1314
-3128
-3589
-3167
-3047
-2506
-2314
-1985
-990
-946
-1648
-1503
-1566
-1895
-2294
-1854
478
2155
3713
4437
6426
8719
9827
9621
9445
7434
5160
2010
-1275
-2205
-3054
-3483
-3952
-3879
-4300
-3710
-3723
-3349
-1933
-2471
-3708
-4711
-6080
-5535
-4687
-4155
-2119
-276
1854
3764
5629
6660
7079
5518
3314
1545
303
-20
-503
-802
-887
-721
-344
-45
-427
-366
-673
-1539
-2373
-3378
-3472
-3379
-2810
-1945
-996
695
1470
2076
2986
3512
3602
2297
904
-305
-481
-1059
-1007
534
769
1828
2296
3037
5716
6366
5248
4162
1670
-217
-2726
-4783
-5046
-4499
-4898
-5157
-4401
-3606
-1882
-2282
-2697
-2569
-3079
-3029
-2804
-2442
-745
756
899
2337
4342
5340
6071
5678
4871
4509
3062
1371
587
521
207
-606
-1526
-1550
-748
-579
-796
-551
-443
-940
-1690
-1875
-1522
-218
264
186
1169
2121
2760
2688
2622
2413
1207
-824
-2798
-3634
-3209
-3368
-3979
-3217
-2423
-1904
-759
-441
1416
3143
2423
1786
1517
706
778
-718
-1660
-1536
-2087
-2892
-2860
-2984
-2062
-1156
-2015
-995
-292
312
1016
1635
2232
3249
2890
2914
4286
5337
5127
3978
2258
1765
1769
1013
1212
1157
1562
307
-728
-1422
-1606
-1853
-2699
-2985
-3352
-3403
-3347
-1994
-352
402
713
26
208
785
786
611
-105
-763
-1957
-3145
-3770
-4004
-4243
-4741
-5107
-5665
-4393
-3155
-1722
365
1514
3325
5155
5862
7215
7136
6145
5195
2634
1403
421
161
322
358
-25
-429
-696
-757
611
1431
1606
1286
158
-541
-520
-564
13
1208
1958
2083
2142
2412
2518
1950
178
-1554
-2408
-2927
-3485
-3025
-2509
-1706
-1837
-1908
-1909
-1298
-826
-1247
-1246
-1589
-2103
-2507
-2561
-1259
530
1011
568
22
-420
-1300
-2527
-3733
-4587
-5132
-5208
-4262
-2440
-81
2013
4221
6160
7545
9067
9750
9141
9238
7337
4996
2990
488
371
775
890
90
-649
-1742
-1892
-2543
-3977
-4261
-5424
-5392
-4761
-3670
-1754
109
764
987
1918
1576
887
241
-637
-264
-693
-1620
-1251
-173
1544
2038
1987
1487
1063
-298
-1708
-2145
-2485
-2948
-3884
-4110
-2791
-1495
-1029
-423
-207
179
-431
-1239
-1933
-2163
-2009
-2624
-2565
-1589
-520
599
1394
3704
6267
6991
6537
5579
5849
6560
6023
4882
4495
3347
2624
1075
-114
-755
-2619
-4794
-6136
-6263
-6793
-6855
-7365
-5928
-3923
-3128
-2010
-402
1663
2751
2869
2242
2259
2526
2376
2429
2916
2877
2812
2954
2996
3445
2862
2205
1363
823
-128
-1722
-2931
-3498
-3672
-4162
-4844
-4797
-3918
-2570
-1707
-1297
-572
-267
222
-55
-99
-328
41
226
588
741
859
668
721
621
589
1061
1068
1551
2590
3053
3729
3575
3212
3577
2900
1578
224
-1272
-1876
-2209
-3919
-4705
-4815
-4966
-4226
-3430
-2718
-1032
-384
248
1810
2769
3439
4267
4029
4467
5114
4646
3882
3628
2809
2429
1813
801
457
43
-699
-2221
-3844
-4976
-5689
-6288
-6190
-5339
-4364
-3961
-3614
-2319
-1178
-281
375
894
1808
2481
2416
2380
2097
1451
801
-449
-780
-649
-979
-1271
-1620
-2271
-1506
-1309
-951
271
897
2481
3670
3369
3514
3481
2670
2675
1347
512
186
-929
-1302
-2081
-2541
-2360
-1375
-1032
523
1555
1530
2326
2329
2070
2246
1604
1651
2840
2349
2006
1091
421
270
-409
-1343
-1494
-1547
-1696
-2190
-2851
-3275
-3390
-3285
-3322
-3170
-3000
-2318
-1245
-725
-111
124
995
1567
2010
2241
1438
1064
-3
-993
-1454
-2313
-2200
-1546
-828
-424
-846
-1442
-1354
331
1009
1891
3021
3774
5236
5000
4219
4367
3464
2099
906
-314
-676
-782
-1841
-2532
-2936
-4111
-3584
-2678
-1670
480
974
1754
3019
3437
3385
3746
3420
3467
2743
1585
702
-120
-1284
-2177
-2348
-2817
-2654
-2601
-3184
-4013
-4747
-5239
-4933
-4323
-3642
-2382
-738
543
1533
1974
2072
2890
3424
3576
3581
3047
2011
1304
225
-271
-724
-1311
-1084
-883
-795
-1129
-1878
-2470
-2775
-2027
-1730
-983
569
1069
2749
3513
3721
4426
4846
4464
4124
2828
1231
431
-1042
-2135
-1854
-2171
-1427
-68
34
1164
1445
512
362
-292
-1012
-1293
-1743
-2089
-2150
-2451
-3193
-2618
-2213
-1398
-524
-627
-15
397
367
-264
-928
-895
-495
584
1157
1907
2532
2172
1159
603
407
-21
-691
-1265
-879
-581
-1163
-1712
-1573
-954
-453
-687
-743
-269
-51
-730
-1362
-1682
-1242
-875
245
1960
3168
3701
3546
3721
4058
3654
2729
2354
1725
1626
715
-1058
-1319
-1624
-1845
-2212
-2659
-2520
-1781
-1553
-1541
-1144
-1129
-558
306
877
1690
2036
1509
1697
1379
591
163
-547
-571
-325
-432
-549
-822
-675
-97
85
-524
-959
-810
-974
-1216
-1661
-1962
-996
-800
-376
202
881
1623
1523
1321
1426
1364
1004
-79
-379
-539
-969
-1478
-2049
-1682
-1633
-2014
-2421
-2416
-2109
-1141
-669
294
1588
2375
3473
4010
4662
5196
4943
3554
2756
1689
696
314
-760
-1052
-1130
-1832
-1901
-1291
-965
-324
-319
-547
-483
-807
-1418
-1230
-911
-294
634
660
925
1183
1151
975
559
-212
58
-236
-691
-1188
-1520
-1563
-1834
-1830
-1515
-880
-977
-976
-1047
-1145
-1313
-1716
-1667
-1202
-858
-685
-1058
-1076
-741
-590
-798
-940
-683
-306
205
263
673
896
863
1091
2073
2806
3585
3720
4330
5595
5981
5103
4196
2837
2139
1341
-826
-1789
-2978
-3527
-3670
-3359
-3134
-2048
-1379
-276
983
967
648
297
198
740
1441
1262
1656
2007
2332
2306
1445
129
-774
-1562
-2426
-2976
-3742
-4506
-5120
-5295
-5010
-4061
-3248
-2629
-2015
-1688
-1417
-1267
-1539
-1324
-692
91
1014
1758
2755
3910
4772
5096
4750
4078
2849
1724
863
175
-544
-1296
-1869
-1467
-595
418
1435
1810
1949
1346
763
577
395
601
1084
1130
1486
1449
1530
1736
1824
1622
1147
774
745
743
491
337
-344
-932
-812
-490
-243
-150
-614
-1372
-2209
-3728
-4674
-5313
-5741
-5628
-5559
-4926
-3859
-2892
-1712
-462
700
1296
1233
1143
1171
1332
1120
894
1435
2083
2816
3293
3546
3824
3827
3337
2434
1678
624
-676
-1314
-2140
-2463
-2993
-3263
-2445
-1258
-164
1201
2360
3328
4357
4025
3495
3234
2979
2860
3031
2427
2181
1787
802
270
-950
-2123
-2801
-3690
-4657
-4656
-4854
-4822
-3914
-3383
-2168
-1114
-847
-60
240
276
34
-691
-1002
-964
-579
-587
-245
124
238
651
419
627
477
444
-288
-1014
-1320
-1536
-1191
-894
-317
595
2114
3325
4302
4436
3987
3412
2541
1906
1291
888
448
409
225
151
-121
-561
-1008
-1422
-2066
-2789
-3259
-3723
-3270
-2603
-1605
-687
655
1673
2645
2944
2870
2880
2256
1423
348
-539
-756
-946
-1434
-1357
-1184
-806
-242
46
493
724
517
-185
-670
-871
-982
-1259
-1092
-987
-750
-465
-291
300
443
232
-306
-94
285
587
433
512
834
1002
937
910
955
1560
1528
1318
1103
681
18
-724
-965
-834
-992
-1546
-1786
-1839
-1625
-2154
-2507
-2364
-1965
-1956
-1839
-1506
-718
678
1692
2828
3659
4221
4735
4823
4625
4151
3232
1752
829
-214
-925
-1414
-2374
-2484
-2214
-2509
-2198
-2349
-1876
-1059
-1011
-827
-490
136
472
919
688
1196
1608
1434
1434
1109
719
343
-415
-780
-690
-903
-904
-1197
-1159
-1569
-2479
-2920
-2897
-2448
-2184
-2063
-1485
-482
278
785
1282
1465
1535
1320
1306
1381
1407
1141
518
508
714
1150
1364
1676
1449
1103
369
-336
-908
-1335
-1368
-721
147
586
1319
1462
1574
1618
1287
1001
621
247
-81
-693
-1276
-1510
-1363
-781
-102
640
1472
2098
2081
1993
1554
938
500
-190
-571
-1091
-1722
-2423
-2784
-3088
-3601
-3696
-3765
-3665
-3494
-3383
-3293
-3100
-2364
-1780
-827
234
1553
2848
3512
4042
4272
3999
3671
3431
2964
2676
2260
1832
1183
719
285
-445
-804
-1381
-1777
-2475
-2682
-2592
-2691
-2686
-2525
-1406
122
1675
2980
3861
4535
4875
4519
4426
3788
2924
1721
507
22
-506
-943
-1170
-601
-680
-739
-1237
-1305
-820
-1204
-2168
-3155
-3810
-3904
-3774
-3413
-2771
-2311
-2041
-1665
-1520
-1313
-1598
-1685
-1188
-371
252
585
1414
2593
3566
3925
4051
4031
3895
3210
2108
1122
123
-908
-1834
-2386
-2455
-2287
-1564
-1244
-702
-972
-1512
-1297
-1213
-1094
-849
-709
-89
1120
2282
3623
4491
5189
5492
5525
5055
4755
3901
2796
1271
-555
-2094
-3191
-3810
-3723
-3755
-4070
-3880
-4151
-3786
-3477
-2938
-2410
-1790
-1066
-438
51
354
647
867
900
949
811
576
461
339
109
-331
-438
-517
-508
-52
174
293
196
-105
-456
-430
-202
-181
-19
-312
-414
-505
-319
23
455
832
1216
1517
1703
1832
1816
1562
1056
795
751
909
1089
911
970
665
301
124
200
392
611
492
77
48
-559
-941
-1407
-1382
-1263
-1234
-1290
-1278
-1135
-972
-517
-28
113
442
709
1065
1345
820
618
491
348
-18
-359
-509
-862
-1250
-1797
-2186
-2064
-1819
-1509
-1329
-1209
-979
-701
-469
-107
313
647
1108
1276
1359
1324
1273
1127
1073
1163
1250
1361
1499
1563
1759
1610
892
296
-105
-203
-454
-685
-708
-643
-390
-607
-840
-755
-521
-372
-221
171
396
516
500
729
1152
1455
1166
778
747
465
208
-453
-1200
-1115
-959
-717
-351
-309
-237
-170
-35
-25
-173
-658
-1218
-1501
-1588
-1523
-1822
-1899
-1669
-1557
-860
-401
-85
553
965
1302
1382
1121
1335
1180
1001
1158
1080
887
528
161
-146
-267
-888
-1000
-1143
-861
-443
-86
291
832
1064
1320
1492
1414
1361
1151
751
600
358
-218
-479
-1096
-1668
-1907
-1912
-1815
-1589
-1426
-1398
-1314
-1457
-1779
-1633
-1377
-1097
-817
-556
-218
603
1288
1888
2412
2659
2980
3047
2937
2538
2144
1740
1547
1340
880
480
-133
-840
-1238
-1688
-2272
-2307
-2201
-1647
-1431
-1221
-1170
-864
-569
-262
-95
204
394
495
478
523
856
509
206
150
506
622
884
825
1118
1479
897
411
-331
-652
-896
-1219
-1486
-1712
-1640
-1607
-1310
-678
-125
341
644
627
563
255
168
86
525
1039
1265
1171
1208
1511
1796
1685
1729
2015
2008
1920
1457
1029
157
-657
-1537
-2104
-2201
-1935
-1737
-1531
-1529
-1592
-1823
-2079
-2277
-2369
-1889
-1347
-724
59
734
1418
1802
1873
1896
1562
1181
587
189
-274
-888
-1407
-1526
-1286
-766
-390
-78
351
580
664
706
868
975
1374
1350
1250
1221
1053
788
688
663
477
244
-200
-418
-477
-390
-670
-932
-826
-577
-264
-206
64
210
-29
-444
-916
-1094
-941
-777
-542
-279
-32
166
240
326
439
624
618
405
465
453
452
153
-234
-131
-145
-300
-458
-657
-432
-178
-369
-669
-1020
-1162
-1212
-1218
-1441
-1661
-1599
-1588
-1020
-462
370
793
1019
1413
1588
1943
2157
2355
2820
3209
3236
2841
2229
1926
1510
753
-93
-815
-1445
-1839
-2233
-2442
-2319
-2111
-2265
-2130
-1724
-1173
-837
-646
-259
114
326
193
358
924
1281
1310
1105
1053
1442
1548
1816
1744
1523
1113
660
93
-116
-605
-1150
-1387
-1889
-2157
-2579
-2833
-3064
-3096
-2929
-3060
-2791
-2139
-1039
57
518
560
440
699
1025
1316
1614
1854
2341
2897
3401
3548
3525
3394
3302
3037
2264
1332
312
-665
-1257
-1838
-2253
-2103
-1804
-1396
-911
-799
-884
-1202
-1266
-882
-567
-311
3
540
1395
2272
2627
2811
2892
2639
2055
1010
19
-923
-1722
-2081
-2324
-2295
-2187
-1960
-1363
-777
-446
-700
-1370
-2081
-2557
-2844
-3009
-2540
-1986
-1121
-480
129
832
1407
1618
1450
1176
1177
1148
964
912
1110
1362
1388
1509
1787
2072
1872
1092
176
-446
-915
-1303
-1610
-1613
-1315
-828
-282
248
916
1358
1605
1672
1632
1555
1203
803
682
835
1038
839
843
817
999
948
625
-220
-1260
-2053
-2545
-2802
-3088
-3001
-2854
-2376
-2184
-1819
-1257
-885
-424
-103
363
658
251
38
-145
51
143
75
146
415
828
1011
942
637
403
478
457
425
404
175
188
97
273
381
552
627
680
831
615
365
55
-435
-260
-277
-402
-426
-241
513
943
1182
1255
1413
1538
1300
1228
1075
856
329
-160
-270
-157
-27
-393
-489
-357
-287
-732
-1267
-2130
-2482
-2682
-2471
-2057
-1766
-1317
-683
96
871
1207
1415
1696
1704
1679
1263
614
133
93
121
86
-29
-244
-197
-304
-477
-990
-1264
-1368
-1235
-1101
-1030
-809
-345
380
836
1350
1628
1769
1732
1376
794
128
-641
-817
-666
-360
-78
8
219
264
190
45
96
190
120
14
-40
-108
-138
-151
-5
-6
0
25
-226
-230
-284
-433
-585
-803
-832
-798
-628
-183
41
439
578
773
1192
1510
1673
1647
1440
889
515
112
-162
-320
-387
-192
-427
-776
-965
-1121
-1348
-1401
-1379
-1301
-654
-245
2
135
41
126
274
439
485
637
525
280
170
-121
-330
-585
-692
-660
-735
-1031
-1375
-1153
-935
-528
-27
552
1160
1511
1656
1530
1446
1306
994
656
500
411
437
298
202
160
133
-112
-216
167
574
671
596
180
-218
-382
-484
-449
-257
27
118
402
511
371
182
-19
-290
-694
-1033
-1472
-1525
-1673
-1665
-1369
-1109
-794
-406
96
133
-39
-323
-523
-382
-260
-115
176
610
855
839
573
336
57
-391
-718
-859
-802
-719
-387
19
728
1184
1586
2051
2572
2986
2863
2553
2105
1449
792
235
153
500
873
1018
794
443
-42
-475
-970
-1219
-1518
-1703
-1563
-1733
-1518
-1095
-749
-344
-136
-39
238
376
275
70
-443
-999
-1279
-1500
-1702
-1526
-1470
-1346
-1255
-1322
-1574
-1679
-1696
-1271
-1113
-1079
-1045
-766
-164
139
486
886
1388
1846
2199
2072
1915
1661
1176
832
722
701
964
1241
1668
2010
1990
1610
1349
1265
929
563
55
-222
-405
-445
-537
-208
91
339
569
620
762
662
342
-130
-527
-1070
-1330
-1137
-1046
-563
-499
-459
-378
-504
-650
-842
-939
-1177
-1517
-1962
-2168
-2233
-2211
-1947
-1691
-1540
-1265
-1290
-1237
-1390
-1297
-984
-513
-75
264
661
1094
1543
1974
2024
2205
2195
2376
2666
2420
2073
1688
1370
1101
927
809
889
999
996
1026
741
258
87
92
108
29
-61
66
254
590
675
910
1155
1215
955
670
535
235
-118
-804
-1179
-1459
-1678
-1694
-1574
-964
-722
-1014
-1214
-1382
-1541
-1765
-2059
-2022
-2083
-2283
-2354
-2297
-1649
-1126
-682
-288
-1
354
338
6
-297
-475
-611
-449
-90
357
918
1342
1690
1715
1798
1826
1775
1894
1742
1622
1405
1089
1002
1020
1044
1040
1018
990
899
578
162
-87
-260
-314
-100
79
151
293
463
392
265
144
33
240
265
152
-6
-285
-628
-832
-857
-719
-480
-411
-352
-515
-769
-1244
-1861
-2245
-2460
-2495
-2419
-2036
-1717
-1495
-1359
-1018
-723
-527
-212
-24
236
391
98
-121
11
148
548
1057
1741
2550
2924
3017
2908
2860
2703
2483
2072
1626
1234
564
69
-324
-815
-1041
-1031
-802
-637
-732
-815
-1053
-1286
-1415
-1361
-957
-434
18
432
818
1142
1314
1316
1537
1559
1397
1062
616
303
-395
-1110
-1612
-1743
-1900
-2157
-2439
-2520
-2479
-2639
-2928
-2744
-2248
-1745
-1059
-411
201
680
894
1012
1392
1678
2011
2265
2303
2356
2082
1527
1152
1093
1004
879
732
475
324
221
307
176
39
-140
-173
-148
-90
-184
-408
-475
-513
-250
-24
244
420
687
835
631
265
56
27
175
247
68
-5
-125
-99
-67
28
-130
-409
-885
-1215
-1393
-1632
-1980
-2140
-2038
-1907
-1440
-1047
-581
-56
206
314
252
147
69
173
413
593
663
731
935
1106
1339
1323
1146
899
703
331
-91
-428
-595
-661
-614
-414
-188
95
488
758
851
798
728
696
751
816
789
739
694
788
888
941
812
648
299
-68
-481
-944
-1265
-1624
-1674
-1446
-1237
-989
-709
-639
-652
-640
-676
-923
-1200
-1233
-1042
-801
-505
-387
-200
105
386
598
478
366
285
-65
-485
-713
-758
-678
-314
-274
-139
-41
-170
45
230
278
183
102
134
431
638
808
1047
1205
1362
1400
1500
1476
1342
1100
893
572
320
443
523
485
736
837
698
350
107
-268
-465
-589
-860
-760
-623
-384
-124
193
330
366
94
59
75
-39
-374
-651
-907
-1027
-907
-627
-352
-126
-50
-413
-705
-1000
-1162
-1288
-1391
-1233
-981
-732
-567
-600
-398
-57
27
71
225
384
480
554
358
268
347
606
1038
1264
1375
1553
1486
1461
1293
1032
684
416
277
131
-190
-324
-308
-249
-217
-385
-404
-411
-229
-219
-236
-194
-165
-150
-20
358
816
1193
1328
1412
1250
913
530
255
79
-316
-878
-1399
-1564
-1550
-1541
-1657
-1723
-1737
-1721
-1789
-1749
-1665
-1545
-1422
-1191
-787
-623
-227
412
834
1278
1491
1529
1464
1253
994
679
478
299
217
161
81
94
195
253
395
416
146
-23
-113
-227
-186
-238
-58
257
362
578
709
825
778
648
436
398
460
418
386
482
787
1195
1482
1573
1858
1800
1428
896
334
-277
-1012
-1694
-2114
-2194
-2289
-2196
-2116
-1716
-1323
-1146
-883
-848
-413
-168
-114
101
329
508
558
665
816
832
850
679
357
-45
-435
-810
-1311
-1592
-1764
-1674
-1750
-1840
-1809
-1482
-1041
-661
-390
-126
260
510
627
1008
1353
1819
1982
1982
2112
2166
2202
1827
1689
1542
1156
641
264
58
-5
-183
-283
35
151
79
-14
61
301
324
4
-215
-233
-123
-94
-307
-317
-338
-447
-397
-239
-132
-90
-7
197
456
416
259
-78
-428
-781
-1176
-1429
-1485
-1532
-1576
-1647
-1560
-1519
-1464
-1248
-1002
-871
-731
-443
-400
-136
124
371
752
1249
1625
1811
2091
2086
2002
1846
1484
1438
1234
1049
793
608
476
53
-246
-608
-575
-620
-681
-738
-844
-975
-884
-538
-61
394
811
1243
1478
1618
1441
1136
882
580
306
-104
-258
-440
-710
-869
-1053
-1209
-1163
-1089
-1192
-1164
-1191
-1253
-1242
-1300
-1241
-1277
-1343
-1186
-938
-659
-228
54
262
271
244
254
264
438
525
536
578
811
944
992
872
734
476
164
-57
-210
-383
-689
-779
-849
-678
-378
191
481
564
560
413
347
269
454
399
418
497
509
817
924
1244
1449
1460
1291
1016
1029
843
439
19
-436
-828
-1188
-1357
-1409
-1244
-1111
-932
-733
-732
-509
-298
-82
41
-77
-26
-2
71
118
305
477
552
474
331
293
233
166
-8
-147
-53
-157
-412
-521
-429
-384
-628
-837
-792
-696
-648
-699
-702
-603
-406
-84
161
422
805
1178
1486
1740
1790
1620
1535
1420
1208
821
420
227
23
-286
-387
-620
-615
-761
-765
-677
-755
-662
-620
-574
-393
-136
-119
-47
144
212
167
66
-47
-70
-140
-165
-145
-95
-134
-135
-142
-196
-405
-658
-955
-1044
-898
-714
-702
-802
-754
-643
-552
-378
-282
-314
-312
-272
-50
81
60
44
121
312
399
544
841
1178
1472
1525
1587
1561
1561
1313
1072
977
1009
662
306
31
-180
-313
-666
-928
-1118
-1101
-1164
-980
-677
-147
197
702
1236
1221
976
817
682
411
-18
-414
-744
-1015
-1326
-1531
-1543
-1441
-1217
-1206
-1115
-910
-644
-516
-416
-388
-356
-279
-139
236
550
659
720
621
702
503
329
332
211
222
1
24
216
217
354
691
868
1041
1143
1253
1200
1173
1092
953
664
439
493
537
500
234
-40
-334
-500
-622
-790
-835
-802
-825
-1007
-802
-583
-295
10
325
533
764
862
566
276
26
41
-179
-469
-806
-851
-852
-856
-1018
-1171
-1085
-863
-620
-304
9
35
-8
-161
72
442
449
511
343
280
156
-125
-386
-597
-628
-768
-739
-723
-633
-209
138
413
737
883
969
987
1174
1209
881
719
563
470
259
62
37
169
415
169
-191
-291
-284
-266
-476
-866
-1079
-1036
-871
-468
-119
192
522
751
951
1172
1079
960
657
482
87
-365
-572
-645
-492
-619
-730
-811
-748
-627
-494
-341
-327
-239
-110
-207
-97
-43
94
409
624
823
679
409
135
-220
-515
-661
-764
-795
-512
-238
-88
-36
167
290
373
440
403
440
457
196
11
-25
-267
-469
-356
-208
21
84
67
119
98
-31
-279
-396
-392
-137
234
554
783
893
933
937
998
849
994
829
580
385
249
113
-73
-211
-420
-266
-366
-534
-696
-700
-567
-609
-552
-303
1
117
262
322
456
491
232
48
69
59
-176
-554
-872
-1076
-1169
-1380
-1548
-1272
-1154
-1062
-911
-761
-528
-432
-350
-280
-175
-116
235
497
671
736
703
776
720
734
784
838
926
886
689
589
534
501
696
635
598
654
743
714
628
388
263
98
-14
45
-31
51
60
280
371
319
362
370
383
328
297
125
-65
-215
-333
-485
-538
-699
-904
-1032
-1075
-1022
-1135
-1228
-1226
-1121
-1119
-1046
-966
-940
-670
-374
-361
-154
119
480
650
581
657
698
758
858
949
859
606
366
258
204
57
31
-44
10
87
28
-12
65
214
160
24
49
253
224
159
48
-31
110
112
73
318
446
438
403
486
557
404
24
-178
-230
-361
-504
-779
-706
-680
-840
-725
-675
-868
-968
-1163
-1107
-1088
-1162
-846
-366
13
307
476
724
996
983
968
724
759
624
609
531
454
620
637
574
450
517
233
48
-168
-261
-323
-267
-59
68
232
183
196
161
287
297
296
305
317
277
-67
-230
-150
-29
132
155
170
250
252
129
-124
-392
-592
-526
-495
-497
-399
-542
-631
-615
-423
-257
-342
-390
-313
-175
-198
-338
-338
-428
-459
-342
-292
-168
30
88
114
99
7
227
347
368
500
545
617
537
432
464
371
402
574
474
490
240
135
120
122
146
56
-23
-144
-134
-81
7
-14
60
30
-53
-126
78
78
-195
-476
-645
-730
-666
-627
-411
-189
-226
-62
-147
-153
-181
-338
-332
-316
-386
-390
-486
-482
-253
-113
-126
-93
-36
262
441
462
493
340
297
111
-38
21
285
390
361
293
229
56
-7
19
254
226
123
106
139
249
109
72
80
228
235
145
317
430
311
52
-84
-64
46
125
190
136
6
-131
-193
-113
-203
-248
-213
-379
-316
-250
-445
-475
-399
-378
-269
-78
91
222
339
448
492
562
650
790
807
827
793
562
512
533
414
358
355
417
255
-10
-277
-426
-495
-895
-1093
-1021
-945
-956
-789
-582
-366
-285
-434
-505
-392
-101
-82
-22
76
44
-21
-100
26
110
-41
-173
-128
-284
-283
-238
-236
-107
96
106
104
127
78
110
88
213
203
347
628
656
513
388
243
146
165
290
567
684
561
431
209
-14
-74
-37
33
-127
-30
-47
-78
-100
-261
-299
-379
-203
-84
122
350
334
128
-172
-377
-452
-484
-638
-779
-752
-889
-917
-806
-602
-322
-199
-253
-292
-298
-275
-248
-424
-574
-674
-454
-233
-24
213
390
519
639
727
649
772
1124
1365
1473
1490
1414
1435
1352
1365
1343
1226
804
443
5
-454
-848
-1151
-1037
-857
-770
-741
-546
-356
-332
-270
-145
-128
-48
11
24
-84
-34
120
229
378
525
478
352
283
184
-244
-683
-899
-1119
-1233
-1441
-1549
-1575
-1501
-1353
-1258
-1173
-929
-611
-251
79
345
355
332
574
859
1004
1194
1178
1155
1199
953
632
600
375
348
108
68
197
198
159
98
42
-3
48
-55
-60
-222
-291
-374
-338
-250
-334
-361
-150
129
454
594
732
719
766
745
581
579
468
309
150
165
142
-5
20
-29
-341
-507
-540
-727
-780
-914
-1015
-927
-935
-878
-786
-605
-405
-246
-234
-273
-274
-56
182
486
797
827
707
687
756
845
922
941
803
594
395
55
-215
-202
-137
-82
-124
-282
-275
-226
-228
-33
-154
-209
-264
-424
-350
-316
-326
-345
-300
-385
-424
-415
-289
-17
230
363
501
758
781
693
656
568
513
385
272
114
-221
-478
-519
-545
-601
-497
-432
-385
-353
-459
-446
-425
-542
-474
-436
-364
-253
-421
-414
-302
-264
-54
43
201
200
268
256
279
346
446
564
616
591
400
420
346
-21
-263
-290
-278
-150
27
113
219
248
80
74
133
12
-74
-12
94
40
14
5
59
330
422
489
586
553
562
373
295
251
76
58
89
46
-20
-147
-175
-300
-434
-381
-377
-515
-586
-613
-603
-712
-639
-497
-239
40
48
43
175
313
138
101
308
471
629
654
580
834
814
734
510
185
-57
-251
-426
-548
-740
-894
-873
-813
-690
-586
-291
-2
51
141
155
162
117
135
305
585
726
786
737
623
630
539
350
263
167
-38
-137
-208
-175
-255
-410
-388
-297
-461
-537
-535
-664
-775
-766
-738
-586
-382
-245
-61
170
183
143
99
-28
-126
70
3
-133
-162
-251
-298
-172
-177
-313
-236
-125
-205
-231
-136
-160
-170
-211
-154
-103
44
220
193
137
121
173
265
535
746
667
773
901
949
906
865
802
642
385
248
-17
-133
-311
-539
-687
-669
-636
-507
-121
92
317
443
470
562
574
380
200
279
415
327
217
196
82
-25
-160
-203
-267
-380
-529
-662
-746
-774
-687
-674
-511
-519
-549
-376
-373
-342
-175
-130
87
268
428
444
438
332
377
474
524
327
115
95
-182
-328
-391
-512
-551
-508
-355
-180
-137
-53
101
174
228
258
292
337
226
101
38
-112
-119
-42
39
389
651
788
876
807
754
744
720
568
338
143
-143
-443
-581
-771
-754
-662
-455
-345
-501
-563
-592
-648
-650
-365
-91
85
244
361
431
627
681
720
600
488
352
115
-105
-256
-317
-338
-462
-586
-586
-544
-374
-383
-376
-268
-295
-379
-477
-644
-548
-359
-84
253
484
738
926
1031
1047
929
678
544
384
335
369
128
-20
-113
-66
11
172
190
198
181
-1
-269
-488
-499
-466
-577
-494
-307
-232
-234
-188
-107
-72
58
12
-88
-258
-272
-54
214
550
592
633
629
580
359
88
-272
-655
-1018
-1125
-1292
-1303
-1082
-730
-424
-446
-460
-351
-185
-220
-247
-204
-19
18
5
372
429
567
705
711
870
984
733
432
430
492
396
89
149
280
198
23
-53
99
162
173
335
167
-10
-167
-270
-200
47
193
358
464
494
478
363
365
356
238
236
12
-192
-276
-308
-304
-234
-236
-377
-539
-547
-550
-543
-653
-621
-477
-715
-799
-921
-886
-753
-462
-314
-201
116
434
569
574
509
402
345
316
459
383
275
254
297
345
203
178
218
130
109
18
-139
-94
-12
149
270
240
238
321
424
574
736
871
856
724
667
600
469
447
332
141
110
37
-208
-438
-466
-545
-438
-477
-452
-290
-318
-441
-473
-350
-444
-423
-412
-504
-501
-618
-651
-715
-971
-1009
-796
-611
-366
-148
-39
179
548
580
474
346
190
205
67
-108
-188
-33
268
306
219
132
149
307
341
247
290
263
125
73
116
90
314
498
487
202
97
109
153
79
-10
-195
-253
-159
-176
-116
-123
104
119
13
34
-22
-190
-409
-457
-546
-590
-469
-509
-474
-307
-67
-198
-166
-89
-381
-382
-300
-328
-308
-223
-133
-83
112
300
431
451
562
798
689
633
671
701
667
608
473
407
220
19
36
64
149
22
-5
-35
17
-117
-312
-130
178
567
778
705
574
497
377
253
-61
-160
-169
-78
-48
-162
-188
-207
-147
-254
-317
-266
-280
-190
-218
-246
-341
-563
-696
-666
-409
-270
-293
-334
-282
-439
-428
-351
-382
-295
-255
-135
93
119
127
82
211
239
198
32
74
49
-26
-56
-94
-112
-79
52
183
246
102
51
-48
-18
-236
-332
-224
-64
50
-21
116
466
519
513
537
583
580
500
437
282
203
18
-43
-236
-266
-297
-99
19
-98
-70
17
-37
-86
2
-74
-136
-287
-93
171
110
38
-17
-136
-298
-430
-282
-217
-214
-253
-256
-89
62
188
250
367
335
146
-83
-90
-251
-419
-419
-459
-621
-780
-808
-570
-223
21
77
195
341
251
418
684
849
743
562
547
494
547
582
661
629
544
350
227
132
-14
-40
-105
-4
69
23
-13
16
-4
-66
-180
-72
-5
-156
13
162
162
68
82
160
256
147
102
111
-264
-501
-746
-862
-908
-732
-531
-466
-433
-444
-474
-427
-388
-446
-412
-472
-343
-337
-413
-467
-360
-184
-105
38
137
284
495
625
662
604
575
331
249
368
159
87
50
92
133
282
372
371
268
236
228
209
348
429
409
479
592
555
709
717
564
533
456
436
326
15
-127
-260
-196
-182
-124
-45
-161
-261
-241
-340
-617
-960
-1011
-884
-978
-1079
-1154
-1016
-690
-606
-441
-194
-132
28
68
31
-11
24
-24
42
57
-33
-142
-10
249
329
206
262
519
367
220
34
-12
84
90
-51
-123
17
149
350
470
527
303
315
407
334
329
256
456
712
773
806
736
647
573
420
258
39
-160
-229
-340
-513
-495
-508
-520
-541
-698
-745
-825
-795
-838
-805
-862
-798
-692
-458
-265
-307
-154
-69
-18
-152
-127
-171
-163
-160
22
90
98
144
-33
-28
4
-42
35
23
-63
-50
16
140
276
198
459
782
787
763
758
743
659
642
507
552
460
499
530
458
404
258
220
333
418
431
386
386
218
-46
-61
-38
-91
-301
-483
-547
-590
-777
-830
-852
-727
-692
-596
-488
-442
-289
-226
-136
-36
-58
-153
-173
-250
-338
-325
-117
4
-57
-120
-72
-84
-82
-96
-132
4
107
-4
-4
-6
-64
33
263
607
932
1056
1119
992
798
573
400
464
336
236
216
227
171
125
57
17
28
-34
-147
-174
-174
-97
-25
45
137
93
288
344
245
-6
-171
-195
-355
-490
-796
-859
-834
-777
-808
-760
-655
-678
-589
-655
-549
-483
-415
-421
-374
-365
-349
-178
-39
97
50
119
261
242
133
-60
19
93
-54
-61
220
367
449
524
524
586
507
264
196
206
263
174
0
186
301
441
424
359
243
372
366
395
355
164
150
134
165
93
234
413
580
634
522
492
329
26
-283
-416
-760
-891
-724
-732
-754
-754
-744
-648
-669
-758
-694
-671
-528
-409
-277
-156
6
205
403
523
445
347
257
231
112
-8
53
3
-35
-111
-187
-105
68
149
190
166
200
80
173
221
146
233
340
507
589
636
644
714
681
542
416
300
194
137
-14
29
15
-4
77
51
104
67
58
-18
-175
-264
-371
-422
-443
-348
-385
-494
-408
-463
-536
-702
-823
-858
-805
-687
-557
-607
-492
-320
-101
170
286
277
272
304
115
-99
-205
-143
-217
-175
-57
-156
-110
-77
-185
-187
-133
-114
16
75
120
251
419
576
703
755
749
773
740
674
735
846
821
649
511
398
270
167
264
303
418
353
150
-38
-79
-177
-216
-219
-302
-278
-232
-308
-261
-114
-222
-159
-54
-84
-278
-480
-594
-643
-622
-696
-402
-318
-129
-157
-101
58
68
40
1
-48
-168
-226
-253
-238
-296
-368
-328
-284
-357
-336
-176
-79
-181
-286
-242
-231
-155
-80
84
284
247
266
137
131
287
428
570
459
458
498
384
269
291
264
387
577
454
305
208
-7
-107
-52
16
18
6
41
8
4
-75
-150
-95
-163
-81
43
31
109
80
-24
-66
-76
-200
-347
-198
-319
-240
-231
-151
-253
-472
-390
-282
-131
49
87
60
110
-8
10
161
141
80
-47
-137
-30
-97
-147
-71
-19
109
174
231
353
512
464
232
151
255
274
197
234
145
125
274
183
236
194
191
158
100
-110
-258
-314
-236
-234
-284
-238
-215
-99
-174
-167
-84
-171
-248
-233
-165
-92
58
151
347
397
422
355
152
73
-56
-281
-353
-311
-427
-404
-384
-261
-156
-151
-160
-260
-193
-52
160
172
117
34
-19
-11
-130
-125
-76
-59
-61
-22
162
-16
-76
22
103
279
235
368
363
367
250
239
213
186
-49
-88
-219
-307
-381
-443
-336
-226
-93
-85
-8
-71
-244
-342
-219
-34
8
11
55
-3
133
203
152
215
436
437
506
512
452
326
75
-204
-227
-182
-247
-125
-185
-152
-123
-144
-25
233
156
188
295
180
132
-26
3
135
135
83
191
416
338
192
83
156
203
70
-17
-126
3
-198
-212
-210
-156
3
52
42
-48
-111
-228
-247
-287
-288
-310
-264
-119
-71
-88
-179
-242
-159
-250
-305
-200
-80
37
89
-67
-221
-210
-194
-259
-243
-110
106
152
46
-37
-279
-284
-199
-223
-157
54
60
81
109
52
67
28
151
228
323
503
407
267
297
287
254
241
350
239
137
134
214
137
139
174
47
170
104
81
10
-4
-58
-279
-328
-173
-85
134
265
170
63
-51
8
3
32
-19
-177
-213
-189
-175
-212
-178
-307
-343
-247
-260
-195
-185
-264
-333
-341
-221
-194
-219
-192
-22
27
-7
-3
-75
5
164
278
116
-6
66
215
524
579
746
692
463
242
59
49
-25
-80
-132
7
-123
-91
37
95
129
138
163
87
77
-56
-147
-66
-34
-146
-226
-65
120
49
102
150
226
158
168
248
218
379
250
66
-61
-62
-62
-140
-99
-40
-144
-67
128
5
47
-102
-154
-153
-175
-300
-216
-110
-144
69
49
-2
49
-40
-55
-184
-256
-254
-179
-99
29
230
278
204
31
-119
-325
-404
-479
-508
-424
-296
-183
-66
-60
-4
-51
4
101
121
114
99
139
56
13
-143
-88
-113
-80
-65
-215
-187
-319
-267
-226
-228
-239
-105
40
186
351
430
421
323
163
43
-73
-79
-216
-242
-229
-213
-114
-62
80
150
237
247
285
225
73
127
73
181
213
133
105
111
54
117
-50
-90
56
4
65
142
242
332
323
215
-35
-259
-328
-185
-25
100
233
251
290
245
98
-15
0
-65
-16
-5
62
55
56
78
-74
-201
-230
-178
-93
-18
76
249
273
309
210
386
477
454
280
85
39
-133
-282
-349
-233
-298
-301
-182
-95
-158
-286
-334
-225
-306
-312
-183
73
336
334
276
243
112
-8
-115
-69
-86
-247
-247
-202
-84
-201
-255
-211
-60
9
28
-29
-11
102
165
104
-55
-156
-77
-128
-126
-86
0
58
-42
58
44
31
123
155
249
267
256
67
13
-66
-67
104
158
236
194
111
-28
-174
-397
-383
-301
-115
21
-50
-172
-143
-84
-36
-9
-100
-7
-8
95
156
125
51
108
184
300
302
381
413
319
147
-30
-97
-260
-296
-292
-305
-370
-250
-142
-70
-53
-126
-92
10
104
-5
20
155
107
29
30
168
38
57
156
39
-47
-106
-59
-6
-16
-104
-183
-137
-117
-75
-61
8
37
-36
-179
-459
-426
-256
-134
-27
121
184
376
607
418
229
181
207
176
272
168
62
136
56
22
-44
-86
-98
-125
-164
-151
-183
-197
-168
-202
-270
-272
-116
-95
-3
-50
-87
-39
4
161
199
76
-7
-101
-253
-173
-91
-73
-74
-3
-19
77
62
-48
-27
2
223
350
299
278
218
120
-46
-25
80
349
518
383
297
376
414
320
255
193
189
138
170
165
190
188
73
13
61
-24
-43
27
29
-65
-184
-56
-2
82
