600
-209
-270
419
-281
435
-376
522
-432
374
208
95
244
-125
294
-298
28
568
-416
454
-12
169
-299
45
334
-551
988
-759
749
-668
569
-616
443
-111
-209
426
-560
532
-318
74
-192
194
-542
386
-339
182
-434
383
-343
231
206
-17
249
-343
369
-499
577
-459
404
-270
331
-282
309
-272
-102
138
-373
617
-579
756
-650
287
-193
-38
-69
8
384
154
256
-113
321
-405
260
-57
153
185
-303
413
-540
722
-344
507
-145
134
127
1
322
-361
415
-386
494
-515
390
-349
227
-435
234
-202
-101
289
-542
835
-1000
645
-726
156
-185
78
-91
-358
-95
-518
126
-294
-31
-441
294
-665
344
-886
405
-1061
795
-785
259
-452
-201
139
-1042
1071
-1432
1081
-1167
860
-986
446
-325
-79
164
-305
627
-1194
791
-768
424
-603
626
-486
-213
210
-342
296
226
94
-17
13
-143
19
-116
219
201
-134
173
210
11
392
105
164
-537
869
-312
336
195
217
335
-159
509
84
-141
423
319
117
57
122
268
-397
1122
-786
1154
-811
1196
-648
457
137
-408
824
-769
1314
-1294
1338
-886
850
-643
625
71
-120
365
-288
287
-376
222
226
-282
219
-190
-69
-113
101
-88
141
-46
233
-459
343
-151
77
314
-233
138
-294
268
-864
816
-464
-12
-86
47
-52
-140
273
-341
261
-243
404
-493
286
-585
887
-702
426
-62
-321
43
20
437
-784
642
-532
311
14
112
-129
-124
252
-128
101
-112
67
-311
-178
241
-229
92
-183
-20
-239
46
-5
-164
93
-339
31
-598
399
-553
378
-369
-204
-9
-308
39
-334
22
-313
126
-53
-197
174
-435
397
-431
247
-214
-4
-203
-174
194
-120
1
88
-390
-53
6
-7
-17
179
87
-341
129
135
-41
-2
80
95
141
-297
534
-635
411
-225
410
-116
211
270
-486
685
-452
268
-226
572
-422
373
155
-334
194
258
57
132
-59
75
-278
461
-73
210
-53
-29
148
-345
657
-469
529
-285
445
-199
-354
523
-623
755
-853
595
-818
439
115
-208
79
113
-246
170
-30
-103
77
19
278
-354
219
-223
340
-261
156
111
-472
185
-14
-183
-34
147
7
-247
552
-12
64
-156
250
-268
66
543
-572
329
-292
347
-369
199
62
-10
52
106
-12
-234
457
-252
179
207
-149
485
-421
519
-380
-113
-20
306
-406
333
-122
107
99
-122
133
-294
256
-151
-50
261
-457
724
-963
704
-120
-189
312
-451
186
-606
787
-825
575
-448
160
-182
-150
235
-625
907
-945
662
-558
340
-200
-208
343
-531
548
-759
584
-1043
923
-651
260
38
-584
424
-658
816
-759
678
-678
670
-601
63
306
-180
-68
-75
232
-630
843
-409
488
-52
137
-1
-424
822
-457
547
-618
609
-547
224
447
-141
-82
450
-222
-21
256
-110
199
-141
516
-811
619
-786
988
-838
1023
-877
268
-92
-194
299
-180
192
-527
468
-472
481
-274
287
-686
709
-653
701
-482
654
-591
163
213
-554
667
-679
609
-672
1025
-811
636
-499
550
-627
242
-149
98
42
29
191
-542
531
-856
1176
-1284
1347
-1008
682
-437
340
-363
75
335
-576
972
-1084
1213
-1033
682
-391
186
119
-460
853
-980
1099
-725
542
-621
566
-127
-166
623
-624
497
-702
735
-1016
1030
-833
652
-968
931
-900
737
-625
415
64
-513
831
-952
641
-449
751
-1110
964
-798
736
-681
818
-981
634
-260
-108
-9
-142
-78
108
-432
128
-56
-182
147
-168
-128
-2
213
-132
212
-439
431
-658
792
-757
345
-131
204
104
-98
41
-146
236
-245
119
137
-145
314
-10
-267
-31
-26
37
23
255
-177
321
-792
523
-551
511
-55
362
-369
5
239
-411
292
-137
122
-69
-123
325
-188
46
108
-318
770
-1193
1626
-1723
1390
-903
462
-585
178
358
-881
1229
-949
866
-1439
1294
-1036
683
-516
615
-1009
821
-476
210
-202
151
-135
-261
218
-228
106
-386
722
-608
330
-329
602
-1055
905
-328
361
-5
328
58
-64
407
-230
412
-137
726
-330
532
48
340
143
-34
445
-317
224
114
-65
-90
488
-118
279
-113
85
68
64
311
-234
147
-176
409
-345
229
-482
375
-442
484
-64
-317
94
-219
263
-691
658
-543
144
-96
159
-428
192
-360
45
-408
559
-799
431
-314
-366
180
-461
848
-1018
783
-765
149
-132
267
-329
-133
185
-448
63
276
-95
-172
192
-409
217
-316
380
-58
52
-381
344
-288
365
-140
376
-548
421
-39
-30
22
250
-101
-97
585
-166
9
32
188
-636
674
-274
136
-234
517
-737
449
32
-222
-11
131
-79
-296
-84
245
-533
232
280
-395
136
-78
-245
16
83
-120
-250
645
-464
240
24
-264
19
322
-288
174
-328
148
-234
-340
732
-760
807
-1216
1081
-1035
714
-99
-195
-44
4
-123
-30
198
-82
246
-430
679
-541
374
-150
420
-448
788
-76
-67
131
401
-405
230
428
-171
504
97
-146
-204
585
-506
901
-654
1019
-1055
980
-767
746
-247
308
91
-750
694
-885
998
-995
1341
-1372
1016
-928
-33
213
-461
522
-782
448
-603
13
-609
267
-424
-9
134
57
-779
508
-554
128
31
-9
-419
412
-583
551
-626
449
-451
217
295
-423
602
-1013
722
-462
348
-118
305
-259
147
460
-307
310
235
-316
199
-352
982
-574
827
-992
802
-739
471
269
-53
304
-314
885
-1072
1151
-832
672
-379
666
-306
-245
752
-811
494
-108
360
-315
33
112
-374
144
-67
575
-547
544
-536
-267
396
-183
-113
172
-201
-18
-109
150
-118
30
455
-842
680
-585
111
-162
508
-491
136
91
-2
169
154
79
-429
121
-334
184
308
-436
194
-780
615
-313
221
10
406
-466
175
107
-479
666
-604
550
-640
692
-783
403
-70
338
-82
103
-396
387
-748
395
407
-122
64
-79
-85
-458
698
-524
427
-307
361
-432
349
-526
278
-399
571
-293
422
-581
83
-130
-154
-4
36
-214
-18
377
-657
290
-309
303
-239
255
-780
246
42
-135
237
-288
-163
148
-268
23
243
-362
271
63
-237
296
37
102
-112
342
-213
256
-205
345
-214
339
-100
320
-124
-144
711
-777
1007
-493
473
-403
548
-385
226
398
-76
408
-405
318
-297
687
-369
622
-200
93
37
-194
243
-63
212
-143
394
53
17
277
-403
416
-342
468
214
-345
253
-286
101
89
-51
-121
-333
274
-274
-216
-15
-152
101
-201
-122
-493
128
-166
-35
56
-380
91
-204
-511
-97
161
-299
-208
-86
-305
-356
141
-217
-171
191
-562
94
-76
119
-255
140
-426
385
-744
813
-1020
845
-660
512
-93
-372
491
-500
599
-430
716
-751
585
-492
341
-193
103
216
19
186
78
-278
509
-287
183
-241
419
-179
553
-373
455
-69
-2
344
-52
241
-59
78
-127
166
-7
518
-589
466
-318
297
-43
438
-22
-203
420
-584
416
-52
159
-106
186
-291
407
-251
-42
205
-300
509
-163
395
-617
562
-234
-104
473
-155
165
-109
186
-127
222
-68
-77
657
-525
492
-219
67
104
-104
24
-266
428
-240
40
172
-291
185
111
117
-237
-100
-270
533
-22
202
-166
-172
222
-294
302
-273
141
-144
258
-291
167
-554
352
-624
810
-462
132
-91
154
-346
409
-120
-366
645
-435
314
-1047
1162
-1210
837
-477
-5
-68
-481
689
-966
802
-793
115
-550
291
-221
-57
58
39
-149
-39
76
-651
596
-170
-20
-187
-395
848
-1393
1111
-716
443
-209
167
-40
-86
406
-60
-203
136
77
-473
322
-423
228
-246
706
-935
649
-514
499
-158
313
-328
89
299
-483
574
-579
594
-918
1195
-1055
703
237
-787
558
-218
582
-713
995
-883
492
-23
564
-879
895
-1029
686
-436
314
21
-432
546
-650
497
-405
-352
717
-605
762
-530
-278
410
-316
459
-185
534
-650
-73
309
-52
133
236
-612
88
-267
997
-804
976
-421
384
-518
1006
-950
569
-133
655
-164
109
102
-468
294
-82
622
-496
289
284
-476
191
445
-236
346
-50
104
-505
1297
-820
909
-767
550
-1124
1064
-497
567
-996
660
-410
-322
882
-920
529
-338
1083
-925
394
-125
-154
-119
348
-88
-213
189
-78
-145
125
-666
106
513
232
-586
666
-1194
421
-351
253
-324
275
-527
-281
511
-1010
653
-452
750
-1599
825
-246
55
86
-112
238
-1005
1205
-1045
420
76
-335
-66
-44
336
-356
26
256
-207
67
346
-489
624
-609
671
58
-211
130
-341
361
-453
392
-465
687
-625
210
-298
580
-335
846
-711
39
175
-102
536
-513
537
-454
366
-173
86
-443
725
-913
755
-908
822
-699
282
75
-137
119
-400
322
262
-143
282
-374
-196
438
-1083
1389
-884
360
-30
-172
620
-576
417
-507
695
-420
-61
190
-247
121
-370
275
-257
-225
783
-514
711
-246
-47
-139
-85
658
-459
921
-1049
855
-982
1183
-781
1192
-323
259
34
-695
700
-623
879
-853
690
-90
421
-664
507
127
-49
461
-280
454
-1287
785
-969
1073
-707
727
-667
268
-216
224
-313
384
92
-645
575
-837
294
-105
1006
-1124
909
-1648
1431
-355
545
-6
-557
167
-930
1077
-221
-65
561
-720
45
136
-856
817
73
215
-950
358
115
-600
583
-96
-60
-257
193
-512
172
-190
403
-342
-210
-13
-515
1215
-1006
1420
-2188
1954
-1460
491
-279
546
-494
485
-352
-265
213
38
670
-943
1311
-1596
1287
-1276
1159
-595
91
-259
-149
674
-376
170
-308
521
-1031
1260
-1050
611
-508
201
-470
173
219
-822
681
-641
440
-471
186
-70
275
-592
358
30
-969
1438
-1442
873
-482
871
-1075
1022
-476
-310
836
-462
-44
-14
-206
187
528
-464
476
-130
-114
113
328
-478
405
73
-169
397
184
-409
515
-146
778
-615
184
-306
937
-348
104
8
-358
430
11
417
-194
209
-630
855
-515
1073
-1185
421
-185
249
-234
17
-148
21
267
0
582
-844
792
-891
708
-332
369
-242
-140
-86
-78
287
-280
335
-109
85
-76
293
-819
464
-35
-76
116
173
34
-832
959
-876
429
258
264
-776
809
-262
-228
2
264
354
-784
1002
-845
-49
101
386
-493
319
-136
-328
-51
172
207
-200
402
128
-621
-128
342
-188
-204
478
361
-1172
933
-499
-18
-285
695
-401
-530
1036
-1011
232
-88
633
-963
615
-571
944
-1446
1555
-1083
253
-308
635
-553
-509
1432
-1576
643
-634
1135
-1784
2002
-1318
639
-708
505
-201
167
199
-451
-54
-403
561
-249
42
0
286
-608
493
26
114
-167
416
-596
223
-149
477
-371
594
-689
289
-29
215
281
-776
900
-1006
623
-261
530
-288
-244
432
-503
183
1
296
-461
463
-644
116
210
-139
-230
158
294
-454
219
60
-386
235
-390
476
-847
700
-726
400
230
-312
656
-697
240
-143
133
-97
-97
501
-652
632
-531
459
-288
441
-84
-22
-96
-497
821
-606
896
-897
1105
-677
529
-542
747
-605
487
-68
-2
22
-49
194
356
-415
413
30
-229
107
687
-518
-220
1291
-1429
1241
-543
659
-1075
1255
-287
-130
-28
74
-283
-5
904
-534
-157
-182
416
-948
828
88
142
-454
407
-491
88
45
185
261
-869
658
-803
298
137
-224
107
-461
600
-599
159
-30
-574
463
-646
751
-917
379
-391
805
-1007
672
-594
473
-554
425
-332
-95
921
-1239
1695
-1754
1223
-997
655
-19
163
-613
425
-60
28
-116
362
-305
-164
191
-501
439
8
-829
650
-223
396
-381
313
-362
-363
934
-837
822
-961
1113
-1273
1231
-1024
654
-604
723
-100
-398
-140
-51
493
-364
-33
155
40
-305
633
-673
436
-193
210
-411
968
-1156
486
203
133
-811
904
-395
299
125
-542
-70
-296
1117
-1236
1273
-726
122
-297
-362
384
-194
1065
-605
-61
150
-321
774
-682
820
-593
647
-516
9
831
-1039
1348
-549
907
-1123
1453
-1342
491
436
-358
252
-179
651
-796
720
170
-180
-156
541
-365
88
-325
647
-881
456
-210
-382
246
283
341
-755
537
-466
-167
376
13
47
-681
768
-165
-420
28
260
-657
811
-532
-92
-440
144
137
-434
724
-817
521
-1293
1365
-732
-51
391
-196
-626
684
-441
286
-168
551
-827
474
-356
517
-1004
1256
-753
209
-170
-158
565
-972
1854
-1737
1070
-1167
843
-782
1267
-787
607
-795
576
-785
851
-314
35
255
-472
325
-873
582
-816
1140
-707
372
-742
399
-207
283
-128
-10
-473
148
-214
575
-736
717
-372
131
-335
210
-532
78
530
129
-728
-42
355
-29
355
19
55
-669
303
193
284
139
770
-1398
746
-810
1982
-2108
2199
-1298
963
-596
662
-422
-7
900
-158
631
-497
492
-1157
1875
-1035
513
-436
558
295
-205
434
-399
199
253
-96
297
-744
1312
-927
919
-303
-238
-703
588
361
-294
637
-787
64
-534
1438
-1018
895
-1111
604
-469
122
-26
-294
-129
446
-380
-482
1023
-729
-265
-170
529
-1490
1277
-156
563
-1889
1330
-1574
463
385
358
-440
-603
844
-1461
1019
-486
330
-1056
865
-854
776
-924
763
-403
-616
332
23
-223
409
363
-357
-1113
1280
-964
399
348
-120
-287
-411
899
-513
403
-27
-215
-350
739
135
287
-937
741
-703
70
1137
-361
-495
319
147
-471
173
844
-577
378
-407
759
-926
369
1143
-770
44
129
-183
-337
790
-118
236
-711
1304
-984
-275
1548
-1735
532
152
719
-1257
621
274
-808
39
91
109
-62
506
-429
-427
300
-46
515
-527
395
-148
168
-537
632
-459
-428
1206
-805
903
-1528
1829
-1907
1458
-352
200
-880
838
-454
-702
1367
-1027
479
-125
-216
204
-16
659
-683
483
-372
-71
179
186
578
-1024
879
-905
725
-385
635
-987
1156
-898
951
-1150
1011
-117
-194
-462
280
-243
77
717
-450
-336
372
-308
-433
1032
-560
749
-693
717
-1268
881
-1075
1341
-1005
994
-1265
494
-49
-30
106
-261
131
-618
984
-721
543
-799
-32
-66
188
-292
391
-152
-122
188
-49
-526
462
-151
-75
694
-635
-86
-467
217
239
-225
422
-118
-34
249
-226
329
-727
503
81
579
-758
753
-974
533
-718
1511
-1228
571
371
155
-54
-305
604
-496
1426
-1187
1073
-1195
854
-595
1252
-464
255
-361
-106
852
-652
925
-791
731
-707
305
21
366
-726
417
-8
-229
609
-641
419
-718
429
241
-316
-101
-147
36
-289
23
266
-318
52
-194
-46
-295
-299
867
-1292
562
-10
311
-1414
842
-287
-430
421
400
-1112
249
876
-1533
384
188
317
-620
240
412
-902
36
866
-559
552
-621
1238
-2207
1475
-406
379
-1125
1229
-885
203
324
321
-345
-524
1489
-802
109
558
270
-1369
761
15
37
-664
1196
-920
-423
547
-130
-239
962
-360
343
-750
876
-728
282
760
-57
-829
405
223
-518
177
1105
-979
581
106
-95
17
136
630
-1017
1204
-1014
721
-717
1115
-498
116
-114
220
-520
187
171
-318
190
-381
395
-182
-400
461
-667
51
556
-154
-537
-116
320
-10
229
369
-697
243
41
-42
-43
70
234
-519
442
-756
1287
-1195
656
44
-268
328
-84
-484
-17
146
-41
425
40
422
-1421
660
-430
670
67
169
35
23
-481
309
-145
473
418
39
-96
289
-711
-287
692
-272
479
-170
124
-1170
1022
-1342
646
-582
635
-529
172
-1364
800
-991
59
190
-1140
650
-1186
398
-393
596
-1112
616
-141
-6
546
-47
-49
56
769
-4
1142
-931
937
-151
412
1086
13
657
-30
743
130
27
1088
-742
727
111
-1106
566
-403
-721
307
-931
-499
-1050
-1095
-460
-744
-1288
-778
-578
-1023
-1152
472
-1840
293
877
365
-1
340
-413
681
1399
771
1608
-92
1700
441
1811
848
1350
1411
1243
2394
1228
990
421
350
257
681
336
209
-432
-583
-710
-1285
-1759
-1298
-1748
-893
-1678
-1196
-1986
-2215
-1899
-2883
-1814
-1977
-1549
-1909
-1331
-1576
-812
53
399
-97
-241
-3
1802
2448
1702
2353
1414
1090
2575
2828
2323
2617
3407
2605
3141
2679
1741
630
1381
2046
1491
2005
1001
297
-1600
-29
-531
-2187
-116
-1631
-1349
-3008
-1362
-4641
-3239
-2852
-1785
-3597
-1983
-2860
-5128
-2320
-4923
-1833
-5366
61
-1964
486
142
-81
-1846
-1074
2974
3461
4352
3762
4830
306
4784
3995
4609
4024
7095
5429
5165
5498
3306
-113
1500
4067
1521
3163
2583
-477
-2568
-843
-2277
-4807
-1568
-1842
-2632
-4144
-3576
-8859
-7981
-4835
-4586
-4038
-3244
-5662
-7590
-6563
-6573
-5285
-5909
1924
-1118
2362
-1238
-1233
-3712
3427
7125
7254
8084
6403
3549
3078
8046
5060
7030
8552
9857
7121
7029
3480
-1071
-476
3998
3457
2233
2815
-2000
-5339
-3714
-3569
-6735
-2902
-1913
-3473
-4863
-6427
-10639
-10580
-5827
-3784
-2014
-5266
-5188
-9687
-6459
-6703
-1534
1030
1273
4783
-491
-285
-1514
5260
6095
11064
9851
7310
2970
5557
6340
6137
9682
9954
8020
6532
7133
-334
-1949
-53
2468
373
3424
-427
-7001
-7568
-4587
-6123
-5906
-731
-5395
-5345
-5273
-6957
-12224
-7192
-5257
-3331
-3983
-3108
-8520
-8773
-6953
-2130
3232
1412
6676
-1154
-306
-1255
8232
6797
11077
11417
7048
4285
6245
7146
3699
10600
11294
9260
5458
6251
-4070
-3991
889
2206
-939
1136
-2953
-10631
-8590
-5690
-8159
-6839
-78
-5957
-6417
-7219
-9318
-12676
-5357
-2266
-2617
-4596
-5423
-10023
-8372
-4973
4222
3549
4626
5036
-1589
-3130
3698
10904
9061
14497
10598
4421
2009
8206
4515
7471
12778
11207
4467
4703
649
-7005
-1668
3694
1170
-1516
436
-10126
-11385
-6805
-4243
-6712
-711
-1912
-6701
-7924
-7506
-10180
-7448
-159
-327
-3629
-6697
-8552
-10208
-6734
1365
7460
3322
5883
-958
-4935
-2353
10860
11796
13389
12806
4555
-1783
4169
8856
6762
13020
13121
5784
426
2479
-5588
-3706
4347
5367
-557
-1317
-7372
-14193
-8089
-1649
-2045
-2795
600
-7465
-7299
-7391
-6757
-8245
10
1360
-1808
-6673
-9402
-10871
-7882
-31
6340
5846
1656
85
-5659
-4011
5170
14218
12078
12107
5420
-2336
-1672
7736
9697
12069
13762
6702
-1796
-1470
-1609
-2371
4474
7731
864
-5078
-7603
-12972
-9063
374
2079
-1633
-3125
-7608
-11075
-5722
-1758
-1172
-1235
21
-4521
-7924
-7794
-7093
-5222
-912
729
3055
773
-1638
-1895
-3477
330
9136
14425
8637
6125
-886
-3145
3794
12712
11708
9899
6953
-229
-2881
1934
1754
944
6343
2405
-4466
-8986
-8831
-10770
-2011
4877
-379
-6904
-8345
-11224
-6725
3927
2123
-246
-4237
-5128
-7773
-3397
-2596
-1993
-3123
-2011
-5876
-1085
1703
1496
4010
-325
105
1763
11652
7783
8585
3474
1129
2210
10154
9120
6337
7458
2862
1885
3267
2745
-3613
1604
995
-2389
-4735
-5223
-9833
-5981
896
-2296
-4921
-5892
-6117
-6050
3049
-275
-2708
-3774
-4322
-3859
-911
-1805
-4109
-5636
-5265
-4796
-2092
5697
1474
2675
-2618
-3247
-1125
11335
11140
8782
3933
-1048
-977
6870
11450
7189
9096
3760
847
107
2713
-2099
2439
3843
-1179
-6002
-6713
-10002
-6743
2231
-435
-4363
-7491
-6954
-7925
2949
2892
8
-1389
-4937
-5601
-3398
-212
-898
-527
-4646
-6061
-9364
-1002
4400
5788
2901
-2663
-5002
-1056
12982
10871
8989
1943
-1324
86
10199
10581
7744
7497
2504
1451
1437
2280
-3089
4122
2055
-1870
-7172
-8361
-10088
-3643
3748
-2408
-6478
-9656
-8159
-4316
6125
2313
-415
-3832
-6572
-5350
-2214
963
-345
-1285
-6435
-7345
-10103
2591
6199
6244
1277
-4594
-6212
2867
15501
10585
7041
-317
-997
1775
13360
9544
7301
4968
1774
905
2020
752
-1925
4369
-152
-3759
-10052
-9139
-9330
414
2428
-5252
-8949
-10995
-6010
1226
7649
-325
-1529
-5977
-5577
-3256
1254
750
-733
-2362
-8860
-8666
-7643
4899
7501
5758
-2543
-7268
-6818
6662
17135
10517
4371
-3361
-2428
3777
15910
10159
5949
2700
261
-1133
2933
2153
-947
4324
-1425
-7538
-12639
-8293
-6653
2621
2379
-7935
-12813
-9398
-1917
4277
8697
-2197
-3843
-5273
-1814
1176
2718
426
-1578
-4086
-7595
-6414
-4909
5493
8425
4041
-3832
-7606
-4715
7528
18686
10969
1747
-5425
-2752
5507
17305
11732
3457
230
-2318
-107
3724
3802
-1657
1670
-3406
-9701
-11719
-7512
-4903
1898
1519
-11471
-12997
-8077
619
6924
7946
-4210
-6886
-2115
1143
4274
2601
-1619
-5008
-3461
-5972
-5340
-4604
2099
7785
2241
-3083
-8173
-3733
4419
19100
10444
269
-5467
-2240
5911
16574
13408
-296
-669
-2016
2059
4031
5555
-4466
-1811
-2621
-8833
-9179
-6910
-3848
-2560
1864
-11889
-12263
-6415
2516
6013
6741
-4354
-7905
735
2829
5459
442
-3088
-5911
-783
-3657
-5393
-6469
-4023
5898
5263
-265
-7051
-5402
-575
13884
16065
2983
-2509
-2889
4084
11655
16512
1740
-679
1069
2221
3746
4770
-2648
-6028
1421
-5570
-7741
-8040
-4130
-5362
2038
-5074
-13511
-5679
466
6459
5531
952
-9377
331
4504
6053
1455
-2996
-5663
-3092
231
-5630
-4987
-7568
1899
6377
1716
-4280
-6704
-2296
6265
18938
7325
-659
-4199
1295
6967
16148
9500
-2543
1354
42
2472
2925
3184
-7154
7
-806
-7833
-8116
-5302
-4562
-2737
2455
-11751
-8246
-1483
4875
4029
4327
-5715
-5111
5689
4933
3203
-3808
-5558
-5888
914
-2431
-6666
-8413
-8103
4100
4925
-271
-6215
-5424
-1836
10693
16985
2359
-1791
-2652
4172
9053
17390
2023
-2327
1344
1475
3484
4728
534
-8097
2660
-3753
-6593
-5673
-2570
-5645
562
-1539
-12308
-3217
932
5643
2549
2468
-8281
-28
5888
3871
177
-5252
-5236
-3915
1836
-5369
-6702
-9777
-2179
5940
3384
-1681
-7215
-3147
1108
16975
9630
884
-2769
298
5809
13093
11316
-4027
1411
747
4253
4092
5060
-7072
-2098
2528
-5634
-3536
-3897
-3566
-4418
4873
-8411
-7549
186
2755
3552
4104
-1658
-8156
6510
3526
1771
-3811
-4208
-6206
1353
-840
-8658
-9974
-9574
-484
7006
2833
-5623
-8486
-4689
2471
17036
9039
-12
-3795
-360
4765
13874
11018
-2381
2343
1894
3583
5042
6712
-5477
-71
2986
-4863
-3037
-1722
-3082
-4375
3880
-7942
-6648
456
1558
524
1658
-4013
-6852
5498
2766
-90
-5402
-5946
-6458
403
-1222
-8389
-9244
-8976
-729
6499
1828
-6047
-7962
-2030
3016
17854
7414
-1977
-5639
1671
6276
15693
11531
-3471
1754
1559
6326
6378
8878
-4695
1009
2647
-3268
-1769
-888
-1365
-2977
5193
-8017
-5294
-1174
1068
244
1853
-4294
-6651
3836
-62
-2030
-7264
-6632
-6930
791
-2007
-9718
-10381
-10994
-156
6087
2717
-6173
-7882
-3224
2810
17968
5929
-197
-4941
4742
5957
17382
8565
-3081
3823
4443
9612
7048
8080
-8591
3467
3325
54
-579
-117
-4221
-4377
5466
-9897
-4005
-2115
124
-2707
1863
-6814
-7678
3038
-2207
-2792
-8504
-5706
-7624
1587
-3756
-9560
-10879
-8278
-919
6936
1944
-5034
-8685
-1251
1383
15667
9234
954
-2843
3780
7227
11929
14640
-2164
6259
5228
10695
4367
9724
-4273
161
7679
440
408
-2237
-1145
-8355
5614
-6159
-6495
-2156
-903
-4479
-2550
-4130
-12773
1707
-2478
-4266
-9972
-6124
-8406
-1702
-1123
-9956
-9297
-7190
15
5191
2377
-4505
-8170
1483
2015
16586
7897
1011
-3771
4784
7788
12050
14527
-2881
5863
4164
10171
2532
9643
-4005
1643
7930
-685
-1505
-3552
-844
-6999
7042
-6431
-6615
-3570
-1968
-5406
-3051
-3846
-11871
2117
-3083
-5872
-11489
-5382
-8115
991
-827
-9443
-11652
-5411
-2407
4633
4378
-2266
-6833
2684
2557
8956
12390
2266
2496
4247
12405
4912
16631
829
6057
6884
11707
4413
6743
4180
-3529
8781
655
1389
-3854
3031
-7949
548
-1577
-8206
-3219
-3158
-5325
-8355
-1497
-11500
-4247
-3704
-8307
-10542
-5290
-5323
-6248
-2541
-8423
-10405
-3031
-1473
2356
2186
1878
-6489
1712
3087
7207
14334
6016
4910
-1138
11266
2237
17612
5482
6727
5581
8535
3989
4141
7546
-4129
9190
2530
1714
-5575
1691
-7536
-1558
2894
-7885
-4871
-5793
-5603
-10405
-922
-9671
-7146
-3440
-7955
-10867
-7174
-4455
-8417
201
-6593
-7334
-5834
-483
-3641
5073
2739
469
-2081
5900
-476
11180
10589
5604
1595
5484
5562
6576
16542
2381
8572
3677
8998
683
11396
2314
2147
7253
1900
-1357
-1826
1163
-7454
3510
-2699
-7499
-6438
-3864
-7590
-5846
-3071
-12648
-5934
-5938
-5772
-7788
-4586
-7019
-5725
-519
-4550
-3221
-4920
1206
-4446
5339
2097
2972
-946
3743
829
3334
12424
2985
4876
180
8685
1242
15741
5580
4545
3620
8548
5171
7942
9756
-1360
5286
3262
1852
-3639
3308
-4182
-2352
592
-6733
-9074
-5396
-4646
-9020
-3505
-8177
-10264
-4968
-3758
-8201
-6860
-3263
-6631
-497
622
-4611
-4695
-101
-997
-663
3157
1334
-872
2753
-1191
420
473
9849
3761
5484
343
1352
4555
10068
11025
2907
5944
2764
8330
6343
9840
809
2462
4789
2484
46
-1027
-1649
-3700
-58
-3287
-9613
-7156
-4205
-3244
-4032
-4578
-10896
-7323
-706
-2147
-3518
-4843
-4103
-5168
2964
-1592
-2895
-1622
387
-862
-1904
-1050
-4436
2763
4501
2402
-3729
-1157
-146
5027
12146
5220
217
-927
5982
5055
10363
6583
1627
3771
7295
5186
1644
3390
-154
2861
4481
-480
-6025
-3013
-1077
-2436
656
-4308
-7853
-4112
-335
-2721
-3318
-3188
-5707
-2731
156
-2975
-4875
-2510
-3655
-3031
-664
-2885
-4138
-720
-681
-1707
-1859
-1036
-1230
2660
2307
1642
761
1891
2310
3062
4807
2047
4177
2934
3262
771
3410
2346
2693
3188
866
482
708
1957
10
1872
169
521
1007
1192
-776
-421
824
-60
194
81
-2071
-1792
-894
-831
-3398
-2753
-4245
-3485
-2308
-2633
-3937
-3511
-2103
-1787
-1037
-916
-1023
-10
1731
2500
1527
1555
2376
2273
1826
782
485
86
3868
2636
513
-3540
-2535
-2561
1411
2591
-1121
-3502
-2224
-1437
1118
3069
969
-175
2235
2060
1228
2414
1792
1713
3949
2221
-1010
-303
-1165
391
1572
107
-3300
-1957
-516
-49
862
8
-1951
-651
1001
1395
2194
1498
402
1938
1941
483
957
1261
936
1490
1350
-2592
-3468
-2823
-2321
-622
-734
-3939
-4833
-3172
-3693
-1655
-1009
-2257
-2964
-694
-1452
-1857
-963
-2000
-88
1169
413
-1863
-807
-1704
257
2832
1917
194
252
1804
1881
4049
2653
2078
2631
4070
4510
4273
3711
1175
3452
3085
3320
1933
1231
132
356
-320
-2182
-1157
-1897
-1022
-1468
-1335
-4173
-3199
-1239
-1365
-106
-1577
-1960
-2747
-803
-2148
-1883
-2027
-2908
-1940
-1966
-2635
-5080
-3124
-3812
-1971
-678
-1909
-3185
-1865
-897
358
2533
2217
1670
2509
3474
4280
5342
5337
4243
5012
4646
4182
5043
3995
2088
2028
2332
1198
2265
1075
-452
-1401
-418
-425
-307
815
-1452
-1133
-965
-1448
-2032
-819
-1803
-2156
-1598
-3117
-2629
-3042
-2421
-3945
-2361
-3530
-3656
-1819
-3159
-3622
-2583
-1010
-1038
496
349
-1777
-490
645
2153
2560
3332
-44
514
1327
1194
2391
2428
1545
479
2471
1885
2423
1060
1787
2040
3516
4610
3058
2097
1059
2621
2750
3564
2760
958
-20
7
-400
-1183
-106
-1274
-1518
-2469
-2798
-4177
-3138
-2160
-2651
-2414
-2031
-2849
-1902
-843
-1917
-1989
-1487
-392
-14
59
-1165
-2380
-2581
-592
-105
577
-723
-2537
-3252
-1488
314
-158
87
-799
-1176
-363
1587
1009
648
1861
2206
2472
3162
2538
935
2439
2708
3159
3500
3051
873
1047
1466
1049
1952
2415
1357
207
-156
-868
-109
1646
1136
58
-856
-2387
-1971
-202
-582
-1881
-1980
-2771
-2061
-1326
-1215
-2860
-2998
-2741
-1142
-795
-1245
-2930
-2866
-2253
-59
241
-61
-1190
-1481
-1198
715
1187
764
1395
471
727
759
2020
1351
1643
2100
1931
2186
3392
3422
2319
2012
1734
2238
3216
3880
1761
21
-80
-773
856
851
201
-2014
-2337
-2105
-1798
-1526
-910
-1531
-2748
-1807
-1710
-2329
-1624
-1452
-2030
-1149
-151
-1376
-1377
-1403
-1153
-941
811
-99
-600
-415
-673
-534
63
1415
-520
1031
268
863
1198
3033
2129
2422
1739
623
2234
2501
3661
1691
1227
-657
275
970
960
471
-1523
-967
-1497
36
-922
-618
-1477
-1494
-1024
-679
-579
-1222
-1208
-1908
-968
-751
-291
-886
-685
-1407
-1003
-352
-863
-830
-186
-1055
-88
205
-85
-559
821
815
1273
2516
1597
968
1365
1301
576
2700
2644
1313
710
-230
-1346
-519
1517
102
-489
-1475
-1933
-1429
376
571
-1183
-157
-784
-322
899
862
-102
-462
89
-512
1222
387
474
-102
-31
-551
-356
232
-836
10
-778
-990
-1054
169
-911
590
812
-341
97
606
-224
671
1626
651
369
1174
-35
-850
-237
-876
-800
344
-732
-2482
-2140
-1957
-1108
-199
-275
-2844
-1637
-1021
-553
805
323
-643
-713
247
-535
1512
1083
875
752
1317
63
508
2502
926
1558
1359
-86
-68
3219
1754
1625
1773
439
344
2043
2011
669
1908
1068
641
371
-36
-1453
-442
284
-747
-971
-2869
-3285
-2163
-925
-955
-1326
-2268
-3546
-1499
-780
-946
-165
-327
-1658
-857
192
-679
1051
914
-43
-220
752
365
340
2008
-65
575
334
769
357
2219
1549
1129
1532
806
1667
1844
2250
1749
2212
1090
1599
1139
-76
297
-3
-383
-446
-1315
-2306
-2420
-1051
-2123
-1257
-2259
-2718
-2803
-1080
-1432
-1547
-533
-2128
-1424
-676
-259
-689
1205
-640
-995
-106
97
499
1267
1034
-632
279
98
7
1360
1755
931
1073
1541
78
1884
2812
2000
2115
2353
1049
1307
2090
1017
557
682
171
132
-44
-1024
-1936
-1096
-1450
-994
-1337
-2042
-2061
-1954
-1282
-1506
-1299
-2091
-1046
-722
-1069
-1254
-683
-1584
-1384
354
-697
-798
-267
-1071
-1742
-32
-479
-607
1111
950
-60
692
1184
929
2947
3627
2016
1668
2681
2183
2930
3154
1450
688
1542
846
809
775
-368
-789
-387
-656
-913
-888
-1167
-1063
-794
-682
-1171
-685
-503
-306
353
-187
-962
-523
-342
-302
203
-220
-765
-1094
-984
-1136
-1542
-1331
-1527
-974
-408
-99
-737
-369
321
616
1445
1301
1134
1313
1926
1652
1386
1230
510
952
1024
812
-22
140
-671
-754
-642
-465
-850
-281
-211
-994
-418
-283
-145
597
984
311
-15
234
200
988
1271
378
-1
-470
-700
-786
-59
-1265
-1280
-1422
-1159
-1306
-469
-562
-741
84
112
360
115
552
532
1092
1392
266
-210
-594
318
-234
261
-329
-1022
-1086
-862
-944
-1164
-565
-836
163
140
465
-508
557
1066
1882
2061
1220
600
969
2037
2131
1271
263
-598
210
276
129
-1036
-1422
-1559
-751
-552
-1087
-1265
-825
298
89
45
-1089
-587
620
1066
693
-825
-1027
-1034
743
242
-174
-1788
-1552
-938
-723
-656
-1735
-1237
-879
714
-52
-188
-902
362
1577
2191
1844
546
991
1427
2569
2250
1368
584
628
1565
1011
718
-298
-449
-250
680
-22
-597
-291
238
810
217
-371
-1247
-61
1465
678
97
-1403
-1824
-678
1267
172
-1070
-1504
-2048
-541
14
-357
-2102
-804
-794
232
114
-658
-1543
-190
1243
738
840
-587
-451
214
1685
669
232
-236
-249
551
857
70
-798
21
288
859
924
560
81
772
1245
738
90
324
463
984
937
102
-1552
-904
185
627
273
-712
-2068
-1666
394
182
-292
-1213
-1215
-842
985
237
-715
-366
82
682
978
50
-1351
-203
603
582
482
-786
-1233
-611
695
-383
-525
-1014
-899
-67
339
-163
-595
150
71
1178
129
-244
-211
616
569
618
4
-1094
-160
981
887
385
-534
-1506
-337
1729
1014
689
-298
-768
30
990
660
-570
119
18
842
483
-322
-1167
-223
711
479
281
-1091
-792
-219
998
-133
-737
-771
-687
283
330
393
-367
307
97
92
-312
-273
25
500
378
-725
-531
-1014
-129
443
369
-439
-670
-278
187
1166
561
155
40
402
124
252
381
-336
373
586
404
-192
-78
-457
-104
814
226
-130
-760
-430
-410
606
157
-917
-398
-772
-59
-19
726
-500
296
-235
-212
123
100
709
23
634
-1135
-126
-105
965
766
473
-446
-419
510
575
1228
319
426
-600
36
141
-230
193
-76
266
-72
60
-78
-97
-214
265
628
224
243
-646
-452
252
502
486
-412
-515
-1138
-222
448
848
-122
-439
-466
-839
302
575
574
-692
-377
-1113
-436
331
726
392
-184
-244
-469
170
640
389
186
396
-69
-503
-112
-282
-251
56
623
-17
1
229
-271
81
429
271
313
287
-294
-602
24
-96
79
-217
-674
-1008
-425
-309
31
-44
-993
-633
-556
-246
-199
-127
-1507
-973
-830
-110
135
627
-369
-896
-492
-236
-73
730
455
-236
-19
-162
-533
295
490
81
769
836
-33
515
1137
632
1459
1728
1101
845
1288
310
693
1461
955
927
861
-578
-667
163
95
164
328
-757
-961
-706
-768
-1187
-618
-1127
-980
-754
-1163
-1538
-909
-510
-894
57
-707
-516
-141
-198
-516
-65
-471
-377
401
177
-203
274
963
468
1567
1484
630
1437
1770
1213
1518
1997
956
1286
1927
1076
858
1164
359
519
1297
251
-61
332
-359
-704
-373
-1256
-2029
-932
-1268
-1517
-1547
-1946
-2231
-1613
-1172
-1939
-1673
-1474
-1540
-876
-847
-1431
-1159
-601
-715
-398
-443
-696
-103
762
879
402
707
145
1258
2090
1727
1014
1203
1289
1333
2218
1594
1311
1703
1944
1663
1455
722
377
1296
1230
1098
320
-555
-1021
-313
-177
-738
-887
-1512
-1610
-956
-1060
-1634
-1217
-1139
-1434
-864
-1057
-1812
-954
-215
-567
-737
-740
-1281
-476
753
276
-287
20
-67
488
1402
640
-399
320
642
835
1112
399
-269
742
1095
811
491
-53
-371
737
986
304
-212
-224
-709
200
428
-396
-537
-284
-384
-247
166
-557
-241
48
87
-326
168
-283
19
427
81
-507
-596
-188
333
718
528
-173
-13
330
993
1214
601
-247
243
535
470
820
-304
-622
-504
175
-716
-70
-1036
-1337
-596
-496
-1194
-1358
-1198
-1937
-764
-475
-653
-1115
-643
-814
-307
779
188
469
775
411
689
1400
1114
1091
1782
1290
686
845
994
1208
2029
1692
780
739
575
1089
1679
1356
465
562
577
215
738
1
-562
-456
-116
-883
-1043
-1370
-1967
-1412
-1686
-1852
-2199
-2160
-2551
-2186
-2130
-1969
-1752
-1650
-1346
-1460
-882
-882
-29
-120
274
363
1103
926
1436
1535
1207
1174
1638
2156
2191
2725
1875
1979
1701
2606
2484
2819
2253
1350
1570
1570
1977
1802
1725
497
258
-84
23
-67
-521
-731
-1859
-1944
-2456
-2351
-2728
-2933
-3188
-3337
-2885
-2900
-3003
-3037
-2546
-2666
-2018
-1476
-1601
-1239
-997
-430
-415
80
161
441
845
883
1136
1331
1592
1360
1964
1608
2070
2305
2402
2222
1824
1911
1760
2298
2181
2181
1740
1487
1204
1171
1273
701
420
-318
-734
-844
-891
-1450
-1929
-2278
-2716
-2342
-2492
-2536
-2979
-2653
-2693
-2091
-1884
-1980
-1958
-1731
-1326
-1037
-636
-472
46
310
214
340
491
736
1142
1770
1351
1295
1738
1609
2096
1933
1787
1364
2306
2130
2509
2005
1864
1285
1887
2249
1485
1162
575
437
392
712
-203
-572
-1044
-1114
-1275
-1063
-1295
-1869
-1347
-1445
-1425
-1385
-1375
-1419
-1070
-540
-814
-772
-822
-564
-422
-326
-661
-446
185
51
355
-120
-319
42
909
1054
658
384
95
891
1477
1786
944
889
763
1074
1576
975
456
219
699
271
512
-290
-969
-671
-399
-558
-280
-576
-1323
-698
-658
-1071
-598
-298
-644
-60
-82
-664
-514
-124
-294
24
-340
-736
-809
-67
-141
-155
-365
-995
-484
-3
266
-317
-171
-530
273
673
687
101
25
66
77
812
177
51
-76
37
-492
-141
-398
-628
-315
-217
-437
-436
-281
-601
-290
-84
50
292
898
713
146
121
220
478
1036
983
511
14
68
151
825
983
394
-8
-30
38
364
808
572
382
233
428
364
752
409
172
311
183
347
247
14
-486
-80
-136
-48
-32
-60
138
381
427
-117
-1539
-2406
-3058
-2417
-1451
-916
98
-942
-380
-784
1913
1244
1421
501
-1927
-2319
-2991
-1183
-2124
598
-150
552
897
1168
1878
2222
2052
630
283
-372
542
1074
1802
1329
2033
1664
2172
2303
1420
324
-224
-819
-1482
-997
-990
-1123
-771
619
-311
428
-427
-849
-1865
-1073
-1016
-1155
189
-566
591
-1
634
-683
-238
-998
-827
-722
-584
-990
-767
-1362
-1137
-650
-646
144
302
1005
123
1117
712
1317
1184
977
246
-199
285
112
1340
1122
1432
1718
1551
1303
752
895
-48
801
802
374
636
251
212
467
783
166
-581
-751
-1955
-1731
-1548
-1640
-1641
-1387
-1268
-1922
-1034
-1753
-1270
-517
-963
-673
-871
-433
-630
655
234
482
355
389
120
501
745
-422
1172
-146
1362
281
1276
-39
836
982
553
1672
473
1198
314
1553
137
835
17
-113
-17
64
-485
-827
-285
-1140
-301
-244
-976
-1113
-1481
-1615
-1414
-745
-359
-777
295
-472
290
-383
23
-773
-580
-131
-1002
39
-875
945
166
1145
71
3
-157
-440
224
-114
124
594
1197
830
1684
597
1231
672
1715
498
1040
494
387
1254
774
1649
8
1237
-156
1115
298
60
-163
-770
134
-889
39
-1030
-889
-1052
-678
-1072
-543
-781
-249
-20
-140
-141
-781
-752
-904
-671
-574
-374
311
1338
1354
1437
598
195
13
686
493
-5
48
-816
-465
33
100
-562
107
-59
-287
264
-160
-875
-1106
-544
-1070
-626
-327
-858
-14
-300
262
182
-858
-120
-115
603
385
1400
722
1343
1454
1264
704
829
650
576
55
-615
-744
-843
-68
66
1360
259
1540
-131
-33
-489
-619
-468
269
-773
640
-1303
-2553
-1422
-1661
-304
-394
466
-878
-360
-844
-535
-1544
-636
-37
-342
425
-124
34
-348
953
-195
301
231
441
385
1574
679
578
109
1434
-680
987
267
106
193
-34
1263
-308
487
-771
-103
-540
58
-551
106
-652
417
-497
409
-635
1028
-1356
342
-738
176
-829
-147
320
-722
-543
452
-522
-262
511
-873
-604
-96
-1447
861
168
949
-34
891
-430
834
513
567
1298
-366
2277
-900
1023
792
912
234
1613
97
-94
909
1046
-15
91
105
-1004
1035
-559
1234
-576
-12
-604
-253
434
-1728
534
-2519
722
-1618
722
-698
-932
-363
-1547
-267
-611
332
-1571
496
-1421
70
534
1539
-470
605
655
-456
739
373
571
127
918
-512
1158
153
677
957
-36
334
761
-59
724
-193
-151
535
-229
503
-690
985
-448
481
-595
-809
-356
-107
225
-436
-691
-969
-211
-2193
-294
-1450
-398
164
-629
227
-1481
-396
-742
909
-618
1255
-424
-1022
198
-942
1369
186
388
-546
458
271
174
1268
169
193
818
-210
673
289
1444
-191
-34
437
-1598
-105
34
744
-896
1263
-2092
-40
-211
-7
601
172
-109
-1083
242
-1246
1086
-432
939
161
-1077
-138
-160
909
959
762
141
-816
-749
469
-170
466
414
-450
-51
682
-24
632
229
1120
-726
664
-126
-724
-529
1320
-492
402
-320
-1808
428
-503
1462
-458
-524
-1897
806
-503
731
356
-576
-187
-558
1362
-615
986
223
-506
295
-154
907
-374
1298
-662
-458
64
-555
21
96
334
-614
-614
-190
270
-350
1079
391
140
-1308
696
-1073
1510
-232
393
-987
-92
-191
-588
774
-1175
1349
-1764
1190
-697
1049
-307
316
860
-696
653
-1345
1436
-348
635
791
-388
635
-597
880
-294
325
609
-453
686
-4
15
-426
803
363
999
-251
934
-805
272
1445
-887
248
-254
336
-818
1091
-1202
-443
-666
-510
-449
-2240
1284
-2376
1622
-1442
-141
-914
-2032
1599
-2349
1319
-2648
1592
-3093
820
134
-448
1314
-1514
1272
-2132
1805
-468
346
217
494
204
-726
2054
100
282
913
-200
-148
-328
973
-200
1165
476
449
-214
-323
-425
120
1383
-366
1251
-674
184
101
900
-888
-106
1427
-1210
1564
-206
999
-2245
817
-1122
-400
391
-86
-551
-1424
730
-1649
-398
322
-17
-494
205
-794
259
-1269
2558
-331
338
-1821
1330
-712
577
1017
-839
842
-268
1441
-1407
30
283
-308
1416
200
-31
673
-34
1750
10
1415
-893
2365
-1632
1966
-896
2068
-769
-128
480
-1700
813
-92
320
-1254
1212
-1765
-242
-421
-920
53
-562
723
-648
-1437
1087
-1397
1102
-1001
872
-1077
893
-1016
241
-214
-662
1719
-1741
1793
-1188
619
-1194
-657
438
326
1550
245
-94
-1933
-414
848
-8
1419
-146
518
-2096
1641
-2296
362
988
-301
1246
-988
487
-1099
753
-1421
873
-453
-861
1336
-1072
1406
716
-195
-1164
-759
750
-976
1310
583
437
-1440
953
-971
-408
1001
-762
737
-1675
1742
-1869
228
400
-235
-73
-254
743
-2346
2724
-1945
2289
-2101
163
9
-1429
1941
-1278
2708
-723
1590
-1505
357
-1730
917
800
231
2200
-21
-444
-69
-519
1693
-1630
2574
-447
197
-563
807
-1311
1169
911
-1150
1645
-2172
1501
-1954
1792
-472
61
-1379
1299
-1430
-50
645
-1153
-322
-603
392
-384
-321
-771
-1227
-961
310
84
-674
-535
-278
-68
-1406
1603
-1275
-74
-554
1053
-2762
1516
-1185
1100
1214
-469
-128
-528
476
362
1504
457
1190
263
447
1261
194
1579
-1110
2509
29
1276
325
92
120
961
981
-1346
2333
-1759
1295
-684
-11
-938
-913
-450
-636
465
39
-234
-1651
153
-697
-892
1104
-986
1085
-2021
258
-1781
33
-616
494
239
-228
-299
-602
1211
-1504
2005
-636
-1235
1102
-163
1264
178
1771
-310
545
270
879
-148
1221
969
115
1055
-632
596
-981
794
-811
271
-215
1155
-1544
411
-563
-1925
-397
-824
-605
-367
-438
-1033
-2274
402
-2219
702
-1170
-301
-533
-733
58
-800
114
-355
-603
683
-865
540
1183
-155
710
363
388
887
1651
259
-75
-131
640
1125
380
939
956
-660
1711
588
224
395
843
-112
345
693
-2
401
-787
687
-224
693
-934
62
-784
-603
-536
-195
-672
-498
452
-2101
-554
-902
971
-1009
724
319
-1888
1410
-1997
2103
-2162
1725
-1691
2180
-1804
1288
-545
-1158
1341
-1156
1162
-1810
1765
-2077
464
-101
781
-148
129
1262
-2048
2669
-999
1146
-1392
746
11
227
560
-22
1099
-1262
3058
-1738
1488
-1984
2226
-972
598
853
-428
-30
-794
2301
-1084
1972
-805
1032
-1213
849
-242
-814
544
-899
462
-1296
1776
-2686
554
-622
142
-1392
-363
107
-2502
2116
-2103
1282
-2131
1589
-1814
675
-377
-46
-782
622
928
-979
1354
-1216
802
27
-155
1146
-429
-145
331
194
601
813
1176
235
-250
738
-20
1008
512
942
228
54
-32
-57
453
-707
1077
-828
757
-1299
249
-792
-590
530
-1281
447
-464
199
-1923
600
-686
-170
-612
414
-1665
-121
475
-1158
431
-1653
859
-2428
958
-777
207
43
-264
371
-1096
2522
-1080
1318
-104
591
1335
75
901
406
534
217
889
902
-435
1887
-91
525
-17
-38
97
-9
-307
-935
1442
-1764
537
-315
-897
534
-210
980
-541
-322
-1792
61
-819
814
-115
-776
-620
-987
500
-521
806
-621
-887
-112
454
-1120
930
-449
158
932
-483
274
-216
733
-301
182
136
-538
40
435
850
138
352
-909
50
430
-425
1230
-1044
56
-206
834
-132
645
696
-1416
1487
-516
826
208
-485
45
-596
1135
-1151
928
-1434
451
-49
347
-375
-548
1065
172
773
-834
239
-1266
1170
-1316
907
-397
865
-1241
748
-321
-1162
132
-67
670
-988
381
-687
113
-581
838
-546
778
-406
567
308
-90
635
-1652
993
-797
1116
561
139
817
-1165
1139
-872
1515
-1947
2374
-1633
1704
-1364
583
-369
-538
1826
-2460
1079
-2313
1928
-1550
887
-454
-529
-594
-1070
1453
-1202
1320
-1865
981
-1165
475
312
-959
1307
-1019
1174
-1502
1651
-1723
2394
-1634
2128
-925
-120
910
2
1760
-2161
2377
-2463
1705
-192
1144
-256
559
696
-2245
2144
-976
1974
-2376
3320
-2509
1959
-1818
1287
-978
-1575
1397
-914
766
-1975
1879
-2580
762
-293
1099
-2275
551
-636
-2039
755
-12
595
-824
1495
-922
48
-564
2222
-1434
1485
567
-482
251
-199
1320
-1768
1649
-1596
2809
-2367
2358
-1090
13
144
-15
1090
-1734
2191
-1732
895
-1800
1966
-3063
1677
-360
340
-754
-196
263
-2358
1363
-2019
808
-2228
2342
-1950
53
-231
33
287
-696
1485
-1656
1282
-551
2154
-1561
1073
386
-583
778
912
777
-899
1183
-752
134
735
-145
555
-1419
1923
-1064
925
190
-27
1034
-1329
1452
-2014
1356
-482
592
193
-1095
351
-771
-88
-3
352
-375
-1
-144
-1471
939
-1515
1741
-1055
923
355
-1055
1193
-281
1151
-857
1102
-909
1635
-765
1388
-131
-343
300
-1167
1461
-969
1182
-631
725
-902
-229
-31
311
575
-1161
577
-1639
1483
-1532
1183
-2062
270
-924
300
-1
-469
592
-2019
1408
-2086
1477
-951
1555
-599
503
88
-250
539
-820
1660
-1378
1720
-1108
1377
-907
-55
249
-386
963
-286
484
