-134
-249
-353
-231
-322
-70
-492
-60
-440
-152
-662
100
-759
-376
-148
-710
113
-806
400
-908
150
-342
-154
-35
-205
-63
-203
7
-73
141
104
61
124
76
-42
142
-166
220
-251
677
-3
560
-88
626
-50
614
415
180
444
193
347
131
571
-12
319
74
436
-153
153
49
-97
-46
103
-130
-136
-93
-251
-126
-50
-412
18
-365
-187
-324
-411
-687
-316
-464
-619
-70
-646
-492
-251
-550
-373
-347
-51
-327
-227
-263
-413
-278
88
-246
82
-285
161
-233
-149
-30
126
111
-62
647
-681
894
76
744
162
486
57
-82
827
-363
648
-150
201
-90
352
-126
276
13
168
54
281
2
590
21
387
313
160
210
211
368
88
539
-21
515
453
331
363
457
-32
614
256
544
167
763
-278
825
315
451
437
623
76
625
66
435
-198
348
-485
-38
-158
-146
270
-616
353
-429
-139
-342
-247
-429
-375
-475
-577
-829
-377
-1075
-145
-1038
-609
-718
-885
-652
-812
-592
-637
-675
-302
-950
48
-1196
441
-1003
140
-564
-314
-152
-609
165
-809
403
-631
208
-247
378
-177
370
215
-67
383
254
351
-8
855
-360
905
-138
798
-47
522
277
421
555
314
572
-96
613
234
354
241
551
105
450
254
126
246
383
218
229
134
205
21
183
113
11
55
-20
159
-261
18
268
-305
64
-36
-166
-153
304
-330
-123
-107
-311
-129
103
-186
-391
9
-524
155
-272
104
-496
423
-845
360
-504
283
35
54
-24
-2
-124
-14
167
-234
676
-347
779
-330
637
-344
932
-517
1006
-134
484
404
74
651
-134
1116
-465
1119
-261
650
-149
781
-520
699
-157
156
643
-447
861
-452
446
-368
244
-400
177
-251
292
-675
121
-300
47
-246
-236
-161
-353
-156
-378
29
-702
64
-565
-531
-415
-402
-312
-189
-487
-410
-294
-463
-321
-492
75
-650
-303
-77
-803
-143
-245
-387
-450
58
-1037
205
-712
41
-516
-387
73
-461
54
-162
2
-323
75
-29
88
-181
195
238
-105
672
-186
422
-67
865
-169
571
284
430
486
225
617
249
459
347
623
42
789
199
469
467
123
810
-227
908
-75
395
48
255
66
205
324
-234
109
51
159
165
-73
130
-299
80
-338
38
-394
10
-231
1
-24
-394
85
-569
293
-784
309
-522
-63
-338
-63
-407
117
-134
-218
-77
-115
-324
-12
-276
-204
-96
-218
412
-557
396
-423
555
-335
349
-152
-67
129
318
110
276
93
-112
523
148
148
376
-388
446
-372
528
87
378
49
-8
433
-452
733
-263
264
-107
178
-306
457
-130
446
-205
391
-614
601
-525
492
94
33
71
-479
212
-364
508
-582
839
-1031
675
-610
459
-517
164
-337
-290
222
-429
139
-755
622
-651
125
-7
-286
-186
-189
63
-516
341
-448
-59
-33
149
-386
85
-119
-441
216
-489
-16
-473
568
-856
544
-410
28
-292
193
-240
19
-250
23
-84
-227
482
-439
140
-164
75
-29
202
-141
72
30
56
24
-60
-79
183
-153
121
-104
531
-874
946
-465
205
-6
454
-321
229
401
-369
450
-67
326
109
321
-115
270
-206
397
-66
110
11
366
-424
338
-160
384
-138
464
-118
-198
120
-29
-44
129
305
-573
507
-286
202
-379
721
-241
330
120
71
116
-85
450
-292
352
27
463
-550
427
42
-245
76
359
-337
256
233
-1
-90
160
214
-415
665
-610
575
-406
318
-247
55
-205
57
-245
52
93
-95
-50
-118
198
-532
225
-189
-341
184
-207
-510
253
-358
468
-452
96
-202
-147
289
-210
-122
-74
120
-141
-55
113
-353
205
-511
365
-292
223
256
-471
134
-229
125
-150
145
-83
-70
28
178
-475
232
-158
144
-234
324
-187
222
136
-167
476
-466
194
9
-431
585
-339
170
48
78
-63
-358
22
-278
192
-176
244
-453
35
-332
-35
-453
258
-332
-25
-397
291
-507
39
-286
-20
-365
212
-130
-63
136
-277
184
-441
412
-360
699
-274
458
-711
627
-564
396
124
-220
105
-406
500
-450
629
-346
315
11
271
207
243
0
128
-14
119
82
210
-56
389
-169
193
-110
267
-71
322
94
83
-39
443
-256
122
243
87
214
-21
471
-12
13
369
-122
291
121
242
9
-21
-30
124
124
-11
555
-462
307
-329
473
-585
918
-466
532
-152
42
-309
316
-243
55
279
-280
100
-40
113
-123
260
-320
263
-435
248
-415
169
-280
-114
-491
-232
-86
-409
141
-333
-430
-166
-429
48
-788
377
-763
204
-343
-135
325
-450
296
-348
275
-264
414
-353
18
138
64
-28
193
214
-37
237
147
231
-105
286
15
23
340
-97
334
-350
734
-454
558
-231
260
187
-311
799
-675
702
-359
563
-532
495
-440
204
-233
314
7
-244
205
37
-155
-89
179
-453
-316
1
-324
-205
302
-504
149
-330
-7
98
-110
-137
-436
436
-837
608
-520
134
-531
-49
-342
-79
189
165
-126
47
-58
-196
-132
-201
346
-316
597
-401
28
121
-184
380
-143
385
-125
490
-142
522
-192
139
517
-333
387
-251
434
-711
584
-435
489
-228
538
-291
132
-65
8
7
-320
281
-271
-126
-308
157
-416
207
286
-349
274
-208
181
-220
262
257
-362
244
-81
-241
-318
342
-540
617
-257
460
-265
451
80
89
475
-403
153
-472
535
-205
349
149
-60
155
-93
172
-140
338
64
92
-249
287
-430
292
-158
126
-221
265
-231
282
-62
189
-146
130
-344
114
203
-53
8
-83
171
-489
392
-254
355
-219
221
-182
-32
-266
250
-441
376
-328
65
-251
253
-49
17
31
-402
100
-385
-35
-51
-88
-398
475
-374
-50
126
255
-276
546
-486
152
-228
18
-32
12
-174
26
6
36
-58
433
-303
343
-117
57
-66
118
4
-375
95
-321
99
-215
506
-264
412
-249
418
-333
216
-117
131
-40
-162
336
-398
812
-772
717
-646
515
-161
314
-316
-56
125
-411
265
-264
540
-686
787
-571
441
-83
5
56
-45
-70
-356
223
-333
151
-147
87
-396
573
-262
-117
-19
26
-86
-112
435
-686
338
-183
106
-61
-17
157
69
187
229
-146
-243
421
-434
403
-320
644
-655
458
-112
206
318
-80
485
-96
310
-71
428
-386
403
-84
-17
88
-249
191
-198
520
24
248
76
61
396
-116
199
85
80
-399
234
-307
-9
-41
2
-298
99
-75
105
-12
224
-436
97
-301
-4
-35
-333
12
37
-318
-37
72
-824
373
-39
-45
-25
68
-349
5
134
-123
-110
-149
74
-291
297
-224
71
-150
62
-140
-57
-192
-42
-2
-26
68
78
127
-307
488
-219
-326
606
-635
479
-348
519
-840
505
-25
-430
468
-331
356
-482
835
-619
188
-390
492
-571
20
451
-544
590
-512
311
-163
338
37
-183
-77
-16
101
-436
299
-150
-272
-158
364
-400
-164
658
-889
81
-83
69
-393
-143
77
-431
-52
-143
184
-199
295
-40
197
-514
543
-108
-139
446
52
-161
476
19
48
190
81
430
-483
931
-909
882
-431
632
-338
267
566
-237
177
-309
703
-489
1057
-796
289
-175
734
-952
1270
-772
89
293
199
-94
-95
224
-350
326
-300
342
-849
616
-237
254
350
-369
179
-575
748
-486
408
-140
-374
49
-172
524
-681
687
-499
35
-454
535
-312
174
-20
-106
-69
-238
546
-407
436
-261
394
-714
582
-233
206
242
56
-145
-232
1169
-1235
1601
-858
962
-910
1220
-912
571
-20
93
231
-320
734
-288
169
-345
992
-1287
691
-262
-34
-627
739
-1106
-43
66
-497
732
-248
-65
-400
286
-844
833
-96
-331
5
-512
-272
-194
129
-376
514
-508
-207
-311
298
-381
198
120
-823
327
-849
438
-738
809
-467
-328
706
-1044
395
-90
113
-619
262
-65
-279
360
153
-413
-72
185
-250
20
132
94
24
-281
320
-333
298
195
164
96
-464
664
-630
870
-815
1037
-867
504
58
-25
85
39
496
-736
889
-525
519
-351
572
-737
462
-51
282
-201
309
-216
-79
280
-182
508
-540
728
-825
813
-275
406
83
-194
283
-20
-106
176
-154
-482
280
-288
149
-197
398
-639
657
-745
188
-270
-30
-227
790
-377
15
14
-600
346
-16
-242
267
-229
80
241
-70
375
34
353
-234
554
-306
777
-377
625
-277
638
-748
912
-448
721
-84
-127
290
-406
997
-871
651
-390
348
-260
498
-386
-201
468
-132
187
-16
-277
196
-5
445
-556
418
-1001
750
-619
462
-392
54
-308
18
223
-616
423
-541
420
-763
417
-512
-307
138
-322
-20
-618
693
-1126
418
-288
-345
57
-665
242
-623
250
-455
282
-419
157
143
-641
-58
120
-230
42
180
-244
-325
170
200
-115
185
53
-212
-294
423
-379
601
-83
395
-204
-42
614
-372
740
-208
780
-621
278
181
-52
191
343
348
-258
388
-128
-80
235
591
-385
172
-110
378
-351
724
-329
404
-364
809
-188
6
486
-385
27
-227
553
-1104
1286
-761
603
-854
589
-449
186
367
-487
512
-708
930
-1041
735
-549
728
-766
391
-168
-63
-74
172
170
-491
689
-775
439
-160
595
-567
538
-233
138
63
521
-705
472
-199
268
-277
723
-423
562
-735
747
-495
847
-294
356
-381
-310
901
-859
1002
-948
862
-1145
1141
-531
-7
185
-16
-177
15
-37
35
-85
-245
88
-528
236
-132
41
-288
346
-730
-4
-93
-155
287
-791
193
-417
-321
114
-638
650
-1601
1200
-1295
748
-678
43
-887
305
-316
-328
320
-895
388
-661
291
-424
437
-457
283
-582
127
-117
251
-370
640
-546
268
-56
134
-83
-92
-304
645
-656
847
-415
560
370
-346
258
-399
1238
-1087
1819
-1439
1255
-680
1058
-473
773
441
19
529
-342
633
-315
803
-561
756
-331
744
44
-542
843
-661
822
12
-130
-402
321
-325
526
-180
-323
-62
-496
678
-770
805
-645
636
-376
2
55
-712
585
-707
350
-428
409
-802
871
-1270
202
35
-67
133
-476
537
-814
370
-188
-36
-235
6
-31
-314
-40
191
-346
241
31
-613
446
-255
67
192
91
-152
-305
664
-782
742
-449
-220
23
286
711
-918
1210
-1277
1320
-1452
1801
-836
727
57
272
-222
567
840
-1239
1713
-1115
1346
-1232
1475
-1001
625
-214
676
-265
-324
1099
-885
635
-175
653
-1206
1036
-527
538
-843
993
-1599
918
-550
672
-485
-30
523
-282
-292
-19
32
-599
592
-531
231
-1018
911
-424
7
631
-790
107
-342
754
-529
298
-383
-189
-187
450
-623
95
214
-447
459
-600
321
-431
120
353
-237
251
-299
-8
140
-384
232
-216
-397
355
-475
561
-564
589
-100
-77
25
184
-98
144
255
-406
948
-1437
1798
-2018
1743
-1030
1120
-974
671
-396
-270
403
-403
541
-696
726
-1578
1006
-1020
1064
-1019
500
-817
-392
529
-683
350
-123
-206
-5
-213
-269
-1
347
-352
222
-243
-210
-132
4
-584
175
295
-771
1262
-1576
1075
-491
266
-435
412
-549
536
82
-357
277
-610
872
-688
997
-691
1363
-1017
801
-9
-60
842
-582
932
-850
760
-598
841
-575
961
-454
613
-527
917
39
-287
1114
-1157
558
-534
918
-944
1151
-269
180
-466
1092
-310
275
537
-884
277
-227
707
-20
79
-125
-22
-297
105
-53
230
-486
618
-196
-288
275
-17
-131
-14
-16
426
-659
505
-532
247
-493
406
-608
592
-42
60
-347
-178
46
-295
849
-610
588
-623
97
-130
284
-280
286
297
-299
-110
184
35
221
-187
119
-174
1027
-433
645
-496
127
-413
236
250
-295
771
-650
293
-489
260
-326
129
-292
260
-548
201
-277
142
-284
-3
86
-526
66
-331
-279
-137
-252
263
-293
63
-580
-121
-127
-295
230
-424
448
-962
811
-1469
1132
-932
134
222
-386
443
-777
1121
-1608
1104
-873
655
-145
-55
65
-573
609
-573
739
-880
1104
-109
67
-58
-529
183
276
661
-212
262
-535
-78
481
-260
812
95
320
-285
1019
-692
984
-601
-169
348
383
138
80
506
-727
703
-584
1003
-321
967
-492
577
-485
12
208
132
348
481
28
-536
683
-655
1117
-822
933
-1573
1179
-114
-76
707
-1077
798
-840
1547
-1463
1280
-1239
1016
-803
310
-286
184
-323
1
356
-1412
1015
-1127
1154
-625
661
-1347
155
-606
464
-507
744
-422
-244
-394
-385
217
-234
490
-425
-422
-54
-186
288
-580
335
-259
-346
257
-104
-116
-306
487
-821
777
-566
350
-294
139
26
-51
-99
-10
-105
46
358
122
-178
-285
425
-385
618
-55
38
76
56
77
-438
-19
-335
450
-624
601
-389
462
-593
327
86
-797
1132
-602
299
-791
364
-474
279
25
870
-328
243
-405
162
-261
354
339
-382
280
-188
90
-603
760
-900
1370
-858
928
-591
-632
599
-302
976
-965
1788
-1836
1152
-515
405
-68
221
829
-1303
1414
-1053
1072
-945
1078
-723
419
-349
493
60
-509
958
-1061
442
-452
1264
-801
420
285
-546
-206
418
277
-489
664
-488
-28
102
496
-520
-259
271
-317
240
-310
868
-651
-399
502
-500
583
-557
848
-1335
521
-380
178
-300
562
-232
-862
819
-1160
1320
-968
706
-182
-436
892
-651
355
-629
670
-735
627
-31
-123
28
-265
425
-559
1070
-1185
1598
-1012
447
499
-869
561
-170
402
-772
1261
-1502
1009
-440
523
34
225
-114
128
-290
116
69
-318
30
-514
472
-551
676
-580
206
-296
202
149
-228
-391
197
-321
-204
98
-219
-51
-435
486
-105
387
-226
-209
-278
100
-430
313
-505
231
-283
-86
-204
30
94
-158
361
-734
566
-408
150
-345
279
-159
-253
787
-496
274
138
655
-794
105
-179
-1
-59
435
224
-224
-132
728
-232
-127
497
-135
-207
349
72
-89
-18
232
-48
110
266
33
280
-729
810
-448
232
-471
1021
-683
-131
173
55
11
214
254
-886
443
-88
66
-529
251
-108
-308
78
87
-232
-351
675
-491
-95
-379
573
-629
195
159
-693
183
-158
859
-1266
643
-329
-32
-395
696
-596
10
28
134
-418
105
-157
269
-80
426
-335
-518
985
-509
815
-345
429
-336
483
-107
623
-153
218
237
43
-131
357
-79
794
-698
945
-367
154
1036
263
-384
-26
989
-715
572
94
253
-602
822
-290
53
906
-151
286
-459
601
-15
-327
101
-132
144
-915
1285
-1094
554
-126
597
-1521
599
84
-746
867
-777
-98
-784
195
-517
530
-1207
899
-1623
229
-452
255
-550
10
520
-1103
757
-1156
351
-1244
459
-213
-206
-551
27
-481
-179
367
-130
-428
728
-853
106
-358
306
-416
333
-559
85
-6
51
773
-722
581
-520
727
-515
466
-341
163
-296
663
-424
332
480
124
39
230
-536
-222
370
52
160
260
-233
527
179
-79
830
76
-119
989
-483
-133
645
-367
-81
187
585
-318
1469
-1024
1780
-1326
1237
-574
584
-173
104
181
-714
591
-443
300
-337
890
-330
117
207
-256
143
26
8
429
-753
582
-784
506
-273
508
-97
-421
198
-580
407
-171
115
144
-404
35
-113
541
-443
915
-858
499
-439
-816
721
-417
821
-491
671
-859
670
-571
170
-44
149
-90
16
-782
-48
-248
42
-498
539
-658
356
-31
-546
161
-958
923
-1194
1036
-1039
365
-632
338
-50
-260
231
-314
195
-475
-305
-63
-441
558
-131
6
-471
-170
219
-990
880
-748
454
-218
-101
-146
-153
-251
47
488
-741
689
-389
108
-31
507
-161
-174
712
-325
156
-190
798
-1005
800
-304
799
130
223
149
-354
531
-132
700
-301
982
-1100
303
54
-203
609
-83
539
-303
591
-154
707
-48
210
131
-108
21
183
154
39
162
372
-385
656
15
45
248
-244
448
-914
846
-471
152
163
-369
176
178
-16
-299
704
-1057
1070
-591
-205
102
-559
468
-765
618
-1114
1327
-997
593
-136
-222
-158
-126
-99
-779
1131
-1398
803
-946
440
-317
81
11
-142
-246
195
-168
-273
-34
-192
-269
-101
-25
-711
-164
251
-353
41
-26
-375
137
-224
-342
-198
-134
-74
65
-130
310
-249
405
275
165
176
-671
971
-353
877
64
-10
167
-30
756
-63
679
-250
871
-495
840
-52
658
-216
703
-293
501
-263
651
-103
202
346
-408
347
-755
577
-808
143
-159
165
-620
-75
78
-843
92
15
-699
138
-459
-119
-354
-172
110
-367
-27
62
114
-525
182
359
-127
138
425
-173
-29
525
-16
592
743
49
405
485
312
366
341
528
549
51
176
244
-321
-269
562
-627
-200
-129
-399
-636
-440
-616
-855
-747
-957
-250
-1908
-149
-1544
-1190
-1293
-142
-1239
-513
-650
-856
447
-68
1167
776
367
480
1523
656
1609
1363
1614
1657
1653
1118
1160
1399
1667
1867
1023
1567
398
822
136
222
-550
-690
-105
-1195
-894
-1610
-1923
-1703
-1525
-1329
-1751
-808
-1728
-1062
-1806
-2391
-1095
-1803
-1013
-1686
-1184
-2857
-929
-2113
-1057
-1426
-799
774
457
1919
48
1318
-101
3096
1923
2860
2586
2925
2321
2274
2189
1145
3060
2578
3804
2008
2006
837
1062
511
543
263
117
735
-435
-472
-2446
-1502
-2193
-1445
-971
-1240
-1659
-1508
-2015
-2441
-1611
-1498
-728
-1244
-1120
-1984
-2306
-2264
-2397
-2180
-2143
-1790
-958
-2418
-766
306
299
1752
966
1243
1299
3763
3193
3314
2993
3424
3283
3698
3386
2876
3735
3755
4060
2459
1846
1324
788
844
-654
-291
-1169
-509
-1037
-2636
-3001
-3382
-2426
-3104
-1907
-3331
-2036
-3267
-2065
-3786
-2193
-2522
-1168
-1866
-1952
-2308
-2985
-2631
-3150
-2483
-3161
-1664
-2277
-2305
-513
305
896
1877
1345
2014
3408
5300
4500
5080
4825
5388
5259
5659
4683
5194
5636
5469
4995
2881
2203
1203
1360
-612
-573
-2033
-1317
-2384
-2781
-4262
-5267
-4350
-4348
-3530
-4298
-3631
-4471
-3433
-4288
-3928
-4049
-2430
-2197
-1600
-2268
-2651
-2536
-2897
-2474
-3104
-2009
-1638
-1453
769
842
1776
1780
1634
2678
4276
6868
5751
7021
5916
5724
5736
6117
5053
6512
6765
6182
5135
2935
1522
110
592
-1450
-1391
-2681
-2895
-4101
-4977
-5673
-6638
-5475
-5737
-4285
-4678
-3771
-4584
-3700
-4258
-3289
-2521
-2014
-1203
-1198
-1255
-2001
-2247
-3400
-3018
-3097
-2407
-1986
-2663
694
911
2066
2901
2371
3521
5734
8793
7172
8493
7651
7947
7390
7542
6018
6895
7427
7053
4959
2505
280
-963
-1350
-3803
-4019
-5258
-4996
-6302
-7142
-8370
-8541
-6867
-6284
-5136
-4928
-3841
-3390
-2579
-2740
-2323
-1303
81
399
74
-227
-884
-1248
-2464
-3151
-3568
-3483
-2761
-4005
-762
332
1537
3154
2440
3808
5609
9920
8535
10196
9520
9297
8966
8735
6709
6810
7495
6642
4780
1776
-1308
-3278
-4002
-6743
-7396
-8552
-7939
-8766
-8963
-10118
-9823
-7799
-6488
-4553
-3676
-2070
-640
89
90
549
1287
2496
2886
2762
1715
878
-582
-2288
-3803
-4417
-5052
-4484
-5937
-2548
-515
376
3087
1517
3627
5757
11213
9963
11679
11521
10508
10512
9000
7136
6178
7416
6350
3719
220
-3639
-6131
-6992
-10178
-10590
-11881
-10618
-11091
-11304
-11584
-11092
-7189
-5832
-2182
-1707
1142
2534
3935
3523
3732
4431
5592
4884
4071
2203
982
-711
-2848
-4639
-6101
-6282
-6489
-6772
-6844
-534
-624
3958
3161
4541
6011
11301
13805
12230
14704
12270
12900
10562
8276
5275
5313
5527
2705
-864
-5279
-8729
-9871
-12494
-14355
-14565
-13440
-11796
-11664
-11164
-11823
-8514
-4256
-517
2630
5314
7129
8223
9028
7665
8082
8571
8266
6220
3027
-679
-2777
-5200
-7131
-7855
-8754
-8889
-9191
-9835
-10096
-8722
-730
1129
5547
6831
7279
9517
13259
16615
13667
17200
14772
13369
9715
5076
1314
94
105
-3144
-6169
-9944
-13370
-14472
-16918
-17649
-15556
-12597
-8946
-7572
-6643
-5685
-3354
1430
3408
10245
11322
15466
13959
11324
8639
7376
7457
6433
4148
-846
-3515
-9060
-10996
-13591
-12491
-11327
-7535
-9812
-9056
-12817
-8935
-8998
1394
6903
10061
14567
11184
13010
13073
18896
16179
18079
16324
10032
6076
-1584
-6450
-8276
-6455
-7371
-9144
-11802
-17098
-17721
-18289
-17105
-12481
-6834
-1182
1324
2968
1498
2435
6170
10145
14902
17631
17786
14714
10773
4332
1525
433
891
-321
-2471
-7978
-12685
-15768
-16406
-12928
-8678
-5184
-3724
-5506
-7992
-10907
-8238
-4727
2823
15797
16023
17667
12924
9074
9607
16388
18316
15051
15750
4923
-1683
-9431
-15283
-14466
-8840
-3575
-5920
-8050
-15540
-17511
-15024
-11837
-5124
2697
9681
10811
8554
4065
1219
4827
10842
14599
17448
14483
8456
1548
-5941
-9061
-5994
-2037
-533
-2355
-8611
-12910
-14651
-13717
-8460
-2727
855
1340
-4131
-10598
-14500
-9904
-4655
6758
16611
14081
13965
6379
2842
5016
14530
17199
16423
14586
906
-6163
-12898
-14780
-9708
-972
3415
797
-4202
-14068
-16699
-13733
-7516
760
8790
12473
8809
3835
-2784
-4716
991
8640
13694
15294
10095
1944
-5373
-10116
-9119
-2719
2851
3588
105
-8081
-13311
-14131
-11462
-4570
-304
942
-2707
-10557
-15674
-15347
-10021
-1687
13604
14462
13756
10824
3367
5637
13299
19617
17398
18691
8302
-1153
-6233
-11931
-8738
-2504
3966
1250
-2764
-11397
-17613
-14959
-11041
-3467
3978
10533
8615
4115
-837
-4626
-595
7756
12975
15305
12940
4728
-1953
-8115
-8997
-4216
1082
2099
-726
-8199
-13955
-15718
-13345
-7798
-2046
-229
-1658
-7892
-12411
-13285
-8878
-2313
10455
18295
15336
16166
7096
5890
11585
19535
18186
16765
11451
-2226
-5923
-13464
-13074
-8459
-184
3
-4130
-10132
-18750
-15490
-11043
-3296
4097
11106
12314
8077
4089
-1152
551
7265
12987
14455
10987
4247
-4628
-9026
-12889
-9589
-3599
-1461
-2755
-8905
-14450
-16580
-12934
-7427
-1099
1640
638
-4016
-9995
-11426
-7557
-562
9923
20411
15938
15208
9320
4343
9548
17164
18485
14434
10646
-4649
-11068
-15032
-15602
-9441
-1835
486
-4655
-8437
-17298
-16135
-9047
-1132
7501
13849
14893
8877
4957
7
513
6199
12066
12683
8862
1181
-8634
-11655
-13794
-10362
-3978
-2557
-4111
-8991
-13766
-14521
-10258
-5455
687
3297
883
-2231
-8277
-8931
-6003
956
5889
18127
17330
12759
11847
4096
7627
15537
21092
13104
10430
-2469
-12970
-13080
-15349
-9756
-4114
2321
-3948
-8462
-14897
-17074
-7260
1018
8766
12749
14998
9561
5037
2534
1336
6473
11813
12209
5869
-1394
-10133
-13590
-12440
-11235
-4927
-3333
-5023
-9563
-13501
-13757
-8808
-2147
2304
5407
2178
-1115
-6707
-8651
-6183
172
5502
14219
18561
9819
10297
3899
4505
12691
20100
13740
7627
-372
-15684
-14254
-15760
-10623
-4778
2160
-2137
-8739
-12509
-17146
-7080
2003
9461
12810
14502
10362
3403
2227
1009
4481
10235
10556
4242
-4328
-11766
-13966
-11088
-8163
-3408
-1273
-3676
-6343
-10115
-9520
-4647
1446
5628
7082
2766
-1856
-6470
-9440
-6355
-1542
3312
8066
17139
9046
7236
5915
2542
10234
19853
17281
6850
2924
-13153
-15953
-13131
-10936
-5203
1428
901
-8237
-10731
-15887
-10086
1956
9148
12330
13411
10719
2936
1103
292
2353
7083
9006
3789
-5066
-11693
-15583
-10987
-7731
-3745
-3
-1680
-3463
-6683
-6567
-2873
2852
6608
7384
4345
-2424
-5858
-10372
-8799
-4786
-378
1912
10098
10548
4182
7224
3751
7276
16674
19787
8957
4762
-5488
-14660
-10137
-9446
-5483
-1334
1964
-5905
-9612
-12349
-12176
-252
7366
10953
10766
10664
4403
517
1636
1092
5102
7099
4674
-3433
-9719
-14293
-11724
-5902
-2870
1839
1203
-796
-2432
-4122
-1320
3451
5796
6510
4792
-1989
-6530
-10563
-12690
-9390
-4558
-1881
3000
11664
5659
6527
7077
5392
12100
20445
14407
6153
2481
-11375
-11194
-9313
-8136
-6005
-96
-2805
-8965
-9496
-13448
-5601
3988
9257
9519
10676
8670
3059
2857
2207
3003
5291
5780
-354
-7055
-11078
-12693
-6378
-3659
-550
1641
398
34
-1222
-529
2119
5013
4615
3284
-1496
-6997
-10039
-13766
-11963
-7627
-3666
-1436
9816
8981
6526
10236
6435
10211
18653
19065
8192
6356
-5845
-12692
-9516
-10664
-8717
-4612
-2022
-8644
-9356
-12812
-10954
672
6850
9478
10710
11761
6791
3970
3481
1613
3446
5421
2390
-3956
-8183
-12143
-8864
-5480
-3361
877
2013
2600
1946
-235
443
3273
2650
2455
-695
-6580
-8933
-12979
-13467
-10622
-6835
-3938
2507
13447
9825
11884
11992
8941
14595
21115
14127
6507
2985
-11256
-12079
-11637
-12846
-11075
-5297
-6969
-10716
-8983
-12331
-3664
6066
10260
11566
13358
12601
7081
6751
4896
2998
3233
1901
-2673
-8482
-10510
-11684
-7194
-4516
-3042
229
785
1882
950
1405
2400
3056
1680
-649
-4133
-8256
-11236
-13583
-11744
-7957
-4190
-769
12595
12027
10530
14572
8985
12453
20649
16544
5978
4521
-9701
-14972
-12153
-14131
-13126
-7255
-5340
-9423
-6962
-9874
-4773
6118
11464
12122
13990
14324
9115
6695
4642
1634
818
400
-3760
-8531
-10539
-12711
-7927
-4056
-3213
324
1430
2745
3420
2910
3069
4258
2266
-173
-3365
-8312
-10338
-12288
-11569
-8024
-5375
-1930
12049
12869
11114
14493
8986
11907
20448
16008
5038
3946
-9633
-16020
-13105
-15313
-13640
-7102
-4575
-7802
-5587
-8442
-3692
7400
12732
12704
13917
14387
8944
5283
2775
-880
-1278
-1708
-5962
-10246
-12823
-13185
-9605
-4803
-3426
739
2974
4592
4414
3230
2882
4250
3469
291
-2518
-7563
-10215
-12213
-11744
-8682
-4962
-1474
12762
13459
11240
14744
8901
12045
20018
15814
4595
3297
-10164
-16739
-14423
-15698
-13203
-6224
-3009
-6118
-3285
-6236
-2279
8827
13490
13357
14373
13907
8172
3557
758
-3498
-3299
-4115
-8171
-10957
-13366
-14031
-8911
-3392
-1178
4094
5718
6021
6125
4428
3220
5373
2844
-383
-3122
-9089
-11833
-14102
-12753
-10079
-4374
-1490
12364
15139
11301
15269
9083
11611
20107
17472
5347
2738
-10228
-18816
-16147
-17138
-14395
-5921
-1713
-3714
-2030
-5196
-2294
8546
15049
14072
14685
14006
7552
1909
-2132
-6843
-6940
-5005
-8597
-10836
-12618
-13255
-7344
-884
1559
7028
9179
9088
9362
5135
2994
3194
1706
-1586
-4354
-10190
-12894
-14744
-14296
-11293
-6022
-3242
9398
18268
12300
16228
11383
9658
18698
19511
7429
3320
-6124
-18830
-17053
-17764
-16998
-8675
-1552
-2993
-918
-3250
-3718
5828
14253
13826
13485
14170
7777
1339
-2970
-7635
-9408
-5896
-7503
-9303
-10060
-11479
-6903
130
3609
7890
11035
10593
10430
5816
2489
192
-674
-3501
-6387
-10306
-13797
-14958
-14569
-12012
-7617
-3230
4727
20894
16647
17131
15934
8603
15324
21213
10887
3208
-1560
-17668
-19437
-18868
-20280
-13740
-2835
-2136
-343
74
-3385
3449
13239
14697
12611
14419
10087
2731
-1774
-7262
-10943
-7859
-7321
-8826
-8217
-8375
-6413
551
3760
6110
10718
10462
9548
6426
1371
-1741
-2712
-5709
-7588
-9638
-12477
-12756
-13140
-11442
-7717
-2233
2671
18474
19185
16073
17607
8771
10846
18219
12479
2822
339
-14546
-20499
-18990
-20476
-15679
-4542
-214
485
2844
-1346
1570
10877
14909
12965
14293
12176
4582
-921
-6245
-11131
-9553
-6974
-7745
-7081
-6789
-6883
-1048
3302
5612
10555
10782
9005
6584
1501
-1864
-3285
-5292
-7477
-8208
-11153
-10929
-11350
-10300
-7648
-2547
348
10013
22689
15502
17809
12206
5219
12200
15391
4301
-403
-7226
-21628
-19583
-19486
-18574
-9343
494
1512
4151
2944
-114
7344
15579
14702
12805
12990
7288
-195
-5270
-10119
-12245
-8691
-7413
-8217
-7384
-6413
-3759
2841
4925
7311
10484
9935
7896
3795
-1352
-4199
-4342
-6481
-6918
-8061
-9501
-8624
-9035
-8579
-5257
-394
3567
19502
18691
13624
14595
4762
6883
13330
8906
-550
-1993
-15552
-21237
-18250
-18710
-11980
-1169
3768
3917
5550
1892
3704
12434
14990
12038
12370
9553
1765
-5285
-8792
-12454
-10539
-7480
-8051
-7478
-6188
-4907
438
4601
6573
10326
10267
8965
4892
24
-2962
-4346
-5705
-6969
-7389
-8796
-8825
-8631
-9279
-7048
-2350
227
6244
21774
15933
14134
12017
2289
7785
13464
6739
-1062
-4369
-19317
-20555
-17368
-16854
-8684
2305
5265
6122
6086
1215
5568
14206
14493
11384
10428
6861
-1549
-7314
-10413
-13564
-10340
-7583
-7676
-6527
-5709
-2998
2823
6424
8848
9925
10454
8537
3788
-56
-3125
-5580
-5980
-7177
-7544
-8394
-7066
-8174
-7747
-5774
-2609
-690
9189
22561
13937
15208
8307
2178
9535
12532
4504
-572
-6120
-19736
-17647
-16676
-15688
-5959
3430
4624
6137
4286
945
7207
13431
11874
9346
9184
4845
-3974
-7916
-11761
-13545
-9546
-7935
-7480
-5684
-4217
-1830
4046
6192
7881
10686
10805
7566
3779
-353
-3885
-5644
-6536
-7044
-7028
-6875
-6508
-8084
-7550
-6703
-3193
-823
13060
21758
13325
15320
5131
2858
10351
12085
4078
946
-8000
-19060
-16270
-17750
-14384
-4473
3843
4368
5987
3018
999
7873
12689
10604
8996
9334
3302
-4687
-8098
-12748
-13375
-9663
-7820
-7380
-4272
-3550
-721
5034
5407
8557
11848
11634
8254
5363
-729
-3997
-6032
-6592
-6736
-6338
-6738
-7386
-8933
-8828
-7727
-3851
121
17306
19896
13282
14900
2897
5543
12305
11833
3086
815
-11561
-18303
-16031
-18758
-13166
-2987
2923
3631
5401
1036
1550
8781
11942
8974
9205
8404
1347
-5072
-8764
-13151
-12604
-8357
-7869
-6163
-3281
-3624
2274
5611
6996
10880
12986
12189
9080
4792
-924
-4605
-6701
-6865
-8206
-6361
-7517
-7881
-8896
-9261
-8673
-3548
-757
14864
21526
14050
14755
6107
4082
11002
14252
3334
1195
-9044
-17982
-16711
-18849
-15757
-6531
910
1943
4891
1559
297
6778
11067
9544
8689
8718
3755
-2865
-6460
-11726
-12483
-8756
-7813
-5265
-2560
-2318
1137
5241
6762
10388
13207
12615
10298
6284
-570
-4678
-6224
-8205
-7716
-6780
-8818
-8610
-9822
-11049
-9257
-3927
-1089
15627
22590
14835
16471
7294
4409
13005
14559
2622
1696
-9438
-18873
-17797
-20895
-18514
-8802
-1018
733
4832
1239
387
7487
11958
10534
9805
10880
6430
-277
-4385
-10910
-11828
-9574
-8013
-5731
-3322
-2452
697
4775
5858
9219
12166
13939
11682
6806
30
-4831
-7587
-9074
-8659
-8132
-8583
-8204
-9884
-11648
-10472
-5646
-1633
14346
22619
15682
17576
8488
4695
11713
13589
2889
2177
-7398
-17747
-17321
-22199
-20644
-11794
-2739
-103
5182
2403
1243
7415
11752
11501
10822
13531
10164
4064
-1682
-9373
-11971
-10653
-8681
-6799
-3819
-4719
-778
2822
3938
7881
11242
13971
12403
7969
1518
-3635
-7839
-8917
-9526
-8515
-9352
-8537
-11107
-12301
-11700
-6291
-1898
11930
23766
17463
19067
10686
5078
10445
13827
4366
2676
-5142
-16923
-18535
-23383
-23438
-14890
-4255
-442
5245
4142
2381
7266
12501
12750
12968
16015
14123
7422
-10
-7661
-12153
-11801
-10305
-8619
-5547
-4980
-2589
376
761
4074
10046
13742
12675
10158
2907
-3099
-6272
-9768
-8569
-7550
-8350
-8681
-11788
-14259
-13803
-8170
-2031
15276
20358
18404
18833
8713
7555
12626
11726
4862
3941
-7288
-14456
-18267
-24234
-22016
-13638
-5937
-51
4025
2197
3084
8154
11785
12691
14905
18075
15430
8187
1384
-7427
-11303
-11578
-11149
-8838
-6546
-6510
-4348
-2689
-1933
3210
9390
12186
12685
10433
3519
-1088
-5558
-7843
-6310
-6221
-7440
-8377
-13061
-15633
-13073
-9034
-1119
14947
17366
18436
17577
8440
9394
13848
10940
6013
4238
-6856
-12293
-17591
-22716
-20264
-13124
-6661
-1460
2542
505
1958
7177
10192
12108
15466
18763
15155
9515
2169
-5745
-8951
-10694
-10839
-8859
-7189
-8231
-6127
-5698
-3866
2361
6867
9638
10995
8410
3998
-295
-3684
-4621
-3623
-4631
-5824
-9188
-14262
-15177
-11609
-8362
3239
14050
13256
17730
12836
7343
11904
14659
8969
8256
2606
-7163
-9463
-16379
-19307
-15283
-10256
-6713
-989
-299
-2509
1102
5377
8032
11273
15165
17010
13753
9106
2326
-3543
-5651
-7554
-7471
-6068
-6420
-7392
-6670
-6888
-4698
47
3298
5959
7644
5737
2854
-294
-1628
-1341
-1569
-2521
-4732
-8324
-12337
-11059
-9628
-1889
8478
8652
12136
11772
6935
8837
13426
8989
7744
5038
-2850
-5011
-9815
-13856
-12168
-8288
-7242
-3591
-1801
-3961
-2739
298
2230
5327
9622
11962
11889
9350
4959
713
-1798
-2724
-3919
-2738
-2753
-3528
-4748
-6140
-5149
-3468
-1340
152
3005
2768
1747
-677
-2787
-2308
-1221
-974
-1087
-2997
-7856
-8902
-7357
-5811
3040
8329
7862
10140
7964
4821
8114
10133
5550
5890
1253
-2797
-3813
-7717
-10050
-7312
-4921
-4658
-1396
-1889
-3516
-2892
-1807
-360
2283
5291
7110
7735
6701
3687
1214
126
-269
-728
522
1179
1000
244
-1158
-1799
-2435
-2783
-2302
-327
-1082
-1332
-2709
-4263
-3937
-2765
-2794
-1193
-2073
-5371
-5086
-5136
-3564
621
7175
7745
8490
7190
4084
5723
7776
5938
4427
3064
-844
-1355
-2412
-5931
-4952
-3526
-3151
-908
-735
-2784
-3371
-2718
-2240
-1156
-358
1631
3826
4976
3765
2850
1763
1474
1102
2127
4416
5134
5575
4670
1207
-2678
-4191
-4646
-3997
-3877
-3990
-4046
-5011
-6021
-5333
-4849
-2662
-1528
-1404
-1526
-2836
-2106
-2112
1468
5499
5546
5812
4756
3319
3495
4938
2964
2142
1796
419
2143
733
-1963
-2996
-1466
-1690
-328
-165
-2256
-1500
-2481
-3357
-4352
-4150
-1910
1417
3060
3528
2992
1985
1490
1915
3920
5648
7180
8078
4971
481
-2245
-4579
-5639
-5885
-4895
-4408
-4902
-6106
-5547
-5126
-4054
-2330
469
1238
681
-329
-2044
-1508
-1941
1404
3858
3537
2367
311
14
1900
2325
2037
4681
4835
4683
3910
-80
-262
751
1015
2176
3038
566
-1755
-3294
-5895
-6634
-5843
-2927
880
2834
1898
1325
115
400
2276
4490
7115
7707
5802
3188
-136
-3081
-4808
-5187
-4061
-3455
-4810
-5380
-4436
-4798
-3178
-1745
168
2224
2816
557
-964
-2447
-4974
-5013
-2260
994
109
-205
-1739
-2501
-275
3869
6312
8667
8381
5595
5608
5114
2656
3012
4791
4069
4011
1761
-3462
-5873
-6960
-7349
-5272
-3319
-1523
-77
534
-360
514
1755
3761
5622
5755
3702
1327
335
-992
-2150
-2455
-2635
-3499
-4544
-5664
-5029
-3476
-1758
551
1374
1451
1681
411
338
-1814
-4184
-4834
-5194
-6449
-4759
-3150
-4807
-2754
-1593
361
5777
9102
7838
8493
6588
6400
8323
7027
6311
5870
5061
2056
-349
-3146
-5549
-5892
-5153
-4312
-4556
-4385
-2797
-1399
411
2646
3800
4506
3791
1350
-397
-1702
-2355
-978
-199
-796
-2514
-4699
-5388
-4890
-3727
-164
2586
3235
4210
3027
973
675
-968
-1655
-2217
-4481
-6258
-7483
-10310
-9855
-5661
-3721
-339
3045
3422
5612
8430
7145
9340
9491
8953
10973
9011
5687
3406
1145
-605
-389
-2233
-3242
-3466
-4519
-4674
-4864
-4163
-1062
2469
3743
4165
2570
-351
-2030
-3294
-3774
-3565
-2387
-1506
-2694
-3875
-4346
-4076
-2369
1168
2977
4774
6599
5930
5253
2976
-371
-1515
-1954
-3513
-5055
-7406
-10412
-12167
-11482
-9705
-4514
-219
1757
4141
4907
5617
9346
10545
10994
12542
9682
8952
7491
3097
1041
-42
-1673
-1595
-1459
-2982
-3475
-3833
-3314
-1056
-166
1618
2800
2598
950
-1752
-3351
-4905
-5602
-5345
-4872
-5715
-5376
-4061
-3090
-947
1870
2835
5039
7229
6993
7258
5750
2656
321
-2593
-4812
-5767
-7292
-9445
-11066
-10380
-10044
-9837
-6975
-2857
1533
4966
6740
8157
8645
10522
11987
10017
9243
6273
3894
3810
1364
-1378
-1996
-1978
-2147
-323
-198
589
2675
2920
3104
2519
2573
1126
122
-646
-2550
-4394
-6544
-8235
-9154
-8439
-7708
-5597
-1824
792
1993
5011
7247
7310
7636
6068
4833
3197
-263
-2194
-4312
-7121
-9523
-9659
-7889
-8059
-8838
-6287
-5072
-3073
-319
2822
7480
9219
9963
8666
7293
5864
5072
3161
2592
354
-1619
-959
-1999
-2280
-1180
761
3445
7352
7714
6561
6472
4881
3125
1166
-758
-1862
-3841
-6153
-8111
-10094
-11679
-11460
-10073
-5882
-3859
-1768
3041
6146
7494
7547
7393
5860
4365
1825
615
-799
-4020
-6541
-7731
-7293
-8215
-7393
-4290
-3672
-2365
-1113
-72
2078
3597
6168
7436
6701
4940
2597
400
469
-235
-2269
-1950
-2102
-847
1979
3499
5461
8792
9523
9163
10686
8664
6377
4745
2376
45
-4524
-7424
-9295
-10656
-11776
-11670
-10737
-8499
-7013
-5204
-499
2785
4343
6639
8450
7786
6688
4000
2678
501
-3169
-4900
-5147
-4922
-6512
-6649
-5133
-4404
-2905
-1190
934
2629
3236
2659
2359
1521
864
2066
1680
1077
-1316
-3485
-3652
-1821
-780
1302
4602
6903
9976
10319
9394
9142
9116
8049
7479
6690
2741
-1506
-5348
-8607
-11148
-12287
-11949
-9985
-7321
-6303
-4477
-2160
450
824
2966
5142
4994
5492
4405
3756
1109
-1987
-4800
-5666
-5745
-6333
-5125
-4179
-3706
-2687
-1353
594
2711
4053
4275
3709
1918
-36
-1146
-1695
-2141
-1958
-2312
-3054
-2616
-1987
-536
2951
6624
7658
9538
9311
9180
9912
8223
6888
6134
3373
219
-1339
-4354
-7010
-7555
-8513
-8266
-7042
-5768
-3900
-912
1414
1066
2251
1883
1141
1151
530
-533
-1190
-1793
-3634
-4347
-5061
-6098
-5260
-3730
-3228
-772
1680
3188
4992
5279
4284
3963
3411
2645
1524
-570
-2755
-4966
-6216
-7071
-6422
-2163
-510
2009
4240
4166
5429
7778
8389
8512
9646
7433
6888
4901
962
-1077
-2663
-4020
-3066
-2626
-3848
-3456
-2875
-2745
-1107
21
-328
916
769
72
-57
-2212
-3055
-3955
-5372
-6332
-7074
-5913
-5010
-3043
-2062
-1286
238
2032
3358
4279
6072
6607
6722
5783
3749
1216
-745
-2775
-4315
-5067
-6722
-6373
-4896
-4218
-2661
-896
2045
3926
5689
6260
6654
7411
7779
6928
4929
4068
1788
732
200
-1525
-2890
-3210
-2427
54
1352
2020
2808
1283
-191
-1782
-2817
-2688
-2772
-1805
-2299
-3832
-6751
-8178
-8529
-7758
-5097
-3829
-768
2035
3457
3788
3821
3915
5258
6644
6606
6623
4259
1269
-1141
-4151
-6192
-6491
-5467
-3980
-2708
-2773
-2819
-2347
-1496
152
1362
4620
5792
5735
5073
3260
3111
3666
3433
2497
2437
-163
-1256
-84
-789
-458
2470
3175
3141
3752
801
-408
-800
-2740
-2783
-3216
-4746
-5507
-5427
-6223
-5404
-5162
-5298
-3219
-1623
-159
242
1858
3665
5575
6703
6475
5668
3661
1991
200
-877
-2058
-2704
-2233
-2351
-3730
-4072
-3475
-2441
-566
251
609
1017
-630
-1029
-1530
10
2560
2826
4180
2947
993
843
1421
739
1720
2593
3649
5037
3224
1215
688
760
1609
2940
2282
284
-1950
-4699
-6050
-6948
-6810
-5244
-3588
-2242
-1962
-2942
-4053
-2634
-1360
1504
3848
4774
6051
5434
3720
1884
201
-443
392
1181
1557
803
-553
-1400
-2214
-2853
-2452
-883
593
588
156
-1888
-2931
-3496
-3198
-1605
-718
1679
1409
1375
867
368
2266
5618
5402
4556
4285
1997
3707
3703
1964
2261
2311
186
-159
-708
-3576
-3476
-4437
-5490
-5277
-6179
-5915
-4120
-2436
-1946
-294
21
347
1071
1144
1386
1463
2688
3564
3857
3467
2478
1433
874
633
355
675
711
325
-606
-2891
-4169
-4346
-3175
-1545
-636
-688
-2699
-4338
-5464
-5284
-4402
723
3802
5069
5235
2084
1398
3807
5400
6024
7971
5766
5317
3640
-805
-2167
-1836
-1801
-78
845
-2853
-4690
-5820
-7944
-6493
-5684
-3327
554
2114
1165
-222
-1926
-2790
-456
1011
2805
3894
4651
4806
3722
2221
557
1294
2833
3332
2610
807
-1146
-2492
-3054
-3614
-3329
-2803
-2665
-2376
-3521
-5057
-5646
-4802
-3837
-2097
-1805
1245
3271
3996
5243
4159
4193
7228
8158
5215
6219
3516
2681
3408
-81
-2658
-2689
-3145
-2445
-561
-3411
-4380
-3103
-4823
-4508
-4422
-4299
-1654
835
792
767
-72
-1441
618
1619
2506
3547
4440
5806
5761
3969
2002
917
1068
1418
1287
856
-616
-2634
-3888
-6109
-7349
-6394
-4576
-2424
-1705
-2873
-5140
-5955
-6104
-4041
-1246
4527
8028
7915
6545
2791
2373
5593
8439
7958
9268
5398
2681
1951
-3474
-5752
-3158
-1455
385
2138
-2552
-5598
-5739
-8261
-7081
-4707
-3201
273
3183
1879
403
-755
-1833
815
3297
4856
5631
6067
5309
3897
1307
-431
-570
176
863
99
-2344
-4561
-5604
-5972
-5648
-5804
-4916
-3659
-2975
-3617
-3503
-4418
-4232
-3510
-2105
-1447
2605
7296
6906
7589
4308
3069
6352
10127
8566
9055
6144
2876
3103
-2153
-5423
-3698
-1694
-1087
998
-2795
-6556
-6025
-7665
-6238
-3486
-1708
2062
5077
3221
594
-287
-1517
1508
4025
5017
5625
4846
3117
467
-2251
-4098
-3209
-758
1163
1000
-1322
-4271
-5972
-6217
-6166
-5056
-2547
-1022
-384
-2663
-4948
-6845
-6753
-5172
-2289
-314
4016
8439
6431
6133
3077
3163
8733
14700
12421
11755
7192
1192
1503
-4137
-6674
-2411
628
513
1415
-3841
-8133
-6388
-7205
-5376
-2503
-749
2877
5348
2821
-885
-734
-738
2587
4388
4074
3569
2147
380
-1443
-2116
-1751
470
2157
1629
-1049
-3376
-4443
-4902
-4197
-3824
-3666
-2706
-3543
-4495
-5831
-6278
-6133
-5435
-4958
-3308
-2445
1046
8178
6996
8012
6432
6113
10796
16275
13061
10239
7615
277
1788
-2920
-6883
-2678
1241
-1149
-1178
-5813
-12241
-8490
-8888
-7140
-2549
-1057
2350
4684
1867
-2337
-538
158
3818
6297
5415
5220
2969
309
-2157
-2648
-1759
712
1951
530
-2718
-5955
-7164
-6516
-4638
-2057
-946
-477
-2129
-4763
-6128
-6183
-4890
-3252
-2321
-2327
-1163
-382
7584
8921
8706
9884
7866
10800
15607
14266
8399
8759
1657
2160
-81
-6746
-5256
-2144
-4847
-6422
-6602
-12206
-8582
-6741
-7123
-2841
-1598
1538
5195
4749
1470
3135
4410
4603
5960
3519
3398
1737
-770
-3073
-3625
-3861
-2782
-2498
-3395
-4667
-4700
-3424
-2459
-1188
-196
265
-243
-1036
-3155
-3376
-3997
-3317
-3300
-4049
-5064
-3015
-2043
270
9946
9311
10659
8744
6421
10572
16749
13443
10885
9937
59
897
-5608
-9979
-5296
-2317
-5313
-4231
-8264
-14057
-8106
-7589
-4789
606
2638
6318
6456
1965
-1327
2393
2610
4068
5374
3376
1236
-2753
-4984
-6683
-4912
-2630
175
-272
-2567
-4528
-3375
-2371
-1449
1297
2948
1661
-648
-3941
-6433
-5914
-4296
-2415
-2982
-3414
-4703
-3151
-3982
1454
12289
10852
13247
9038
7729
11315
16027
11212
11168
8470
-971
1274
-8098
-10146
-5093
-1854
-4775
-3520
-9234
-12738
-6818
-8250
-4930
508
3864
5778
3750
-939
-1829
2223
1943
4490
5426
4309
1686
-2056
-4417
-5510
-2801
-718
1042
-1542
-3556
-5097
-4659
-4033
-2514
206
1425
-529
-3694
-5496
-4861
-2708
-872
-1014
-721
-1959
-3331
-3319
-1926
-626
10745
13249
9724
9939
4069
7000
12822
15109
9291
11853
2385
874
-1963
-9636
-5438
-1104
-2358
-7798
-8736
-15152
-12294
-9103
-7517
-1246
1700
3697
2588
618
-292
3551
7899
8925
10683
7075
3561
-1877
-3480
-4779
-2891
-327
-1250
-4175
-9037
-10380
-8421
-4993
-2584
2388
4257
2169
-718
-2079
-1005
2026
4444
4609
2966
-712
-4050
-5332
-5822
-4393
-167
11320
8183
5669
3048
1248
8166
16221
16485
11885
11527
107
-922
-7817
-10761
-5630
-1802
-6493
-10794
-13467
-19106
-12399
-7946
-3633
1874
5244
5942
4134
1851
1272
7688
10327
9492
8158
3113
-1074
-5322
-6340
-7057
-3208
-2164
-3225
-5698
-8366
-6975
-3629
1066
3726
6644
5866
3035
-19
-1032
136
3122
4314
2427
-1284
-4298
-7161
-7073
-6418
-1823
1576
10540
10520
5585
5270
1878
7827
14007
16938
7895
7091
-2908
-6236
-8538
-12423
-6345
-2849
-3543
-10132
-9925
-14832
-9330
-2717
281
3833
5306
5113
965
-535
-481
4282
7610
5309
4913
1689
-1537
-3241
-2778
-2511
-290
1457
580
-2131
-5557
-3756
-831
1359
785
1422
973
-1854
-4250
-3124
-19
3128
4444
3413
387
-2173
-3738
-2641
-907
888
2016
10366
6575
633
-129
-2116
4164
10901
12895
5680
4915
-4281
-4202
-5440
-7666
-2016
2808
-280
-8201
-8181
-13451
-8294
-3276
-1993
295
445
-1228
-2545
-1723
-873
6038
10438
9031
7227
3874
1749
285
581
623
2409
2013
-1708
-5468
-8830
-7933
-6040
-2418
-97
1283
1025
-92
-530
209
2357
5375
6790
4963
2249
-665
-2725
-4698
-5931
-4465
-2858
-895
5983
1189
1731
270
1748
8659
14424
12319
7233
6000
-3863
-1685
-7376
-5364
-1878
-734
-5826
-9140
-11099
-14708
-6637
-4670
-681
1265
3010
2502
2720
3083
4321
9458
8825
7655
6277
1438
-1483
-3021
-3773
-3825
-642
-1166
-2113
-4999
-7185
-3923
-2167
-595
420
2718
2278
1256
-731
-746
903
2402
3529
2353
-1011
-3553
-4528
-5315
-5678
-3745
-1383
1864
8567
3322
3954
785
366
6778
11536
9607
4271
2780
-4367
-2196
-6694
-5071
-648
1138
-3121
-6982
-9587
-12110
-4117
-1549
2125
2535
3488
2369
-5
-905
717
5732
7857
8769
6573
3633
624
-479
494
-709
418
747
-1701
-5926
-8149
-6863
-5043
-1516
-658
1915
2099
295
569
966
2115
4344
5933
3643
1148
-1597
-2534
-3113
-4184
-5454
-3942
-6051
-925
1460
-1741
982
-1069
4241
8856
13287
7194
5637
1735
-1914
-6
-4300
-1651
-699
-810
-7756
-7480
-11542
-9355
-2727
-1726
737
1018
3184
1921
4281
3935
7391
9830
8023
7166
3402
688
-2085
-2571
-4215
-4533
-2942
-3217
-4352
-6937
-4928
-2817
-104
1626
2734
5329
4379
3261
2105
2365
2640
2964
1995
-1236
-2866
-5134
-5980
-6741
-6538
-7079
-4244
-4818
-337
4187
1202
3888
1220
3843
7382
11819
6266
4487
2291
-3772
-1603
-6348
-3638
587
1314
-2943
-1322
-4366
-4167
1717
-412
1552
2986
3844
1591
932
-1560
492
3691
1331
2035
379
-1654
-2567
-3256
-4723
-2537
1729
1867
1355
-1204
-2067
103
205
1524
3182
3519
2358
44
-2066
-2445
-365
1248
1444
-50
-2206
-3589
-5534
-6266
-6618
-4380
-4035
-3790
-4908
-2849
4890
2348
4884
2708
4143
7929
11078
9028
4451
6879
1744
2391
-3134
-4110
-926
310
-2834
-4757
-3995
-6246
9
274
-139
2274
4702
3411
1653
530
762
4873
2318
440
-307
-1835
-2534
-3890
-5082
-4802
-1288
-664
-1431
-2645
-2397
587
1159
2275
2667
4138
3781
1480
-907
-3106
-1549
-896
-879
-3525
-5248
-5754
-6084
-5842
-5590
-3601
-2199
-2527
-3021
-3022
391
8428
7504
7181
5390
3966
6744
8019
5973
2119
4733
893
969
-2494
-3555
1633
2241
1531
-708
229
-1216
1752
280
-1108
572
826
691
-2366
-3000
-2927
-1139
-2540
-1829
-165
452
1375
157
-326
-896
664
1875
2381
945
961
933
-1131
-1933
-3039
-1499
-1093
-2926
-3911
-3636
-3863
-3390
-1707
-1456
421
465
-1271
-1984
-2903
-3382
-2510
-2648
-4202
-2848
-2345
2937
5383
4223
4492
4021
5706
7701
9331
6289
7118
5961
2998
1036
-392
2068
2288
1305
-1736
-3701
-6742
-6615
-4526
-3922
-1767
-94
1745
-494
-1710
-1588
-122
1673
2214
4111
3178
1482
-937
-1762
-1976
-1483
748
655
352
-1464
-2814
-3004
-3124
-1341
727
1427
-209
-1645
-2905
-3990
-3747
-2968
-1606
-1614
-1764
-1890
-2324
-3148
-2412
-371
-349
108
674
1395
1607
2984
4928
6572
5431
3005
3826
3801
4155
3765
3300
3798
2203
-15
-1867
-672
-218
703
1335
184
-551
-1877
-2238
-3121
-2679
-809
1381
1718
318
-620
-1978
-2533
-1870
-489
1463
1950
1555
66
-2857
-4601
-3772
-1804
16
857
97
-852
-2882
-4373
-2913
-1249
-396
444
120
-509
-1225
-2191
-723
1080
1221
1939
2154
189
-190
-519
-280
786
745
1552
2382
1691
870
1649
1996
2165
1330
112
-411
-349
-151
48
1032
724
662
-30
-503
-299
74
1760
3583
4967
5117
4870
4212
2506
2007
773
435
749
-1010
-1846
-4424
-5914
-6475
-5928
-4773
-2538
4
-1163
-2022
-2993
-2998
-1553
-361
1659
2467
2043
574
-231
-1141
-2596
-2079
-1451
-982
-630
61
843
1651
1242
1193
1669
1428
1911
1810
1011
204
-736
-2368
-3009
-3279
-3376
-2847
-3126
-3373
-2243
-1150
175
1986
3037
3997
5202
5783
5748
5579
4685
3389
1880
756
839
563
68
-711
-1874
-2086
-2760
-3199
-2059
-1145
-369
428
-171
-890
-1394
-1715
-1136
-456
-986
-1208
-1503
-2051
-2238
-2139
-819
657
2044
1828
2252
2297
2101
2158
1943
2282
2287
1894
1122
915
-9
-1807
-2527
-3309
-3572
-2894
-2886
-2674
-2819
-2423
-2300
-1116
-769
-282
1121
1275
1134
357
873
1494
2108
2791
2698
3073
3397
2577
1134
673
480
340
1012
517
1227
1271
583
-315
-1486
-1761
-2410
-1327
-529
-226
857
946
578
236
-40
324
1218
1864
1787
1835
844
-474
-1218
-1311
-556
296
466
234
-473
-1259
-1621
-1358
-715
545
997
957
241
-1536
-2969
-4174
-4268
-3995
-3671
-3430
-3155
-2899
-3137
-2997
-2454
-550
775
2272
3474
2944
2998
1861
1416
824
862
902
994
199
-1795
-2094
-2717
-1465
-737
331
1955
3346
5079
5540
5856
5477
5412
4389
3352
3450
2716
2692
1433
-1029
-2463
-4195
-4807
-3871
-3022
-1710
-53
411
-97
-216
-499
568
1546
1192
1209
453
-694
-1843
-3493
-4604
-4173
-3472
-2621
-1856
-2414
-2300
-1925
-1370
-475
447
1358
1694
1542
-2
-1303
-3036
-3763
-3705
-4135
-3443
-2636
-1475
-1082
-1087
-652
597
2720
4343
5390
6180
5872
5519
5663
4857
4463
3694
3872
4158
3055
2105
1235
671
261
305
196
913
1400
1193
205
-1729
-2536
-2897
-2717
-2707
-2513
-1889
-1582
-1698
-2246
-2234
-1468
-569
-353
-834
-359
76
-579
-724
-1226
-1567
-1655
-2090
-2668
-3022
-2791
-2677
-2613
-3134
-2822
-1401
-925
-992
-620
79
420
-517
-590
-598
-360
-91
391
1348
1427
1503
1131
1011
1555
2878
4381
5517
5754
5314
4999
4182
3863
3667
3144
2970
2361
1473
412
-200
-884
-844
-759
-378
587
901
1208
1011
88
-587
-495
-908
-999
-1098
-1757
-2449
-3890
-5211
-5461
-5417
-4184
-2771
-2168
-1760
-1051
-594
-64
141
79
958
865
153
-721
-1374
-1924
-1693
-2203
-2523
-2714
-3328
-2921
-2913
-2416
-962
580
1944
2075
1753
1667
2207
2754
3552
3576
2893
2538
1015
340
-390
-77
1409
2112
1956
1951
2593
2817
3054
3172
4171
5348
5113
4421
3062
1329
-72
-1338
-1753
-2198
-1732
-1786
-2470
-2730
-3096
-2467
-1400
-624
-118
121
-108
-458
-1095
-1653
-1449
-1454
-1617
-2044
-2508
-2418
-2663
-2522
-1931
-1233
-1155
-584
-384
-283
331
32
-153
-631
-960
-858
-1292
-1898
-2260
-1852
-1138
-900
-927
-965
-692
-1013
-44
953
2122
2665
1963
1612
825
564
947
2199
3042
3462
3608
2975
2399
2042
2498
3453
4451
4804
4260
3330
1597
116
-727
-1246
-995
-691
-821
-1190
-2035
-2983
-2906
-2364
-1636
0
261
741
1255
462
345
122
-75
-487
-880
-2026
-2472
-2139
-2883
-2689
-3176
-3171
-2500
-2355
-1312
-154
1183
1380
687
-11
-1305
-1856
-2055
-1773
-1713
-1877
-2732
-3571
-3805
-3926
-2783
-1081
899
2728
4051
4208
3476
3000
3183
4065
4793
4745
4254
2792
1103
-344
-210
668
1352
1818
2010
2048
1938
1733
1847
3089
3363
3257
2586
1384
317
-546
-1051
-1369
-1727
-2796
-3140
-3369
-3737
-3225
-2023
-457
-14
-367
-587
-567
-370
-409
-184
340
-122
-1254
-3083
-4625
-4613
-3517
-2279
-1640
-1015
-765
-1078
-1558
-1685
-682
922
1711
1221
306
-862
-1850
-2136
-1815
-1842
-1117
-627
-588
361
621
1371
2332
2558
3173
4615
4532
4650
4712
3881
3155
2429
1751
1728
1436
515
477
658
534
501
560
235
-103
-546
-738
-149
321
-252
-644
-1651
-2584
-3053
-3236
-2703
-1820
-737
-642
-579
-914
-599
235
978
1479
1937
2031
1179
473
-1055
-1766
-1812
-1898
-1934
-2281
-2490
-2554
-2676
-2726
-1660
-1029
-222
264
605
980
1116
837
721
1068
55
-228
-1145
-1199
-129
450
839
817
854
954
1779
2102
3144
4311
4270
4027
2658
1194
807
811
-85
-275
-490
-307
-189
-1022
-1355
-1186
-330
-72
997
1402
1685
2211
1343
377
-350
-798
-637
-221
-706
-1129
-1244
-1285
-1329
-1730
-1606
-1326
-815
-631
-778
-272
11
-54
-819
-1348
-1746
-1844
-1728
-2211
-1777
-1625
-2004
-2101
-2509
-2533
-981
179
488
846
464
410
610
158
-534
132
462
288
914
108
103
178
-63
488
1039
1905
2625
3151
2467
2387
2905
3266
3104
2546
1626
998
1127
660
568
64
9
-69
-492
-517
-146
1387
1728
2086
1852
579
-153
-839
-487
-494
-654
-1192
-1674
-2446
-3442
-3739
-3757
-2985
-2377
-1791
-1697
-1472
-1149
-965
-1045
-1008
-612
-474
-455
-965
-1605
-1941
-2186
-2173
-1937
-1637
-1278
-483
-166
-389
270
1181
1839
2176
2010
1668
1567
1894
2408
2677
2397
1903
1950
1882
1807
2134
2564
2544
2349
2090
1992
1774
1652
1704
1840
2088
2057
1728
924
141
-255
-485
-821
-665
-424
-333
-530
-957
-1283
-1373
-1548
-1571
-1628
-1835
-1638
-1766
-2294
-2781
-2927
-2762
-2424
-2365
-1963
-1411
-1128
-887
-1198
-1191
-483
-140
-138
-176
-425
-567
-590
-1254
-1276
-921
-594
-308
53
547
1141
1639
1872
2058
1826
2107
2205
2417
2643
2651
2408
1796
457
-475
-409
97
904
1159
1048
691
673
966
1533
2134
2503
2909
2554
1983
1437
754
141
-937
-1556
-2103
-2064
-2246
-2359
-2279
-2715
-2558
-2589
-2913
-2348
-1179
-423
348
-9
-713
-548
-864
-1781
-2046
-2585
-2467
-2001
-2198
-2059
-1814
-1426
-1315
-825
-575
432
1812
2417
2568
2024
1614
1247
933
647
498
533
214
-393
-1035
-991
-634
158
1310
2060
2406
2008
1767
1705
1961
2654
3518
3673
2910
1928
897
663
443
382
554
655
675
265
132
-112
-47
-190
-652
-935
-1002
-1366
-2108
-2331
-2833
-2848
-2945
-2968
-2290
-1646
-1462
-1274
-882
-763
164
974
1032
911
614
507
358
89
-405
-515
-687
-1373
-1747
-1825
-1696
-1111
-518
-383
-108
202
95
304
762
900
1215
1240
838
716
590
492
1082
1505
1869
2361
2011
1662
1457
1651
2148
2730
2943
2732
2117
931
213
-299
-634
-648
-902
-876
-859
-1077
-1514
-1856
-1623
-1315
-859
-532
149
740
736
673
124
-492
-641
-482
-352
-326
-649
-1076
-1528
-2374
-2524
-2126
-1649
-1310
-1217
-1304
-1119
-929
-1668
-1830
-1404
-1257
-1003
-1099
-1171
-1057
-1004
-853
-615
-145
175
738
1123
1266
1779
2704
3351
3050
2641
2084
1894
2339
2492
2572
2299
1830
1005
819
708
641
841
795
1312
1454
1518
1263
998
289
-213
-119
-64
155
245
-13
-595
-1287
-1838
-2026
-1596
-1057
-675
-588
-1074
-1614
-1969
-2286
-2478
-2311
-2570
-2587
-2437
-2485
-2523
-2554
-2353
-1978
-1412
-1059
-728
-145
254
718
875
856
920
701
732
404
261
168
116
142
70
-94
-340
-12
10
475
1149
1806
2511
2691
2677
2430
2372
2564
2661
2911
2719
2768
2395
1625
1475
1473
1773
2240
2514
2454
2379
1994
1236
509
-165
-166
-17
-631
-1326
-1985
-2448
-3033
-3118
-3023
-2580
-2155
-1918
-2014
-2066
-1828
-1483
-830
-687
-741
-864
-1089
-1740
-2040
-2076
-1927
-2046
-2530
-2798
-3056
-3323
-2900
-1764
-1096
-659
-388
-189
92
313
1008
1975
2179
2438
2574
2646
2854
3010
2907
2849
2908
3294
3662
3331
3058
2778
2258
1561
1337
1159
1073
418
-157
-873
-1535
-1642
-1635
-1702
-2041
-2120
-2094
-1510
-1253
-890
-198
-228
-485
-770
-770
-464
213
512
663
366
-666
-1208
-1852
-2069
-1556
-957
-883
-950
-1258
-1543
-1721
-1973
-1949
-1859
-1502
-1402
-1394
-1560
-1636
-1314
-1080
-768
-513
57
522
617
686
789
1156
1315
1646
1573
1721
1863
1680
1612
1309
1415
1467
1574
1564
1436
1665
1829
2268
2611
2484
2575
2515
2331
2226
2535
2857
3011
2908
2134
1782
1416
1306
1392
1106
727
271
-266
-907
-1657
-2204
-2232
-2280
-2894
-3456
-3889
-4160
-4140
-4131
-3849
-3664
-3676
-3549
-3087
-2503
-1368
-452
-272
-560
-769
-397
1
420
1134
1781
1752
1386
1192
1288
1320
1092
1114
1485
1599
1740
2015
1838
1455
722
-29
-185
-31
492
771
724
373
19
-350
-559
-128
489
1144
1315
1196
1053
556
14
-433
-939
-935
-788
-892
-1177
-1823
-2551
-2919
-3067
-3223
-2994
-2454
-2053
-1616
-1469
-1256
-722
-361
18
193
19
-36
166
374
562
684
500
558
474
89
152
255
504
860
740
492
412
25
-485
-562
-506
-221
75
35
-288
-564
-491
-110
405
537
986
1442
1501
1501
1348
1616
1846
1980
1805
1375
1163
968
962
854
859
1114
1119
1246
1193
1107
1280
1775
1946
1717
1483
1348
1610
1523
1488
1409
1507
1547
1252
1033
1106
1133
1001
921
524
378
478
229
-23
-691
-1403
-1828
-2291
-2712
-2922
-2838
-3023
-3146
-3439
-3677
-3591
-3139
-2875
-2739
-2708
-2592
-2613
-2848
-2770
-2425
-1972
-2072
-2078
-2205
-2428
-2596
-2466
-1898
-1477
-828
-187
409
970
1235
1429
1604
2028
2415
3039
3093
2595
2117
1736
1909
2387
2577
2782
3071
3105
3367
3365
3367
3483
3203
2547
1656
900
448
176
-556
-894
-1138
-1748
-2173
-2385
-2423
-2165
-1778
-1287
-898
-776
-570
-325
-386
-759
-683
-535
-696
-882
-1129
-1412
-1655
-1689
-1216
-749
-450
-169
95
5
6
374
734
1096
809
619
236
-297
-514
-613
-367
-332
-201
-275
-468
-497
-521
-5
248
694
978
867
856
466
418
387
565
486
260
-291
-899
-848
-1019
-609
-462
-219
-12
-407
-443
-543
-146
196
507
735
853
949
785
925
901
1214
1575
1770
1837
1776
1741
1765
2152
2567
2715
2643
2259
1877
1207
711
415
426
578
344
22
-538
-731
-657
-619
-757
-860
-860
-974
-1263
-1534
-1747
-1996
-2163
-2369
-2967
-3164
-3411
-3540
-3297
-3024
-2526
-2163
-1847
-1725
-1382
-1127
-716
-48
554
823
710
503
304
569
909
1159
1726
1778
1770
1854
1897
2513
2893
3144
3264
3327
3056
3027
2849
2324
1828
922
-32
-958
-1675
-1916
-1802
-1882
-1969
-1800
-2095
-2144
-1793
-1560
-942
-480
-436
-485
-733
-1297
-1536
-1910
-2200
-1886
-1598
-1378
-1328
-1452
-1425
-1200
-899
-479
197
528
767
672
561
444
572
854
489
380
63
0
-51
75
485
1043
1370
1382
1563
1588
1768
1916
2046
1951
1681
1086
250
-523
-1126
-1411
-1661
-1868
-2309
-2513
-2665
-2698
-2480
-2204
-1700
-1374
-765
-415
-249
-34
174
376
685
1123
1485
1920
2258
2498
2657
2862
3011
3480
3889
4028
4171
4169
4030
3581
3498
3178
2934
2525
1903
1501
1053
908
497
369
115
-157
-507
-689
-599
-482
-156
-407
-648
-1124
-1570
-1731
-1922
-2055
-2171
-2226
-2844
-3354
-3717
-3610
-3331
-3362
-3330
-3592
-3614
-3649
-3631
-3702
-3450
-3114
-3021
-2793
-2583
-1845
-1207
-755
-503
-253
199
432
1137
1724
1937
2102
1961
2000
1979
1892
1544
1283
1011
724
663
387
215
-84
-249
-357
-361
-1
371
748
659
572
396
188
147
-62
176
379
535
635
685
835
829
883
1088
1326
1565
1753
1845
1955
1902
1760
1492
1385
1114
834
504
168
-29
-253
-195
-128
-58
-272
-428
-237
-186
-242
-240
-232
-576
-912
-1380
-1834
-2075
-2435
-2560
-2561
-2441
-2451
-2448
-2369
-2312
-1763
-1256
-588
-18
396
617
567
464
386
543
673
905
1041
1153
1329
1497
1465
1433
1531
1936
2360
2525
2549
2724
2800
2526
2167
1682
1334
1117
630
132
-7
-136
-181
-130
-273
-490
-403
-322
-312
-203
-15
44
134
37
-316
-457
-788
-1037
-1357
-1479
-1507
-1504
-1461
-1248
-874
-734
-436
-133
242
790
1237
1591
1583
1265
1138
1183
1133
836
705
712
625
727
723
631
642
382
-2
-259
-560
-784
-718
-934
-1584
-2206
-2874
-3381
-3518
-3547
-3285
-3090
-2909
-2854
-2834
-2487
-2205
-1893
-1616
-1230
-811
-556
-530
-543
-365
-338
-420
-468
-368
-159
21
130
236
582
996
990
1233
1355
1138
1247
1104
924
958
1166
1499
1457
1218
1118
1220
1348
1682
2092
2463
2782
2782
2785
2492
2274
2332
2292
2061
1527
1156
615
-65
-778
-1280
-1503
-1592
-1567
-1519
-1421
-1425
-1400
-1415
-1452
-1323
-1068
-1064
-1113
-1028
-895
-1025
-1370
-1608
-1828
-1950
-1941
-1764
-1309
-798
-509
-376
-121
174
568
1146
1329
1404
1363
1135
925
706
900
1040
1118
1126
1144
1366
1569
1759
2128
2592
2844
3298
3550
3714
3825
3628
3350
2974
2680
2299
1925
1454
903
447
-30
-113
-244
-420
-844
-1237
-1446
-1628
-1605
-1773
-1906
-2174
-2443
-2727
-3016
-2973
-2790
-2630
-2408
-2353
-2412
-2411
-2299
-2130
-1884
-1872
-1751
-1724
-2014
-2095
-2089
-2020
-2117
-2258
-2475
-2631
-2574
-2463
-2080
-1686
-1333
-1061
-1042
-1079
-898
-511
-169
138
318
645
918
959
1047
1265
1791
2190
2709
2954
3021
3095
2789
2773
2874
3101
3129
3097
2905
2677
2492
2229
2019
1932
1946
1504
1155
943
897
1044
1079
1044
1001
774
425
36
-477
-750
-862
-1063
-1420
-1910
-2353
-2575
-2777
-2903
-2930
-2939
-2757
-2775
-2931
-3003
-2805
-2388
-1973
-1579
-1567
-1575
-1755
-1691
-1308
-740
57
569
770
790
886
1244
1879
2462
3043
3480
3517
3412
3244
2926
2853
2725
2716
2796
2584
2277
1864
1682
1722
1877
1971
1946
1809
1540
1188
677
513
334
65
-159
-659
-1145
-1770
-2167
-2298
-2299
-2126
-2008
-1938
-1879
-1932
-2029
-2146
-2057
-1909
-1770
-1748
-1993
-2161
-2374
-2543
-2487
-2451
-2208
-1643
-1383
-1257
-1206
-1043
-634
-318
4
274
468
585
725
760
994
1290
1418
1519
1233
993
1208
1535
1955
2314
2461
2348
2066
1920
1825
1904
2014
2148
2063
1671
1321
936
629
394
408
425
225
-57
-274
-369
-588
-687
-637
-593
-820
-1060
-1407
-1780
-1975
-2164
-2151
-2268
-2283
-2351
-2366
-2357
-2325
-2057
-1894
-1774
-1783
-1650
-1506
-1447
-1386
-1382
-1390
-1492
-1469
-1451
-1338
-1290
-1090
-903
-819
-561
-144
448
863
1248
1496
1685
1836
2072
2329
2450
2651
2709
2667
2661
2741
2860
2938
2915
2884
3025
3000
2847
2689
2488
2319
2295
2193
1755
1282
760
295
-238
-705
-988
-1031
-1021
-1179
-1170
-1434
-1552
-1486
-1489
-1557
-1582
-1595
-1695
-1806
-2038
-2062
-2074
-2077
-1909
-1822
-1641
-1554
-1525
-1369
-1223
-1106
-791
-531
-479
-385
-305
-252
-114
47
291
842
1243
1571
1903
2129
2350
2712
3060
3182
3295
3311
3268
3176
3037
2731
2400
2022
1624
1383
1246
1079
851
544
99
-134
-399
-500
-611
-741
-810
-1160
-1759
-2502
-3077
-3444
-3635
-3736
-3705
-3550
-3484
-3591
-3756
-3686
-3439
-3009
-2560
-2316
-2186
-2152
-2159
-2337
-2349
-2218
-2093
-1983
-2068
-2035
-1951
-1748
-1468
-913
-313
367
978
1338
1629
1928
2339
2619
2877
2998
3117
3125
3046
2917
2819
2812
2894
3067
3239
3398
3410
3444
3375
3227
3088
2985
2583
2148
1686
1303
1114
875
530
88
-295
-706
-916
-981
-1050
-955
-887
-854
-940
-976
-1006
-906
-921
-1137
-1376
-1707
-1880
-2058
-2216
-2153
-2007
-1744
-1635
-1602
-1494
-1281
-1039
-886
-748
-610
-421
-302
-215
-157
118
381
474
768
969
1088
1189
1197
1274
1580
1951
2193
2370
2255
2026
1814
1632
1332
1119
1006
803
616
291
112
30
-73
-99
-111
-197
-302
-333
-427
-518
-604
-749
-972
-1281
-1554
-1749
-1888
-1982
-1963
-1897
-1864
-1823
-1683
-1582
-1501
-1429
-1335
-1330
-1422
-1540
-1543
-1507
-1520
-1470
-1355
-1369
-1391
-1341
-1083
-738
-399
83
489
748
949
1058
1153
1266
1303
1296
1215
1070
919
967
1145
1189
1215
1188
1265
1400
1534
1741
1873
2013
2005
1852
1525
1218
949
654
384
89
-33
-282
-407
-555
-633
-490
-301
-126
40
82
-3
-6
-84
-69
-24
-126
-385
-688
-1006
-1270
-1317
-1332
-1238
-974
-889
-809
-721
-457
-85
305
607
769
852
673
546
306
38
-60
-104
-23
22
7
54
202
335
612
1067
1298
1408
1485
1370
1318
1149
857
654
354
13
-325
-667
-898
-975
-848
-590
-317
-244
-145
-109
-70
53
220
414
446
294
-80
-455
-723
-752
-727
-588
-388
-349
-415
-577
-622
-497
-163
109
339
465
378
312
200
79
35
126
59
-100
-348
-498
-334
-251
-147
65
130
143
119
131
261
273
174
47
-163
-380
-575
-713
-767
-745
-939
-976
-1031
-1013
-875
-871
-779
-624
-482
-374
-281
-289
-423
-570
-648
-581
-427
-310
-218
-146
-80
-56
191
525
729
1101
1289
1322
1252
1097
1069
1097
984
788
665
452
259
95
30
43
112
71
93
206
314
404
457
401
365
347
203
139
77
-58
-207
-278
-340
-349
-285
-301
-121
-38
-46
-86
-292
-367
-358
-362
-562
-751
-892
-962
-921
-946
-861
-667
-479
-383
-177
-30
248
608
792
978
1064
1304
1406
1258
1177
1130
1094
892
605
367
456
577
555
587
573
678
754
622
516
620
844
919
822
586
465
426
283
240
160
114
-1
-68
-99
-4
128
255
399
236
59
-206
-633
-959
-1178
-1385
-1509
-1721
-2025
-2223
-2287
-2325
-2226
-2047
-1867
-1662
-1437
-1260
-1047
-915
-773
-610
-535
-581
-567
-524
-579
-559
-637
-578
-543
-541
-438
-263
-65
172
311
411
580
626
730
805
885
1039
1127
1092
986
918
894
1062
1101
1135
1278
1353
1448
1422
1260
1326
1397
1407
1411
1238
928
838
763
452
270
25
-99
-165
-338
-471
-489
-460
-604
-567
-594
-608
-563
-648
-658
-651
-735
-790
-808
-866
-895
-818
-831
-849
-753
-624
-419
-387
-369
-538
-697
-691
-651
-512
-507
-439
-322
-305
-333
-282
-154
-107
130
381
578
748
872
1100
1232
1254
1290
1240
1083
1040
1097
1096
1075
939
883
938
881
755
740
803
854
973
970
793
599
388
121
-91
-194
-190
-166
-185
-361
-438
-428
-406
-397
-445
-400
-382
-336
-323
-380
-391
-442
-586
-661
-730
-911
-855
-810
-898
-971
-1040
-1095
-917
-738
-739
-633
-536
-385
-294
-301
-325
-276
-185
-111
92
86
145
156
68
88
152
350
543
710
697
663
621
620
726
786
880
870
751
523
403
390
375
452
441
404
246
53
1
54
143
177
79
-82
-476
-832
-919
-944
-916
-864
-988
-1137
-1314
-1596
-1676
-1540
-1336
-1146
-952
-906
-990
-995
-981
-912
-809
-645
-439
-386
-455
-541
-526
-440
-286
-148
20
160
141
219
314
514
851
1061
1178
1384
1351
1096
946
843
956
1206
1230
1216
1220
1100
1142
1127
1075
1216
1354
1376
1353
1245
1186
1138
979
887
749
585
356
172
21
-115
-86
-90
-193
-183
-176
-192
-213
-230
-201
-55
-63
-157
-169
-241
-198
-168
-100
-141
-241
-312
-340
-400
-425
-450
-458
-331
-327
-349
-328
-328
-301
-303
-264
-237
-152
-146
-212
-176
-190
-164
-200
-115
-78
-37
-111
-242
-361
-438
-365
-338
-324
-305
-199
-311
-474
-615
-706
-540
-384
-355
-299
-286
-413
-508
-587
-668
-666
-734
-699
-688
-717
-626
-548
-451
-307
-140
4
19
-15
6
-17
-98
-87
-119
-91
-55
-243
-432
-563
-553
-408
-295
-315
-332
-271
-266
-191
3
148
419
690
815
777
757
741
738
967
876
879
987
1074
1225
1202
1222
1227
1341
1438
1509
1421
1291
1360
1319
1244
1093
945
821
720
564
361
355
371
363
293
167
50
-43
-123
-272
-315
-443
-509
-558
-695
-757
-881
-966
-1009
-1100
-1176
-1219
-1282
-1320
-1345
-1368
-1511
-1589
-1581
-1514
-1409
-1383
-1311
-1230
-1062
-906
-738
-600
-478
-436
-328
-136
53
408
693
876
994
1066
985
924
932
1025
1250
1336
1317
1249
1152
1064
1008
1029
1182
1379
1426
1235
984
860
814
745
666
607
536
383
143
-181
-308
-335
-345
-340
-373
-349
-312
-360
-479
-561
-564
-504
-433
-499
-701
-837
-972
-1049
-1148
-1248
-1186
-1143
-1102
-1075
-1042
-962
-817
-652
-533
-404
-320
-216
-155
-176
-185
-140
-122
-111
-105
-179
-116
-20
58
95
64
73
75
116
157
137
244
320
340
302
202
161
195
373
530
569
542
473
455
455
569
663
813
985
869
758
628
595
557
542
484
450
531
405
211
11
-8
15
146
188
71
-6
-112
-200
-311
-321
-403
-485
-509
-602
-778
-980
-1024
-1021
-971
-850
-777
-814
-917
-1024
-1013
-926
-855
-791
-735
-693
-662
-653
-611
-536
-378
-262
-102
-19
39
208
351
551
739
876
922
1019
1097
1244
1342
1350
1342
1344
1390
1471
1541
1496
1537
1597
1559
1552
1465
1316
1288
1233
1211
1145
1056
897
685
470
211
162
69
54
-59
-337
-504
-712
-856
-958
-1073
-1212
-1265
-1368
-1480
-1508
-1584
-1517
-1403
-1303
-1335
-1311
-1285
-1272
-1204
-1172
-1014
-934
-927
-874
-815
-878
-904
-965
-917
-815
-593
-452
-419
-325
-275
-101
0
124
303
436
644
655
615
626
568
517
489
441
403
331
276
122
1
72
163
309
394
452
480
456
447
337
176
132
132
57
-61
-131
-122
-80
-13
28
156
285
451
639
774
895
954
1088
1185
1135
1071
950
809
730
612
380
138
-27
-28
-9
-95
-106
-47
-31
-107
-190
-168
-77
-12
2
5
-93
-187
-331
-521
-603
-584
-471
-425
-443
-434
-394
-403
-418
-354
-213
-79
-65
-130
-275
-390
-451
-436
-317
-260
-205
-245
-291
-294
-247
-144
99
301
401
484
456
488
392
301
333
411
410
324
174
31
34
-31
-77
-137
-165
-255
-257
-224
-240
-251
-261
-288
-329
-331
-374
-303
-266
-244
-199
-134
-67
21
44
100
189
169
162
231
215
223
258
287
255
220
238
216
327
301
249
273
308
394
435
343
213
141
78
95
47
-98
-205
-238
-194
-255
-321
-385
-379
-317
-333
-434
-558
-563
-584
-611
-648
-656
-591
-520
-470
-475
-511
-520
-552
-527
-438
-289
-98
-69
-87
-37
19
85
163
181
210
225
175
53
37
78
133
231
210
231
172
193
287
428
559
630
668
667
654
637
622
639
684
690
644
555
421
390
411
428
555
572
612
585
503
356
267
211
70
3
-16
-34
-211
-384
-566
-700
-754
-702
-627
-554
-471
-422
-374
-308
-271
-300
-288
-235
-153
-108
-110
-102
-114
-168
-225
-289
-278
-225
-197
-157
-170
-132
-26
91
191
218
224
360
464
414
326
298
350
359
388
355
400
459
455
411
430
514
520
486
554
561
537
439
363
337
249
153
-23
-158
-213
-217
-262
-321
-334
-365
-385
-406
-482
-514
-579
-609
-719
-778
-764
-764
-817
-963
-958
-929
-950
-984
-1052
-1131
-1145
-1099
-1012
-900
-817
-707
-683
-702
-629
-634
-581
-455
-363
-156
49
216
334
402
381
440
631
738
808
890
944
1040
1190
1181
1160
1084
1024
1073
1114
1117
1173
1216
1231
1214
1158
1117
1043
957
901
958
853
691
522
429
337
199
125
16
-37
-125
-224
-278
-268
-217
-178
-251
-389
-486
-537
-577
-629
-647
-646
-620
-593
-656
-747
-708
-586
-492
-432
-348
-297
-289
-291
-315
-325
-336
-390
-391
-426
-511
-604
-749
-776
-788
-795
-758
-716
-712
-667
-620
-586
-397
-278
-218
-166
-196
-211
-217
-231
-152
-68
27
105
141
65
86
130
158
244
301
368
422
436
402
377
338
370
403
345
403
394
368
357
371
388
407
460
461
500
520
618
710
726
652
582
580
566
570
533
430
327
336
357
275
188
131
156
158
30
-106
-184
-252
-305
-275
-248
-273
-291
-296
-295
-280
-225
-215
-237
-234
-228
-201
-220
-216
-104
-36
-24
-66
-103
-128
-111
1
38
99
184
209
202
159
140
147
161
155
146
38
-2
58
69
97
92
93
-13
-37
-53
-57
22
134
208
224
185
121
85
-6
-32
8
71
141
80
-74
-214
-288
-283
-264
-276
-343
-381
-397
-414
-413
-380
-374
-419
-480
-497
-498
-547
-551
-538
-501
-469
-442
-382
-365
-403
-362
-291
-214
-165
-129
-29
29
91
25
14
65
144
181
171
131
154
206
181
149
141
220
272
305
223
222
280
243
192
120
65
163
224
290
301
237
223
240
234
234
317
337
474
521
421
290
146
118
118
79
18
-31
-41
-103
-67
-130
-108
-122
-177
-184
-212
-181
-153
-89
8
43
-59
-120
-73
-32
5
-3
38
87
87
101
117
144
113
91
25
28
66
38
54
24
-21
-39
-33
-105
-169
-224
-256
-226
-275
-271
-216
-175
-176
-164
-190
-248
-247
-218
-218
-229
-214
-127
-40
19
34
41
125
180
139
49
86
171
199
290
377
417
486
487
476
464
460
467
485
552
627
605
575
533
499
538
494
462
461
438
367
290
202
204
197
144
70
-21
-98
-105
-121
-108
-167
-211
-332
-436
-548
-624
-701
-781
-776
-775
-746
-820
-830
-802
-821
-874
-907
-875
-839
-821
-793
-669
-520
-511
-505
-497
-459
-372
-339
-351
-347
-306
-262
-233
-217
-208
-107
32
105
162
172
243
331
424
493
553
540
448
403
349
397
333
301
301
378
427
487
432
381
391
368
377
325
295
284
319
321
251
134
74
44
1
-56
-85
-100
0
46
117
95
115
183
148
134
142
123
57
75
39
40
84
95
110
108
107
141
123
196
299
406
403
411
476
509
499
464
437
371
320
161
30
21
25
-19
-42
-88
-95
-86
-149
-144
-142
-119
-131
-103
-171
-248
-282
-280
-236
-302
-389
-417
-344
-254
-200
-194
-178
-157
-171
-122
-33
-10
76
119
122
169
69
-4
-10
65
72
64
63
55
51
29
46
67
160
214
160
88
-6
-81
-79
-48
-70
-100
-132
-193
-306
-402
-470
-449
-396
-361
-284
-258
-320
-343
-334
-318
-282
-335
-407
-436
-419
-452
-522
-591
-560
-502
-473
-381
-365
-339
-332
-227
-177
-123
-131
-208
-204
-155
-105
-118
-86
42
107
150
132
97
157
139
206
291
375
438
464
443
409
460
504
499
460
477
510
543
520
543
604
612
573
564
475
417
388
365
354
310
271
278
185
99
89
103
113
90
122
77
42
-21
-97
-153
-121
-132
-156
-239
-276
-305
-321
-331
-335
-315
-331
-323
-320
-276
-279
-265
-214
-172
-200
-329
-356
-347
-315
-319
-292
-248
-132
-122
-119
-50
72
283
397
464
483
551
609
685
781
758
752
721
633
550
506
489
515
496
395
356
342
307
312
332
371
431
457
427
350
271
181
97
-1
-129
-260
-300
-322
-359
-403
-422
-429
-495
-537
-575
-586
-606
-596
-611
-649
-742
-799
-877
-959
-1008
-1034
-980
-908
-886
-896
-868
-781
-656
-493
-388
-373
-341
-381
-445
-444
-404
-282
-126
-70
-62
-34
-2
-12
47
84
165
258
266
327
331
342
391
460
514
496
467
469
508
517
569
623
668
681
644
606
612
650
605
636
586
534
434
347
242
208
180
69
-38
-91
-95
-188
-220
-218
-224
-219
-206
-139
-85
-79
-99
-117
-128
-140
-172
-170
-149
-155
-131
-95
-9
78
64
57
12
17
20
73
124
101
151
214
180
123
148
190
258
328
312
316
279
282
342
395
454
474
522
573
608
550
428
415
406
348
251
153
103
87
39
6
-6
-107
-196
-259
-352
-360
-335
-337
-289
-299
-377
-524
-617
-697
-680
-585
-534
-511
-570
-612
-616
-655
-656
-692
-687
-687
-694
-663
-656
-635
-593
-576
-544
-486
-463
-411
-372
-364
-282
-135
-91
25
141
178
289
349
358
421
483
543
576
565
556
508
500
533
513
521
440
362
345
253
282
274
232
243
174
98
31
9
-22
-65
-30
10
50
60
53
44
62
28
-32
-120
-217
-192
-160
-197
-267
-329
-332
-337
-370
-377
-369
-281
-124
-49
-55
-77
-86
22
38
67
162
216
242
265
263
203
190
234
370
457
434
418
420
444
444
406
293
251
289
326
319
202
149
138
80
45
33
39
19
21
56
46
51
43
55
84
52
11
15
28
3
7
-45
-81
-86
-73
-84
-83
-108
-100
-91
-160
-191
-213
-220
-212
-156
-124
-130
-155
-136
-101
-8
19
-41
-86
-126
-75
-34
27
86
75
35
33
22
53
50
28
18
-31
-87
-125
-93
-73
-37
-8
-73
-79
-69
-31
8
7
17
35
37
9
11
32
-18
-84
-57
-13
-20
-102
-207
-248
-284
-307
-271
-272
-294
-347
-384
-391
-431
-470
-417
-363
-322
-310
-298
-314
-242
-261
-279
-268
-264
-233
-236
-193
-173
-153
-161
-133
-42
60
109
133
191
294
390
437
460
440
439
454
422
410
463
512
583
597
521
486
505
555
624
623
622
552
496
464
431
384
309
300
247
234
181
109
103
91
80
76
42
18
-1
-29
-53
-54
-84
-88
-132
-166
-238
-341
-373
-448
-443
-440
-477
-455
-428
-426
-502
-507
-519
-463
-340
-242
-263
-310
-246
-229
-254
-254
-243
-174
-89
-74
-77
-79
-30
-67
-45
1
8
6
-6
18
24
21
-30
-56
-40
75
100
134
121
118
113
80
48
39
119
137
198
178
230
245
168
98
45
58
74
51
33
50
20
-18
-33
-33
-52
-109
-144
-123
-40
-20
-113
-155
-150
-138
-128
-170
-185
-200
-215
-202
-192
-101
-24
39
47
60
31
47
36
85
172
183
211
137
50
-10
41
108
175
176
165
171
252
270
297
361
463
610
627
606
538
545
545
549
486
415
363
324
234
201
194
165
138
105
-4
-120
-187
-230
-298
-284
-240
-197
-229
-320
-393
-516
-509
-476
-466
-426
-405
-372
-313
-310
-303
-240
-142
-27
29
-40
-112
-167
-143
-90
-134
-142
-194
-190
-224
-230
-216
-165
-132
-144
-95
-42
-33
-9
33
48
94
161
137
95
147
181
177
173
189
154
113
106
87
52
47
12
0
-43
-127
-197
-264
-214
-159
-136
-125
-128
-140
-112
-105
-114
-116
-132
-141
-167
-152
-170
-204
-229
-227
-191
-180
-173
-161
-147
-118
-61
-2
67
73
79
119
202
199
188
211
220
211
256
271
242
307
381
382
307
278
260
301
377
410
442
499
527
423
268
170
139
89
53
67
93
123
93
-3
-21
2
18
74
105
115
102
127
172
183
117
87
69
50
-26
-107
-148
-131
-114
-155
-146
-159
-167
-183
-241
-316
-252
-215
-238
-274
-315
-339
-340
-294
-315
-342
-363
-361
-337
-294
-227
-207
-195
-194
-186
-150
-96
-47
-5
34
-43
-101
-79
-10
18
9
78
175
209
191
207
302
383
404
377
405
453
469
410
340
340
368
384
351
323
262
188
198
217
188
100
-18
-50
-93
-190
-237
-199
-200
-215
-252
-313
-411
-450
-495
-451
-406
-424
-457
-467
-457
-426
-404
-454
-411
-392
-391
-333
-327
-335
-418
-407
-382
-373
-340
-338
-303
-206
-193
-248
-217
-205
-138
-118
-55
35
117
150
189
228
237
317
348
331
307
282
377
434
443
425
416
338
260
263
258
319
367
462
449
393
341
283
270
293
299
323
433
577
619
544
426
364
314
264
275
336
375
331
280
276
215
167
193
212
223
216
140
113
80
90
60
-58
-107
-134
-163
-189
-213
-192
-182
-206
-193
-241
-280
-270
-227
-243
-231
-200
-185
-168
-219
-255
-320
-331
-295
-284
-270
-263
-254
-282
-338
-308
-226
-158
-49
-6
42
70
119
94
61
88
134
187
151
81
87
88
85
98
62
-33
-53
-100
-129
-98
-51
-24
-81
-176
-209
-258
-263
-274
-300
-281
-294
-319
-360
-400
-399
-358
-398
-392
-363
-297
-330
-317
-317
-349
-312
-287
-265
-204
-156
-140
-184
-234
-274
-255
-212
-149
-38
19
36
52
28
40
42
118
259
312
354
338
363
386
384
352
365
435
535
476
396
358
317
295
298
263
282
274
227
198
144
112
100
129
78
62
60
54
77
117
153
113
82
66
44
15
5
28
102
139
178
173
72
47
5
-2
-35
-56
-8
40
119
79
-21
-53
30
103
132
138
94
71
69
106
98
75
122
133
104
27
-22
-50
-12
64
82
37
-29
-47
-76
-22
-18
-29
18
-59
-66
-28
-26
29
106
154
150
120
48
-12
-31
-88
-91
-56
-40
-16
-39
19
44
6
-15
-80
-125
-155
-178
-171
-162
-154
-144
-102
-108
-120
-133
-80
-23
-36
-35
-57
-67
-86
-101
-93
-104
-107
-120
-124
-144
-154
-223
-333
-364
-338
-319
-323
-303
-274
-257
-217
-191
-177
-165
-169
-200
-200
-162
-116
-57
27
39
-29
-140
-171
-152
-129
-108
-79
-31
8
-15
-86
-164
-162
-112
-85
-109
-109
-90
-82
-32
-13
-23
39
43
6
64
76
49
39
94
160
231
203
205
168
129
203
227
257
303
328
359
391
415
440
457
512
567
478
434
452
459
496
491
540
580
537
546
543
495
447
324
261
202
224
198
121
99
78
12
-62
-146
-265
-280
-322
-284
-264
-190
-191
-221
-268
-310
-345
-343
-287
-249
-204
-246
-252
-203
-182
-191
-208
-246
-215
-133
-114
-116
-98
-82
-73
-91
-91
-149
-220
-206
-197
