-118
-143
-149
-131
-114
-125
-134
-118
-108
-98
-51
-62
-83
-69
-72
-123
-139
-70
-29
-14
26
3
-29
-61
-43
-51
-61
-45
-23
2
-18
-44
-13
-8
-8
19
8
-2
-3
-14
-11
10
35
55
93
104
143
159
133
74
93
82
74
82
63
59
76
76
68
37
39
47
3
35
43
37
44
58
24
27
24
-3
24
66
55
57
81
31
-13
-21
26
56
27
-5
-8
-25
-59
-76
-105
-115
-64
-33
-37
-69
-36
-69
-90
-86
-104
-65
-60
-43
18
-10
-6
-4
-48
-41
-71
-81
-31
-36
-45
-36
-18
-48
-79
-44
-7
-15
-44
-70
-9
5
6
19
24
18
10
29
-13
-57
-58
-40
-13
36
66
110
110
43
1
33
41
90
56
59
140
110
71
12
0
46
79
70
74
57
10
17
11
-4
-25
18
25
64
65
38
29
6
2
9
5
25
58
-10
-5
-12
23
33
41
23
4
1
-56
-68
-21
4
-10
26
-4
-68
-73
-85
-80
-16
26
10
-34
-87
-64
2
-13
32
36
-6
-52
-41
-37
-38
-44
-50
-86
-76
-60
-68
-47
-78
-50
-34
-88
-139
-123
-87
-31
-68
-55
-63
-114
-99
-20
-17
-17
0
16
61
6
2
47
47
18
53
29
61
93
56
29
35
63
43
128
121
80
94
75
82
84
98
110
115
101
91
84
77
101
102
97
129
125
81
48
78
102
86
87
84
93
86
31
23
20
16
11
18
63
84
59
15
-32
-84
-83
-60
-38
-38
-31
-52
-47
-52
-73
-141
-122
-90
-79
-27
-50
67
34
55
-16
-109
59
-48
-18
35
-201
-38
-70
-130
-4
-182
-48
-19
-140
-38
-142
-172
-105
-154
-74
-104
-99
7
-48
-4
-24
-47
-60
-68
8
-52
-20
43
14
40
43
23
47
45
89
71
94
140
60
24
36
45
54
-22
-29
-39
-19
18
52
40
34
55
35
80
100
77
47
70
68
47
22
-13
-56
-55
-58
-103
-66
-139
-172
-121
-145
-102
-141
-214
-207
-307
-328
-294
-327
-295
-269
-242
-256
-249
-202
-193
-152
-88
-10
46
63
71
89
87
122
172
196
197
211
196
125
147
179
234
244
230
238
234
266
249
196
136
180
204
267
243
172
201
182
178
126
70
57
84
164
177
115
54
14
14
17
-21
9
9
27
71
5
-27
-83
-107
-90
-125
-116
-93
-77
-31
-3
-62
-56
-27
-18
-14
-20
30
52
15
-31
-88
-68
-20
18
14
17
9
2
-62
-127
-123
-126
-30
-19
-46
-58
-68
-63
-58
-90
-122
-110
-78
-54
0
-8
21
32
22
-1
19
35
76
101
102
76
45
53
18
2
-18
15
0
-13
-27
-100
-51
-44
-86
-56
-50
-45
-56
-63
-82
-79
-84
-77
-18
-48
-39
18
-12
-4
20
-6
20
36
30
-75
-92
-57
-100
-71
-50
-66
-123
-88
-98
-106
-61
-63
-78
-66
-144
-184
-164
-99
-61
-49
-36
-39
-64
-54
-18
-29
10
33
60
48
53
48
9
20
51
72
109
118
138
167
154
152
142
124
139
181
198
175
183
129
94
99
92
103
135
116
113
141
181
133
67
58
75
83
104
128
98
100
144
144
130
107
96
75
92
150
112
115
89
13
-5
62
66
51
-2
-53
-42
-63
-73
-102
-58
-90
-88
-69
-128
-136
-132
-130
-163
-176
-198
-253
-211
-202
-214
-215
-231
-245
-235
-230
-231
-184
-162
-103
-128
-163
-139
-160
-172
-156
-109
-122
-86
-67
-48
-36
-17
-10
-55
-23
17
25
74
83
48
117
132
119
86
92
89
72
37
30
16
28
70
88
66
40
-17
-36
-35
1
1
-35
-29
-32
-22
-22
-23
3
40
-6
-24
24
68
78
58
17
2
12
-14
38
8
-34
30
39
16
-2
7
1
-12
-7
-16
13
36
69
39
44
3
-73
-42
-35
-81
-40
0
-12
-18
-4
-2
-32
-58
-31
34
61
76
16
-52
-67
-33
-23
59
102
107
91
79
99
142
137
142
207
207
232
200
233
194
169
120
104
87
116
174
171
195
164
130
65
69
79
94
74
61
45
34
24
4
-45
-67
-75
-18
13
3
5
-27
-21
-3
-38
-91
-52
18
-14
1
-4
-27
-79
-139
-138
-97
-82
-63
-49
-71
-63
-69
-114
-109
-119
-80
-66
-90
-119
-119
-106
-85
-51
-42
-7
6
18
-16
-38
-92
-73
14
30
66
67
11
-55
-90
-131
-156
-130
-110
-65
-52
-37
-22
-43
-31
-75
-141
-119
-94
-85
-67
-68
-41
23
11
-23
-67
-83
-40
24
39
25
-5
-17
20
-22
-95
-72
-31
13
68
28
-7
-29
-60
-74
-102
-123
-116
-72
-56
-74
-46
-50
-34
-4
-21
14
13
22
40
0
17
14
44
83
45
40
17
12
-28
39
87
74
104
129
135
139
147
134
149
145
114
47
70
94
95
118
107
120
103
101
80
24
32
82
78
52
50
53
26
23
24
11
8
32
43
-25
-52
-48
-35
-76
-49
-25
-16
2
-13
-35
-45
-64
-55
-68
-63
-58
-72
-54
-75
-86
-82
-127
-97
-88
-82
-62
-34
-39
-10
19
30
33
22
-6
-9
48
13
1
60
52
-5
-28
-6
20
55
82
68
42
44
53
34
53
64
46
38
13
-2
2
15
20
22
52
45
22
44
40
17
-3
-3
12
31
16
13
2
-5
-25
-44
-28
-16
-25
-49
21
24
36
26
3
13
4
-17
-25
15
34
42
41
20
0
-28
4
5
-28
-48
-31
-12
15
22
-26
-23
-46
-41
-69
-71
-60
-18
-32
-32
-41
31
67
11
-2
9
-14
-17
19
24
40
53
43
-8
-26
-45
-19
-11
-16
0
-30
-54
-46
-41
-43
-45
-43
-38
-43
-31
-45
-72
-70
-30
-2
-11
-19
-22
-35
34
57
89
122
120
104
97
93
52
41
2
34
59
82
133
97
89
65
-9
-38
-43
-49
2
2
-42
-101
-78
-39
-65
-63
-38
-51
-27
-45
-49
-51
-39
-42
-64
-20
-17
3
-46
-79
-110
-94
-35
5
-24
-24
16
23
-41
-48
-45
6
42
46
43
-43
-78
-75
-53
-56
-41
-22
-3
-5
-12
24
18
-30
-20
-8
10
-11
-49
-2
-19
-32
-19
-20
-43
-38
-1
-3
-7
51
63
5
2
15
-36
-22
27
67
84
87
69
34
48
-18
-13
40
114
108
43
-10
-11
-52
-21
14
-25
34
23
36
6
8
34
23
-8
14
37
48
51
44
27
19
29
-21
28
38
28
73
48
23
75
31
-6
34
72
84
124
89
66
72
21
74
83
60
54
32
23
23
-11
-22
23
54
25
-1
-10
-37
22
43
-18
-4
9
15
-14
-2
-29
-59
-50
-95
-170
-103
-48
-73
-102
-80
-102
-108
-111
-137
-101
-99
-80
-43
-80
-94
-63
-35
-36
-20
-33
-59
-68
-37
-63
-48
-30
-20
-27
-44
-32
-69
-54
-44
-25
-26
-14
-45
-17
34
-5
-10
4
3
9
-3
6
-28
-7
12
37
57
117
170
149
116
102
109
112
121
113
160
115
104
97
88
43
34
73
54
73
91
75
8
24
-28
-40
-38
4
17
57
67
16
-8
-24
-29
-15
54
94
109
65
71
74
68
57
61
26
55
69
58
58
62
52
2
51
33
5
-1
-7
-9
-33
-50
-57
-58
-50
-41
-53
-39
-64
-91
-137
-155
-123
-84
-23
-6
-65
-90
-83
-83
-84
-103
-89
-52
-39
-42
-43
-73
-116
-130
-76
-120
-110
-118
-87
-7
-61
-133
-93
-49
-47
-22
-19
-62
-73
-62
-112
-126
-82
-76
-86
-68
-72
-72
-72
-27
-16
-21
-11
25
27
43
4
-29
-59
-49
-27
-1
30
84
85
28
36
31
33
81
77
54
81
45
24
26
54
83
109
101
126
83
53
31
37
76
72
63
59
78
74
21
-23
-15
56
62
65
114
107
66
-11
-49
-30
6
12
39
39
25
-4
-74
-54
-16
30
22
1
56
59
56
70
44
-7
6
65
8
26
50
36
15
54
74
23
37
103
80
29
90
110
77
41
49
39
25
2
9
-15
-35
-48
-66
-116
-132
-78
-37
-17
4
-9
-35
-2
0
21
38
43
18
13
-14
-4
21
44
89
127
166
166
106
41
25
44
103
52
3
50
66
70
72
6
-50
-13
11
28
37
-1
11
-71
-126
-168
-101
-90
-63
-55
-84
-55
-59
-81
-116
-124
-94
-101
-84
-87
-66
-102
-164
-152
-140
-95
-116
-140
-137
-118
-86
-88
-122
-175
-173
-125
-127
-117
-115
-104
-49
-63
-70
-124
-89
-75
-30
-3
17
23
16
8
-20
13
19
31
22
32
36
85
85
86
93
89
33
61
64
81
127
93
91
42
46
92
94
92
53
55
70
73
38
42
59
85
96
68
65
82
97
66
64
56
67
46
88
75
73
78
84
81
20
31
46
86
96
66
43
36
44
66
31
39
60
43
46
18
8
-41
-35
-20
-18
24
5
-43
-45
-29
-36
-58
-29
-23
-55
-34
0
28
-18
-55
-71
-121
-105
-45
-74
-52
-42
-43
-93
-103
-72
-65
-53
-85
-29
-16
34
1
-50
-51
-39
-32
-36
-58
-87
-36
-49
-54
-109
-121
-106
-109
-84
-75
-94
-81
14
24
-49
-70
-25
-19
1
-1
-2
-13
5
54
11
-21
-31
-24
-9
-15
-9
32
54
88
63
57
73
2
9
43
1
13
20
15
12
31
19
-8
43
70
76
67
34
28
31
24
25
57
72
94
88
67
34
2
4
34
-6
17
60
43
-10
2
-8
-11
-41
-29
6
38
60
9
50
27
-20
7
14
16
16
32
84
36
62
55
32
34
17
29
30
20
44
35
23
-16
-46
-1
20
39
21
12
-4
-34
-73
-36
9
18
41
-2
1
-51
-14
39
52
89
81
65
45
62
-16
-29
-10
-14
18
58
70
9
-1
-2
47
69
37
43
0
-21
-59
-96
-76
-84
-38
-21
24
-4
-20
0
-41
-38
-29
-35
-87
-33
57
44
51
25
40
5
-18
-19
-12
-8
9
2
12
68
39
-5
-44
-55
-88
-85
-22
3
16
9
-34
-6
13
-18
-46
-38
-22
-17
0
-41
-94
-65
-40
-41
-60
-82
-99
-102
-109
-70
-60
-39
-35
-78
-72
-83
-103
-86
-91
-83
-86
-36
-29
-88
-131
-110
-73
-52
-63
-78
-82
-82
-92
-104
-68
-92
-120
-88
-65
-92
-107
-70
-27
-40
16
34
39
50
55
61
1
-10
26
35
25
57
66
90
70
94
92
87
91
115
122
90
125
135
113
111
116
123
113
94
111
109
114
116
97
75
96
102
52
43
77
94
121
143
132
105
90
70
25
40
26
29
31
70
39
-13
-8
27
-9
-45
26
37
32
50
63
40
14
-5
-43
-34
-62
-111
-91
15
48
18
0
-14
-53
-39
-62
-20
21
39
9
-21
-17
-85
-101
-43
-78
-53
-22
-51
-34
-28
-85
-142
-147
-115
-87
-58
-73
-53
-72
-79
-55
-61
-29
-39
-34
-60
-53
-19
10
11
48
67
70
17
19
24
47
75
60
60
57
32
43
59
32
67
58
85
27
-17
32
72
18
-25
54
55
26
50
39
12
-7
38
66
22
22
40
76
59
28
29
19
33
30
-10
-45
-37
-41
-22
-5
5
-41
-70
-83
-97
-154
-153
-94
-41
-13
-49
-64
-79
-105
-107
-117
-103
-90
-44
-3
-35
-51
-58
-53
-16
-18
-16
9
32
89
41
31
2
-22
17
28
0
23
32
7
25
10
-8
-6
24
20
23
16
-14
-39
-8
-23
12
44
20
-21
-39
4
3
-45
-44
-12
-11
-14
-9
-13
-28
-42
-57
-43
-22
-48
-25
-32
-32
-10
-22
17
-4
22
2
33
56
63
58
33
52
63
100
72
67
78
99
72
-9
-33
-8
37
32
57
37
77
77
84
36
39
27
13
14
22
24
-22
-7
-5
44
45
46
14
72
80
47
-16
-35
-1
-13
-1
5
-25
-54
1
3
-26
-62
-37
-15
-6
-32
-98
-44
-88
-74
-95
-107
-67
-36
-6
-26
-60
-81
-80
-94
-74
-35
-38
-69
-51
-59
-69
-45
-57
-5
4
18
69
69
74
71
106
31
6
-11
-38
-30
39
37
0
16
22
-5
22
60
64
41
38
46
34
22
-16
15
7
5
16
28
32
46
-2
-15
-42
-37
2
27
22
12
18
-8
14
28
-18
-30
3
27
87
77
52
43
58
43
67
89
68
96
68
29
32
28
21
56
63
58
12
-16
12
13
-11
-17
-9
-46
-57
-47
-56
-55
-54
-23
-47
-55
-41
-18
-23
-11
-16
-29
11
16
19
40
5
-11
2
-31
-35
-28
-17
-23
-7
-1
-26
-28
-6
-23
-19
-28
-32
-66
-62
-48
-30
-1
5
-7
-22
-14
-16
-7
-26
-7
54
68
99
80
97
62
45
47
46
22
-7
75
81
54
41
17
-16
2
14
-33
-18
35
5
-12
3
35
-22
-52
-39
-27
-35
-7
-23
-77
-66
-34
-38
-61
-68
-81
-43
-37
-58
-96
-45
11
24
0
-43
-81
-56
-64
-27
-29
-55
-14
-33
-60
-10
-15
-49
-2
19
-28
-13
-3
-5
-12
4
-7
-4
-3
-41
-63
-40
-36
0
30
32
26
15
45
26
-3
-2
10
-8
17
5
-25
-21
20
22
45
55
-4
-28
-7
-53
-89
-74
-37
-45
-53
-40
-42
-51
-65
-29
-32
-89
-111
-110
-87
-15
-8
-9
-9
10
8
23
65
125
120
93
110
146
115
83
60
62
84
65
35
59
71
9
14
41
47
51
87
68
51
80
23
15
16
27
59
71
65
79
54
23
31
75
93
80
100
132
116
100
109
92
60
98
98
59
45
42
43
10
-6
19
-12
-31
-2
-18
-19
-8
-43
-94
-131
-80
-86
-89
-17
-7
-23
-32
-43
-62
-66
-67
-27
11
8
55
-1
-39
-6
-21
-1
-5
-19
-37
-56
-33
-65
-121
-140
-114
-88
-60
-44
-72
-81
-76
-88
-98
-76
-100
-60
-53
-90
-51
-81
-59
-52
-65
-31
23
44
51
47
9
25
28
34
57
29
20
34
-10
-25
-27
-22
28
55
58
62
59
25
-10
-27
-18
9
25
57
91
51
23
3
11
3
7
21
34
59
14
27
20
15
-11
-5
-21
-14
6
26
12
-3
-42
-50
-55
-74
-31
-47
-19
2
11
-44
-97
-66
-48
-78
-46
-42
-40
-24
-81
-117
-133
-71
-7
-1
9
12
-7
-17
-38
-58
-73
-13
26
52
75
39
83
115
148
159
167
167
166
114
103
147
114
149
129
121
91
95
74
61
52
54
74
40
35
4
2
0
45
30
-8
-3
-66
-112
-77
-55
-53
-32
-40
-68
-40
-11
-16
-28
-7
10
-18
-55
-41
-25
-7
9
19
-34
-20
-32
-73
-57
-49
-59
-70
-50
-82
-119
-142
-102
-102
-78
-38
-43
-70
-83
-78
-63
-64
-42
-50
-85
-46
-22
-15
-28
-7
-29
-4
3
-23
5
48
91
99
79
36
37
6
1
-3
10
6
26
30
19
-18
-31
4
11
10
18
30
12
-23
-42
-19
21
33
35
12
4
-2
-4
-6
12
1
-43
-30
-39
-52
-42
-46
-74
-77
-61
-28
28
71
16
-2
7
-8
-30
-26
2
75
80
43
2
40
44
-14
62
92
111
135
168
166
139
131
145
113
63
29
26
72
95
68
45
59
89
114
91
92
113
112
110
108
87
53
70
79
61
6
-9
5
8
5
-40
-63
-24
-9
-1
10
22
69
76
12
-30
-27
-74
-116
-86
-78
-80
-22
-29
-40
-68
-98
-96
-74
-66
-87
-51
-42
-42
-60
-105
-99
-106
-123
-69
-98
-118
-132
-114
-78
-71
-88
-97
-47
-50
-26
0
-19
0
49
-5
-49
-56
-65
-33
-20
39
52
3
-3
29
-19
-54
-46
14
37
26
27
-1
-26
-19
-9
-37
-1
-23
24
41
70
18
860
590
-410
-339
-301
682
334
-867
-909
-451
-399
794
201
-662
-324
-236
312
-308
-1109
-664
175
202
108
-345
7
693
710
-135
413
-100
-199
-167
-386
413
198
75
794
-84
26
656
109
474
695
259
-146
461
135
319
60
-301
924
-229
-137
543
348
686
-608
-1038
-610
-590
376
-1248
-1871
-1270
-1231
541
-1298
-122
387
228
1505
1163
373
626
478
458
1249
-106
603
111
698
-201
-526
-259
708
818
597
-477
102
-62
-269
700
-551
722
-749
244
279
-885
-241
-142
-330
-226
89
154
268
-704
248
-1093
468
-7
-284
750
203
887
-104
-463
432
428
-90
498
-380
-146
-521
-168
-624
-518
-339
-1033
-30
-1192
-935
-780
-1224
-123
-6
-481
704
73
479
338
-40
648
175
826
274
185
622
196
150
337
-124
656
11
543
-279
209
5
-62
426
-36
147
176
-1
-399
306
-796
444
-44
-246
522
-266
-297
2
-996
-217
-29
-281
155
-322
-121
-145
-373
-152
3
-303
-101
-639
-374
77
-815
-367
-32
-445
-69
-325
-504
349
733
414
815
643
1105
1508
1639
1665
1732
1352
1852
1612
1196
1177
1107
920
589
248
-156
-187
-683
-503
-1226
-1164
-1542
-1589
-1310
-1437
-1882
-1581
-2313
-1282
-1457
-2100
-835
-2036
-980
-1413
-1493
-721
-1297
-764
-368
-481
362
-726
-170
874
1103
2641
2230
2000
2949
2685
3203
3427
2467
2641
2306
2180
2336
1364
1462
930
807
983
140
-480
-864
-1166
-1308
-1556
-1991
-2067
-2391
-2447
-2547
-2965
-3173
-2509
-2403
-2101
-1682
-1787
-2518
-1838
-2000
-1749
-1086
-2150
-1190
-1330
-1237
-673
-1440
-1520
-802
-884
922
1739
1935
3181
2148
3359
4307
4466
5510
4865
4639
5047
4356
4817
3554
3596
3074
2609
2691
1027
-251
-1108
-1726
-1938
-2254
-2478
-3219
-3680
-3774
-4169
-4344
-4517
-4079
-3342
-3347
-2614
-3101
-3478
-2953
-2659
-2372
-2117
-1952
-1806
-2131
-2133
-2027
-2425
-1547
-1208
-954
-806
1333
1850
3333
3731
3926
5443
6035
6957
7416
6427
6133
6293
5834
6030
4796
4572
3092
2954
1689
-198
-1781
-2903
-3478
-4174
-4469
-5160
-5829
-6108
-5803
-6048
-5491
-5259
-4455
-3788
-3166
-2961
-3474
-3477
-2693
-1859
-1704
-1399
-1671
-2177
-2375
-2492
-3040
-2451
-2331
-1723
-1688
-2008
391
1143
2669
4362
3895
6370
7294
8180
9371
7815
7726
7814
7592
8296
6655
6382
4813
3841
3279
574
-1236
-2699
-3709
-4322
-5133
-6064
-7240
-7488
-7116
-7271
-6643
-6334
-5316
-4472
-3787
-3140
-3931
-3831
-2987
-1860
-1329
-1246
-1288
-1847
-1830
-2036
-2369
-2500
-1892
-1735
-1138
-1643
-592
1531
2148
4788
4961
6042
7961
8212
9325
8959
7505
8139
7123
8260
7460
5997
5197
3016
2917
825
-1291
-2464
-4000
-4504
-5173
-6258
-7343
-8498
-7799
-7841
-7018
-6454
-6361
-5179
-4706
-3867
-3818
-4086
-3281
-2568
-1389
-879
-624
-537
-728
-476
-559
-727
-204
-91
386
746
89
710
2503
3650
5667
5715
5902
7273
7237
7758
7159
5935
6141
5697
6411
5836
4925
4287
2739
2982
1610
81
-973
-2244
-2726
-3929
-4746
-5876
-6994
-6718
-7387
-7305
-7021
-7118
-6657
-6494
-5806
-5875
-5512
-4664
-4351
-2964
-2364
-1420
-879
-373
767
1360
1526
2050
2650
2807
3488
3531
3330
3045
4948
5417
5203
5075
4649
4764
4411
3656
3213
2502
1286
1103
776
1097
766
427
202
420
193
-245
-1132
-1355
-1150
-1442
-1472
-1758
-2346
-2632
-2706
-2821
-3301
-3303
-2848
-2566
-1891
-1995
-2627
-2817
-2139
-1932
-1594
-1240
-860
-98
187
447
1429
1572
1746
2842
3341
3473
3365
2476
2428
2322
1370
1418
911
211
-290
-870
-1494
-2671
-3183
-3278
-3325
-3368
-3592
-3293
-2879
-2724
-2223
-1676
-950
-193
695
1329
1775
2314
2938
3311
3622
3866
3597
3588
3578
3250
2718
2387
2135
2101
1978
1991
1787
1507
1700
1492
1551
1623
1585
1643
1714
1998
1965
1624
1579
1090
638
463
-114
-790
-1535
-1986
-2780
-3501
-4070
-4506
-4942
-5322
-5666
-5850
-6063
-6216
-6039
-5805
-5436
-4924
-4511
-3940
-3213
-2744
-2051
-1393
-481
433
1000
1781
2353
2668
3284
3588
4011
4645
5156
5523
5796
5808
5961
5872
5786
5716
5535
5642
5294
4942
4451
3655
3084
2524
1933
1552
935
312
-567
-1445
-2512
-3393
-3972
-4456
-4503
-4772
-5172
-5234
-5456
-5611
-5631
-5460
-5289
-4774
-4187
-4013
-3749
-3654
-3461
-3316
-2815
-2299
-1910
-1486
-1126
-1106
-910
-643
-265
174
738
1398
1721
2101
2479
2776
3028
3377
3816
4330
4820
5277
5425
5390
5286
5103
4955
4831
4646
4143
3428
2680
1841
934
-151
-962
-1485
-2089
-2464
-2753
-3296
-3710
-4038
-4175
-4248
-3978
-3463
-3008
-2227
-1434
-1386
-565
-822
-1867
-1149
266
964
-3
-1327
-1106
958
459
92
862
1014
1191
768
291
604
831
583
1157
1650
1143
833
1216
2236
2087
490
391
1067
1002
745
437
426
-321
-601
-601
-1105
-1154
-1572
-1851
-1590
-1482
-1407
-1490
-1375
-1118
-882
-108
131
493
907
1030
1487
1320
1689
1922
2370
2291
2110
2074
2015
1266
479
1318
1140
948
496
243
165
14
-89
75
-8
-463
721
792
-493
-550
-298
-1049
-1274
-2072
-3162
-3052
-2992
-2944
-3092
-3971
-3728
-3112
-4440
-3840
-2967
-2710
-2481
-2713
-2188
-1031
-1052
52
915
-119
1293
2778
3077
3339
3639
4224
4724
4596
5202
5332
4949
4532
4671
4038
3278
2802
1917
848
183
206
-534
-1529
-1928
-1871
-2333
-2864
-3678
-2483
-2425
-3031
-2201
-2525
-2271
-2495
-3403
-2656
-1241
-2707
-3784
-2035
-2025
-1360
-3211
-3164
-221
-1383
-2033
-1575
-1154
-802
-2614
-1752
-468
-196
482
1794
2088
1612
1519
2570
3768
3342
3731
3401
3978
4053
4581
4466
3971
4331
4487
4668
4162
3201
2978
2361
2079
1797
1379
297
-806
-936
-1672
-2259
-2602
-2889
-3311
-3300
-3183
-3560
-3772
-3281
-2417
-2122
-2056
-2211
-1592
-1538
-1054
-851
-1902
-1489
-385
-505
-782
-552
453
460
-1697
413
-174
-1040
-2071
-2052
-109
-1413
-1693
132
33
-1226
-120
1219
1396
1148
794
1119
1985
1718
3496
3488
3635
3784
3771
4454
2860
2182
2563
1895
2001
971
249
-1093
-2008
-2059
-2981
-2958
-3315
-2996
-2690
-3422
-2804
-2128
-2106
-1226
-262
768
957
663
685
861
-83
-20
-10
585
388
-661
-1610
-1417
-1876
-2436
-2318
-3888
-3469
-4804
-1619
-171
-2178
-1690
-1572
729
2208
2278
3615
1979
1722
3291
4690
4932
4323
6041
5039
5075
4953
2518
1733
1421
1767
1417
-422
-1916
-4018
-4052
-4499
-5152
-4305
-4756
-3659
-3817
-2771
-2731
-3020
-1425
-302
2667
2303
905
1464
177
124
1371
766
1883
1209
244
-1096
-2242
-4039
-4704
-4104
-4488
-4172
-185
-1030
-1012
-1703
-724
4474
4787
5517
6321
4445
4300
5340
7285
7596
7260
7897
6167
6706
4173
620
765
838
862
-945
-3659
-5749
-8375
-7282
-8180
-7599
-6543
-7530
-6264
-5763
-5575
-4925
-4613
-453
2588
3320
1166
181
190
1217
3156
3558
2686
1411
-257
-1577
-4080
-5362
-5152
-6015
-1467
2186
-1542
-2551
-5292
724
6784
6332
7823
5724
3881
3811
6435
8579
7799
9732
8735
7441
7730
1013
-1652
479
2573
2411
-2512
-6430
-9111
-8785
-7298
-8260
-6301
-7144
-5518
-5856
-6637
-6081
-6645
-1255
2349
4278
2341
-3495
-2561
538
2927
4735
1515
770
-313
-1775
-5046
-6198
-6026
-3508
5793
3093
-652
-6970
-3998
7557
8267
9708
6134
915
1663
5109
10003
6922
6258
7656
5497
7790
169
-4563
-917
2140
4362
-892
-7444
-10597
-8840
-3422
-4631
-3286
-6444
-6238
-2981
-5101
-3701
-5328
-778
4473
5330
2120
-5305
-4475
784
5198
6090
36
-2848
-3295
-2704
-3256
-4176
-5770
780
8125
2726
-691
-8237
2703
11780
11131
10877
3207
-2421
665
8832
12154
6219
4729
2000
3191
3747
-4990
-5991
-912
2250
813
-7215
-13158
-13461
-6446
-2358
-2750
-3579
-9552
-6141
-1786
-1055
-740
-3562
2046
6348
6638
-222
-5048
-1274
4025
7893
3254
-2977
-4853
-4434
-1710
-3677
-4492
-7919
234
7850
1364
-3230
-8554
7414
13402
10583
8188
-560
-1737
4487
14481
13452
4164
3695
1792
5566
5255
-2920
-3396
480
1795
-2413
-10851
-13513
-9151
-1851
-2733
-7005
-10038
-12929
-5347
765
556
-2415
-5626
-1289
4174
4969
-1177
-1304
2413
5218
5799
-1094
-3276
-1735
184
986
-3384
-6290
-7612
7883
7301
324
-6848
-4238
14042
11254
8532
2771
-4336
-1197
8617
16412
7029
279
827
1718
8079
972
-4155
262
2647
894
-6245
-12396
-9580
-2341
1374
-5049
-8424
-11789
-9372
1558
1808
-845
-6265
-5431
1043
4185
396
-3965
825
2930
3732
682
-3660
-1131
-155
399
-2055
-5041
-7088
2642
12330
2846
-3758
-9292
8414
16464
9682
4969
-2868
-4213
1705
13580
11585
-219
288
-1025
3959
2957
-6289
-3182
2733
2384
-4210
-12699
-11051
-3422
3437
-2265
-8687
-8875
-10270
957
5701
-188
-4580
-9187
-381
3693
3117
-2307
-1791
2309
1207
-451
-3830
-1351
1889
209
-1641
-5628
-5805
-1403
12873
6789
-1694
-8732
1384
18482
12810
6039
-370
-3937
-532
9602
14566
2254
364
-322
1115
3358
-4596
-5308
2464
3253
-3485
-11336
-13793
-5796
2909
227
-10125
-9124
-8254
-2856
6058
523
-4000
-6664
-2303
4895
4675
430
-3733
1184
808
-644
-2617
160
3767
592
-3531
-7646
-4799
-2874
5088
14338
196
-7158
-9528
10040
18638
9562
2772
-1950
-965
1904
11448
12185
949
2099
-805
2511
1423
-3704
-1550
4325
-795
-9973
-13817
-9794
1164
2617
-8642
-16218
-9790
-6094
1570
5088
-3851
-7013
-8749
-1111
4417
4178
21
-697
291
-950
-2127
-687
3954
5255
-934
-6082
-7016
-1439
153
11388
7759
-4361
-8922
-1627
18026
13358
4126
-1736
-2262
-961
6719
15600
4968
-1099
-1543
-866
4255
1001
188
1926
2325
-9425
-10966
-9975
-436
5956
-3913
-14775
-13881
-5368
-1042
5982
805
-8440
-8417
-6138
3573
4965
2741
-2260
-2449
-2844
-2636
-670
4515
5162
-821
-7630
-7185
-1534
2421
1756
10487
1204
-6814
-7560
7490
19977
9169
120
-3244
-652
1010
11016
15616
1954
-3851
-4944
2783
6933
3794
-225
-642
-4329
-11295
-6183
-3186
4796
472
-12337
-16801
-7515
886
1937
4167
-5701
-10288
-8336
-672
7847
4695
-797
-5670
-3769
-1706
314
2257
4887
1051
-6514
-8247
-3597
2684
443
1128
8330
-3034
-6294
-4279
14826
16477
2928
-4652
-2188
2604
4731
15491
10338
-4830
-6287
-1769
11052
9245
1486
-4888
-2588
-5772
-6832
-170
271
4399
-6554
-16199
-11871
122
2985
1379
147
-10377
-8605
-4148
5662
7538
-499
-6208
-4581
-44
1630
447
774
1298
-2738
-5890
-3330
729
2076
-5837
2372
6967
-3205
-5303
94
18942
9195
-2107
-4954
2428
4037
6224
15872
2702
-7861
-5082
5051
15061
3086
-4129
-6588
244
-5167
-3250
15
-1008
747
-12032
-12945
-4059
3773
1100
-2303
-4094
-9734
-3551
573
7973
1510
-6052
-5088
295
3393
1359
-2429
651
101
-3465
-4420
-1362
1240
-1165
-7106
6348
6570
-4109
-7079
3031
18707
5918
-2532
-3657
4242
1321
5527
14985
-734
-6970
-3957
9173
12432
-3282
-6832
-4788
2609
-5621
-1648
-1279
-1082
-601
-13849
-9027
375
4476
220
-1933
-3964
-7754
-454
3279
8752
-2
-6702
-2705
2962
3184
-27
-2720
2197
-739
-2961
-3687
-1065
899
-4502
-6295
10413
5298
-5546
-9437
5907
18743
4465
-3278
-2698
5340
-1079
7547
14482
-4098
-7386
-2598
14094
9478
-6971
-7931
-2683
3163
-6032
-558
-1867
-1685
-3497
-15508
-5396
1662
3597
-1186
-2787
-5042
-6599
382
5699
8265
-2536
-5678
1088
4431
2969
-1086
-917
4454
-102
-2254
-2226
397
-118
-6743
-2799
13535
2846
-8094
-9254
10587
16840
718
-4446
-1009
5011
-2387
11093
11396
-9018
-8167
638
17628
4693
-9874
-7060
0
1554
-7266
900
-1901
-2159
-7236
-14934
-615
1633
1228
-3943
-4755
-5803
-5028
1998
5594
3206
-7342
-4091
4798
4593
295
-2436
705
3899
-1173
-1502
309
1522
-997
-7190
1669
14350
-740
-7520
-6128
14841
14015
-1187
-4098
-50
3623
-1932
15195
7378
-11640
-6243
4825
17620
-2267
-10413
-3951
2997
-155
-7830
2589
-3336
-3013
-9060
-11529
3361
272
-200
-5753
-5251
-6204
-3073
4892
4542
-2520
-9133
-1016
6402
2047
-2071
-2553
2211
3436
-1857
-457
680
282
-1819
-5922
7592
11819
-3557
-7801
-1805
19106
9934
-2048
-3777
2166
2911
1789
17462
171
-12370
-3912
9931
15378
-8586
-8948
-1095
3960
-3834
-5646
3201
-5437
-4139
-10877
-5235
5309
-1790
-2176
-7877
-4953
-4628
1672
6098
1038
-7524
-7909
3756
6448
-968
-2815
-1333
3327
1531
-2448
669
723
-114
-2551
-4882
6973
11156
-4466
-7749
-3897
17458
12041
-2648
-5514
-627
3204
2716
17322
-818
-14149
-2257
9297
16121
-9336
-10347
1200
3410
-2394
-5767
4028
-6086
-4276
-7855
-5091
6510
-3320
-2693
-6967
-5019
-1584
2585
5580
-3110
-9195
-4586
6259
6720
-3407
-5622
-1753
3288
2381
-1511
10
-207
-1491
-1924
-3836
10448
8226
-6501
-7976
-63
21376
6326
-4549
-5680
1272
3658
5059
16167
-8187
-12729
490
12645
12790
-14791
-6106
2385
2999
-4084
-3733
4170
-7817
-3632
-7947
164
5458
-5989
-2768
-7416
-2002
1636
3725
2754
-6982
-8461
1892
8292
3054
-7053
-3318
1400
5234
1055
-3561
-119
-829
-184
-789
-2755
8417
8246
-6945
-7804
-1436
21275
8661
-6360
-7678
-58
6649
4875
13293
-8096
-13651
2298
11948
13792
-14922
-8137
4046
2735
-928
-4111
4110
-6448
-3251
-4831
-683
6105
-6574
-2906
-6066
-1852
3855
2064
-543
-7593
-6946
4145
5997
702
-8104
-3058
3466
4451
136
-4686
-520
709
642
-405
-3219
6662
8688
-6377
-6090
-1165
21168
8206
-8933
-7544
1234
8871
3631
10149
-8330
-13898
3584
11441
12135
-16447
-9154
5374
3013
-626
-5570
3094
-5746
-3721
-2453
-32
5853
-6848
-3711
-4489
366
5245
888
-1587
-6855
-5030
6334
5747
-1438
-8021
-2700
6133
4612
-1069
-5434
835
2879
890
-646
-3827
2492
11990
-3689
-5728
-5157
15799
15087
-9219
-8118
-1947
11239
2355
6162
-1645
-15881
2839
9316
13028
-12005
-15233
7745
4749
1467
-8483
720
-1492
-5217
0
-2215
5374
-5405
-6456
-2166
-1383
4394
-618
-2335
-4451
-6559
4446
5908
-822
-7419
-4416
7745
4697
-546
-5052
1077
3955
299
565
62
-1560
9213
3011
-5229
-5291
2990
21404
-1234
-9687
-6261
7493
6905
-1827
6242
-10838
-3468
7760
8174
1571
-18821
3034
9244
2203
-5820
-5709
5724
-4490
-644
-1982
552
1145
-8298
-690
-502
-265
986
-3134
-2567
-6118
-2115
8111
-343
-5667
-8710
5283
7707
-1767
-2987
-2173
4691
-32
522
2452
-2248
1447
8866
-1711
-4482
-5429
15709
14308
-11254
-8909
1126
12549
-781
2545
488
-11143
5708
5746
8642
-8615
-11252
12737
2679
-1945
-7514
3924
3024
-6005
-169
-3817
4477
-4357
-6060
1280
-3637
1304
-1484
-4317
-4644
-7034
5641
4939
-6120
-8874
-1481
10184
-888
-1964
-2901
2436
1842
-988
3616
357
-5347
3199
10133
-3531
-6656
-3180
20364
3490
-13627
-3925
6019
9294
-5632
6193
-2488
-7153
5807
5397
10693
-13873
-2003
11137
298
-228
-4763
8511
-2009
-4311
-1326
674
5453
-8035
-2433
-1470
-1080
1093
-4945
-5345
-5065
-2122
6599
-2311
-8869
-5136
3019
5482
-2277
-2670
-1305
2687
1128
1359
1788
-3835
-5565
8796
8631
-6270
-8171
-503
20513
-2436
-11112
-2060
6457
5613
-5980
9615
-5104
-7377
6431
9455
9126
-16708
1084
11721
2474
-1270
-3372
9004
-3451
-4835
2059
3608
2342
-9187
-2981
2312
-612
-1781
-6312
-4057
-2350
-2446
4952
-4198
-5675
-4181
1928
6435
-4729
-1234
-441
4305
1855
-556
-587
-2947
-2524
7135
7942
-6613
-8177
-2863
20359
-146
-11224
-4117
3667
7557
-5350
9550
-6531
-8444
8925
8217
9714
-17425
2428
14220
665
-780
-4751
10534
-4081
-2309
3857
590
2005
-10122
544
2609
-2817
-2453
-5962
-1961
-3547
-3746
5107
-2978
-6842
-4990
3329
5341
-4046
-1483
432
4515
193
-2345
1540
-1076
-3999
3202
10335
-4905
-10083
-5344
17530
6372
-12589
-6713
2802
9855
-4758
6155
-1564
-10294
6773
8535
11677
-11817
-3686
13151
3226
498
-5059
8961
1930
-4436
1274
743
3373
-6356
-2676
2490
-3165
-3305
-4303
-3227
-3005
-4649
3986
-2482
-7704
-4530
1685
7250
-3212
-3074
-463
2390
2583
-1360
1524
-2765
-2647
49
10977
-2113
-9962
-7277
10465
14297
-12608
-6667
-464
9790
-2094
1055
5060
-12013
4262
9164
12613
-5350
-12272
14633
5932
295
-4784
8045
6153
-8855
1440
2179
4840
-5662
-6549
3469
-3149
-2442
-3443
-3265
-3384
-6271
1947
587
-5860
-4379
609
6967
-1199
-4324
-1714
4704
5592
-2166
-1504
-378
-874
-2741
7391
5985
-9841
-10204
253
20428
-2046
-12688
-4644
6163
4928
-3577
7110
-6300
-3323
9224
9087
4448
-13602
6214
11156
1022
-144
1540
7252
-5427
-869
3995
2276
-1544
-7841
-1090
-1245
-2058
-1624
-5876
-6423
-4201
-102
2794
-5272
-6310
-296
5025
1964
-4936
-1148
5093
3202
57
-2293
1853
-289
-1519
431
8415
-2888
-11692
-6206
11952
15712
-12484
-11408
-1589
9631
689
1209
5772
-12009
328
10045
13379
-2730
-14151
12034
9690
2227
-3923
3121
5719
-5928
1058
2881
3562
-5890
-9790
1780
1716
-2204
-6746
-7987
-1719
-1182
1356
313
-8221
-1697
215
6139
690
-4214
-192
1988
6101
-1133
-2298
2506
-188
-1731
-5050
10237
-2214
-10445
-6033
10454
14133
-15405
-8674
339
10776
2428
-86
1614
-11735
5689
14274
10379
-7014
-11869
15083
11044
172
-3725
3781
4063
-4803
1490
3983
-31
-8253
-6801
4049
588
-6308
-6677
-4524
-291
-1710
1690
-1316
-9065
-3175
5381
8315
-5758
-7425
931
7831
2348
-3335
-985
-420
-3035
-3307
1128
9046
-7441
-9350
-6080
11220
12936
-12949
-7170
-1394
11345
1440
1945
4257
-11660
6085
13588
11972
-7397
-11847
18411
9628
-1126
-5446
5440
5198
-7601
2895
3829
-1390
-9160
-5233
4766
-933
-5545
-3747
-4212
-1654
-1917
2617
25
-9119
430
4191
3441
-5463
-4377
4617
4164
328
-2892
-4713
170
-269
822
-6077
1964
-427
-9423
-4234
3459
17571
-8225
-13593
-1113
11260
8750
-1119
2464
-8108
2793
17381
11081
-2336
-13663
11139
14411
792
-3726
-255
5110
-2808
249
1457
-1394
-5812
-4667
2928
509
-3288
-6015
-5206
-764
2525
885
-1587
-8907
-1495
4424
4306
-1901
-5205
-1950
2086
3217
-2047
-3237
-1076
-926
-3441
-6518
-2638
9838
-6449
-8828
-6478
12825
10028
-14869
-4982
3417
13473
236
-1239
1941
-4548
13327
11201
3353
-9400
-3331
21304
5961
-5913
-4764
4757
4224
-3567
1167
1717
-1436
-7523
-2814
4786
-541
-5455
-3432
-3864
-893
-102
202
-2382
-7041
1200
5041
515
-10221
-4015
6771
4475
-3224
-5050
-3089
297
-1845
-731
-3532
614
3390
-9355
-2724
-1425
18095
28
-14797
42
5955
13150
-2952
3058
-2448
-4092
15471
9040
2642
-13220
4137
17649
-2196
-3998
-575
8500
-1559
-4178
4053
-481
-4556
-5050
4584
2643
-6096
-8192
-3776
1084
2140
-864
-3396
-7511
-4452
4224
2474
-1759
-8393
-1096
3471
2060
-2538
-3158
-235
559
-921
-1850
-4396
5313
3717
-6307
-3122
261
18471
-3502
-9861
1195
8527
9756
-4729
3207
-1986
1828
14341
2987
-692
-10306
10215
15659
-3896
-4499
-1293
8081
1147
-2675
938
-1668
-1972
-3901
-275
-308
-5660
-4422
-2313
-3099
-1933
-4953
-1551
-7277
-2596
2506
-1674
-5469
-8132
3708
3979
148
-4689
-2843
1078
550
2119
-1785
-5227
4363
6659
-3517
-6129
-30
19508
-1094
-12538
-466
9822
11725
-4636
237
-2292
138
13946
6219
1118
-10961
6973
15211
-1626
-1914
-75
7992
85
-4375
2057
1249
-2232
-4845
-555
69
-4282
-5710
-4693
-3022
-1323
-2873
-4142
-7763
-6009
3028
692
-4926
-6905
565
3645
-477
-2843
-530
1929
622
-393
-1252
-1956
2241
9465
-4303
-5895
-4068
14377
10842
-12579
-4192
3388
12021
-2181
-749
4265
-5220
8600
7541
4787
-5259
-2551
17348
3145
-4135
-1035
7520
2700
-5351
3723
2235
-3776
-6998
-952
4284
-2795
-8655
-5659
-3264
-1272
-2354
-4319
-5200
-6495
268
969
-2496
-5142
-2368
5520
2192
-1829
-2599
3728
3031
433
1600
79
-2662
3248
7073
-4192
-2546
-820
15845
-489
-13405
1820
7018
8200
-6368
1469
147
-1066
13978
3118
-393
-9195
5102
17332
-2731
-3496
-1909
5806
933
-2913
1739
-3162
-2294
-3930
-1265
-1372
-5796
-5351
-4476
-2713
-860
-5029
-5491
-4815
-2020
2045
661
-3131
-5789
-581
7446
4412
-1457
-4148
3291
4208
2505
303
-2877
-2466
6314
6376
-4093
-7558
195
17017
-2419
-9453
-1721
6837
8061
-2877
2895
-3287
-791
10201
6277
3129
-9563
5266
10156
-1339
-835
-853
5645
-3422
-3806
3462
-1051
-4709
-7095
1285
722
-6747
-6634
-3510
-1958
-2539
-2313
-1420
-6858
-3390
4502
1430
-5015
-2433
4080
4677
-807
-434
2439
3587
683
163
806
-1352
-1575
5690
4675
-9157
-4926
1883
17069
-124
-12932
-2354
6271
9008
-2359
2647
-2133
-2611
11704
7012
-511
-9051
3468
14271
426
-6300
-1618
4605
-31
-2191
1219
-1489
-6661
-4493
453
2111
-4552
-8493
-4062
-1658
2169
-2186
-4145
-5998
-2245
3885
3350
-1374
-6448
-3
6318
5814
-2416
-4641
3041
3937
2455
-2028
-3750
-2793
562
10779
-2462
-7551
-6206
9344
13254
-10122
-5007
-659
10625
4909
-1799
963
-6273
8015
10021
3659
-3992
-7626
11289
5807
-1338
-3340
328
4266
-4083
210
1193
-2352
-4309
-2773
3024
-1536
-5571
-3864
-986
-479
-2565
-1370
-2112
-3237
438
2019
-1161
-4339
-891
2929
2718
-2492
-3198
135
2979
233
-1958
-3536
-1873
-475
3847
2742
-9101
-3444
1486
15934
450
-14880
-2190
6703
13584
-1726
-1784
-3333
-2823
13610
7052
582
-10258
-818
15554
2793
-3699
-4032
3401
3244
-762
4311
-1847
-5095
-2220
3640
6134
-6017
-8662
650
3975
1863
-6153
-2309
-2440
-1605
3516
15
-3105
-7859
-646
6642
960
-5101
-3767
367
2006
-2226
-1074
-3337
-2614
-1959
3888
5027
-9810
-7696
1583
15954
1288
-13273
-4635
6618
10438
-2785
-1763
-2833
-875
9657
6270
2
-8697
2619
13702
2835
-4534
-1110
7717
3738
-902
1111
974
68
-237
3842
1631
-3409
-3523
696
1024
-144
-2441
-1898
-4071
-2207
2084
465
-2819
-5215
258
1989
545
-3809
-3066
298
2558
-516
-3411
-4818
-1409
347
1086
1287
-8295
-4006
-752
9994
-484
-10846
-3547
3286
8078
-3318
-1868
-148
-1897
8375
5908
1711
-5442
1528
12837
3683
-817
-1802
5515
5367
1298
3596
-70
-1568
1177
4575
3266
-4179
-5576
21
1719
1307
-5712
-3416
-936
-1572
1402
-4337
-2648
-3637
954
2991
-2259
-4072
-4958
2524
3586
-1928
-5501
-4162
-353
-497
-2879
3828
-5117
-9055
-3130
8335
10197
-12354
-8898
1180
9667
4846
-2864
-308
-4166
7332
12344
2816
-4377
-4618
13596
11602
-1070
-3049
3212
8513
3737
950
202
-314
1019
1967
3227
-1419
-6117
-2654
1568
1469
-3181
-7544
-3566
-1009
1734
-2421
-3879
-5496
-3536
3086
1816
-2824
-9277
-1519
4042
1382
-5445
-6414
-2156
-1440
-285
-195
2347
-7258
-5246
-1652
10045
6378
-9128
-5640
1299
12598
3335
-3648
-415
128
10556
6176
3330
-2518
-579
14201
8090
-375
-4842
5008
11388
3096
-1315
-1963
2119
2767
1448
584
-3861
-4419
-1109
1226
-1351
-5920
-6526
-2626
-2534
-709
-3645
-5672
-5942
-2670
1145
-713
-5158
-7330
-2075
3142
1905
-4860
-6738
-2568
2405
1120
-1276
1324
-5558
-1291
699
8064
4354
-8946
-1702
4202
10058
284
-3319
2431
2272
9698
4843
1329
-742
947
14498
9028
-2363
-3992
6340
11342
3447
-1157
-1020
501
2389
2895
2170
-6081
-7747
426
1932
-3233
-8276
-6555
-2669
-4121
-2701
-3970
-6154
-5674
-2239
737
-1821
-5606
-4378
428
3189
-1154
-2653
-3126
-1593
2350
1255
-1907
1896
-3535
-484
2008
4296
5533
-7083
-919
4391
6922
1356
-4296
3813
2958
7349
7609
-815
1918
676
12655
8822
-2137
345
2934
10185
3367
-1247
249
1
1974
-339
-292
-3238
-6643
-3994
-2744
-2150
-5107
-8062
-4579
-3788
-2010
-4079
-5813
-4423
-2160
160
-1469
-4135
-3472
701
2037
670
-1222
-3148
-1432
2449
2895
-1783
-2200
2863
-1509
-1106
-1595
8325
2391
-8744
144
6137
7561
-4401
-1388
5655
3978
7683
3144
1195
-689
3644
14839
4166
-3407
-979
7473
8599
-1237
-877
-1215
-787
636
-199
153
-6454
-7121
-1566
-287
-2488
-8035
-5690
-2241
-3810
-2832
-4607
-3061
-3678
-2465
310
-233
-3059
-3201
2539
3608
319
-3026
-1111
1443
562
423
-454
2521
-1783
-2558
2037
834
7538
-3088
-3815
601
4997
6016
-3512
1233
603
5363
8189
1549
1417
-3017
8048
11315
1996
-3480
-567
10023
6166
-882
-2595
-393
1726
459
2068
-1942
-6689
-6054
-387
1270
-4706
-8851
-5785
-1347
-2582
-2994
-3445
-3299
-4135
-1188
1206
71
-3937
-2365
2155
3546
68
-3619
-326
1577
571
587
-2113
2239
826
-2865
-890
508
7496
-4201
-3683
808
3854
4241
-3187
1986
599
1475
7787
2834
901
-2705
8071
12416
183
-2363
2635
9161
3628
-1115
947
238
-337
233
435
-3284
-5570
-3444
42
-4085
-5313
-4416
-3886
-3893
-5618
-756
-2382
-5774
-3934
-814
2675
-2624
-5436
497
1542
2080
-902
-197
79
-2123
1986
957
-1881
-364
2833
-563
-2957
-2888
7684
2784
-6250
-3591
2497
8234
-1454
-554
1667
1637
8249
3210
3902
1470
3370
10584
3084
2240
796
6466
4647
-429
1651
-425
1904
-123
-1051
-1156
-3964
-3428
-4210
-2684
-1804
-5491
-7045
-3892
-2263
-2559
-5972
-3689
-2992
-2270
-677
-1935
-1224
-3842
456
3564
227
-2113
-1674
1494
1194
313
1142
-2396
1038
-1030
149
1995
-2073
4509
-2999
-621
1171
3354
4768
-1874
3586
1238
4481
8420
2525
3841
559
8210
9005
2461
2394
2620
6760
2634
1428
905
-1825
1159
301
-1489
-5264
-6756
-3385
-2021
-3686
-7461
-8344
-4846
-3433
-4547
-5606
-6518
-3265
-3721
-1931
-836
-2404
-2541
293
3389
281
-1461
342
2778
2059
655
165
-225
-1721
3834
2292
-1227
-4634
457
8428
-797
-2837
-1495
4675
5015
1124
3649
1618
4434
7999
5721
4829
481
7769
9276
4034
2042
2036
4921
920
-195
337
-1284
-1911
-4182
-3614
-4672
-5416
-5253
-6137
-5637
-7306
-7477
-5358
-5465
-4451
-4828
-4814
-2621
-3244
-838
-94
1529
-638
-443
2020
2043
3013
-18
960
520
418
1072
1374
115
365
-1371
-615
967
2109
5945
-1621
-1389
933
7075
6810
1153
2532
3567
7384
8596
3456
3002
1669
7409
8341
1330
-889
-1046
3175
1944
-1969
-3354
-3573
-3502
-3989
-4372
-4567
-6379
-6427
-6221
-4907
-5292
-6395
-4120
-2449
-5083
-4032
-1673
-407
-868
-1351
773
-152
-269
1580
3372
1746
-1338
-153
2918
3159
2394
-102
-478
1111
1535
5280
-386
186
-371
5545
7955
-1944
-934
2189
8894
4721
-1194
1757
2015
6230
4625
2173
1366
-2025
4780
4159
-285
-3786
-1131
3216
-793
-3748
-3860
-2936
-3087
-3718
-1318
-3753
-7751
-5969
-2069
-1472
-5571
-6889
-3248
-2807
-1070
-1650
-3303
-3461
-2033
2421
2465
-25
-1043
1146
3696
3698
2809
2911
2286
2887
2614
2143
3023
1065
2525
4024
-117
615
-269
5284
1086
-3239
-208
1435
4608
-1194
-802
-263
347
4517
2396
694
-2885
142
5980
2930
-935
-2743
1117
1357
-310
-1867
-2033
-3759
-3496
-1229
-1830
-5051
-6864
-4519
-3249
-3697
-4285
-4381
-2856
-3701
-1768
-360
-330
-378
-209
2828
2985
2573
1794
3532
3968
4546
3709
1964
2847
2148
2952
797
562
-274
-301
2493
-2985
-1817
-2895
2791
1911
-5797
-3069
193
4974
-361
-2228
776
1264
5038
2372
1783
-51
563
4953
2392
40
-1720
1229
1134
-1661
-2010
-1988
-1979
-2357
-2863
-2857
-3613
-4355
-3493
-1114
-1333
-3658
-2877
-406
-382
965
868
326
70
958
4772
4603
1250
-170
3286
4534
3324
1439
-547
-242
1684
1567
-124
-2109
-3681
-1797
3000
-2565
-4045
-2849
1375
2862
-4492
-2056
-230
3990
1054
-1669
698
19
4105
3375
109
-390
-504
5722
3567
-963
-2624
1038
4176
-187
-815
-1810
-1120
-911
-341
275
-2469
-3287
-1914
-315
-837
-1360
-1040
-2624
-835
369
1301
378
-731
265
619
2456
1252
834
521
259
1214
830
727
513
-1124
-1334
-629
-1184
-1899
-2734
-1326
647
-3237
-3399
-4214
1276
2070
-3784
-3248
-2452
4008
1977
-89
-1166
-980
5719
5215
2774
-1283
-900
7580
6090
1350
-967
1370
3809
1782
1582
-1123
-1286
-655
-390
485
-2300
-3281
-1641
-1187
-1180
-1918
-1917
-874
-1224
-550
315
305
-1056
-613
2078
2422
-919
-1855
-166
2363
2261
-1115
-2784
-2323
638
313
-2740
-4705
-3570
-1719
194
-853
-4901
-3387
-1429
4761
710
-4519
-2050
3770
6349
396
834
2316
3610
5988
4164
3785
1601
3286
6301
3237
1602
380
2459
1911
392
234
-1013
-811
-978
-1217
-1104
-2268
-1659
-2352
-1140
-181
-2561
-3265
-2185
749
62
-2356
-2700
-809
171
-840
-1497
-1585
-1600
-572
136
-682
-2445
-2491
-321
572
-1668
-2690
-2394
-695
-614
-1149
1341
-1931
-1641
-1879
3592
4524
-2442
-1441
1639
6529
2918
-108
1750
2641
4726
4611
3534
1023
494
5743
5099
890
-1125
1717
4343
1461
-510
-1412
-835
-361
-239
-1476
-2276
-3349
-2991
-1894
-1887
-2691
-4613
-3412
-2012
-1544
-2416
-3223
-1569
-1863
-1173
-382
-60
-1303
-1448
644
109
338
-626
896
385
-1267
-662
522
1089
-2123
-1569
615
2026
-1665
-1440
579
3529
2466
-1323
1550
2226
4477
3289
1993
2719
2594
6076
4923
1804
980
2660
6074
2815
-711
-1036
1262
2241
-702
-2441
-2786
-2231
-1545
-2209
-3062
-3503
-3898
-2476
-2354
-2675
-2636
-2707
-2064
-2093
-777
-705
-1767
-1984
-146
416
182
-624
-910
-299
106
1192
-333
-1822
-457
1465
870
-2065
-1221
1076
638
301
-1149
2061
1620
1182
1172
2072
4882
474
915
1764
4551
4158
-87
765
1249
3509
3074
-117
-418
-1033
2421
2495
-860
-2402
-2234
1790
241
-1838
-3026
-1539
740
-1428
-2466
-2244
-1170
-395
-2026
-1291
-1312
-1898
-1845
-1874
-233
-1728
-1947
-2120
-1051
-302
-1323
-811
-1540
-499
588
387
670
-391
-77
1996
2622
1167
-785
985
3510
2331
148
240
2882
566
320
1374
2667
246
-2636
387
2240
1693
-1354
-715
91
-18
2114
1997
157
-1652
17
3171
2038
-833
-2059
1277
2155
364
-1001
-1859
450
262
274
-827
-1708
-1594
-1231
529
-964
-3395
-2680
-1296
-80
-1015
-2031
-1629
-1811
-200
667
556
-1288
-1777
1782
2489
1785
6
117
2087
2606
2148
-277
-204
967
1804
1601
-1428
-1698
1094
660
-609
-2169
-678
2255
-1193
-2329
-2265
788
1588
-857
-1592
-2141
1175
1653
526
-559
-1556
661
2291
1011
-936
-497
1764
1778
646
-264
786
1177
847
-275
12
436
-122
-816
-1103
-171
-989
-1766
-1189
-661
-1002
-2081
-1268
-230
-547
-18
-145
-153
152
1453
2018
894
416
1344
2303
2573
1022
-421
693
1092
1114
-290
-1353
-1556
-4
-211
-2313
-2777
-2580
524
-1034
-3812
-3315
-1350
760
-888
-2181
-2003
-465
2774
2444
652
-1139
1188
5408
3706
1295
222
2567
4266
2908
1944
556
415
915
1612
840
-1483
-2296
-1308
-296
-398
-2109
-2920
-2592
-1425
-466
-734
-1804
-1195
62
1130
678
41
-157
873
2097
2000
-263
-411
1962
2188
575
-1858
32
357
-739
-1454
-1581
-1833
-2861
-547
-1182
-2933
-3358
-2221
822
-1795
-3187
-1520
426
1292
-265
139
763
2566
3225
2428
2249
1267
2963
4673
3446
1618
909
2830
3460
1279
-267
-154
966
379
-117
-543
-1692
-1569
-888
-480
-2039
-2922
-1536
-826
-1505
-1895
-277
-1044
-1691
-1073
420
797
-789
-1025
-523
755
1654
326
-1023
-591
659
1361
-663
-1247
-1400
-1085
-552
-1949
-2301
-3085
-1220
-79
-2264
-2819
-2539
703
833
-1960
-1205
-392
2387
1981
1205
1518
1166
3213
3498
3674
2959
1708
2948
3717
3747
2559
989
2152
2211
1878
1632
849
340
-638
603
1171
-783
-2186
-1504
263
-1202
-2538
-2252
-1273
-1634
-2304
-1263
-1290
-1962
-2526
-1307
1128
-1176
-2356
-1810
287
328
-1637
-1003
-1095
-646
-752
60
-392
-2793
-1802
210
-298
-2702
-2868
-473
907
-1345
-2066
-644
958
1973
-629
-541
764
2600
2805
1288
2034
2025
3762
4141
3445
2675
2009
4212
4995
3247
1957
1809
3265
2313
1266
1666
96
-698
-1053
934
78
-2569
-3076
-2653
-716
-2005
-3760
-4077
-3282
-1881
-2851
-3111
-3084
-3040
-1885
-1214
-1130
-2821
-3281
-813
575
-407
-1676
-1396
-433
435
369
107
-755
-955
342
996
181
-1355
-312
713
984
1278
52
30
389
3235
3577
-124
39
2768
5305
3007
1078
1911
3011
4293
3525
2845
1286
1033
3853
3710
1535
-868
73
2220
1192
-774
-2302
-1109
-434
-1486
-1929
-2909
-3500
-3565
-2857
-2105
-3634
-4970
-4220
-2583
-2990
-4161
-2917
-2216
-2415
-2550
-1180
-26
-835
-1083
257
1330
848
818
1953
2300
1666
2136
2655
2036
1735
2239
2649
1767
605
1466
1809
2601
1269
-396
322
1323
3136
1156
-1453
-475
1247
2916
798
-442
-154
1187
2729
1340
189
-362
41
1622
1304
-160
-1660
-1114
-76
-1055
-1858
-1643
-2206
-3088
-3436
-2135
-1633
-3315
-4042
-3291
-2154
-2207
-3350
-2136
-1687
-1987
-1274
-747
383
-815
-177
1864
1826
989
1052
3102
3711
2479
2744
2579
3079
3112
3068
3524
1928
1401
1870
2395
1691
-532
-176
147
932
178
-1800
-1575
-1163
677
-114
-2454
-2751
-1570
1052
-163
-1990
-2506
-1083
933
324
-673
-1733
-899
923
1005
-519
-1245
47
1321
90
-1035
-797
416
184
-754
-385
-763
-1556
-974
80
-493
-1525
-1424
-252
-47
-287
-149
-140
47
622
2132
1490
821
1019
1984
3140
2573
2144
1218
1535
2599
2350
1142
-14
92
523
304
-556
-1776
-2489
-2622
-2218
-1551
-2222
-3925
-3874
-3008
-1296
-1068
-3601
-3571
-1872
528
246
-1927
-1335
79
2005
2080
1128
317
605
3563
3801
2200
523
1166
3399
2764
1848
730
797
1269
1330
1620
222
-287
-807
149
920
-417
-1101
-1397
-227
422
-297
-1049
-971
-235
355
521
-33
-631
-671
690
890
470
-636
-834
445
-21
-106
-677
-818
-972
-1517
-900
-1660
-1804
-2086
-2273
-1930
-2418
-1586
-2095
-1713
-1226
-1076
-514
-1353
-679
291
713
891
347
952
2148
2984
2700
2765
2656
2911
3570
3832
3421
2505
2809
2875
2871
2094
1403
1363
797
1193
436
-466
-1031
-1161
-390
-886
-1302
-2105
-1915
-1498
-1169
-1233
-1984
-1840
-1258
-1119
-1133
-1162
-1090
-1230
-807
-441
-1141
-1397
-569
-164
-1239
-1854
-1400
-120
-931
-1515
-1459
-1639
-1488
-1279
-569
-1411
-1289
-1249
-739
-180
197
769
-716
-539
1240
2354
1920
806
1245
2149
3092
2970
2030
1754
1957
3549
3283
1749
1274
1771
2709
2147
1353
621
483
1152
860
821
288
-882
-994
-408
-74
-1270
-2300
-2262
-1845
-1771
-2098
-2128
-2630
-2729
-2117
-1806
-2104
-2482
-1864
-1326
-829
-1059
-1192
-667
-484
258
-141
-339
-9
125
403
-88
-20
-308
-553
-558
-187
-484
-627
-613
-825
-422
-840
411
669
-152
-260
842
2501
1702
1017
1493
3126
3877
3039
2795
3068
3895
4368
3985
3411
2609
2473
3213
3065
1640
-158
-37
1075
127
-1408
-2346
-1829
-2193
-2869
-3176
-3761
-3679
-3430
-2741
-3317
-4098
-3190
-1821
-1911
-3037
-2122
-1072
-695
-904
-835
-174
-250
6
120
103
-229
-119
807
546
-390
-641
28
332
69
-130
341
235
-2
443
1115
2252
1354
713
1270
1884
3139
2956
2766
1620
2325
3835
4165
3381
1673
2097
3190
3417
2313
871
653
659
769
99
-545
-1262
-1872
-1395
-1453
-2487
-3933
-3389
-2677
-2716
-3433
-3945
-3542
-3478
-2854
-2618
-2622
-3114
-2396
-642
-1183
-1498
-1415
-182
546
206
246
137
1143
1129
1813
1340
401
1239
1621
1756
692
687
1085
619
558
874
1429
516
-452
383
1030
1929
1038
-259
-151
748
2284
1782
286
-516
1220
2660
1976
434
-583
982
1723
1552
108
-964
-473
69
750
-609
-2057
-2144
-1171
-353
-1520
-2442
-2774
-2229
-1627
-1477
-1795
-2588
-1899
-1056
-272
-1230
-1618
-793
-116
353
334
124
276
558
1131
1800
1112
505
930
1807
1980
1473
1132
737
994
1273
1245
929
311
-271
96
588
179
-552
-1099
41
304
-405
-1109
-975
-7
-62
199
-286
-714
12
1088
1775
852
12
318
1404
2246
1257
385
781
1216
1151
596
78
41
-157
82
-137
-1428
-1891
-1515
-773
-1459
-2398
-2353
-1839
-1442
-1463
-1304
-1209
-1316
-803
93
562
946
-104
125
1407
2067
1761
468
623
1243
1638
1259
594
59
-399
376
158
-947
-1716
-1875
-821
-881
-1176
-1740
-1736
-1559
-891
389
-213
-914
-844
572
1617
967
601
644
1790
2361
2174
1413
1041
1761
2401
2240
970
167
701
1318
1293
52
-718
-504
100
53
-245
-1282
-2003
-976
-293
-469
-1528
-1816
-1387
-768
-486
-593
-1088
-1450
-765
-181
-250
-745
-925
-766
-295
206
-113
-739
-1213
-279
602
312
-394
-861
-294
226
492
-300
-873
-103
917
596
-598
-462
947
1039
263
-317
176
832
948
996
0
-172
1034
2410
1988
474
418
1691
2635
2003
1167
1295
1266
1657
1960
1484
672
189
734
1088
71
-1120
-1093
-456
-1002
-1909
-1890
-2007
-2202
-2462
-1988
-1807
-2405
-2408
-1890
-1061
-1543
-1498
-649
-564
-678
-436
186
486
255
224
688
1078
707
154
579
539
254
-236
-645
-109
-250
61
-148
-794
-916
-173
778
165
-800
-721
583
1305
909
695
752
1287
1893
2013
1912
1618
1743
2262
2724
2401
1567
1089
1440
1895
1087
359
-78
33
-136
-594
-964
-1654
-1780
-1978
-2018
-2191
-2731
-2767
-2452
-2135
-2378
-2385
-1805
-1607
-1437
-1250
-845
-586
-364
-82
579
803
127
384
1205
1176
784
340
691
687
490
438
285
273
-95
442
496
-144
-36
469
963
371
19
737
1023
1058
714
1149
1591
1320
1709
1462
1371
1542
1695
1968
1264
903
982
1291
881
-14
-75
-185
-523
-628
-1364
-1493
-1534
-2036
-1922
-2229
-2376
-2362
-2216
-2208
-2322
-1886
-1850
-1356
-989
-1207
-622
-521
-193
204
416
438
258
611
1020
972
696
481
658
791
938
733
101
-146
128
537
804
137
-513
-126
597
1049
460
-308
-267
198
869
618
254
-276
-159
605
896
768
24
125
637
1082
1082
747
511
736
974
1045
1077
418
220
281
461
138
-480
-307
-639
-576
-1202
-1448
-1096
-1339
-1197
-1643
-1575
-1179
-894
-504
-976
-1024
-685
-17
568
171
247
369
786
1358
1188
875
384
1033
1442
729
275
220
261
-336
-526
-211
-744
-1162
-1180
-927
-1037
-1351
-1072
-789
-1129
-1169
-401
1
-272
-283
450
912
961
1228
1424
1751
1649
2028
2226
1825
1887
1654
1607
1258
1005
1125
451
168
-279
-529
-467
-810
-1014
-1580
-1770
-1452
-1246
-1304
-1770
-1701
-1263
-898
-765
-952
-748
-326
-101
96
-269
-382
-93
339
195
-613
-417
8
27
-792
-1432
-796
-762
-1040
-1640
-1576
-755
-659
-773
-1185
-831
-19
178
269
17
434
1260
1964
1622
867
1552
2463
2647
2040
1845
2564
2773
2282
1800
1790
1957
1768
1584
996
668
528
663
721
-358
-1059
-902
-631
-654
-1376
-1680
-1787
-1756
-1578
-1335
-1387
-2163
-1638
-966
-665
-974
-1557
-945
-676
-737
-770
-950
-887
-995
-419
-268
-839
-1012
-872
-385
-490
-556
-177
-235
-286
-201
138
414
196
506
948
943
1195
1161
1612
1823
1846
2104
1933
2128
2285
2239
2413
1978
1820
1868
1750
1677
1088
1118
796
379
497
194
-111
-841
-911
-779
-1259
-1347
-1525
-1721
-2255
-2391
-2081
-2163
-2327
-2441
-2463
-2349
-2154
-1789
-1715
-1881
-1583
-1151
-744
-723
-761
-632
-120
196
245
313
143
466
756
847
696
474
666
653
1046
976
623
819
1099
1440
850
768
1099
1377
1345
891
1099
1459
1428
1503
1456
1216
1308
1560
1628
1392
1064
934
937
931
605
447
203
-263
-462
-507
-489
-769
-1250
-1518
-1559
-1610
-1995
-2126
-2045
-2034
-2091
-2304
-2347
-2199
-1785
-1614
-1630
-1353
-1093
-665
-394
-465
-190
210
406
286
424
767
913
810
591
647
1023
1169
1184
756
597
1010
1456
1514
871
750
1147
1469
1319
999
904
1064
1121
1046
1023
601
436
763
1044
560
38
116
144
-124
-421
-284
-375
-987
-1221
-838
-850
-1547
-1921
-1764
-1593
-1584
-1882
-2170
-2310
-2041
-1715
-1581
-2045
-2174
-1641
-1087
-943
-1183
-986
-486
52
171
149
553
606
941
1436
1740
1530
1027
1638
2121
1937
1569
1625
1769
1702
1641
1711
1461
1174
1290
1548
1412
791
863
1006
850
680
347
586
190
22
177
73
98
-535
-397
-102
-147
-533
-1153
-856
-851
-796
-789
-1294
-1227
-1142
-943
-923
-1539
-1475
-1264
-840
-803
-1041
-880
-670
-343
-359
-297
-276
-280
66
235
407
520
371
371
637
870
801
524
611
875
1170
1003
813
725
682
848
989
658
212
159
588
662
284
45
12
181
114
100
-5
-517
-639
-346
-229
-580
-953
-884
-640
-398
-740
-1168
-972
-828
-695
-730
-965
-613
-548
-342
-485
-580
-329
-356
-52
-20
173
-31
129
479
323
293
163
303
395
310
346
346
-21
-236
203
473
42
-360
-185
151
221
-140
-272
-17
-123
44
171
21
-199
-140
244
134
-187
-80
-81
-201
-212
-43
-44
-540
-390
-65
9
-103
-166
-50
-72
35
84
-44
-52
106
243
302
223
374
592
496
246
353
747
1093
815
527
769
1119
1228
914
898
670
611
954
797
629
196
354
552
303
82
-229
-18
-94
-300
-451
-415
-291
-609
-843
-774
-784
-740
-907
-834
-745
-889
-608
-485
-521
-668
-693
-363
-427
-397
-445
-450
-182
-164
-67
-91
-126
-57
-288
21
370
326
-28
-147
528
534
284
448
811
734
466
670
795
594
376
744
805
368
287
787
684
123
81
260
380
130
24
-7
-288
-248
-71
-207
-601
-799
-640
-620
-611
-712
-1077
-1106
-846
-443
-761
-1026
-805
-694
-591
-487
-461
-610
-737
-402
-216
-298
-402
-217
31
-135
7
-43
-165
148
282
170
-63
238
620
365
92
224
497
385
427
542
314
194
347
595
602
298
399
504
401
314
609
588
147
77
474
882
429
-13
44
57
228
260
149
-346
-711
-228
232
16
-737
-694
-229
-8
-52
-474
-546
-386
-57
-106
-320
-306
-307
51
205
76
100
-87
182
286
191
338
237
240
113
401
490
162
206
160
234
129
-75
91
274
324
282
70
-106
85
422
483
242
169
136
317
295
266
165
41
194
398
417
66
-138
63
244
189
-199
-422
-228
12
-116
-408
-482
-357
-284
-341
-369
-605
-322
-308
-471
-694
-858
-160
-49
-241
-365
-470
-28
-16
-8
-200
-140
244
186
348
-41
-57
148
227
436
158
-81
-171
40
103
-85
-286
-228
-140
-148
-152
-250
-289
-140
199
214
-224
-135
151
308
-26
-123
312
313
354
68
-178
-89
294
589
365
-55
-133
158
187
161
-141
-336
-100
87
64
-296
-431
-469
-256
27
-142
-384
-565
-63
61
-183
-283
-145
62
-5
78
6
127
65
159
79
-60
105
-11
40
-58
-49
87
-72
-168
-249
-122
97
192
14
-182
7
311
261
-94
0
254
635
318
163
326
324
442
349
482
191
184
649
559
169
-100
166
457
263
116
-53
19
48
-18
-2
-203
-367
-455
-330
-82
-124
-560
-500
-285
-157
-250
-580
-483
-338
-217
-139
-200
-383
-643
-236
-78
-283
-302
-451
-77
-53
-311
-239
-204
-62
13
140
97
-66
356
662
507
215
230
561
727
665
445
498
746
772
727
579
447
733
722
666
453
171
320
430
349
264
139
-24
-46
106
21
-83
-175
-158
-28
-107
-219
-232
-325
-360
-117
-225
-406
-640
-631
-305
-444
-817
-993
-775
-638
-645
-711
-833
-681
-553
-408
-557
-545
-465
-272
-83
-240
-230
-58
237
407
190
171
195
334
285
83
324
185
152
137
354
477
-16
-197
70
267
121
-116
110
137
147
171
241
257
70
239
309
57
-43
39
161
154
-38
-16
63
-151
-455
-390
-51
109
-180
-531
-615
-321
-254
-313
-259
-284
-206
-76
153
17
-164
223
533
578
449
402
598
590
623
608
564
605
678
733
455
323
246
67
130
-33
-149
-12
71
72
-118
-238
-138
0
159
5
2
-24
139
295
100
58
29
151
0
-153
-188
-180
-147
-317
-323
-290
-274
-133
-224
-370
-324
-192
-237
-244
-249
-172
-98
-84
-37
-95
-80
-43
185
102
-35
61
97
209
118
136
280
297
251
170
251
189
161
150
176
129
74
275
103
-206
-224
74
99
-406
-628
-355
-141
-271
-322
-409
-488
-374
-369
-429
-439
-341
-295
-271
-226
-311
-299
-302
-176
-102
-234
-171
-81
-1
47
174
212
-120
-186
15
182
84
-216
35
169
163
96
87
161
72
63
172
206
190
63
207
225
340
529
396
254
230
299
398
228
112
60
334
455
138
-193
-82
49
-75
-83
-205
-375
-456
-164
-83
-359
-540
-413
-338
-304
-295
-266
-312
-187
-189
-114
-278
-244
43
82
207
-5
40
113
268
370
219
159
180
428
578
598
486
344
385
560
692
467
367
511
368
474
464
415
166
20
426
377
93
-210
-66
111
-93
-137
-69
-34
-31
-28
145
-23
-105
-121
-31
-30
-189
-223
-306
-115
-278
-346
-238
-339
-491
-631
-452
-428
-694
-663
-450
-169
-336
-399
-317
-326
-216
-171
-58
-23
-4
143
356
345
158
133
381
585
550
549
337
250
192
331
460
165
-204
-87
320
198
-270
-499
-300
-11
-52
-151
-476
-582
-209
68
-81
-534
-525
-232
85
-12
-268
-203
-116
18
127
18
-305
-199
196
303
135
-130
-61
-57
23
-79
-280
-356
-457
-179
-143
-301
-494
-470
-137
-49
-96
-243
-36
228
147
192
260
304
340
542
636
398
357
620
766
518
390
457
531
503
407
390
182
104
220
220
201
-80
-141
-17
-60
-5
-155
-210
-226
-149
-54
-163
-134
-50
63
19
-145
-2
52
49
99
87
68
-129
-70
0
-153
-240
-349
-328
-400
-456
-483
-588
-595
-591
-439
-471
-667
-529
-210
-96
-171
-139
-51
69
174
442
475
314
364
679
839
636
397
379
370
373
505
561
326
121
110
141
20
-121
-63
-158
-180
-234
-100
-10
-204
-303
-280
-176
-139
-189
-49
28
-28
81
55
-36
-182
67
246
37
-131
-216
-29
-63
-252
-293
-468
-452
-302
-363
-478
-547
-313
-208
-333
-348
-431
-173
-97
-57
-61
-119
214
306
388
439
450
576
658
825
724
600
721
824
522
365
542
690
389
132
211
108
25
26
-3
-242
-393
-96
148
-40
-227
-278
-94
-168
-192
-73
-203
-229
-103
-63
-141
-393
-255
-154
-228
-279
-360
-257
-298
-267
-248
-362
-472
-398
-358
-324
-356
-209
-231
-289
-184
-246
-15
-109
-125
-109
-250
10
72
97
169
115
201
49
210
306
224
286
253
389
442
427
494
453
423
433
488
430
207
308
503
380
180
48
174
226
30
-20
-158
-88
12
-43
-116
-366
-370
-360
-346
-299
-311
-299
-326
-259
-179
-213
-131
-66
-48
12
49
-115
-211
-78
98
-38
-288
-243
-138
-183
-234
-268
-321
-391
-204
-25
-149
-236
-142
34
61
102
263
417
387
450
608
592
499
561
798
823
663
637
583
547
408
479
357
132
118
158
21
-157
-224
-180
-145
-322
-310
-240
-245
-454
-484
-317
-296
-339
-347
-232
-331
-364
-274
-309
-385
-414
-318
-368
-441
-351
-362
-418
-620
-567
-422
-446
-390
-357
-287
-334
-278
-167
-151
-306
-190
127
192
184
239
392
349
331
491
530
534
457
674
827
716
648
555
517
486
618
625
453
313
206
329
351
147
-16
-68
-4
-131
-88
-56
-157
-211
-303
-266
-289
-197
-163
-250
-187
-170
-161
-357
-404
-249
-196
-212
-302
-403
-298
-183
-299
-459
-540
-393
-310
-278
-251
-193
-150
-168
-110
-129
-78
50
114
158
107
192
264
164
164
271
355
361
313
358
310
461
471
340
420
328
377
364
236
148
248
347
181
81
86
40
-78
-29
-44
-38
-126
-244
-170
-205
-217
-177
-54
-155
-156
-116
-187
-218
-271
-222
-41
-14
-213
-235
-255
-100
-37
-48
-95
-189
-34
100
106
-115
-140
13
-20
-33
-88
26
-16
-160
-108
-42
14
-28
-99
-77
-2
113
62
59
51
128
216
124
123
172
337
358
282
276
325
308
275
309
205
194
227
216
110
-72
-63
33
39
-29
-131
-103
-174
-31
26
-122
-200
-203
101
115
-59
-119
-25
64
38
144
147
11
-32
9
93
47
-70
-76
-137
-152
-106
-36
-69
-217
-224
-202
-99
-185
-334
-239
-190
-257
-217
-252
-211
-219
-217
-234
-319
-228
-193
-134
-152
-163
-58
-30
-108
-68
30
49
103
129
87
46
-37
139
159
77
50
113
162
100
184
151
283
193
149
364
376
399
318
353
357
373
377
374
301
98
132
244
177
-42
-98
-50
-114
-273
-262
-208
-404
-492
-387
-357
-509
-583
-483
-395
-415
-445
-388
-300
-379
-382
-205
-201
-273
-280
-123
-82
-134
-125
-115
-61
-121
-59
-41
6
98
33
63
215
266
280
189
275
378
418
480
559
644
526
615
847
798
735
719
770
733
573
666
573
409
349
317
304
47
35
45
-130
-267
-414
-350
-448
-565
-587
-566
-471
-431
-357
-358
-375
-330
-360
-408
-432
-381
-358
-283
-247
-264
-337
-537
-533
-390
-307
-403
-418
-301
-267
-234
-141
-101
-121
-4
193
272
161
268
453
481
373
376
618
670
577
588
608
598
592
630
587
399
453
494
420
237
217
284
126
-16
-129
-115
-138
-220
-281
-301
-382
-454
-543
-547
-548
-540
-512
-587
-606
-568
-486
-514
-581
-416
-424
-550
-615
-550
-360
-353
-368
-342
-416
-232
-49
-76
-169
-151
110
242
283
238
201
322
480
688
631
510
570
633
719
761
820
763
671
758
787
742
667
568
547
499
415
446
376
278
109
-113
-99
-68
-60
-227
-253
-321
-289
-314
-414
-556
-657
-604
-505
-393
-469
-490
-550
-473
-413
-399
-366
-439
-393
-262
-75
-138
-421
-454
-204
-134
-168
-221
-115
-101
-96
15
-60
-82
-13
215
301
193
230
342
487
466
331
323
463
573
606
619
504
465
547
554
341
162
185
302
375
197
13
6
9
65
-52
-114
-142
-167
-154
-206
-300
-395
-305
-353
-458
-441
-393
-390
-561
-587
-557
-552
-567
-584
-417
-469
-561
-488
-447
-408
-448
-356
-249
-274
-153
-131
-64
-151
-110
52
121
111
123
278
306
247
241
306
304
271
346
445
480
484
491
496
501
460
485
544
498
534
502
492
352
254
329
358
352
256
242
318
248
197
115
11
-40
-32
-1
-184
-189
-114
-160
-266
-358
-335
-408
-386
-361
-406
-374
-333
-359
-483
-534
-415
-359
-327
-348
-247
-145
-163
-188
-244
-186
-189
-73
35
-75
-51
65
103
54
18
99
106
16
8
61
42
27
100
225
228
177
305
354
378
327
337
435
494
561
513
475
343
363
517
474
385
303
295
256
267
243
201
311
307
95
-39
-182
-396
-267
-266
-463
-503
-564
-770
-592
-534
-525
-407
-350
-528
-479
-339
-326
-209
-260
-346
-288
-105
-183
-330
-310
-320
-197
-334
-481
-374
-331
-194
-178
-189
-126
1
131
100
41
27
213
323
284
309
376
425
556
570
491
545
547
594
550
481
455
224
308
482
374
250
256
207
126
197
110
-27
112
160
160
115
125
305
179
99
100
-82
-82
107
21
-303
-249
-131
-253
-243
-355
-495
-512
-398
-319
-584
-761
-755
-589
-475
-307
-423
-848
-539
-134
-12
-24
-113
-166
-124
114
254
80
-3
291
398
298
276
228
273
256
243
341
300
114
249
453
187
14
158
248
280
210
111
54
46
129
148
112
41
-64
-69
-74
-193
-239
18
48
-307
-465
-409
-454
-435
-253
-282
-543
-590
-339
-367
-469
-411
-435
-412
-291
-173
-214
-295
-343
-313
-72
83
33
56
164
202
212
339
396
197
284
474
500
516
543
546
603
687
585
431
410
431
516
549
462
347
342
543
449
262
223
124
148
255
171
21
-22
-33
-16
52
-21
-197
-145
-102
-127
-334
-385
-244
-329
-338
-390
-558
-589
-607
-484
-382
-369
-359
-357
-342
-292
-245
-302
-221
-156
-278
-301
-150
-70
-75
-57
-106
-43
6
28
205
128
90
191
239
189
295
370
348
338
373
359
310
408
512
406
218
342
336
257
421
324
119
149
99
-43
52
39
-207
-128
-70
-257
-215
-189
-335
-328
-122
-263
-379
-165
-204
-439
-362
-242
-346
-236
-115
-224
-254
-198
-265
-258
-178
-196
-256
-227
-225
-217
-118
-45
-215
-196
-20
-142
-70
-20
-87
-4
98
88
27
216
298
227
326
394
441
420
490
352
251
360
246
121
328
382
131
80
202
178
183
311
301
206
233
228
281
295
308
198
63
165
202
212
127
99
-91
-91
0
-223
-308
-259
-242
-215
-274
-308
-311
-213
-283
-217
-225
-413
-279
-47
-195
-296
-88
-177
-245
-58
-114
-188
0
-111
-307
-71
-69
-177
-63
-83
-55
17
-80
-178
-125
-111
20
141
51
-3
-110
-23
136
9
14
132
116
192
262
218
166
399
395
263
316
219
158
342
498
261
159
306
137
-69
128
90
-165
2
82
-128
-115
-50
-87
-44
-41
-205
-182
-157
-435
-472
-328
-307
-365
-435
-339
-416
-356
-218
-269
-292
-221
-197
-385
-357
-216
-235
-333
-258
-33
-105
-80
24
-282
-226
47
-57
-8
122
-87
-146
136
99
-24
155
244
254
310
277
300
508
544
498
445
374
427
496
467
330
266
276
321
324
285
240
1
-19
53
-77
-63
-44
-156
-116
18
-52
-248
-267
-241
-243
-176
-169
-331
-391
-338
-212
-258
-404
-258
-192
-143
-166
-175
-217
-183
-33
-47
-34
-1
-34
144
227
168
174
236
363
308
339
321
322
408
461
536
425
442
517
521
553
543
536
478
457
381
403
398
305
243
230
191
188
195
192
103
59
-9
-77
-126
-177
-209
-262
-319
-381
-484
-573
-524
-537
-658
-686
-766
-722
-534
-542
-555
-563
-466
-425
-450
-348
-250
-245
-138
-130
-202
-150
-34
1
158
74
-58
96
132
168
181
146
50
153
279
158
108
228
267
207
215
241
239
262
355
331
252
256
193
179
152
69
32
57
29
-71
-56
-90
-113
-167
-209
-194
-213
-222
-256
-361
-409
-391
-373
-376
-410
-464
-383
-286
-335
-385
-367
-369
-335
-333
-380
-366
-300
-144
-106
-167
-164
-46
50
157
141
134
199
236
258
240
246
320
379
370
422
434
365
416
442
338
268
341
460
481
429
381
415
393
384
305
215
203
170
203
196
184
120
64
129
70
68
139
134
12
-99
-165
-191
-216
-252
-352
-359
-356
-315
-255
-288
-315
-257
-207
-193
-196
-126
-26
68
57
-86
5
155
126
98
139
229
202
241
127
107
187
182
105
9
41
4
-2
77
-5
-186
-101
-19
22
50
24
45
35
21
14
47
89
35
85
87
31
87
159
77
-75
-133
-108
-28
-36
-69
-129
-226
-228
-191
-243
-308
-242
-212
-287
-290
-282
-342
-308
-219
-167
-208
-211
-217
-178
-157
-154
-119
-109
-109
-39
67
21
-38
-80
-36
-36
-102
-47
3
3
-44
54
44
-28
-66
-18
-4
33
67
75
83
52
47
3
33
76
132
106
103
96
136
164
137
206
218
156
143
236
266
263
256
231
208
234
261
252
232
229
231
250
230
211
118
122
180
130
131
108
93
47
10
20
7
-28
-59
-28
-5
-77
-171
-157
-157
-166
-164
-183
-260
-259
-179
-96
-34
-116
-129
-98
-74
-98
-113
22
132
161
83
69
41
7
86
130
73
22
101
142
81
52
28
4
34
18
21
30
73
80
106
63
17
17
-26
-24
19
-1
51
60
15
-16
-89
-174
-314
-263
-228
-192
-219
-296
-284
-345
-365
-377
-380
-326
-321
-258
-217
-255
-354
-322
-275
-210
-132
-197
-176
-123
-137
-166
-114
-48
25
104
44
-16
-29
-43
100
90
21
84
176
178
157
143
115
209
254
304
371
251
325
388
445
367
285
317
269
235
235
257
185
236
338
308
192
159
184
242
159
85
105
94
36
-71
-62
-108
-84
-38
-90
-130
-201
-182
-128
-115
-156
-165
-200
-336
-361
-278
-274
-244
-240
-241
-212
-199
-215
-195
-104
-18
67
122
103
192
271
297
266
264
205
192
307
282
241
272
255
162
183
162
106
26
-5
24
48
4
-48
-113
-243
-234
-233
-180
-162
-168
-188
-246
-230
-214
-236
-226
-260
-256
-170
-143
-160
-155
-134
-241
-218
-176
-222
-227
-202
-147
-103
-133
-185
-182
-136
-126
-93
-76
-30
-8
6
1
26
93
216
287
243
196
212
245
235
269
229
278
343
339
282
308
279
239
240
222
191
113
104
139
150
200
210
189
129
92
58
90
108
82
103
93
50
35
-7
-14
-48
0
17
-67
-78
-108
-82
-86
-101
-151
-248
-280
-335
-355
-307
-259
-193
-146
-164
-237
-236
-228
-209
-176
-87
-27
12
70
57
28
90
121
109
101
125
247
278
192
86
53
42
68
54
-10
21
66
110
106
18
-52
-10
10
-49
-75
-61
-20
50
9
-34
-79
-71
-62
-80
-35
-30
-9
30
44
-33
-23
-57
-28
101
90
19
-18
55
55
80
85
23
14
11
12
-18
-119
-126
-130
-139
-129
-163
-107
-115
-116
-106
-141
-195
-194
-136
-167
-73
21
53
13
-2
-16
-21
35
17
72
183
168
164
141
89
93
146
202
109
-6
-46
-26
-3
-1
61
1
-31
-63
-67
-63
-3
6
-64
-51
-16
112
101
106
141
104
90
133
131
118
83
57
34
34
2
28
13
-67
-99
-130
-178
-227
-181
-163
-107
-138
-145
-171
-199
-187
-106
-87
-124
-63
-50
-2
33
63
1
24
127
125
105
92
106
109
92
48
45
28
-45
-27
-84
-131
-59
-79
-85
-44
-3
58
119
95
121
119
47
-2
36
97
121
165
141
139
139
149
130
120
88
29
36
69
-8
-2
23
-13
-119
-181
-118
-146
-140
-115
-101
-187
-155
-77
-56
-59
-65
31
15
30
-12
7
105
161
166
178
133
93
90
96
38
-20
14
89
154
150
33
-6
12
-3
-20
-5
14
26
80
131
77
83
19
8
21
-6
74
67
88
97
99
85
-2
-15
-57
-16
-12
-127
-76
-46
-59
-105
-153
-218
-215
-177
-154
-70
-72
-81
-115
-173
-214
-179
-149
-146
-99
-103
-63
-17
-11
-119
-94
-45
-55
-29
-14
56
65
104
110
89
59
91
147
144
149
116
125
134
133
121
99
131
171
118
63
49
84
152
156
98
27
37
45
-51
-75
-72
-52
-70
-117
-144
-160
-124
-77
-79
-72
-95
-99
-143
-139
-71
-62
-33
-62
-80
-105
-139
-158
-168
-165
-135
-51
-77
-120
-122
-153
-153
-135
-95
-100
-56
40
67
39
24
20
130
110
110
146
161
159
95
62
83
54
74
147
173
167
145
214
152
121
123
92
118
100
123
73
28
29
-36
-45
-55
-29
60
74
107
123
26
-26
54
54
77
113
58
-6
-10
3
-6
-95
-99
-70
-40
-37
-51
-53
-72
-149
-175
-261
-246
-219
-220
-153
-144
-57
-108
-136
-115
-49
-29
