32
0
10
33
35
45
43
68
63
38
31
17
26
34
-8
41
64
50
40
37
33
45
71
39
19
45
69
56
-11
-11
-31
-91
-71
-46
-59
-32
-12
11
13
20
-21
-33
-37
-46
-25
11
20
22
18
-14
-56
-95
-81
-133
-151
-148
-123
-143
-111
-134
-169
-194
-162
-137
-113
-111
-72
-96
-113
-91
-137
-128
-94
-60
-25
12
1
-19
-43
-43
-46
-38
-1
14
42
92
73
87
9
-16
9
27
18
31
31
5
2
-6
-39
12
55
25
36
30
34
-1
-26
-8
24
37
67
73
58
54
3
-15
16
46
71
91
66
75
63
55
54
12
41
68
118
79
55
64
64
93
78
77
144
130
112
102
62
50
36
58
64
53
62
71
41
39
55
-13
-42
-29
0
-8
33
74
66
19
29
-5
-15
-10
-6
16
3
9
-39
-52
-26
9
-16
-36
-40
-10
-9
-2
14
-20
-11
-4
-12
9
-6
-4
-6
12
0
-29
-68
-64
-52
-83
-73
-44
-48
-71
-70
-17
-8
-12
-12
-61
-19
-25
-30
-42
-41
-57
-47
-56
-54
-48
-67
-47
-30
21
44
66
38
6
-29
-44
-27
-25
-14
-7
19
-4
-14
-20
-23
-9
16
7
9
41
50
45
23
15
5
-19
-10
-31
-26
-7
-66
-72
-41
-53
-40
-29
-43
-32
-49
-29
-15
2
-2
-4
5
-16
-57
-67
-57
-20
-44
-61
-59
-30
-8
37
37
40
47
29
26
-39
-30
-15
10
8
-31
-75
-69
-78
-8
8
-32
-38
-100
-77
-72
-53
-12
11
39
41
58
35
30
56
91
94
99
117
137
141
159
146
142
118
105
82
67
80
155
137
116
128
84
44
14
16
-6
32
72
92
92
108
61
41
20
22
54
47
75
44
79
66
43
46
48
34
46
47
25
14
14
10
0
-24
-28
-94
-114
-81
-85
-129
-115
-64
-56
-109
-136
-133
-150
-161
-147
-125
-144
-154
-178
-194
-137
-111
-71
-95
-72
-100
-112
-123
-136
-139
-140
-111
-118
-57
-77
-76
-98
-56
-53
-32
-11
4
26
12
5
-43
-30
-36
-19
-13
15
44
46
86
98
47
67
52
33
45
49
51
76
100
98
97
76
102
74
64
94
118
114
154
130
78
72
48
73
74
100
91
135
109
88
91
43
24
18
14
-25
-23
-43
-27
-51
-46
-38
-48
-29
-84
-85
-77
-37
-19
19
28
-45
-72
-86
-69
-45
14
-2
37
45
1
-51
-89
-68
-30
8
48
45
52
12
6
-6
6
52
76
66
55
92
89
50
-10
29
41
5
22
75
87
92
92
51
34
64
64
96
111
93
50
-25
-46
-81
-105
-106
-91
-94
-65
-59
-98
-137
-161
-129
-104
-104
-92
-70
-54
-2
-19
-42
-74
-41
30
14
20
32
7
14
20
-22
1
49
75
85
67
56
27
15
18
15
3
-5
-10
-2
8
-12
-26
-20
10
20
6
12
15
9
24
23
-16
1
20
101
102
88
75
77
39
62
43
21
59
83
87
16
0
12
-46
-64
-67
-52
-42
-51
-28
-52
-72
-92
-126
-111
-82
-93
-92
-107
-73
-81
-80
-80
-88
-35
-25
-39
-31
-81
-71
-83
-92
-65
-94
-39
-26
-56
-12
-36
-66
-72
-92
-59
-76
-76
-67
-78
-68
-52
-30
11
-6
-36
-37
-7
28
35
63
48
20
-10
-11
17
54
82
99
87
65
103
101
71
70
79
69
83
120
124
131
94
106
114
123
121
123
145
146
169
104
95
98
110
130
144
143
93
65
3
14
44
67
114
106
81
34
-13
1
-10
-3
19
19
10
-4
40
25
-32
-38
-3
33
22
-24
9
-14
-55
-53
-63
-78
-64
-47
-29
-44
-70
-83
-105
-113
-173
-161
-141
-121
-112
-138
-174
-184
-149
-141
-127
-105
-74
-69
-48
-54
-89
-118
-91
-100
-75
-38
-41
-37
-12
6
9
-10
-69
-47
-29
-10
-4
34
30
11
15
5
-25
-30
-11
-16
29
52
66
83
47
30
30
35
45
53
52
73
68
28
5
-5
46
52
40
19
1
11
1
15
-22
15
65
72
41
-5
-24
25
50
32
48
53
75
118
87
41
48
63
59
45
68
77
59
87
76
24
9
37
76
62
1
13
-23
-12
19
-30
-58
-69
-26
-53
-60
-76
-35
-23
-46
-29
-58
-55
-57
-39
-42
-20
-39
-18
-48
-37
6
12
34
8
14
0
-7
-12
2
32
4
-14
11
24
17
21
6
-16
1
-15
0
46
53
13
34
-16
-4
5
-1
59
94
103
55
24
-1
12
19
65
64
67
49
22
32
26
5
0
4
-1
59
62
22
61
47
-21
-48
-64
-63
-40
-2
11
44
42
54
6
-54
-20
-14
-45
-41
-46
-93
-86
-97
-82
-41
-26
-14
2
-19
-80
-87
-104
-123
-31
1
-56
-31
-15
-37
-83
-101
-62
-35
-42
-49
-48
-31
-64
-88
-59
-85
-91
-45
-57
-63
-94
-85
-79
-95
-53
-24
-30
-25
-8
-62
-39
-40
-66
-104
-154
-102
-34
-16
96
84
33
47
-17
-6
-31
-27
19
47
61
31
5
-7
-35
-62
40
97
120
112
100
135
62
17
39
50
97
111
111
92
35
55
41
29
15
26
115
97
101
82
85
74
65
91
128
129
131
110
79
74
81
101
73
51
73
65
47
94
57
64
110
46
-61
-54
-15
-2
7
-35
-25
30
64
66
46
-31
-28
9
-14
-40
-75
-119
-87
-58
-18
-34
-51
-10
-3
9
-33
-55
-24
8
87
85
50
59
37
40
38
-21
32
103
66
67
65
3
40
18
21
49
29
75
83
83
-35
-26
-12
-45
-8
-21
-15
-2
-9
-68
-80
-111
-133
-34
29
-22
-23
-64
-86
-93
-129
-125
-68
-111
-143
-124
-148
-130
-68
-93
-114
-122
-129
-129
-94
-85
-133
-140
-137
-183
-156
-47
-154
-149
-118
-156
-124
-159
-198
-129
-105
-61
-6
-59
-26
-22
-31
-23
-20
-15
39
94
14
-20
17
27
33
84
10
29
134
114
117
91
24
32
28
45
133
121
168
160
85
108
86
99
91
67
65
98
163
149
80
40
-35
-25
33
122
88
88
127
-12
-92
-54
75
40
100
-4
-32
-20
38
181
147
135
-8
-5
-21
62
-25
-44
-21
-9
-26
-51
6
6
-2
-5
47
-33
97
83
15
73
9
-32
98
12
10
64
-39
-15
-5
86
57
106
23
-30
-17
91
107
63
8
-2
-6
-34
23
-28
71
131
109
1
-106
-155
-93
65
74
-5
-58
-3
26
73
-84
-39
-61
-18
-59
-98
-54
-53
74
-22
-194
-78
20
2
35
-112
-216
-84
-64
-90
72
-60
-57
-8
-122
-44
-45
-12
-30
-107
-127
-163
-101
-52
-62
-86
-51
14
-54
-84
-60
-26
15
5
-48
52
-40
45
155
108
17
2
-24
-16
20
-92
-69
-9
-21
66
45
25
6
-27
-24
-93
67
5
-34
28
-124
-108
160
139
100
117
-8
-57
134
128
2
122
137
37
142
39
30
258
161
56
97
-64
-55
86
108
-30
44
76
-108
32
-77
-75
61
77
-110
-105
-54
-110
38
73
22
-10
-16
22
143
49
92
19
-73
-41
-19
-64
-93
-85
34
55
64
-29
-121
-73
20
-14
16
4
-18
32
-132
-65
-39
4
148
111
-60
-40
-56
68
-9
19
7
-76
-120
-67
-32
-8
-99
-74
-48
-95
-3
-40
-14
58
-20
-92
-53
-20
148
107
64
-70
-128
-86
12
-36
-133
-2
25
-43
68
-163
-189
28
-112
7
-80
-17
16
-3
106
31
-26
-25
-51
-14
-49
-189
-110
-21
-13
42
40
-27
-23
20
117
74
176
146
141
57
6
23
128
67
67
106
14
101
92
168
138
-9
83
182
172
285
207
9
109
117
151
130
63
-184
-112
-24
-45
97
75
-62
40
-40
-82
28
97
-5
32
-115
-268
-8
17
-83
-46
-176
-224
-117
-139
-75
-140
-234
-249
-134
-158
-53
-100
-27
-62
-59
-149
32
-21
-1
91
-120
-60
-102
-55
60
-115
-112
29
-130
34
52
-54
103
102
85
19
-13
22
120
76
30
-23
-79
5
93
197
142
82
-151
27
47
154
221
129
200
163
-8
190
71
31
283
8
151
129
-94
-55
118
87
86
58
-201
-300
-197
-68
66
182
-18
-207
-77
-75
10
229
9
-130
-41
-112
-5
63
-71
-164
-142
-12
16
248
47
-54
19
48
-27
138
23
-57
121
14
-42
87
124
-61
115
-49
-76
108
144
34
57
-64
-53
-2
-57
246
163
173
-9
-71
13
91
202
155
-16
-126
-136
-37
90
229
45
24
-41
-212
-286
-49
-73
96
115
-192
-229
-165
-174
0
-48
-181
-92
-78
-101
-283
-64
-305
-146
-78
-396
-344
62
-96
-67
-161
-342
-352
94
114
-62
-108
-254
-253
-6
143
127
83
-189
-378
-61
157
46
138
-93
-67
148
128
-36
23
-28
175
266
342
-35
-156
29
49
288
370
119
-34
163
-87
58
126
-7
270
301
186
172
128
174
240
239
129
62
70
148
209
136
175
45
-62
96
217
119
337
14
-222
-104
-52
68
124
74
-179
-10
-68
49
126
-107
-289
-176
-143
-301
75
-78
-304
14
-276
-450
64
-51
-183
69
-67
-275
-168
-220
-363
59
345
-113
-17
-154
-363
90
-208
-20
341
133
-3
-69
-393
-85
194
269
325
-264
157
22
198
121
88
-15
68
152
76
169
60
9
22
-33
-166
190
128
219
186
-119
-93
144
27
133
-65
162
-56
-7
226
-154
136
122
-48
36
57
88
63
2
92
182
36
-63
-208
-60
-33
206
58
-142
-239
-189
24
-26
386
-213
-126
-12
-368
-127
177
10
-81
-70
-347
-183
1
30
-153
-48
-84
51
218
-75
-11
-117
-262
-80
9
-221
382
-66
-285
105
-32
41
190
48
-351
-35
63
138
-45
185
-152
-134
-11
-89
116
251
43
-1
33
-123
97
467
64
132
-197
-235
94
228
143
-33
-59
-227
98
-221
154
-241
-10
78
-161
-70
268
-2
55
-18
-257
144
-38
-56
63
-101
-166
106
-175
-4
-172
-216
84
127
2
154
-90
-235
90
-113
148
238
130
-89
120
-29
-344
138
70
148
15
-110
-159
-63
191
88
-214
171
-213
247
59
-92
-13
-93
60
123
-43
190
572
78
-44
-249
-22
-240
680
496
-240
312
-223
-184
338
121
-205
38
-84
-77
77
-102
-180
551
251
140
35
-347
88
331
-50
136
53
-144
199
97
-73
35
76
28
-355
18
-37
-201
354
-413
-15
-326
132
254
12
65
-211
-143
-191
-267
73
-71
-296
51
-305
97
-124
-284
4
-169
-54
127
-205
45
121
-205
-236
-611
-331
-58
382
-75
-402
-177
-264
229
-259
-161
-216
393
546
7
-427
-464
119
434
98
-8
139
-231
406
-181
-356
60
287
172
361
-67
-567
176
341
-100
211
195
-453
534
239
-83
277
-80
6
-24
348
122
137
249
-235
-163
258
-43
-134
412
180
37
250
-39
-626
252
303
56
421
-323
-345
204
129
258
32
-317
42
-40
234
309
-151
99
-29
108
-18
-1
-89
296
-226
-330
-14
-362
247
271
11
-244
-186
-423
-105
345
-253
55
164
33
-345
102
-86
-50
146
165
-221
137
203
-315
516
49
-97
197
45
138
-145
-63
60
61
174
-81
-554
144
-156
441
550
-358
-96
-416
-263
169
390
288
381
-33
-451
-133
196
-73
696
15
-130
-135
-274
-360
180
198
-224
-86
-45
88
-140
-93
-244
-167
59
92
259
-224
-331
-29
-230
-12
144
48
-296
675
-407
-340
277
-384
-433
35
-111
-136
450
-472
12
-174
-63
214
-347
201
132
-83
433
33
-556
108
-252
31
452
-49
-115
20
-418
-127
143
223
309
-33
20
-301
-334
10
231
206
159
146
-314
82
113
-257
421
-71
-219
221
370
114
433
-117
-464
19
100
-4
384
72
-518
164
-106
-55
491
322
83
479
-372
-476
68
173
146
187
-194
-745
211
154
-131
-401
-46
-376
620
291
-468
-20
-117
-109
189
108
-316
225
467
12
270
-28
-556
579
-149
-50
269
86
-97
89
79
-283
-386
18
442
-42
468
-570
-265
340
-51
239
602
-75
-99
417
-539
158
213
-112
188
-72
372
-93
343
-102
-263
-126
-93
-198
137
277
-106
-326
-164
43
-319
464
245
-432
-46
-40
-98
420
137
6
-255
175
-302
139
-51
-36
257
79
-408
-422
52
40
194
295
-225
-460
277
-55
-312
287
-335
-449
-3
-246
284
-346
153
62
-119
-176
220
-185
-27
33
-64
-278
33
126
-311
72
294
-35
119
217
-51
90
54
273
9
-41
-25
23
153
283
-165
-22
-82
-229
324
-192
-69
89
-196
250
291
-554
79
476
-140
458
-243
-311
362
181
-208
444
-321
-364
510
-400
-329
408
-217
125
646
-360
-327
138
-137
-21
407
85
-88
108
-242
-175
-4
-74
186
115
179
-360
-175
117
-461
325
-94
-227
199
332
-680
708
-322
-290
84
-68
271
-499
733
-374
-452
34
35
-181
528
-424
-383
326
44
68
147
-23
-350
180
-143
35
400
-331
372
243
-684
374
-68
-212
529
487
-48
7
-160
-57
71
737
162
-507
209
133
-382
689
370
-392
531
-134
-318
455
424
-297
553
-138
-337
292
55
179
73
-309
-244
-203
39
294
29
-40
172
-221
-239
15
-400
-235
28
156
-423
-131
-134
-160
-278
221
67
-138
-68
-180
-275
-166
422
-203
-120
321
-357
106
26
-348
-232
153
-6
-102
-352
-498
-152
197
96
-327
-205
131
-149
222
-149
-491
-107
476
-425
-98
68
-347
321
379
-225
-304
509
-143
292
183
-356
96
213
-116
54
386
-213
-12
302
-362
176
131
38
175
338
-296
-142
104
169
178
247
56
-136
317
117
-47
650
75
-188
241
-62
-192
680
115
-282
268
113
-352
304
437
-154
-144
51
-309
-109
198
132
81
-23
17
-382
188
454
-63
-171
12
-139
149
-150
-183
195
-7
346
623
-442
-519
198
-758
444
108
37
126
-5
56
-264
518
78
98
-479
-148
43
29
215
-97
-64
-655
248
192
91
259
54
-496
172
466
138
233
42
-56
-71
-178
-193
455
-74
199
-26
-125
-244
172
-103
-187
71
-89
-597
18
-197
-307
497
179
-546
-17
-243
-4
166
-211
186
197
-501
4
51
-504
15
91
-376
177
120
-495
-282
-291
-18
-13
292
294
-19
-311
-408
74
142
-84
426
-57
-205
263
-36
-220
152
-199
-146
147
-129
50
-9
-37
-16
387
-191
300
194
-260
128
123
125
-220
329
-133
-408
-4
-83
-229
-112
264
20
13
55
21
345
-130
34
-251
-363
201
229
49
-91
-181
-315
189
450
88
-459
-177
-56
93
218
311
-49
-518
101
-249
81
242
220
-75
-93
-72
55
473
202
71
-93
-5
327
309
82
10
-38
251
261
-66
-144
14
102
317
-388
-133
255
48
469
-221
-120
-161
115
-170
216
-90
-208
-6
-92
98
-17
151
-192
60
56
-345
-47
-14
-264
199
16
-9
-67
70
-1
231
147
271
222
150
88
-142
152
351
348
233
91
71
108
172
-23
54
51
181
53
109
-113
-92
159
24
-107
-235
-130
-168
125
222
-281
-187
16
-40
-228
-351
-331
-229
5
-294
-369
-545
-760
-133
-524
-330
-550
-631
-382
-239
-560
-451
-199
-299
-9
240
211
-111
198
219
240
641
607
692
1020
1033
1046
1067
1194
957
894
877
449
708
361
237
118
170
90
21
-36
-340
-510
-469
-625
-1002
-496
-1065
-672
-1262
-1342
-1275
-1028
-1177
-1222
-1199
-1467
-1232
-1355
-970
-985
-665
-718
-428
-141
-479
-206
-93
642
1218
1623
1893
1827
2086
2292
1930
1756
1515
1279
1259
938
882
752
1018
1207
1301
1410
1099
787
563
-123
-330
-430
-932
-1081
-762
-1099
-960
-712
-1252
-1289
-1347
-1447
-1614
-1539
-2002
-1820
-1099
-1536
-1504
-1428
-1557
-1215
-1274
-1088
-1428
-988
-709
-810
-675
83
825
1590
2400
2203
2652
3165
3355
2946
2597
2052
1917
1599
1386
1133
1025
1478
1558
1661
1457
1219
861
655
13
-583
-877
-1146
-556
-584
-890
-1029
-856
-989
-1502
-1703
-2469
-2562
-2093
-2569
-2530
-2122
-2207
-1971
-1489
-1664
-2036
-1663
-1952
-2072
-1829
-2107
-1821
-1288
-1062
-911
223
1439
2347
2852
3117
3439
4384
4456
3704
3266
2476
2189
2018
1645
1140
1286
1722
1542
1998
1557
838
707
388
-470
-1450
-1455
-1654
-986
-452
-736
-866
-588
-1069
-1615
-1923
-2862
-3186
-2995
-3078
-3045
-2673
-2470
-1810
-1262
-1475
-1866
-1905
-2249
-2326
-2339
-2387
-2169
-1681
-1401
-1134
569
1785
2825
3670
3976
4910
5924
5702
4787
4311
3297
2853
2537
1782
1262
1443
1613
1583
1728
1107
891
381
90
-1174
-2111
-2070
-1900
-726
-367
-396
-129
317
-346
-1403
-2102
-3236
-3194
-3282
-3629
-3419
-2900
-2394
-1543
-1214
-1561
-1717
-1854
-1852
-2205
-2587
-2785
-2495
-2020
-1726
-1722
449
2107
3400
4683
4622
5899
7637
7483
6065
5442
3470
2632
2020
474
-505
-375
284
104
751
-244
-1133
-1387
-1348
-2676
-3729
-3114
-3014
-762
475
363
724
1321
255
-792
-1796
-4284
-4420
-4362
-4859
-4419
-3682
-2846
-1798
-909
-1648
-1996
-2058
-2204
-2228
-2723
-2987
-2948
-2241
-2123
-2151
841
2492
4351
6273
6169
7765
10111
9340
6989
5802
3039
1564
549
-1647
-3158
-2702
-1660
-1436
-336
-1479
-2076
-1843
-1842
-3284
-4286
-2888
-1872
1684
3623
3990
4583
4631
3253
691
-1426
-4984
-5846
-5970
-6450
-5696
-4539
-2864
-1278
209
-381
-971
-1073
-1429
-1581
-2479
-3118
-3405
-2796
-2925
-2350
2106
3735
6635
8141
7686
10599
12681
9891
6813
4417
36
-1205
-3477
-6387
-7189
-5214
-3693
-2307
-749
-2552
-2441
-2036
-1781
-3832
-3432
-865
1769
6559
7481
7195
6889
6426
2864
-1031
-4387
-8713
-8490
-8809
-9029
-7328
-5010
-2555
-228
1010
-218
174
264
-209
-644
-1932
-3271
-3724
-3236
-4193
-4026
1812
4434
7516
10053
8576
11589
14797
10678
5969
2673
-3333
-4881
-6409
-9670
-9878
-6004
-2941
-745
856
-1803
-2234
-1538
-1178
-2891
-2414
1140
4594
9467
10104
8137
6253
4752
606
-4544
-7643
-11647
-10460
-8150
-7738
-5193
-1854
354
1950
2915
784
951
1748
940
614
-1444
-3807
-4976
-4599
-6569
-4585
3059
5098
10223
11852
9705
14738
16247
8923
4092
-1006
-7475
-7346
-9328
-12200
-9907
-4305
-1297
1896
1907
-1981
-1684
-664
-310
-2128
54
4506
8632
12158
9756
6133
3205
1080
-4413
-9708
-11748
-12978
-8553
-5454
-3765
-1422
1707
3514
3319
2456
-477
-68
1286
984
-296
-2983
-5369
-7225
-7409
-9838
-7451
2966
5722
11073
12737
10081
16242
17768
8088
2563
-2677
-9471
-7313
-9430
-13237
-10076
-3386
-636
2457
891
-3729
-1299
212
1268
-226
2349
7602
12053
13301
8093
2787
-1279
-2097
-7548
-12694
-12910
-12438
-5801
-1349
-1164
743
4027
4422
3186
1641
-2235
-492
1465
275
-470
-3742
-6717
-8248
-9104
-10413
-8684
2677
7261
11488
14535
11054
16519
19566
9784
2539
-1747
-8922
-7814
-8965
-13901
-11848
-4637
-1506
779
1119
-3533
-428
2639
3744
2861
4570
9589
13101
13715
6738
965
-3694
-4782
-8782
-14263
-13507
-11844
-4978
-402
822
2369
4708
6109
3914
2021
-669
-633
1210
88
-2063
-4578
-7441
-9744
-10746
-10631
-10137
1857
8956
10831
16334
12565
15364
20923
11975
2010
-767
-8386
-9458
-8916
-15190
-14583
-7103
-2734
-1127
1143
-2278
-155
4300
5233
4633
5149
10335
12642
12486
5718
-1363
-5494
-7077
-9354
-15517
-14550
-11891
-5426
536
1269
3494
5834
7930
5119
2647
344
-1089
313
-1411
-4245
-5792
-8003
-10285
-11071
-9813
-10409
845
11002
10609
17072
13715
13458
21570
14215
1568
-212
-7245
-10555
-8603
-14922
-16629
-9133
-3348
-2184
1706
-388
919
6428
7940
6959
5834
10364
12082
11134
5230
-3579
-7673
-8848
-10115
-15750
-15459
-11448
-6133
1977
2920
4998
8072
9853
7005
3497
897
-2035
-1079
-3192
-5981
-6651
-8466
-9989
-10849
-9534
-9397
-804
12979
12125
17057
16144
12736
21237
16897
1702
-1181
-6615
-12560
-9767
-15943
-18558
-12035
-3832
-2264
2137
2185
2930
9232
10273
9508
6502
9846
11759
9446
3439
-4985
-10303
-11287
-11241
-15560
-16079
-10252
-4884
3059
7101
7673
10129
11860
7633
2216
1005
-5132
-4755
-5137
-9335
-7641
-7906
-10097
-9393
-7969
-8446
-1916
13103
13750
15993
17857
11042
19312
19284
2664
-2133
-5772
-14567
-11536
-15864
-20483
-14577
-5180
-1472
2829
5548
4684
11464
12449
11187
6689
7396
9797
7052
1492
-7652
-12172
-14398
-12396
-14747
-16687
-9851
-4176
4054
9462
10744
12792
13369
9987
2295
-761
-6048
-8719
-8652
-10851
-9696
-7726
-8107
-7773
-6383
-5788
-4457
9257
18482
14984
20306
13158
13219
22702
9071
-4252
-4342
-14330
-16331
-13791
-21363
-19388
-7705
-203
3039
9939
7454
11747
15559
12674
8229
4055
6767
4646
1547
-7320
-13491
-15886
-14646
-12690
-16434
-11292
-3118
3948
12796
14061
14814
15003
11003
3511
-2844
-8000
-12689
-11624
-12103
-10062
-7016
-6191
-4985
-4566
-3891
-4523
3221
18682
16582
18366
16545
9176
20384
15816
-2994
-6220
-12393
-20211
-15029
-19270
-22373
-11346
660
4268
11452
11812
10766
16665
13594
8629
1491
2292
2506
-150
-6321
-14541
-17006
-16105
-11923
-13404
-10904
-1532
5308
13141
17257
15698
15912
11624
3398
-4357
-9049
-14199
-13515
-12507
-10807
-5433
-4096
-2318
-1813
-2613
-2469
-1991
10811
21679
16223
19688
11709
10317
21556
6073
-9116
-9705
-19357
-20850
-15210
-21327
-17952
-2160
6507
10392
16736
12263
14129
16444
10284
2856
-2782
-630
-1909
-4745
-12419
-17504
-17213
-13209
-9271
-8914
-2744
6330
12012
18146
17406
13659
10711
3378
-4020
-10351
-14360
-16464
-12364
-9624
-5400
-1693
-1474
352
-1458
-2141
-3448
2535
20429
17272
15815
14961
4706
17395
14860
-7004
-10538
-15203
-22427
-14974
-16539
-20241
-6711
7496
10573
16437
15188
11363
15879
10978
2850
-5516
-4729
-2421
-4876
-9449
-16675
-16967
-13262
-7458
-5588
-2507
6501
12579
17559
16668
13704
9936
1776
-2746
-12711
-15960
-14020
-14630
-8478
-3921
-1893
1589
3718
-490
-1485
-2343
-5112
12741
21464
12589
16906
7340
7137
21103
3400
-12433
-11158
-20480
-19172
-12787
-19249
-13737
3726
12119
14643
17800
12171
13298
13563
4793
-3926
-9054
-4568
-4133
-7104
-12927
-16446
-12524
-7488
-2223
-1353
3816
12168
15180
17188
13383
9623
3315
-3008
-10171
-16495
-15743
-15559
-10024
-5310
-983
2233
4735
4257
124
-2202
-4475
-2712
14149
18612
10946
15370
4792
10152
20451
-1948
-12101
-12442
-21858
-16261
-12935
-17354
-7838
8458
14462
15758
16546
9675
11659
8389
-428
-7850
-10565
-4240
-4415
-7637
-12738
-13498
-10303
-4488
520
1158
7366
13948
15585
14383
10200
4245
-2887
-6656
-14485
-18337
-14199
-12814
-6246
-661
1406
5240
7734
2979
-1530
-3663
-6838
-2533
14735
14723
11473
15554
3255
13260
18454
-5467
-11077
-12863
-21826
-13544
-12393
-14737
-3338
10155
14216
14220
14061
8131
9905
5441
-2861
-9291
-9924
-3437
-5376
-7303
-10705
-11747
-7315
-1752
2906
3403
9678
14279
13289
11933
6002
-168
-5642
-10395
-16221
-16643
-11792
-8883
-2469
1769
4324
7630
6133
771
-4057
-4634
-7788
736
17553
11294
14358
12558
2052
18559
12203
-10773
-8634
-15678
-19706
-9494
-12570
-10698
1675
12814
12231
13832
11363
6574
8961
1870
-4875
-11005
-7539
-3530
-6446
-6830
-11032
-9527
-4008
1953
4705
5060
12407
13434
11196
7702
421
-4678
-9042
-12228
-17422
-13523
-9368
-5677
1452
4090
7386
8859
5140
-1955
-4801
-6647
-8639
6920
16324
10159
16020
6717
5839
21924
3461
-10938
-7757
-18231
-14385
-8781
-13308
-7752
4904
12156
10691
12920
8006
7045
6994
-1016
-7565
-11693
-4915
-3674
-4711
-6624
-10175
-5753
-716
4504
4316
7345
12108
9945
7725
1960
-2916
-7544
-11280
-13681
-15998
-10019
-5700
-1534
4647
7130
8716
8169
1790
-5113
-6302
-9309
-7146
11653
13597
11105
15632
2733
12834
19960
-4434
-8060
-10109
-18539
-10971
-10388
-12190
-5044
7598
10323
10514
11892
6079
7626
4588
-2423
-9892
-9480
-3254
-3681
-3353
-7714
-8395
-3447
1399
4953
3697
9352
10938
6530
3707
-4054
-6177
-8362
-11988
-14271
-12737
-7425
-1691
3696
6581
9155
9733
5258
-1168
-6756
-9178
-10159
1704
15047
9631
13748
8394
5367
21623
7214
-8977
-6302
-14921
-13493
-7818
-11480
-8774
2361
10073
8505
11624
8109
6425
7665
771
-6415
-11017
-4888
-2728
-3301
-4788
-9062
-5103
-62
4249
4341
5718
9280
6139
4601
-452
-4147
-6313
-10879
-10835
-11550
-9064
-3843
-33
4571
8563
8995
7011
1893
-5322
-8748
-10933
-9034
9437
13755
10823
14618
2655
12645
20485
-2608
-6539
-9100
-17442
-8543
-8944
-12273
-5320
5658
8640
9073
10471
5541
8892
6488
-1644
-8833
-9450
-2733
-3046
-2881
-7131
-8554
-2478
1602
4454
3743
7677
8821
4906
2243
-3545
-4366
-6129
-9285
-11250
-10712
-6815
-2516
3343
5655
8815
9215
4849
-1791
-8895
-10620
-12504
-1055
13897
9452
13908
10267
4760
21440
10246
-7628
-5498
-14258
-13773
-6548
-11251
-10392
80
7604
6876
9689
7520
6590
9555
2548
-4856
-9942
-5360
-1992
-3580
-4775
-9408
-5994
-671
3159
3756
4975
8938
6506
4967
554
-2426
-4104
-7875
-9396
-11788
-8624
-5298
-721
4021
6716
8882
7155
2534
-6218
-10383
-12056
-12023
5645
14387
9956
16384
6402
9324
22383
2276
-7154
-6595
-15764
-10631
-7371
-13082
-8742
2347
7041
6883
9547
7190
9492
9515
939
-6501
-9616
-2887
-2435
-4449
-6387
-9162
-4152
492
3039
2991
5795
9076
6442
3720
-205
-2817
-4425
-6000
-10799
-12141
-6864
-5078
1911
5522
5879
9165
6962
-899
-8238
-11015
-14365
-7008
12593
11435
12158
15295
3528
16925
17780
-5059
-5767
-8715
-14683
-7621
-9522
-13482
-5127
4781
5781
6846
9066
7891
11183
7523
-1682
-8404
-6922
-1087
-4173
-4981
-7731
-8061
-1685
1354
3205
3739
7746
7225
4443
2269
-1328
-2076
-4804
-7648
-11218
-9489
-6030
-2894
2756
5096
7744
8526
3765
-4623
-10865
-12204
-14446
-3447
14675
12313
16603
14045
3711
19845
13894
-7203
-4552
-11292
-15274
-7658
-13040
-14933
-4739
5371
6038
9083
10936
9971
12708
5902
-3695
-10110
-5406
-1572
-5469
-4591
-8436
-6897
-902
1501
2504
4241
8453
6458
4877
1992
-922
-1410
-4993
-9217
-11806
-9205
-5533
-1628
2277
5149
7940
7391
1419
-7020
-11486
-11911
-12352
3002
16535
12161
17263
9168
6075
21940
6368
-7648
-3835
-13466
-13007
-9305
-15539
-13496
-1272
6920
6867
11844
12307
12064
12139
2511
-7070
-9533
-2993
-3111
-5401
-5170
-8624
-4617
-274
1803
2839
6098
9039
5386
4309
1361
-443
-1681
-6954
-10622
-11193
-7922
-4641
-1196
2027
5502
7991
5242
-1449
-8244
-11715
-11499
-10118
6263
18246
13847
17336
6734
7821
22684
3023
-6786
-4475
-15967
-12836
-12306
-17978
-13124
1114
8983
8822
15063
13000
12833
10734
-1434
-9123
-9273
-2254
-3715
-4561
-5620
-8871
-3716
-1203
1420
2526
7192
9132
5273
4816
922
43
-2897
-8923
-11246
-11242
-6522
-3999
-947
2883
6183
7703
3893
-2913
-9035
-10428
-10092
-8236
8864
20060
14741
17288
6142
8348
22452
1734
-6371
-5568
-16672
-13527
-13572
-18110
-12885
3136
10790
10487
16621
12613
12040
8750
-3443
-9670
-8803
-1696
-3750
-3928
-6445
-8702
-4136
-2277
1197
1965
7771
8750
5567
5868
1359
-157
-4730
-9824
-11161
-10530
-5815
-4290
-1528
2191
5583
5946
2554
-3458
-8901
-9451
-8786
-7520
9461
22104
13630
16020
5083
5633
22623
3134
-6805
-5227
-16148
-14792
-13496
-18291
-13767
4342
11737
10712
16941
12203
11283
7543
-4072
-9926
-8100
-475
-1867
-3500
-6435
-8357
-6113
-3229
299
2043
8389
9259
5997
5124
1496
-1102
-5292
-8603
-10664
-8206
-3795
-4559
-1652
1280
3727
5344
1940
-3273
-5214
-7081
-7096
-5197
9837
21605
12470
13607
3624
6546
22609
3175
-6152
-5545
-16199
-14847
-14578
-19221
-12548
6228
12868
11946
17297
11590
10337
5265
-6351
-10279
-7361
901
-380
-3476
-6231
-8869
-7272
-3816
-1038
2036
8111
8821
6286
5577
2017
-1641
-6207
-9244
-8648
-7320
-3704
-4594
-3001
763
2766
3687
1228
-1035
-3287
-5257
-5467
-5915
6148
21320
11721
10646
5205
3258
21868
8927
-6522
-4422
-13654
-16386
-14170
-18411
-13431
5279
14269
11531
15488
11275
7610
4633
-5560
-9197
-6073
3606
2278
-3317
-4933
-10336
-8980
-5815
-2738
1349
7217
10469
6191
6287
2679
-2263
-4828
-7805
-7036
-5920
-2506
-5174
-4196
-830
735
3559
1804
1716
-297
-2446
-4842
-7287
-2497
15925
14970
8237
10393
682
15625
19427
-4240
-5407
-10776
-19032
-13943
-16054
-14891
-947
13882
12194
11602
10841
4372
4561
-2485
-6161
-5026
3446
5867
-3010
-4239
-10804
-11628
-8590
-4826
1069
5354
11430
6941
5091
3905
-2442
-4044
-5135
-5785
-3962
-190
-4466
-5389
-2779
-2244
1978
1566
2217
1455
761
-4052
-7624
-6025
3983
17651
8539
10416
6138
4581
22678
5772
-7776
-7562
-16678
-15199
-12672
-12363
-7637
8875
13872
7670
9762
4093
3062
2383
-1656
-2191
1720
7018
-321
-4732
-8622
-12754
-10127
-6307
296
4090
9452
8937
3384
3455
-1851
-3212
-1970
-3537
-840
1398
-2157
-5380
-5474
-4228
-386
1171
2495
3026
3061
-2159
-8739
-6741
-6030
12390
17096
8651
13217
2747
14073
19010
-4131
-10746
-12580
-17173
-13606
-10487
-12190
-497
13624
8392
5555
5332
1620
5265
3538
202
872
5200
4632
-4768
-8738
-12666
-13382
-7792
-2631
2776
6882
9649
4900
-99
-1447
-2290
714
217
1749
3109
303
-2933
-8593
-7336
-4316
-742
2484
3515
5675
-108
-6252
-10464
-9400
-3068
16594
18365
10511
13682
3968
13650
15862
-10190
-12264
-10441
-15950
-9799
-10286
-9548
452
10856
2687
924
5866
4703
10152
6109
2492
1131
5533
1864
-9138
-9721
-12928
-10914
-5988
-653
2199
4823
7245
-3025
-3895
375
2559
7773
6662
4711
3175
1318
-6859
-10651
-9357
-5332
452
2164
4393
2006
-1022
-6212
-11919
-8468
-3703
14009
22884
11994
12681
2437
5536
14866
-3595
-10531
-5229
-10044
-9267
-6621
-12405
-8161
2209
797
78
9213
9641
11831
9620
1339
-547
1039
2053
-6224
-5680
-7428
-10257
-5562
-4464
-2217
-2
-702
-3954
-1298
4991
8172
11979
9193
5318
4230
-738
-7376
-11138
-8429
-5855
-916
745
-719
1135
-791
-6448
-10471
-7542
-1646
6824
22765
14581
7571
8349
-3026
9725
9552
-7131
-3129
-3548
-9973
-9322
-11985
-17218
-6765
4339
2540
10158
14405
10175
8265
2430
-2339
-2033
4556
2895
-2373
-2849
-8865
-11638
-9595
-7336
-7437
-2117
3166
2071
8618
10829
8990
9370
6411
2184
-1643
-2407
-7447
-7501
-6099
-6862
-3780
-2469
-1429
-2154
-3391
-6070
-6629
-326
2211
9737
20693
10429
7442
3233
-1154
15830
9271
-6301
-2465
-8493
-15260
-14249
-19444
-17293
1155
10444
7762
14210
10151
6288
5827
-1534
-1651
3771
12210
3893
-3162
-8518
-18543
-15744
-13776
-7873
-1310
6223
8979
5650
8117
6474
7086
7650
3865
4060
3192
173
-7022
-9815
-10767
-9681
-4764
-4694
-1071
226
-1896
-2866
-5267
-1829
205
10987
21645
8106
9307
5035
3366
18491
3901
-9574
-5782
-12845
-18428
-15556
-16686
-10136
7741
10020
5289
12266
8524
5012
5597
889
4663
11987
10614
-2979
-10415
-16059
-22229
-13645
-7658
-725
7313
8367
3084
-634
3831
4808
9316
11811
8955
8851
4946
-4309
-11468
-13186
-14007
-8402
-3198
-2769
-56
767
-3263
-6957
-6904
-3813
4272
8374
20682
17705
9064
7150
-4111
9703
10543
-8476
-6374
-9393
-15561
-10592
-11696
-13668
-1249
10303
4624
9399
10933
3987
9444
7990
4341
4987
6983
-4163
-13438
-11376
-16201
-9924
-1149
-146
1728
2122
-1045
-5627
2586
8307
11779
18291
10338
6234
1937
-6600
-12250
-11879
-9268
-6985
-2233
-5189
-5412
-5117
-7177
-6399
-3349
2248
6255
6723
14631
19214
5279
3921
-3163
-924
19417
5689
-7738
-3136
-12757
-14292
-11641
-15543
-8903
8051
10982
4563
10499
6796
6541
6641
1424
599
5280
6613
-5901
-6137
-8683
-11152
-4965
-4952
-4962
-2848
717
-1731
2720
10280
9554
13386
9569
2182
703
-607
-4495
-7271
-5580
-8778
-8263
-8227
-9572
-5875
-3737
-502
630
2129
657
2252
452
7808
13557
2151
8934
3135
9136
20924
-559
-9148
-7265
-13555
-11831
-7647
-10879
-3520
9146
2832
602
6913
1605
4772
8752
5837
6985
11780
5233
-7641
-5263
-9935
-13298
-6044
-4559
-2185
2906
1162
-4049
983
4534
2915
7631
7666
6963
7280
3565
-4030
-7777
-8213
-10194
-6885
-6421
-6469
-1425
-1605
-2902
-5981
-6848
-5149
-1469
855
10282
21347
9660
10303
3065
3141
20246
4044
-6175
298
-7726
-10791
-10689
-18200
-13384
2029
2898
283
9956
8728
9840
12173
4056
3631
7331
7210
-4022
-4977
-6299
-8816
-917
-3810
-6338
-5755
-5816
-8661
-5346
1300
5251
13576
11874
5925
6612
1654
-409
-2692
-6130
-6375
-4828
-5715
-10143
-8637
-9677
-8737
-6676
-5175
182
3330
2736
4821
15945
8656
6559
8729
3082
19825
13906
-4419
-3587
-11743
-17362
-12881
-12918
-9385
5424
11032
3538
5676
2112
-79
5062
3683
5872
10261
13401
2581
-2733
-3820
-9792
-5865
-6982
-8372
-6975
-4834
-6402
-5372
2215
2519
7551
8951
6423
10213
6918
2568
-1231
-4699
-7209
-8247
-8548
-9926
-7244
-8027
-4700
-1756
-3408
-629
-2775
377
979
11951
18890
9276
13575
4311
6132
13619
-4343
-9134
-4172
-8269
-6586
-2290
-3902
-2180
4850
-3871
-6847
1819
58
7606
10575
9568
10908
10304
2935
-6181
-3951
-6401
-6538
-4945
-6661
-6537
-6141
-9311
-9874
-1747
3935
7231
10466
7676
6868
6421
-590
-4388
-2888
-3417
-2359
-2333
-7194
-6882
-6478
-6794
-5900
-4681
-3945
-493
-655
1700
2144
9939
15617
3120
6652
270
6836
20214
4925
1788
5535
-2883
-5721
-6236
-14218
-7979
2033
-4548
-2510
5414
1459
5325
5172
2078
6566
8872
1627
-4626
122
-3737
-5069
-4543
-6666
-6150
-4021
-4391
-6873
1518
2743
-292
3617
-718
562
5622
3747
2871
2632
909
-2093
-2627
-7759
-7418
-3083
-3746
-3858
-4266
-3207
-4804
-8014
-7586
-4911
10001
18549
9018
11607
6598
11386
21923
5299
63
5338
-2557
-6406
-6959
-11541
-5281
4371
-5490
-8918
-695
-4264
1851
2851
-1279
3440
6502
1548
-3769
1914
1603
2056
3686
-2532
-2156
-2328
-6034
-10173
-8102
-3609
-3218
2383
209
2480
6212
143
29
802
1666
1540
398
-1321
-554
-459
-6201
-8747
-8089
-7951
-5590
-3916
-1757
976
12790
17576
5129
5580
452
8013
21542
9167
4580
10738
2206
-2574
-2112
-10998
-5459
2579
-7627
-11128
-4678
-11426
-7102
-2251
-5985
1958
8422
5737
3621
9845
6859
5480
5645
-1643
-3891
-3172
-5370
-10244
-5757
-3494
-6045
-2450
-5530
-4622
632
388
2217
4605
5838
2580
2268
-563
-2477
506
-1811
760
-542
-2521
-2501
-4447
-5425
-7040
-2260
5091
2091
4021
6504
8218
21457
16650
7161
10614
5494
476
878
-5994
-7973
-3410
-10538
-16615
-13963
-14673
-8254
316
-1134
2391
9068
7631
4519
6038
5741
7148
8690
1692
-1785
-2160
-5804
-8258
-7054
-6863
-7661
-5111
-5497
-3838
454
261
-1655
1464
2367
3974
8818
6951
6418
7630
5064
-301
-3391
-8269
-11780
-9624
-12523
-9398
-4188
6718
10150
6258
8575
5741
17345
20260
9708
9875
9794
-684
-3978
-5944
-12332
-7147
-7277
-13771
-11009
-6541
-6579
-1236
-1383
-2359
4083
7096
4505
3331
7155
5059
4529
2271
-2428
-1709
-1439
-3517
-5433
-3247
-5184
-6743
-6070
-8814
-3976
-123
1237
5576
6486
7505
8933
7916
4357
2349
-2123
-5402
-7234
-10203
-8255
-5609
-3719
-1808
-912
5656
9742
4252
6673
5316
10084
18460
7245
3918
4661
-1778
-2949
-2326
-6021
-3197
2049
-8587
-11682
-7465
-9739
-2826
1527
-2150
888
2976
-2291
-3532
3117
2354
2762
6284
2712
2979
1366
-2587
-5523
-3364
-3209
-4356
-818
-1120
146
1411
992
1337
1507
3900
3542
2519
-1140
-3272
-570
-1879
-2156
-3912
-1111
1316
-483
-2986
-3211
-919
4323
5159
-1431
3972
3552
9058
15592
5091
5090
7898
801
-1576
-1280
-7223
-4012
150
-8320
-7779
-3563
-7810
-3753
-4528
-7969
-2222
-1093
-2409
1816
7930
5558
3803
3336
-1444
393
2411
-2
2413
2785
-545
-1688
-2043
-5238
-3961
693
-310
-260
372
-29
1557
1265
-204
436
2562
2096
-165
-284
-3033
-4582
-6072
-7258
-4538
-4942
1972
8104
3521
6914
6293
6864
15518
9169
1320
4063
270
-3170
617
-2863
-4938
996
-6771
-13419
-7911
-10173
-5294
1298
-3242
-1669
1838
-1051
-1736
2476
4124
5820
9545
3625
2248
4512
1454
-1227
-1253
-1756
-2844
540
-4338
-3332
2415
-1933
-182
1633
338
3707
3711
257
-244
-1197
-4663
-4207
-3663
-3441
-192
-2757
-4146
-3857
-2350
-204
5972
7565
2523
5290
3164
9215
13704
4135
2009
2197
-2638
-2580
-1067
-3926
-1436
309
-9318
-10518
-7363
-8634
-667
-814
-5163
-1390
2646
175
2260
8184
4856
7408
4075
-2512
-34
1964
1958
1249
2945
-1560
-2885
-981
-3679
912
2792
2314
563
-801
-3406
-3595
-912
-3260
878
626
516
68
-1374
-2417
-4527
-5082
-6880
-1771
1183
97
7699
8097
853
3153
-850
3083
15812
10548
5751
5524
-3933
-7945
-4556
-7236
-6108
1718
-4828
-8566
-1632
-6151
-2520
2815
-829
-899
2881
671
-1130
6199
1414
-75
4415
-1054
-441
3349
2682
911
2308
-477
-3411
2701
-336
830
2153
-1251
-1286
-2686
-2136
-1725
2452
-1552
-4423
-4234
-6109
-4089
-3270
-1888
1027
2507
54
-3299
-2531
-393
4192
12761
9626
4815
3194
-1068
3485
4067
-3320
-2684
540
-1245
-1303
1423
-2114
1511
3960
-6116
-4507
-398
-719
2514
460
-7169
-5374
-1567
-5419
-1595
5064
1536
3471
2559
-2566
2052
3506
3515
4286
7126
3316
2611
2988
-3946
-46
-1908
-4618
-4342
-6454
-5931
-5679
-3310
-4724
-3000
-1262
-1870
1893
2067
3661
5678
4980
2381
913
29
-2823
-4179
-676
650
-2285
-465
-3354
3801
12221
5926
3424
4113
1112
1512
4675
9
764
5189
-5351
-10310
-6377
-7846
-356
1847
-4854
-5948
-2752
-4521
-4074
4589
2749
7760
10053
2096
3571
5164
4398
1888
4470
-274
-2326
570
-6604
-6006
-3961
-5612
-4736
-2858
-4102
-3273
3073
860
1359
4216
618
2115
1156
-1126
-106
-207
-2344
-3948
-4182
-5784
-3857
-1147
5826
8331
2666
2572
-488
5789
11523
5219
2981
2049
-370
-2554
1144
-2465
-483
3410
-6976
-8161
-6159
-6636
-1250
2883
-2367
-2785
1761
-914
-127
4568
1778
3899
7633
2919
661
1630
750
-2443
246
-1880
-3634
2817
554
-2146
-668
-3892
-4521
-2436
-2810
-1056
2187
1469
-887
-1182
-1356
-1192
-542
-130
641
2160
1713
-1534
-2535
-1900
-1061
-43
-316
4522
4816
2463
1195
-2821
5583
10370
4826
1220
-707
-2740
-1398
818
-3147
-568
2309
-5181
-5165
-3569
-2623
4715
3836
-2096
-4893
-1588
-1106
-117
3775
-1477
-642
3315
-430
164
1428
1412
1000
-338
-3691
-4766
1527
687
802
2603
-267
-1895
-3599
-3726
-767
4263
2368
-1721
-3534
-4402
-3252
-838
1396
2460
5057
2902
-265
-2204
-2719
-108
715
-843
2726
5972
2626
369
-5014
-2126
5641
2904
-326
-65
1561
3158
6066
1311
-499
5707
-128
-3149
-1072
-1658
2867
1214
-6218
-9662
-6119
-2867
-4402
579
-1453
-2787
2159
-1266
-384
3268
6183
4776
3274
2406
-128
3833
1782
-2159
-790
-2807
-4973
-6127
-5753
-1975
811
2019
539
1221
2446
2575
2341
2605
3719
3255
3094
-1230
-2546
-3096
-4692
-6509
-8302
-6114
998
5378
1561
-432
-2247
3530
9595
7342
7228
7662
6412
3887
3160
-685
-1988
341
-4848
-8155
-6821
-5983
-2789
-2540
-6540
-8077
-2865
-93
-386
4233
4547
3648
5903
2084
-1282
58
464
-572
481
-595
-2969
-2125
-3157
-3823
-362
3324
3501
3454
2832
2378
2884
1332
623
516
2301
743
-1480
-1752
-2976
-2728
-4643
-5586
-5329
-4770
-4807
-5060
-2380
-231
4450
7697
4782
2668
902
4324
10211
8738
4921
1797
391
-1995
-1569
797
-245
712
-2902
-7384
-4596
-3911
-2824
989
-2128
-4194
-2605
-1473
34
2983
3053
-901
223
-1159
-2570
449
1474
2158
2745
2248
-502
1118
2769
1113
3488
3522
5015
4539
3663
2336
248
-601
-3142
-4785
-5146
-3472
-4999
-4632
-4267
-5234
-4401
-4947
-5704
-3461
312
1366
1762
2204
2055
5412
7315
3893
2998
3233
5787
8504
5037
216
-2292
-4005
-6531
-4563
-1750
176
2711
653
-2862
-1008
853
2041
496
-2496
-2905
-2954
-606
-3582
-3909
-2646
-4678
-2150
-963
1235
4992
8194
7386
5640
5643
4098
5329
3992
3284
2935
1087
-598
-4184
-4982
-6101
-5177
-5411
-6750
-6138
-5715
-2233
-1322
307
400
-255
573
192
2102
2942
2950
1990
-1315
-2468
-3191
-1082
2623
-160
-2613
-2616
798
6280
7351
5496
4521
5235
4079
3853
3933
1090
613
-2854
-7961
-7771
-6191
-3571
-2449
-3353
-2734
-1307
1454
1722
1509
2352
1735
3921
3414
2229
2410
2275
2497
421
476
-735
-496
-266
-1269
-475
-248
-381
-3076
-2726
-3006
-1290
-702
-1073
-583
-2556
-1825
-2781
-2982
-3130
-2524
-1142
-2258
-2434
-2723
-2764
-1399
-1841
-518
2281
6699
8937
6086
2537
-2436
56
5259
4660
3223
1476
938
837
1838
2172
2485
4286
564
-3573
-2766
-2516
-1407
-1000
-4239
-4909
-3897
-2079
-694
-85
1305
627
1841
1784
1066
1860
2792
3812
3327
1932
-51
-609
-73
-223
-691
-1514
-2542
-3490
-3018
-2532
-1568
-379
-1078
-1826
-2854
-1874
-200
1531
1755
-885
-634
-1924
-1877
-2013
-4234
-2764
-1933
-508
-597
428
6693
7964
6325
4205
2581
6354
7903
4977
2043
2245
1236
-2015
-2139
-2801
-809
1542
-1287
-4444
-3072
-1364
-148
526
-2417
-2459
129
1375
-897
-846
-637
-1590
-486
-3890
-4059
-1668
-127
582
-658
-994
-806
261
-573
928
2671
4351
3796
860
95
-2098
-2156
-3139
-3364
-2431
-2708
-1840
-2662
-1148
309
429
1701
358
-712
452
927
728
939
648
20
1387
3722
2812
3030
2762
1744
5118
5120
2680
1775
633
-408
27
2137
2610
2973
2328
-2269
-2775
-1493
-1766
-1340
-2501
-4118
-5424
-5179
-5353
-4880
-3648
-4100
-3502
-1581
-212
1174
2289
2227
2416
1987
1150
856
1552
1978
1983
1813
2249
1349
216
-137
-1555
-560
-1114
-1572
-2100
-3402
-2068
-1149
351
391
-179
1156
1769
1392
731
945
859
-415
-2767
-5230
-3167
2107
3297
2207
1810
1017
5650
8281
4616
4032
4429
3402
1613
1665
1703
1288
-154
-5382
-7642
-6079
-4953
-3342
-3504
-5461
-5591
-3852
-3711
-3573
-746
1395
2273
2952
2061
1201
2916
2691
2682
3089
1915
1265
226
-608
-545
306
774
581
461
1396
2023
2935
2040
1804
2165
2137
631
-3552
-4016
-4103
-3677
-4407
-5003
-3261
-1908
-242
-2301
-1980
-348
482
1334
3861
6379
4768
3395
1183
2321
5440
3761
2274
1500
-1287
-3352
-3772
-1863
-400
341
-933
-3439
-1631
-1049
-350
259
-1380
-2270
-2295
-2301
-4428
-3614
-2010
-1629
622
-627
-641
1346
1128
2087
3109
3989
5251
6050
4959
3505
2517
707
203
-1270
-1579
-956
-553
-839
-2969
-2972
-3165
-1229
-832
-1886
-1601
-2367
-1948
-2624
-2134
-1326
-1177
-1009
-1413
-593
-1890
-2250
-1832
273
2134
1797
2450
1763
5717
7751
6423
4516
1953
1880
1187
1106
-529
-674
-1012
-3690
-5054
-4439
-1964
-4
-216
-2145
-2440
-739
94
444
777
1590
1328
1195
-256
-1754
-2
1646
2654
2757
1568
1121
1859
1190
1010
1191
2000
3327
2526
464
-95
-6
-986
-1300
-1706
-1495
-1392
-2808
-5406
-5571
-5662
-5096
-3015
-2082
-532
448
224
-633
-364
629
1007
1530
2967
3419
2794
45
-2506
1052
4479
3852
2247
178
1250
1922
2788
2295
2141
3152
-267
-1312
-2258
-1420
403
-199
-1065
-2236
-1884
-2394
-3206
-3613
-3286
-2109
-823
-663
358
1490
2458
2520
2857
2829
3202
3928
1798
1215
905
552
-294
-1670
-1966
-1695
-170
-302
-1698
-1726
-1594
-1905
-2014
-2139
-2574
-1299
-619
-2700
-3091
-3318
-3902
-2596
-2460
-1540
735
246
-807
842
2356
1694
1863
832
3197
6683
5665
4773
3304
4510
4000
3377
3630
1960
1619
-865
-3307
-3827
-3416
-2551
-2644
-2361
-1718
-1011
-1050
-2107
-2563
-1609
-366
-231
-940
-518
640
1068
593
902
1263
1088
2017
1334
652
750
749
1251
1427
1105
41
1057
-2
-1937
-2224
-2005
-776
-340
-798
-2304
-3195
-4252
-5065
-5803
-4115
-2604
-1154
765
-304
-692
-437
266
1861
4906
6144
5593
4808
3549
4110
4544
4198
3814
3890
3505
2385
3079
3115
1200
-631
-2798
-2388
-1441
-1611
-1856
-2267
-1747
-2583
-2988
-2754
-3252
-3602
-4157
-3392
-2120
-1591
-1327
-1070
-308
-116
836
2027
3488
3927
3800
3898
2636
2449
751
-492
-498
-1368
-2324
-3423
-2885
-2057
-1573
-2157
-2330
-2881
-3383
-3772
-3577
-1603
-871
289
-249
-1291
-1566
-1271
-91
954
2579
4133
5233
4460
2264
1564
2899
5485
7044
6890
5422
3759
2388
1224
740
327
59
-705
-1815
-3050
-4786
-5016
-4466
-4661
-3921
-3273
-2878
-1974
-1846
-1331
-247
738
1360
394
-707
-1221
-1719
-556
449
1184
1974
1326
986
690
990
1484
1840
2302
1471
579
-278
-811
-94
123
190
-1114
-2275
-2685
-3722
-3593
-3561
-2686
-1732
-1638
-1279
836
1235
753
2008
1558
2278
2287
2805
3307
3521
2436
910
2928
3068
2284
1081
519
825
1483
1643
780
1732
2739
2115
644
79
-948
-1616
-3226
-4426
-4592
-4366
-3542
-4051
-3914
-3914
-3790
-2961
-2364
-934
200
2160
2856
2581
2298
2296
3601
4285
4893
3525
2309
920
-920
-892
-567
880
1497
88
-721
-833
-1197
-1475
-1880
-2338
-1893
-1925
-3008
-2366
-2095
-2663
-2862
-3522
-2996
-2351
-1372
-856
-404
2481
3737
3942
3102
2500
4981
6714
6036
3818
2477
1969
996
1359
24
460
750
-769
-1227
-2251
-3180
-3553
-3346
-3723
-3038
-2869
-2900
-2156
-2499
-2649
-2206
-537
280
776
206
-186
1304
1994
2784
3609
4581
4009
3258
2064
1040
2649
2759
1740
1223
1027
-635
-1932
-2522
-3170
-1651
-1927
-3107
-3301
-2852
-3206
-3316
-2665
-2868
-1652
-1135
-1393
-1104
-575
-608
-1167
-1009
-1196
1830
4768
4742
4431
2531
2517
3183
2703
2444
1818
2795
2227
1638
1375
72
471
-67
-445
-245
-265
-617
-1648
-1978
-2776
-1613
-1710
-2274
-2201
-3486
-3458
-3260
-1805
-333
1053
1326
568
1569
1766
2052
2943
3354
3551
4082
2788
1137
515
-240
-733
-279
775
176
232
-1643
-4037
-3997
-4109
-2574
-1602
-1355
-1746
-2083
-2274
-3098
-2598
-2690
-2927
-2372
-1321
-548
-52
318
1573
2695
3213
2877
3702
5394
6695
6587
5637
4997
4036
3729
2183
1996
1813
1147
299
-1161
-1557
-2847
-3260
-4651
-4920
-4565
-4717
-4138
-3859
-2657
-2931
-2920
-2863
-2453
-528
124
1520
2235
2746
2850
2682
3117
2379
3168
2604
2857
3715
2629
2040
-157
-1157
-1803
-2317
-2311
-2174
-1262
-1753
-2269
-3445
-4339
-4400
-3974
-3273
-2885
-1875
-1684
-1647
-1925
-2280
-1416
-353
1436
2403
4688
6173
6361
6363
4882
5352
6279
6422
5148
3850
2773
1705
491
-1398
-1652
-1752
-1951
-2684
-3013
-2893
-2794
-2908
-4210
-3359
-3096
-2864
-2372
-2427
-1978
-1204
-156
-822
-1128
-1585
-1295
43
453
1868
3214
4443
4342
3707
3577
3399
4022
2715
1848
1190
743
-47
-2754
-3516
-4672
-4610
-4989
-5716
-4418
-3050
-1856
-2757
-2543
-1717
-638
189
484
1845
2137
2044
761
-182
-62
766
2900
3506
3866
3713
3692
4011
2992
2238
2427
2948
3285
2727
1750
1133
786
-727
-2051
-2590
-3447
-4468
-5381
-5256
-4387
-3478
-3678
-3547
-2469
-2081
-1661
-746
921
1578
2146
2100
1870
3146
3210
2621
2806
3025
2972
2579
1316
823
1339
1479
1273
110
-640
-956
-1631
-1772
-2313
-3487
-4186
-4452
-4173
-3380
-2373
-1703
-1831
-1929
-2419
-2023
-1093
-460
235
1195
2129
2170
1894
2490
3531
4340
4155
3413
3592
3909
4091
2933
1777
1067
57
-719
-1040
-802
-807
-980
-2292
-3092
-2199
-2909
-2127
-1838
-1993
-982
-1408
-1616
-1787
-845
-804
-246
610
966
2546
2517
2175
2039
2375
2821
2894
2988
2685
3048
2616
1133
320
-420
-922
-2123
-3769
-4358
-4277
-4348
-5071
-4228
-3489
-3526
-2491
-2323
-1376
342
693
1079
2079
2571
1841
1292
387
-290
733
950
786
1881
2164
1360
1089
1357
2005
3490
4225
3496
3117
2585
852
172
-363
-670
-782
-1076
-1198
-1510
-2295
-3358
-3904
-3871
-3091
-2062
-340
977
1240
974
810
1256
1332
1138
1223
1388
1143
524
-293
-603
-491
-567
-547
-796
-1082
-937
-936
-251
100
-142
-147
-1308
-1456
-1553
-2169
-1800
-1950
-1554
-1762
-2063
-2054
-1696
-750
-332
665
1387
1648
1503
927
712
1533
2393
1938
2173
2342
2807
2586
1697
1678
1152
1878
1316
1228
1690
1322
1222
433
267
20
-288
-928
-1412
-1263
-1785
-2411
-2905
-3094
-2565
-2201
-1973
-754
216
78
186
-36
-454
258
732
1386
2179
1507
601
39
-403
-950
-711
-179
196
556
-185
-884
-1321
-1372
-1057
-1108
-659
-1121
-1396
-1259
-742
41
694
701
348
944
56
-107
190
805
1623
1823
2008
2022
2862
2920
2444
2291
2888
2851
1951
1279
151
51
59
-559
85
426
181
-480
-1285
-1728
-1955
-2117
-2584
-2690
-2128
-2247
-2356
-2573
-2677
-1699
-1048
-473
-123
440
691
824
1222
841
928
887
729
631
346
57
-50
12
-484
-639
226
486
633
452
-608
-880
-482
-822
-1189
-226
469
523
390
-889
-1516
-799
-994
-1053
-426
-386
-283
25
-121
301
1280
1149
1383
1995
1455
1186
531
317
491
800
466
-171
-256
-869
-757
-370
-64
157
843
848
235
413
-243
127
870
381
8
-812
-1329
-1163
-873
-982
-767
-192
298
433
-199
-55
284
554
978
696
986
1806
1822
1629
960
401
-8
-895
-2135
-2540
-1701
-1146
-1105
-1381
-1832
-1489
-637
-92
571
1331
1466
1530
897
433
661
934
1758
1780
1848
1192
1070
1019
90
662
956
1558
1229
745
769
829
409
-1128
-1327
-1271
-1669
-2659
-3572
-2933
-1745
-1566
-2377
-2633
-2149
-1799
-1595
-1131
426
2170
3187
3156
2731
2516
2358
1767
1655
1641
1580
1695
582
-385
-962
-1146
-656
122
270
-79
-463
-1269
-2414
-3683
-3557
-3129
-3001
-2826
-3082
-2621
-2064
-2116
-2265
-1967
-1225
-606
421
1332
2025
2636
2582
2487
1884
2193
2539
2590
3008
2795
2926
2153
1237
748
288
410
349
608
374
282
355
541
645
3
-182
-202
2
-490
-782
-504
-447
-116
-333
-175
-485
-312
270
403
912
450
-172
-823
-1027
-1295
-1192
-688
-964
-743
-1280
-2337
-2801
-2814
-2543
-2372
-1217
-327
474
895
800
1152
1814
1810
1633
1426
1520
2064
2293
1684
1093
1437
1175
1231
1446
1344
1538
1154
281
-514
-1258
-1435
-1409
-1274
-1404
-2083
-1941
-1197
-958
-848
-824
-596
-35
326
181
844
1377
1130
317
-99
-64
-392
-199
-634
-306
-45
-79
-300
-688
-672
-696
-387
-209
142
147
190
-267
-1052
-1058
-1367
-1499
-1278
-1356
-1062
-1208
-1671
-1752
-1309
-949
-137
1011
1374
1794
1554
1267
1316
812
-3
-345
-331
-475
-95
-5
171
692
327
259
829
1639
2555
3283
3371
2918
2763
1965
1171
953
524
322
397
176
-571
-1036
-1421
-2070
-1783
-1025
-382
527
937
616
414
426
245
445
266
-265
-133
-196
-462
-988
-1356
-1595
-1383
-956
-521
273
899
1643
2014
2099
2007
1741
1018
103
-620
-1213
-1484
-1805
-2170
-2587
-2852
-3066
-3142
-2333
-1434
-428
333
307
278
-116
4
204
1001
1058
547
846
220
-284
-957
-1605
-1900
-1104
-132
245
1272
1358
1155
1223
1144
1297
1838
2128
2008
2154
1553
552
-223
-812
-768
-776
-482
-512
-833
-544
-456
-103
327
487
124
297
120
-437
-464
-904
-892
-785
-1302
-1996
-1822
-1544
-1128
-624
-799
-422
-296
-575
-455
-384
380
634
511
338
-138
-63
-315
-276
-28
351
1136
2112
2816
2331
2036
1902
1827
1547
1135
765
911
1267
1147
1274
1045
509
-69
-557
-572
-435
-709
-1032
-1518
-1929
-1767
-1745
-1594
-1409
-1125
-977
-932
-570
-468
-85
200
400
625
1019
1228
1453
1486
1042
638
328
185
230
455
299
236
-25
-205
-572
-1005
-1215
-1139
-822
-538
-284
-263
-332
-705
-727
-877
-947
-1118
-1457
-1316
-1360
-1217
-1241
-1261
-1295
-744
225
724
1452
1942
2275
2121
1510
1163
1155
1518
1138
398
57
-342
-632
-542
-406
235
1121
1169
1104
1217
1008
403
484
418
100
447
9
-231
-511
-1274
-1362
-1090
-816
-646
-628
-422
-456
-263
533
1322
2282
2368
2058
1795
1298
798
751
919
736
425
-417
-1031
-1895
-2359
-2020
-1068
4
263
437
121
-241
-405
-313
-225
-195
-675
-1116
-1458
-1915
-2092
-2236
-1859
-1740
-1166
-162
638
977
680
816
812
756
713
494
851
612
-167
-773
-1241
-1869
-1935
-2198
-2444
-1856
-2013
-1627
-884
43
954
2000
2693
2760
3473
3259
3351
3441
2857
2336
1669
767
-251
-228
-858
-1028
-546
-830
-693
-792
-1027
-1151
-1017
-1418
-1530
-780
-780
-610
-389
-239
-301
-480
-895
-1279
-574
-279
94
697
811
418
577
1223
1279
2014
1997
2042
1913
870
149
-394
-99
-604
-1057
-1203
-1751
-1919
-2316
-2202
-1745
-1250
-1081
-672
235
432
1009
961
755
802
547
436
288
387
428
582
536
644
1452
1802
1759
1407
1315
1560
1660
2032
2101
2224
1675
982
987
598
270
190
-71
-685
-1341
-1898
-1989
-1603
-1177
-892
-518
-599
-1070
-1020
-1174
-1015
-587
-449
-476
-836
-1347
-1524
-1598
-1804
-1896
-1927
-1485
-1149
-1002
-733
-514
-274
-47
-39
217
522
421
353
233
186
181
557
696
1169
1448
1413
1565
1456
1331
1216
1675
1782
1900
2076
2116
2022
1638
1387
759
547
-175
-951
-1506
-2455
-2999
-3361
-3006
-2671
-2290
-2123
-2412
-2304
-2045
-1446
-691
-119
638
764
560
163
-188
108
62
388
715
1135
1144
962
1122
912
1084
932
748
965
1342
1327
878
740
288
127
-143
-514
-711
-673
-1185
-1797
-2014
-2212
-1791
-1473
-1008
-639
2
489
700
785
658
1006
962
860
382
503
985
793
1056
1218
1673
1494
896
628
692
1176
1456
1650
1500
1394
908
236
-137
-487
-451
-227
-377
-997
-1209
-1643
-1934
-2039
-2069
-1583
-782
-447
-539
-174
163
727
695
827
1401
2012
1892
861
200
-332
-224
-265
-12
246
254
320
-212
-328
-350
-235
-47
-177
-355
-428
100
497
546
681
1001
963
670
515
501
812
995
951
719
388
153
487
595
518
338
-58
-150
-412
-882
-1353
-1573
-2220
-2680
-3124
-3333
-2644
-2367
-2457
-2486
-2336
-2284
-1832
-1529
-1265
-638
-263
-188
-48
42
327
1043
1459
1680
1872
1651
1192
930
551
196
235
162
26
182
-40
-287
-426
-633
-1095
-958
-782
-856
-621
-712
-752
-844
-572
-517
13
537
416
765
884
1112
1649
2138
2362
2810
3146
3046
2940
2719
2447
2347
2147
1945
1725
1311
862
601
449
-194
-631
-1201
-1470
-1159
-1410
-1647
-1509
-1022
-1070
-1206
-1089
-1159
-1078
-1367
-1359
-917
-491
-454
-493
-394
-377
143
513
467
657
748
591
697
459
282
222
142
151
17
-28
-16
-127
-256
-157
-77
95
145
312
766
707
455
266
165
-19
173
221
-140
234
165
-55
-220
-618
-688
-500
-658
-938
-509
-156
379
567
199
-141
-310
-455
-451
-183
-155
35
-137
-498
-874
-1053
-1062
-863
-632
-624
-530
-638
-974
-1071
-992
-933
-518
-240
-141
-168
-96
-76
14
256
187
-55
-249
-341
-323
-126
-304
-433
-183
-147
-240
-44
80
141
300
544
566
686
634
738
1061
1095
1424
1575
1878
1709
1284
1027
1009
862
680
850
1039
1160
1135
1336
1284
1412
1280
1147
1235
722
454
418
375
-86
-673
-1329
-2013
-2007
-2290
-2374
-1912
-1502
-1341
-1580
-1800
-1940
-1410
-933
-993
-740
-582
-493
-526
-299
-124
386
868
595
629
504
266
271
279
709
987
1292
1218
805
790
531
186
-327
-1035
-1461
-1728
-1684
-1790
-1646
-1200
-955
-461
-386
-174
379
744
834
788
954
1254
1428
1356
1171
1098
927
640
492
297
273
266
347
350
159
279
453
486
283
103
-25
100
-13
-317
-372
-177
-143
-29
137
-15
54
-65
-189
-79
609
1298
1748
2062
1729
1416
1253
1037
491
194
-112
-464
-727
-1247
-1337
-1097
-802
-1016
-1247
-1217
-1148
-1164
-1438
-1369
-1290
-1113
-1073
-948
-642
-594
-554
-651
-384
-209
-60
-159
-342
-254
-184
65
-41
116
185
46
-73
-274
-6
265
306
116
340
42
-512
-561
-704
-444
6
197
-14
89
108
-31
338
273
200
637
818
822
1031
1265
1122
1130
898
705
854
874
858
550
144
-387
-800
-1249
-1495
-1258
-1230
-1062
-1008
-1009
-914
-869
-658
-679
-283
-260
-114
110
-170
-215
-132
223
42
158
378
630
996
1218
1681
1685
1638
1459
1629
1917
1983
2064
1782
1457
1067
654
406
350
253
-144
-257
-375
-219
-6
-144
-96
-117
-117
-98
42
343
493
445
-26
-270
-383
-486
-647
-914
-773
-784
-659
-537
-342
-303
-401
-458
-533
-497
-600
-596
-752
-1024
-1398
-1726
-1918
-2061
-2068
-1854
-1347
-1025
-1110
-1041
-993
-670
-76
162
560
672
524
146
46
10
1
87
-101
179
144
38
-69
6
253
577
821
601
909
1165
1210
1231
971
979
915
666
291
137
327
207
206
234
658
991
959
967
1074
1376
1177
927
664
423
266
-191
-686
-1094
-1139
-1302
-1334
-1039
-975
-775
-809
-1047
-927
-565
-185
47
296
178
-70
-74
3
17
263
438
512
673
465
390
254
340
369
316
551
701
964
875
782
559
436
405
-55
103
-8
-187
-210
-178
-21
-2
-7
-362
-205
-47
57
209
37
-124
-331
-528
-685
-654
-492
-510
-564
-694
-647
-463
-342
-315
-282
-32
-107
-163
-330
-599
-599
-748
-837
-747
-720
-515
-303
-199
-155
-212
-390
-544
-588
-526
-209
-21
69
137
88
35
-78
-235
-280
-157
-59
159
252
186
298
183
334
425
555
942
857
837
653
589
455
406
747
724
777
728
913
998
948
1066
916
1202
1094
907
882
751
657
317
149
-254
-433
-466
-686
-433
-300
-447
-561
-849
-1119
-1051
-760
-670
-484
-236
-480
-628
-683
-727
-315
-132
-403
-324
-129
-366
-312
-145
-60
48
-48
72
372
618
380
237
143
0
-297
-718
-749
-694
-575
-481
-362
-177
-53
-2
140
426
836
1117
1023
864
633
345
314
256
132
55
120
116
132
53
-110
113
171
4
63
255
463
573
412
156
30
-57
-160
-345
-457
-472
-351
-528
-700
-668
-609
-526
-467
-318
-71
200
231
270
129
-22
-113
-373
-390
-444
-439
-431
-526
-726
-828
-806
-785
-221
6
-11
88
243
221
59
78
209
629
729
722
737
790
757
654
700
843
1104
1177
1303
1365
1419
1507
1393
1162
993
782
463
203
-3
-274
-599
-1165
-1629
-1855
-1920
-1719
-1668
-1379
-1258
-1104
-872
-1046
-1075
-802
-448
-252
-203
-366
-366
-467
-722
-846
-749
-406
-85
36
-109
-43
143
114
88
105
240
471
460
378
395
326
30
-231
-292
-561
-429
-361
-184
141
178
325
631
933
1168
1521
1665
1782
1881
1591
1262
1071
836
540
458
296
158
203
-35
-122
75
-15
-81
161
221
303
587
599
489
389
271
-19
-36
-193
-513
-466
-619
-613
-529
-564
-657
-671
-470
-253
3
23
43
24
-100
-241
-426
-461
-700
-750
-851
-1050
-1177
-1187
-1044
-977
-645
-379
31
408
477
392
279
376
343
320
385
509
824
833
528
271
112
105
-96
-17
76
194
258
282
292
483
772
704
458
17
-223
-512
-665
-841
-849
-618
-887
-896
-1000
-991
-562
-390
-165
-175
-414
-547
-276
-116
-167
6
-126
-188
-342
-706
-820
-745
-592
-403
-306
-119
-23
89
42
-72
119
239
298
279
559
655
714
680
362
213
-10
-77
83
252
267
318
379
360
538
875
1036
995
1088
1142
1159
1265
1018
809
693
552
484
464
382
347
402
52
94
130
95
276
322
412
426
284
-18
-134
-248
-357
-507
-623
-613
-686
-878
-1043
-1112
-933
-997
-1011
-857
-829
-571
-513
-427
-289
10
-104
-182
-212
-516
-392
-486
-613
-613
-670
-802
-807
-677
-748
-541
-176
99
313
531
689
735
842
853
886
891
913
802
705
571
542
710
611
659
734
842
858
684
590
695
893
923
881
996
1065
872
475
43
-324
-250
-308
-581
-621
-797
-736
-778
-895
-739
-352
8
-5
43
64
159
104
-130
-191
-201
-193
-392
-924
-1303
-1463
-1655
-1652
-1404
-1161
-935
-741
-908
-937
-906
-803
-497
-482
-496
-339
-317
-405
-338
-306
-217
-11
77
43
244
220
411
731
843
1009
1041
1038
874
727
515
358
295
41
-67
-105
-301
-312
-324
-352
-210
54
277
508
674
662
707
849
833
855
743
512
190
-64
-242
-482
-495
-391
-277
-60
130
46
21
-48
5
233
352
279
309
214
44
-108
-273
-191
-246
-283
-377
-420
-112
43
147
349
373
511
721
987
1028
1076
1040
876
763
524
227
153
54
-283
-363
-354
-228
92
390
374
502
600
630
794
958
848
775
608
180
-9
-168
-300
-219
-136
-402
-692
-834
-825
-780
-722
-690
-456
-289
-431
-583
-485
-411
-402
-457
-641
-701
-808
-831
-999
-1049
-997
-1114
-1041
-986
-815
-655
-551
-418
-372
-295
-244
-134
2
-129
-420
-403
-320
-434
-344
-251
-112
-1
-177
-175
-107
22
79
317
475
640
830
782
914
1112
1229
1313
1352
1241
1108
873
582
361
321
201
24
133
41
-69
-86
-111
-137
-3
142
114
183
51
-101
80
153
-67
-124
-362
-466
-427
-468
-525
-382
-199
-269
-224
-227
-283
-167
-157
-135
-57
40
-97
-247
-262
-538
-510
-530
-460
-432
-282
86
256
552
699
887
1104
1377
1627
1621
1533
1298
1009
741
606
418
273
123
-10
22
-11
-66
-37
-11
2
-33
-28
-61
25
-32
-317
-535
-754
-884
-846
-968
-1047
-888
-885
-851
-800
-667
-431
-95
91
189
326
428
382
224
-19
-260
-369
-557
-762
-876
-856
-1066
-971
-810
-714
-393
-132
125
269
502
686
774
748
579
580
568
422
204
73
74
103
110
94
244
378
510
576
627
823
1007
1092
920
839
692
566
431
195
110
44
-112
-410
-537
-546
-386
-226
-164
-114
-98
-60
-92
-60
-122
-168
-195
-278
-377
-458
-461
-581
-720
-776
-892
-790
-702
-704
-585
-503
-411
-394
-468
-590
-567
-505
-455
-314
-302
-325
-286
-380
-479
-467
-313
-176
-24
137
269
351
305
272
385
457
425
449
604
621
516
349
301
506
630
720
753
814
675
373
233
92
66
60
51
45
136
149
146
343
566
612
469
461
550
712
673
608
582
550
364
147
-74
-110
-10
-182
-236
-346
-357
-298
-368
-374
-321
-275
-165
-41
-91
-171
-243
-373
-406
-421
-606
-449
-333
-300
-275
-274
-186
-146
129
291
522
616
474
430
335
313
166
169
138
23
-41
-222
-187
-45
37
74
89
129
145
157
118
138
226
163
128
-17
-111
-156
-216
-419
-601
-595
-515
-496
-431
-403
-431
-261
-257
-189
-68
-76
-97
-133
-248
-407
-453
-487
-492
-577
-509
-447
-371
-303
-395
-350
-137
114
221
154
30
-81
-91
-192
-225
-242
-290
-378
-587
-624
-547
-366
-288
-31
124
81
173
140
254
296
311
440
567
697
707
713
524
414
444
474
699
804
872
905
925
889
883
973
983
1006
956
941
680
539
512
344
423
424
280
184
24
-132
-266
-282
-357
-277
-145
-231
-209
-176
-158
-317
-363
-518
-475
-537
-872
-914
-1022
-906
-833
-832
-882
-988
-931
-1020
-885
-642
-421
-172
-47
75
17
44
43
87
226
252
200
251
138
78
68
9
17
-9
134
227
191
194
146
88
156
288
304
296
303
170
184
165
44
-17
-67
-79
1
117
98
61
101
39
-34
65
175
292
391
342
286
286
126
5
-33
-55
-190
-282
-369
-292
-194
-245
-273
-306
-246
-208
-242
-268
-144
14
95
48
-40
-206
-238
-93
99
237
188
117
5
-34
30
184
449
609
668
638
479
245
158
321
449
636
626
500
393
241
32
23
-57
-135
2
-99
-73
20
12
-67
-128
-242
-364
-376
-458
-495
-460
-649
-723
-737
-639
-507
-406
-450
-464
-378
-228
-230
-285
-234
-206
-124
-118
-32
-57
-94
-316
-378
-345
-288
-123
-100
12
188
268
274
238
264
319
354
417
484
582
607
569
519
327
111
-78
-191
-130
21
186
278
298
187
87
132
269
442
482
474
345
222
27
-123
-140
-87
12
-37
-79
-188
-285
-393
-403
-300
-176
0
66
102
123
-12
-144
-100
-155
-260
-241
-186
-178
-179
-196
-175
-28
-57
-201
-224
-137
-22
123
219
303
357
282
156
111
130
220
216
148
138
135
158
120
133
175
259
312
337
377
356
229
1
-6
26
165
218
167
216
199
185
14
-96
-180
-170
-162
-260
-307
-302
-365
-540
-525
-553
-506
-475
-514
-509
-417
-348
-260
-247
-305
-229
-147
-114
-24
68
149
252
168
146
145
162
179
118
122
162
170
135
128
144
137
176
212
136
176
65
-152
-282
-329
-341
-290
-115
-7
135
123
2
77
127
216
304
386
433
368
280
119
90
141
148
192
152
186
230
261
236
255
249
101
72
14
-112
-184
-179
-318
-462
-491
-515
-501
-481
-430
-415
-418
-391
-326
-293
-208
-216
-186
-186
-162
-66
-123
-270
-317
-377
-439
-418
-419
-424
-236
-72
-42
153
156
96
59
37
127
397
474
436
329
129
41
-23
-47
20
176
257
275
209
271
453
479
578
596
564
563
480
427
434
482
411
404
324
257
277
145
241
234
28
-46
-99
-101
48
89
85
127
12
-94
-131
-84
-93
-157
-242
-281
-229
-285
-239
-215
-234
-145
-106
-86
38
167
127
58
-43
-149
-148
-230
-284
-250
-279
-359
-532
-642
-678
-661
-617
-545
-451
-335
-346
-247
-103
-1
101
193
242
309
384
332
331
254
208
160
165
210
219
165
38
7
57
156
255
344
419
417
396
357
331
251
179
99
-33
-101
-130
-181
-135
-86
-123
-150
-66
-26
16
124
238
379
390
426
356
363
268
67
-17
-96
-174
-250
-305
-342
-327
-415
-557
-479
-373
-226
-59
-26
-22
-122
-176
-265
-248
-219
-242
-172
-272
-391
-578
-652
-570
-372
-146
-72
0
146
297
296
383
408
410
462
476
385
330
289
201
81
-9
-93
-34
45
153
153
152
181
109
144
119
107
31
-28
-112
-234
-324
-507
-573
-575
-577
-602
-578
-488
-425
-273
-157
-6
73
140
211
234
251
263
296
124
45
78
8
28
-35
-6
71
26
-84
-172
-100
-43
70
107
153
126
74
113
131
107
73
14
75
152
156
211
258
373
443
478
477
544
631
666
684
688
646
633
600
449
276
233
212
144
69
-8
-142
-198
-283
-343
-328
-210
-117
-68
15
-94
-124
-111
-120
-105
-48
-25
-20
-9
-126
-168
-224
-239
-210
-228
-196
-163
-84
-57
-1
-74
-151
-218
-296
-309
-276
-306
-399
-426
-538
-644
-668
-682
-623
-408
-269
-151
-30
26
80
166
173
225
285
363
419
362
270
147
66
-31
-105
-201
-163
-196
-146
-177
-207
-186
-123
-117
-96
-123
-77
-83
-234
-338
-418
-448
-479
-454
-373
-247
-140
-105
-56
64
159
305
399
517
649
702
664
633
586
456
279
38
-103
-115
-62
-20
-73
-146
-253
-238
-255
-199
-42
106
109
111
118
151
264
304
219
213
77
35
71
73
228
374
527
641
786
762
648
640
596
584
582
427
330
276
149
-45
-230
-418
-435
-444
-591
-649
-662
-645
-529
-586
-592
-408
-293
-240
-186
-176
-64
44
48
51
132
197
206
149
77
21
-66
-125
-69
-18
-63
-96
-187
-62
-36
-146
-186
-204
-232
-209
-278
-281
-164
-95
-60
-37
14
49
58
114
237
311
358
421
552
570
491
410
321
344
336
295
233
147
47
-42
-207
-328
-350
-241
-155
-168
-271
-413
-362
-331
-234
-135
-67
36
16
-13
-188
-214
-121
-137
-159
-141
-3
110
152
43
-27
47
155
133
63
65
41
28
-91
-219
-243
-204
-265
-427
-444
-444
-421
-473
-429
-274
-166
-92
-93
-36
-9
103
170
217
280
318
338
344
287
220
256
237
276
220
230
260
194
146
127
132
231
137
-29
-108
-173
-296
-358
-352
-394
-335
-300
-299
-269
-289
-301
-217
-69
60
115
211
274
319
343
325
295
262
275
284
235
160
105
47
-11
-66
-34
41
93
75
0
27
59
122
159
155
108
14
-49
-162
-202
-135
-98
-67
-8
40
150
319
423
482
544
505
472
365
303
398
492
476
375
319
238
101
3
-36
-33
-82
-117
-80
-51
-75
-135
-187
-273
-234
-207
-154
-47
17
-29
-198
-399
-448
-376
-343
-218
-102
-24
-1
-44
-92
-67
19
-45
-65
-141
-190
-192
-285
-399
-483
-547
-578
-587
-641
-716
-692
-660
-581
-556
-576
-492
-281
-199
-206
-133
-54
74
120
124
150
296
368
333
263
279
277
271
196
107
206
263
264
242
198
157
80
-23
-79
-11
135
214
257
267
264
309
338
331
332
345
258
233
221
133
177
184
218
314
339
296
217
113
32
2
-64
-88
6
58
45
-6
-151
-212
-174
-187
-139
-94
-107
-162
-236
-201
-119
-30
-52
-27
62
41
83
58
34
98
77
87
88
50
40
79
2
-3
100
81
70
87
144
228
219
107
-1
-7
-102
-205
-183
-165
-124
-90
-70
-2
43
24
-11
-23
6
7
27
90
120
122
20
-47
-60
-136
-196
-182
-191
-174
-95
-177
-217
-126
-106
-67
4
60
127
169
76
-81
-167
-212
-253
-268
-226
-134
-77
-55
-116
-156
-76
-5
79
117
136
157
124
124
108
53
47
65
36
30
4
-43
-23
10
30
28
32
79
161
150
123
78
-48
-32
-54
-143
-174
-255
-318
-337
-393
-479
-455
-409
-357
-200
-75
-8
68
1
-46
7
52
146
146
148
156
183
76
-44
-64
-3
52
52
36
61
126
120
81
79
49
45
20
-80
-44
20
82
92
77
27
37
53
68
109
171
246
378
428
415
375
371
306
252
250
171
134
29
-48
-13
42
128
118
142
231
290
205
112
71
78
40
-11
45
88
48
-30
-44
-14
52
80
115
139
149
128
120
20
14
9
-50
-23
-19
-71
-123
-152
-236
-354
-440
-446
-419
-438
-414
-361
-363
-250
-244
-225
-79
-72
-46
-76
-99
-164
-171
-205
-266
-205
-151
-203
-191
-89
-53
-45
-97
-157
-86
-14
-81
6
9
-63
-26
-117
-211
-152
-64
37
109
86
-43
-116
-181
-252
-209
-243
-74
111
259
317
300
305
357
335
246
230
287
316
301
271
211
263
293
268
262
284
268
218
215
252
283
274
254
245
198
134
73
60
94
62
36
-55
