-55
-107
-94
-83
-27
-19
-40
-30
-26
-13
8
-25
-41
-52
-46
-12
25
64
70
86
53
-1
-53
-77
-60
-28
-37
-29
-18
18
33
-10
-22
-35
-70
-95
-93
-131
-101
-39
-38
-55
-69
-107
-104
-76
-62
-52
-52
-79
-59
-85
-43
-14
2
-4
40
8
-1
7
3
16
12
17
27
44
22
58
42
50
24
37
20
-17
-13
-44
-66
1
20
16
66
53
27
15
-33
-29
-4
-6
48
62
71
97
74
55
71
45
55
72
81
57
56
56
79
74
73
51
15
65
81
62
20
2
38
29
-5
0
5
10
21
10
12
-7
-33
-41
-25
-37
10
41
33
46
28
1
-38
-15
32
31
24
41
22
-11
-32
-20
-65
-98
-57
-35
-31
33
49
88
98
66
42
22
17
5
22
-14
-10
-32
-30
-13
-45
-39
-11
28
61
72
39
-7
-23
-14
5
39
80
65
114
48
-3
-29
-65
-36
-15
-2
65
106
50
34
2
19
-10
-54
-56
-54
-18
-4
-13
2
-49
-89
-59
-86
-77
-93
-93
-53
-38
-66
-85
-121
-117
-59
-53
8
1
2
56
55
-3
-36
-41
-43
21
12
-26
-10
12
30
-5
-4
2
24
38
0
-12
-40
-39
18
71
47
32
-4
-36
-33
-105
-98
-58
-40
-12
-15
-12
-22
5
34
23
-12
-9
3
5
-44
-77
-107
-33
-40
-37
20
26
93
53
12
-26
-124
-174
-137
-89
-45
17
52
108
61
15
-73
-103
-78
-58
-35
-1
16
-1
-12
-39
16
17
12
-16
-61
-70
-62
-72
-19
-6
-8
-34
-68
22
61
32
32
16
-18
-49
-79
-48
-30
12
60
111
115
65
53
43
31
2
76
90
139
167
97
92
44
69
101
88
116
136
116
86
35
0
22
58
51
81
50
15
69
30
1
19
36
94
132
112
79
62
7
-29
-45
-33
8
38
91
119
92
57
63
34
20
45
50
63
48
24
-21
-29
-53
-51
-48
0
61
26
18
2
-1
-60
-58
-79
-68
-55
-46
10
19
34
57
41
7
-69
-61
-71
-105
-121
-112
-137
-120
-56
-9
23
-7
-34
-74
-93
-105
-78
-93
-86
-86
-76
-72
-81
-15
33
11
-15
-22
-35
-7
-75
-79
-9
-32
-49
-34
-23
-32
-10
39
14
0
3
29
13
4
-5
16
27
-26
-31
-48
-51
-31
-2
0
52
84
80
16
-36
-51
-27
-8
-14
-16
-53
-69
-59
-31
-37
26
9
-26
19
-1
-17
12
21
-25
-17
14
16
15
58
44
16
21
52
48
44
13
-44
-19
-57
-40
13
51
111
124
84
40
47
34
-13
12
18
22
26
38
21
-18
-38
-58
-27
10
-40
-32
-43
-18
-10
12
6
-15
31
36
59
41
21
19
-3
-34
-22
-52
-103
-79
-42
-58
-36
-40
-64
14
-3
15
27
31
68
85
37
1
-16
23
44
24
28
50
40
41
77
8
34
94
104
123
122
119
58
53
50
60
65
-1
-19
17
12
26
80
12
-16
-28
-48
-40
-67
-80
-54
-19
-4
48
45
-6
-24
22
-10
-22
6
-22
-88
-59
9
-13
22
0
-5
-70
-56
-9
24
-9
-54
-57
-82
-11
-36
-39
-42
-57
-58
-24
-36
-26
-12
7
13
-43
-77
-70
-13
-5
-24
-4
-18
-32
20
28
64
134
95
45
-71
-97
-61
-37
-41
-98
-91
-70
15
73
41
-50
-41
-91
-144
-112
-188
-175
-85
-36
-9
56
46
22
-27
-36
-23
-36
-81
-89
-149
-199
-146
-134
-59
-29
-39
45
55
50
33
-27
-22
-6
24
73
132
138
107
66
64
71
62
141
163
181
207
105
109
101
161
140
105
192
153
158
148
93
140
167
131
122
117
115
173
143
110
56
39
80
103
97
134
130
122
103
58
18
17
45
81
101
87
71
-2
25
-30
-86
-11
-65
-22
-75
-132
-102
-80
-78
-85
-115
-156
-105
-120
-104
-58
-128
-150
-100
-131
-50
11
-58
-58
-73
-60
-112
-142
-118
-117
-92
-60
-59
-13
5
-16
9
-4
14
42
59
-6
-174
-154
-172
-214
-14
9
-44
1
-23
-46
5
-111
-190
-83
-138
-86
-77
-169
-130
-123
-47
-59
-149
-189
-213
-136
-85
-115
-46
-51
-176
-125
-141
-249
-222
-127
-127
-141
-123
-75
-113
-31
-25
-141
-19
-28
-69
24
-32
56
133
99
62
-22
-101
-35
76
108
96
75
56
59
149
179
144
220
228
225
153
145
131
185
282
291
312
256
200
269
273
160
215
240
70
85
216
75
186
234
175
210
209
131
54
138
58
115
84
147
142
115
203
108
73
78
31
45
117
41
31
118
139
149
129
29
-8
-80
-82
38
68
21
-50
-56
-131
-95
-71
-63
-127
-131
-119
-183
-239
-193
-170
-209
-275
-186
-141
-146
-162
-170
-144
-206
-214
-207
-225
-220
-211
-54
2
81
157
64
-76
-225
-125
-58
-62
-7
-31
45
48
152
-12
-44
-50
-90
100
41
-72
-142
-206
-52
2
-77
68
117
77
154
-13
-182
34
-49
-150
42
-75
-2
102
-72
-120
-144
-176
9
34
-20
-3
-26
29
80
110
-4
-46
-41
-6
15
-10
0
-71
29
7
-156
-37
-61
-82
27
-68
-51
-51
17
141
39
32
-113
-112
23
-86
-13
1
-66
-24
84
-44
-9
151
53
102
-69
-23
-7
-28
224
15
132
339
136
271
61
-126
201
36
-66
31
-90
39
163
190
145
-11
-40
38
123
71
-17
34
47
189
150
137
76
-23
24
-39
36
126
-22
25
186
88
107
208
-27
17
95
-164
-2
59
44
221
98
-9
38
-77
43
-17
-206
-247
-154
3
65
-112
-1
90
-60
-40
-142
-215
-162
-137
11
-4
-67
-22
-12
87
-102
-11
12
-27
-85
-50
3
8
86
-134
35
124
-107
65
-58
-244
100
-278
-169
-17
-79
161
-77
-91
-112
-22
64
10
-148
-99
96
180
128
-77
-2
-56
-70
-38
-137
-217
-53
3
112
68
-126
-88
-91
82
3
-117
-10
-122
-111
-24
-79
155
1
33
61
-108
20
-110
-116
-82
61
-39
-133
15
-114
-80
131
25
38
-20
-88
16
-19
79
179
205
33
-82
78
11
65
56
130
110
78
40
107
123
-60
101
-29
-58
183
149
193
96
3
46
-26
157
159
103
0
-191
-12
37
180
158
130
-2
-93
50
-103
29
104
-47
10
177
117
76
54
-109
4
86
16
206
32
-4
68
-168
90
65
-56
64
-42
-39
169
121
15
-17
-169
-29
259
199
-40
34
-244
-93
128
-108
37
33
-29
40
8
-107
1
86
121
131
-109
3
-43
-92
90
-110
59
42
-15
25
30
-39
-87
1
-106
-171
-73
-119
-14
122
-135
-112
-1
-166
-140
0
-216
-68
43
-52
-11
-169
-191
-239
-40
-26
-111
-73
-36
-182
-112
-236
-193
6
-170
43
-60
-43
-95
-139
112
-131
-140
-101
-177
54
-4
-71
-139
-6
-77
-26
-30
-186
-241
-17
176
96
103
180
-4
247
23
-113
73
-166
-42
-58
-186
-71
-62
236
169
148
68
-18
64
-12
53
-253
29
231
154
484
110
58
156
-126
296
118
-169
190
-11
-12
229
-66
209
111
22
237
-75
127
-48
18
77
-54
192
-76
14
48
-160
91
-155
-213
272
53
199
54
-3
74
187
-27
-131
26
161
188
125
132
-96
-24
243
123
96
136
-309
-43
249
69
26
176
-197
-149
336
-71
-28
107
-87
-131
-87
38
136
190
-62
-288
-242
-152
-35
224
-51
-297
-81
14
-120
91
-36
-255
-164
-59
-81
-18
0
-8
-79
-132
-26
-183
13
-33
-14
-42
-49
26
-68
121
-93
-126
69
-146
-48
162
-12
92
-37
-121
0
-92
168
-37
73
173
-81
-37
-101
58
90
-5
32
-12
29
175
51
56
-58
73
57
-28
-14
-106
34
138
136
24
-131
-45
56
138
-36
-190
-40
-199
-266
210
42
154
145
34
135
-56
-50
-81
-54
33
-108
-5
104
69
128
-147
-207
-185
-29
33
34
-124
-111
244
81
188
-20
-256
62
-240
-197
-89
-130
-155
-105
-153
-111
30
-77
-21
12
-365
52
40
-62
200
90
9
79
77
-23
-135
157
125
114
270
163
42
51
113
157
153
36
108
180
124
340
170
60
101
-20
-70
-11
-100
-139
88
266
37
160
106
-124
78
-63
47
122
125
25
-125
102
-138
-145
36
14
99
58
79
-66
-178
-168
-34
192
-130
-67
-18
-117
-4
-109
-226
-197
-120
-21
9
-42
-155
-166
46
-16
-346
-115
-46
-84
-10
-115
-28
138
-5
-66
27
-26
-73
-13
-92
-240
-153
-28
-98
136
96
19
209
-183
-176
176
25
92
-48
-266
178
86
103
255
-134
118
-26
-72
115
-37
195
279
11
51
70
265
-83
-1
-27
-119
94
150
32
126
-114
-26
-25
-52
-2
-45
215
-41
-109
292
-21
-47
211
-53
39
-109
-78
13
118
84
-24
126
-149
33
23
-98
-98
33
-12
76
-62
-49
-52
-116
-168
-316
36
-41
-12
-89
47
-230
-183
-186
-79
13
-15
-173
-102
68
84
287
38
16
-195
-212
-12
127
1
-2
-56
-27
-70
19
-59
-237
19
-38
151
20
175
202
-110
101
154
-86
123
131
-195
193
104
100
353
117
-62
52
-96
-32
122
126
206
36
19
112
10
-2
115
161
-32
28
98
88
-35
-6
-4
124
30
-33
212
-94
-6
43
-188
-63
17
64
-63
116
78
-8
111
7
130
12
-168
7
-25
109
112
-32
5
-137
-38
41
-49
175
58
-175
66
-137
-113
88
-36
237
53
-86
-83
-213
-114
-75
-76
64
40
24
-36
-124
-36
-141
-241
-176
-163
-55
81
97
99
-198
-10
130
-305
-55
-290
-312
79
-65
-130
67
-9
77
54
-268
-17
-56
-7
39
-61
-115
50
22
-160
-136
-168
-78
-31
-47
-17
-125
101
-77
-211
-8
-77
-28
61
-152
-66
-38
-58
-96
17
77
161
-93
57
34
-205
125
-73
87
200
-10
-42
183
61
155
258
61
-115
-67
104
-50
250
47
35
174
56
53
26
170
-4
245
256
-87
401
149
-31
307
10
148
12
146
187
62
286
-49
47
215
19
136
78
-131
-163
82
25
-3
109
112
-19
31
-64
4
-13
-135
-75
69
86
-48
-143
-185
94
-170
55
-66
-205
110
-170
80
29
-238
46
-35
-126
106
-152
20
122
-77
-104
-270
-97
-99
-95
-177
-159
-80
-220
-29
248
-110
-99
27
4
76
-75
137
-49
97
-182
-163
-116
-197
117
64
-150
-50
-9
-66
87
-54
-95
-226
73
-100
43
357
-79
5
118
-238
39
107
-196
274
38
-86
275
-16
-139
221
31
-90
224
4
19
25
158
-186
-60
80
-107
40
39
-23
-18
137
-171
-83
-28
-21
250
115
-129
55
-195
103
54
96
90
-223
20
37
-108
127
291
-54
338
-3
-411
172
48
-155
50
-164
-307
139
-67
-33
121
-55
-94
279
-103
-25
32
-34
94
-85
7
-5
61
-11
143
171
-37
109
57
-84
-58
-144
-66
-88
-87
396
19
223
44
-195
209
-210
78
566
861
133
-122
-430
-637
318
179
-642
-653
-853
-553
202
85
245
109
510
-384
-111
486
-567
496
366
-815
323
783
-338
465
14
-365
246
238
128
-175
-178
184
-401
172
462
-604
173
148
-409
118
-147
-247
-55
-55
80
-97
85
144
-371
518
-487
-245
245
-360
-1
284
-229
-255
215
28
96
260
169
-187
89
204
48
64
-230
-360
202
542
-213
0
232
-172
-80
40
264
93
-17
-195
-320
367
-52
-149
365
-186
-237
389
60
-76
-10
-203
-117
-124
38
-144
62
18
-214
6
94
-50
-287
-58
248
-395
-142
159
-151
452
171
-163
376
407
-551
277
37
-605
452
-423
-137
185
130
301
252
-238
-271
264
227
6
-199
-213
-517
-84
373
16
3
99
-339
242
169
-255
246
121
-108
-72
170
-344
534
61
-419
48
91
340
149
-261
-157
-276
35
7
-46
259
-276
-84
289
-214
-100
-287
-152
411
334
60
132
-135
-131
338
81
-114
-27
38
152
8
-330
32
296
284
119
97
-152
217
-41
-337
324
-293
448
212
-10
110
-150
10
93
135
-12
171
213
279
-176
142
-148
85
98
209
114
-327
138
-555
152
517
-97
20
-104
-304
-18
-224
-198
-174
161
67
-47
29
-424
30
-61
-121
85
-133
-31
-162
-174
-153
-143
165
58
0
-6
-121
181
153
-320
-34
-93
-77
223
-21
101
322
-167
-206
8
-551
150
61
-30
294
53
-8
-23
-212
-258
254
324
144
-85
-316
-77
117
-345
226
2
-60
241
-403
-81
-403
-72
-297
-211
359
179
-205
292
58
-305
21
-595
-101
108
133
4
36
-79
15
100
-133
182
10
-311
-310
-302
-371
51
76
11
165
-59
138
-39
-326
93
16
33
-46
51
322
57
-38
235
136
65
576
-94
39
31
-204
239
68
-85
156
-64
177
367
258
185
-76
113
-195
478
74
-238
531
52
-65
330
81
302
515
-262
150
-261
-216
454
294
137
-40
-215
-83
248
172
153
-119
-88
-36
-163
-185
177
-48
202
193
-293
14
162
-156
44
495
-100
-166
167
-246
149
104
-222
-461
-206
21
-206
-73
100
100
168
-131
-470
-298
255
-187
34
124
-367
158
-34
-70
131
111
-110
-152
108
-384
229
96
-258
144
-58
-108
-18
-311
157
-80
-259
15
-447
20
180
-322
-51
54
-315
50
-72
-250
140
87
-2
-176
60
229
-216
75
-22
141
139
-209
-37
-31
75
25
-12
-38
82
-197
94
-159
-92
336
-66
-6
258
-421
-166
155
-105
-57
-37
-209
69
415
75
159
-125
110
-26
110
248
-27
354
277
-204
-142
65
24
347
44
18
-239
-76
-285
232
307
371
241
-301
48
-264
172
200
138
-60
-3
4
169
31
-104
282
-34
-3
-129
70
-190
104
351
-130
28
-47
-69
95
136
-61
-138
-352
344
-156
-25
76
-165
104
163
-87
-87
13
-306
673
260
-195
69
-300
-54
79
-248
-69
-36
-130
-86
-194
159
45
-58
369
-358
-191
-15
-436
195
10
-24
110
-102
-1
-145
-133
141
-215
220
114
-267
260
-327
47
-20
71
-10
-207
172
41
396
-103
-183
-253
-295
-122
340
-73
331
191
-164
472
-284
122
154
12
48
25
-37
177
-90
-61
207
157
79
81
222
-164
171
-32
-175
233
-12
-97
-193
-49
156
108
-257
-93
-168
186
68
-261
-159
-304
78
315
-226
-74
172
-217
211
-181
-186
12
-189
191
-140
-162
-274
-82
262
-34
-129
-114
-235
84
-392
85
16
-22
324
-105
-46
-279
184
232
-139
-53
-238
165
210
-12
-7
-100
207
75
85
-199
-381
-114
-138
45
136
-180
110
-17
288
296
-227
-72
-169
89
-51
18
-45
-221
269
-9
108
84
-27
204
102
63
-66
-144
24
415
214
-16
170
-162
-100
151
23
141
249
117
92
123
-141
70
173
25
60
2
183
225
191
208
179
238
-30
56
-10
-237
87
92
-74
267
-71
21
-52
-155
128
-118
-32
100
33
111
224
87
36
180
-167
53
105
-442
181
-35
-33
115
-136
86
-120
-174
25
-175
49
-47
-64
-108
-264
36
46
58
-130
-81
-254
-93
-185
-190
-21
-40
103
241
-112
-104
5
-73
196
-200
-75
9
43
33
40
-59
-27
177
15
-76
-49
-323
-249
-17
-92
163
8
53
90
-52
-290
-16
-122
-393
51
-135
-112
11
-214
82
-37
-273
-295
-347
-83
-255
-169
197
-179
-204
-383
-327
-96
-155
-158
66
-23
-230
266
247
106
19
14
-66
337
-52
250
253
-17
245
196
444
402
297
249
286
368
99
109
336
-127
159
324
135
490
198
109
92
8
-181
-142
-76
-310
-164
-67
-126
-98
-53
-178
-244
-356
-686
-484
-338
-405
-515
-626
-676
-713
-554
-497
-280
-24
-146
14
141
145
339
710
911
1148
1290
1420
1514
1531
1475
1284
1045
931
944
697
687
497
405
459
467
400
244
-107
-284
-411
-818
-879
-1058
-1203
-1449
-1532
-1582
-1573
-1613
-1613
-1650
-1612
-1564
-1737
-1501
-1362
-1649
-1201
-963
-704
-502
-318
322
536
1106
1292
1462
2201
2371
2487
2438
2204
2101
1849
1718
1410
1139
1075
1301
1633
1777
1794
1541
1316
1047
472
48
-589
-1003
-1340
-1540
-1879
-1820
-1688
-1679
-1306
-1479
-1724
-2022
-2307
-2427
-2585
-2421
-2726
-2703
-2132
-2083
-2005
-1749
-1754
-1588
-1230
-1315
-1391
-858
-229
569
1374
1568
2397
3350
3936
4158
3797
3595
3169
3008
2475
2104
1908
1703
2186
2569
2844
2638
2501
2457
1873
1198
335
-616
-1117
-1396
-1620
-1766
-1779
-1865
-1929
-1832
-2107
-2653
-2914
-3018
-3135
-3112
-3364
-3311
-3202
-2972
-2645
-2437
-2231
-2201
-2196
-2043
-1971
-2231
-1865
-686
154
1247
1836
2489
3900
4799
5214
5070
4547
4212
3674
3294
2678
2118
1876
2041
2583
3010
2927
2701
2774
2371
1584
387
-479
-1374
-1625
-1949
-2367
-2226
-2221
-2164
-1976
-2028
-2813
-3367
-3788
-4102
-4353
-4460
-4434
-3687
-3161
-2798
-2480
-2402
-2150
-2341
-2268
-2551
-2550
-2856
-1847
-419
393
1816
2296
3702
5262
5955
6111
5860
5451
4718
4095
3371
2501
1971
1899
2207
2850
3139
3029
2981
3200
2590
1132
-44
-1387
-2393
-2638
-3222
-3190
-2830
-2434
-1649
-1453
-1889
-2871
-3517
-3799
-4267
-5016
-5163
-4693
-3988
-2946
-2295
-2082
-1736
-1710
-1934
-1859
-2484
-2981
-2362
-900
313
1618
2645
4243
6608
7468
7707
7312
6490
5677
4462
3525
2107
999
842
1352
1943
2463
2454
2490
3048
2353
436
-1041
-2727
-3925
-4354
-4703
-4714
-4145
-3014
-2144
-816
-462
-1774
-2627
-3165
-4251
-5212
-5778
-5761
-4787
-3671
-2680
-1771
-1116
-937
-1109
-1420
-1968
-3065
-3371
-1476
-352
1498
3127
4268
7597
9247
9503
9156
8386
6981
5257
3767
1657
-69
-858
-756
101
970
1066
1065
1722
2227
234
-1710
-3631
-5285
-6097
-6359
-6473
-5630
-3604
-2273
-81
1150
569
-451
-1381
-2348
-4236
-5520
-5744
-5126
-3712
-2157
-1117
196
1048
729
353
-446
-1924
-3367
-1739
-639
720
3183
4209
8355
10736
11168
10499
9269
7737
4963
2956
212
-1986
-3261
-3048
-1834
-392
244
355
1168
2059
-398
-2961
-4724
-6872
-7905
-7962
-7786
-6552
-3072
-1129
1685
3957
3169
2064
922
-1358
-3708
-6199
-7201
-6358
-5314
-3410
-1739
57
1897
1785
1109
417
-1616
-4109
-3125
-1871
-1095
2340
3436
7947
12445
12876
12779
11139
9136
5642
2568
-1006
-4014
-5613
-5581
-3843
-1859
-147
544
1325
2872
809
-3101
-5182
-8057
-9696
-9760
-9678
-8604
-4679
-1111
2483
5960
6435
5380
4233
2114
-1888
-5955
-8261
-8237
-6880
-4730
-3043
-1101
2155
3835
3615
2694
473
-2726
-3639
-1871
-1879
710
3188
6139
12763
14787
14787
13227
11159
7473
2965
-1090
-5953
-8783
-9246
-7486
-5043
-2375
-754
540
3108
2993
-1956
-4960
-8002
-10879
-11270
-10869
-10064
-6493
-731
2978
8168
10552
8918
8257
6832
2388
-3400
-8231
-10137
-9214
-7422
-5267
-3242
-10
3385
4429
4508
2990
-968
-4233
-2974
-2916
-2545
1536
3382
10564
15682
15927
15668
13554
10507
5140
313
-5755
-10218
-12060
-10894
-8012
-5038
-2344
-158
2539
5190
1693
-3118
-5702
-9924
-11738
-11842
-11251
-8916
-2772
2291
7213
12116
12193
10574
10073
6662
465
-5764
-10360
-11578
-10399
-8355
-6508
-3446
834
3505
4095
4244
1787
-2354
-4372
-2941
-4419
-2194
1459
4697
13912
16766
17022
16408
14386
9874
3775
-2197
-9286
-12882
-13626
-11372
-8091
-4856
-1865
980
4517
5688
549
-2814
-5747
-9589
-11105
-11252
-10556
-6500
540
5101
10143
13921
12543
11819
11018
5218
-898
-7317
-11626
-12171
-11268
-9643
-6828
-2854
1384
4047
3788
3794
858
-3116
-3935
-3555
-5119
-1511
1678
6120
15812
17194
17721
17525
14713
9790
3261
-4066
-11182
-14292
-14751
-12111
-8832
-5131
-1489
1687
5285
5716
-100
-2826
-6033
-9942
-10841
-11247
-10206
-4830
2484
6649
12216
15035
13405
12589
10977
4251
-2101
-8004
-12361
-12743
-12401
-10943
-7506
-3013
997
3667
3568
3232
186
-3533
-5068
-4495
-5228
-2314
2182
5748
15612
17577
17912
18615
15156
10532
3361
-4106
-11421
-14563
-15604
-13296
-9689
-5970
-1904
1704
5115
6593
1092
-2003
-4473
-8706
-9882
-10424
-9164
-4399
3320
7079
12568
15546
14805
12948
10764
4900
-2982
-8343
-13308
-14267
-13763
-12332
-9238
-4358
-125
2839
3444
2602
256
-2893
-5770
-5255
-4511
-3790
2598
4991
12861
18842
18340
19908
16992
12698
5629
-1505
-9484
-14192
-16122
-15448
-11589
-7855
-3298
601
3880
6907
3929
-861
-2252
-6634
-8977
-9577
-8594
-5828
1916
6934
10828
16085
15505
13859
11577
6725
-1277
-7536
-11940
-14503
-14777
-12625
-10356
-6210
-912
2080
3303
2989
1112
-2830
-4746
-8005
-7184
-5037
-2606
4033
7039
15646
19911
19942
20170
15485
10367
2527
-4413
-11784
-15480
-16260
-14922
-10751
-5959
-1587
2274
5188
7044
3459
-684
-3529
-7903
-8894
-9417
-7626
-4063
3566
8324
12692
16867
16033
13423
9970
4338
-3749
-8620
-13859
-15929
-13987
-12474
-9613
-4392
209
2903
4077
2959
263
-3238
-6252
-9913
-8552
-5059
-3189
3797
7850
15717
21113
20745
20437
15242
10273
1616
-5510
-12130
-16241
-17335
-15458
-10424
-5510
-791
2645
5963
8193
4677
-581
-2927
-6941
-8424
-8798
-7070
-3462
3634
8934
13111
17753
16636
13464
9890
5058
-3448
-9786
-13927
-15814
-14504
-12484
-9819
-4535
940
3159
4248
3421
686
-3942
-7205
-10205
-10790
-6288
-4236
2666
8061
13939
21660
21499
21671
16833
10802
3051
-4557
-11533
-16817
-17554
-16441
-11680
-6242
-1305
3121
6809
8668
6878
935
-2306
-6576
-8734
-9248
-8077
-4785
1801
8991
12780
18117
17986
15021
10832
4731
-3131
-10303
-15307
-17661
-16494
-14066
-10758
-5419
65
3580
5016
3957
1051
-3307
-6887
-10095
-12117
-7510
-4529
-45
7979
11434
20226
22802
21340
18405
12166
5717
-3233
-9391
-15669
-17878
-17229
-13561
-7754
-2172
2557
6235
8489
8891
2703
-2222
-5363
-9095
-9696
-8909
-5496
-292
8557
12584
17476
19873
16159
10883
5950
-1926
-10634
-15180
-19240
-18268
-14955
-11360
-6483
-132
4186
6055
4796
2412
-1889
-6815
-9054
-11960
-9959
-4458
-1349
6217
11859
18108
23844
22289
20129
13997
7564
-1066
-8521
-14667
-18572
-18217
-15493
-9475
-3408
1779
5611
8568
9424
5233
-1520
-4878
-8661
-9856
-9418
-6796
-1235
6937
13974
17330
20713
18114
12175
6769
-1250
-10073
-16337
-20259
-20119
-16244
-12351
-7577
-685
4164
6991
6151
3257
-596
-5308
-8582
-11012
-11124
-5247
-1644
4423
12366
16019
23468
22864
20363
15448
8427
208
-8515
-13464
-18882
-19028
-16454
-11020
-4437
1293
5157
8167
9339
6701
-630
-4486
-7688
-10335
-9678
-6950
-1574
5398
13774
17250
20225
19716
13096
6459
320
-9764
-16721
-20000
-21528
-17563
-13059
-8428
-1541
3878
6739
7188
4528
800
-3580
-7837
-9532
-11264
-6930
-1241
2578
11500
14716
21487
24216
20765
16803
9301
2143
-7148
-12759
-18274
-20168
-17560
-13149
-6475
208
4472
7645
9154
8498
2205
-3258
-6063
-9707
-8852
-7249
-2778
2929
12150
16441
18797
19965
14499
7490
1087
-7344
-16151
-19495
-21873
-19641
-14280
-9402
-3893
2710
6564
7932
5999
2319
-1460
-6277
-8667
-10452
-9388
-2149
1332
8004
14393
17845
24537
21876
18414
11695
4585
-4068
-11409
-16200
-20452
-18500
-15282
-8632
-1832
3591
6562
9176
9631
5934
-983
-4299
-7579
-8926
-7484
-5160
48
7909
14713
16655
19252
16388
9117
2592
-4334
-13664
-18727
-21286
-20969
-15728
-10203
-5545
1166
7037
8986
8152
4779
986
-4222
-7455
-9557
-10607
-4966
509
4260
13053
16165
21920
23640
19199
14236
6103
-1210
-10520
-15394
-19976
-20311
-16931
-11068
-4038
2111
6557
9048
10399
8577
2427
-2976
-5420
-8479
-8124
-6436
-2453
3898
11616
15115
16765
16703
10800
3863
-2175
-11082
-17897
-20608
-21637
-17390
-11704
-6561
-225
6404
9560
9874
6956
2942
-1714
-6534
-8782
-11160
-8029
-801
1868
10561
15306
19445
24538
20186
16043
8074
781
-8843
-14810
-19059
-21539
-17835
-12913
-5363
1436
6654
9542
11310
10559
5343
-1362
-4158
-7792
-8831
-7479
-4079
1383
8842
14268
14865
16636
12261
4682
-862
-9267
-16853
-20022
-21174
-18243
-12299
-6796
-509
6446
10470
11310
8701
4588
99
-5526
-9178
-11503
-10046
-2361
643
7987
14387
18416
24395
20635
16687
8698
1102
-8003
-15152
-18997
-22133
-18881
-13348
-5386
1625
7117
10262
12206
11757
6367
-739
-4219
-8023
-9564
-8391
-5195
8
7117
13046
14672
16190
12452
5503
-344
-7773
-15890
-19177
-19974
-17411
-11522
-5735
433
7129
10866
11417
9266
4806
-158
-5686
-9795
-11840
-11813
-4585
740
5214
14119
16141
23053
22409
16161
10321
1940
-5295
-13916
-17047
-20703
-18416
-12584
-6177
1099
6373
9426
11023
11096
7302
-837
-5299
-7558
-9889
-8334
-6159
-1223
5328
12790
14388
14765
13512
6444
520
-5643
-13845
-18398
-18798
-17101
-11785
-5467
-539
5195
10285
11258
9325
4808
24
-5149
-9583
-11467
-12817
-7094
682
3623
12800
16234
20999
23713
17501
12153
3620
-3293
-12200
-16157
-18780
-18832
-13660
-7422
-179
5367
8871
10232
10418
7867
520
-5324
-6982
-9670
-9212
-6671
-1974
3861
11083
14006
14110
13952
8291
1321
-3932
-11338
-17015
-17527
-16288
-11909
-6497
-1174
4017
9224
10734
8860
4980
456
-4416
-9488
-11335
-12483
-9496
-210
2600
10501
15976
18677
24334
18553
13595
5253
-1395
-9528
-15155
-17311
-19007
-14248
-8735
-1849
3836
7617
9263
9469
8193
2246
-4663
-6367
-9020
-8829
-7036
-2859
2127
9028
13642
13324
14180
9434
3105
-2478
-8627
-14981
-16469
-15689
-12410
-7002
-1942
2863
7585
10319
8797
5761
1303
-3620
-8148
-10913
-12305
-10658
-2027
2136
7673
15445
17155
23801
20474
14579
8336
744
-6449
-13970
-16194
-18769
-15848
-10650
-4032
1671
5969
8215
8872
8280
3917
-3760
-5840
-7379
-9025
-7339
-4471
801
6793
12679
12725
13955
11229
5048
-50
-5942
-12653
-15715
-15229
-13161
-8287
-4097
690
5580
9204
8957
6292
2297
-1885
-6225
-10146
-11416
-11818
-5418
2003
4588
13433
16057
21011
23244
16401
11532
3422
-2859
-11188
-14948
-18084
-17916
-12968
-7572
-946
3568
6801
8205
8611
6137
-501
-5071
-6049
-8347
-7822
-5678
-1266
4144
10709
12783
13348
13136
7791
2466
-3177
-9873
-14658
-15465
-14761
-10819
-6818
-2042
2974
7366
8687
7131
4146
76
-4017
-8259
-10226
-11873
-8464
-239
2722
9988
15129
17487
24300
19477
13859
7363
488
-7349
-13605
-16544
-19361
-15456
-10676
-4550
990
5483
7441
8377
8501
3472
-3333
-4662
-6932
-8330
-6404
-3705
976
8044
12617
12484
14397
11029
4923
81
-6390
-12949
-15354
-15747
-13884
-9455
-4836
88
4979
8693
8479
6383
3313
-864
-5605
-8668
-10420
-11448
-4288
1897
4678
13688
15414
21352
23154
16145
11071
3628
-2702
-11634
-15420
-19062
-18340
-13573
-8160
-1680
3322
7142
8317
9315
7112
-61
-4406
-5434
-8277
-7998
-6115
-1995
4154
11064
12537
13490
13627
8197
2909
-2940
-9948
-14793
-16070
-15484
-11964
-7568
-2424
2537
7638
9707
8259
5618
2048
-2787
-7228
-10030
-11926
-9630
-1072
2068
8090
15327
16701
24184
20038
13817
7843
841
-6702
-14288
-17179
-20124
-16405
-11585
-5275
274
5369
8255
9083
9114
4352
-2939
-4682
-6729
-9138
-7440
-4497
759
7857
12920
12625
14702
12118
5826
619
-6454
-12935
-16128
-16500
-14722
-10671
-5538
25
5582
10082
10302
8007
5093
983
-4681
-8845
-11265
-12644
-6547
419
2762
12219
15299
20065
24128
16848
11622
4598
-1850
-11119
-15812
-19362
-19248
-14108
-8747
-2148
3263
8198
9357
10128
8405
1152
-4481
-4944
-8682
-9005
-6415
-2776
3662
10820
12960
13102
14977
9428
3556
-2367
-9630
-14757
-16546
-16007
-13584
-8328
-2603
2781
8374
11003
9654
7136
4136
-1553
-7063
-10557
-13038
-11553
-4344
550
4607
14036
15788
22464
22227
14573
9829
2657
-4279
-13336
-16486
-19859
-17040
-11990
-6471
-454
5175
8847
9337
9957
5688
-1596
-4587
-5957
-9716
-8140
-5597
-564
6418
12185
12573
14595
14306
7476
2390
-4760
-11328
-15858
-16453
-16045
-12435
-6639
-1179
4791
9572
10673
8689
6749
2281
-3798
-8633
-11672
-13362
-9742
-2358
362
8421
14524
17807
24330
19142
13385
7680
1449
-7481
-14289
-17557
-19228
-14958
-10578
-4685
1128
6914
8585
9672
9332
2918
-3275
-4243
-7741
-9635
-7270
-4607
1499
8922
12087
12568
16203
11974
6011
478
-6867
-12769
-15964
-16326
-15454
-10076
-4969
546
6283
9894
9417
7703
5546
5
-5687
-9792
-12693
-12858
-8109
-1512
1751
11121
15245
19835
24098
16999
12786
6582
75
-9364
-14408
-17613
-17924
-13515
-9221
-3436
2577
7345
8372
10024
7819
614
-3249
-4412
-8849
-9025
-6981
-3111
3939
9956
11344
14397
15824
10405
5107
-1138
-7212
-13409
-15343
-16241
-14082
-9169
-4610
1002
6264
8695
7444
7208
4041
-1763
-6890
-10644
-12152
-12264
-7651
-1059
3281
12289
15282
20526
23607
16955
12540
6520
179
-9256
-13769
-16989
-17031
-13140
-9234
-3131
2889
6852
7534
9452
7075
117
-3023
-5082
-8485
-8320
-6443
-2487
4688
9622
11401
14860
15354
9977
4700
-583
-7658
-12508
-15418
-16704
-13707
-10019
-5557
-134
5095
7224
7117
7173
3644
-1929
-6287
-9690
-11878
-11705
-7570
-975
3631
11840
15014
20863
23592
17123
13857
7980
1338
-8145
-12639
-16329
-17002
-13771
-9983
-3999
1581
5555
6978
9642
6555
41
-2613
-4389
-7882
-8720
-6892
-2646
4136
8466
11398
14950
15501
10501
5761
589
-6680
-12299
-16229
-16588
-15056
-12234
-7178
-1625
4363
6831
7620
7853
4659
-666
-5130
-8672
-10999
-12104
-6713
-1050
3555
12059
14906
22649
23295
18478
14337
8799
1104
-8914
-12966
-17768
-17925
-15294
-10402
-4836
1596
5748
7862
10745
6767
686
-1557
-3906
-8641
-9471
-7195
-2676
3454
7856
11461
15253
15780
10572
6170
348
-7006
-13459
-17162
-17329
-17089
-13302
-7943
-1377
4505
7279
8645
8768
5413
-523
-5103
-8585
-11520
-12118
-6142
-1368
4556
12073
16135
23796
23334
18844
14262
8929
-253
-9555
-14306
-18899
-18681
-15554
-10512
-4787
2460
6057
9096
11132
6369
654
-1134
-4694
-9680
-9666
-7306
-2495
3866
8481
12392
16611
15975
10755
6761
48
-8071
-14466
-17409
-18497
-17845
-13413
-7723
-374
4990
7787
9409
9677
5267
-366
-4580
-8434
-11581
-11465
-4991
-1164
5630
12477
17220
24677
22677
18279
14095
8121
-2209
-10662
-15619
-20084
-19081
-15630
-10636
-4055
2908
6352
9898
11024
5360
664
-634
-5535
-10411
-9440
-6947
-2062
4227
8713
12921
17153
15447
10138
6621
-621
-9312
-14770
-17422
-19113
-17664
-13186
-6886
14
5205
8020
10241
9888
4892
-272
-4255
-8228
-11884
-10925
-4399
-536
6208
13040
18364
25131
22326
18284
13877
6951
-3454
-11662
-16824
-20719
-19449
-15958
-10435
-3520
2836
7115
10531
10551
5215
1215
-838
-6403
-10435
-9360
-6507
-1583
4398
8829
13730
16983
14799
10370
6209
-1646
-9424
-14505
-17631
-19101
-17748
-12656
-6172
221
5018
8488
10974
9834
5041
465
-3914
-8331
-11306
-10923
-4038
-61
5482
13393
18204
24614
22342
18263
13865
6943
-2974
-11689
-16714
-20656
-19863
-16371
-10744
-4222
2231
6928
10040
10217
5688
1254
-1056
-6053
-10039
-9106
-6217
-1715
3997
9104
13533
16451
14987
10549
6252
-1085
-8632
-14523
-17506
-19234
-18356
-12941
-7069
-1135
4492
8891
10947
10228
5981
1164
-2908
-7194
-11056
-11007
-4556
-426
4507
13066
17310
23477
23098
18489
14253
7495
-2103
-11578
-16384
-20702
-20970
-17156
-11520
-5068
1845
7100
9905
10650
7086
1831
-429
-4920
-9463
-9035
-6229
-2203
3245
8471
12475
15778
15063
10990
6341
34
-7616
-13892
-16988
-19391
-18874
-13437
-8038
-2247
4323
8630
11017
10786
7100
2221
-1514
-6125
-10456
-10810
-5260
-778
3205
12402
15729
22229
23687
18434
14546
8174
-1247
-10756
-15532
-20765
-21548
-17519
-11927
-5848
1147
6395
9480
11024
8113
2187
5
-3734
-8790
-8991
-6614
-3240
1921
7503
10985
14825
14866
11025
7042
1554
-6588
-12895
-16260
-19002
-18623
-14087
-8857
-3021
3722
8118
10838
11135
8111
3262
-24
-5004
-9484
-10448
-7028
-1566
1494
10060
14038
19603
23321
18450
14847
8966
654
-8303
-13899
-19220
-20888
-17207
-12332
-6946
-389
4798
8636
10345
8467
3010
511
-2177
-7397
-8614
-6944
-3695
567
6031
9236
13272
14139
11394
7971
3117
-4077
-10968
-14464
-16981
-17853
-14455
-9638
-4181
2198
6565
9203
10677
8607
4133
1296
-3469
-7669
-9220
-8804
-3601
825
5460
11895
15111
20964
19700
14999
10957
4064
-2963
-10336
-15543
-18978
-16614
-13330
-9054
-3497
1419
6117
8215
8069
4735
1119
-790
-4301
-7212
-6987
-4361
-1451
3759
7152
10173
13019
12029
9380
5053
-972
-7168
-11430
-14779
-16362
-15366
-11236
-6141
-1304
3739
6794
9443
9102
5824
3072
-621
-4658
-7179
-8384
-7497
-505
1580
6912
12329
15086
20179
16567
13000
7835
2768
-4695
-11229
-14960
-16333
-14388
-11323
-6882
-2556
2318
5930
6686
6570
3693
-75
-857
-4338
-6544
-5754
-2736
143
4227
7168
9578
11848
10570
6962
2070
-2250
-7305
-11518
-13681
-14587
-12851
-8038
-4220
-720
4092
7164
8236
7601
5122
1705
-1139
-4426
-7290
-8374
-5483
-523
1161
7794
10726
14623
19068
14871
11432
7718
2335
-4978
-9539
-13784
-15046
-12658
-10217
-6976
-2629
1652
4414
6038
5906
1827
406
-468
-4362
-6144
-4558
-2809
-154
4193
5560
9222
11603
8672
5411
2937
-1963
-6806
-10710
-12936
-13389
-11355
-7845
-5483
-275
4344
6357
8421
7967
4672
2507
-69
-4987
-6975
-8574
-5770
-853
971
6756
9635
15762
18713
14174
11987
8069
2681
-4106
-9565
-14150
-14361
-12701
-11306
-7266
-2774
1592
5377
6671
5851
2991
1653
-411
-4588
-6167
-4910
-3227
-253
3518
5841
10078
10809
8697
6593
3103
-2148
-7083
-10585
-13094
-13730
-11848
-8316
-4442
593
4842
8016
9922
8219
5399
2922
-1200
-6017
-8746
-10017
-5214
-2332
425
7306
11054
18294
17787
15175
12544
8297
1117
-6027
-11376
-15382
-15239
-14562
-11218
-6821
-1692
3358
6711
7561
6094
2604
1735
-2401
-6342
-7117
-5648
-3446
521
3793
7202
11301
11044
9609
6407
2209
-3237
-8095
-11689
-14375
-14185
-11035
-7434
-2911
2587
6658
9608
10545
7602
5252
1395
-3899
-7756
-10972
-10821
-5824
-2963
1455
8745
12357
19589
18838
15439
12949
7245
461
-6845
-12549
-16012
-15825
-14180
-10644
-5698
-845
4586
7107
7528
5787
1912
641
-3577
-6702
-7153
-5059
-2548
1360
4818
8032
12116
11282
9478
6248
1467
-3545
-8331
-12120
-13563
-13107
-9882
-5767
-1781
3491
7098
9482
9492
6480
3226
-264
-5191
-9374
-10916
-11844
-5778
-1952
1731
9801
12239
19948
19533
15663
12245
7244
756
-6739
-12309
-16195
-14922
-13775
-10026
-5690
-643
4259
6314
7046
5080
1489
-1
-2882
-5887
-6608
-4297
-2525
1799
4909
7718
11654
11522
9278
6089
1822
-3745
-7459
-11711
-13034
-12429
-9312
-5080
-1459
3314
6375
8754
8278
5475
2492
-874
-5579
-9309
-10756
-11609
-6828
-1691
1218
9361
12291
17806
20253
15254
12188
7673
1577
-6005
-11350
-15107
-14785
-13047
-10152
-5869
-1211
3386
5928
6224
5598
1488
-279
-1630
-5095
-6803
-4663
-2186
896
5074
7203
11097
11893
9659
6653
2236
-2224
-6856
-10618
-11695
-11151
-9366
-4986
-1317
1925
5932
6912
7333
5339
1834
-1645
-5373
-8828
-10731
-11262
-8390
-1327
1095
7891
11735
15177
19868
15187
11726
7678
2591
-4445
-9145
-13555
-14140
-12069
-10049
-5969
-2337
1885
4943
5695
4920
1628
-840
-1066
-4472
-6958
-4935
-2210
410
4454
6874
9388
11608
9664
6593
3316
-1416
-5620
-8520
-9298
-10171
-8855
-4381
-1257
953
3551
5332
5886
4282
558
-2569
-4969
-8270
-10754
-10410
-8431
-2979
1464
4725
11041
12054
17592
16120
11447
8851
4713
7
-5524
-9468
-12099
-9854
-8828
-7103
-3675
9
2767
4100
3582
2219
-824
-561
-2747
-4933
-4219
-1841
322
3695
6096
6850
10166
9798
6552
3825
773
-3041
-4327
-7057
-8303
-6742
-4592
-2264
-1397
960
2960
2937
2221
-57
-2815
-4286
-6617
-8993
-8863
-8108
-6169
951
2324
6134
10472
12496
16841
12883
10559
8543
5604
40
-5015
-8238
-9418
-9209
-9485
-6592
-4284
-1661
1490
1740
2292
868
-590
254
-1810
-3352
-2043
127
919
3718
4564
7077
8696
6863
5273
4131
1618
-1184
-3730
-5318
-5929
-6679
-5526
-4465
-3873
-1736
-738
-207
151
-2124
-2760
-2991
-5508
-7169
-7059
-6662
-3999
242
1038
6900
9264
12023
16838
13599
12897
10190
6472
1018
-4416
-9044
-10704
-11275
-10910
-9065
-6005
-2189
1057
2207
4077
3169
1882
2612
-126
-1899
-2138
-747
-26
2343
3663
6046
8504
8813
7723
5711
3848
654
-3212
-6096
-8418
-10053
-9261
-8025
-6721
-4018
-1213
688
1509
1407
-34
-1154
-3457
-5760
-7073
-7661
-5128
-842
1131
7049
9574
15555
19170
15796
14408
10985
5742
-1289
-7490
-12543
-13501
-14162
-12892
-9464
-4403
-569
3708
6187
7168
4752
4424
3002
-1377
-3464
-3695
-2833
-1133
1799
3590
8862
11001
10019
9082
7582
2961
-2450
-6200
-10501
-12790
-13354
-11812
-8980
-6048
-1808
1153
4461
4031
2801
1816
-450
-4687
-8147
-8318
-9152
-6835
-931
1401
9106
12204
16282
20660
16732
13496
8785
3634
-4017
-9832
-14619
-14859
-14252
-11605
-7277
-1828
2840
6485
8641
8775
5956
3224
1410
-2987
-5419
-5788
-4274
-1085
2629
5324
9730
11694
11044
8753
5663
-127
-5549
-9548
-13144
-14916
-14073
-10999
-6798
-2622
1084
4476
6883
6373
3789
1111
-2291
-6483
-9525
-10295
-10151
-6975
-271
3812
9144
13669
15569
20021
15646
10823
6905
1733
-4926
-10177
-13551
-13167
-11484
-8122
-3666
1080
5497
8140
9470
8419
5274
447
-455
-4623
-7381
-6538
-3700
-20
3428
6078
9625
11984
9768
6044
2546
-2411
-7032
-11731
-13415
-13414
-11462
-7887
-3558
259
4079
6330
6531
6238
1723
-1366
-4428
-8063
-10502
-10587
-8921
-6185
-708
5056
7451
12526
12502
15169
13914
8829
5018
1218
-1886
-6906
-8572
-8498
-6552
-4060
-596
2255
5630
6588
6343
5014
2697
-2190
-3366
-4779
-6394
-5106
-2943
518
3363
5930
7074
8445
6957
3656
586
-3137
-6566
-9588
-9413
-9358
-7595
-4503
-372
2134
4047
4338
3837
2846
-998
-4038
-6239
-7131
-8982
-8700
-6801
-3856
-2145
3745
5516
7095
9814
8203
11157
8829
5417
4148
3883
1268
-1022
-1821
-1255
-753
324
282
975
1757
896
355
-268
-1783
-4386
-1926
-2734
-2930
-1371
295
1495
3341
3429
2587
3505
1693
-781
-1677
-3269
-4525
-4368
-3165
-3086
-2118
361
333
500
-11
-833
-1575
-2351
-4824
-5008
-4294
-5172
-5696
-4481
-3939
-2874
-2837
1697
1094
2807
5118
5853
11149
9418
9760
10310
10895
6908
4342
2601
-141
-2755
-4246
-4666
-4390
-4382
-3218
-836
540
-417
-726
1865
-193
-1735
-2398
-1835
-1928
-2470
-2206
-338
1465
501
1552
3143
1846
1727
705
110
-1605
-3062
-3731
-3240
-3846
-4602
-3212
-1743
-1496
-2341
-1206
-1554
-2636
-4184
-5356
-6654
-6293
-7964
-3799
-574
732
6224
9171
15862
16862
16227
16615
14872
10078
4063
-470
-4665
-7691
-8899
-8622
-6154
-3903
-1803
2074
3429
2407
313
1120
-1606
-5359
-6958
-6944
-5825
-4552
-3053
105
4965
6233
6462
7481
5859
3109
526
-2281
-4739
-6372
-6464
-5585
-4289
-3160
-1166
516
1419
-105
-843
-2107
-4539
-7429
-9548
-10072
-9489
-8040
-4885
2308
4832
10902
14834
18482
21402
18309
16188
12737
7761
849
-3266
-6619
-7837
-8708
-6995
-4546
-1836
-302
1507
2290
990
-1985
-4300
-4881
-8164
-8707
-8185
-5452
-2320
581
3520
6893
8332
7364
6535
4542
1159
-1441
-3823
-5010
-5605
-5788
-3866
-1914
-546
91
830
518
-1201
-4069
-5987
-7349
-9237
-9983
-9301
-7234
-3749
-1453
3713
9839
11044
14860
14952
17112
16729
11857
9113
7020
3347
-1131
-2604
-4407
-4134
-4776
-3849
-3039
-2051
-2943
-2925
-2787
-3857
-6269
-6060
-4703
-5972
-4654
-2740
-849
1328
2833
3281
5169
5088
3452
3017
2365
229
-824
-799
-959
-1651
-1212
-751
-1143
-1404
-3035
-4019
-4378
-6560
-7552
-6889
-6276
-6091
-4435
-2538
-241
1777
2649
4714
8541
7933
9274
9738
10586
12197
10087
8933
8060
7153
3555
1403
-1382
-3682
-5667
-6153
-7504
-7356
-6691
-5473
-3525
-2562
-3535
-2612
-1304
-2676
-3683
-3937
-3323
-2439
-1558
-913
1833
3837
4990
5584
6431
5935
4759
3046
1423
-629
-3417
-4950
-5851
-6840
-7134
-7140
-5561
-4472
-3546
-2405
-1134
-391
-12
-630
-558
-64
-348
-448
2940
4654
5121
8917
9308
13795
13495
12043
10689
9662
5441
738
-2321
-5218
-7121
-8387
-7437
-6841
-4755
-3831
-2142
-1377
-2103
-4736
-3777
-5529
-7091
-7733
-5674
-3864
-1156
1550
4488
8746
9403
10086
9004
8012
4570
1656
-1139
-4292
-6749
-7541
-6975
-6832
-6098
-4353
-2069
-713
-1168
-804
-292
-422
-1702
-2330
-2831
-2459
-1965
-1382
521
4551
5029
8520
10175
10441
13515
11819
10658
8390
6632
2781
550
-2618
-5253
-6364
-6134
-7225
-7004
-5922
-5961
-5153
-5019
-6048
-6637
-4686
-5933
-5100
-2995
-1347
909
4182
5314
6696
8619
8412
7392
5829
3405
987
-980
-3196
-5558
-5827
-5199
-5511
-4660
-2934
-2129
-1164
390
52
205
-254
-958
-1615
-1823
-3197
-3354
-1991
-1512
-1098
3364
4974
6901
9556
10049
13992
12768
11393
9376
8414
3984
-41
-3147
-5783
-8184
-9337
-9709
-8887
-7356
-7200
-5041
-3302
-3427
-3905
-2218
-3057
-3209
-2854
-1629
-143
1820
2890
5153
7243
7309
6288
6469
4505
1949
-329
-2452
-3992
-5190
-5401
-4975
-3500
-2125
-765
873
1574
775
278
-838
-2628
-4535
-5093
-5992
-5215
-4006
-2214
-201
4358
7227
8349
11832
11021
13783
13104
10024
7621
5866
2244
-1866
-4203
-6601
-7653
-7986
-7594
-7259
-5573
-4763
-4148
-3389
-3787
-5750
-4415
-4903
-5511
-4475
-2081
351
2443
4835
6842
9303
9357
8140
6768
5140
2202
-404
-2544
-3472
-4145
-3029
-2196
-1046
-239
593
881
-203
-1656
-4087
-4521
-5826
-6336
-6574
-4936
-3189
-1173
1112
3122
4356
8366
8298
8223
8413
7138
9487
7528
5849
4498
4699
2053
-108
-2140
-4081
-5336
-6558
-8055
-8342
-8784
-8915
-8177
-7009
-6922
-6777
-3261
-2548
-826
855
3105
4708
6323
6382
6650
7879
6387
5042
4711
3111
1675
818
-293
-772
-1477
-1866
-2386
-2564
-3577
-4155
-4359
-4612
-5447
-5384
-4002
-3384
-2429
-854
554
1226
1799
1832
1992
1513
4065
2911
4567
5882
5846
10145
9356
8013
7225
6828
2761
-632
-3856
-7422
-9111
-10508
-11681
-10675
-8746
-7140
-4885
-1433
-1139
-1040
2151
1442
1338
1274
1742
2356
4381
4126
4974
7816
7417
6589
6434
5428
2870
1012
-645
-3201
-4448
-4899
-5943
-5114
-4606
-4226
-2799
-1419
-1612
-1206
-268
-998
-1657
-1896
-1871
-2206
-2009
-1157
-214
521
3455
5070
5235
7378
6321
8969
8615
5698
4567
3828
1223
-2121
-4161
-6082
-6559
-7404
-7444
-6753
-5460
-5048
-3587
-2348
-1871
-2948
-516
55
-282
505
1683
3570
4653
5515
6015
7356
6934
5179
4524
2524
714
-719
-2019
-2781
-4213
-3356
-3380
-3017
-3243
-2410
-1946
-2153
-2853
-3340
-3009
-3509
-3610
-2841
-2391
-1333
-343
549
1413
1461
1212
4256
4004
3573
4639
5183
8002
6762
6003
5503
5581
2515
27
-2498
-4623
-6816
-8062
-8011
-7872
-7423
-5750
-3105
-1435
-712
-413
2433
2750
2314
1753
2738
3208
2997
3297
3587
4544
4602
4098
4259
3056
2118
597
-265
-1918
-3484
-3851
-4534
-4674
-5014
-4808
-3988
-4079
-3866
-3120
-2509
-2115
-2087
-1210
-704
476
223
1069
1784
1963
2395
5024
4863
4948
5813
6029
8054
6019
4377
3325
3438
-286
-2845
-4420
-5505
-6610
-6915
-6678
-5436
-3826
-2822
-758
641
749
227
2211
1171
288
169
1080
1560
2321
2655
3730
5751
5107
4523
4453
3124
1160
-157
-2263
-4213
-5226
-5985
-6535
-6190
-6323
-5622
-3846
-2955
-2800
-1361
-271
409
906
1725
1697
2341
2652
1790
1477
1123
101
880
2372
448
2252
2775
4270
5627
4011
4379
4486
3768
593
-973
-2218
-3620
-4583
-5238
-4550
-4105
-3409
-1785
-768
430
-623
2
1024
47
-477
-187
1539
2256
3391
3627
5283
6106
4429
3552
2172
61
-1939
-3920
-5827
-6513
-7057
-6593
-5398
-4064
-2508
-911
1115
1583
1736
1638
1129
279
-190
-1007
-1737
-1070
-978
-825
-336
-45
117
1663
3542
1800
3937
3565
4776
6116
4569
4804
4395
3875
1135
272
-1839
-3703
-4519
-5064
-5236
-5387
-4809
-2871
-1693
-624
-791
673
2509
1722
1579
1871
2409
1744
2167
1760
1856
2108
905
787
195
-1159
-1762
-2057
-2684
-3622
-3376
-2946
-3121
-3196
-2458
-2073
-1410
-1396
-1038
-270
357
491
928
2141
1910
2005
2401
1826
1010
85
-103
-668
862
320
1465
3350
3745
6907
5937
6275
5076
3738
988
-1836
-3923
-6101
-6361
-6356
-5724
-3398
-1822
522
2203
2977
2831
1049
1678
-661
-1700
-2726
-2307
-1379
-268
1080
1976
4453
4318
3133
2332
114
-2068
-4684
-6370
-7470
-7621
-6386
-5203
-2607
-373
2117
3840
5236
5131
4306
3893
2427
540
-690
-1478
-1475
-878
-477
113
1168
2131
1754
834
1700
37
-652
-589
-1557
857
916
1491
2387
3578
3430
2786
2345
579
-193
-1168
-2509
-2940
-3846
-2336
-1428
-879
-305
-489
1731
808
22
-798
-764
-1310
-1904
-2215
-2395
-1594
-1541
-1464
-1028
-1029
-771
-435
-312
-358
-493
469
1016
1070
1538
2058
2575
2921
2715
2452
2812
2450
1823
1277
360
-416
-1551
-2550
-3932
-4885
-5545
-5767
-6457
-3916
-2460
-1186
2142
2660
6812
7689
7457
7172
6615
4862
2561
1199
-1146
-1894
-1888
-2299
-1200
-1637
-1714
-467
-1689
-2333
-5343
-5057
-5421
-5775
-5510
-3988
-1298
741
3044
3970
5002
5141
3497
2472
700
-1385
-1675
-1626
-690
352
2407
4625
6579
6611
6555
5396
3690
1230
-1723
-3901
-5287
-6192
-6378
-5521
-4740
-3353
-2191
-1395
-1528
-2100
-2633
-3508
-4032
-1576
-1859
1355
3690
6547
10612
10923
11465
10623
8872
4835
622
-3201
-6868
-8644
-10056
-9609
-7277
-6237
-2313
-542
1352
1769
1025
1225
-833
-2537
-3971
-3536
-2845
-1629
527
2930
5909
7359
7861
7823
6635
4728
2955
843
-955
-1615
-1621
-1382
-934
-449
-17
567
-49
-1228
-2476
-3635
-5359
-6638
-7079
-7510
-6571
-5127
-3110
-1692
250
1334
2440
2664
2329
4398
2916
4031
2548
3898
5917
4480
4210
3321
3230
1419
-72
-1950
-3231
-3201
-4107
-3975
-2767
-3980
-2165
-1528
-1386
-1763
-2141
-1181
-593
-141
-130
1524
3215
4158
4854
4954
5351
5053
3682
2797
1392
460
145
96
-196
-247
117
213
-576
-1538
-2986
-4137
-4929
-6063
-6143
-5713
-4888
-3430
-1625
-68
1062
1524
1892
1400
-37
-1326
-1902
-2802
-2495
539
809
4009
5180
7010
10251
8877
7582
5980
4406
546
-2298
-4217
-5490
-4881
-4283
-3210
-171
-527
595
981
257
-1669
-3899
-3735
-4210
-3863
-3327
-556
2380
4709
6394
7904
7962
7076
4354
2252
-108
-3056
-4212
-4415
-4060
-3683
-2823
-1777
-1099
-1565
-2496
-3369
-4370
-5424
-5775
-5103
-4318
-2827
-666
1235
2366
2718
2131
1812
362
-1481
-3057
-2859
-2881
70
2948
4369
7855
8663
12028
10819
8415
5746
2928
141
-3629
-5218
-6185
-5585
-3921
-3505
-178
268
-280
1221
-415
-1766
-3736
-3678
-3636
-2025
-958
1038
5001
6794
7157
7786
6591
4289
1277
-2059
-4683
-6600
-7573
-6912
-5239
-3450
-1672
489
2135
1785
673
-560
-2070
-3810
-5189
-5704
-4349
-3255
-1292
775
2600
3465
4337
3943
3366
1873
88
-417
-1055
-1958
265
2136
2891
5455
5100
7953
7725
5422
3835
2562
407
-2154
-3174
-4124
-4121
-2679
-3046
-1094
-439
-1383
543
-87
-847
-2078
-1733
-1666
-1378
-903
-699
1425
1964
1619
2437
1647
770
-145
-979
-2363
-2610
-3038
-2295
-1843
-1927
-1750
-1100
-1125
-2398
-2332
-2424
-2236
-1734
-742
57
1845
2147
2865
3078
2291
956
182
-671
-1955
-2226
-2258
-1177
195
496
3650
5547
5510
6449
5067
5983
4903
2112
718
-11
-805
-2015
-1635
-2034
-2082
-1121
-1779
-1182
-1419
-3380
-1930
-2311
-2722
-2685
-1852
-436
764
1615
1274
1994
1761
214
26
-1563
-2854
-2857
-2835
-2558
-1572
-458
563
2179
1876
1532
1647
727
-775
-1310
-1954
-2290
-1724
-775
-84
1391
1784
1891
2804
2048
325
146
-273
-1191
-1262
-1024
-575
861
974
1736
4286
3145
3303
1759
2282
2532
519
75
84
866
156
209
467
178
709
-30
-563
-300
-3229
-3101
-3322
-4352
-5028
-4996
-3391
-2332
-1079
-711
485
2264
1623
1161
1495
352
-36
569
-47
261
1360
1435
1904
2590
1628
815
942
-891
-2044
-2088
-2488
-2662
-1262
-316
697
2313
2415
2546
2415
1362
-571
-1355
-2502
-3715
-3395
-3158
-2482
-903
60
2215
3912
3773
4503
4134
5255
4145
2886
2114
1127
427
-866
-1414
-1986
-2771
-2278
-2750
-2800
-2954
-4706
-3281
-3590
-3965
-3842
-2603
-1554
-419
950
1419
2725
3610
3461
3870
3480
2306
1622
1430
218
-358
-106
-219
472
385
444
408
330
-445
-916
-855
-1650
-1943
-1068
-1046
-551
-6
309
840
742
313
-40
277
-582
-1002
-742
-1029
-1154
-928
-885
1051
1385
1685
2728
2475
4502
3801
3095
2538
1225
169
-1242
-1900
-3967
-4035
-3073
-4143
-2379
-2432
-2647
-610
-493
-730
-730
-204
-448
356
961
224
1284
2744
2470
3000
3267
2429
2518
2292
744
108
-376
-1166
-1035
-1172
-1607
-1761
-994
-796
-652
-106
-93
581
1033
637
615
54
-375
-979
-1138
-1845
-2583
-2247
-2030
-1731
-1794
-1772
-832
-338
65
1691
1479
2722
2179
3079
4607
3272
2908
2087
1799
713
-621
-1401
-2490
-2245
-2672
-3510
-2128
-3505
-2892
-1566
-1833
-1548
-1160
-62
1041
2394
2306
2837
4159
3640
2662
2437
1126
57
111
-416
-419
186
444
1146
1757
1371
355
163
-500
-1988
-2238
-2231
-2767
-1886
-1518
-1002
-429
-477
-923
-1021
-1300
-2715
-2654
-2505
-2124
-1974
-839
-183
981
1730
3435
4160
4465
4251
3017
4439
3108
1349
666
-234
-1267
-2247
-2600
-3138
-3287
-1963
-2565
-1242
-848
-1769
-412
-22
-561
-873
176
899
1807
2761
2756
3684
4437
3346
2642
1900
474
-325
-491
-1341
-1204
-1011
-485
48
154
-587
-1261
-1717
-2652
-3695
-3824
-3897
-3583
-2230
-1641
-35
905
1365
1849
1699
1194
259
-230
-595
-1046
-891
-1243
-642
-501
1226
2047
2292
3061
2051
3738
3258
1544
404
-339
-925
-1821
-1988
-2343
-1861
182
154
1359
2242
1406
2286
2316
1276
-84
-50
-376
-99
552
10
441
1965
1660
827
997
98
-698
-474
-1484
-1984
-1769
-1775
-1801
-1273
-1521
-2560
-1763
-1424
-1818
-1315
-527
-271
911
1338
846
1141
628
-290
-942
-1498
-2586
-2679
-2147
-2037
-1649
-1281
-834
-473
1356
1182
1243
2164
1682
3640
3785
3336
3193
2997
3017
1759
1678
532
-244
1062
-409
41
-411
-1315
-894
-1334
-1603
-2367
-1905
-1714
-1031
-148
-207
-82
919
939
537
392
-119
-565
-226
-392
-442
-42
58
177
572
134
-1102
-1204
-1462
-2019
-1669
-1754
-1404
-437
-126
-267
-394
-691
-1398
-1762
-2231
-2738
-2399
-1337
-842
207
1081
1782
2424
3825
4261
3873
4581
3468
4607
4519
3353
3082
2523
1991
685
449
-400
-1640
-1209
-1737
-1792
-1587
-3075
-2574
-2269
-2462
-3234
-2592
-1830
-1044
337
691
1208
2358
2825
2507
2453
1666
988
768
419
-275
-653
-887
-1035
-1683
-1822
-3296
-3687
-3521
-3792
-3438
-2857
-2096
-947
409
586
1079
1625
1478
1101
893
850
660
510
411
552
1126
484
717
2481
2228
2624
2216
2910
4604
3502
2918
2201
1492
-80
-1326
-1897
-3402
-3529
-3133
-3116
-1680
-2463
-2233
-656
-526
-896
-840
-281
-178
769
1053
983
1538
1881
1618
1822
1140
5
-254
-575
-1434
-1915
-2272
-2603
-2718
-2538
-2770
-2636
-2210
-1359
-430
573
1250
1964
2905
2790
2377
1678
945
95
-574
-1099
-1098
-934
-445
341
677
747
698
602
1534
1164
528
638
620
2012
1804
1719
1691
1879
1415
447
510
-271
-770
-342
-851
-619
-1033
-1988
-1532
-1635
-1920
-2033
-1613
-1180
-622
189
330
383
439
134
161
-453
-985
-1058
-538
-230
328
617
1058
1359
1108
943
-94
-483
-934
-897
-465
-178
484
1305
2103
1895
1393
734
-367
-1226
-2304
-3025
-3040
-2778
-2195
-1482
-538
-164
1249
2822
2717
3315
2581
3276
3829
2866
2566
1866
1633
861
822
448
-585
-459
-519
-866
-1128
-2812
-3330
-3439
-3843
-4371
-4013
-3207
-2269
-912
521
1275
1746
2380
1987
2138
1231
628
638
1162
1226
1731
2265
2411
2466
2203
1227
8
-921
-2184
-2698
-2922
-3245
-2776
-1881
-1542
-1008
-897
-710
-1044
-975
-1413
-1457
-1276
-1232
-768
15
337
576
1179
2581
3197
3628
3634
3692
4720
3870
3322
2263
1249
-190
-1064
-1531
-2353
-2921
-2715
-2527
-2069
-2720
-3136
-3049
-3025
-3329
-3194
-2391
-1444
302
1773
3207
4288
4958
4928
4872
3910
2682
1608
876
236
-251
-865
-1214
-1128
-1241
-1717
-2014
-2289
-2472
-2694
-2685
-2691
-2420
-1696
-1420
-815
-315
-273
324
564
739
1006
1294
1271
942
857
122
-286
-706
-129
135
1006
1503
2009
3664
3896
3655
3100
1693
176
-947
-1768
-2694
-2899
-2645
-2027
-57
195
298
795
902
695
155
-522
-811
-447
-449
37
452
900
1337
1903
2001
1856
1575
1004
527
-230
-1203
-1976
-2366
-2959
-3469
-3195
-3007
-2432
-1528
-698
125
1025
1381
1078
789
-1
-781
-1212
-1793
-2414
-1899
-1449
-983
-230
109
553
796
1106
1070
1488
1629
1575
2871
3652
4409
4927
4471
4198
3482
2631
1579
298
-860
-1967
-1912
-2485
-2787
-3024
-3421
-2557
-2255
-2051
-1342
-956
-233
262
430
369
354
341
152
306
11
202
227
556
788
577
760
258
-53
-882
-1080
-1438
-1783
-1467
-1720
-1259
-933
-1023
-1127
-1397
-1887
-2501
-2749
-2960
-3099
-2258
-1361
-337
1055
1888
2791
4059
4794
5130
5488
5000
4980
5121
4842
4626
3526
2457
1384
702
-213
-1331
-2109
-2806
-3144
-3188
-3521
-3714
-4031
-4093
-3926
-3506
-3099
-2566
-1779
-774
37
797
1496
1845
2473
2521
2521
2479
2190
1936
1562
1087
504
-277
-843
-2089
-2908
-3491
-3842
-3910
-3687
-3274
-2403
-1493
-968
-464
210
610
603
921
978
1032
1623
1711
1703
2179
2010
2408
3391
3739
4284
3874
3897
3721
3626
3235
1958
1247
-326
-1259
-1573
-2201
-2565
-2906
-3135
-2874
-2877
-2906
-3116
-3135
-3038
-2950
-2037
-1411
-761
228
783
1287
1951
2195
2123
2166
1920
1443
1066
512
-82
-505
-792
-1493
-1500
-1497
-1755
-1765
-1345
-892
-474
120
211
304
414
64
-89
197
-155
-130
138
420
772
1215
1243
1384
1478
916
943
1226
1457
1511
1791
2088
2037
2327
2039
1783
1545
599
-231
-586
-926
-1656
-1741
-1720
-1994
-2029
-2241
-2370
-2398
-2514
-2814
-2623
-2151
-1953
-1350
-617
-90
390
886
1336
1525
1948
1849
1687
1601
1298
849
447
-29
-599
-816
-1138
-1598
-1432
-1295
-1264
-809
-467
-224
146
395
409
513
338
71
27
15
-53
-189
-337
-246
-197
-22
392
607
1258
1566
1709
1897
1903
1776
1472
1108
596
141
-272
-447
-387
-367
-550
-523
-685
-784
-1191
-1271
-1434
-1499
-1177
-1123
-662
-195
41
301
500
680
564
678
631
717
660
621
721
824
1009
863
1031
932
762
726
498
214
39
-149
-300
-462
-635
-880
-802
-926
-969
-911
-992
-930
-886
-944
-1036
-1389
-1491
-1459
-1541
-1486
-1281
-1082
-649
-439
-103
564
945
1070
1506
1917
1960
2069
1946
1981
1759
1666
1098
986
773
174
-93
-428
-780
-1062
-893
-939
-734
-339
-276
496
1115
1406
1709
2276
2550
2421
2292
1818
1688
1149
609
17
-547
-940
-1366
-1550
-1804
-1945
-1909
-1784
-1819
-1830
-1865
-1949
-1916
-2280
-2276
-2185
-2253
-2123
-1744
-1439
-1314
-948
-464
112
431
460
795
1170
1154
1034
1310
1420
1415
1573
1665
1701
1431
1019
848
548
-103
-468
-378
-324
-305
-290
115
524
669
764
1057
1371
1237
1199
1340
1350
1168
1277
1201
1225
947
626
276
-116
-521
-1010
-1390
-1636
-2170
-2324
-2450
-2759
-3017
-2997
-2683
-2553
-1953
-1655
-1094
-433
-34
332
619
783
815
952
1072
572
682
638
647
720
419
349
430
479
333
598
766
714
1132
1339
1235
1296
1147
1100
1197
1007
804
934
918
678
643
593
421
238
272
149
128
181
-176
124
129
88
-29
97
-166
-550
-736
-1134
-1436
-1494
-1705
-1830
-1516
-1551
-1423
-1416
-1197
-1195
-919
-616
-541
-292
-211
148
369
488
466
393
396
187
95
8
-159
-55
-75
144
268
489
378
400
594
593
875
975
1188
1707
2098
2083
1795
1463
1098
679
369
-245
-578
-822
-615
-531
-429
-381
-248
-133
-318
-669
-1000
-1168
-1485
-1376
-1352
-1073
-681
-184
287
596
833
910
795
506
-190
-632
-1129
-1690
-2090
-2191
-1895
-1771
-968
-574
71
623
889
1003
980
794
326
145
-116
-478
-136
-102
85
640
895
1243
1134
1128
728
782
672
250
202
130
272
638
887
1107
984
896
772
553
181
-187
-435
-789
-1002
-1072
-989
-663
-404
-370
-106
31
102
176
368
240
149
240
65
184
13
53
79
-60
-287
-786
-808
-824
-1103
-1197
-1148
-1189
-813
-236
119
519
878
927
1038
923
594
478
182
-284
-659
-699
-532
-198
18
95
499
763
822
857
435
37
212
-24
-276
-141
-201
339
723
632
781
1045
921
725
390
-271
-704
-1041
-1102
-969
-883
-695
-26
162
459
833
825
704
488
50
-291
-370
-715
-290
87
61
470
925
1250
1262
1085
743
5
-599
-1352
-1582
-1690
-1773
-1880
-1500
-766
-407
173
461
642
495
54
-371
-478
-672
-988
-681
-700
-658
-177
432
1128
1377
1461
1268
1052
471
-121
-483
-792
-977
-813
-681
-346
89
580
1024
1237
1228
838
166
-355
-699
-990
-1112
-1338
-1195
-700
77
1018
1821
2265
2502
2401
2151
1575
1050
320
-532
-1094
-1596
-1826
-1560
-1196
-743
-474
-648
-693
-680
-933
-1012
-1197
-1441
-1447
-1371
-1061
-437
441
1026
1318
1465
1137
1252
1123
402
-125
-472
-998
-932
-621
-716
49
331
753
1265
1132
973
738
493
-47
-316
-426
-558
-492
-254
70
436
730
810
775
726
544
419
100
-43
-402
-537
-221
-60
282
699
851
888
916
544
520
391
-170
-758
-1247
-1686
-1765
-1515
-1175
-1091
-691
-331
221
691
773
749
566
283
-115
-130
-125
-362
-259
-161
-234
-125
-211
29
144
-116
-582
-770
-736
-661
-395
-162
11
323
777
1138
1684
1678
1502
1338
923
631
219
-112
-509
-915
-974
-963
-573
-420
-457
-199
35
30
-74
99
-82
-71
1
-260
326
627
469
604
680
614
598
524
164
106
67
-46
161
388
42
-6
166
108
89
18
-218
-639
-981
-1176
-1338
-1104
-1044
-1131
-624
-580
-571
60
502
781
761
442
202
377
525
257
167
-16
-61
318
529
512
519
489
202
-105
-627
-928
-1108
-1110
-1268
-1451
-1125
-1131
-844
-422
-381
-205
-190
-38
202
287
606
1015
1410
1469
1647
1715
1667
1539
1286
780
347
48
-378
-395
-581
-886
-909
-782
-474
-245
48
136
153
65
-175
4
-126
-394
-596
-727
-572
-146
155
491
423
236
372
705
855
584
230
84
72
315
525
680
372
28
2
-260
-320
-921
-1510
-1717
-1856
-1907
-1693
-1238
-964
-694
-267
124
577
975
1277
1395
1390
1293
1214
1387
1052
805
514
37
-42
-157
-173
-318
-361
-362
-338
-251
-562
-477
-290
-88
-49
-263
-157
-65
38
-57
-36
-127
-264
67
202
307
414
519
635
592
192
51
338
179
-272
-491
-563
-416
-107
-116
-103
-278
-431
-506
-295
-330
-629
-624
-461
-294
-179
112
324
594
712
736
629
561
572
591
702
594
386
338
193
106
-73
-462
-725
-645
-485
-268
-191
-79
258
468
494
166
132
238
261
218
306
177
-34
54
-185
-285
-259
-465
-563
-650
-939
-935
-605
-532
-369
-481
-479
-122
142
281
181
12
-58
174
307
626
601
496
353
272
419
402
413
277
63
-96
-172
-224
-132
-185
-465
-807
-1010
-954
-594
-200
-87
61
235
318
591
844
884
841
762
537
258
307
279
262
325
6
-257
-271
-368
-387
-233
-471
-985
-1106
-849
-661
-420
-357
-586
-494
-130
-153
-89
61
130
89
19
32
16
494
590
491
674
822
1083
1210
1099
614
219
199
-48
-253
-419
-755
-627
-532
-614
-508
-583
-540
-113
116
233
348
219
298
754
1000
982
961
739
553
719
516
277
225
-135
-517
-707
-765
-616
-220
-287
-549
-475
-536
-335
-111
-141
-433
-660
-369
-404
-218
-171
-285
-273
-319
-142
100
415
386
253
267
341
579
847
780
267
150
96
31
58
50
-37
-80
20
232
554
595
366
334
70
-168
-243
-535
-795
-937
-737
-613
-282
-24
43
333
644
582
403
216
-77
-255
-298
-432
-473
-200
-22
209
303
42
5
76
-224
-669
-1031
-1224
-981
-856
-851
-549
-338
156
580
576
233
-75
-46
43
68
-84
-500
-555
-89
529
1133
1242
1258
1173
1258
1284
945
745
566
182
-4
-424
-607
-316
-186
-216
-462
-575
-633
-477
-278
-404
-658
-893
-931
-644
-306
-9
156
373
686
750
918
904
522
186
-163
-373
-503
-447
-290
-405
-405
-488
-305
-20
-65
-199
-580
-919
-1047
-766
-477
-386
-376
-347
-33
342
917
1516
1718
1508
1244
1295
1486
1529
1178
667
201
164
255
228
-13
-427
-497
-511
-422
-220
-415
-433
-482
-439
-257
-268
-90
-29
58
1
60
325
465
494
112
-50
109
238
551
423
111
-232
-447
-220
-142
-392
-802
-1017
-1031
-1000
-1054
-1072
-1200
-1334
-1172
-826
-348
49
392
622
732
848
921
1095
1053
735
403
293
325
698
787
565
483
251
352
433
155
-643
-1322
-1556
-1369
-787
-590
-541
-441
-156
561
1150
1327
1013
448
150
-79
-56
135
131
10
-111
-34
537
1057
1056
704
159
-592
-937
-948
-1197
-1456
-1783
-1872
-1459
-678
42
456
473
124
-50
-30
65
42
-165
-296
-409
-214
341
1002
1394
1437
1156
572
409
305
185
-47
-781
-1279
-1423
-918
-255
267
394
177
148
153
522
766
598
215
-229
-307
48
562
970
952
796
623
660
898
775
297
-167
-558
-666
-653
-511
-261
-141
27
21
158
284
259
156
-57
-246
-399
-486
-459
-169
-3
-15
-159
-82
-1
102
301
230
128
-101
-224
-233
-135
-125
-222
-401
-615
-725
-637
-201
-65
-66
-244
-312
-123
52
322
265
116
133
309
451
512
596
666
669
449
205
53
16
-105
-370
-512
-577
-478
-211
-28
197
415
454
488
386
522
530
376
275
-161
-254
-180
-254
-199
-188
-142
-214
-120
-166
-261
-377
-512
-555
-687
-699
-645
-451
-226
-152
-133
-4
-18
-61
-144
-164
-228
-492
-583
-673
-479
-228
111
370
560
642
633
782
770
641
384
165
-11
-58
-93
-12
53
5
-27
-29
183
279
363
467
422
314
150
32
65
48
-18
-16
-29
-137
-84
123
294
335
127
3
-2
-51
-19
-171
-390
-429
-452
-374
-403
-563
-776
-675
-488
-396
-177
-171
-231
-224
-163
-61
134
124
151
172
233
369
505
633
688
687
619
512
444
361
99
50
31
3
19
39
176
309
332
267
179
49
-73
-138
-57
-53
-74
71
175
274
260
265
357
359
315
326
326
151
42
138
48
-135
-223
-266
-371
-592
-754
-859
-888
-1060
-1112
-899
-699
-581
-395
-98
44
164
231
347
334
235
159
111
100
100
273
301
212
128
199
376
427
463
285
48
-171
-289
-305
-237
-255
-291
-208
-38
75
176
226
170
37
-26
43
252
406
378
347
395
424
308
474
333
69
-136
-325
-332
-314
-315
-404
-493
-493
-513
-351
-329
-500
-503
-555
-456
-468
-383
-251
-238
-209
-185
-11
75
127
130
215
385
459
459
406
221
-36
-64
-71
-171
-255
-306
-175
-94
-82
-15
8
125
78
56
209
302
403
496
556
565
498
401
215
86
23
17
22
-45
-115
-65
83
81
-4
-51
-95
10
82
11
-19
0
-78
-33
49
-29
-15
-57
25
22
-4
37
5
-8
86
231
255
136
56
-60
-233
-322
-407
-313
-314
-225
-135
4
157
96
12
-92
-36
88
182
263
273
313
340
380
480
469
218
75
46
28
-45
-183
-318
-537
-662
-692
-572
-393
-235
-113
-6
-39
103
222
210
63
-107
-108
-62
-14
141
276
363
336
410
615
797
886
647
463
120
-209
-353
-421
-570
-698
-682
-580
-485
-281
-164
-94
-46
-111
-56
88
159
238
288
185
161
155
122
96
96
-76
-169
-194
-255
-300
-188
-197
-288
-424
-463
-443
-422
-564
-699
-702
-835
-811
-641
-553
-456
-328
-144
180
426
630
696
786
730
819
892
858
887
764
685
581
573
574
513
431
208
13
-52
-102
-128
-294
-409
-480
-433
-294
-129
-94
-110
18
244
393
327
199
175
192
93
39
-1
-11
-110
-134
-105
-99
-105
-76
-123
-204
-228
-242
-242
-451
-736
-839
-738
-596
-487
-471
-529
-409
-171
119
248
350
248
290
437
481
635
703
648
639
682
764
732
681
482
323
210
-22
-126
-191
-135
-187
-256
-202
-225
-156
-85
-180
-309
-396
-397
-366
-233
-163
-125
-53
-35
42
224
205
182
116
58
38
20
61
78
-15
-89
-120
-89
-28
9
-35
-18
-193
-376
-444
-562
-617
-732
-806
-862
-687
-453
-197
89
247
498
691
761
718
669
677
551
432
302
161
151
137
127
98
162
162
256
234
66
-71
-152
-213
-255
-397
-494
-457
-391
-330
-197
-120
-129
-123
-142
-71
-70
-157
-104
12
84
221
333
588
641
515
394
292
121
-140
-298
-402
-486
-554
-543
-387
-253
-201
-135
-30
28
135
304
295
150
82
59
104
155
155
112
99
116
106
236
302
302
298
285
191
127
89
-11
-178
-278
-284
-151
-108
-28
30
50
25
-125
-193
-290
-343
-486
-515
-376
-197
27
159
288
335
336
291
238
56
-144
-210
-312
-291
-341
-416
-336
-103
118
366
665
660
678
701
631
569
452
202
-87
-192
-250
-235
-105
-37
2
110
150
96
97
36
-84
-187
-278
-334
-270
-168
-102
-43
1
39
93
124
73
-8
-54
-102
-187
-134
-94
11
123
50
-60
-71
-133
-197
-229
-354
-627
-735
-747
-746
-658
-547
-448
-279
-218
-211
-46
102
165
198
256
305
436
585
673
829
913
864
918
815
687
525
258
71
-123
-245
-290
-252
-277
-325
-367
-437
-427
-362
-263
-267
-183
-139
-19
157
364
455
526
566
555
577
455
420
328
242
225
123
-13
-79
-277
-332
-493
-632
-692
-792
-892
-870
-784
-741
-646
-531
-418
-254
10
149
370
408
392
404
403
452
527
504
518
552
624
642
578
538
253
64
-72
-304
-487
-575
-696
-750
-733
-639
-535
-357
-312
-276
-209
-215
-91
-17
88
178
293
358
490
625
649
638
523
426
275
160
119
18
-45
-154
-296
-321
-378
-433
-519
-622
-742
-713
-633
-517
-287
-118
-15
108
292
374
492
525
535
617
633
558
483
318
147
48
-6
-91
-152
-128
-33
136
207
209
217
211
127
101
36
-101
-196
-249
-213
-188
-99
-124
-78
-65
-47
-38
8
5
59
273
390
419
384
464
414
277
212
78
-42
-151
-182
-242
-255
-291
-356
-262
-265
-270
-248
-168
-90
-72
36
133
114
135
118
88
-30
-197
-268
-347
-428
-502
-440
-312
-229
-139
-61
78
67
58
163
145
140
73
60
70
0
-94
-201
-148
-173
-160
-85
-72
-121
-111
-1
2
-75
-156
-228
-212
-122
-68
108
266
196
183
151
7
-8
-29
-1
7
37
124
301
466
487
546
495
346
206
49
-66
-161
-246
-316
-271
-263
-310
-219
-114
-90
-63
19
44
75
47
-27
-39
-26
-43
66
198
244
198
264
283
300
311
244
208
169
120
77
68
-27
-105
-77
-24
24
110
96
47
-13
-76
-81
-141
-95
-100
-28
34
129
333
462
436
406
459
437
377
320
160
43
11
-87
-100
-162
-245
-331
-426
-478
-525
-588
-675
-671
-705
-656
-489
-273
-214
-207
-116
-48
-46
-31
-79
-118
-57
-39
-37
-36
-175
-295
-290
-291
-139
-4
150
232
331
342
276
243
239
185
144
163
144
199
258
289
213
247
233
217
219
207
170
166
94
93
170
224
216
276
327
305
308
188
100
-94
-243
-315
-391
-461
-480
-545
-520
-436
-411
-320
-263
-209
-149
-170
-128
-128
-104
-172
-227
-303
-369
-315
-239
-161
-107
-76
-21
90
109
87
55
99
102
197
294
374
538
661
709
762
706
598
549
454
314
149
36
-57
-86
-146
-117
-15
-11
40
110
119
132
198
231
234
188
133
74
73
22
106
155
76
-52
-139
-239
-315
-395
-512
-534
-608
-696
-664
-614
-600
-581
-571
-489
-426
-387
-338
-321
-335
-382
-316
-238
-120
21
98
183
172
230
372
476
524
569
555
509
365
269
251
212
119
98
125
63
50
74
55
-29
-41
-90
-54
52
44
139
253
290
273
290
425
451
486
489
436
368
260
203
88
14
-145
-207
-224
-244
-283
-403
-464
-504
-509
-586
-650
-578
-519
-487
-391
-283
-116
20
136
246
289
252
210
185
177
98
6
-29
26
17
99
126
227
292
254
247
218
155
123
109
23
-65
-105
-90
-57
13
30
114
59
-43
-81
-127
-160
-190
-194
-181
-77
76
230
337
408
391
308
310
305
180
83
-16
-181
-309
-332
-276
-299
-280
-278
-318
-257
-230
-176
-143
-125
-133
-153
-90
-80
-33
54
88
99
93
15
-136
-115
-119
-80
-13
-7
-27
73
156
162
195
234
221
185
189
38
67
21
-80
-158
-208
-287
-366
-322
-333
-346
-330
-257
-136
16
146
239
281
275
329
355
316
272
320
306
347
285
171
171
97
15
-95
-230
-363
-397
-407
-381
-370
-399
-391
-290
-181
-120
41
138
222
241
309
344
264
139
49
39
17
83
152
214
192
209
221
186
86
-2
-85
-189
-306
-299
-247
-194
-102
-30
59
68
7
-40
-55
-77
-127
-76
-13
79
145
238
460
573
591
628
667
619
565
469
320
120
42
-7
49
91
40
26
-62
-211
-384
-567
-689
-684
-681
-656
-569
-418
-341
-116
67
169
285
328
321
210
90
-98
-281
-352
-481
-483
-401
-342
-258
-220
-226
-249
-249
-212
-233
-270
-299
-328
-232
-100
39
116
135
142
121
183
188
163
197
164
206
205
191
316
339
351
424
472
510
551
508
507
442
282
176
31
-71
-173
-292
-317
-389
-395
-412
-288
-243
-186
-74
-29
14
0
-13
-45
-44
-49
-80
-162
-246
-272
-311
-323
-263
-231
-266
-289
-340
-370
-379
-304
-234
-177
27
115
198
296
449
521
588
530
420
386
279
231
266
242
151
181
218
278
376
396
398
387
399
387
370
357
355
387
463
451
448
401
386
327
235
118
6
-126
-285
-369
-435
-412
-429
-415
-401
-361
-333
-346
-330
-353
-424
-487
-508
-452
-495
-463
-374
-413
-400
-310
-264
-165
-62
-27
3
14
66
122
140
131
143
167
177
134
81
29
-73
-138
-233
-263
-254
-243
-189
-112
-29
56
137
219
300
277
309
365
312
307
359
322
328
319
245
151
52
20
-44
-156
-346
-491
-520
-491
-494
-469
-452
-459
-455
-403
-336
-297
-266
-208
-100
-13
43
102
173
185
206
196
157
101
26
64
17
-20
-5
-26
60
126
134
130
106
-1
-43
-44
-75
-47
-39
-11
123
143
207
316
326
309
255
206
205
263
319
347
427
471
434
470
422
390
421
305
139
-26
-115
-157
-156
-178
-232
-222
-180
-178
-177
-182
-200
-136
2
70
141
224
266
265
244
223
268
293
189
74
-47
-182
-371
-445
-494
-478
-436
-416
-291
-183
-66
4
55
13
-58
-119
-156
-158
-207
-155
-112
-88
-72
-72
-41
-3
16
-16
-106
-220
-218
-186
-161
-120
-2
120
276
366
326
282
249
157
80
-15
-92
-101
-132
-111
-15
-21
26
180
238
271
295
347
333
306
228
101
112
142
61
-4
-82
-115
-108
-169
-251
-287
-303
-328
-274
-277
-322
-276
-137
-53
23
118
147
169
180
87
-18
-67
-170
-277
-329
-427
-413
-350
-361
-272
-192
-65
20
60
99
150
215
218
283
323
304
240
210
215
181
160
113
114
137
168
141
73
50
-18
-30
-43
-30
60
77
77
161
176
130
146
100
-34
-106
-134
-183
-198
-207
-200
-102
-52
-63
6
31
51
24
-48
-172
-229
-245
-218
-146
-168
-203
-169
-70
-46
-67
-129
-181
-180
-162
-138
-101
-64
-43
-45
-7
76
108
237
357
323
318
225
158
104
148
153
93
141
183
250
300
252
203
168
74
-13
-100
-151
-143
-108
16
157
283
393
355
386
359
233
101
-53
-180
-299
-377
-415
-350
-271
-165
-112
-90
-142
-204
-146
-139
-76
-154
-120
-51
8
64
158
261
204
162
65
15
-51
-88
-128
-157
-161
-154
-171
-121
-62
63
165
245
299
291
203
164
96
-45
-79
-96
-80
-21
-40
-38
-27
-29
-24
-25
-9
53
80
105
154
179
154
27
8
13
-56
-54
-54
-84
-184
-254
-296
-314
-371
-413
-358
-293
-215
-183
-156
-46
104
172
158
111
133
111
92
63
-9
-21
-14
-33
-9
56
4
-21
-5
-17
-69
-119
-96
-33
54
73
89
107
146
154
183
125
136
101
36
-6
-34
-71
-119
-84
-115
-72
-20
58
50
125
152
149
125
144
51
6
-49
-116
-149
-127
-87
-118
-122
-182
-217
-237
-150
-135
-63
-71
-29
32
79
158
250
286
305
380
361
293
193
100
52
-13
-89
-49
-18
18
67
92
90
82
72
67
14
-9
28
64
128
141
115
67
105
162
204
243
186
152
114
73
-4
-22
-34
-74
-21
-2
-26
6
-41
-56
-37
-61
-85
-114
-191
-263
-280
-258
-241
-177
-102
-41
27
-13
-37
-39
-18
19
75
115
81
91
118
123
97
83
-26
-51
-78
-166
-211
-241
-233
-207
-270
-287
-248
-217
-237
-265
-237
-195
-56
17
79
114
101
120
192
198
169
167
87
-10
-79
-142
-204
-169
-157
-168
-205
-171
-166
-117
0
35
75
81
29
20
54
71
7
26
26
-20
60
66
99
65
61
12
7
23
50
117
83
46
93
193
186
188
162
138
98
75
-46
-136
-227
-305
-305
-305
-252
-155
-24
76
161
158
148
133
112
88
