-126
-148
-134
-136
-148
-120
-107
-96
-43
-90
-106
-104
-125
-128
-147
-114
-87
-43
8
58
83
94
71
63
36
28
25
54
95
151
224
207
221
208
216
198
217
235
223
207
234
264
229
223
153
167
197
197
199
189
190
175
174
123
94
96
82
100
108
91
83
85
45
50
99
119
139
133
115
113
89
10
3
-16
-12
12
16
19
-5
-19
-13
-14
-48
-63
-89
-14
8
-29
-64
-77
-65
-35
0
10
22
41
33
29
9
38
18
22
19
0
13
12
-1
-48
-63
-92
-118
-120
-123
-139
-97
-72
-121
-128
-146
-169
-146
-171
-140
-160
-177
-177
-160
-164
-190
-190
-195
-147
-116
-129
-122
-141
-136
-127
-142
-136
-114
-116
-107
-126
-131
-137
-149
-142
-140
-132
-123
-90
-68
-55
-11
0
-37
-36
-55
-57
-73
-65
-69
-79
-107
-120
-95
-67
-32
-43
-31
-16
7
13
42
47
100
120
84
72
67
84
59
104
133
200
228
237
262
251
249
280
267
261
250
210
178
173
168
209
227
237
240
198
205
202
204
172
109
57
68
47
118
90
62
73
70
49
33
30
37
38
60
89
43
-9
-44
-71
-36
-19
-12
30
25
15
16
14
-15
-53
-36
1
-17
-36
-33
-48
-70
-60
-52
-30
-25
7
21
13
9
6
1
7
26
49
46
18
-13
-52
-48
-51
-78
-82
-70
-35
-26
-27
-85
-119
-118
-177
-190
-180
-156
-96
-128
-129
-163
-146
-147
-122
-109
-97
-50
-85
-85
-79
-85
-60
-26
3
15
1
-3
-23
-37
-19
-20
-32
-6
30
7
-9
-51
-74
-96
-79
-49
-63
-74
-74
-88
-113
-91
-101
-114
-74
-54
-35
-85
-112
-92
-94
-47
-46
-50
-70
-82
-86
-89
-62
-53
-37
8
-26
-36
-42
-54
-40
-38
-58
-32
16
55
64
50
88
87
94
73
39
52
88
123
120
109
141
163
164
157
125
126
123
129
134
133
122
116
103
83
100
112
100
97
94
106
133
146
131
155
149
109
104
120
105
77
93
117
121
157
153
118
127
119
113
99
121
113
73
72
72
67
76
69
100
77
71
90
71
101
93
87
58
92
90
64
35
-1
-39
-39
-67
-103
-91
-120
-126
-136
-168
-172
-139
-152
-152
-200
-184
-200
-231
-234
-252
-200
-199
-161
-140
-177
-191
-186
-185
-190
-169
-160
-153
-130
-125
-112
-99
-100
-88
-84
-98
-137
-155
-132
-152
-172
-163
-169
-159
-145
-120
-104
-112
-93
-84
-57
-45
-39
-35
-21
-2
19
40
61
64
76
62
36
1
-2
39
49
118
151
149
138
110
134
115
93
84
80
81
74
60
78
65
102
100
86
67
59
86
103
148
167
129
100
120
116
134
101
127
80
83
92
81
54
23
5
-8
-16
1
19
23
66
65
31
26
51
33
24
14
-10
-17
15
20
20
19
25
22
7
19
14
14
12
18
40
12
4
8
-15
8
3
25
11
33
47
40
-20
-15
36
73
93
93
77
61
40
-23
-40
-18
45
93
84
72
51
-22
-15
-15
10
3
-21
-67
-119
-101
-105
-94
-125
-118
-90
-97
-73
-61
0
-24
-36
-11
-26
-39
-63
-66
-71
-34
-9
-29
-25
-14
11
3
-23
-41
-41
-50
-49
-86
-80
-79
-103
-84
-75
-73
-87
-101
-121
-132
-123
-111
-102
-75
-40
-35
-24
-42
-32
-24
-47
-58
-26
-26
-26
-13
-19
-12
0
4
9
43
23
25
-8
-51
-57
-47
-32
10
12
15
60
45
29
10
-4
-10
-18
-38
-42
-12
17
7
3
7
33
43
10
-9
-45
-63
-57
-59
-5
20
20
55
39
55
58
100
77
80
94
93
113
102
86
107
105
109
107
139
156
131
156
153
186
146
129
95
80
93
124
110
70
67
22
-10
-11
10
14
8
32
75
60
79
79
89
84
39
6
8
15
29
15
-1
8
20
19
18
28
8
0
19
7
-62
-77
-95
-82
-29
-10
-47
-85
-95
-105
-104
-99
-104
-126
-118
-112
-87
-99
-109
-150
-155
-169
-120
-77
-64
-57
-110
-74
-108
-150
-147
-161
-131
-136
-83
-87
-96
-77
-102
-93
-113
-94
-76
-36
-7
-8
-4
-60
-84
-96
-56
-24
34
63
69
67
60
66
53
4
26
30
56
80
113
139
108
99
84
92
101
123
115
111
108
107
139
148
149
165
156
137
105
88
78
111
134
174
178
101
66
10
-15
-16
-56
-44
-46
-35
-17
-4
-41
-55
-41
-45
-23
27
69
66
60
67
39
13
30
52
85
100
92
40
36
54
54
63
81
58
17
11
-33
-88
-96
-89
-77
-105
-96
-106
-140
-179
-182
-188
-171
-148
-129
-130
-144
-146
-157
-161
-168
-182
-197
-176
-148
-118
-116
-110
-79
-68
-54
-70
-84
-84
-38
-45
-35
-57
-55
-41
6
55
43
46
16
3
-27
7
12
38
75
78
70
78
61
35
29
13
39
19
12
38
19
4
44
74
84
113
122
120
100
96
80
110
148
150
137
158
191
206
197
120
113
117
84
104
144
169
158
162
158
123
103
71
45
-2
-3
-35
-44
-36
-25
-20
29
11
-71
-43
-48
-46
-51
-56
-51
-68
-76
-51
-60
-63
-21
-57
-86
-96
-75
-32
-48
-17
-17
13
8
-4
-41
-30
-39
-52
-67
-72
-45
-41
-41
-62
-72
-59
-59
-64
-67
-58
-74
-127
-102
-82
-107
-112
-85
-86
-64
-46
-57
-71
-75
-92
-104
-92
-26
-22
-41
-49
-51
-38
-51
-39
-41
-9
52
46
70
80
59
66
84
60
30
52
45
57
62
64
66
67
86
72
16
13
-1
20
15
2
5
-22
-56
-63
-42
-10
30
28
-25
0
-19
-6
18
7
47
69
87
72
90
83
93
79
11
4
7
-32
-12
4
36
50
69
40
34
13
-42
-72
-96
-67
-33
-23
29
80
91
95
101
44
22
-9
-10
57
68
44
6
-4
-42
-13
26
20
43
1
-8
-47
-105
-62
-31
-22
-31
-17
0
-37
-84
-82
-112
-125
-87
-65
-62
-15
5
13
-27
-36
-43
-34
-15
16
27
24
58
60
64
31
69
70
79
74
80
92
67
72
85
106
109
143
145
157
102
56
92
79
88
80
67
67
58
45
25
-2
-24
-49
-57
-20
13
10
15
-5
1
-22
-59
-58
-29
-5
-27
-14
-54
-78
-79
-77
-50
-30
7
-3
-42
-47
-46
-48
-54
-57
-20
36
28
-39
-86
-94
-72
-85
-95
-101
-110
-110
-148
-163
-149
-125
-128
-117
-120
-110
-110
-123
-120
-113
-30
-9
-10
-65
-106
-127
-160
-152
-189
-151
-89
-31
-6
-14
-24
-34
-62
-72
-54
-81
-70
-68
-67
-40
-17
-19
-53
-38
6
33
50
27
19
46
99
133
108
133
154
161
166
138
121
119
129
93
86
104
102
87
94
125
115
97
94
90
111
125
106
82
102
97
79
105
134
118
103
69
52
43
73
114
86
130
169
173
151
86
13
-10
0
39
44
37
64
62
60
63
63
42
74
100
103
102
125
92
95
84
70
59
56
65
74
59
46
47
24
57
59
56
-11
-64
-79
-84
-97
-104
-105
-140
-167
-184
-204
-210
-199
-147
-84
-51
-41
-68
-98
-83
-141
-130
-95
-36
29
22
0
-31
-17
-32
-26
-47
-49
-28
-14
-32
-73
-84
-127
-123
-142
-159
-177
-191
-158
-173
-177
-158
-120
-154
-151
-153
-160
-149
-116
-114
-110
-113
-137
-139
-101
-95
-105
-49
-50
-6
-24
-47
-53
-55
-55
-49
-5
-31
-32
-8
-26
-3
-18
-26
15
30
8
-7
-14
-60
-8
43
38
51
52
89
68
33
-12
-4
19
7
-18
-12
41
112
150
133
125
145
132
132
121
85
42
88
103
99
118
125
162
197
186
198
216
225
241
200
190
144
115
154
149
164
166
164
136
120
103
55
40
53
59
53
36
51
49
51
68
87
64
70
74
73
34
4
-7
4
8
33
53
50
35
43
22
-14
2
-43
-50
-74
-39
-23
-11
6
-12
-29
-37
-77
-125
-97
-82
-84
-103
-65
-29
5
45
52
-45
-108
-112
-102
-99
-91
-84
-86
-88
-95
-107
-116
-145
-155
-155
-153
-155
-134
-75
-72
-54
-57
-56
-78
-143
-155
-126
-108
-115
-134
-94
-92
-92
-38
-35
-34
-70
-46
-80
-72
-72
-48
-53
-36
-42
-58
-47
-80
-76
-53
-47
-80
-51
2
12
-8
-11
6
16
21
24
-12
-13
7
-1
53
65
72
90
62
43
15
33
50
49
81
68
54
44
30
-1
-10
-6
17
69
98
115
155
142
128
131
145
159
158
162
137
140
135
137
124
123
83
85
82
75
72
51
25
-2
-7
1
-6
-7
50
49
55
30
-22
-53
-68
-60
-48
-36
-37
-14
-22
-43
-45
-35
-55
2
62
73
13
-29
-67
-54
-48
-26
-45
-41
-23
-34
-78
-107
-75
-98
-36
-12
-8
-10
1
22
22
13
-11
-12
5
21
9
-7
-17
3
-12
18
29
-3
20
28
22
9
21
14
24
18
26
44
66
86
75
76
43
54
60
91
83
90
86
83
90
81
100
88
58
10
-25
-37
-34
-49
-70
-82
-106
-134
-166
-162
-161
-158
-163
-175
-188
-240
-237
-272
-234
-209
-172
-126
-134
-124
-146
-165
-144
-155
-173
-159
-125
-73
-88
-82
-87
-93
-87
-73
-79
-65
-26
-38
6
13
1
36
67
93
120
72
60
53
89
110
94
125
149
167
162
157
123
106
112
126
150
212
249
214
187
186
124
79
109
129
158
154
158
137
123
150
144
165
178
171
174
161
119
97
83
125
130
136
116
120
116
77
58
31
28
52
63
84
85
27
-25
-102
-121
-115
-124
-141
-130
-101
-83
-61
-54
-46
-38
-63
-68
-97
-151
-131
-98
-134
-123
-70
-45
-31
-38
-87
-147
-129
-123
-121
-95
-128
-141
-171
-186
-188
-162
-110
-108
-138
-149
-168
-106
-51
-43
-53
-49
-25
-61
-42
-71
-42
-14
12
1
-23
-21
-1
19
7
6
-15
-20
-39
-30
-11
12
-30
-13
-9
-12
2
9
25
36
52
71
83
80
60
50
54
96
120
90
107
105
90
88
61
52
93
124
121
110
104
69
47
61
13
1
31
59
43
44
13
15
1
-2
23
24
14
30
47
21
15
-35
-83
-87
-99
-94
-42
-41
-57
-59
-66
-73
-86
-105
-62
-54
-46
-89
-82
-66
-69
-87
-85
-98
-87
-58
-73
-60
-36
-30
-47
-72
-39
-44
-73
-68
-79
-56
-85
-63
-50
-47
-45
-44
-79
-119
-77
-68
-55
-39
-10
-27
-26
2
-56
1
46
101
169
201
249
238
234
209
187
133
197
184
230
279
268
263
243
232
211
205
231
239
200
149
121
98
78
100
70
92
105
74
84
63
67
33
65
63
60
28
3
9
-25
-7
-47
-21
-12
-61
-58
-90
-59
-67
-102
-112
-103
-100
-158
-115
-136
-146
-122
-121
-120
-127
-87
-83
-64
-50
-96
-89
-120
-127
-119
-104
-92
-104
-62
-60
-41
-104
-138
-135
-131
-97
-147
-169
-167
-142
-130
-160
-83
-96
-81
-84
-135
-112
-102
-94
-86
-45
-2
-1
0
-20
-10
-45
-27
0
-29
22
22
42
38
36
17
0
17
20
13
-26
-46
-61
-82
-33
-36
6
32
51
66
-17
-28
-48
-21
-8
-23
31
-5
51
54
72
69
59
64
21
41
36
36
50
34
90
94
140
141
152
150
116
136
52
67
61
90
150
166
182
140
139
131
141
152
147
192
185
195
195
157
167
161
184
165
143
112
65
85
37
48
69
102
133
112
167
127
129
131
108
79
34
60
6
-7
-41
-34
-6
-29
-31
-119
-164
-153
-198
-200
-236
-185
-186
-224
-226
-278
-229
-269
-304
-305
-316
-284
-283
-257
-265
-242
-271
-240
-205
-219
-167
-168
-146
-148
-144
-106
-93
-43
-41
-38
-68
-89
-91
-129
-79
-87
-41
-4
-32
9
-44
-34
-23
3
19
16
37
13
12
26
62
56
104
134
101
108
86
107
162
159
185
124
131
132
106
136
77
108
127
151
139
161
182
154
164
148
135
117
78
73
23
26
21
21
49
95
105
43
15
-22
7
42
42
39
41
45
74
54
75
88
95
27
57
60
70
85
87
132
157
204
186
202
245
288
254
181
70
25
35
52
61
88
24
-21
-138
-306
-380
-394
-414
-320
-328
-372
-372
-435
-506
-573
-595
-605
-460
-438
-301
-204
-123
-22
5
43
144
278
376
483
517
554
586
604
553
530
465
461
453
453
412
341
310
234
153
27
-49
-120
-199
-272
-342
-367
-414
-496
-536
-605
-696
-737
-720
-716
-686
-642
-593
-556
-505
-451
-362
-248
-115
-4
58
162
284
418
514
591
619
691
764
756
785
829
857
881
824
740
707
636
579
508
352
240
127
27
-38
-121
-202
-227
-285
-376
-459
-507
-534
-545
-543
-571
-620
-638
-661
-689
-732
-735
-665
-613
-544
-496
-454
-329
-147
-86
-159
-273
-348
-200
-70
-40
78
188
158
134
-67
-268
-237
-148
-146
-35
-65
-95
11
-155
-292
-331
-339
-248
-45
-7
67
253
301
337
461
428
566
715
791
949
980
948
988
966
877
886
844
819
881
807
659
553
317
197
104
-37
-74
-104
-153
-253
-371
-578
-700
-829
-983
-1002
-1099
-1073
-1045
-1010
-868
-606
-384
-308
-387
-560
-504
-306
-32
270
700
929
1020
1078
820
764
992
1104
1234
1381
1336
1336
1354
1043
609
413
141
59
184
28
-4
79
-97
-303
-412
-681
-755
-545
-601
-538
-476
-632
-655
-720
-975
-1098
-1025
-1061
-895
-668
-726
-669
-764
-1021
-1081
-923
-793
-534
-222
-204
-169
-284
-566
-634
-598
-531
-400
-227
-205
-135
-90
-309
-360
-435
-446
-257
-103
31
196
369
358
404
393
432
639
762
969
1161
1249
1312
1367
1322
1232
1281
1216
1234
1275
1194
1151
1037
917
755
571
412
250
160
23
-68
-184
-347
-460
-714
-902
-1086
-1239
-1285
-1345
-1343
-1344
-1255
-1163
-962
-779
-669
-595
-601
-449
-257
-17
314
622
882
1054
1166
1172
1227
1377
1501
1673
1753
1763
1672
1538
1315
1036
846
646
541
532
549
541
381
107
-282
-496
-600
-652
-546
-492
-563
-720
-1034
-1502
-1763
-1923
-2100
-2149
-2209
-2382
-2467
-2732
-3044
-3216
-3208
-2897
-2250
-1841
-1690
-1567
-1701
-1483
-1024
-700
-75
740
1185
1595
1882
1689
1845
2350
2431
2715
3086
3071
3279
3448
3003
2645
2496
2036
1905
1952
1638
1610
1602
1261
840
533
149
39
248
140
22
-122
-488
-678
-869
-1143
-1315
-1304
-1406
-1413
-1547
-1915
-2057
-2189
-2349
-2419
-2431
-2461
-2381
-2383
-2597
-2743
-2758
-2515
-1883
-1398
-1126
-1012
-1017
-812
-381
71
644
1504
2107
2516
2751
2652
2790
3220
3472
3687
4010
4066
4119
4214
3831
3266
2886
2445
2068
1908
1570
1198
1046
695
133
-301
-705
-827
-735
-781
-1112
-1420
-1575
-1722
-1773
-1987
-2137
-2211
-2236
-2398
-2642
-2811
-2984
-3065
-3118
-3372
-3552
-3616
-3704
-3779
-3928
-4052
-3927
-3261
-2558
-2094
-1936
-2012
-1904
-1426
-843
-189
803
1837
2487
3010
3107
3047
3498
4117
4460
4895
5256
5297
5503
5409
4726
4057
3693
3218
2965
2836
2321
2007
1756
1027
341
-271
-745
-823
-511
-658
-973
-1258
-1766
-1949
-2120
-2553
-2671
-2575
-2537
-2519
-2752
-3180
-3351
-3312
-3563
-3562
-3633
-3672
-3481
-3616
-3894
-4031
-4026
-3819
-3081
-2414
-1939
-1374
-1290
-1241
-678
-184
452
1510
2436
3093
3807
4047
4097
4605
4995
5160
5660
5857
5833
6015
5801
5122
4590
4033
3366
3132
2792
2214
1854
1400
626
51
-551
-1149
-1289
-1353
-1663
-1829
-2100
-2558
-2746
-3045
-3464
-3584
-3738
-3874
-3955
-4251
-4657
-4820
-5009
-5264
-5258
-5428
-5488
-5345
-5341
-5283
-5064
-4726
-3911
-3022
-2544
-2214
-1964
-1446
-430
549
1469
2752
3733
4462
5184
5380
5603
6403
7047
7535
8119
8201
8123
8180
7676
6810
6164
5409
4778
4429
3737
2906
2276
1414
460
-413
-1330
-2011
-2183
-2284
-2517
-2776
-3323
-3802
-4183
-4693
-5063
-5111
-5037
-4817
-4716
-5004
-5322
-5562
-5882
-5967
-5901
-5857
-5640
-5441
-5512
-5551
-5494
-5397
-4687
-3686
-2962
-2254
-1770
-1469
-668
268
1073
2248
3521
4457
5363
5908
6051
6487
7167
7510
7907
8222
8133
8169
7936
7210
6276
5482
4619
3856
3255
2362
1572
937
71
-856
-1801
-2594
-3066
-3157
-3370
-3711
-4072
-4407
-4589
-4878
-5174
-5359
-5410
-5182
-5122
-5255
-5411
-5474
-5525
-5549
-5546
-5608
-5401
-5192
-4998
-4778
-4602
-4246
-3578
-2510
-1517
-753
-173
177
871
1763
2739
3779
5082
6248
7068
7722
7903
8005
8532
9001
9205
9510
9443
9138
8808
8055
6783
5698
4612
3491
2691
1724
670
-188
-1137
-2266
-3304
-4289
-5096
-5386
-5550
-5761
-5880
-6038
-6223
-6406
-6615
-6881
-6875
-6664
-6392
-6142
-5961
-5925
-5946
-5942
-5935
-5824
-5623
-5369
-5036
-4740
-4419
-3926
-3369
-2490
-1359
-449
235
727
1178
1941
2980
3935
5139
6365
7154
7831
8256
8276
8455
8916
9084
9342
9426
9044
8647
8060
6992
5751
4664
3479
2521
1713
623
-322
-1228
-2348
-3419
-4375
-5244
-5781
-5904
-6112
-6273
-6349
-6540
-6593
-6711
-6954
-7048
-6927
-6628
-6390
-6197
-6181
-6166
-6149
-6230
-6202
-6107
-5873
-5516
-5157
-4831
-4479
-4001
-3286
-2136
-1016
-146
543
981
1701
2749
3748
4854
6244
7363
8155
8818
8949
9075
9649
9966
10177
10368
10101
9690
9232
8304
7008
5810
4544
3394
2505
1361
258
-650
-1684
-2806
-3893
-4924
-5683
-5978
-6091
-6225
-6337
-6509
-6707
-6810
-6980
-7150
-7060
-6813
-6519
-6306
-6307
-6412
-6438
-6417
-6384
-6169
-5922
-5547
-5103
-4781
-4423
-3968
-3252
-2022
-706
322
1064
1508
2094
3112
4143
5108
6494
7655
8497
9207
9386
9407
9791
10112
10245
10518
10341
9924
9519
8667
7428
6158
4842
3539
2545
1472
293
-632
-1681
-2829
-3954
-5045
-5911
-6366
-6560
-6732
-6740
-6823
-6994
-7053
-7303
-7527
-7540
-7471
-7208
-6990
-6937
-7013
-7057
-7227
-7314
-7228
-7065
-6701
-6315
-5971
-5533
-5093
-4522
-3503
-2159
-980
39
657
1189
2201
3274
4339
5718
7022
8023
8907
9322
9331
9596
9971
10101
10365
10343
9869
9369
8623
7394
5923
4528
3046
1869
864
-331
-1418
-2450
-3612
-4718
-5727
-6583
-7071
-7236
-7266
-7253
-7286
-7426
-7486
-7391
-7367
-7272
-7109
-6787
-6420
-6101
-6003
-5938
-5796
-5710
-5461
-5185
-4851
-4402
-3898
-3332
-2706
-2029
-1005
325
1490
2359
2901
3313
4161
5242
6255
7513
8756
9661
10342
10610
10412
10426
10665
10691
10873
10747
10139
9485
8619
7320
5751
4259
2697
1518
536
-613
-1698
-2789
-3920
-5058
-6064
-6977
-7576
-7769
-7820
-7752
-7750
-7907
-7978
-7985
-7979
-8006
-7911
-7703
-7350
-7042
-7045
-7096
-7238
-7244
-7122
-6957
-6686
-6313
-5825
-5244
-4636
-3992
-2982
-1521
-161
986
1767
2337
3294
4446
5597
6888
8285
9334
10235
10779
10745
10789
11042
11125
11284
11278
10756
10113
9344
8047
6461
4875
3269
1961
878
-321
-1511
-2646
-3815
-4962
-6080
-7071
-7745
-7999
-8061
-8063
-8164
-8366
-8453
-8379
-8325
-8294
-8200
-7997
-7673
-7422
-7341
-7356
-7305
-7256
-7133
-6960
-6715
-6233
-5658
-4965
-4273
-3546
-2435
-975
386
1463
2182
2746
3743
4982
6126
7486
8875
9933
10777
11212
11122
11097
11330
11420
11549
11507
10969
10333
9527
8264
6629
4989
3337
1985
960
-189
-1268
-2341
-3474
-4649
-5783
-6782
-7541
-7837
-7851
-7832
-7849
-8071
-8209
-8258
-8312
-8393
-8436
-8286
-8017
-7687
-7623
-7701
-7778
-7884
-7799
-7636
-7354
-6850
-6193
-5368
-4605
-3711
-2492
-1032
340
1411
2121
2866
4018
5297
6649
8175
9551
10580
11415
11680
11549
11591
11699
11789
11970
11800
11276
10568
9604
8145
6463
4708
3001
1747
606
-526
-1623
-2781
-4035
-5250
-6389
-7363
-7958
-8128
-8102
-7956
-8011
-8183
-8283
-8265
-8179
-8081
-7993
-7769
-7379
-7152
-7100
-7190
-7337
-7430
-7414
-7274
-7027
-6545
-5842
-5035
-4210
-3264
-1944
-504
791
1708
2264
3093
4295
5568
6982
8541
9756
10679
11350
11382
11223
11196
11076
11122
11226
10858
10209
9394
8165
6533
4746
2766
1003
-304
-1601
-2796
-3874
-5002
-6177
-7258
-8331
-9141
-9531
-9621
-9406
-9027
-8850
-8808
-8676
-8548
-8363
-8051
-7745
-7270
-6719
-6334
-6098
-6022
-6050
-5982
-5797
-5578
-5171
-4630
-3938
-3121
-2340
-1372
-55
1264
2445
3256
3762
4566
5733
6919
8340
9766
10789
11657
12190
12153
12006
11980
11816
11854
11844
11375
10688
9775
8509
6878
5067
3127
1401
77
-1208
-2376
-3466
-4689
-5864
-6989
-7950
-8715
-9111
-9200
-9155
-8900
-8833
-8779
-8630
-8404
-8097
-7831
-7566
-7336
-6980
-6740
-6721
-6703
-6776
-6716
-6536
-6354
-5967
-5409
-4696
-3905
-2900
-1601
-183
1143
2140
2797
3450
4418
5580
6919
8574
9935
10996
11782
12018
11882
11724
11551
11386
11431
11145
10592
9839
8730
7195
5273
3263
1231
-386
-1781
-3057
-4104
-5185
-6254
-7375
-8414
-9229
-9808
-10012
-9928
-9617
-9258
-9001
-8729
-8503
-8249
-7985
-7661
-7239
-6750
-6323
-6060
-5892
-5886
-5972
-6020
-5968
-5673
-5200
-4431
-3578
-2644
-1546
-224
731
1013
1433
2374
3793
5110
6447
8566
10281
11162
12180
13189
13394
12727
12330
11991
11762
11234
10108
9189
8277
6915
4893
2602
449
-1633
-3398
-4924
-5879
-6558
-7339
-7880
-8427
-8808
-9044
-8907
-8373
-7706
-6887
-6500
-6212
-6045
-6236
-6528
-6813
-6722
-6537
-6314
-6119
-6103
-6302
-6654
-6766
-6875
-6850
-6332
-5545
-4381
-3208
-932
1795
4307
6082
7292
8273
8540
9442
10618
12165
13750
14082
14196
13389
11692
9276
6860
5316
4211
3718
2587
1374
207
-1917
-4227
-6892
-8931
-10096
-10307
-9479
-8593
-7358
-6847
-6677
-6426
-6042
-5213
-4095
-2347
-657
365
366
-928
-2436
-3846
-4782
-5232
-4964
-3981
-3025
-2780
-3650
-4677
-5619
-6197
-6107
-5612
-4775
-3739
-2776
-1540
-632
1718
5564
9309
12462
13737
14477
13322
12120
11916
11471
11995
10685
9370
7918
5092
1830
-2241
-4144
-4672
-4209
-3812
-4361
-4054
-5099
-6369
-7778
-8981
-8308
-7135
-4670
-2667
-1126
-1142
-2720
-3651
-4029
-3439
-2712
-1464
-573
-813
-2275
-5356
-8181
-9349
-8590
-6581
-4074
-1344
283
456
-1020
-3117
-4534
-5367
-5004
-4467
-3452
-2493
-1643
-1198
189
5384
9858
13999
15090
14785
13313
9379
8426
7381
8348
8388
5963
4811
1607
-1645
-6021
-8042
-6215
-3969
-1068
-960
-1032
-2317
-4997
-6055
-7422
-5420
-2611
123
2089
1876
-11
-4220
-6237
-6119
-4070
-893
1522
2225
602
-2574
-7028
-10425
-10336
-6907
-1677
2879
5126
4578
2501
-656
-3976
-5510
-5382
-4122
-3258
-2700
-2636
-2353
-2818
1261
8142
13190
17156
15209
13719
9297
5026
4770
4324
6912
5313
2912
890
-3574
-7548
-11309
-8971
-4326
-555
1622
218
-1134
-4919
-7637
-8491
-7233
-2590
229
2543
2259
-62
-4693
-8715
-8755
-7174
-2748
824
1783
191
-3609
-7552
-10526
-10606
-6735
-1094
4334
6920
6056
3568
852
-2349
-4411
-4318
-3501
-2910
-3260
-3457
-3376
-2497
-2216
5241
12251
16800
18682
12644
10578
3654
256
2320
3148
6628
3279
447
-2110
-7215
-11148
-12549
-6211
435
4468
4727
1498
-1223
-5947
-7928
-7559
-4287
757
2795
3232
1403
-2739
-8163
-10283
-9142
-5524
-487
2584
2988
510
-3584
-8269
-10273
-8898
-3852
2883
8134
9050
6488
2545
-1483
-5292
-6760
-5917
-4113
-3019
-3283
-3481
-3087
-2680
295
10182
14979
19514
17139
10537
7758
-864
-501
1889
3900
5607
747
-1111
-4380
-9368
-12584
-10019
-1378
4185
6362
4097
-150
-3543
-7651
-9008
-7077
-2419
820
1750
1158
-1702
-6203
-9804
-10087
-8086
-3580
1261
2229
1071
-1208
-5549
-8022
-8619
-6253
268
6507
8926
7296
3923
637
-3064
-6544
-7374
-6136
-4708
-4501
-4221
-3653
-1335
-579
8411
15398
17804
20381
11203
8740
1894
-2921
1160
1520
4762
968
-3176
-5006
-9152
-11840
-11655
-3710
4158
6950
6116
1175
-2736
-5991
-8435
-8045
-3064
1192
1929
2046
282
-2949
-6780
-8312
-7538
-4001
779
3234
2048
-137
-3316
-6742
-7281
-6362
-1680
5371
9905
8665
4749
693
-2886
-5812
-7643
-7411
-5208
-3872
-3580
-3208
-1728
-663
7205
16333
17213
21085
12826
7170
2314
-5309
-417
-172
2088
589
-4411
-5517
-9816
-12344
-12673
-6251
3052
6163
6414
1691
-2811
-4873
-7473
-9059
-5564
188
1378
1661
0
-1888
-4161
-6067
-6628
-4701
239
3285
2017
-595
-3035
-5581
-5544
-5241
-1406
5755
10249
10286
6637
2280
-1666
-5335
-7582
-7599
-5544
-3914
-2904
-2358
-999
381
5212
17009
16984
20743
16308
7265
4963
-5895
-2039
551
278
1551
-4016
-4319
-7050
-11581
-11029
-7041
2892
6477
7219
4666
-2215
-4128
-7057
-9240
-7897
-2377
-336
952
29
-2505
-4496
-7002
-7343
-7058
-2054
535
488
-1375
-4526
-6194
-7492
-7127
-3523
2905
9145
10882
7382
3447
-1637
-6117
-8937
-9554
-7352
-4514
-3046
-2268
-1286
79
1800
15257
17911
19212
19648
7627
6875
-4487
-5612
429
-1079
1803
-2927
-4591
-4836
-10700
-10723
-7995
1493
7324
6646
7268
-210
-4248
-7131
-10182
-9361
-3543
-609
929
1605
-975
-2330
-6414
-7165
-7196
-3168
1669
3003
1042
-2223
-5044
-7413
-7186
-5524
883
9131
12864
10222
6060
-263
-5066
-8750
-10433
-8203
-4657
-2730
-1298
-791
295
1281
11573
19625
18401
21863
10808
7052
-754
-8094
-604
-853
1724
-347
-3675
-2986
-8343
-11226
-8955
-1060
7233
6498
7657
2134
-3423
-6427
-11499
-12113
-7259
-2045
-209
1408
-1246
-2505
-6046
-8653
-9077
-7392
-1370
2388
1353
-1121
-4874
-8165
-9199
-8804
-2924
6318
12797
12238
8373
2310
-3567
-7854
-10663
-8935
-4853
-2272
-392
281
804
1565
7952
19840
18482
22135
15194
6767
2926
-9127
-3164
-692
13
931
-3594
-2028
-5583
-10602
-9688
-3867
6162
6401
6585
3534
-3253
-5457
-10927
-13306
-9787
-3934
-1250
1055
-103
-1456
-3772
-7820
-8841
-7674
-3096
2105
1816
-48
-2700
-6382
-7532
-9119
-4674
3383
11237
13166
9266
4680
-2149
-6698
-10336
-10076
-6108
-2623
-904
202
-60
1815
2243
14520
20071
18642
21105
7421
5447
-5044
-9632
-1126
-1933
2095
-467
-2140
-1449
-7590
-9204
-7231
2082
8383
6334
7169
-48
-4430
-7939
-13061
-12285
-6629
-2165
756
1267
-261
-2377
-7606
-9902
-10659
-7046
-1627
2253
888
-1180
-4645
-6558
-7804
-6479
-449
7579
13680
11276
7276
466
-4067
-8331
-9998
-7329
-3797
-792
256
-35
683
1192
7097
20492
18872
22198
14889
5210
1185
-11740
-5238
-1002
986
3231
-1110
273
-3413
-8796
-8637
-3552
7336
7467
7673
4374
-3220
-5462
-11191
-13182
-8985
-2575
1124
2263
474
-996
-4954
-9126
-11149
-9476
-4666
1378
3191
-540
-2516
-6569
-9328
-9038
-5862
2370
13160
13759
10205
4243
-2898
-6855
-11676
-10231
-6082
-1399
-80
617
-577
1110
1569
13614
21525
18790
21948
7842
3986
-6242
-12625
-2347
-1662
2550
1566
-953
519
-5842
-8496
-6628
1955
8477
6250
7292
-105
-4011
-7721
-12848
-11728
-6289
-116
1802
1578
-149
-2260
-7140
-10436
-11037
-8362
-2148
1379
733
-1618
-4733
-7882
-9113
-6639
-2267
7690
14219
11747
7020
176
-4567
-9030
-10518
-8172
-3669
-123
710
575
1176
1951
7132
21660
19058
21567
15131
3820
1068
-12789
-6043
-415
1180
4445
-207
1349
-1832
-7214
-6738
-2088
8089
7273
7472
3702
-3824
-5378
-11278
-12444
-9355
-1843
1572
1919
244
-2264
-5641
-10091
-11296
-11023
-4978
-228
1138
-1305
-5189
-6424
-8880
-7287
-4281
2320
12844
13158
8446
2903
-3231
-7146
-10560
-9229
-5139
4
1186
787
-196
1468
1287
12765
22336
18322
22318
8299
2982
-4909
-12932
-2060
-313
4016
3952
950
1819
-4731
-7635
-6426
1422
8242
5498
6871
-179
-4514
-7755
-12651
-11892
-6873
63
1415
1954
-815
-3339
-7864
-11097
-11895
-9456
-2526
973
1160
-2357
-5358
-7880
-8721
-6330
-2443
7105
12977
10957
5926
-284
-5433
-9839
-10843
-8010
-3275
690
1099
793
1119
2006
4038
19554
20889
20112
18959
4090
2095
-10460
-9734
-116
1093
5665
2305
2055
408
-6265
-6929
-4646
5416
6991
5512
4985
-3089
-4999
-9636
-12134
-10045
-3440
1380
2325
1666
-2165
-5176
-9814
-11266
-11603
-6499
-776
2278
888
-3882
-5782
-9466
-7700
-5721
449
10055
12464
8462
2732
-3096
-8189
-10943
-10269
-6254
-638
1690
1470
1119
1753
1658
10870
22698
18653
21784
11583
3000
-2256
-13604
-4408
331
3198
4839
1314
2367
-2944
-7131
-6915
-691
7522
5180
6432
1399
-3864
-5946
-11230
-11288
-7074
-373
2525
3061
291
-2411
-6716
-9690
-11014
-8997
-2747
1145
3239
-1621
-4401
-7389
-9003
-6221
-3238
5377
11984
10619
4905
-723
-6194
-10255
-11239
-9089
-3788
1241
2648
2692
2987
2894
7251
22432
19300
20031
16145
3405
1956
-12320
-7714
317
802
4319
46
1636
-1048
-6839
-7194
-3368
6388
4880
5048
2923
-3461
-4147
-9680
-11143
-8353
-2316
1164
1906
-17
-2368
-5139
-8582
-9253
-8931
-3502
546
2382
-1325
-5275
-7233
-9716
-7238
-4333
2770
10655
10633
5499
-432
-5964
-10021
-11947
-9636
-4592
956
2933
2886
2717
3461
3965
17354
22312
18414
20282
6431
3234
-6745
-11771
-740
325
4307
2389
894
1234
-5082
-6795
-5377
3624
6543
4413
5429
-1475
-3219
-7314
-11188
-9349
-4714
642
1951
1022
-1444
-3668
-7424
-8700
-9004
-5304
-230
2186
550
-3960
-6248
-9144
-7982
-5221
242
8556
11163
7379
1371
-4205
-8934
-12127
-11348
-6906
-913
2509
3469
3018
4200
2921
13365
23213
17592
21049
9370
3615
-2723
-13348
-2450
67
3121
3735
135
2011
-3700
-7322
-6275
1199
6720
4098
6016
84
-3162
-5765
-11264
-9577
-5877
-140
2385
1784
-627
-2537
-6584
-8630
-8269
-6347
-692
2983
1522
-2610
-6076
-9315
-8941
-6853
-2224
6988
11532
8416
2740
-3833
-8178
-11874
-12941
-8720
-2281
1656
3336
3482
4066
4035
10315
22763
18641
20161
12391
3485
137
-12150
-3618
1035
2254
4515
397
1887
-1851
-7181
-6644
427
6952
4828
6068
1693
-2977
-4711
-11159
-10341
-6826
-1606
1722
1859
-142
-2015
-5324
-8432
-8062
-6279
-1717
2425
1527
-1759
-4417
-8005
-8756
-7341
-3630
4283
10337
8718
4603
-1729
-7791
-11383
-13547
-10121
-3927
766
2969
3464
3255
3348
4718
19625
20261
18996
17347
3918
3259
-10144
-8878
984
966
5750
2068
1856
616
-5539
-7629
-3479
5810
5154
5738
4764
-2254
-3187
-9543
-11518
-7970
-3626
1106
2248
824
-1284
-4097
-8184
-8279
-6721
-2928
2477
3793
537
-2645
-7229
-9759
-8656
-5972
918
9152
10796
6762
1210
-5973
-10113
-13465
-11835
-6207
366
3526
3956
3042
2946
2497
10324
23128
19259
21712
11952
3598
-1658
-13473
-3661
747
3758
5873
2130
3168
-2133
-6901
-6853
749
7162
4862
7027
1864
-2412
-5037
-11615
-10066
-6274
-1022
2513
2038
-161
-1981
-6226
-8723
-7771
-5780
-591
4076
2566
-960
-4375
-9436
-10739
-9137
-4724
3987
10765
8730
4637
-2275
-8600
-12629
-14147
-10146
-3413
1759
3125
3523
2675
2382
6119
21068
19968
20421
15855
4222
2289
-12233
-7151
1081
2150
5924
1936
2271
-77
-6138
-7431
-1392
7485
5925
7062
4555
-2130
-3333
-10403
-11081
-6956
-2483
2237
2784
222
-1281
-4839
-8663
-7822
-6489
-1868
3327
3749
-176
-3503
-7786
-10660
-9576
-6033
1269
9868
10547
5911
380
-6361
-10516
-13660
-11051
-5068
866
3287
3424
2954
2771
4042
18326
21140
19447
19329
5510
4360
-9078
-9842
1236
1217
5733
2842
2213
1171
-5010
-7719
-3601
6576
6442
6282
6402
-1285
-2390
-8820
-12007
-7723
-3638
1228
2458
262
-1782
-3907
-8805
-8854
-7078
-3682
1989
3485
384
-3101
-6822
-10334
-10263
-7267
-1513
6944
10152
6097
1650
-5190
-9229
-12893
-12148
-6063
-337
2921
3494
1989
2330
1698
9310
22728
18307
21840
11309
3617
-1456
-13916
-2386
1240
4185
5445
1837
2930
-2419
-6987
-6595
2456
8964
5961
8492
2936
-1803
-4470
-11652
-8933
-4605
450
3473
2087
-129
-2221
-6879
-10006
-7871
-5356
155
4024
1622
-1196
-5961
-9843
-11240
-8928
-3274
3584
10033
7959
3058
-3235
-8380
-12050
-13685
-8686
-3122
1705
3298
2311
2369
1937
5037
20607
19715
20004
16216
3980
2789
-12083
-6885
1963
2245
5848
1628
2503
-263
-6078
-7449
-310
9108
6759
7987
5728
-1046
-2498
-9768
-10466
-4941
-621
3559
3089
263
-1376
-5076
-9701
-9069
-6184
-2321
3473
2563
-433
-3467
-8623
-10684
-10608
-5890
580
8339
9074
4792
-641
-7548
-10498
-14740
-11039
-4655
301
3082
3113
1570
2397
2401
15032
22589
18119
20181
5717
3188
-7182
-12349
1203
1167
5442
3167
1275
1044
-5402
-7931
-4174
7123
8555
7036
8648
1103
-1287
-6321
-11003
-5755
-1348
2535
3989
1334
-646
-3345
-8184
-9560
-6614
-3278
1710
3758
-364
-2313
-7027
-9801
-9886
-6940
-610
6003
9192
5130
1343
-5809
-9177
-12501
-12324
-5494
-689
2242
2900
1406
1334
1962
5394
22247
19792
20314
13834
1123
399
-14123
-5646
1869
3250
6595
1204
1793
-3247
-8014
-8193
298
9724
6831
8880
5433
-1470
-3564
-10514
-9432
-3316
777
4075
3058
142
-2522
-7145
-10676
-8637
-5066
-782
4191
2205
-1109
-5015
-9512
-10780
-8647
-3500
2813
9492
7255
3406
-2205
-8043
-9991
-12935
-7755
-1837
1839
3123
1981
-220
1497
314
9884
24013
17864
20371
7854
817
-3907
-14063
-1356
2709
6488
5670
1729
1178
-5176
-8021
-6483
4430
10195
7133
9295
2663
-2588
-5450
-11213
-7104
-1683
2700
4709
2519
-668
-4082
-9027
-10404
-6993
-4220
1912
4235
1494
-2137
-7036
-10755
-11320
-6814
-2368
5829
9943
5975
1975
-5200
-9060
-12201
-11962
-5586
-476
3193
3118
1300
753
1001
2174
19417
20858
18660
16306
1666
1060
-11773
-8824
2171
3750
7207
2026
1651
-2018
-7506
-8239
-1944
9318
8095
8384
6661
-1380
-3071
-9051
-9929
-4357
314
3994
3430
318
-2361
-6137
-9711
-7758
-5363
-794
3774
2855
-436
-5213
-8734
-11011
-7737
-3231
2059
9537
7917
2964
-2471
-8074
-10419
-11991
-7638
-1881
2459
3547
1508
-59
-149
-1047
6714
23016
18615
19617
10582
-389
-2809
-15129
-4521
3649
6212
6783
1988
1008
-4796
-8954
-8365
2227
10379
8097
9654
3675
-2500
-4652
-10708
-8749
-2446
2384
4908
3525
-524
-3236
-7716
-8971
-6614
-3758
2250
4593
2854
-2528
-6533
-9639
-9211
-4880
-1729
6212
9694
5423
198
-5198
-8921
-11173
-10547
-5075
353
3638
2474
259
-1446
-571
-1397
12841
23634
17083
19674
4070
-835
-7417
-14532
210
4437
8120
5296
1486
-1210
-7222
-9362
-6192
6575
10361
8236
8759
210
-3687
-7075
-11419
-6718
73
4019
5216
2469
-1999
-4947
-8915
-8094
-5585
-817
4102
5352
1482
-4212
-7353
-11025
-7919
-4641
345
8594
8739
3803
-1414
-6817
-10921
-12035
-9206
-3241
2693
3705
2346
622
-1576
-1505
1786
20170
20282
18063
15245
160
-579
-13268
-9378
3205
5676
7684
2602
1166
-3472
-8317
-9051
-1520
9667
8759
8598
5517
-2140
-4071
-9063
-10273
-4067
1561
4057
3969
-76
-2892
-6250
-7764
-6005
-3613
1824
4605
3839
-2408
-6241
-9772
-9807
-4698
-1922
5955
10208
6452
676
-5114
-9729
-11651
-9772
-5350
1112
3892
3515
546
-2173
-3232
-3084
3241
20435
21478
18423
13898
-1288
-3222
-14049
-10292
4564
8395
8837
3611
-344
-4622
-8854
-10600
-1490
10740
10986
9176
5329
-3490
-5258
-9801
-11524
-3527
3033
6363
4985
596
-3746
-6135
-7764
-6938
-2391
2735
6707
4150
-2910
-6761
-10003
-8411
-4661
-1087
6073
9746
5730
-645
-4766
-9421
-9540
-7684
-4036
2712
4762
3021
-73
-3559
-4618
-1839
4842
21512
20735
18413
11971
-3335
-4894
-15008
-7389
6161
8197
8326
2612
-1667
-5550
-10167
-9669
941
11464
9980
7877
3150
-4985
-6129
-11498
-10629
-1910
4185
5643
3762
-567
-4721
-5763
-8428
-5903
-669
3970
6596
1573
-4343
-8944
-10675
-8257
-4103
2058
7967
10293
4619
-1974
-6387
-10161
-8341
-5740
-1275
4712
4805
1816
-2913
-5770
-5492
-1470
3448
19795
22114
16896
11790
-4646
-4656
-13071
-8078
7120
8598
9686
1895
-2743
-4861
-9935
-8775
794
12075
11247
7639
2464
-5676
-7035
-11696
-10555
-1397
5246
6079
5202
-272
-3668
-4568
-8725
-4292
-362
4165
5618
788
-4492
-8580
-8667
-6803
-2266
1803
6320
8079
3484
-2219
-5979
-8229
-6348
-4357
-863
4098
4267
804
-3359
-6697
-5090
-1408
6335
23351
20454
18053
7742
-5450
-5940
-14755
-2678
7842
9060
7705
-497
-2980
-6773
-10883
-7021
4756
12758
9537
5859
-688
-6550
-8496
-12439
-7836
1426
5806
5635
3274
-2217
-3478
-5903
-7780
-2251
1290
5281
4342
-2085
-7139
-9753
-8991
-5187
59
4585
8680
7235
1305
-4011
-6565
-6839
-4353
-1973
1954
5234
2255
-1678
-6009
-7624
-4078
-1073
4458
22104
19906
15074
7178
-6882
-4714
-11663
-3890
8316
9750
7573
-1005
-4558
-6599
-9549
-6070
3664
12720
9946
4612
-962
-8125
-8803
-11046
-6591
1953
6530
6673
3848
-1090
-3841
-6014
-6496
-1838
1201
4409
3068
-2124
-7127
-8493
-7382
-3164
1382
3811
6579
5353
382
-4225
-5101
-5241
-2313
-459
1964
4270
922
-2794
-6840
-7615
-4594
-1569
4283
21621
19746
13808
7610
-7206
-4642
-10985
-5046
8675
8959
6807
-1626
-4841
-6469
-9224
-5749
3096
12241
8659
3203
-2075
-8823
-8879
-10023
-5707
2458
7454
6623
3625
-953
-4838
-5917
-5628
-1834
1291
3889
2610
-2339
-6359
-8309
-6934
-2027
1187
4370
7240
6230
1027
-2980
-4062
-3741
-187
895
2813
4587
508
-3612
-7404
-8584
-5203
-1097
2270
16214
22835
13347
10423
-4857
-5386
-5643
-9142
6784
10386
9218
1244
-5187
-6546
-7493
-6661
-1339
10032
10398
4011
-1067
-8516
-9906
-8555
-7005
647
7314
7500
5500
596
-5234
-5570
-5615
-3354
-91
2222
1938
-913
-5038
-7861
-5340
-1835
847
2540
4551
4501
1221
-1389
-3933
-1526
914
572
1487
1668
-562
-4245
-7299
-8930
-6222
-2078
1696
11229
23043
14969
10811
129
-7338
-3565
-9148
2946
11722
9461
3257
-4108
-7005
-7094
-7310
-3149
6683
10692
4331
-1546
-7096
-10240
-7588
-6399
292
6748
8491
5670
186
-4607
-5672
-4974
-4409
-1001
1707
1225
-199
-4827
-7810
-4735
-3022
193
3033
4297
4649
2575
-446
-3061
-48
1628
1704
1836
758
-1100
-4465
-7436
-9662
-6105
-2358
1784
5987
20426
18273
10613
6237
-7942
-2081
-6823
-2385
12359
11427
6429
-2478
-7268
-7686
-7553
-6383
1850
11414
6384
-496
-5081
-10785
-7714
-5893
-1555
5075
10048
6526
1156
-2921
-6340
-4753
-5649
-2553
-98
1433
378
-3849
-6280
-4933
-2791
-380
2981
3229
4285
4125
661
-1749
513
1294
1635
1831
-1185
-1391
-4398
-7561
-9006
-7113
-3457
-268
3372
12894
21038
12610
9675
-2119
-4622
-1554
-5673
8746
13530
8180
941
-6753
-8808
-7376
-7381
-2346
8605
8015
1120
-3755
-9463
-8840
-4334
-1864
3819
10433
7371
2569
-1725
-6225
-5625
-5743
-4452
-1266
1437
31
-1892
-4421
-4339
-3132
-1556
2684
2565
4530
4707
2728
1006
488
1134
1918
1529
-1394
-2798
-4140
-6989
-8010
-6846
-4742
-2735
998
1397
10893
20011
10442
10302
-1104
-2363
615
-4031
9707
12277
7307
-1076
-10211
-9762
-7807
-7745
-2716
6353
7903
-293
-4625
-9708
-6815
-1714
-1088
5320
8675
7223
821
-3366
-7443
-7163
-6580
-4872
-99
631
1475
-827
-2802
-4282
-2567
79
1782
3333
2999
4471
3755
1546
650
1355
2127
-648
-3258
-5242
-5933
-6495
-5870
-6929
-4625
-2114
-958
3146
14829
18530
11820
9549
-2368
1498
523
23
12404
10986
4782
-5737
-11718
-9397
-6943
-6037
310
8550
5067
-1474
-5586
-8139
-2475
-53
1917
7220
8834
3768
-1392
-5912
-8869
-6966
-5956
-2376
979
2362
1610
-871
-4119
-4033
-2174
773
3217
3494
5242
4928
3370
632
614
1349
-101
-2230
-5344
-5754
-5496
-5896
-6827
-5895
-4924
-2983
-378
3659
19099
15887
12883
7778
-1461
4420
-2084
4178
12905
8524
-1366
-10840
-12761
-9111
-7472
-5491
3261
8266
2503
-3751
-6847
-6129
-1318
-255
4138
7622
6489
628
-4617
-8454
-8172
-6246
-4374
178
1473
2362
618
-2242
-4021
-2208
926
3936
4901
4023
5115
3849
1062
-406
443
1173
-913
-4011
-6087
-4562
-4705
-5740
-6219
-6519
-4600
-2959
-754
6403
21135
17395
14581
8105
-1003
3946
-1827
5236
12536
5462
-3760
-12265
-12961
-9173
-6560
-3295
4275
8006
735
-3144
-6099
-5842
-681
2205
5341
6970
5067
-2326
-6621
-8892
-9069
-5120
-2069
646
3077
2585
252
-2704
-2289
-1478
2403
4477
2982
4969
3187
2911
837
-975
-747
-1243
-2098
-4376
-4314
-4283
-3624
-5205
-6570
-7148
-5652
-3605
-295
4259
18539
21007
15109
10752
-1577
3523
-741
876
9866
6423
-1189
-11355
-14390
-9874
-4191
-3943
849
6726
3681
-2149
-4952
-6169
-519
3455
3901
4968
3776
-1835
-7108
-8124
-8464
-4552
-507
1762
3225
3221
939
-899
-1742
-19
3064
6146
5574
2774
1273
61
-518
-2755
-1902
-467
107
-1732
-4378
-4860
-4685
-4949
-6316
-6971
-4595
-2796
499
2789
15434
21946
13643
11005
-110
1992
1302
-1743
7415
7989
-263
-10566
-14018
-8604
-3421
-4678
-1024
5488
4662
-876
-3739
-5379
-69
3345
2411
3072
3245
-1464
-6339
-7347
-8434
-3042
819
1855
3100
3934
1567
875
187
-137
3797
4475
3268
-299
-1093
-1433
-1805
-2751
-3237
818
1705
-791
-4173
-5116
-4238
-4887
-6387
-5860
-3845
-2647
-2082
1128
6302
18457
16310
10675
7377
-1767
2264
-2223
2700
10496
4262
-4533
-12597
-11544
-7051
-3846
-4277
1266
7022
2690
-3271
-5632
-4084
96
3233
2427
2697
2901
-4225
-7957
-6374
-3337
943
3058
3498
4470
6068
2594
1663
1206
1956
3466
1167
-942
-3380
-2852
-2981
-2949
-1421
2414
3180
308
-3053
-5513
-4976
-4882
-4549
-2627
-2416
-2461
-3536
-1934
1074
11423
18566
12992
10967
962
257
429
-426
9141
8489
481
-10167
-12678
-8022
-4716
-4473
-2073
5155
3707
-3239
-5890
-6451
-2
3518
2639
3172
2758
-1570
-6672
-5229
-3349
1428
3352
3428
5219
6218
4392
1522
745
-484
526
-878
-2955
-3904
-4687
-2986
-2029
-461
1842
2469
1247
-2297
-5303
-5210
-2829
-1016
-907
-2056
-4182
-5071
-5597
-3195
404
14534
18128
11338
8652
-1379
988
812
2573
11187
9540
-1178
-11930
-11647
-7664
-4113
-3711
-2285
3348
767
-5448
-6328
-3504
1191
3778
3320
1797
2664
-1947
-4542
-2083
403
3898
5152
5483
5475
5874
2582
-486
-2688
-4416
-2413
-1874
-3740
-4145
-4128
-2197
370
-668
1053
2651
-51
-2525
-3249
-1837
689
-101
-2230
-3305
-6250
-8165
-8109
-3340
1304
13221
17510
10820
7615
-1665
570
3157
6218
13613
10295
-625
-12414
-13047
-8635
-4335
-4563
-2034
2617
97
-4525
-6664
-3262
843
3976
3676
4178
4907
1190
-2148
776
3276
4613
6902
3820
4265
3630
-1078
-4153
-5827
-5040
-2176
-1107
-3343
-4433
-3944
-2334
-1475
-386
1344
2339
2095
-159
-1775
-618
87
-849
-3462
-6687
-8574
-8312
-6920
-3767
-618
11580
16784
9801
7076
-379
3883
6182
6381
14019
12184
53
-13874
-15163
-9585
-3042
-3065
-3095
1230
-51
-5126
-7050
-3818
804
5666
6480
5315
6115
3128
-100
1863
3617
4910
4893
2129
270
-264
-2847
-5363
-4676
-4119
-2496
-769
-4568
-6388
-5629
-4047
-239
1255
2780
4119
3297
402
-905
-227
-1667
-2803
-5451
-6404
-6822
-8873
-7796
-3981
-767
6722
14813
9924
8411
4032
3340
9334
7397
12160
10592
-347
-11933
-14562
-8003
-1871
-1100
-3746
-495
-2181
-7019
-6552
-2511
4524
7462
6989
6457
6388
4573
462
1975
4451
5392
3890
414
-1813
-2130
-1762
-3961
-4044
-3471
-3145
-3186
-5338
-6600
-5803
-1848
1774
2672
3997
4135
3111
1366
-1393
-2810
-2139
-1823
-3669
-4872
-6589
-8073
-8935
-6864
-3082
2670
13767
11913
9146
8008
2884
7067
5440
7237
12428
5083
-6176
-12325
-8196
-2596
-572
-5213
-5607
-2179
-4334
-4092
-1958
1994
5907
5865
3906
4133
5092
2861
2204
4498
3441
2625
-616
-4127
-2121
-882
-2073
-4064
-6018
-6550
-5225
-5880
-6850
-3869
-629
3262
3348
1052
2087
1521
945
-1528
-1873
-357
-736
-1341
-4600
-6193
-8836
-9349
-9017
-3493
1110
6629
15567
9212
7407
3678
1197
7667
8001
14078
13102
2019
-8590
-11105
-5113
-776
170
-2226
-488
-1423
-4522
-3929
-1669
1920
3312
4475
4922
6665
6980
2292
2729
3597
906
755
-1683
-2265
912
-990
-5128
-7077
-8421
-6545
-4249
-4123
-3499
-1446
194
-647
-491
431
1741
1627
774
245
518
591
-2240
-4260
-5413
-7559
-9169
-6745
-4972
246
-672
3027
10082
6567
8624
4551
6166
9847
8830
13151
9764
1182
-8276
-8042
276
4968
1340
-3737
-4366
-5398
-6583
-6614
-1970
2780
5132
4744
4427
4964
3391
-181
796
3874
2902
1740
-1997
-2144
-1369
-2807
-6277
-7702
-5940
-4697
-1477
-3800
-4751
-4259
-4104
-850
-318
616
3735
3598
779
-750
-2585
-1662
-1282
-3937
-3940
-4465
-5493
-7168
-6637
-3906
-1051
9112
10237
8403
9115
3682
6307
7789
9634
15202
9611
-75
-4916
-462
4870
3624
-3234
-8292
-6145
-6418
-5247
-1956
1252
3404
2127
854
1489
3353
2099
2121
3666
4442
1705
-1967
-2773
-2450
-95
-2889
-4613
-5194
-5654
-4529
-6351
-7112
-6783
-4296
-2045
1218
1641
2542
2748
-1284
-1506
-1457
204
1627
583
-1111
-3939
-7241
-9794
-8686
-4369
-1534
926
8740
10295
7699
5524
612
6451
11231
13885
18217
10175
242
-3521
-2258
1481
1717
-3715
-5855
-3503
-4690
-4834
-2239
-2215
-1016
-628
-916
2428
4773
3413
1584
3218
2161
-481
-1332
-1088
2628
2900
-1834
-5763
-6858
-7651
-6388
-5906
-5786
-2844
-2325
-925
-589
-1253
-687
-150
-4
1253
3360
3251
1325
-1394
-3916
-5751
-6897
-7402
-4028
-645
-319
-1089
5611
8694
7084
6902
3328
9450
12550
12545
14605
7408
-78
-4239
-1699
3676
4676
-672
-5993
-6006
-7319
-5343
-3678
-4117
-2296
-917
418
962
2368
999
973
2381
1483
475
276
1372
1220
133
-4100
-6395
-6540
-6751
-5474
-3681
-2626
-4141
-5454
-3962
-2778
-1968
-543
1407
3639
3464
1315
299
-311
-2409
-3000
-3834
-4088
-3811
-2958
-2875
-1782
-2385
2637
10701
8445
8401
5319
4908
9437
9083
12891
11550
5400
-273
-345
3563
4397
28
-7372
-7123
-6774
-5327
-4319
-4086
-1881
-2031
-1796
-1126
1547
2468
1272
1006
1837
1739
374
145
366
732
-912
-4474
-6140
-5611
-4495
-2807
-3968
-5058
-4672
-5161
-3003
-527
1241
2582
2263
-374
-727
-509
-1395
18
6
-1109
-2167
-1863
-3001
-2800
-492
-2476
3201
9649
6593
6433
4156
3281
9478
10618
13488
14036
6549
133
-1674
1934
4181
-56
-6853
-7692
-5284
-4593
-4806
-4242
-2735
-1267
-2308
-1971
951
3079
427
-1714
319
1040
1064
-406
521
1718
444
-4849
-6591
-4482
-3005
-1693
-4505
-5650
-4696
-3734
-3226
-953
-471
240
371
-2443
-1013
894
1947
1759
2928
1664
283
-1910
-5511
-4533
-3673
-2654
-1823
6393
8357
6795
6401
2652
7565
10878
13450
15778
9869
1147
-2790
-737
2625
2128
-3712
-6016
-5073
-5046
-3663
-2472
-3319
-3715
-3724
-3054
-593
-228
-1502
-2008
-625
440
404
240
511
1154
470
-1911
-3411
-2644
-1569
-1236
-2575
-4629
-5557
-6063
-4438
-2706
-2645
-1142
-1037
-424
1204
2502
3649
4558
2619
-460
-2945
-5452
-6382
-4445
-2569
-1670
-418
1491
7404
7521
6498
5767
6425
10365
10433
13025
12104
4263
-3182
-5221
1113
6322
3310
-2789
-4714
-4007
-4345
-4259
-4178
-2570
-2811
-5262
-5107
-3131
-683
-878
-1836
-607
1311
1433
815
1286
2628
2598
-96
-2192
-2753
-1195
-1513
-5157
-6703
-7181
-5274
-2549
-1012
416
1847
2176
1490
3131
3265
2056
411
-2772
-3234
-2833
-3516
-2879
-2200
-2452
-898
-473
5097
11291
10083
8298
4041
4058
7519
7758
10808
8822
3092
-1071
232
5656
7317
2363
-6734
-7088
-5323
-3483
-1829
-3978
-5862
-8366
-8769
-6217
-1423
447
-1631
-1213
537
1887
2114
1863
2968
3053
685
-2972
-3343
-3048
-2886
-3970
-6788
-6116
-4247
-2372
495
1518
991
771
-546
-777
995
186
-2087
-2427
-3050
-1794
-2482
-4198
-2874
-746
534
1364
1897
5040
8691
6043
2275
720
3367
8381
11042
13615
11069
4425
-530
-1481
4589
7209
949
-6441
-7850
-5517
-4350
-5000
-7751
-8262
-7451
-6339
-2503
950
2041
-452
-732
1225
2018
1857
1469
2071
1587
-195
-3444
-3230
-1749
-2032
-1588
-2903
-2928
-989
-63
1500
1666
-568
-1362
-1083
-356
152
-346
-1831
-1972
-1055
-298
1196
957
235
-679
-930
-831
-2440
-322
5516
7536
7307
5740
4828
9803
11564
11542
11484
4584
-813
-469
3876
5298
698
-8144
-11618
-7387
-5133
-3664
-3604
-5870
-6718
-4629
-1777
158
1065
-1672
-2589
-360
393
-310
-501
2
425
735
-1693
-3024
-1998
-16
589
-394
-1489
-1728
-684
-100
-792
-2293
-2469
-2349
-1441
-184
548
-50
-332
-631
-44
-495
-2710
-3525
-3547
-2467
-1284
272
1961
8124
10349
8130
6160
4080
7115
10148
10784
10899
4998
-1255
-4178
-1728
3511
1679
-4404
-7638
-5163
-2815
-2088
-3996
-5270
-4305
-5285
-3966
-1832
-719
-1255
-3186
-2991
-1886
-251
-755
413
2187
698
-512
-1446
513
2932
3239
-92
-3241
-3335
-2636
-1141
-594
-937
-1103
-170
-383
-223
-512
-2548
-2941
-3176
-2651
-1878
-1964
-1704
-248
1148
960
1940
986
5671
11007
8698
6057
1784
3300
8022
8711
8853
5387
-659
-3018
221
5061
5621
46
-6988
-7104
-3537
-2654
-2393
-3758
-5854
-6885
-6481
-4296
-1836
-1077
-3997
-4799
-2087
-855
-76
1760
3361
3965
2490
483
1017
2314
340
-911
-1927
-988
1000
659
1397
346
-1382
-3412
-3417
-2952
-2211
-1246
-1868
-1443
-621
751
796
1579
1147
821
866
195
1037
1511
6755
6900
4025
2603
863
4970
8606
9801
9918
4988
-1074
-2420
2099
6278
3829
-3183
-7821
-5971
-3581
-3120
-4090
-5714
-8656
-9513
-6484
-3190
-271
-2720
-5588
-3597
409
2074
2297
3282
2853
1892
-414
-1156
1661
4212
3671
1271
-329
-1309
-2192
-2374
-2888
-3167
-2871
-2847
-2410
-406
-9
-1054
-1253
-1431
182
2212
1774
-175
-990
-1690
-2620
-1324
248
1997
7548
7318
4215
3033
2404
5778
7977
8659
8684
3868
-381
-1375
2244
5051
695
-5765
-9663
-6562
-3568
-2738
-3698
-6499
-7533
-7592
-4081
-1093
152
-2304
-4280
-1912
844
2459
1444
2061
2895
3533
3689
3714
4912
3330
231
-2180
-3355
-2067
-617
-91
918
318
-1807
-3522
-3069
-1063
823
178
-1752
-1088
-679
-700
-1141
-2165
-860
51
470
1290
1978
1444
4488
5530
3835
3196
2344
5483
7713
7636
7565
2283
-3268
-4749
-964
3684
1288
-4914
-8046
-4383
-1901
-1867
-2896
-5134
-6478
-6912
-4579
-1826
-757
-2988
-4289
-1796
2188
3514
2731
4229
5366
4660
2155
36
1449
3216
1970
460
-77
561
-194
-1257
-1257
-1616
-1679
-2441
-1770
-627
-268
-1959
-3647
-2058
386
2126
1640
-190
230
208
-140
-1724
-765
707
3146
7259
4500
2691
167
273
3934
5126
6219
3959
-976
-3483
-1298
4178
5120
-345
-5438
-5444
-2866
-1781
-3089
-4403
-5510
-7223
-7372
-3556
73
542
-769
-1968
311
2627
2452
2915
4366
4614
2945
1927
2139
2654
1942
-386
-2486
-2598
-1074
-693
-186
-691
-2151
-3091
-2993
-2318
-787
1058
127
-775
-1225
-806
395
440
-181
-1135
-1014
-1268
-1611
-829
-2479
224
2013
406
1490
517
2929
5679
4549
5579
4561
-91
-1252
997
5289
5468
-1028
-7098
-6427
-1933
-1015
-1685
-3718
-5733
-5608
-3658
-151
1995
1473
-1032
-338
3463
5241
3890
2422
1748
1142
953
542
1394
2193
2009
972
-542
-930
-814
281
1186
245
-1157
-1946
-1262
-112
379
-315
-1410
-2136
-1217
296
1168
-647
-2870
-4298
-5164
-3491
-2749
-2219
-1264
2969
4083
2279
1412
192
4413
6530
5842
6744
2966
-210
-868
1773
4750
2977
-2117
-5608
-3558
-1650
-1375
-2453
-2962
-2726
-2250
-401
712
1141
-868
-3062
-2024
181
637
388
1244
2367
2287
925
356
1449
3008
2478
760
-87
-702
-97
-255
-1004
-1170
-2085
-2022
-1808
-1640
-993
-1799
-3010
-3407
-2570
-2196
-2892
-3511
-3818
-3030
-3046
-3003
-2959
-1081
-999
2476
4128
2124
2175
722
3497
6130
6569
8562
5256
925
52
1800
6074
4424
326
-2144
-1044
1321
1449
602
-2134
-4582
-6273
-4274
-1235
-88
-580
-2479
-2294
223
1311
1197
2630
3540
3842
3307
2055
2965
3595
1820
-176
-2034
-1168
697
1222
754
-1583
-3125
-3863
-3168
-1870
-1823
-2740
-4898
-5740
-4274
-2446
-1642
-2277
-3017
-3261
-3641
-3219
-3524
-1937
-1514
1516
4550
3575
3611
2964
5034
7514
7403
8299
6442
3136
2800
4804
6936
4841
-931
-4703
-2991
-1131
-993
-1620
-3526
-5616
-6099
-3697
-1100
42
-1444
-2790
-534
3061
3743
3159
2750
1912
1892
594
243
1608
2231
1345
-378
-1439
-1938
-948
-682
-1135
-1610
-3137
-4876
-4616
-3403
-3290
-3512
-4101
-3762
-2088
-2194
-3477
-3738
-3971
-4048
-3823
-2767
-1816
-258
557
1516
5820
6071
5621
5751
5906
9202
8876
7192
6415
1996
777
817
3459
5719
2313
-2185
-4955
-3505
-1840
-517
-1383
-2702
-2527
-2128
-546
352
51
-1166
-805
398
1339
516
-129
865
1906
1391
112
515
1374
1739
401
-962
-1302
-1608
-1530
-1583
-1493
-3071
-4221
-4036
-3598
-2625
-3621
-5298
-5246
-4031
-3441
-2850
-2581
-2631
-1880
-1467
-1111
990
2428
3295
2875
5626
6045
4268
3705
2745
5855
7491
6463
7209
4663
706
-797
189
3772
3714
270
-1249
-380
593
249
-533
-1888
-3126
-4118
-3122
-295
676
-424
-2560
-2837
-939
521
698
1256
1385
666
-547
-1033
365
1592
941
-1354
-2637
-2614
-2344
-2017
-2135
-2891
-3324
-4007
-4575
-4174
-4147
-3299
-2317
-1892
-1481
-354
313
286
671
33
-783
-1257
-1687
532
2295
2990
5273
4620
4554
3327
2370
4248
4512
5847
6942
3691
1918
975
3715
6029
3579
-26
-2490
-1598
-935
-602
-1089
-2632
-3782
-3672
-2020
-631
-381
-1773
-2270
-1300
-819
-1596
-1700
-814
460
-22
-1390
-1894
-1490
-95
-14
-264
-861
-1537
-2263
-2239
-1577
-1970
-1220
-904
-972
-578
-1324
-1798
-2272
-2501
-2309
-1884
-822
-375
-631
-836
-1274
-1238
-822
436
-80
1851
4210
4241
5130
3490
3514
5416
6015
7733
6831
3190
1339
1417
5058
5197
2279
-1054
-2714
-558
664
1620
627
-1758
-3557
-3936
-2333
-1556
-2021
-3436
-4093
-3761
-3926
-3533
-1656
525
1268
226
-448
229
1468
1697
899
484
351
1300
1764
2141
1127
-1197
-2622
-4057
-3068
-1723
-777
-596
-1667
-2697
-3362
-3029
-2063
-752
-863
-1740
-2827
-2666
-1513
486
735
1178
3645
3383
3753
2333
2387
4515
4750
5008
5238
3116
1266
1633
4592
6564
5078
1397
-1362
-865
-507
-990
-1825
-4387
-6216
-7154
-6444
-4336
-2655
-2235
-2722
-2573
-2285
-1494
-127
1507
2780
2545
1396
1476
2116
2263
2555
2025
404
-592
-641
295
1893
1402
-555
-2391
-3387
-3696
-2971
-1437
-1745
-2199
-3322
-4257
-2842
-1118
-957
-1728
-2469
-2222
-1138
-197
-498
-42
3208
3340
3192
2554
3042
5757
6932
7469
7678
5837
2722
1436
3750
4719
2503
-1680
-4891
-4462
-3271
-2471
-1893
-2277
-3047
-3879
-3207
-2109
-1571
-1042
-1072
-485
65
-720
-683
273
590
881
1004
1696
2432
3178
3485
2712
2193
849
480
1236
1163
120
-1352
-2138
-3040
-2985
-3035
-2881
-2283
-2278
-2709
-3349
-3487
-3733
-3182
-3011
-2638
-1952
-1338
-117
1373
2006
4274
5326
5146
4806
4351
4184
3573
2897
4025
3616
400
-2584
-1434
3055
4321
3412
457
-1039
-1055
-880
742
1601
573
-1615
-3280
-3167
-2446
-2672
-3082
-2500
-1460
-744
-1078
-962
548
2205
2435
2260
2054
2217
3019
2988
2588
693
-734
-1834
-1265
-154
-232
-956
-3458
-5324
-6208
-6287
-5819
-5259
-5010
-4840
-3836
-3112
-1415
-469
398
566
627
482
472
568
380
1721
1305
415
-1172
-846
989
3339
5709
7145
5227
2034
1288
3899
6953
7457
5137
2068
401
-1771
-1433
50
93
-330
-2206
-3354
-3012
-2711
-2742
-2178
-778
619
264
-356
429
2268
3420
3169
2140
1514
1835
1768
1943
1320
100
-1333
-3021
-3997
-4439
-3942
-4090
-4202
-3893
-3985
-4209
-4379
-3088
-900
516
-208
-1737
-2009
-1675
-922
-1531
-2379
-2744
-2428
-1561
-831
1617
2737
3241
3091
3505
4710
5592
6500
7793
8037
5208
2588
2772
4382
6259
5730
3531
2014
493
-403
-628
-717
-535
-365
-180
-828
-2299
-3352
-2688
131
2139
1718
-124
-1046
-585
-83
-20
-422
-1188
-1965
-2322
-2053
-1371
-2094
-2620
-2655
-2485
-2575
-3369
-3595
-3316
-2420
-2087
-2785
-3549
-4170
-4076
-3584
-3280
-2568
-2691
-2725
-3006
-3162
-2877
-2253
-791
315
1046
1710
2134
2116
2176
2766
3959
5402
5917
6232
6026
5210
4393
4492
5193
5207
5262
4719
3402
1774
475
-329
-329
450
1301
1673
891
-395
-1493
-1654
-1850
-1809
-1490
-1671
-1688
-1757
-1957
-2085
-1871
-2255
-2551
-2252
-2265
-2280
-2755
-3041
-2194
-1601
-1683
-2097
-2146
-1481
-1295
-1218
-1533
-1938
-2360
-2398
-2047
-1600
-893
-897
-1041
-1111
-1643
-2176
-1775
-1032
75
974
751
1222
1887
2641
2873
2920
2916
3215
4851
5538
5526
4226
2770
2772
3631
3834
3736
3634
3204
3225
2891
2297
2580
2689
2734
3020
2352
1688
768
136
-685
-1532
-2375
-2953
-2696
-3662
-4450
-4961
-5087
-4156
-3822
-3871
-3423
-2838
-1971
-1330
-1257
-2009
-2466
-2076
-1664
-732
-745
-1462
-2150
-2692
-3048
-3058
-2544
-2230
-964
-659
-1326
-2006
-1755
-467
-110
-179
-449
414
1930
2871
3137
2544
1644
1289
1936
3067
3712
3197
2595
2472
3288
3970
4602
5392
6041
6443
6048
5730
5258
4861
4336
3429
2841
2466
1651
715
-802
-2054
-3027
-3870
-4728
-5059
-4577
-4601
-4564
-4545
-4616
-4198
-4202
-4059
-3097
-2635
-3023
-3757
-4223
-3930
-3198
-3277
-3390
-2955
-2421
-2111
-2108
-2369
-2162
-1825
-1228
-376
537
1420
1594
1652
1164
796
781
577
104
-549
-295
164
-68
-540
-281
796
2192
3252
4217
5224
5471
4716
4378
4780
5044
5190
5401
5816
6055
5686
4450
3433
2816
1892
2003
2001
1438
386
-1285
-2586
-2856
-3144
-3303
-3316
-3694
-3629
-4280
-4920
-5350
-4849
-4509
-4199
-3674
-3734
-3215
-3276
-3397
-3153
-2640
-2059
-1615
-806
241
1264
1432
606
854
1338
1461
1467
772
-26
-645
-1476
-1770
-1814
-2320
-2460
-1673
-126
972
1187
1077
937
1447
2042
2432
3186
3665
4141
4520
5057
5327
5211
5121
5499
6644
7198
6920
5795
4743
3807
3085
2414
1904
1509
472
-865
-2405
-3618
-3996
-4339
-4911
-5605
-6002
-5903
-5659
-5613
-6098
-6368
-5574
-4363
-2966
-1782
-1553
-1182
-991
-264
-85
-427
-201
-466
-98
-199
-756
-1274
-1907
-1836
-1834
-1129
-1113
-1289
-1199
-2079
-2554
-2581
-2090
-1777
-1678
-1655
-1268
-561
-165
711
1390
1735
2393
3159
4890
6244
6641
6496
6075
6325
6833
7250
7153
6669
6169
5106
4135
3232
2760
2339
1384
152
-1002
-2044
-3484
-4379
-5381
-5738
-5322
-5227
-4832
-4271
-3750
-2969
-2581
-2346
-2313
-2257
-2324
-1957
-1416
-1384
-1448
-1710
-1118
-257
365
303
-80
-317
-902
-913
-1232
-1681
-1619
-1546
-1325
-1710
-2008
-2545
-2330
-2564
-3139
-2526
-1877
-638
561
1402
1714
1769
2391
3053
4154
4959
5463
5799
5797
5615
5697
6038
5914
6060
6212
5963
5309
4547
3624
2623
1531
899
553
141
-336
-1132
-1547
-2041
-2707
-3129
-3776
-3961
-4315
-4516
-4321
-4397
-4337
-4021
-3494
-2633
-1955
-1730
-1860
-1612
-1069
-1132
-732
-1142
-1141
-742
-1126
-1362
-2049
-2952
-3337
-3211
-2894
-2474
-2020
-1821
-1653
-1386
-1662
-1480
-1406
-1378
-589
234
701
1248
1971
2220
2494
2459
2772
3417
4233
4594
4828
5055
4625
4895
5251
5787
6419
6506
6100
5480
4885
4345
3594
2598
1692
795
-164
-966
-1791
-2143
-2859
-3735
-4154
-4696
-4252
-4301
-4366
-3960
-3667
-2892
-2520
-2362
-2105
-1980
-1903
-1983
-2224
-2625
-2579
-2766
-2904
-2899
-3236
-3335
-3153
-2834
-2689
-2841
-2712
-2229
-979
-165
-353
-490
-672
-773
-895
-1350
-1534
-1028
-541
137
912
1416
1724
2056
2517
3681
4739
5253
5727
6145
6480
6767
6572
6187
6199
6271
6115
5886
5310
4564
3797
2776
1615
814
8
-977
-1517
-2216
-2482
-2390
-2443
-2776
-3481
-3748
-3481
-2751
-2534
-2665
-2827
-2887
-2954
-3264
-3110
-3022
-3026
-3662
-3814
-3726
-3471
-2769
-2582
-1948
-1305
-1187
-1239
-1133
-1132
-1263
-1726
-2093
-1877
-1057
-755
-905
-1034
-1437
-1483
-1105
-547
567
1457
1938
2336
2795
2890
2977
3387
3782
4974
5944
6257
6204
6246
5953
5317
5012
4351
4217
4377
3972
3544
3154
2058
898
500
-1
-191
-475
-1262
-1950
-2305
-3056
-3840
-3985
-4402
-4371
-4139
-4227
-4102
-3862
-3758
-3733
-3920
-3658
-3255
-2502
-2313
-2447
-2043
-2360
-2705
-2835
-2649
-1853
-1134
-1310
-1473
-1264
-1413
-1409
-1218
-1069
-557
-578
-1163
-1498
-1460
-1389
-1150
-343
699
2259
3355
3663
3803
3524
3440
3521
3951
4719
5440
5564
5725
6139
6235
5949
5071
4775
5190
5682
5416
4448
3115
2154
1452
969
131
-981
-1989
-2489
-2605
-2917
-3669
-4702
-4690
-4483
-3877
-3715
-3754
-3656
-3714
-3761
-3732
-3378
-3238
-2742
-2223
-1761
-1429
-1587
-1665
-1323
-1265
-1719
-2336
-2852
-2660
-2137
-2136
-2619
-2864
-2228
-1162
-134
41
-312
-778
-1266
-1099
-136
522
697
1132
1740
3038
3834
3572
3287
3448
4006
4740
5468
5589
5594
5865
5428
4912
4871
4520
4460
4665
4313
3328
2340
1205
825
1069
235
-1217
-2115
-2533
-2598
-2723
-3652
-4457
-4490
-4140
-3311
-2557
-2560
-2653
-1996
-1561
-1308
-1228
-1818
-2170
-2195
-2337
-2319
-2403
-2895
-3000
-2541
-2680
-2680
-2400
-2244
-1589
-1020
-1359
-1397
-1270
-1193
-741
-390
-133
-44
142
-296
-661
-457
-21
988
1819
2198
2581
2475
2139
2151
2800
3608
4222
4473
4597
4983
5078
4427
4239
4295
4154
4124
3470
2791
2371
1563
197
-343
-452
-627
-671
-1375
-1692
-1689
-2053
-2423
-2577
-2536
-2477
-2408
-2431
-2230
-1939
-2168
-2361
-2642
-3137
-3227
-2964
-2399
-1883
-1854
-2099
-2515
-2405
-2042
-1634
-901
-613
-71
141
-109
-713
-1305
-1205
-1194
-824
-1149
-1544
-1645
-1585
-1229
-1038
-578
432
1703
2652
2946
2537
2312
2350
2902
3832
4499
4736
4938
5080
4924
4372
3760
3619
3951
4340
3981
3213
2483
1911
1584
1200
614
284
-208
-527
-622
-949
-1976
-3252
-4083
-3893
-3230
-2905
-2943
-2903
-2635
-2878
-3062
-3470
-3362
-2750
-2214
-1342
-688
-527
-1119
-1594
-1666
-1651
-1487
-1783
-1766
-1843
-1916
-2157
-2481
-2506
-2375
-1931
-1578
-1440
-1455
-1455
-1639
-1505
-1336
-471
721
1656
2605
2801
2382
1846
2098
2794
3557
4218
4319
4343
4337
4142
4032
4262
4568
4947
5496
5674
5393
4705
3643
2489
1593
1254
827
365
-96
-838
-1577
-2506
-3105
-3337
-3063
-2624
-2462
-2137
-1807
-1817
-2139
-2416
-2588
-2616
-2349
-2038
-1962
-2004
-2346
-2769
-2669
-2737
-3045
-2948
-2839
-2733
-2910
-3073
-3339
-3493
-3153
-2483
-1439
-858
-946
-1153
-1245
-1308
-1336
-1014
-349
465
975
893
1324
1624
1701
1864
2356
3815
5222
6045
5908
5632
5428
5365
5758
6385
6693
6588
5719
4474
3870
3149
2593
2204
1623
1219
794
21
-837
-1575
-1981
-2629
-3068
-3206
-2899
-2479
-2519
-2609
-2892
-3030
-2990
-2919
-2689
-2751
-3132
-3605
-3713
-3786
-4085
-4017
-4202
-3810
-3397
-2946
-2612
-2524
-2358
-2581
-2228
-2204
-2117
-2032
-2111
-2101
-2151
-2076
-2341
-2004
-1205
-185
1084
1834
2538
3038
3444
3554
4088
4850
5459
6152
6260
6190
6069
6212
6299
6507
6745
6581
6347
5845
5049
4109
3113
2274
1800
1327
603
-273
-1191
-1763
-1872
-1943
-2381
-2959
-3553
-3518
-3477
-3561
-3506
-3527
-3256
-3491
-3603
-3412
-3199
-3208
-3241
-3036
-2904
-2879
-3191
-3573
-3903
-4275
-4531
-4389
-3982
-3648
-3496
-3335
-3223
-3032
-2741
-2829
-2503
-1906
-1165
-134
144
446
892
1332
2075
3166
3921
4596
4942
4944
5196
5627
5822
5959
6332
6261
6287
6253
6040
5893
5689
5095
4540
4261
3879
3376
2805
1817
820
-204
-1199
-1583
-1781
-1829
-1907
-2165
-2436
-2752
-3075
-2894
-2546
-2107
-1991
-1996
-1995
-2311
-2850
-3361
-3749
-3986
-3856
-3608
-3447
-3542
-3951
-4583
-4892
-4907
-4533
-3760
-3135
-2680
-2384
-2276
-2270
-2207
-1856
-1347
-609
-130
60
503
830
1179
1381
1814
2601
3581
4282
4452
4415
4232
4363
4616
5187
5740
6022
6016
5762
5207
4494
3961
3403
3139
3189
3032
2724
2219
1464
965
439
34
-347
-598
-696
-1133
-1622
-2439
-2997
-3221
-3254
-3029
-2745
-2509
-2472
-2664
-3344
-3955
-4357
-4480
-4105
-3611
-3352
-3319
-3630
-3651
-3603
-3556
-3629
-3477
-3130
-2729
-2322
-2297
-2245
-2391
-2164
-1922
-1386
-808
-581
-72
130
344
778
1273
1887
2747
3770
4581
4856
4465
3963
3812
4133
4530
4834
5348
5546
5453
5201
4730
4500
4518
4426
4379
4360
3857
3039
2190
1485
969
621
27
-235
-483
-1089
-1641
-2422
-3022
-3379
-3470
-3463
-3060
-2642
-2678
-2642
-2947
-3156
-3160
-3217
-3173
-3072
-2929
-2984
-3023
-3299
-3312
-3264
-3520
-3742
-3694
-3315
-2837
-2696
-2677
-2399
-1993
-1528
-1248
-841
-629
-588
-299
96
564
1099
1521
2101
2865
3531
3999
4382
4354
4286
4262
4198
4455
5006
5308
5192
4975
4467
4292
4463
4586
4422
4184
3581
3022
2642
1785
902
186
-160
-442
-803
-1258
-1826
-2160
-2464
-3004
-3250
-3666
-3776
-3592
-3305
-2916
-3097
-3506
-3937
-3938
-3648
-3606
-3732
-3895
-3841
-3712
-3526
-3481
-3570
-3755
-4005
-3865
-3504
-3129
-2971
-2768
-2363
-1902
-1457
-943
-433
43
446
740
1265
1900
2261
2470
2731
3178
3735
4164
4190
3975
3944
4046
4371
4576
4962
5355
5408
5280
4934
4717
4764
4855
4650
4432
4246
3835
3064
2197
1552
906
210
-678
-1329
-1529
-1909
-2441
-3087
-3442
-3491
-3290
-3183
-3222
-2982
-2892
-2906
-3195
-3439
-3669
-3885
-4041
-4042
-3994
-4029
-4139
-4018
-3727
-3585
-3625
-3973
-3836
-3365
-2726
-2117
-1703
-1423
-959
-458
-27
403
635
965
1147
1495
1788
1873
2024
2220
2768
3457
4043
4339
4350
4343
4445
4849
5316
5842
6026
5880
5729
5472
5270
4881
4442
4050
3647
3082
2496
1940
1329
737
93
-371
-770
-1303
-1842
-2103
-2446
-2834
-3335
-3706
-3849
-4038
-4050
-3943
-3688
-3742
-3918
-4147
-4236
-4290
-4489
-4376
-4305
-4165
-4144
-4106
-4003
-4070
-4048
-3904
-3481
-2944
-2382
-1836
-1452
-1146
-1031
-966
-667
-348
204
911
1428
1732
2194
2575
2904
3068
3339
3872
4347
4639
4543
4516
4555
4554
4550
4745
4943
5083
5094
4943
4793
4570
4194
3837
3505
3032
2529
1997
1374
766
163
-595
-1089
-1649
-2251
-2668
-3280
-3493
-3629
-3882
-4075
-4291
-4429
-4198
-3943
-4016
-4290
-4518
-4601
-4436
-4238
-4110
-3826
-3605
-3346
-3211
-3248
-3494
-3455
-3114
-2496
-1794
-1263
-632
12
602
930
1157
1185
1320
1798
2220
2623
2650
2429
2312
2428
2869
3456
3979
4189
4397
4416
4438
4532
4613
4913
5104
5257
5195
4951
4638
4187
3922
3717
3449
3165
2722
2238
1700
1023
432
-43
-751
-1482
-2206
-2915
-3410
-3883
-4324
-4551
-4682
-5010
-4943
-4587
-4379
-4034
-4100
-4367
-4393
-4320
-4141
-4005
-3847
-3698
-3457
-3114
-2770
-2404
-2224
-2272
-2229
-1797
-1107
-515
-220
-250
-86
319
589
812
844
1105
1398
1646
2010
2185
2334
2452
2923
3557
3991
4047
4063
4145
4320
4494
4427
4384
4347
4356
4476
4534
4364
4021
3849
3790
3454
2905
2174
1361
716
-79
-811
-1481
-2131
-2568
-3003
-3334
-3893
-4456
-4826
-4877
-4824
-4865
-4813
-4739
-4340
-3891
-3611
-3512
-3456
-3366
-3201
-3036
-3048
-2976
-2881
-2694
-2387
-2256
-2222
-2203
-1922
-1533
-992
-538
-321
-177
-7
357
699
982
1027
1202
1477
1616
1973
2348
2545
2714
2909
3162
3624
3891
4101
4292
4306
4405
4454
4600
4767
4780
4732
4478
4203
3827
3582
3529
3265
2929
2359
1722
1062
350
-665
-1560
-2138
-2464
-2619
-3011
-3443
-3617
-3566
-3728
-3930
-3954
-3828
-3532
-3093
-2787
-2614
-2726
-3058
-2946
-2737
-2523
-2502
-2464
-2206
-2077
-1846
-1765
-1699
-1460
-1229
-1124
-893
-692
-425
-169
26
77
161
339
528
831
1091
1414
1540
1964
2182
2437
2895
3228
3557
3665
3796
3756
3875
3969
4226
4611
4669
4626
4366
3903
3355
2866
2838
2856
2673
2271
1465
977
462
-380
-1243
-2222
-2776
-3045
-3413
-3755
-4014
-4309
-4592
-4787
-4809
-4456
-4122
-4014
-3882
-3708
-3557
-3473
-3335
-3214
-3108
-3012
-3132
-2968
-2702
-2702
-2755
-2820
-2620
-2250
-2038
-1998
-1825
-1442
-992
-569
-128
174
594
1013
1353
1652
1855
2112
2445
3062
3559
3763
3924
4012
4274
4435
4245
4135
4338
4645
4847
4888
4890
4948
4799
4399
3869
3816
3686
3460
3065
2364
1666
627
-240
-906
-1374
-1828
-2381
-2835
-3113
-3174
-3364
-3407
-3437
-3362
-3101
-2922
-2709
-2646
-2609
-2700
-2761
-2785
-2775
-2880
-3149
-3381
-3571
-3433
-3351
-3256
-3044
-2674
-2260
-2011
-1657
-1461
-1133
-724
-281
269
714
1003
1039
1144
1362
1671
1885
2094
2543
2917
3161
3259
3488
3798
3963
4015
4145
4262
4316
4574
4759
4681
4367
3904
3512
3240
3104
2826
2387
1839
1359
934
258
-394
-986
-1456
-1827
-2179
-2487
-2787
-3010
-3147
-3237
-3330
-3554
-3687
-3707
-3799
-3891
-4031
-4067
-3963
-3754
-3610
-3438
-3446
-3602
-3569
-3372
-2925
-2626
-2325
-2164
-2001
-1800
-1705
-1440
-1127
-696
-417
-61
293
487
763
870
1105
1548
2103
2537
3035
3376
3505
3700
3717
3974
4193
4235
4152
4202
4366
4471
4589
4546
4357
4183
3912
3723
3611
3455
3289
3044
2558
1857
1129
189
-488
-1033
-1813
-2530
-3089
-3545
-3885
-4151
-4411
-4608
-4554
-4596
-4399
-4090
-4052
-3887
-3725
-3426
-3203
-3249
-3390
-3345
-3202
-3220
-3293
-3268
-3029
-2677
-2389
-2180
-2032
-1685
-1277
-756
-248
82
478
822
1157
1396
1623
1928
2314
2851
3111
3150
3188
3294
3710
4056
4227
4315
4560
4859
5215
5607
5777
5916
5779
5560
5230
4901
4603
4041
3715
3236
2487
1656
819
62
-776
-1489
-2318
-2914
-3403
-3898
-3960
-3912
-3859
-3921
-4001
-4001
-4005
-3987
-4091
-4079
-4100
-4193
-4183
-4235
-3950
-3752
-3593
-3474
-3539
-3461
-3209
-2820
-2458
-2197
-2080
-1951
-1515
-1016
-651
-502
-460
-201
160
459
668
924
1355
1711
2131
2586
3032
3550
3981
4402
4766
5021
5067
5145
5388
5714
5806
5654
5582
5447
5129
4404
3734
3173
2707
2329
1717
1142
559
-68
-640
-1100
-1673
-2335
-2946
-3491
-3769
-4078
-4389
-4553
-4728
-4799
-4937
-4859
-4713
-4611
-4541
-4472
-4164
-3993
-3767
-3646
-3443
-3186
-3120
-2865
-2768
-2543
-2451
-2388
-2055
-1733
-1412
-1250
-1071
-775
-362
131
604
1088
1467
1888
2393
2930
3427
3689
4110
4551
4982
5264
5287
5362
5410
5540
5626
5745
5834
5753
5540
5165
4943
4870
4714
4498
4060
3425
2799
2020
1202
425
-329
-1165
-1696
-2199
-2795
-3207
-3729
-4152
-4437
-4552
-4660
-4686
-4578
-4490
-4345
-4315
-4531
-4647
-4607
-4400
-4127
-3896
-3914
-3851
-3619
-3473
-3176
-3037
-2877
-2644
-2331
-2091
-1706
-1222
-933
-674
-341
168
593
971
1263
1601
1990
2277
2579
3000
3398
3762
4017
4097
4251
4446
4785
5066
5404
5561
5619
5552
5330
5087
4752
4385
4038
3836
3526
2858
2110
1315
542
-110
-820
-1408
-1787
-2165
-2519
-2812
-3243
-3603
-4022
-4216
-4298
-4467
-4522
-4630
-4680
-4693
-4688
-4724
-4588
-4376
-4066
-3736
-3632
-3482
-3245
-3076
-2764
-2419
-2099
-1760
-1459
-1244
-1002
-809
-672
-352
-157
-53
114
433
870
1448
1895
2265
2861
3439
3844
4135
4231
4266
4646
4905
5169
5562
5701
5723
5725
5538
5195
4728
4225
4064
4115
3963
3393
2704
1953
1218
507
-269
-903
-1416
-1850
-2252
-2733
-3272
-3757
-4058
-4419
-4581
-4730
-4791
-4815
-4842
-4933
-4926
-4858
-4788
-4490
-4120
-3749
-3452
-3302
-3192
-2984
-2638
-2318
-2113
-1810
-1559
-1308
-1011
-734
-509
-251
-51
121
476
850
1208
1625
2034
2504
3095
3583
3938
4355
4715
5025
5186
5214
5347
5642
5971
6006
5813
5493
5211
4938
4623
4273
3835
3465
3101
2667
2144
1365
485
-335
-935
-1413
-1876
-2318
-2889
-3515
-4094
-4615
-4948
-5099
-5037
-4927
-4896
-4949
-5067
-5099
-5113
-5041
-4952
-4821
-4436
-4006
-3697
-3501
-3310
-3278
-3046
-2706
-2304
-1734
-1329
-1119
-905
-682
-461
-194
160
505
913
1367
1755
2254
2652
3040
3466
3904
4371
4756
5020
5246
5383
5441
5386
5227
5162
4993
4834
4684
4430
4156
3788
3300
3007
2606
2055
1561
930
317
-301
-952
-1543
-1892
-2252
-2634
-2963
-3289
-3646
-3908
-4125
-4313
-4322
-4317
-4302
-4298
-4298
-4324
-4264
-4015
-3687
-3446
-3345
-3355
-3226
-2966
-2666
-2323
-1947
-1565
-1181
-872
-684
-508
-278
69
554
1084
1533
2045
2407
2671
3061
3287
3425
3577
3833
4285
4639
4725
4742
4729
4672
4605
4568
4394
4224
4048
3766
3377
2853
2368
1923
1416
942
400
-29
-438
-875
-1181
-1585
-2039
-2451
-2720
-2948
-3134
-3380
-3676
-3901
-4037
-4062
-3997
-3940
-3899
-3828
-3662
-3626
-3627
-3518
-3252
-2887
-2703
-2530
-2362
-2192
-1913
-1566
-1057
-513
-150
168
488
736
936
1070
1287
1673
2132
2311
2469
2573
2576
2692
2685
2696
2872
3052
3179
3294
3278
3083
2852
2565
2281
2102
1966
1723
1421
1073
620
315
-70
-359
-526
-549
-647
-898
-1141
-1324
-1427
-1548
-1613
-1654
-1674
-1693
-1799
-1932
-2037
-2125
-2198
-2243
-2203
-2165
-2084
-1919
-1830
-1729
-1529
-1400
-1229
-963
-673
-301
-57
58
186
458
777
1054
1254
1362
1400
1506
1503
1473
1580
1735
1927
2166
2270
2249
2156
2068
2079
2019
1913
1715
1536
1455
1365
1134
794
448
297
376
445
322
151
-151
-330
-505
-695
-725
-678
-561
-575
-580
-788
-939
-1126
-1361
-1410
-1410
-1491
-1570
-1691
-1823
-1791
-1812
-1803
-1684
-1597
-1533
-1465
-1448
-1411
-1340
-1199
-862
-435
-113
56
68
71
100
166
213
336
561
836
1126
1214
1181
1119
1160
1247
1335
1367
1365
1399
1369
1192
984
684
535
579
568
606
482
398
262
174
49
-155
-145
32
224
264
194
17
6
-65
-155
-197
-392
-429
-501
-570
-606
-742
-910
-1013
-1018
-1010
-1064
-1238
-1414
-1502
-1536
-1470
-1364
-1320
-1197
-1002
-934
-928
-905
-805
-595
-350
-132
41
151
215
369
548
667
825
921
1149
1329
1457
1443
1331
1333
1238
1275
1285
1318
1352
1353
1240
1035
774
642
650
597
598
543
410
344
304
281
211
14
-50
65
249
377
323
283
299
345
412
374
333
255
35
-256
-478
-605
-656
-744
-787
-843
-1018
-1146
-1236
-1136
-1076
-1075
-1025
-952
-874
-870
-853
-758
-554
-369
-359
-362
-277
-176
-83
-14
3
52
189
356
546
690
720
626
657
697
819
819
729
674
737
811
762
662
489
400
245
51
-66
-247
-368
-357
-274
-135
-67
-147
-183
-140
-118
-27
148
278
289
236
173
6
-136
-241
-437
-611
-759
-880
-931
-841
-838
-940
-1102
-1302
-1273
-1094
-979
-945
-927
-878
-826
-794
-809
-786
-649
-565
-502
-382
-271
-58
125
169
224
321
412
492
609
743
910
1049
1210
1299
1394
1458
1309
1215
1102
994
994
920
788
733
609
507
360
312
327
267
325
329
394
375
359
375
356
307
173
205
283
320
286
144
-21
-170
-301
-406
-435
-598
-746
-849
-857
-854
-946
-1085
-1205
-1198
-1169
-1208
-1136
-1004
-845
-734
-743
-766
-782
-609
-534
-382
-296
-245
-154
-53
125
263
403
514
675
868
985
1132
1313
1321
1319
1242
1159
1177
1201
1170
1110
1006
911
833
710
596
478
396
245
171
278
376
360
207
102
91
167
223
216
211
166
-11
-169
-259
-202
-210
-323
-493
-636
-672
-775
-755
-746
-820
-870
-886
-940
-953
-999
-1081
-1132
-1156
-1145
-1173
-1161
-1125
-1095
-1041
-965
-823
-687
-507
-364
-262
-56
119
261
331
373
520
618
715
833
868
932
897
841
910
811
711
721
744
795
823
703
579
441
341
352
391
438
360
230
79
39
82
81
68
-50
-82
-54
-93
-83
-64
-72
-78
-189
-325
-424
-425
-457
-625
-760
-972
-1076
-1191
-1343
-1488
-1538
-1457
-1402
-1351
-1406
-1332
-1159
-907
-689
-576
-542
-548
-393
-144
53
106
150
315
502
666
723
812
829
818
909
1009
1128
1215
1296
1366
1471
1515
1485
1480
1478
1389
1292
1137
988
793
665
524
472
427
405
512
582
597
588
658
697
758
636
478
431
356
228
157
37
-223
-466
-592
-721
-724
-753
-880
-975
-1051
-1065
-1084
-1114
-1184
-1209
-1174
-1135
-1055
-1014
-989
-891
-837
-658
-539
-518
-439
-350
-293
-238
-163
-106
81
296
467
593
669
727
842
989
1120
1107
1008
998
907
793
624
424
322
319
325
318
278
171
39
12
80
16
-117
-213
-239
-190
-286
-445
-609
-714
-699
-639
-612
-596
-551
-584
-558
-601
-633
-625
-729
-774
-828
-771
-757
-767
-804
-888
-926
-1051
-1048
-895
-816
-777
-810
-785
-683
-495
-327
-176
-5
93
183
348
530
634
761
774
873
1018
1025
969
962
1036
1120
1238
1302
1319
1316
1317
1253
1198
1094
1014
925
766
547
360
301
200
87
-73
-205
-258
-228
-195
-172
-238
-256
-307
-307
-165
-106
-69
-59
15
37
-6
-65
-111
-61
-64
-110
-191
-285
-270
-315
-442
-521
-506
-485
-430
-368
-329
-300
-281
-227
-116
-31
-54
-86
-128
-105
-81
-97
-76
11
154
210
263
323
406
537
589
587
690
755
644
528
520
436
335
208
91
85
34
-64
-177
-248
-251
-317
-372
-405
-359
-298
-344
-317
-236
-175
-209
-258
-330
-232
-101
-141
-133
-226
-246
-190
-242
-254
-220
-186
-279
-306
-403
-412
-240
-209
-252
-168
-267
-357
-319
-349
-299
-236
-266
-222
-110
-119
-144
-214
-259
-170
19
120
121
51
-61
-106
-19
18
79
150
161
225
184
154
111
23
-64
-91
-128
-183
-139
-202
-228
-190
-142
-87
-20
38
14
51
89
84
108
141
101
62
-13
-55
49
198
254
315
388
520
653
593
581
603
604
585
562
522
525
514
550
572
482
366
312
357
402
439
395
344
287
231
238
170
82
1
-8
-83
-158
-238
-359
-336
-280
-302
-345
-295
-270
-324
-405
-466
-486
-402
-295
-206
-162
-181
-195
-165
-151
-127
-110
-87
-102
-126
-147
-183
-117
-123
-137
-105
-79
-28
33
43
26
93
220
359
435
451
400
431
418
366
321
290
329
326
298
257
172
40
-24
-5
49
39
-17
-47
-20
-48
-105
-221
-346
-439
-453
-464
-510
-598
-661
-766
-881
-844
-767
-720
-719
-640
-607
-561
-559
-551
-426
-333
-287
-253
-227
-212
-299
-281
-206
-151
-141
-13
119
120
99
70
66
198
330
382
424
389
378
441
557
658
733
763
790
839
873
858
774
712
662
610
507
370
331
315
340
372
342
300
213
105
66
75
14
-194
-292
-369
-463
-510
-592
-642
-654
-675
-811
-914
-1006
-1059
-1027
-926
-787
-702
-662
-639
-557
-431
-336
-270
-159
-41
10
61
112
177
235
263
359
457
529
618
664
655
657
689
769
935
1002
996
1043
999
955
933
903
949
1018
984
870
800
821
745
586
418
367
395
381
339
226
111
-1
-116
-229
-274
-346
-456
-580
-657
-784
-935
-1127
-1245
-1311
-1427
-1549
-1670
-1599
-1519
-1491
-1421
-1317
-1213
-1118
-960
-862
-761
-697
-586
-403
-217
-50
57
196
303
458
527
551
708
837
981
1065
1102
1176
1244
1255
1223
1268
1294
1284
1245
1192
1115
1024
930
852
816
750
597
479
385
301
156
57
-16
-23
-95
-252
-365
-574
-682
-767
-928
-1012
-1078
-1191
-1303
-1396
-1526
-1655
-1798
-1788
-1717
-1682
-1736
-1854
-1878
-1780
-1541
-1438
-1343
-1325
-1254
-1016
-745
-552
-455
-315
-127
113
327
534
686
799
945
1149
1283
1353
1467
1682
1893
2001
1915
1852
1839
1860
1879
1873
1846
1812
1834
1840
1777
1595
1446
1231
1176
1240
1171
980
781
616
482
381
233
146
-11
-216
-354
-440
-597
-779
-877
-887
-877
-959
-1119
-1258
-1360
-1426
-1503
-1583
-1625
-1691
-1754
-1799
-1788
-1774
-1809
-1761
-1680
-1562
-1376
-1213
-1061
-900
-810
-626
-410
-203
-38
78
207
364
529
689
782
846
946
1031
1164
1244
1322
1378
1397
1468
1567
1640
1661
1657
1558
1428
1373
1256
1183
1070
959
846
695
528
415
324
184
127
1
-61
-164
-282
-348
-425
-426
-471
-475
-526
-627
-767
-932
-1036
-1120
-1257
-1421
-1459
-1486
-1543
-1655
-1782
-1784
-1692
-1659
-1581
-1462
-1351
-1281
-1195
-1029
-861
-764
-753
-711
-578
-390
-232
-141
-4
181
320
502
655
776
940
1090
1248
1358
1405
1458
1510
1503
1517
1554
1628
1657
1522
1391
1317
1326
1270
1160
1052
979
912
848
745
673
644
582
576
540
438
274
200
121
53
-52
-189
-310
-449
-557
-652
-754
-912
-1005
-1080
-1228
-1353
-1426
-1537
-1625
-1626
-1602
-1551
-1546
-1535
-1558
-1540
-1438
-1277
-1121
-956
-810
-746
-655
-498
-367
-287
-175
4
175
277
340
441
583
725
829
921
1054
1162
1278
1319
1352
1426
1473
1494
1477
1449
1379
1365
1356
1292
1213
1142
1047
1065
1071
1046
980
878
849
829
739
686
586
510
456
341
148
21
-180
-421
-571
-727
-846
-1037
-1177
-1335
-1448
-1589
-1709
-1793
-1844
-1805
-1764
-1641
-1466
-1502
-1574
-1514
-1427
-1285
-1104
-1102
-1158
-1101
-979
-836
-726
-651
-541
-338
-125
49
222
335
419
505
625
720
802
914
1023
1156
1223
1206
1111
1018
1008
1011
954
930
1003
1087
1110
1124
1032
1027
1041
1001
931
783
708
569
458
340
189
36
-66
-110
-196
-445
-721
-929
-964
-977
-1041
-1114
-1102
-1090
-1113
-1106
-1143
-1150
-1108
-1080
-1036
-975
-983
-958
-911
-812
-684
-573
-407
-233
-105
8
63
228
340
504
607
727
901
1042
1154
1215
1253
1235
1297
1336
1414
1410
1380
1346
1328
1293
1232
1159
1072
978
900
846
779
709
617
549
483
390
271
125
-41
-212
-342
-435
-607
-751
-819
-857
-831
-891
-1032
-1149
-1223
-1251
-1238
-1223
-1240
-1242
-1262
-1309
-1328
-1276
-1255
-1201
-1152
-1108
-1049
-1017
-971
-881
-770
-614
-485
-383
-306
-289
-176
-23
114
236
350
502
658
754
791
772
779
797
880
904
913
873
896
891
877
882
874
846
869
879
831
770
618
509
427
397
300
241
202
88
-16
-153
-264
-312
-272
-199
-172
-190
-204
-283
-377
-452
-468
-446
-456
-461
-461
-493
-530
-591
-634
-667
-666
-685
-687
-601
-531
-537
-521
-434
-258
-101
51
158
271
328
334
412
504
595
592
637
757
901
947
953
899
864
848
843
875
869
834
769
691
654
654
580
537
427
320
203
27
-66
-140
-221
-257
-243
-192
-227
-297
-354
-390
-379
-386
-401
-430
-443
-472
-536
-589
-594
-640
-697
-743
-761
-763
-717
-769
-855
-841
-802
-780
-796
-827
-740
-658
-613
-555
-521
-439
-337
-262
-164
-29
-10
24
146
245
308
350
403
443
514
524
492
494
481
434
432
383
397
386
306
229
168
136
154
196
170
209
174
150
131
174
232
237
256
185
120
56
31
82
124
190
155
118
140
89
54
0
-41
-38
-39
-48
-23
6
-82
-153
-118
-126
-126
-156
-154
-178
-146
-161
-197
-183
-108
14
76
174
134
149
231
280
385
369
371
335
283
266
138
81
60
39
10
-19
-39
-123
-136
-145
-76
36
80
163
141
168
131
65
46
41
89
89
131
74
71
124
134
192
125
141
138
122
157
91
65
-43
-67
-102
-93
62
78
45
-41
-148
-234
-303
-329
-379
-335
-363
-345
-343
-390
-336
-332
-274
-225
-182
-155
-167
-115
-152
-133
-161
-212
-192
-166
-58
-25
-31
-82
-175
-150
-114
-37
-6
-11
-8
-67
-97
-156
-120
-89
-77
-77
-53
-26
-87
-70
-109
-69
-35
12
56
78
137
77
14
5
-28
32
70
91
101
120
158
193
241
248
265
201
145
129
86
103
55
116
134
145
108
7
-58
-137
-145
-174
-124
-82
-73
-46
-60
-91
-84
-11
80
87
102
82
119
151
162
193
101
152
174
191
230
199
209
140
114
69
103
135
178
189
142
98
32
-8
-2
0
45
44
-8
-28
-90
-113
-120
-51
-50
-21
46
56
110
147
146
186
292
321
308
318
240
145
105
43
-6
-56
-94
-136
-196
-243
-294
-320
-320
-334
-329
-274
-199
-143
-121
-152
-210
-223
-157
-99
-117
-128
-124
-64
-38
-25
-18
-19
-23
31
56
70
85
95
1
-39
-19
-6
14
-27
-83
-157
-135
-152
-111
-124
-91
-42
-85
-70
-48
22
86
161
259
332
292
255
235
255
325
342
338
286
292
307
272
202
12
-80
-111
-117
-111
-170
-147
-147
-179
-242
-267
-287
-319
-332
-337
-353
-363
-381
-383
-297
-293
-306
-293
-297
-249
-168
-162
-113
-144
-104
-56
-53
-28
-117
-124
-140
-143
-162
-194
-150
-157
-129
-134
-156
-163
-169
-106
-111
-18
-27
-16
31
70
207
270
367
379
341
340
342
332
355
411
441
496
475
436
477
467
491
455
350
297
211
230
204
201
173
130
138
106
76
32
56
95
113
131
66
44
8
2
-10
-46
-38
-18
51
36
-6
3
-45
-11
-21
50
94
41
67
35
43
-52
-69
-110
-123
-111
-172
-124
-93
7
74
154
176
151
175
212
251
247
197
216
254
287
330
279
271
258
221
183
148
132
101
174
170
105
-10
-100
-184
-319
-396
-462
-449
-459
-437
-471
-549
-593
-724
-747
-785
-779
-722
-736
-723
-732
-709
-725
-717
-708
-656
-602
-557
-476
-482
-466
-467
-417
-351
-287
-254
-240
-221
-193
-177
-154
-139
-123
-78
-80
-20
50
120
183
233
256
220
266
376
506
615
675
657
680
712
749
730
735
799
794
758
682
673
695
678
611
583
560
480
395
261
177
108
13
-32
-105
-180
-255
-338
-377
-386
-343
-309
-285
-262
-258
-240
-278
-320
-328
-246
-180
-83
-7
8
54
31
54
45
27
18
33
97
102
123
124
157
175
124
103
100
135
275
338
371
438
444
496
516
498
489
509
563
537
475
459
500
516
501
479
452
464
448
369
270
184
104
113
29
-75
-173
-256
-324
-387
-477
-559
-600
-643
-701
-754
-776
-770
-730
-695
-657
-616
-574
-566
-568
-624
-618
-575
-530
-491
-507
-516
-461
-419
-415
-434
-442
-418
-392
-326
-242
-180
-149
-117
-53
14
25
26
46
47
109
177
170
244
320
346
363
403
422
494
518
484
465
399
372
325
345
320
257
220
130
110
-19
-88
-125
-174
-139
-187
-234
-297
-349
-373
-435
-433
-487
-460
-479
-485
-439
-452
-413
-438
-382
-333
-285
-245
-287
-159
-98
-53
-85
-53
45
90
177
193
234
262
264
285
268
275
290
395
473
464
538
504
543
596
673
738
760
851
823
845
764
730
731
688
708
675
671
650
627
589
487
441
407
351
283
203
150
91
39
-77
-152
-242
-321
-312
-367
-383
-481
-519
-564
-612
-664
-689
-625
-582
-557
-561
-646
-631
-613
-547
-465
-399
-370
-372
-299
-351
-305
-306
-249
-136
-88
59
62
90
117
91
157
148
256
287
411
466
389
393
279
311
314
346
373
343
367
320
284
268
315
324
298
316
215
174
59
-44
-80
-173
-165
-233
-281
-376
-419
-498
-614
-657
-775
-812
-851
-880
-831
-908
-858
-920
-942
-897
-915
-853
-852
-806
-776
-691
-603
-583
-478
-410
-307
-257
-223
-143
-83
57
145
259
363
481
612
668
726
676
706
755
780
914
992
1047
1059
1063
1052
989
1001
976
1040
1054
1029
970
888
874
813
740
655
581
536
468
394
283
185
142
42
1
-112
-176
-289
-368
-435
-502
-519
-600
-643
-724
-740
-806
-859
-858
-939
-932
-890
-877
-862
-863
-789
-719
-612
-590
-562
-451
-368
-234
-193
-112
-54
-24
-2
19
99
145
286
406
404
416
386
454
507
569
668
637
623
557
593
604
580
582
493
493
506
519
478
425
361
237
175
117
100
84
62
64
-14
-41
-99
-191
-256
-360
-410
-456
-474
-498
-501
-576
-653
-653
-731
-765
-791
-800
-799
-754
-678
-634
-526
-508
-452
-365
-383
-380
-357
-251
-168
-40
61
91
165
189
302
341
380
468
519
561
609
608
592
602
630
610
654
641
611
574
515
522
462
468
380
340
315
254
234
170
112
28
25
26
22
6
-47
-18
-60
-106
-188
-321
-354
-428
-420
-465
-536
-575
-580
-514
-519
-532
-521
-508
-489
-492
-483
-482
-448
-346
-288
-242
-234
-215
-220
-175
-111
-77
-10
121
219
268
356
448
512
494
477
503
515
523
526
546
517
545
514
471
500
438
451
434
407
384
327
313
250
239
209
161
148
137
148
60
-22
-68
-107
-124
-196
-230
-284
-293
-334
-342
-364
-414
-398
-517
-528
-577
-644
-623
-599
-509
-457
-411
-397
-482
-458
-465
-395
-315
-243
-218
-204
-146
-154
-96
-77
-26
66
181
286
291
369
340
349
450
497
564
565
571
539
511
472
417
401
444
520
527
518
511
450
360
296
244
199
192
165
56
7
-2
-47
-81
-124
-168
-239
-304
-360
-393
-408
-477
-519
-537
-532
-550
-550
-597
-644
-657
-674
-659
-650
-662
-662
-584
-561
-575
-552
-491
-412
-334
-295
-284
-286
-216
-128
-78
-9
74
99
184
261
286
328
370
455
522
555
551
662
742
759
761
821
799
814
815
753
706
688
695
694
666
624
563
488
422
387
310
277
224
125
81
23
0
-70
-140
-195
-215
-240
-239
-284
-376
-372
-426
-425
-473
-533
-569
-595
-584
-577
-577
-593
-543
-536
-512
-499
-521
-469
-406
-387
-338
-352
-323
-279
-188
-109
-54
24
73
161
195
266
300
325
363
382
432
491
525
520
493
508
558
571
576
587
570
569
529
468
391
309
273
218
113
80
16
7
-15
-81
-118
-194
-204
-244
-291
-321
-369
-459
-509
-487
-520
-501
-522
-567
-568
-654
-705
-721
-699
-703
-693
-674
-632
-581
-553
-525
-503
-453
-393
-326
-252
-165
-84
-45
70
204
295
327
336
392
440
478
537
610
640
699
723
740
747
742
770
832
891
918
899
838
785
677
547
452
407
370
318
252
192
128
47
-36
-107
-131
-231
-291
-307
-314
-350
-362
-439
-494
-503
-527
-555
-608
-652
-701
-696
-676
-678
-636
-653
-702
-665
-653
-610
-569
-545
-498
-409
-310
-260
-225
-157
-129
-36
33
81
137
204
285
370
465
513
553
556
594
641
714
787
786
826
855
827
828
812
802
754
743
691
617
564
516
444
375
304
232
183
123
136
93
31
-77
-205
-294
-421
-495
-538
-586
-587
-606
-608
-636
-704
-794
-840
-900
-874
-894
-909
-889
-904
-848
-893
-871
-809
-691
-617
-632
-566
-513
-440
-367
-292
-201
-134
-1
92
108
197
197
273
306
381
475
516
560
575
655
697
741
717
669
654
713
785
776
766
720
735
755
701
731
639
562
523
402
376
232
181
119
56
61
23
21
-111
-107
-194
-259
-271
-305
-292
-331
-328
-417
-480
-481
-502
-492
-518
-489
-491
-500
-471
-429
-312
-237
-254
-260
-227
-180
-134
-60
0
96
179
188
197
171
158
124
172
198
175
172
241
303
365
394
392
395
429
424
417
429
478
468
422
383
327
281
222
169
102
105
63
54
-15
-115
-211
-262
-338
-390
-400
-425
-460
-501
-511
-516
-554
-618
-666
-662
-655
-673
-617
-615
-641
-626
-584
-529
-454
-426
-387
-294
-206
-157
-158
-176
-139
-90
-34
12
29
44
49
83
132
187
208
243
267
288
321
343
398
435
443
469
475
506
490
511
486
483
509
523
486
433
454
417
358
306
273
256
229
161
133
86
10
-46
-105
-138
-164
-183
-225
-300
-338
-325
-339
-328
-343
-377
-376
-319
-299
-289
-279
-275
-240
-205
-131
-145
-142
-116
-111
-134
-60
-38
-21
10
51
145
163
228
230
229
231
251
249
263
326
387
418
407
410
408
388
355
313
318
356
336
285
320
283
237
252
236
231
209
170
108
60
16
-41
-97
-156
-195
-220
-319
-320
-340
-384
-394
-410
-397
-367
-373
-403
-381
-369
-324
-313
-319
-332
-370
-348
-348
-360
-382
-358
-329
-307
-293
-314
-273
-170
-140
-131
-91
-50
-35
33
78
126
160
166
168
161
224
257
262
293
315
328
379
348
354
362
361
362
332
353
292
272
262
251
232
238
230
179
202
181
174
96
20
-30
-84
-87
-138
-172
-144
-188
-245
-286
-325
-358
-362
-351
-358
-348
-345
-370
-382
-374
-430
-443
-466
-468
-454
-410
-377
-310
-291
-311
-320
-312
-272
-255
-180
-124
-89
-112
-99
-95
-31
15
17
61
60
97
129
146
180
205
222
251
277
297
318
292
287
330
400
456
472
488
495
564
583
597
597
574
584
606
586
559
529
507
496
484
477
434
404
318
255
247
235
159
104
67
-3
-27
-34
-51
-84
-111
-129
-155
-214
-237
-238
-269
-292
-277
-268
-298
-303
-293
-264
-268
-312
-307
-307
-306
-306
-320
-338
-288
-284
-280
-308
-290
-278
-254
-255
-203
-170
-134
-59
-64
3
17
47
51
60
45
37
43
100
138
146
130
115
140
102
69
26
19
30
-32
-103
-154
-176
-219
-224
-179
-172
-165
-128
-150
-182
-213
-240
-250
-282
-250
-252
-226
-194
-214
-218
-201
-186
-184
-183
-200
-220
-247
-192
-197
-213
-212
-210
-189
-155
-133
-115
-69
-35
-36
-21
25
28
95
149
184
231
248
296
280
254
301
325
375
379
390
383
363
333
322
317
288
290
289
273
252
225
200
242
228
187
168
131
89
44
20
49
84
101
110
57
41
4
-9
-37
-30
24
57
79
82
86
101
100
106
38
17
4
-13
-4
-12
-41
-53
-26
7
-15
-56
-51
-34
-3
21
53
88
119
126
139
149
136
58
24
18
19
65
98
136
139
110
82
58
25
2
4
7
1
11
63
81
57
9
6
32
41
17
-6
-54
-72
-51
-74
-103
-119
-120
-144
-155
-143
-178
-186
-185
-200
-203
-210
-219
-286
-334
-411
-445
-423
-418
-411
-422
-396
-422
-403
-390
-357
-296
-250
-241
-252
-251
-276
-274
-258
-215
-163
-118
-86
-48
-50
-41
-31
-17
-8
10
9
15
58
90
69
114
108
110
110
133
190
234
273
304
303
284
318
284
258
218
240
264
267
292
282
273
312
321
312
301
252
216
144
99
48
21
5
29
47
13
23
-13
-38
-78
-96
-96
-93
-84
-39
-26
-19
6
47
45
19
38
10
4
11
52
58
94
120
134
157
163
175
160
207
194
215
200
223
202
188
250
253
225
213
191
124
117
117
147
156
166
126
73
9
-39
-49
-63
-102
-116
-138
-153
-160
-205
-209
-232
-181
-180
-211
-257
-262
-288
-303
-272
-301
-310
-294
-277
-326
-298
-315
-307
-306
-345
-346
-383
-414
-395
-369
-345
-376
-335
-329
-271
-240
-222
-212
-164
-151
-187
-166
-108
-57
-6
73
136
209
215
228
224
246
252
279
283
326
327
391
392
323
369
403
466
437
421
409
351
337
291
246
224
250
252
268
214
100
72
73
59
65
34
15
20
13
5
-45
-135
-165
-199
-214
-222
-221
-254
-242
-279
-299
-329
-372
-339
-371
-352
-317
-282
-231
-204
-206
-182
-172
-151
-121
-76
-16
39
54
48
44
72
112
123
143
175
190
186
168
144
143
149
154
168
183
159
168
149
158
130
100
85
86
93
121
172
182
190
176
154
105
136
128
168
183
162
115
86
51
-9
-30
-39
-41
-80
-97
-157
-182
-213
-223
-214
-242
-292
-328
-324
-287
-265
-234
-185
-164
-79
-57
-38
18
20
32
33
42
55
81
78
98
116
151
170
197
221
275
300
322
352
309
310
248
204
159
178
203
180
168
141
161
168
201
194
218
181
124
66
-11
-15
-49
-96
-150
-177
-201
-181
-195
-225
-275
-331
-356
-431
-469
-503
-479
-555
-544
-537
-500
-479
-490
-463
-450
-426
-399
-351
-334
-348
-331
-319
