35
47
108
125
124
119
30
29
70
37
81
61
95
82
82
73
55
68
38
28
-8
6
28
-27
9
17
71
81
56
76
49
75
25
27
58
48
33
21
-3
-31
-14
57
18
26
35
-1
16
-19
30
-21
-19
4
15
10
-2
21
-9
-40
-76
-146
-75
-133
-147
-123
-102
-58
-106
-92
-95
-98
-63
-123
-133
-158
-160
-207
-206
-178
-195
-97
-138
-137
-142
-99
-97
-72
-80
-88
-76
-76
-104
-84
-133
-108
-58
-85
-78
-70
-32
-25
12
-11
-49
-8
-33
8
22
17
22
-13
44
18
-5
42
10
21
57
48
57
51
48
36
60
58
33
88
93
118
64
96
101
68
104
45
100
95
72
37
26
35
24
61
32
4
13
-20
72
67
88
76
41
91
90
86
112
39
60
-1
-3
8
40
88
97
97
67
151
92
92
106
99
104
34
29
112
23
94
54
48
90
-4
21
69
10
-9
51
0
10
56
29
36
20
65
88
2
-22
-28
-44
-36
-4
21
10
14
34
-22
-19
-8
-10
6
-62
-54
-59
-80
-13
-74
-40
-69
-141
-70
-149
-144
-82
-116
-92
-99
-141
-83
-108
-107
-96
-100
-129
-177
-184
-155
-68
-94
-72
-79
-68
-67
-72
-68
-94
-24
-22
-49
-62
-71
-73
-51
-66
-46
38
25
-21
3
-31
-95
-78
-1
20
9
87
50
-39
-55
-60
1
0
87
98
36
83
32
44
103
92
147
100
59
76
80
44
99
116
120
121
17
106
41
35
84
29
96
60
37
90
8
-12
123
71
70
-14
-10
9
-58
32
158
80
8
-24
-12
-1
90
145
-16
61
-65
7
2
35
141
85
20
24
-100
22
-35
12
53
-26
-10
62
6
17
-17
-126
-36
-69
-88
-70
-2
7
-44
-26
2
-24
-15
21
71
-95
-6
17
17
-4
86
20
-40
-69
6
16
-13
-24
-39
-77
-48
-29
-33
-17
-105
-68
-79
-130
-122
43
-122
-96
-103
-139
-111
-140
-36
-135
-132
-134
-126
-133
-98
-75
-12
-95
-36
-112
-57
-5
-26
17
40
3
-55
-79
-48
-18
-13
-27
12
18
3
66
-2
58
0
64
91
138
18
70
39
103
54
114
120
114
23
66
145
115
165
135
140
39
26
49
118
148
294
267
284
237
176
118
169
165
30
117
110
112
49
-61
26
43
-53
32
-15
-45
24
-30
-103
-65
-51
-102
-16
-72
-21
-81
-95
-106
-103
-63
-33
-72
-69
-60
-59
-63
-24
-37
-92
20
-73
-141
-68
-34
-59
-32
-84
-48
-20
-94
-23
-5
-110
-127
-111
-86
-70
-60
52
-12
-3
58
112
74
7
-201
-72
-82
-11
90
103
89
47
-139
-2
67
106
148
24
6
-8
112
89
-59
-21
17
-6
-37
9
-61
-4
-76
-162
-179
-151
-58
-90
-91
52
-165
-25
-57
-35
64
-179
-58
-110
-70
15
-68
-19
-46
-152
-26
54
87
-71
50
-88
-17
-19
35
60
97
75
-68
-34
22
39
24
55
-14
150
104
160
176
208
67
202
80
104
256
114
200
-1
26
136
131
25
126
32
66
54
124
65
22
37
26
66
4
90
-10
4
-32
-189
-68
-103
-63
74
-41
85
-39
16
96
-51
125
-10
37
-35
33
75
-1
22
118
-113
4
104
-115
-31
4
-181
-55
-28
-201
17
-129
-78
-51
-165
-75
-3
-180
-156
-174
-171
-109
-126
-41
-92
-122
-138
-80
-72
-83
16
-23
-123
-2
-63
1
0
-57
-78
-26
-52
53
38
-39
70
187
94
131
43
112
35
-74
79
-36
105
130
-26
-2
-39
4
25
5
131
133
70
113
38
52
103
96
55
120
115
-20
50
-50
-1
143
-136
-52
-13
6
62
22
-62
-17
-135
-52
-88
2
-48
-19
-87
-53
-71
-123
-44
-211
-57
-164
-130
-11
2
-74
-57
-82
15
-56
70
24
103
67
79
163
103
80
68
170
37
44
13
166
38
39
70
100
112
134
111
61
-6
61
94
41
168
102
65
125
-47
24
-15
32
-35
72
-21
22
66
25
-11
3
19
-32
-32
-83
-12
-107
-127
-38
-131
-98
-78
-75
-65
-80
25
-85
-102
-111
-99
-129
-108
-58
-149
-51
-56
10
-36
31
16
14
-31
82
98
62
114
85
35
133
169
151
131
52
67
-22
94
163
204
181
148
87
33
15
55
77
51
85
49
-40
90
-46
12
-67
-20
-9
-125
-17
-85
-94
-131
-56
-94
-77
-74
-132
-117
-67
-135
-53
-106
-112
-117
-126
-68
-200
-74
-152
-109
-54
-81
-46
-103
-66
-78
-169
-75
-87
-173
-51
-239
-38
-169
-90
-20
-61
-40
-23
27
54
-57
104
69
-96
-20
-75
-121
-9
10
43
-67
94
-10
-94
81
-80
7
47
-50
17
-15
-27
42
-30
56
21
37
54
62
37
-22
-1
-9
7
10
91
55
66
17
12
98
66
95
88
10
98
22
169
-20
96
203
19
148
75
112
105
74
130
110
72
120
-31
193
-8
220
94
104
169
121
133
111
111
193
155
59
311
15
221
145
113
180
188
134
164
122
84
124
-14
76
1
220
59
150
53
18
29
-10
-96
129
-106
-50
-26
-120
95
-176
25
-105
-97
-117
-86
-148
-91
-43
-106
-103
-155
-250
-197
-210
-147
-144
-182
-78
-167
-175
-215
-189
-143
-280
-45
-259
-95
-161
-8
-235
311
787
-233
-233
-607
-498
-330
-401
329
315
-742
-402
-562
-343
41
101
-89
-65
138
-125
-54
-192
-18
48
-38
192
32
182
172
221
57
-72
197
86
35
-80
164
255
27
-70
295
-285
-241
-43
53
293
-3
30
-9
-124
18
101
70
132
103
-257
-88
171
111
-13
387
44
-177
-48
263
274
-155
139
398
104
-373
311
298
-24
72
99
130
388
-198
26
686
-462
191
64
446
417
-277
-2
359
-276
36
108
0
405
-557
147
-194
30
300
166
-387
306
-354
-34
-17
162
-29
-46
-1
-94
19
-52
540
-106
-145
238
124
73
206
186
165
-244
205
7
-246
444
211
-51
148
-46
-35
163
-371
414
236
-400
582
108
-251
155
-183
-277
233
-134
224
-187
-160
-42
-119
-389
252
102
-381
-273
-74
-331
-12
-105
-171
-419
-416
-137
-245
-525
81
-170
-463
-77
-136
-274
-167
-53
-126
79
-249
-129
-9
-417
4
-10
-63
-196
-399
248
-105
-307
69
-266
-77
-310
-277
497
-246
-188
402
-581
-268
469
-255
141
265
-34
192
-473
125
10
-337
77
237
565
-66
336
424
-133
217
-51
249
220
392
248
211
155
265
452
-57
114
285
51
383
41
298
-423
547
157
54
258
-116
252
-44
-122
387
134
125
66
-101
89
37
298
-267
326
261
-347
204
28
-149
-79
209
99
226
-315
-63
318
-221
-368
-30
195
-150
5
240
-330
135
-114
-298
161
-150
224
-105
-61
246
-298
246
-50
47
-43
-161
112
96
-48
5
-36
61
-24
-184
215
103
-22
-61
109
-237
-44
154
-133
-26
-55
-96
-43
41
-25
78
-19
-227
-359
123
77
-103
-233
-115
-27
-445
-96
244
-186
-428
11
-228
-163
-95
155
53
-169
-109
85
-204
-124
49
-70
2
-219
167
63
-179
23
88
-245
-138
109
-217
360
132
-496
446
-107
-239
320
-687
691
11
-193
-29
250
-403
351
-238
-72
613
30
-717
823
-432
-403
656
-217
419
-243
-157
416
-372
-47
427
-347
18
-10
-345
512
-307
-201
356
-483
58
47
-558
527
-450
-263
768
-576
45
36
-158
-114
-190
255
223
-333
341
-122
8
-38
-184
688
-82
-562
480
166
38
-244
430
344
-430
278
34
279
-318
53
514
-41
111
291
-264
136
-98
505
-431
290
263
-115
233
-41
-265
238
233
-119
127
-50
188
361
-457
95
406
-485
731
-228
297
268
-281
342
-57
129
346
-99
102
469
-595
733
-171
-93
415
322
-179
371
-297
-57
291
-213
319
-176
122
29
52
-403
368
-459
687
-356
-587
142
-281
-85
-116
-260
187
-111
-900
562
-332
-378
198
-392
-290
231
-531
290
-148
-630
77
-114
-393
-126
-3
-188
-210
-295
-115
518
-653
-135
148
-706
549
210
-549
463
-678
38
-92
-195
469
-184
196
-111
-55
11
-40
132
-290
148
154
-391
256
56
106
-26
-357
89
64
-263
488
-124
70
222
-237
-2
295
63
-114
-101
477
-150
-17
283
-129
165
-30
391
150
-48
79
141
-262
293
265
-58
93
-91
-142
283
-7
434
-273
125
296
-314
-26
486
196
63
74
194
101
-121
196
-12
89
27
349
-134
-34
129
86
-32
194
-24
-6
79
142
-56
13
173
5
-247
20
-164
-45
93
-28
61
-7
71
-190
-233
64
-145
-130
132
-163
83
-211
-98
271
-344
75
153
-49
-284
49
-38
4
-110
126
144
-193
81
17
-203
-74
84
-306
-186
56
46
-47
-101
-27
-62
-107
-184
223
-245
-200
15
-194
3
-119
-291
44
-188
-168
111
-144
54
-150
-141
-89
89
-152
7
88
32
65
-22
-14
66
84
-31
36
-113
158
-83
80
46
110
119
-51
71
85
4
-153
171
-39
51
-75
195
151
-13
-136
114
-26
3
7
-89
13
101
-38
97
45
-133
15
56
-9
55
60
-64
15
-81
-47
193
40
-30
-120
69
57
-83
98
295
-6
-71
127
40
38
-1
356
-47
-16
143
-123
-63
287
66
41
106
211
-142
-65
-26
-78
44
26
84
130
-51
179
193
-43
78
112
-146
-233
254
-8
164
148
103
-23
56
-340
301
-50
-3
210
-101
-16
33
102
-239
254
101
81
-157
-90
169
131
-161
94
-5
-202
-244
-21
274
-391
150
61
-44
-122
-166
-108
-15
9
11
-156
-79
-129
-61
-307
-6
106
-66
-12
-137
-108
-114
-93
-313
10
-195
30
-182
-117
-61
-69
-180
-117
-165
44
-197
38
-146
-38
17
-151
81
-260
58
-77
-53
-20
-102
-110
-2
13
-192
-144
112
-150
117
48
-64
169
-43
148
-19
-1
46
26
-13
221
94
250
275
-47
-1
30
96
68
322
-24
207
6
-8
285
106
62
123
10
-38
-74
173
75
264
165
109
7
232
-13
-50
355
70
119
108
-270
-30
117
-158
319
91
-139
122
87
-140
118
81
80
34
-38
-127
-30
-180
-12
4
-77
205
-59
-79
-103
27
-143
4
-69
66
-46
-146
-7
-111
-44
-94
-90
224
-205
23
136
72
44
-136
-51
-20
-209
110
84
-92
-63
-45
-92
-131
90
90
107
-77
-111
90
-108
-91
-18
121
-165
28
93
84
-29
153
-189
2
-38
-93
-133
25
225
-192
38
-92
-93
-19
-32
-114
66
-82
-56
14
-111
-53
-211
58
-81
-73
-109
75
-136
-38
40
-232
152
-73
141
14
25
-77
80
-187
131
-114
-12
89
-57
76
-31
217
-24
-29
-1
40
76
110
-86
151
-198
-154
146
-101
200
54
22
77
-83
20
-39
252
94
-109
145
224
-117
-10
175
230
-59
13
221
20
111
80
158
27
24
-2
-34
-98
277
139
20
181
170
-69
42
77
-76
-54
-193
53
-80
-80
-11
-121
21
82
9
-15
26
-39
-63
-52
71
3
-12
-133
31
-51
-39
96
-16
-67
57
-76
5
-2
3
-40
60
-109
67
41
0
-36
-148
-19
-86
-42
-126
-70
62
38
-30
-53
-254
48
-33
23
-1
-54
-137
-56
81
-74
-102
-59
-125
-100
-46
23
24
-125
-129
-125
-101
-194
56
-41
-19
-87
-21
-104
-32
-55
-78
-70
-47
-41
184
-204
105
40
-112
106
-41
-9
64
-41
-24
-38
-22
-29
12
28
125
-48
103
114
-107
191
-19
96
73
41
23
55
-8
0
207
-23
30
138
-184
168
120
-96
119
-13
23
-12
-86
56
88
-16
250
92
-47
206
49
7
25
122
165
-12
195
196
26
108
148
133
90
272
-46
160
82
25
176
92
136
144
21
159
67
113
52
-39
157
72
86
22
-4
20
32
43
-85
59
-60
33
-119
-125
0
-160
-58
20
-249
-102
-134
-236
24
-47
-71
-43
-69
-242
-153
-184
-61
-216
-60
-131
-120
35
-65
-87
25
-43
35
65
4
-8
-110
-64
-146
-62
-142
-106
27
-135
-97
-113
29
-75
-7
-139
-65
-176
-108
-122
-241
-107
-226
-191
-142
-199
-114
-138
-228
-181
-227
-229
-146
-169
-269
-82
-176
-94
-104
-109
-58
-140
-19
48
26
75
175
231
262
403
515
578
669
558
583
593
496
490
525
512
425
525
365
398
386
297
285
188
-40
127
-99
-48
-214
-362
-437
-412
-603
-529
-667
-692
-669
-676
-666
-631
-908
-674
-793
-807
-651
-771
-572
-615
-504
-504
-375
-283
-77
378
556
801
1009
1208
1614
1485
1609
1777
1294
1465
1076
1149
1066
872
660
929
977
838
928
791
715
515
81
-21
-445
-601
-1102
-1254
-1216
-1492
-1578
-1349
-1027
-1098
-1081
-990
-1061
-880
-1051
-1447
-1281
-1424
-1480
-1425
-1272
-1184
-1393
-1243
-1168
-1280
-874
-62
111
898
1040
1321
1900
2076
2304
2755
2268
2358
1659
1735
1598
1266
975
817
1328
1153
1083
1131
1239
1318
1032
672
465
-216
-441
-1202
-1258
-1295
-2038
-2010
-1656
-1593
-1579
-1391
-1249
-1108
-847
-1326
-1323
-1179
-1541
-1602
-1677
-1792
-1791
-2075
-1734
-1529
-1530
-1723
-1432
-1410
-294
-9
212
1321
1748
2317
3028
2998
3880
3856
3584
3289
2501
2412
1613
1225
786
1104
841
810
1145
1094
949
924
592
584
-172
-664
-1428
-1879
-2018
-2639
-2781
-2458
-2302
-2147
-1959
-1475
-1555
-1056
-1358
-1397
-1214
-1469
-1536
-1535
-1699
-1675
-2089
-1964
-1830
-1990
-1803
-1727
-1758
-1589
-380
-76
809
1735
2542
3589
4320
4828
5782
5763
5616
5108
4289
3882
2879
1828
951
1064
492
397
692
620
687
607
128
-106
-860
-1550
-2384
-2812
-3087
-3683
-3933
-3463
-2866
-2849
-2221
-1701
-1264
-847
-948
-1235
-1016
-1317
-1787
-1790
-1923
-2357
-2544
-2742
-2670
-2671
-2965
-2788
-2885
-2683
-1260
-976
356
1860
2840
4616
5572
6373
7809
7855
7747
6911
5874
5116
3539
1705
282
79
-1266
-1518
-1353
-1377
-1091
-1197
-1527
-1479
-2437
-3156
-4328
-4533
-4747
-5369
-5319
-4165
-3036
-2458
-1306
-328
423
984
612
280
49
-563
-1252
-1708
-1921
-2514
-2983
-2911
-2984
-3052
-3033
-3112
-3070
-3169
-1908
-1160
38
2002
3338
5673
7241
8327
10107
10477
10269
9360
7824
6513
4422
2015
-334
-1045
-2441
-3368
-3129
-3035
-2609
-2608
-2970
-2858
-3758
-4816
-6196
-6446
-6348
-6668
-6401
-4757
-2157
-821
845
2898
4003
4653
4129
2529
1978
659
-1156
-2249
-2608
-3883
-4454
-4468
-4109
-3935
-3906
-4173
-3814
-4170
-3205
-1938
-907
1830
3732
6398
8970
10476
12245
13162
12648
11509
8917
6995
4193
1134
-2331
-3842
-5041
-6233
-5978
-5615
-4832
-4215
-4364
-4198
-4754
-5492
-6987
-7687
-7368
-7272
-6770
-4838
-1405
1299
3742
6188
7570
8531
7983
5315
2652
365
-2510
-5015
-5906
-6950
-7663
-7473
-7182
-6330
-5609
-5178
-4688
-4507
-3512
-1520
-512
2459
4971
8035
11080
12723
14440
15745
14918
13207
9782
6904
3327
-644
-4994
-7454
-8301
-9918
-9446
-8351
-6977
-6107
-5474
-4999
-4775
-5179
-6279
-6751
-5579
-5186
-4222
-2397
1984
5146
7507
10038
11671
12163
10887
7992
3927
86
-3951
-7734
-9237
-10054
-10766
-9990
-8878
-7532
-6874
-5467
-4755
-3687
-3699
-1555
587
2623
5963
8393
12092
14521
15328
17225
17058
15051
11353
6559
3003
-1846
-6792
-11294
-11690
-12344
-12800
-11262
-9524
-7067
-5267
-4670
-2978
-2915
-3386
-4681
-3316
-1943
-820
-172
2821
8008
9581
11003
12932
12413
11560
8460
2572
-650
-4982
-10227
-12465
-12468
-13643
-12117
-10798
-8615
-6412
-5522
-4765
-2987
-2991
-2043
1469
2748
6532
9590
11961
16482
17051
17732
19347
16500
12924
7648
1994
-2529
-7566
-13266
-15760
-13886
-15208
-13259
-10213
-7960
-4272
-3072
-1089
117
-42
-865
-2075
-124
937
976
2427
6671
10064
10244
11551
11532
10026
7575
2546
-2457
-6443
-10364
-14284
-15241
-14717
-14533
-12595
-9468
-6911
-5184
-3856
-2355
-1625
-1221
-1187
3165
5658
8830
12292
15219
19208
18882
18860
19670
15507
10239
3405
-2889
-6776
-12786
-17972
-19066
-15196
-15177
-12954
-8358
-4894
-1093
158
1912
3652
2606
1127
-514
1352
3409
3743
3996
10422
12253
10641
11754
9182
7063
4369
-4095
-8141
-11376
-15571
-17266
-17153
-15575
-12054
-9356
-6166
-1529
-1126
-770
737
-952
-568
-1863
-562
5518
7602
11575
15158
19846
20499
20336
19945
15591
9855
2639
-5702
-8703
-14609
-19557
-20859
-16636
-13003
-11671
-6295
-1242
2995
4349
5015
5097
3887
3405
-523
-101
3013
1463
3797
8574
12231
12865
10168
9435
6147
1163
-3568
-10536
-14898
-15439
-18439
-17579
-13639
-11852
-8215
-1931
122
1688
2843
536
71
-831
-3295
-3921
918
5017
8997
13983
17003
21486
20375
19372
18783
11088
4100
-2807
-10732
-12876
-17936
-22161
-19962
-13014
-11123
-7189
-510
2792
7021
6679
5632
5121
2159
-93
-1641
-83
1861
1788
4557
11498
13496
11117
9327
6484
2064
-3176
-9476
-14443
-17366
-17678
-18641
-14878
-10635
-8573
-3635
1833
3320
2652
2175
-165
-1484
-2702
-5214
-4789
2827
5591
10418
15909
18270
21925
19199
18127
16469
7308
260
-6991
-13152
-14326
-19479
-21958
-17556
-9911
-9078
-3420
2963
4969
8817
6802
5803
4152
946
-1936
-2202
913
2332
2949
6148
12987
13616
8845
7643
3290
-2255
-6720
-13790
-17464
-17658
-17845
-17042
-11025
-7395
-4237
1164
4599
5646
3410
1903
-558
-2635
-4436
-6168
-4903
3599
7215
11134
17392
19280
21633
18946
17050
14264
5494
-2239
-9170
-14098
-14997
-20216
-20577
-15416
-7669
-6284
-963
5351
7078
9745
7096
5704
4093
609
-2175
-2374
1437
2373
2550
5600
11417
12076
6428
5331
842
-4017
-7652
-15224
-16867
-15916
-17130
-14676
-9606
-5546
-1975
1897
4378
6246
3622
1109
-519
-4062
-5198
-6289
-6312
3814
6469
10261
17147
18166
21118
18590
16525
14193
5733
-2106
-9188
-13463
-15303
-19909
-20377
-15790
-7293
-6637
-1175
5620
6746
9728
7384
6099
4253
947
-2784
-3359
555
345
398
3164
8493
10330
4837
3577
1048
-4446
-6846
-13515
-16466
-14407
-15259
-14528
-8308
-4886
-1619
3019
4906
6338
4699
1000
-958
-3845
-6870
-6979
-8469
1532
5375
7764
15940
16707
21076
18834
16636
15750
7296
-386
-7547
-12506
-13533
-19161
-19994
-16297
-7100
-5949
-1441
6386
7603
11348
8093
7126
4635
773
-2835
-4940
-1002
-1063
-1948
785
6455
10186
5429
4364
3239
-1859
-4108
-10447
-15046
-13103
-13672
-14178
-8277
-4959
-2368
2998
4888
5995
4428
901
-1589
-4509
-7935
-8426
-9932
-2260
4614
5546
14708
16605
20303
20483
18328
17708
10332
2428
-4707
-11030
-12394
-18153
-20553
-17495
-9408
-5856
-3341
5459
7119
10912
8966
6729
4505
490
-3034
-6723
-3356
-2284
-3141
-390
5939
10057
8291
5781
4667
462
-2489
-8643
-14640
-14410
-13696
-14952
-10393
-5574
-3042
2321
4971
5795
4553
1281
-2475
-5631
-8240
-9863
-10933
-4628
3491
5200
13472
16866
20484
21849
19025
18299
11689
3156
-4252
-11545
-13567
-18063
-21543
-18137
-10309
-4869
-2601
5839
8459
11546
10373
6743
4564
306
-3460
-7283
-5031
-2930
-3145
-738
5868
10518
9492
6653
5398
1223
-2649
-8888
-15064
-15363
-15375
-15480
-11226
-5674
-2368
2223
5636
7064
5022
1667
-1961
-5500
-8445
-9785
-11378
-5756
3319
4086
13478
16930
20192
22644
18687
18378
12329
2651
-3958
-11773
-14259
-17500
-21168
-18330
-10211
-3787
-2474
6643
8558
11398
10913
6090
4204
-742
-3759
-7513
-5734
-3313
-2665
-112
5399
10926
9980
7133
6444
697
-2718
-7999
-15129
-15547
-15125
-14785
-10999
-5573
-2410
2293
6391
6743
4990
1749
-1521
-5247
-8205
-9968
-11022
-7175
2879
4568
12006
17706
19224
23290
19544
18010
13635
3710
-2875
-10443
-14070
-16076
-20555
-18338
-11235
-3600
-2749
4798
8938
10200
11388
5699
3734
-175
-3716
-7177
-6605
-3349
-2146
-245
4559
10014
10189
5939
4936
334
-4192
-8366
-15206
-16196
-14411
-14606
-10924
-4955
-1426
2839
6190
7129
5625
1880
-1695
-5352
-8207
-10320
-10993
-7832
2714
5145
11144
18272
19548
23343
19446
17199
13324
3617
-3596
-10738
-14453
-15750
-20181
-18055
-11122
-3374
-2201
4234
9285
9516
10934
5372
3330
-473
-3916
-7519
-6426
-3285
-2460
-164
3920
9274
9442
5544
4520
541
-4980
-7719
-13982
-15398
-13587
-13353
-10014
-3453
-1182
2586
6894
6794
5495
1601
-1871
-4970
-8007
-10765
-10175
-8665
1154
6218
9599
19086
19215
23154
20915
17248
15028
5600
-1897
-8227
-13621
-14453
-18796
-17866
-12698
-4596
-2363
1246
8353
7645
9997
5717
2978
246
-3456
-5454
-6610
-3271
-1931
-649
2787
6925
8700
4868
3463
1126
-4578
-6225
-11696
-14533
-12519
-11714
-9889
-4654
-1172
1198
5714
6217
4721
1950
-1014
-4296
-7613
-9438
-9470
-8696
-277
6744
8760
18008
19164
22241
21960
17204
15536
7431
-521
-6496
-13635
-14596
-17702
-19186
-14460
-7077
-3373
-851
6971
7073
9611
7365
3505
1777
-1853
-3760
-5926
-4223
-1958
-1178
968
4801
7031
4630
3022
1478
-3786
-4900
-9381
-13386
-11559
-10843
-9859
-5557
-1911
434
4421
5839
4684
2772
-92
-2959
-6427
-8132
-8981
-8911
-3072
6248
7042
15338
19081
20162
22993
17334
15821
10470
1339
-5025
-12316
-14329
-16154
-19810
-16306
-9684
-3650
-2578
4860
7394
9155
9587
4377
3688
87
-2457
-5574
-4701
-2800
-2430
-1248
1699
5684
4820
2352
2284
-1435
-3333
-5858
-11295
-10713
-9516
-10088
-6890
-2910
-1476
2792
5235
4714
4108
1319
-1616
-4163
-6590
-8651
-8508
-5440
4636
6714
12190
18905
19385
23045
19069
16674
12980
3691
-3517
-10885
-14464
-16291
-21136
-18474
-12632
-5040
-3529
2859
8322
9641
11414
6602
5067
1581
-1443
-4874
-6067
-4284
-4046
-3462
-7
4094
4760
2860
3165
690
-1591
-3671
-9379
-10587
-9397
-10197
-8699
-4689
-2764
1210
5167
5437
5125
3074
597
-2091
-4991
-7955
-8732
-7214
2677
5153
9092
17687
17967
22825
19690
17080
15000
5740
-1841
-9422
-14322
-15847
-21664
-20042
-14159
-6334
-4216
1565
8861
10029
12817
7460
5960
2871
-1292
-5031
-7231
-5766
-5769
-5089
-2177
2527
4148
2618
3839
2496
-494
-1560
-7439
-9222
-8433
-9898
-8892
-4994
-3375
-28
5343
5647
5766
4299
1852
-100
-4074
-7945
-8838
-8610
-1549
4786
5740
16048
18012
21154
21968
17891
17213
9537
433
-6690
-13194
-15605
-20569
-21327
-16553
-9058
-4156
-1139
8305
10280
12547
9832
6652
4085
-823
-4202
-8312
-7224
-6373
-6335
-3626
1165
4545
3874
4477
4249
771
-81
-5174
-9214
-8802
-9764
-10126
-6760
-3628
-928
4545
6562
6767
5743
3826
803
-3441
-6840
-8707
-9834
-3852
3519
3521
14151
16788
20021
22277
18045
17808
11131
1805
-5454
-13044
-15224
-20024
-22201
-17440
-10300
-4251
-1706
8059
10170
13059
11067
6844
4988
-717
-4362
-8822
-8411
-7620
-7423
-5029
104
4015
4281
4497
4973
1843
809
-3894
-8392
-8439
-9141
-9708
-6619
-3444
-888
4708
6995
7233
6663
4277
1427
-2798
-6985
-8955
-10560
-7137
2311
2035
11510
16621
18275
23235
18421
18092
13698
3519
-3205
-11331
-14719
-17849
-21576
-18340
-11765
-4238
-2719
6214
10166
11950
11807
6732
5094
-624
-4205
-8808
-9739
-8239
-7928
-6232
-1727
3881
4435
4429
6314
3039
1901
-1202
-7126
-7289
-7705
-9297
-7046
-3467
-1533
3330
6490
6616
6613
4130
1800
-2372
-6372
-9176
-10683
-9219
381
1727
8122
16940
17098
22960
20310
18675
16408
6666
-1207
-8559
-13721
-16427
-21668
-19358
-13963
-6225
-3867
3038
9759
10493
12182
7305
5382
527
-4106
-8325
-10161
-8964
-8528
-7166
-2801
3072
4953
4753
7116
5109
3139
1260
-5028
-6324
-6669
-8795
-7276
-4410
-2340
1644
5349
6247
6247
4414
2404
-1172
-5243
-8751
-10087
-10727
-3244
2312
3958
15075
15807
20663
22278
17930
18171
10453
1310
-4847
-11910
-14669
-19218
-20210
-16142
-8660
-4403
-1208
7763
8591
11308
8237
4717
2033
-3304
-6587
-10030
-9700
-8437
-7346
-4608
1769
5454
5042
7287
6661
4157
3255
-2742
-5905
-6197
-8264
-7746
-6039
-3148
40
3949
6115
6232
4647
3066
-144
-4398
-7448
-10299
-10908
-5699
1952
2342
12620
16385
19552
23146
18609
18724
13344
3006
-3461
-11076
-14416
-18458
-22329
-17904
-11439
-5572
-3732
5393
8416
10691
9480
4881
3390
-1702
-5590
-9607
-9970
-8358
-7922
-5887
6
5031
5313
6350
7558
5013
4211
-511
-5868
-5090
-7041
-8149
-6211
-3711
-500
3218
5739
5919
5607
3613
1219
-2973
-6501
-8695
-10308
-7920
1552
1909
9548
16070
17463
23338
19128
18322
15337
5684
-1141
-8593
-13629
-16104
-20984
-18999
-13173
-6155
-5073
2484
8055
9325
10134
5535
4305
-243
-4168
-8141
-10293
-8474
-7814
-7248
-1796
3944
5031
5572
8224
6219
4903
2200
-3855
-4059
-5009
-7565
-6367
-4075
-1532
983
4543
5130
4676
3396
1617
-2182
-5509
-8363
-10308
-9531
-659
2083
5611
15795
16169
22250
20797
17972
17497
8830
711
-6320
-13071
-15162
-20903
-21091
-16117
-9180
-6804
-1904
6538
7680
10040
6326
4749
1613
-2753
-6365
-9695
-8288
-7397
-7692
-3388
2556
4908
4799
7623
7157
4712
3685
-1894
-4065
-3748
-6780
-6813
-4295
-2274
-542
3296
4495
3775
3266
1497
-1215
-4509
-7830
-8724
-9932
-1954
3047
3402
15086
15853
20780
21866
17816
18189
10917
2335
-4691
-12003
-14458
-20090
-21554
-17911
-11179
-7602
-4254
5332
7073
10156
7476
5810
3440
-1280
-4346
-8837
-8258
-7342
-7881
-5210
710
4146
4241
7162
7840
5619
5677
748
-2506
-1955
-5064
-6260
-4846
-3073
-1560
1859
3453
3074
3306
2078
-249
-3415
-6327
-7749
-9346
-4493
3306
1495
12062
15093
18075
22236
17415
18207
13884
5026
-2073
-9611
-12922
-17496
-21739
-19216
-13926
-8448
-7405
2451
6056
9060
8874
6343
5666
1038
-2200
-7268
-8158
-7166
-8459
-7670
-1828
2718
3480
5790
8147
6640
6863
3362
-1218
-1055
-3664
-6496
-5989
-4322
-3485
-1000
1917
2002
2613
2155
601
-2173
-4590
-6980
-8473
-6572
2189
939
8411
14912
15894
22111
18335
18576
16634
7814
461
-7211
-11868
-15855
-22318
-20757
-17009
-10671
-9520
-1482
5100
7818
9718
7093
7463
3092
-517
-5220
-8263
-7612
-8675
-9856
-4207
500
2682
4866
8195
8017
8026
6283
1151
-67
-1984
-5792
-6506
-5737
-4908
-3328
181
865
1628
2278
1434
-758
-3051
-5654
-7106
-8593
-584
1450
3179
13613
13100
20426
19741
17864
19344
12425
4762
-2437
-9597
-12265
-19526
-21960
-19510
-13483
-11072
-6982
2871
5364
9927
8157
8491
6181
1971
-2147
-7222
-7641
-7575
-10735
-7247
-999
1819
4200
7547
9275
8898
9122
4020
585
-48
-4605
-7204
-6576
-6194
-5507
-1850
75
554
2486
1997
347
-1373
-4166
-5604
-8119
-3980
2648
371
10727
12793
16970
21471
17574
19764
16261
7545
870
-6999
-10936
-16776
-22195
-21193
-16690
-11476
-10806
-346
4264
8344
9424
8219
8002
3479
-138
-5718
-8305
-7649
-9802
-9546
-3151
1247
3138
6782
9522
8515
10016
6157
610
50
-3668
-7385
-7733
-7784
-7147
-3899
-1156
-651
1616
1982
1083
-584
-3385
-4933
-7319
-6521
2276
-326
7046
13240
13914
21621
18257
18908
18724
10107
3193
-3957
-9973
-14387
-21771
-21973
-18954
-12893
-12956
-4286
3331
6519
10273
8184
9361
5891
1725
-3207
-7428
-7164
-8623
-10855
-5200
-26
2255
5194
8949
9186
10362
8701
2192
891
-1187
-6429
-7790
-8008
-7785
-5527
-2285
-1633
440
2391
1541
213
-1342
-3895
-5153
-7360
617
1522
3162
12994
12001
20042
19770
17872
19728
13366
5509
-1010
-8429
-12182
-19919
-22100
-20679
-14821
-13342
-8583
1944
4595
9757
8412
9466
7743
3675
-910
-5921
-6887
-7398
-10858
-7212
-1450
921
3907
7571
9507
9930
9650
4214
1369
245
-4912
-8229
-8484
-8647
-7530
-4425
-2868
-1522
1491
1674
602
-237
-2290
-4069
-6124
-2846
3353
395
9764
11568
16040
21074
16270
19197
16757
8329
2438
-5768
-10340
-15555
-21782
-21547
-17818
-13235
-12817
-1801
2775
7432
9300
8641
9690
5787
2243
-3600
-6280
-5852
-8940
-9727
-3027
-63
2783
6085
9096
9699
10534
7349
2390
1517
-2039
-7477
-8534
-8293
-8866
-6320
-3793
-2858
400
1823
919
623
-292
-2892
-4061
-5237
2697
1458
4551
12073
11920
19985
16881
16630
18909
11408
4647
-2206
-8720
-12048
-19707
-21957
-20300
-14055
-14411
-7618
1501
3983
9099
7844
10048
7666
3986
-797
-5552
-5569
-7200
-10767
-6317
-1204
430
4265
7586
9168
10299
9266
4138
1859
-459
-5091
-9076
-8496
-9407
-8715
-4856
-4036
-1679
1521
1736
1114
1542
-1140
-2627
-4166
-1559
4051
575
9225
10444
15168
19263
14466
18519
15525
7609
2368
-5641
-9594
-15156
-21010
-21235
-17094
-13433
-12867
-1740
2327
6958
8892
9115
10285
6148
2832
-3105
-5056
-5208
-9642
-8569
-3446
4
2190
5341
9571
8984
10172
7248
2105
1920
-2736
-8171
-7881
-8730
-9654
-6518
-4146
-2927
525
1446
1460
2035
257
-1964
-3201
-3573
3923
128
5144
11238
11073
18963
15102
16605
18333
10190
4506
-1810
-8203
-12250
-19545
-21567
-19304
-14347
-14938
-6323
1241
4188
9127
8511
10896
8073
4323
-380
-4708
-5012
-8240
-10247
-5917
-1803
469
3478
8215
9195
9871
9496
4251
2398
-8
-5821
-8168
-8196
-9951
-8549
-5094
-4613
-1600
1028
1444
2168
1739
-1006
-1984
-3647
-115
2847
-134
8825
9111
14386
16580
13677
18129
14492
7215
2822
-4579
-8548
-14301
-20106
-19795
-16187
-14482
-12250
-1898
1264
5911
7802
8825
9860
5559
2416
-2683
-4304
-5566
-9332
-8623
-3245
-800
1020
5732
8588
9229
10170
6995
3604
2479
-2082
-6816
-7516
-8358
-9558
-7085
-5053
-4151
-742
697
1329
1757
574
-1633
-1854
-3171
2737
809
3179
10136
9624
17126
14368
15387
18179
11759
6522
402
-6180
-8892
-16228
-19616
-18512
-14569
-13976
-8048
-602
1859
7052
7196
9662
7554
4118
479
-3985
-4000
-6695
-9756
-5839
-1372
-120
3867
7202
9508
10079
9712
6485
3024
1090
-4119
-7929
-7747
-9961
-10595
-6502
-5736
-4141
-322
558
1195
1964
-735
-1274
-1952
-1262
3574
-943
7190
9124
11754
16716
13228
17195
16598
9223
4952
-2075
-6480
-11452
-18286
-19401
-17748
-14466
-14065
-5071
-818
2834
6548
7548
9775
5565
3402
-1497
-3455
-4303
-8226
-8930
-3623
-581
803
5846
8699
10093
11316
9875
5620
3286
-698
-5138
-8429
-8789
-11791
-10290
-6373
-6891
-3048
-55
1146
1958
1765
-225
-164
-2631
119
2158
-122
8192
7629
13590
15625
13289
18721
15478
9019
4834
-3339
-5501
-12680
-18840
-19872
-16662
-14665
-13697
-4281
-1691
3449
6065
8181
8562
4817
2614
-2318
-2700
-4511
-9576
-7734
-1137
52
2731
7268
10558
11568
12651
9070
5210
2991
-1869
-7455
-9250
-10183
-14032
-9696
-7637
-6654
-1982
431
2111
2765
2511
-34
304
-2885
1510
355
1204
8469
7486
15468
14722
15315
20546
14281
9820
4103
-2925
-5896
-14699
-19198
-20515
-15604
-16652
-12897
-4132
-2092
3972
6226
8777
7247
4586
2475
-2400
-2036
-5881
-9992
-4791
-313
-5
3400
9486
11035
12446
12613
8051
4854
1722
-3397
-9572
-10062
-13255
-15425
-9880
-9019
-7563
-2154
1479
1853
3277
2485
229
756
-4445
737
-512
459
6974
6283
15796
14171
15522
20684
15105
10920
4525
-1867
-5145
-13667
-19464
-20127
-14855
-17465
-13336
-5406
-2676
3894
5438
7859
6654
5171
2767
-2031
-1043
-5590
-7756
-3598
1408
844
4518
10745
11006
13290
11870
6621
4184
1892
-5016
-10275
-10373
-13336
-14035
-9482
-8427
-6504
-257
1826
2159
3839
2562
-394
-389
-4559
120
-1548
814
6659
7805
16556
14326
17014
21756
15655
10653
5212
-1456
-5256
-14478
-19536
-19588
-15617
-18273
-13555
-6252
-2097
3114
4977
7708
6292
5254
2764
-1018
-1532
-4768
-6623
-2004
2272
994
5450
10749
11076
11874
10201
5283
3968
392
-7037
-9985
-11086
-13352
-13533
-9475
-7920
-5722
-81
1538
2192
3191
1625
-1487
-1726
-5517
-1559
-2088
466
5878
8420
15963
14525
17827
22241
15728
11555
6284
-594
-4577
-14269
-18653
-19220
-16258
-19208
-14623
-7008
-2404
876
4631
6962
6271
5315
3332
-645
-959
-3278
-6388
-279
2286
1138
5186
10909
10652
10843
8999
5616
4257
-411
-6958
-10400
-10075
-13093
-13653
-9504
-7369
-5271
-387
1226
1977
3040
896
-2339
-1477
-6287
-2126
-1873
639
6292
8726
15892
15707
18703
22551
15961
12805
7244
-161
-4665
-13384
-18236
-19282
-16735
-19556
-15060
-6969
-3156
335
4800
6677
6807
5787
4557
-688
446
-2418
-5329
-793
1568
59
5441
10210
9173
10799
8507
7040
3951
-279
-5213
-9904
-9676
-12702
-13913
-9924
-7982
-7095
-912
616
1139
2385
936
-1549
-1081
-6487
-2301
-195
-252
6211
8453
15317
16585
18010
22515
18210
13536
8997
796
-2546
-12055
-17989
-19584
-17676
-20377
-17468
-8495
-5538
-1331
3146
5964
7377
6475
4970
1280
2005
-776
-4468
-309
1893
376
4320
9100
9312
8359
9518
6553
3593
824
-6128
-8467
-9471
-12689
-14236
-10270
-8613
-8228
-2118
-365
585
857
629
-979
-2240
-5306
-5322
2210
-194
4099
8734
15390
17878
17251
21504
21215
15077
10848
1690
-926
-8911
-17486
-20211
-19135
-18898
-20293
-11049
-6169
-3159
1244
5832
7924
6757
5275
3134
2568
2473
-3827
-1919
2617
2217
1797
6821
8926
7202
9211
5650
4035
1213
-4023
-7783
-8829
-9920
-13689
-10931
-8255
-7509
-4502
-1193
-1057
-831
621
-1863
-3500
-3217
-5813
2093
1389
3259
9484
14496
18218
17443
20351
22386
16371
10905
4401
-1073
-6274
-16018
-19900
-19938
-17291
-20781
-14061
-7093
-4583
-341
4720
7198
6367
5909
4345
3458
2830
-1539
-2645
2127
3142
519
4506
8624
7785
7443
7514
4216
2256
-1129
-5921
-7929
-8478
-13200
-12117
-9092
-8682
-7647
-3947
-2559
-1398
-643
-1616
-2589
-1448
-2981
-1283
4769
2409
9152
12899
16950
18148
18367
21456
19346
11843
8448
199
-2936
-11911
-18183
-20053
-18335
-19235
-19461
-10525
-7133
-3370
1245
5926
6886
6338
6903
5694
3483
2727
-2224
253
3398
504
101
6261
7268
5128
6937
5606
2846
2068
-2941
-6158
-7379
-9985
-13171
-11011
-9309
-10298
-8739
-3527
-3261
-3308
-1002
-1030
-1295
930
-2447
4887
5926
7010
11471
14922
19017
16838
18422
20628
14138
9332
4500
-3083
-6749
-15285
-18986
-20102
-17129
-21455
-15563
-8240
-5411
-2416
4607
6818
6903
8325
7104
4539
4849
1495
-2679
2003
1153
-1879
2612
6533
5002
6066
7460
4283
3985
1345
-3895
-7207
-7259
-12741
-13204
-11463
-12442
-12013
-6165
-5114
-4395
-421
877
784
2898
1055
2444
9045
5518
9184
12300
16065
15729
15934
18637
17042
10164
8784
-154
-2996
-8868
-17072
-18569
-18046
-19294
-20449
-10897
-8320
-5565
1550
5681
7603
9057
8304
7060
6364
4067
-1775
-1078
1392
-1773
-1607
3649
4724
4965
6785
6827
4949
5227
-1019
-4201
-5271
-9641
-13815
-13215
-13048
-13000
-10719
-7383
-4806
-1224
1034
2575
3222
4760
2852
5366
9266
5112
10303
11383
14538
14596
14571
15928
15220
8970
5930
-1005
-3341
-10576
-15916
-19010
-18099
-18611
-18610
-11072
-8365
-3385
1817
6528
7824
8180
8405
7863
4629
2528
-2330
-1445
148
-1965
-1810
3121
5744
5244
7565
7620
6205
4099
704
-4140
-6920
-11068
-15519
-14693
-14077
-15041
-12346
-6149
-2999
-693
2211
5076
5530
7344
3095
6781
9257
5329
8411
9833
13647
11942
12240
15505
13473
7967
6360
-1537
-1904
-9696
-16741
-18441
-16082
-19885
-18828
-10729
-8337
-3316
2402
5752
7907
9704
8294
6601
4788
2181
-3109
-1094
212
-2834
-1069
4358
6614
6433
9300
8276
6837
6386
-832
-5011
-8330
-12655
-16867
-15869
-16779
-15441
-10415
-4623
-1914
1386
5605
8445
7537
7471
4064
5889
8974
2186
6134
7909
11042
10323
11019
14506
14314
8862
7996
1515
-502
-8193
-14247
-17417
-16329
-18796
-19972
-10679
-8050
-4139
1208
6277
8081
8837
7718
7229
4468
2108
-2432
-2291
25
-2247
-1835
4582
7312
6895
8634
10211
7434
5365
-802
-6112
-8841
-12668
-18296
-17499
-14960
-14772
-9930
-4157
-264
3010
7624
8522
8408
7501
4923
2993
7803
769
2696
6061
8530
9184
9974
13288
15254
10940
8810
3354
-817
-4943
-14275
-17126
-17435
-18260
-20581
-12014
-9073
-5622
427
5507
6667
8885
7435
6495
5623
2033
-2027
-1821
-348
-862
-682
4019
7480
7819
8586
9369
6557
3588
-794
-7072
-9324
-13997
-17079
-16062
-14404
-13619
-8368
-3283
1773
4281
6890
8773
8466
6238
4602
-76
3876
1682
-1084
5463
5022
9832
10443
12746
15618
14074
9010
7536
-209
-3091
-10423
-15609
-18192
-15729
-18949
-15119
-8253
-7063
-1260
3751
5867
6616
7780
6344
5078
2489
235
-1780
-133
582
308
2371
6830
7854
6306
7306
6324
1918
55
-5177
-9600
-9849
-13031
-14835
-12432
-9904
-8130
-3095
329
3081
4718
6668
6763
4673
2493
2006
-2284
4325
-218
-170
6482
7664
11610
9964
13055
14633
11894
7708
3360
-1989
-3281
-10853
-14982
-15840
-12236
-17100
-11220
-7021
-5500
-413
2853
3714
6085
6293
3822
4689
3954
1406
45
2607
2480
1866
2686
4650
4675
3770
3022
1916
-202
-1467
-5057
-7183
-6995
-9146
-9354
-6711
-6801
-5169
-2275
-352
1050
1914
2452
2259
1902
449
211
-1222
3742
300
3854
6938
7683
10374
9262
11621
13003
7998
5822
3253
-1220
-3080
-8998
-12527
-12209
-10793
-15402
-10353
-7762
-6608
-2675
979
1370
3408
5021
5422
5309
4571
3140
2738
3116
1911
-1048
343
2630
456
-94
1619
2020
828
330
-1276
-1838
-1935
-4212
-6272
-4832
-5906
-6763
-5062
-3346
-3552
-2705
394
-70
1201
100
753
247
5545
1373
2697
7454
5718
9671
7742
8782
12318
9835
6318
6494
628
942
-5292
-8692
-11198
-9284
-14300
-11717
-8614
-8935
-4194
-1655
1388
3816
5124
5489
6836
5662
3541
889
864
-449
-1512
-3973
-229
1252
896
2930
4909
5210
6276
4701
1637
2194
-1273
-5456
-6562
-7476
-10258
-8916
-8494
-6222
-5112
-2026
-1541
931
1951
1501
303
4794
4572
607
7118
4813
8160
8530
8168
11153
12699
7381
7051
4101
2621
-3059
-7233
-10204
-9190
-12521
-14294
-9791
-9661
-5576
-3028
-510
2480
4012
4023
5011
3764
600
279
-544
-2497
-1371
-2742
766
3810
3994
5307
8584
9326
7538
6399
3884
589
-2339
-5542
-9218
-10777
-10574
-11568
-10244
-7217
-7292
-3792
516
-1427
258
1354
1622
487
4633
1102
3612
7982
5445
9897
9127
10611
12746
11102
7656
7205
2500
1890
-3160
-7689
-9962
-7477
-12429
-11216
-8638
-9060
-4301
-3420
-3356
-931
1554
-392
658
547
-831
443
607
638
2737
2851
5425
7911
7352
8193
9269
7804
5937
3851
697
-1710
-3940
-7946
-9787
-9783
-11784
-11744
-10303
-9036
-7884
-5745
-4018
-2503
153
241
2126
2610
7739
4772
7422
9352
8616
11330
9102
9697
11892
8901
7245
6495
3523
2801
-1766
-4112
-7022
-4709
-12596
-9812
-10160
-11825
-9645
-9050
-7890
-5213
-2955
-1869
1833
3722
3609
6049
7170
7224
7830
6379
7706
7614
5833
5301
5932
4313
3583
2128
-7
-1355
-3954
-7417
-9002
-11067
-13241
-14419
-13943
-12679
-11320
-8024
-4485
-2244
2029
3957
6141
5935
10309
7713
8149
9784
6066
9484
7186
7962
9830
9407
7908
9343
6278
6010
1881
-2425
-6437
-6302
-14370
-16093
-14535
-18262
-14398
-12671
-10736
-4808
-137
2257
6472
9586
9477
10014
10437
7385
6897
4343
3602
4117
2527
3251
4470
4682
4933
3143
1662
-555
-3892
-8308
-12098
-15140
-16591
-18100
-17523
-14349
-11419
-6330
-1916
959
5860
7528
8434
8369
8484
9174
4908
7974
4983
7445
7420
7564
11296
12749
10365
11595
7807
7181
2014
-3588
-9459
-10544
-14330
-20655
-15771
-17991
-14189
-9637
-6742
-1740
4113
5779
8736
11056
10706
7818
8681
6136
4308
2923
2535
3924
4018
3532
4661
5460
4628
2008
-666
-2929
-6421
-10109
-14099
-14658
-15846
-16014
-14260
-10809
-8542
-4028
-208
2519
5585
6768
6571
8375
6058
7777
6655
5383
9168
5806
10342
9250
9487
12139
10214
8145
6828
2147
313
-4754
-8527
-13631
-11382
-16092
-16248
-12048
-13428
-7454
-4976
-2798
1963
4943
5612
7887
8892
8077
7245
7896
5284
5737
4095
3057
3641
2896
1030
360
649
-1798
-3004
-5269
-6912
-7829
-9157
-11659
-11661
-10972
-11008
-9958
-7340
-5825
-2076
124
2207
5327
7238
7142
8729
8160
9959
10027
5994
9798
6313
7660
5771
4823
6140
5393
3467
3198
970
1099
-3074
-4513
-7893
-7155
-10636
-13241
-8889
-11689
-8658
-5675
-4309
226
4373
4914
8421
10170
9738
7884
8724
4568
2709
885
-2245
-2589
-3051
-4563
-3535
-2094
-2309
-1236
-1539
-2231
-2500
-4094
-6419
-7268
-8714
-9612
-9249
-7913
-6301
-2657
158
3069
7001
9210
9447
10687
9086
7847
9641
1833
4022
1775
815
2451
826
4095
5919
6697
6517
5304
6019
2614
-926
-4589
-7994
-8173
-14451
-11649
-12169
-10543
-5151
-3864
38
5048
6219
7015
8583
7336
3453
3368
-129
-3309
-3462
-6197
-5437
-2700
-2170
-1928
1976
4000
3526
3393
2381
686
-1310
-4029
-8011
-8606
-8047
-11023
-8495
-5106
-3008
1087
3201
6196
8372
9179
6804
6970
3762
4598
2463
-1289
2945
213
3122
4448
5252
8112
9946
8677
8221
5631
4927
-967
-2793
-8273
-8235
-10327
-13359
-9353
-10761
-6714
-4891
-3924
-136
1698
1370
2337
2624
1397
-391
-366
-2442
-1425
-1758
-2287
1227
3404
3207
4860
6661
5875
5702
3062
213
-856
-3722
-7669
-8769
-8890
-9273
-8881
-6246
-3699
-1321
2209
2752
5867
6834
5913
5329
5282
2706
3141
2632
-192
4183
1494
4069
5813
5952
8241
8855
7432
7408
4472
3579
-831
-2669
-7904
-8151
-10171
-14310
-10530
-12807
-10240
-7785
-7216
-4339
-885
-908
842
2866
3149
2357
3867
2857
3969
4128
3047
4761
5781
4267
4279
4221
3540
2701
64
-2015
-2294
-3982
-6254
-6935
-6825
-6878
-6430
-4951
-3757
-1083
982
1988
4622
5752
4778
5223
5274
3185
1864
4396
-217
2560
2730
1075
5523
4596
5100
7867
6848
6399
3865
2913
229
-3942
-6482
-10697
-9491
-15120
-13637
-13378
-13339
-8784
-8307
-4941
604
2083
4167
7700
9097
7286
9012
6991
4992
4957
1635
105
1929
80
-1685
779
1701
770
1615
909
117
1026
-2333
-4009
-5049
-4647
-6857
-6760
-5014
-4013
-1766
1206
2527
4735
6490
6379
6027
5662
2665
2465
2812
-2313
345
-2112
76
1072
362
4332
5729
5034
6326
3285
3163
168
-4291
-8539
-9317
-11036
-16394
-10989
-12099
-9487
-3677
-1670
2164
8059
7767
8712
11101
8996
4916
4628
793
-1390
-1635
-4241
-3200
-521
86
955
4174
4422
5012
4457
2743
1217
-232
-4109
-5759
-6366
-7035
-6538
-5344
-3376
-157
2079
3748
5309
6311
4862
4603
1303
-686
-3712
-4868
-4668
-7486
-3141
-5122
319
2574
3143
7899
7628
7936
8315
3842
4083
-47
-2903
-6672
-6364
-6910
-9756
-4957
-6366
-3046
99
-271
1411
4457
2480
2546
3716
1648
947
1441
-197
593
1144
-362
1154
2748
2600
1625
3297
3242
2791
3049
1250
1838
2092
235
-873
-861
-1284
-2406
-3437
-3276
-3208
-4083
-4163
-4113
-3372
-3465
-3770
-3889
-3582
-3875
-3280
-2376
-3536
780
-1981
2367
4235
4081
8610
9601
9380
11964
9378
9052
7018
3526
-792
-2845
-5712
-11297
-9266
-12362
-11037
-8109
-7449
-4674
1159
1701
4255
7102
6031
6159
5579
1963
714
-186
-3531
-2709
-1455
-173
1488
4482
6769
8891
9768
8097
7331
5796
1334
-2819
-6266
-9394
-11629
-13833
-13596
-12052
-10127
-8132
-4801
-2017
-482
89
575
-63
-575
-2717
-1000
-2612
100
1003
3617
8827
9189
14033
16602
15503
16312
12015
8472
6076
-1586
-6483
-10523
-10528
-15888
-13595
-11558
-9868
-4478
-2513
-260
5006
5209
4076
4516
4157
1122
330
-1233
-1646
265
-237
2209
5570
7412
8464
9747
10650
9664
6717
3804
444
-2356
-7590
-10833
-12738
-14304
-14512
-14825
-12954
-9637
-7703
-5019
-2202
-10
1665
1618
2366
1791
1891
-42
2316
2689
2795
6745
5242
10477
10938
11553
14713
13048
12439
11106
6051
4976
-436
-4296
-8735
-9307
-11954
-14403
-11489
-12445
-9284
-6306
-5008
-1541
2727
2514
4373
6138
5147
4982
4400
2289
3946
2305
1222
2833
3510
4187
4053
4143
4230
3479
545
-2043
-4173
-6450
-10080
-12333
-13338
-13363
-13595
-12312
-10062
-6727
-3452
-1671
1789
4413
5674
4924
5554
3885
2728
706
2218
1516
2460
5563
4900
11856
11960
12783
16670
15292
13268
11261
4455
2627
-4676
-9552
-14865
-14779
-17174
-17932
-13139
-11377
-6311
-2038
149
4854
7807
6097
7038
7017
4514
2834
1532
-1280
663
-1082
-1955
1149
2070
2226
3256
3244
3502
2082
-226
-2878
-4158
-6174
-9628
-10495
-10466
-10828
-9385
-8610
-5487
-2468
-651
1368
4303
5357
5608
5897
4965
4950
4498
1765
3568
6563
3752
8167
7798
10686
12150
10374
11879
10535
7975
5130
-973
-1654
-6237
-11150
-13494
-13350
-12411
-14098
-9685
-8140
-3527
-286
804
2784
6173
4788
3168
3347
1427
-606
-1293
-3764
-2172
-1592
-2342
324
2033
4413
3964
4549
4823
3577
1187
-1890
-4270
-6176
-8838
-11554
-11384
-10194
-9907
-7741
-4694
-885
2458
4401
6815
8953
9908
8373
7300
6152
4967
1638
921
3176
298
4322
3225
5547
9313
6856
9027
8892
6032
4713
-1445
-3109
-6101
-11103
-12733
-14306
-11170
-13529
-9182
-6740
-3776
23
886
2477
4854
3883
1773
2597
1224
-1080
-966
-2775
-1009
157
-855
1171
3802
4587
3908
4141
3224
2793
-190
-2521
-5017
-4893
-6982
-8482
-7060
-5647
-4072
-1994
441
3649
5635
7162
7510
8277
8317
5626
4022
3050
191
-1403
-3432
-1738
-384
-1308
2231
1771
7369
6613
6289
8929
7004
5412
2804
-3338
-2201
-7668
-10309
-12583
-10914
-10255
-10623
-5423
-5041
-178
1977
1658
4006
4807
2073
1253
850
-1437
-2545
-2730
-4007
-632
-628
-779
3201
4470
5707
5699
5142
5809
4496
1812
-561
-1530
-2648
-4554
-5149
-3881
-2695
-1588
-346
1762
3691
4016
3938
3945
3485
2170
-604
-2447
-2907
-4985
-5684
-6873
-2825
-345
-813
4946
4251
9125
9567
6980
9130
7066
3396
879
-4097
-3790
-8079
-9862
-10865
-8956
-6844
-7654
-3984
-2233
394
571
284
742
1195
-1320
-2241
-1853
-2135
-2076
-1360
-287
4123
3975
4397
7773
8753
8710
7864
5982
6218
4447
855
-823
-2063
-2561
-4305
-5214
-4003
-3598
-3997
-2362
-2687
-1206
-1739
-1527
-1324
-982
-1509
-2035
-1132
-1520
-1881
-1365
-1235
-557
3309
532
4716
4934
4694
7255
4385
5406
5429
2028
1479
-1807
-3251
-3953
-7092
-7444
-8557
-5710
-7588
-5260
-3699
-2659
-388
220
13
2433
2142
1102
2263
2346
2193
3582
3014
4445
6520
5582
6618
7969
7427
6450
4969
3057
1922
-1518
-3459
-5413
-6453
-7196
-8453
-7846
-6234
-5198
-4262
-2682
-527
485
1639
1960
2458
2825
1617
1572
-193
-272
-1761
-2479
-3237
-154
-962
-671
3136
1186
5849
4905
4052
6808
4246
2788
1410
-2726
-2575
-6105
-7422
-8465
-5920
-6929
-5028
-1491
-710
2766
3992
3936
6241
6812
3899
4639
4153
1687
1793
803
-623
1851
340
-98
2938
2364
1647
2057
698
755
-1058
-3782
-4061
-4656
-5499
-5757
-5855
-3574
-2431
-1475
-269
1862
2998
2452
2954
1848
1080
-791
-2646
-4359
-4902
-6364
-6706
-5629
-4472
72
-505
4405
5521
6849
9532
7056
7961
7116
2504
2420
-2557
-3320
-4013
-6032
-4729
-3840
471
-352
3874
4500
5488
5764
3913
1687
1008
-2231
-4482
-4957
-5630
-5361
-4266
-2954
46
2416
2317
4397
5891
5223
4556
2378
1293
1165
-2256
-2854
-3027
-2734
-2155
-1820
-1183
325
452
-614
-179
-1096
-2955
-3984
-4816
-5947
-5578
-6309
-5626
-2914
-2951
-1360
80
1526
1182
3578
4502
3038
6183
3450
5403
6765
4872
6842
6973
6220
6907
2896
4339
2142
-373
-2415
-3340
-3555
-5705
-5350
-6458
-4614
-3555
-4362
-3621
-1168
-1783
-1184
-628
-830
74
903
-62
2563
3276
3058
5355
5842
6392
6352
4676
4436
3394
-128
-1164
-4442
-5070
-5748
-8377
-8080
-7244
-6814
-5587
-4681
-3271
-1763
-835
-491
-800
-3
-376
-695
-412
-300
-134
1093
1665
2956
7103
6376
8584
10134
8317
9907
6806
4780
4883
4
-1595
-3829
-5797
-4850
-7338
-6395
-5342
-2335
-3200
-1386
-362
357
728
-520
-1399
-845
-1243
-2484
-1233
-124
178
2289
3255
3821
6050
4484
4058
3973
2280
780
-1371
-2737
-3712
-4541
-5067
-4870
-4289
-3026
-2298
-2515
-1568
-1346
-1952
-2161
-2572
-2681
-2626
-1882
-1204
249
1940
2878
4293
4923
5077
3824
3452
1594
1140
1506
-1190
768
-428
1172
1816
1283
3384
3378
2439
2680
-43
25
-647
-3417
-3594
-3057
-1907
-2645
-79
-184
1685
2578
1193
637
906
-998
-2953
-2686
-4164
-3488
-2714
-2513
-157
1923
2311
3650
5490
4847
4091
2773
1240
598
-1764
-3263
-3840
-3926
-3492
-3607
-2593
-1122
-493
42
836
1060
1054
566
-159
594
-608
-550
-317
-484
76
40
-758
-86
-817
-1508
-2526
570
-1469
188
1585
768
4869
3954
4095
6825
5210
5277
4171
2391
2709
11
-1060
-3026
-1308
-4087
-3443
-3394
-3363
-2642
-3142
-4040
-2442
-2779
-3542
-2345
-1473
-1009
568
1301
2018
4417
3379
3941
4552
4444
3259
2468
1295
1332
-267
-1540
-1635
-2356
-2019
-2774
-3164
-2644
-2622
-3565
-2455
-3460
-2787
-2684
-2744
-1452
-1394
-1153
-164
660
446
428
656
362
307
99
2261
2273
3396
3843
3964
6878
4550
4653
5240
2630
3116
-214
-2382
-1
-3226
-3407
-3376
-2058
-2118
-1451
-1805
-1304
-427
-2114
-2648
-1594
-2574
-2408
-1152
-668
902
1694
1537
3195
4521
2032
2292
2513
1259
1196
-201
-1033
1051
246
-308
102
330
-137
-936
-2527
-3205
-4383
-4578
-5353
-4923
-3774
-2947
-988
1333
2586
3172
3991
3721
3085
989
-253
-2687
-3589
-4245
-5029
-3986
498
313
5368
6629
7577
10530
7952
7864
6693
2411
1236
-1506
-3532
-2599
-4231
-3763
-2191
-72
-725
908
170
-461
-711
-2916
-4893
-4550
-5548
-5700
-3688
-2300
-1167
2356
3220
4541
6683
4533
4238
4010
2117
423
-150
-1190
-1157
-1311
-1247
-1344
-566
-146
-1408
-1047
-1907
-3526
-3528
-4604
-5071
-4305
-4465
-3633
-1652
-1257
107
962
1796
2321
2264
1854
1846
1142
1049
517
3019
3235
3752
5674
4220
6528
5086
3197
4432
1543
-830
-1072
-3804
-2815
-3920
-4496
-3647
-813
-1217
-204
1032
624
1715
339
-1229
-1264
-1879
-3580
-2875
-2205
-2141
-907
578
1050
3547
3278
3256
4187
4136
3192
2171
945
570
-1007
-2642
-3190
-3992
-4446
-3881
-4844
-4271
-2954
-3890
-2151
-1353
-1009
49
564
459
1987
1758
1912
2340
2447
2444
2439
2350
1718
1113
275
-623
-1675
-694
-608
-1630
234
-936
1230
1298
1277
3753
2766
2872
3531
1424
2908
1442
206
-159
575
-407
-850
-166
-1332
-717
-1334
-1874
-1893
-2029
-2864
-2115
-1604
-1327
-1241
-63
-377
1445
854
571
1502
1639
1632
1378
1006
899
1020
-782
-596
-1501
-2053
-2009
-2525
-2804
-2320
-2401
-1715
-996
378
2
924
1141
1166
1118
108
385
-271
-212
-1191
-1171
-1136
-1187
-1416
-1947
-2329
61
296
-301
979
398
2041
2481
1867
3855
4125
4234
5122
4419
5576
4593
3446
2339
2463
474
-1311
-1749
-3591
-4110
-5600
-6256
-5745
-5258
-5713
-4297
-2855
-2359
-1501
-686
24
1627
1323
1389
2919
4175
4281
4357
4312
4780
4613
2717
2066
665
-789
-1790
-3447
-4130
-3941
-4458
-3849
-2860
-2707
-1914
-1475
-1443
-846
-1931
-2621
-2389
-2906
-3065
-2341
-1934
-840
318
1531
1953
5374
5958
6103
7491
6049
6952
6140
4868
5545
4491
3115
3186
1801
2384
531
-431
-2860
-2551
-5040
-6902
-7491
-9387
-8774
-8832
-8580
-6466
-4415
-2980
436
2448
3867
5356
6550
6367
7438
5889
4452
4665
3707
2363
2068
999
801
302
-1267
-2132
-2715
-4431
-5390
-6223
-6784
-7075
-7449
-6240
-4903
-3571
-2298
-1321
233
2178
2193
2744
3670
3436
3482
3905
3034
3919
2923
2687
1812
2014
388
2335
2970
1526
3436
1360
2757
2928
978
1711
994
-487
-943
-3165
-2510
-3693
-3989
-5398
-3422
-2770
-3280
-840
-1357
511
1068
568
1091
2163
1173
1248
2169
1110
801
1183
-510
594
164
-1654
-452
53
17
81
311
-103
61
-912
-2016
-2402
-2812
-3739
-3483
-3303
-2726
-1620
-910
260
1631
2622
3034
3707
3035
2765
2377
1543
1364
905
377
479
528
-237
524
-588
-1188
-1958
-366
149
-301
949
171
2362
2348
1206
3077
2820
2190
2587
773
2211
1558
522
-372
268
-527
-2052
-1954
-3645
-3458
-4366
-5785
-5082
-4303
-4409
-3035
-1419
-521
801
1925
2021
3934
3734
2643
3686
3563
3057
2428
1656
1430
1300
-366
-1113
-1186
-2025
-2234
-2685
-3304
-2242
-3114
-3081
-1961
-2433
-1855
-2357
-1832
-1068
-524
-485
660
1547
2228
2678
3387
3322
3180
2124
1428
793
547
1853
570
2560
1577
1851
2867
1559
2163
1508
-359
-656
-2621
-2601
-3196
-3964
-3941
-4208
-2366
-3432
-2152
-2096
-1511
-537
-578
-361
686
1550
2180
3301
4013
3610
4548
3045
2813
2579
323
57
-781
-789
-1061
-677
-1445
-249
-997
-1347
-1595
-2987
-3007
-3364
-4595
-4301
-4501
-3694
-2086
-1004
189
1587
3842
5055
5685
5551
4881
5075
3906
2277
1483
-248
-1078
-1756
-3201
-3172
-3616
-4109
-2474
-480
-1128
516
510
769
2165
130
1062
1533
455
441
465
1613
2602
2429
2366
3100
3865
1537
1903
532
-646
-1434
-3203
-3492
-3520
-4065
-4104
-2169
-1910
-1813
-327
-145
736
928
-383
623
1274
222
1197
1026
1097
1426
341
493
480
-295
-338
-340
-1177
-1518
-1315
-567
-861
-157
-1344
-475
-1
-697
-273
37
-347
219
21
294
439
-525
-657
-670
-1433
-1147
732
322
1853
1653
1857
3332
2822
3001
3799
2876
2281
1494
1575
1218
651
304
-545
400
-1440
-1968
-2393
-3267
-4037
-4658
-4630
-3910
-3432
-3080
-993
406
977
1796
2671
2878
3366
1954
2170
2164
2101
1405
805
1080
471
-184
-932
-982
-1634
-2102
-2501
-2323
-2343
-2312
-2317
-1085
-586
-252
152
211
763
784
632
589
704
417
412
-414
-97
-748
-1240
-1332
-2100
-2019
-940
1226
1037
2735
3184
3573
4540
3334
3636
3684
2199
1438
469
118
-757
-1623
-1406
-2144
-1363
-3072
-2571
-2401
-2875
-2860
-2904
-2098
-1651
-1187
-612
744
1324
1406
1536
2129
1871
1785
1009
1603
1642
1631
1514
1639
1706
955
265
-463
-1342
-2401
-3245
-3890
-3909
-3946
-4262
-3492
-2059
-1130
273
591
1455
2418
2722
2051
1801
1570
1271
1053
172
0
-65
-635
-896
-808
-870
-205
1697
1997
3013
3006
2222
3321
1991
1871
2124
1247
1273
1005
430
222
231
-161
-610
-6
-1416
-1480
-1671
-2513
-2218
-2864
-2788
-2164
-1064
-357
615
1401
1513
2110
1495
1213
1208
171
-322
-680
-546
-963
-763
-1321
-1199
-760
-1620
-1213
-1105
-1253
-928
-1576
-1342
-1189
-1377
-1133
-1266
-1018
-1148
-1080
-825
-267
26
173
662
1064
1573
1275
1112
946
814
754
1662
2544
3297
3644
3457
3430
3111
3008
2611
1707
1010
-161
-1022
-1400
-2194
-1377
-1647
-1516
-1526
-1175
-1079
-1736
-1884
-2440
-2806
-2833
-2788
-2006
-905
-478
-115
778
1652
1603
1753
1739
1641
1525
940
881
368
89
-1151
-1543
-2013
-2350
-2659
-2370
-2496
-2262
-1912
-1902
-1008
-460
56
589
1389
1238
1661
1465
1586
1559
1501
1142
1431
874
674
431
38
-297
-773
-1094
-1175
125
576
1585
2770
2753
3093
3175
2634
3372
2859
2270
2132
1475
701
239
376
-490
-812
-1645
-2304
-2000
-2459
-3095
-3252
-3147
-3217
-2723
-2107
-1772
-1133
-749
-685
-330
-123
21
317
632
857
1108
1793
1694
1805
1773
1005
880
599
111
248
-272
-467
-579
-849
-925
-1190
-1478
-1278
-1450
-1748
-1641
-1404
-1044
-516
-63
-56
577
863
817
860
576
61
608
953
1127
1967
2474
3111
3511
3178
2900
2853
2038
1223
551
-229
-722
-1276
-1606
-1647
-2205
-2452
-2629
-2403
-2371
-2182
-1654
-1487
-712
-541
-123
551
490
603
705
932
528
562
800
1058
1195
1193
1043
999
433
-690
-1695
-2107
-3227
-3410
-3517
-3325
-2525
-2085
-1355
-331
445
784
1342
1430
1157
840
712
496
743
555
521
1077
1511
1219
1474
1276
767
503
-351
-896
-874
-1532
-1969
-1663
-1308
-1291
-1111
-664
-230
331
355
415
1063
1401
1182
1395
1351
1610
1503
1426
1713
2068
2150
2047
2522
2520
2536
2285
2256
2196
2131
1544
1230
1314
585
-15
-486
-1250
-1754
-2590
-3277
-3698
-4187
-4477
-4461
-3966
-3429
-2887
-1984
-1210
-475
204
298
966
1005
1163
981
885
511
386
493
267
413
363
414
476
338
-184
-439
-696
-882
-1232
-1174
-1013
-712
20
583
1046
1690
2305
2679
2949
2944
2630
2969
2746
2276
2186
1843
1561
1224
547
-34
-314
-633
-1078
-986
-1283
-1348
-1163
-1127
-1146
-1265
-1285
-1574
-1621
-2119
-2454
-2590
-2963
-2984
-3212
-3174
-3156
-3321
-2906
-2677
-2189
-1862
-1266
-744
-174
577
753
1443
1499
1595
2043
1808
1817
1552
1451
1343
1182
872
575
813
218
46
-122
-462
-191
-110
257
969
1647
2066
2881
3399
3372
3553
3439
2836
2673
1903
960
738
-35
-989
-1114
-1751
-2043
-2070
-2173
-1890
-1394
-1235
-609
145
517
777
604
831
669
181
-776
-1082
-1632
-2009
-2162
-2386
-1865
-1654
-1461
-1162
-709
-613
-666
-499
-623
-391
-336
-478
15
146
239
813
992
1187
1450
1367
1438
1494
1011
664
756
664
580
924
1159
1458
1770
1764
2107
2413
2198
2159
2044
1605
1304
580
21
-413
-1103
-1362
-1345
-1207
-1276
-987
-605
-423
-273
-636
-922
-931
-1463
-2134
-2262
-2552
-2596
-2464
-2135
-2057
-1314
-1212
-682
-161
25
243
153
421
487
427
309
211
227
55
310
875
425
168
-1496
-2671
-3253
-2901
-752
509
794
784
-443
-620
1031
2065
2705
2408
932
136
363
1249
2352
2871
2480
1813
1454
1712
2399
2537
2188
1350
708
-141
-137
105
175
-270
-725
-1617
-1586
-1436
-2042
-2259
-2720
-2943
-2736
-2250
-1990
-1138
-1145
-1258
-960
-774
-577
241
530
532
815
636
461
962
744
223
322
7
138
209
341
376
703
280
237
304
172
278
-114
-487
-460
-584
-486
-49
98
169
256
-229
111
523
367
849
586
1128
1067
1109
1406
1657
1841
1333
1216
763
11
-69
-210
-310
-502
-1010
-1077
-730
-626
-485
-143
-624
-513
-136
-23
532
375
40
-48
-216
-608
-595
-163
-357
-426
-431
-238
448
849
954
822
856
611
492
423
-87
-197
-698
-683
-552
-529
111
459
496
561
116
-391
-959
-1267
-1488
-1831
-2014
-2207
-1615
-769
171
778
1262
1409
1512
1289
1974
1970
865
52
-719
-1019
-849
-693
-894
-455
-315
-14
1441
2059
2246
2289
1236
679
576
373
-353
-977
-1710
-2383
-1984
-1353
-668
164
345
28
225
665
866
448
-355
-899
-770
-1293
-1089
-673
-943
-702
-597
-491
148
754
151
-470
-876
-1201
-1439
-1123
-897
-644
-213
-91
-680
-1621
-1903
-1881
-1177
-191
874
763
138
134
-271
603
1702
1497
1074
1096
1283
1945
2518
2815
2141
1361
1480
1953
2518
2694
2206
1450
465
462
708
750
758
125
-471
-552
-194
-269
-629
-1276
-1659
-1492
-746
-438
-423
-195
-366
-472
-326
-624
-722
-949
-1385
-1597
-1489
-1189
-1023
-673
-557
-281
-146
-211
-281
-185
-309
-832
-1148
-1603
-1414
-1134
-1029
-597
-307
-353
-102
352
848
1179
1204
1245
1226
1108
1012
754
257
-77
199
324
508
1077
1559
1772
2022
2024
1902
1601
1054
828
453
-133
-30
263
426
952
948
725
577
638
268
-116
-638
-1770
-2255
-2580
-2734
-2366
-2070
-1425
-780
-237
101
53
180
-43
-237
-470
-741
-974
-1070
-994
-953
-1171
-1186
-1064
-882
-828
-657
-474
-404
-375
-673
-294
-137
-305
-195
31
375
368
575
1227
1506
1480
1614
1753
1703
1135
711
561
201
218
20
142
650
1348
1802
1963
2129
2022
1804
1507
971
444
203
-227
-482
-488
-549
-743
-1094
-1555
-1828
-1950
-2016
-2044
-2091
-1665
-1392
-955
-419
17
421
466
530
434
335
-55
-193
-276
-480
-714
-739
-619
-665
-774
-554
-341
-110
83
290
907
1400
1620
1670
1639
1341
1191
926
593
369
342
123
334
913
818
814
695
570
417
167
121
2
-35
33
188
353
471
805
1082
588
71
99
-342
-662
-1154
-1288
-1345
-1299
-1342
-1522
-980
-819
-1036
-865
-963
-1028
-843
-275
0
195
328
151
506
591
261
-284
-771
-1001
-841
-798
-366
-132
168
134
470
1046
658
122
-262
-394
-405
-121
-107
-205
-2
156
473
777
742
504
-4
17
442
283
250
186
65
121
101
-118
177
-83
-251
-408
-167
-256
91
319
170
477
314
-117
-34
-154
-737
-782
-950
-871
-755
-716
-491
-250
-139
-114
128
500
287
210
268
367
128
168
562
314
36
277
381
418
155
-240
-205
-43
-147
196
77
140
613
736
289
-155
-477
-660
-159
161
731
662
659
1122
1782
2101
1785
984
419
346
608
685
638
378
-219
-195
-56
175
223
-276
-503
-629
-292
109
242
-355
-682
-841
-1045
-682
-721
-1218
-1298
-1050
-1179
-710
-316
-311
10
71
-42
177
89
3
-24
-217
-247
-271
-548
-63
254
381
324
-89
-381
-761
-262
-356
-725
-735
-1235
-1378
-956
-894
-494
-124
-27
146
510
982
1519
1956
2031
2056
1829
1480
1468
1546
948
364
289
98
-20
215
208
358
-41
-505
-210
-337
-856
-619
-1026
-1488
-946
-1074
-894
-826
-1056
-1094
-932
-403
-113
-295
-814
-1303
-1183
-746
53
485
197
380
670
1049
1223
1098
748
243
122
286
621
268
-83
-410
-953
-1091
-1139
-1052
-937
-1033
-483
-23
183
280
335
202
531
1055
997
883
814
888
835
988
742
620
638
975
1041
1112
602
313
379
78
-3
178
242
-80
-365
-347
-361
-229
-484
-835
-939
-1075
-596
-816
-1008
-1149
-1479
-1359
-981
-613
-499
-225
70
520
567
779
729
735
1164
1541
1383
1227
1329
1238
1077
620
28
-379
-224
-340
-343
-454
-620
-1037
-1022
-798
-621
-274
-45
515
814
826
471
515
500
341
117
-184
-171
-123
277
680
634
661
572
488
644
192
31
-240
-578
-806
-782
-662
-905
-765
-441
-484
-330
51
88
-143
-307
-326
-539
-564
-578
-549
-569
-757
-907
-814
-466
-276
-555
-733
-641
-90
56
-66
188
60
84
198
225
347
117
-416
-370
-36
96
-64
-153
-103
30
149
639
715
322
123
218
495
472
188
-123
-441
-456
-338
-337
-277
-379
-459
-603
-499
-465
-372
-337
-66
174
373
490
593
533
932
1353
1500
1945
2144
2059
1769
1425
837
223
-373
-937
-1171
-1026
-1009
-849
-735
-675
-519
-301
-139
-144
-200
-270
-421
-400
-302
-308
-123
100
633
1042
1411
1470
1232
705
398
259
204
-114
-212
28
213
243
92
224
71
209
548
345
145
-69
-568
-705
-1003
-1403
-1488
-1203
-1043
-840
-367
132
691
830
784
875
843
645
552
157
75
71
48
95
182
214
266
681
730
1059
919
488
36
-393
-557
-886
-1189
-1383
-1371
-1257
-992
-1000
-1027
-1041
-970
-633
-684
-717
-421
-275
-455
-357
-442
-624
-423
-429
-594
-359
-274
-349
55
384
515
678
631
279
341
326
330
553
711
608
737
919
1005
1010
725
318
188
49
-144
-386
-704
-839
-1050
-838
-527
-20
106
111
604
980
1038
1183
1184
1298
1314
883
919
1099
1038
801
525
1
-439
-781
-1077
-1307
-1342
-1613
-1566
-1279
-1210
-1064
-1248
-1081
-707
-486
-374
-232
-87
-202
-286
-448
-577
-524
-636
-252
235
664
993
1134
1278
1416
1665
1481
1309
1220
758
280
-39
-117
-159
-319
-193
-43
235
358
378
276
-59
-455
-694
-706
-506
-236
-179
295
946
1446
1709
1823
1655
1448
1176
926
724
424
84
-133
-77
-249
-467
-480
-647
-695
-805
-877
-862
-977
-1012
-1056
-945
-966
-1228
-1426
-1362
-1094
-732
-698
-310
199
396
757
1094
1197
1137
759
278
189
-133
-493
-706
-870
-852
-664
-490
-322
-222
-391
-408
-137
-131
-111
-152
-174
-1
141
6
41
19
-250
6
23
-22
198
187
411
426
419
403
496
392
72
-57
-173
-93
33
-126
-171
-2
47
253
315
76
-66
-89
-296
-272
-384
-350
-339
-422
-110
50
139
68
-9
-247
-418
-447
-427
-270
-233
-222
-36
121
98
-58
-221
-340
-363
-185
-42
167
238
422
855
1012
1157
1297
1114
700
495
167
-30
-75
-294
-391
-325
-184
-127
192
307
357
443
366
430
703
732
533
434
345
631
844
822
937
1010
992
1109
1120
1115
709
408
228
-103
-194
-398
-618
-788
-1008
-1021
-953
-981
-887
-780
-776
-631
-514
-594
-731
-1009
-867
-436
-197
39
77
151
253
371
312
201
-101
-251
-144
-105
-61
-255
-365
-183
-134
-332
-389
-513
-599
-630
-460
-300
-119
-86
-181
276
510
523
443
7
-361
-568
-548
-405
-255
-274
-72
364
917
1317
1145
891
575
431
308
140
-116
-464
-628
-696
-483
-445
-647
-970
-909
-641
-418
-268
-326
-340
-352
-402
-450
-478
-525
-518
-255
-149
-209
34
185
348
463
614
494
476
404
285
69
1
6
-278
-217
31
119
333
395
321
460
605
690
798
815
637
722
426
313
280
60
-93
-192
-121
7
173
160
199
252
278
359
273
193
30
-205
-264
-351
-387
-409
-380
-238
114
170
221
321
200
126
28
-131
-410
-467
-404
-256
-94
105
258
521
670
639
561
442
351
-30
-203
-400
-506
-620
-537
-384
-108
55
306
642
845
1020
739
553
470
242
138
96
82
156
55
135
300
545
504
294
111
-276
-456
-656
-979
-1291
-1318
-1332
-1160
-720
-554
-384
-200
-137
54
353
242
274
227
8
-71
12
27
-67
27
57
207
117
-154
-335
-362
-544
-697
-817
-637
-341
-182
-37
167
281
201
367
222
206
172
36
-23
108
90
-170
-140
-58
-124
-39
22
-14
106
13
-206
-160
-98
-269
-297
-330
-258
-98
-76
-27
30
59
54
58
52
83
84
-75
-176
-202
-309
-299
50
249
372
466
679
946
999
806
730
702
631
570
316
26
-180
-300
-377
-273
-306
-373
-205
88
282
552
548
485
512
380
247
290
311
130
112
52
26
46
-56
-178
-247
-307
-547
-756
-947
-1226
-1271
-1107
-895
-619
-431
-323
0
300
373
400
350
335
248
326
324
296
200
181
259
307
395
340
432
440
444
264
109
16
-76
-161
-181
-136
29
167
257
369
582
754
772
930
820
636
502
204
34
-62
-379
-509
-480
-448
-387
-207
-27
8
-135
-387
-651
-815
-969
-1171
-1217
-1349
-1483
-1411
-1305
-1031
-791
-672
-527
-227
45
321
477
459
572
464
427
448
394
324
261
367
370
410
372
212
361
237
116
124
-93
-153
-187
-88
-116
-59
-72
-26
307
509
657
890
1051
1165
1215
1199
1188
1185
1103
958
1034
946
718
543
258
-27
-272
-569
-737
-1067
-1323
-1622
-1806
-1881
-1997
-1909
-1745
-1557
-1179
-890
-679
-364
-167
6
197
356
488
596
461
505
668
699
648
679
601
615
616
435
258
146
-37
-121
-154
-374
-435
-285
-297
-224
-150
-77
74
208
311
283
448
481
627
694
575
680
692
688
705
616
473
512
467
339
240
56
-262
-353
-395
-617
-740
-896
-1029
-1183
-1158
-1285
-1192
-897
-751
-430
-333
-194
22
185
309
317
241
265
266
270
298
208
121
71
204
253
135
108
107
168
287
183
134
85
-58
-83
-29
10
45
58
145
290
414
478
649
781
906
922
867
892
801
547
380
175
-30
-300
-465
-817
-1107
-1248
-1416
-1390
-1423
-1371
-1239
-880
-782
-608
-416
-129
196
374
584
769
820
906
942
855
764
534
376
190
134
-130
-219
-289
-407
-442
-463
-468
-513
-539
-558
-476
-287
-188
-112
-43
-140
-33
79
66
69
33
-24
70
181
238
248
335
342
405
534
533
562
506
547
475
420
358
255
172
18
-148
-301
-539
-653
-672
-633
-531
-479
-294
-66
191
338
505
661
713
734
763
712
756
699
697
641
531
348
189
116
36
-105
-401
-491
-528
-503
-542
-522
-504
-410
-222
-257
-179
-228
-273
-157
-129
-143
-190
-292
-330
-313
-419
-613
-677
-667
-788
-738
-724
-650
-546
-479
-376
-366
-316
-407
-245
-77
136
221
294
456
448
541
585
525
635
639
529
499
496
394
226
168
207
138
79
175
-10
-48
-58
-206
-113
92
160
265
395
465
499
546
465
437
447
317
265
219
96
-53
-153
-190
-237
-195
-260
-152
-187
-307
-327
-434
-381
-436
-442
-348
-337
-271
-94
3
-100
-161
-281
-381
-364
-384
-494
-378
-220
-201
-71
70
180
394
592
747
876
906
969
987
945
763
666
547
214
119
58
23
101
85
87
77
56
11
-85
-201
-271
-323
-291
-221
-209
-213
-131
-91
-70
43
91
132
-9
-194
-211
-360
-510
-668
-688
-598
-598
-521
-416
-390
-337
-389
-381
-244
-151
-83
-55
-13
-27
10
27
-83
-195
-246
-208
-152
-56
-104
-169
-79
-100
-38
-2
9
114
303
479
660
779
847
901
1028
1109
1025
989
708
469
169
-116
-272
-420
-411
-386
-323
-344
-288
-292
-354
-435
-543
-603
-469
-453
-321
-105
-46
88
213
237
210
133
60
10
-19
-157
-331
-451
-609
-597
-647
-547
-452
-272
-85
79
122
156
322
393
406
297
235
59
-59
-307
-430
-349
-138
-15
112
217
434
725
849
898
857
817
746
609
508
356
241
257
152
128
119
50
-58
-181
-310
-470
-511
-531
-569
-610
-477
-391
-299
-235
-296
-189
-44
74
188
280
409
487
507
504
427
364
167
116
-97
-266
-363
-423
-589
-615
-657
-699
-562
-495
-519
-471
-422
-462
-329
-187
-54
167
263
327
516
625
601
701
642
587
626
596
506
421
323
172
143
11
-114
-184
-214
-175
-129
-33
205
269
372
429
421
386
349
244
51
-143
-306
-358
-452
-481
-492
-374
-323
-219
-158
-134
-129
-116
-60
-32
-9
-60
-79
-97
-74
-139
-226
-293
-388
-426
-447
-351
-269
-281
-263
-138
-66
-138
-209
-333
-353
-254
-177
-107
33
224
298
369
350
260
201
42
-87
-143
-185
-209
-187
-128
-104
-65
10
22
32
50
99
260
307
491
660
783
870
780
665
529
387
326
124
-57
-158
-275
-245
-213
-324
-357
-345
-324
-172
-89
-124
-10
85
128
305
390
386
474
509
449
407
330
239
140
16
-55
-75
-163
-107
-223
-251
-231
-256
-310
-335
-252
-215
1
33
22
9
9
-4
-58
-66
-91
-131
-166
-87
-158
-180
-175
-215
-150
-180
-188
-96
-47
-36
29
141
189
276
200
131
94
57
39
-57
-250
-306
-250
-208
-107
-85
-30
83
224
122
174
123
-47
-6
-111
-211
-171
-129
-153
-80
-130
-109
-23
-45
-121
-113
-180
-246
-161
-220
-259
-199
-179
-83
-39
-33
-13
16
7
-13
22
72
110
94
99
142
133
167
129
54
5
49
17
12
-31
-86
-145
-222
-177
-285
-255
-238
-200
-62
89
260
370
464
440
423
387
305
236
245
183
182
324
320
390
420
446
538
450
360
304
143
35
-200
-306
-447
-481
-462
-446
-408
-387
-316
-152
-120
-129
8
1
32
52
20
59
155
117
195
289
316
373
474
514
474
472
308
263
162
-6
-111
-161
-204
-312
-394
-310
-261
-301
-310
-355
-393
-414
-446
-515
-456
-302
-239
-106
4
60
284
420
531
529
485
491
527
423
260
123
-9
-87
-129
-137
-93
-71
-117
-193
-260
-348
-461
-506
-576
-469
-457
-387
-284
-256
-41
145
171
222
269
284
346
357
221
236
258
251
327
305
330
296
171
171
77
-54
-94
-128
-145
-190
-187
-264
-274
-255
-367
-285
-146
-168
-54
110
117
17
-62
-131
-178
-140
-140
-183
-133
93
189
208
300
348
320
222
139
39
-61
-246
-387
-406
-449
-451
-441
-425
-308
-248
-218
-166
-166
-292
-354
-355
-314
-355
-268
-116
43
194
265
339
328
414
347
257
252
217
146
-12
-183
-337
-342
-249
-244
-144
43
198
329
396
474
561
529
464
421
361
258
143
116
88
52
22
-22
44
77
118
71
173
191
194
180
192
274
353
402
426
436
297
219
125
84
-14
-102
-185
-133
