-80
-127
-143
-159
-137
-197
-359
-374
-289
-149
-20
-80
-55
-183
-348
-415
-405
-371
-355
-332
-260
-197
-75
-49
-169
-165
-294
-393
-211
-188
-180
-161
-26
14
-127
-202
-257
-187
-159
22
-94
-308
-384
-338
-333
-396
-211
-133
-10
38
97
172
105
101
35
-70
-166
-79
77
-5
7
71
-14
-188
-233
-11
202
206
26
-167
-357
-232
-89
-57
13
102
45
-40
-125
-178
-119
-51
-150
-112
-44
-114
-33
-34
-54
-101
-54
-156
-19
159
206
246
170
83
-6
40
118
79
34
113
75
91
-79
-188
-254
-156
171
403
428
566
536
469
574
507
318
168
208
349
343
388
451
284
222
292
245
191
153
207
95
20
71
-73
95
298
272
309
376
431
288
296
234
212
200
262
217
126
43
-21
-50
85
152
337
373
294
272
35
-43
-124
-80
-123
-138
-326
-363
-289
-102
-161
-92
118
8
-160
-394
-326
-237
-70
19
-49
-159
-49
-63
-108
-22
-104
-102
-32
-129
-287
-369
-458
-382
-387
-472
-327
-358
-323
-416
-532
-572
-499
-495
-387
-389
-397
-213
-173
-264
-428
-459
-426
-265
-291
-239
-217
-201
-106
-143
-146
-57
12
117
188
113
16
-221
-456
-415
-299
-58
-15
23
-62
-49
-4
-121
-41
54
-56
-23
-7
55
187
202
172
223
168
98
8
7
-20
11
21
152
229
239
268
285
266
211
143
44
163
210
161
149
303
484
429
444
484
431
400
244
313
466
559
684
728
612
374
159
46
224
372
385
390
198
129
224
259
96
11
111
265
393
271
54
-127
-89
-128
-160
-171
-140
-121
-65
-25
-3
-2
119
89
-64
-115
-35
63
29
-94
-180
-192
-331
-480
-514
-482
-288
-8
-42
-219
-356
-424
-271
-233
-74
48
97
118
210
-43
-255
-205
-49
35
-53
-73
-125
75
112
-19
-37
78
68
-34
-83
-72
-136
-16
-94
-106
-16
14
-77
-166
-169
-246
-382
-405
-259
-108
53
132
218
198
144
-71
-238
-144
-125
-145
-283
-182
12
77
-73
-328
-414
-373
-278
-285
-68
16
155
118
80
-176
-337
-324
-196
-91
-11
53
-3
-68
-87
-177
-250
28
118
76
86
95
-6
-38
20
109
171
203
99
-110
-318
-392
-278
-143
37
139
238
132
-44
-181
-163
-210
-190
-59
79
223
248
207
298
288
161
161
135
176
212
349
437
222
33
65
110
68
8
76
147
253
203
142
50
175
232
250
266
453
699
474
234
54
141
294
410
387
179
-69
44
151
272
294
346
380
327
338
153
-139
-215
-202
-157
-49
-1
-51
50
153
251
271
298
180
46
71
158
149
177
231
271
123
-13
-137
-146
-144
70
190
189
219
58
-87
-323
-450
-485
-388
-432
-347
-242
-351
-408
-417
-459
-495
-432
-261
-283
-195
-150
-220
-321
-449
-548
-497
-290
-230
-243
-299
-393
-311
-220
-260
-493
-521
-530
-569
-598
-584
-616
-516
-358
-325
-374
-241
-228
-253
-261
-293
-158
-69
-40
-91
-14
-53
93
159
0
96
50
83
111
269
297
294
331
196
158
186
238
155
142
190
306
272
235
215
238
318
383
638
662
629
584
455
366
327
420
491
523
622
744
622
601
431
246
131
32
111
95
167
303
325
87
39
168
178
183
66
-37
-82
-147
-160
-90
57
198
232
-51
-84
65
163
273
285
255
121
-54
-158
-456
-261
-67
0
76
-129
-147
-324
-428
-401
-425
-298
-320
-227
-290
-363
-311
-251
-102
-14
46
-30
18
-67
-114
-229
-254
-132
-155
-241
-316
-358
-421
-374
-366
-313
-76
-43
-6
46
-141
-73
-260
-278
-106
10
12
-70
-15
-70
47
193
298
266
253
211
260
266
208
176
294
442
344
235
83
-130
-110
9
121
186
170
198
144
-10
-50
-221
-164
-106
-88
-25
-85
-199
-262
-110
-90
-147
-196
-261
-205
-264
-223
-44
69
115
135
26
5
-61
-137
-31
93
183
93
-39
-54
-97
-75
-69
-121
-123
23
125
140
-4
26
17
100
109
22
128
165
169
130
105
-156
-103
-2
19
164
196
79
126
-68
-335
-340
-307
-190
-333
-409
-262
-116
16
136
97
113
99
144
257
253
237
128
156
158
57
77
108
-9
56
67
29
-32
12
-22
56
136
179
227
53
-10
-63
90
65
13
31
35
81
24
115
-17
16
25
84
199
155
34
172
75
119
151
186
200
272
204
-13
-150
-167
-2
-233
-232
-49
144
193
84
-209
-344
-349
-331
-329
-182
3
92
77
97
1
-62
-104
-94
-36
-73
-57
-247
-242
-166
-48
-24
17
150
20
-181
-232
-212
-202
-300
-287
-79
47
145
103
-48
15
92
22
-123
-137
-6
85
-17
6
64
53
121
90
59
16
-43
-71
-35
-27
55
-35
-40
39
-60
-165
-324
-484
-441
-337
-240
-137
-129
-177
-166
-44
153
166
229
339
393
264
181
108
205
432
469
306
127
150
217
266
219
212
206
324
351
344
167
94
44
-7
139
135
240
245
222
291
238
108
106
118
21
136
169
104
-4
37
16
111
176
169
98
0
-71
6
61
-25
-125
-112
-40
-172
-427
-545
-316
-265
-298
-183
46
103
-39
94
-7
-149
-261
-320
-344
-302
-250
-266
-328
-198
-184
-266
-162
-123
-184
-275
-247
-229
-319
-100
-112
-185
-104
-93
-45
-178
-177
-118
-147
-78
-50
-217
-110
-122
-128
-85
-119
-43
-1
-62
102
159
200
169
8
-169
-269
-234
-124
-45
12
222
255
66
-131
-124
-256
-187
141
306
343
249
23
39
163
230
239
273
213
285
266
263
334
196
194
85
-76
-97
60
263
285
328
379
296
70
-60
94
110
90
-46
-140
-29
14
-66
6
128
334
324
170
12
-43
7
101
249
173
194
123
99
201
190
83
-11
-80
-96
-72
-199
-203
-176
-161
-148
-120
-133
-214
-130
176
317
342
268
181
40
-106
-207
-184
-96
29
17
-129
-100
-28
-63
-47
100
136
-116
-147
-181
-209
-96
-2
-111
-157
-218
-258
-296
-170
-64
-50
20
-2
58
191
179
197
146
170
161
91
97
43
-7
12
-130
-209
-259
-352
-320
-263
-175
-159
-204
-251
-448
-551
-491
-240
-56
-123
64
47
-81
-82
-13
-17
18
51
68
-34
-114
-134
-113
3
-28
-1
-15
-29
-70
-79
-114
-72
139
177
62
-31
-91
-221
-234
-245
-254
-108
65
210
240
271
57
22
124
258
431
515
501
445
329
252
268
78
14
-22
110
221
256
234
79
66
42
65
-35
30
-7
-21
9
-13
23
26
-9
129
138
157
38
5
86
66
61
102
-102
-33
240
355
431
519
464
207
33
-178
-253
-80
212
213
148
168
-66
-123
-42
-43
15
51
74
92
180
75
-8
-83
-14
-121
-90
-147
-109
-84
-2
51
62
44
-77
-124
-86
-60
-132
-215
-166
-67
-115
-177
-277
-343
-355
-262
-194
-100
-55
-98
-129
-172
-170
-187
-153
-158
-218
-285
-269
-277
-211
-219
-239
-355
-413
-162
-78
-77
-118
15
124
109
-107
-151
-158
-196
-125
-110
-129
37
-6
-174
-75
86
140
68
-54
-113
86
167
228
196
225
221
124
10
-61
-128
-186
-173
-253
-230
-202
-282
-344
-146
18
88
201
402
411
334
201
109
258
290
369
372
401
404
360
228
168
-39
-41
96
32
120
270
347
413
435
372
115
47
-68
-23
-151
-171
132
163
91
14
-33
154
139
91
117
151
186
118
127
130
130
42
-62
-79
-17
89
102
68
-1
-194
-307
-422
-354
-155
-76
-13
-136
-338
-260
-312
-408
-380
-261
-36
49
86
-38
-140
-169
-42
25
210
405
410
236
-11
-201
-256
-293
-191
4
70
220
114
125
-40
-134
-156
-48
171
220
42
-126
-59
41
160
86
12
-14
109
116
187
-19
4
56
-28
175
210
221
144
198
135
-13
-64
6
9
69
65
-4
-133
-316
-417
-394
-216
-290
-259
-140
-119
-106
-103
-125
-208
-58
161
119
126
91
73
-45
5
-69
-23
23
-32
111
57
-51
-149
-187
-206
13
45
149
58
-23
-42
-181
-119
-174
-188
-181
-138
-124
-107
-175
-109
-309
-318
-340
-147
45
75
-8
-136
-293
-309
-322
-391
-242
-101
48
78
172
32
-100
-210
-232
-152
-14
77
136
130
69
103
253
369
335
264
367
369
278
271
210
74
56
189
261
294
250
167
122
61
44
242
426
413
329
241
264
332
342
143
-39
24
53
116
294
315
261
452
471
348
158
192
144
71
68
-2
97
167
135
134
138
128
125
70
21
-107
-175
-141
-153
-100
13
52
76
81
10
-120
-165
-226
-265
-347
-240
-25
-92
-207
-258
-336
-416
-250
-212
-119
-102
-242
-280
-460
-461
-198
-253
-204
-250
-362
-360
-305
-198
-347
-348
-104
-103
-396
-424
-221
-70
-72
-33
-181
-162
-105
-62
-113
-128
-55
122
-32
-241
-333
-328
-347
-318
-361
-315
-339
-337
-140
-88
86
5
-37
-102
-206
-15
268
299
399
448
513
432
272
215
138
219
102
17
100
286
385
469
535
310
330
296
-12
-231
-251
-180
-99
73
59
-6
-25
146
182
254
267
258
302
314
375
328
304
289
394
513
572
554
515
363
201
393
345
430
345
147
99
-19
-119
-63
15
43
54
46
31
5
-62
-61
-62
-142
-145
-216
-126
-235
-182
-128
-142
-36
-15
-102
-140
-96
19
-1
-53
74
74
84
-48
-297
-586
-509
-470
-406
-167
-90
-31
42
27
-117
-312
-336
-323
-191
-87
-154
-328
-323
-336
-352
-264
-149
33
61
-51
-108
-179
-186
-225
-262
-43
11
140
160
-96
-240
-245
-179
-15
185
299
370
401
396
144
100
205
153
345
419
467
429
446
317
82
-90
-106
-16
-138
-215
-166
-52
-56
21
-202
-416
-366
-156
-66
-102
-304
-427
-449
-411
-249
-284
-271
-160
10
224
171
-120
-330
-329
-356
-247
23
175
216
-33
-212
-198
-46
30
-30
-33
-18
-104
-172
-106
-12
146
214
260
-8
-85
-34
-126
-54
230
222
98
14
30
141
170
128
3
129
321
406
510
533
301
240
270
165
93
91
85
86
199
308
297
342
228
153
95
137
131
132
225
367
480
406
364
108
-90
-131
-139
-90
-30
-20
5
-44
-143
-284
-438
-265
-77
-8
102
188
201
166
31
-123
-218
-136
35
126
195
108
83
36
109
98
70
320
366
215
177
142
-103
-27
-77
-272
-262
-65
44
64
20
-102
-252
-360
-363
-352
-374
-233
-78
42
55
-14
-130
-173
-175
-199
-98
-179
-163
-60
-10
-117
74
190
196
139
-152
-222
-305
-321
-459
-321
-341
-285
-267
-235
-172
-212
-188
-406
-312
-331
-289
-117
-103
-176
-74
-1
43
-82
-9
-19
10
-7
-93
-75
-38
124
157
132
136
215
111
-74
-193
-78
3
49
52
58
94
109
-34
-37
-2
-21
30
83
111
127
90
31
112
153
269
295
316
285
236
309
145
28
10
57
46
26
85
113
52
4
62
24
42
12
157
192
237
144
290
107
605
1291
1300
1587
742
595
80
-397
-1043
-592
-1077
-603
-1106
-862
-418
-875
-576
-987
-389
-802
-92
-845
-220
94
-84
196
68
491
948
837
775
1113
486
925
825
708
794
1056
772
584
148
-478
-342
-898
-730
-766
-836
-708
-177
-235
169
70
-72
20
-512
-436
-300
-111
-27
299
241
451
341
60
-1
-211
-425
-448
-611
-425
62
360
291
368
519
546
413
152
146
219
146
267
160
209
229
197
251
252
49
-28
-158
-353
-272
-265
-104
-115
-73
-353
-401
-532
-543
-696
-874
-772
-718
-694
-704
-665
-597
-467
-518
-528
-533
-573
-503
-470
-335
-258
-110
125
237
170
166
328
310
229
233
123
125
186
332
440
460
541
400
114
18
74
56
174
183
188
-136
-82
-330
-192
-94
192
-46
204
125
427
292
155
433
-70
433
-10
435
99
744
315
666
458
541
416
286
560
451
756
475
695
155
662
220
273
126
151
181
185
328
129
284
-57
-27
-135
-305
-9
-17
177
-72
-248
-541
-402
-446
-375
-288
-262
-79
-110
134
-88
-94
-250
-171
-358
-305
-327
-146
-8
137
-16
41
1
65
117
-103
-65
-34
-211
-252
-130
-118
-91
-98
166
207
74
-113
-74
-156
-232
-173
-314
-466
-325
-241
-255
-293
-458
-634
-725
-650
-733
-663
-539
-311
-290
-106
-79
-143
-176
-171
74
31
-64
-150
-153
-81
279
374
359
279
313
99
49
-23
-73
80
163
376
362
525
467
483
387
372
205
93
223
271
296
352
345
239
250
226
132
-118
-173
-18
26
-53
-241
-278
-215
-142
-94
-9
-291
-231
-221
-283
-375
-365
-431
-544
-351
-285
-191
-157
-10
-36
60
169
33
76
376
494
626
521
444
374
227
274
284
356
555
501
546
586
551
608
612
438
490
545
284
218
33
28
-122
-312
-278
-275
-248
-346
-330
-434
-394
-451
-626
-713
-540
-410
-310
-302
-287
-316
-425
-468
-428
-428
-353
-175
-201
32
-78
-37
25
161
157
168
220
307
461
392
526
708
969
921
682
561
499
332
68
182
12
196
220
347
398
206
-152
-310
-284
-328
-534
-766
-874
-827
-831
-834
-765
-753
-635
-669
-627
-518
-459
-490
-286
-307
-211
-250
114
154
219
-60
9
123
303
431
723
877
1028
1125
955
815
546
490
473
404
345
546
470
448
465
365
152
382
466
248
-47
-168
-369
-495
-698
-636
-522
-480
-502
-480
-433
-391
-688
-847
-795
-515
-434
-535
-666
-615
-498
-658
-770
-814
-636
-868
-661
-728
-338
-400
-129
-8
64
-43
116
176
297
556
473
684
520
794
942
1079
1302
1256
1198
978
1090
988
1036
1162
1114
934
938
869
814
620
359
243
-28
109
-49
-123
-303
-336
-432
-583
-556
-663
-664
-734
-786
-1096
-1250
-1245
-1236
-1142
-1078
-1178
-1155
-1154
-1352
-1446
-1451
-1340
-1388
-1515
-1401
-1437
-1351
-1262
-1310
-1041
-451
751
1924
2760
3561
3802
3421
3190
3138
3352
3904
4189
4404
4123
3770
3358
3149
2846
2485
1999
1132
408
-659
-1671
-2240
-2590
-3029
-3281
-4049
-4555
-4914
-5066
-4812
-4432
-4244
-4112
-3874
-3751
-3661
-3616
-3549
-3563
-3493
-3384
-3167
-2990
-2650
-2198
-2069
-1764
-1249
-745
4
1558
2954
4337
5109
4968
4938
4711
4958
5632
6319
6667
6790
6011
5639
5416
5225
4902
5016
4785
4244
3748
2513
1533
564
-716
-1894
-2600
-3120
-3304
-3613
-3777
-3993
-4401
-4916
-5061
-5128
-4870
-4597
-4610
-4581
-4503
-4643
-4706
-4292
-4089
-3700
-3344
-2901
-2253
-2026
-1911
-1702
-1546
-1264
-853
-619
-232
-101
52
410
1429
2633
4107
5476
5944
5931
5318
4692
4498
4763
5020
5424
5197
5118
4683
4554
4215
4232
4036
3564
3095
2183
1461
669
-159
-1075
-1776
-2900
-3433
-3941
-4096
-4168
-4359
-4666
-4683
-4817
-4989
-4584
-4172
-3756
-3524
-3593
-3844
-3847
-3905
-3786
-3659
-3098
-2265
-1685
-1334
-1083
-867
-871
-758
-649
-508
-451
-351
-264
-89
127
600
1424
2592
3945
4726
5297
5321
4700
4091
4138
4274
4691
5173
5558
5655
5389
4706
4350
4111
3690
3258
2578
1634
981
121
-921
-1827
-2623
-3283
-3684
-3867
-3854
-3908
-4269
-4406
-4600
-4560
-4509
-3932
-3562
-3211
-3413
-3925
-4025
-3884
-3835
-3704
-3392
-2892
-2392
-2039
-1618
-1240
-891
-781
-657
-456
-192
51
379
490
558
527
654
1298
1977
2936
3854
4618
5147
5666
5434
4908
4547
4388
4614
4952
5231
5552
5441
4651
4222
3799
3305
2879
2270
1588
1034
-144
-1213
-2341
-3222
-3821
-3756
-3732
-3630
-3807
-4240
-4675
-5169
-5455
-5044
-4274
-3754
-3237
-3463
-3583
-3575
-3648
-3791
-3565
-3164
-2322
-1648
-1291
-845
-553
-446
-376
-278
-255
145
324
405
683
638
766
1160
1253
1715
2231
2668
2931
3287
3693
4220
4517
4970
5426
5314
5118
4748
4648
4685
4782
4418
4174
3769
3253
2860
2298
1421
950
37
-1263
-2412
-3767
-4846
-5070
-4749
-4461
-4336
-4597
-4632
-4914
-4983
-4741
-4071
-3403
-3247
-3331
-3757
-3980
-3677
-3357
-2849
-2282
-1667
-1244
-1049
-783
-514
-441
-496
-587
-173
35
195
468
435
911
1237
1402
1785
1969
1711
1747
1773
2081
2423
2779
3133
3651
4060
4239
4200
4048
3925
3645
3467
3450
3493
3235
3211
2937
2603
2373
1919
1282
801
-17
-1175
-2487
-3692
-3985
-3464
-2641
-2109
-1931
-2158
-2617
-3069
-3356
-2798
-2107
-1704
-1605
-1864
-2051
-1965
-1661
-1429
-1149
-1087
-623
-378
-273
-314
-259
-314
-205
-144
-402
-433
-482
-476
-192
-104
217
465
602
754
926
763
578
245
401
296
663
989
1596
2456
2990
3191
3242
3210
2896
2663
2526
2519
2413
2631
2620
2766
2617
2338
1677
1067
-167
-1686
-3206
-3605
-3167
-2581
-2140
-1869
-2015
-2373
-2823
-2700
-2211
-1815
-1813
-1758
-1725
-1466
-1559
-1294
-1089
-888
-815
-787
-699
-839
-728
-973
-1104
-1143
-1151
-1332
-1564
-1701
-1398
-1333
-1221
-991
-1050
-1108
-942
-1010
-969
-858
-451
-330
-252
38
238
777
1522
2179
2816
3432
3677
3730
3577
3685
3822
4058
4218
4330
4442
4421
4221
3600
2838
2013
709
-827
-2070
-2307
-1754
-1457
-1499
-1417
-1683
-2556
-3079
-2960
-2425
-1904
-1853
-1973
-1802
-1570
-1445
-1580
-1441
-1139
-924
-1109
-1451
-1320
-1259
-1199
-1349
-1197
-939
-877
-1072
-1167
-1457
-1539
-1385
-1384
-964
-673
-365
63
215
294
6
5
122
355
615
967
1642
2402
2935
3461
3691
3781
3760
3769
3762
3980
4199
4067
4159
4153
3898
3644
3134
2050
1253
-153
-1669
-2552
-2583
-2062
-1683
-1772
-1820
-2150
-2876
-3357
-3010
-2288
-1852
-1746
-1839
-1794
-1577
-1612
-1482
-1450
-1408
-1343
-1265
-1455
-1307
-1172
-1339
-1438
-1360
-1434
-1451
-1480
-1591
-1674
-1459
-1248
-1190
-937
-861
-501
-220
-32
-68
-213
-224
133
170
405
804
1113
1829
2488
2760
2775
2969
3074
3127
3154
3252
3562
3708
3651
3674
3497
3190
2757
1856
907
-157
-1353
-1903
-1554
-1196
-1237
-1400
-1974
-2582
-2854
-2536
-2262
-1769
-1765
-1780
-1655
-1860
-2022
-1626
-1617
-1571
-1359
-1579
-1434
-1395
-1574
-1562
-1124
-1154
-1154
-1253
-1700
-1626
-1783
-2333
-2148
-1777
-1401
-834
-341
-133
235
225
134
246
306
382
735
1197
1632
2259
2631
2794
3035
3392
3787
3862
3834
3669
3820
4081
4140
3945
3885
3968
3793
3434
2679
1715
686
-13
-385
-640
-869
-958
-1315
-1947
-2176
-2294
-1948
-1696
-1726
-1688
-1666
-1926
-2040
-2010
-2084
-1507
-1838
-1693
-1657
-1676
-1753
-1488
-1878
-1767
-1252
-1438
-1529
-1591
-2095
-2013
-1939
-2318
-1706
-1415
-1064
-696
-531
-522
-269
-524
-760
-1022
-656
-434
-36
215
571
1163
1610
1877
2299
2663
3001
3029
3042
3052
3295
3609
3593
3738
3795
3568
3357
2687
2044
1419
946
417
-68
-404
-1013
-1396
-2140
-2468
-2251
-1903
-1831
-1314
-1409
-1397
-1594
-1752
-1747
-2024
-2091
-1761
-2052
-1854
-1935
-1826
-1656
-1111
-1466
-1409
-1111
-1428
-1548
-1850
-2141
-2049
-1878
-2300
-2219
-1999
-1768
-1517
-1293
-1450
-1061
-1261
-1460
-1106
-768
-195
628
946
1490
2278
2822
3105
3485
3727
4174
4496
4627
4730
5158
5113
4925
4894
4905
4759
4277
3374
2450
1773
1006
408
-244
-749
-1108
-1509
-1902
-1941
-1602
-1594
-1750
-1709
-1964
-2185
-2203
-2326
-2221
-2184
-2156
-2273
-2356
-2407
-2383
-2385
-2264
-2016
-2332
-2501
-2242
-2119
-2407
-2675
-3234
-3282
-3117
-3144
-3021
-2443
-1893
-1529
-1801
-1730
-1434
-1258
-886
-327
507
1375
2026
2514
3257
3834
4365
4913
5070
5222
5474
5492
5419
5702
5632
5454
5348
5056
4727
4298
3339
2339
1514
472
-208
-688
-1408
-1551
-1709
-2341
-2780
-2998
-3059
-3092
-2663
-2399
-2499
-2628
-3113
-3385
-3109
-3282
-3604
-3383
-3578
-3479
-3402
-3388
-2952
-1993
-2162
-2071
-1546
-1597
-2021
-2306
-2812
-2526
-2092
-2184
-1926
-1417
-1075
-783
-592
-901
-278
245
514
939
1806
2142
2857
2899
3267
3719
4152
4090
4198
4325
4198
4199
4469
4643
4677
4702
4380
3928
3255
2320
1243
522
-339
-820
-1187
-1562
-1872
-2091
-2941
-3438
-3394
-2832
-2561
-2162
-1833
-1926
-1826
-2239
-2682
-2687
-2749
-2987
-2395
-2341
-2136
-1936
-1596
-1219
-372
-912
-1030
-656
-710
-1050
-1278
-2066
-1813
-1411
-1738
-1480
-1080
-694
-348
-462
-705
-159
385
974
1510
2120
2545
3038
3231
3345
3673
4244
4227
4367
4575
4563
4872
5024
4775
4566
4531
4299
3925
3342
2090
1013
168
-668
-1406
-1625
-1712
-1686
-1817
-2403
-2672
-2778
-2582
-2372
-1519
-1471
-1296
-1460
-1822
-2205
-2196
-2952
-2891
-2504
-2823
-2604
-2246
-2303
-1759
-1552
-2551
-2340
-2191
-2311
-2548
-2859
-3297
-2499
-2792
-3216
-2591
-2002
-1807
-1571
-1837
-2158
-917
-122
405
1437
2246
2806
3583
3948
3964
4638
4815
4636
4469
4412
4385
5074
4897
4562
4615
4659
4304
3653
2505
1441
626
-438
-1557
-1750
-1783
-1687
-1713
-1890
-2203
-1891
-2163
-1726
-1066
-1031
-1026
-1310
-1860
-2321
-2975
-3872
-3532
-3542
-3638
-3387
-3244
-3197
-2312
-2832
-2856
-2377
-2442
-2832
-2980
-3588
-3205
-2643
-2963
-2987
-2518
-2397
-1577
-1094
-1181
280
1691
2055
3146
4064
4746
5955
6056
5701
6330
6511
6051
6099
5880
5643
6451
6239
5597
5854
5504
4437
3314
1499
-89
-772
-2076
-3061
-2937
-2972
-3016
-2548
-2798
-2802
-2339
-2442
-2226
-1725
-1591
-1834
-2020
-2555
-2699
-3466
-3786
-4099
-4090
-4024
-4052
-3960
-3523
-3308
-3485
-3120
-3190
-3127
-3129
-3807
-4293
-3425
-3629
-3295
-2829
-2463
-2083
-1107
-1254
-75
1967
3066
4313
5645
6364
7552
8000
7459
7830
7913
7103
6439
5811
5295
5607
5234
4326
4391
4073
2740
1481
-587
-2467
-3412
-4659
-5892
-5422
-4985
-4499
-3950
-3382
-2711
-1234
-1025
-455
237
206
-119
-898
-1951
-2450
-3382
-4627
-4253
-4566
-4469
-4407
-4524
-4026
-3192
-3885
-3349
-2942
-3136
-3133
-3466
-4548
-3490
-2606
-2857
-2225
-1419
-1061
3
928
2641
4619
6572
7528
8544
9129
9323
8987
8942
7867
7091
5966
4297
3473
3564
2747
1711
1416
657
-175
-1511
-4033
-5798
-6403
-7428
-8249
-7876
-7027
-5638
-3743
-2858
-1327
707
2548
3388
3832
3759
3565
2495
1071
-827
-2167
-2749
-4016
-4726
-4651
-4706
-4151
-3155
-3505
-2860
-2036
-2618
-2749
-2635
-3669
-3733
-3465
-3731
-2912
-1659
-1179
276
1588
4037
6381
8590
9935
10784
11238
11142
9706
9146
8045
6336
5124
3476
1840
1554
956
-816
-1471
-2145
-3443
-4691
-6878
-8987
-9380
-9740
-10432
-9557
-8129
-6498
-3929
-1994
-357
1931
3959
5383
6331
6441
6099
5447
3777
1426
-1109
-3106
-4575
-6181
-6864
-7129
-7362
-6018
-4513
-4044
-2601
-1652
-1782
-1650
-2548
-3863
-3169
-3154
-3413
-2254
-956
-6
3366
7210
9103
12210
13799
13564
13676
11952
8672
7930
5479
2432
1212
-805
-2470
-1900
-3014
-5122
-4884
-5537
-6961
-7622
-9887
-11115
-9924
-9830
-9799
-7306
-5406
-3009
181
2004
3216
6088
7674
7512
7807
6973
5421
4193
1675
-1623
-3097
-5410
-7412
-7580
-7485
-7332
-5172
-3402
-1899
226
1148
1020
1157
-144
-1748
-1934
-2838
-3323
-2352
-1605
-924
2814
7299
10064
13213
14549
14404
14309
11449
7526
6542
3392
345
-924
-2987
-4150
-2782
-4087
-5979
-5575
-6376
-7523
-8097
-10682
-11196
-9097
-9042
-8247
-4734
-2729
-65
3115
3968
4596
6642
6949
6502
6257
5134
4158
3145
496
-2644
-4469
-6902
-9087
-9215
-8567
-7976
-5060
-2091
-358
1624
3008
2571
2328
726
-1761
-2768
-3901
-4729
-4006
-2499
-1553
3560
9199
11362
14376
15734
14191
13547
9852
5055
4502
1003
-2366
-2686
-4596
-5572
-3685
-5593
-7987
-6780
-7710
-8743
-8667
-11118
-10649
-7034
-6855
-5120
-856
806
3377
6304
5560
5509
6712
5999
5337
4863
3247
2083
913
-1868
-4591
-6825
-8518
-10047
-9419
-8026
-6283
-2886
1075
2437
3957
4946
3851
2455
671
-2480
-3478
-3748
-5069
-4058
-2430
-921
6068
11050
12618
15545
15756
13817
12609
7124
3891
3018
-1320
-3604
-4098
-6309
-5912
-5015
-8534
-9276
-8484
-9966
-9418
-9606
-11030
-6734
-3410
-3023
1257
4447
4747
7348
7424
4968
4586
3968
2720
2338
1524
591
286
-1320
-4073
-6347
-7923
-9972
-9879
-7535
-5596
-2829
1696
3837
4650
5435
4155
1926
75
-3433
-5332
-5723
-6544
-5878
-3101
-1951
3687
10891
13168
15732
17055
15193
13904
9991
4919
4475
878
-2453
-3054
-5394
-7357
-6625
-9343
-11657
-10328
-10918
-10754
-9073
-9297
-6038
-814
351
3040
7191
7426
8287
8790
5996
4067
3170
1162
340
-646
-2078
-2028
-3108
-5352
-7119
-8617
-9432
-9342
-7530
-4747
-2000
1693
4927
5198
4846
4231
1558
-984
-3326
-6339
-6497
-6351
-6799
-5355
-3429
-2204
5956
11341
13361
16918
16897
15189
14438
8517
5513
5013
-290
-2792
-4117
-7770
-8549
-8571
-12474
-12793
-10933
-11442
-9076
-7585
-7211
-1945
1897
2683
6840
9144
8842
9831
8096
4264
2233
336
-1960
-1741
-2473
-2950
-2111
-3183
-5081
-5849
-7827
-8533
-7154
-5611
-2945
567
3916
6678
6981
5458
3930
1331
-1759
-4408
-6673
-7264
-6942
-6830
-5855
-3557
-662
7455
12662
14882
17567
17350
15512
13528
7635
5305
3844
-1274
-3425
-5201
-8675
-9533
-10202
-13592
-12796
-10893
-10712
-7548
-5602
-4258
1479
4504
5111
8988
9955
8412
8228
5312
1208
-612
-2553
-4071
-3100
-2656
-2408
-1488
-2850
-5146
-6206
-8304
-9396
-7279
-5188
-2157
2058
5211
7110
7362
5305
2759
-159
-3286
-5961
-7537
-8340
-7470
-5867
-4060
-1425
6690
13560
15660
18231
17429
15024
12847
6410
2997
2960
-2060
-3925
-4806
-8417
-9107
-9409
-13831
-14017
-11407
-10982
-7599
-4837
-3568
2711
6654
6157
8570
9272
6213
5216
2248
-2632
-4488
-4747
-5709
-4416
-3423
-2564
-559
-734
-2847
-4073
-5531
-6719
-5877
-3668
-1120
1747
5267
7111
6207
4984
3257
-284
-2560
-5091
-6597
-6260
-6159
-5932
-3699
-2297
2403
12126
15327
17492
19119
16550
14252
9864
2897
2959
-675
-5548
-5777
-8246
-10536
-9499
-12062
-14311
-11119
-9783
-7230
-2890
-2547
1833
8107
7609
8323
10207
6870
4357
1764
-3558
-6675
-7505
-8098
-6105
-4410
-3316
-533
642
-944
-2203
-3915
-5622
-5633
-4264
-2012
878
3393
6028
6227
3731
2067
-191
-2883
-4316
-6064
-5922
-4828
-4873
-3698
-1175
495
8449
15440
16464
18975
17731
14138
11964
4644
699
1038
-5100
-7184
-7505
-11200
-11208
-10590
-14209
-12383
-8359
-7405
-2123
1000
1314
8044
10514
8043
9541
7200
2461
591
-4270
-8550
-9154
-9628
-7372
-4086
-2903
-232
1963
1192
-260
-2767
-4862
-5102
-4766
-3402
-604
1567
4016
5401
3097
1221
-225
-2962
-4291
-5924
-6703
-5140
-4691
-4490
-1858
367
4896
14707
17337
18308
19335
15102
12080
7661
-250
273
-2528
-8280
-7385
-9345
-12210
-10199
-12144
-14133
-8872
-6835
-4031
2414
3237
6759
12804
10467
8580
8437
2786
-1647
-4500
-9453
-11303
-10049
-8298
-4517
-1682
844
3702
3185
1063
-1361
-4704
-5858
-6836
-6176
-2307
-816
779
4624
2843
569
790
-2560
-4146
-3879
-5994
-5171
-3442
-4314
-1195
1625
3940
14777
18616
17947
19624
15088
11026
7422
-797
-445
-1864
-7621
-6468
-7727
-10867
-9318
-10898
-13670
-8521
-5781
-2953
4188
4909
7973
14298
10804
7956
7564
766
-3579
-5699
-10189
-11099
-9228
-7268
-2760
-136
930
3971
3637
927
-951
-3686
-5341
-5657
-5944
-3050
-1284
-839
1828
639
-2138
-1463
-2925
-4200
-3398
-4463
-3870
-2711
-3658
-2127
989
1392
10674
18270
17228
19463
16365
11101
8956
-181
-2999
-1065
-8093
-7990
-6701
-11002
-9336
-8285
-12510
-8651
-4238
-3499
4170
6350
5993
13495
12620
6970
7326
1596
-4798
-6136
-10283
-12012
-9650
-7534
-2777
1297
2045
4331
5520
2579
-264
-3130
-5759
-6710
-7122
-6419
-3322
-2857
-851
1012
-1557
-2407
-1807
-3831
-3712
-3679
-4247
-3380
-3140
-3493
-57
1917
7328
18201
18615
18588
18026
11740
8705
2243
-4181
-527
-5104
-8385
-5084
-8205
-9315
-7053
-10796
-10031
-3817
-2709
2651
8511
7257
12413
15182
8246
6175
3106
-5010
-7105
-9314
-11929
-9301
-6426
-2601
2117
3044
4583
5807
4101
1292
-1658
-4195
-5800
-6791
-6800
-5179
-3804
-2540
-776
-2065
-3126
-2295
-2694
-3380
-3156
-3603
-3245
-3373
-4207
-2797
290
2093
12643
18657
17182
19335
14261
8651
5993
-3515
-3458
-1519
-8497
-5814
-4917
-9236
-6614
-7066
-11211
-5691
-2221
-812
7208
8593
9111
15317
11774
5888
4913
-2225
-7737
-8485
-11212
-10575
-7060
-3917
1468
4243
4823
6280
4436
2321
-123
-3703
-5300
-6137
-7508
-5446
-4415
-4280
-1247
-1517
-3251
-1833
-2341
-2907
-2238
-3256
-3056
-2818
-4779
-4375
-2155
-993
5080
16165
17205
17920
17132
10392
7661
1516
-5371
-1146
-4523
-7661
-4036
-7520
-8753
-6193
-9979
-9320
-3265
-1418
4154
9806
8988
13017
14422
7860
4699
283
-6788
-8944
-10482
-10607
-7885
-4589
521
4252
4693
5866
4939
2168
267
-3215
-5325
-5779
-7096
-5985
-3750
-3665
-1906
-592
-2508
-2460
-1643
-2304
-1926
-1849
-2738
-2623
-3778
-4653
-3340
-1071
-113
10843
18195
16216
18808
13909
7916
6161
-3800
-3853
-454
-7487
-5033
-4643
-9773
-7292
-8017
-12124
-6342
-1860
309
8609
10184
10717
15929
11068
5110
2757
-4480
-8637
-9279
-10511
-8055
-4796
-708
4495
5212
5178
6090
3175
767
-881
-4332
-5495
-5947
-7416
-5445
-3828
-4678
-1410
-1008
-2562
-223
-12
-1448
-481
-1956
-2899
-3361
-4884
-4906
-2266
-1243
4841
17719
17119
17413
17160
8904
7308
792
-5567
1315
-4214
-6914
-3072
-9539
-9785
-7622
-13206
-10472
-3035
-1352
5772
10993
9264
14554
13546
4994
2781
-2637
-8877
-8992
-9866
-8587
-4621
-1565
3366
5324
4271
5075
3090
870
-208
-3303
-4377
-5297
-7253
-6769
-5933
-5273
-2591
-933
-1900
-498
852
779
440
-541
-1549
-2120
-4079
-5091
-4681
-2594
-1287
7638
17930
16350
18076
15277
8284
6748
-1607
-3314
1798
-5184
-4974
-4315
-10475
-8884
-9186
-13998
-8706
-2499
235
7794
10182
9676
14294
9799
2650
268
-5372
-8945
-8471
-8335
-5684
-2526
942
4946
4642
3415
3810
2121
364
-1150
-4058
-5410
-6436
-8162
-8301
-6040
-4876
-1602
889
229
2450
4002
1821
689
-590
-2585
-3683
-4686
-5814
-4013
-751
2758
15654
18376
15753
17244
9861
6156
3506
-3510
1931
681
-4893
-2485
-7563
-10968
-9484
-13861
-13247
-4824
-686
4791
10928
9921
12293
12073
3665
-452
-4484
-9337
-9082
-8478
-6771
-3091
-440
3082
4546
2359
2711
1810
-151
71
-2142
-3841
-4327
-6389
-7563
-6644
-5407
-2638
796
685
2029
4038
3109
1765
212
-1987
-2603
-4304
-5930
-5779
-3502
-2090
6186
17811
16141
18157
16008
8005
8322
329
-2514
4234
-3031
-3720
-3407
-10985
-9648
-10246
-15459
-9826
-2623
895
8436
10806
9751
13066
8034
1118
-1738
-7084
-8850
-8151
-7453
-4549
-2311
279
3490
2160
823
1677
-486
133
-278
-3501
-3443
-5136
-7634
-7499
-7099
-4591
-291
1463
2123
4476
4444
3330
975
-1726
-3449
-5039
-6882
-6787
-4693
-2267
1498
14672
18176
16444
18432
10483
8318
5363
-3133
3537
2233
-4338
-2107
-8989
-12591
-9954
-15196
-14256
-4697
134
6245
12071
10390
12043
11097
2689
-795
-4784
-8234
-7390
-7222
-4976
-2858
-1688
1992
2411
-314
1298
527
-348
1634
-1532
-3159
-3067
-6599
-7606
-6654
-5807
-1407
2300
1846
3352
4632
3337
1856
-514
-2712
-3721
-4835
-6514
-6847
-4104
-2173
1287
14678
16261
16103
18619
9504
9720
5911
-2683
4392
208
-5420
-3242
-10908
-12136
-9446
-14617
-11410
-2601
1253
7259
11105
9174
11080
8134
1153
-1385
-5640
-6959
-6135
-6139
-3512
-2581
-1786
1935
1038
-1155
1141
-171
-20
942
-3476
-3472
-3702
-7116
-6998
-5840
-4168
456
2568
2541
4521
4576
2568
673
-2113
-4293
-5406
-7086
-7739
-6484
-2927
-1742
9230
18566
15305
19326
13462
8164
10093
-991
1316
5084
-4232
-2629
-7165
-14098
-10355
-13414
-15344
-6445
-84
4491
10602
10490
10104
10490
3566
-498
-3473
-6412
-5437
-5442
-3980
-2408
-2824
-289
1530
-1515
31
1707
401
2488
350
-2564
-2825
-5506
-7563
-6656
-4397
-1629
2578
3208
2809
4292
3016
-1
-1813
-4057
-5581
-5916
-7738
-7612
-5089
-2933
2204
15742
18224
17768
19079
10333
9934
5494
-1930
4749
243
-4499
-3540
-12088
-12155
-10556
-15899
-11098
-2218
2257
8135
11149
9141
10490
6767
-23
-1939
-5297
-5610
-4561
-4305
-2827
-2815
-2067
306
-512
-1707
1170
952
2101
2848
-1219
-1928
-3780
-7249
-7701
-6951
-3967
720
3310
3093
3951
3788
1697
-983
-3557
-5800
-5879
-7050
-8271
-6683
-3743
-1965
6969
18197
16327
19026
15839
9174
10893
1440
55
5416
-3130
-4075
-6943
-14261
-10633
-12227
-14847
-6396
1035
5625
10395
10416
8936
8776
2770
-1427
-3749
-5467
-3821
-3849
-2762
-2175
-3039
-1337
-242
-2418
-1439
1302
1037
3186
2211
-1594
-2028
-4571
-7816
-7058
-5741
-2984
3004
3476
2403
3850
1742
-532
-2265
-5804
-6786
-5640
-7521
-7208
-4319
-2249
1045
14201
17985
16270
19478
10775
10426
7825
-2292
4142
2055
-4782
-3599
-11766
-12561
-9094
-14195
-10548
-1420
3860
8649
11150
8832
8527
5703
-583
-2559
-5424
-4528
-3168
-3110
-1830
-2953
-2815
-877
-1963
-2726
1085
2331
3432
3108
-1052
-2915
-5392
-8317
-9178
-7024
-3615
61
3768
3130
2414
2528
53
-2255
-3301
-6618
-5906
-5866
-7654
-5610
-2213
-1129
9631
19341
15902
19957
13812
8591
10861
-193
1309
5180
-3704
-2346
-7709
-14143
-8938
-12769
-12676
-3623
2204
7253
11093
9569
7482
6470
-337
-2895
-4803
-5436
-2543
-2605
-1017
-1360
-2760
-1588
-1508
-3230
-472
1755
2212
3594
1028
-1175
-3270
-6316
-8177
-7627
-4656
-2443
1338
3164
1395
1762
771
-2159
-2112
-4386
-6669
-4531
-6792
-6635
-4302
-2744
1828
15893
18107
17352
19048
9093
9634
4706
-3586
3803
666
-3976
-1920
-10586
-9143
-6877
-12465
-6289
930
5402
9360
10230
6369
5599
1162
-4949
-5553
-7185
-3895
-1667
-643
467
-448
-485
232
-1400
-2227
1631
2161
2925
1708
-2877
-5067
-7575
-10817
-10674
-6434
-2319
2935
5458
4431
3463
2418
-769
-3721
-4575
-6313
-5323
-5643
-7061
-4864
-2154
-1586
10231
18117
15798
20805
12034
8461
7926
-3944
271
1899
-5827
-1900
-7151
-9619
-3942
-9710
-7323
829
4821
8324
10485
7355
5453
3096
-4397
-6153
-7487
-5511
-2436
-1302
955
1433
720
1686
56
-2340
950
1456
845
669
-2597
-5532
-7405
-10502
-12015
-7339
-3026
449
5625
5344
3112
2858
-473
-4028
-4200
-6468
-6397
-5184
-7116
-6199
-2374
-2440
4229
18258
15477
19721
16794
6595
9850
-915
-4532
3435
-4743
-3811
-2752
-10607
-3448
-6020
-9208
-580
3959
6903
10097
8449
4321
3997
-3147
-6750
-7409
-6679
-2505
-774
1524
2821
2027
1796
1512
-2383
-489
1783
372
1135
-1806
-4906
-6276
-9003
-11868
-8909
-3602
-84
4246
5671
4034
2897
824
-3663
-4917
-5341
-6405
-5737
-6433
-6911
-3500
-2163
2419
17222
16224
18953
18337
7130
9051
-458
-5305
3223
-4142
-4787
-1722
-9522
-3493
-5294
-10058
-1332
3902
6116
8936
8484
3981
3766
-2620
-7737
-8082
-6464
-2413
-689
2066
3307
3493
2519
1602
-2768
-253
2525
218
1332
-2075
-4127
-5133
-8903
-10463
-7870
-3489
950
3413
5373
4789
1855
212
-2984
-5015
-4432
-5445
-5542
-5725
-6557
-5280
-1898
-1976
11110
18985
16079
21656
10876
7045
5393
-7265
-1530
593
-6941
-554
-5748
-7173
-1504
-9728
-6155
1401
4235
6966
9169
5317
3584
721
-6595
-7773
-7952
-3754
-1184
1125
3003
3550
2605
2039
-905
-2939
2557
1432
1093
421
-3832
-4497
-6483
-10207
-8632
-4582
-188
3439
4287
4878
3099
-38
-2216
-4662
-5271
-4783
-5161
-6045
-6284
-6693
-2993
-1882
6739
19140
16243
21157
14196
5612
6428
-5319
-3951
2719
-5764
-1948
-2712
-8847
-2466
-8713
-9410
-327
4135
6257
9212
6907
3039
1544
-5920
-8613
-8541
-4312
-849
934
3220
4151
3076
1699
-322
-3898
969
2778
1045
1839
-2068
-4109
-5131
-9457
-9949
-5049
-276
3692
5327
4988
3747
554
-2870
-4757
-5464
-4129
-3524
-4841
-5725
-5912
-4573
-1885
910
16051
18326
19217
19576
7326
7092
-934
-7625
1339
-2224
-4344
309
-7743
-3785
-5040
-11312
-4098
2088
5325
7683
8549
3770
2650
-2994
-8090
-8895
-6279
-1566
228
2837
3535
3494
1380
329
-4073
-2258
2416
1405
1891
-495
-3492
-4010
-6816
-9911
-7228
-1699
2357
4036
4746
2984
1521
-1454
-4665
-5161
-4233
-3197
-2807
-4064
-5578
-5419
-2693
-3039
7056
18518
16225
21960
12496
5525
5160
-7306
-3857
1711
-5313
245
-2455
-6762
-1520
-9751
-8915
-1288
3094
5279
8111
5696
2777
537
-6498
-8278
-8035
-3076
-360
1797
3375
3723
1807
301
-2607
-5035
819
1793
1874
1648
-1978
-3406
-4933
-8951
-9010
-4261
1372
4283
5566
4770
2417
58
-3769
-5869
-5173
-3799
-2866
-2789
-4829
-5015
-3738
-2307
2128
16365
18139
20377
18560
6793
6634
-2654
-7209
1188
-2342
-3041
522
-7056
-3026
-6040
-11097
-4050
1835
5050
6937
7574
3017
1560
-4353
-8395
-8726
-5159
-775
631
3036
3033
2168
222
-1738
-5089
-1739
2441
1679
1864
-958
-3980
-5032
-7978
-9992
-5583
178
3613
5784
4829
2206
605
-3392
-5744
-5225
-3971
-2952
-1712
-4560
-5293
-4420
-3106
-742
8936
20042
18604
21942
12188
6090
3793
-7194
-3808
1721
-3654
667
-2420
-6575
-1903
-9657
-8005
-939
4214
6161
8361
5470
1716
-700
-7419
-8516
-7519
-2060
683
2785
3718
2705
684
-1045
-3941
-4454
640
1715
2753
1191
-2465
-3869
-6593
-9384
-8524
-3815
2456
5025
5055
4149
1156
-2174
-4923
-7083
-5660
-3291
-2626
-2063
-5018
-5067
-4312
-1845
1025
15330
19290
20280
19525
6643
6019
-1888
-7975
-161
-766
-2459
2634
-5503
-3095
-4260
-10342
-4364
1395
5227
6688
7963
2518
892
-4375
-8341
-8269
-4923
128
1351
3775
3242
1529
-581
-2692
-5489
-2097
1670
1836
2201
-754
-4281
-6603
-8701
-10112
-5777
20
3939
6325
5147
1838
-1034
-4575
-6909
-6170
-4459
-3072
-1250
-3870
-5295
-5133
-3739
-771
6601
20312
19635
22131
14390
5496
4125
-5986
-5751
1903
-1332
704
581
-5926
-1756
-7298
-8313
-1734
4065
6380
7996
5867
916
-876
-7039
-8208
-7168
-1739
1995
3678
4366
2631
587
-1873
-4344
-4902
-376
1524
2729
947
-1991
-4747
-7778
-9391
-8985
-3968
2148
5602
5872
4858
415
-2450
-5399
-7542
-5603
-4076
-2541
-1789
-4251
-4670
-4717
-2392
-137
13013
20862
19455
21155
9041
5347
226
-8589
-1796
2028
-2305
2889
-3205
-4183
-2208
-10143
-5964
613
4927
6246
7546
2190
253
-3188
-8198
-7165
-4437
1486
3513
4632
3413
1563
-840
-3296
-5429
-3285
1024
2282
1874
-1277
-4653
-7850
-8960
-10109
-6229
333
4698
6515
5565
1697
-1652
-4025
-7360
-6400
-4624
-2939
-1206
-3555
-5477
-5366
-3758
-1241
3633
19199
19830
21373
16217
4575
4505
-4201
-7757
2123
84
379
3241
-6137
-1579
-5849
-9198
-3018
2847
5486
6890
5522
-570
-1104
-6563
-7753
-6002
-812
3914
5448
5284
3072
255
-2568
-4594
-5435
-1982
1044
2635
558
-2111
-5878
-8055
-8855
-8682
-4233
2774
5769
5642
5179
-593
-2454
-5592
-8068
-5609
-3927
-2641
-1501
-4030
-5316
-5228
-3735
-520
11171
21611
20444
21590
10418
4726
609
-7976
-2888
2944
-338
3760
-1224
-4567
-2695
-9987
-7312
-941
4730
6108
7246
2391
-431
-2788
-7699
-6584
-3431
2703
5428
5971
4183
1696
-1164
-4070
-5744
-3856
-221
2198
1919
-662
-4096
-7437
-8745
-9026
-6208
-336
5466
6024
6107
2367
-2253
-3206
-6871
-6445
-4090
-2219
-1352
-1971
-4759
-5633
-5303
-2065
183
13107
21783
17999
19101
6857
2746
229
-8264
-2129
3541
-216
3838
-2509
-4843
-3016
-9390
-6011
-102
4550
5353
5691
340
-1542
-4073
-7108
-4807
-1605
4120
5767
5563
3165
228
-2986
-4743
-5417
-4065
109
1715
1039
-1047
-5583
-7518
-7494
-7245
-4135
1621
5266
6280
4992
-415
-1980
-3865
-6338
-5186
-3682
-1563
-1355
-2480
-5692
-5300
-5093
-1841
780
11471
22275
17743
18563
7422
1936
525
-8088
-4450
4248
657
3632
-304
-6158
-2102
-8810
-6894
-1155
4014
4730
5375
1225
-2114
-3324
-5870
-3613
-778
4609
5525
5898
2462
-461
-3620
-4698
-4825
-4429
91
1769
1775
-1060
-5926
-8147
-7412
-6485
-3687
1964
6474
7402
5412
950
-1970
-2959
-5531
-5525
-2980
-1416
-982
-1932
-5584
-6072
-4500
-2139
979
11614
21951
17820
18603
7704
1554
1091
-8733
-5219
4787
1009
3689
814
-6606
-1981
-8380
-7892
-2242
3079
3457
4509
1699
-2725
-2714
-4426
-3031
-143
4235
5349
5255
1607
-1098
-4396
-4237
-4701
-5006
-240
1377
949
-1558
-6460
-8047
-6647
-6245
-2985
1842
6763
7303
4507
1171
-1880
-2759
-5449
-5773
-3838
-2232
-1489
-2870
-5571
-5503
-4236
-993
1711
11165
21407
17615
18015
7696
1885
471
-8993
-5173
4319
1253
4170
311
-5833
-1965
-8230
-7845
-2840
2658
2829
4597
1283
-3343
-2170
-3593
-2558
474
3935
5492
5142
1322
-1500
-4215
-3742
-4672
-4644
-364
1348
665
-2264
-6992
-7494
-6162
-5389
-2774
1600
6885
6605
4396
1512
-566
-2263
-4876
-5582
-4559
-1827
-1446
-3048
-4293
-4943
-3637
-1544
2027
6382
19638
18691
16412
12195
1815
460
-6282
-7650
1749
4786
2266
4236
-3741
-3022
-5367
-9222
-5061
421
3348
3327
3373
-3333
-1647
-2069
-2973
-482
2962
5035
4940
2180
-2056
-2660
-3792
-4214
-4683
-1683
896
87
-2182
-5493
-7328
-6134
-4670
-3787
743
5334
6096
5197
2960
210
-1574
-3354
-6404
-5323
-2364
-1691
-1871
-2948
-5096
-3065
-1474
713
3933
11146
20871
15815
14825
6056
-489
-1291
-6938
-4113
6796
3880
4210
2521
-6514
-3673
-8327
-9223
-4134
2611
2422
4414
831
-3207
-275
-2608
-1492
1170
4118
5074
3677
-807
-2354
-4026
-3991
-4286
-3690
-668
-254
-1914
-4254
-7036
-7580
-5057
-4622
-852
3809
5991
5483
4882
879
-1433
-2020
-6817
-5605
-3466
-2664
-821
-1996
-3797
-3046
-1970
-1391
2771
4644
16224
18596
14381
11811
714
99
-2917
-5326
1936
7705
5035
6460
-3882
-6695
-5356
-10387
-7739
-2557
3484
3746
3998
-2485
-1906
-345
-1898
-1018
2717
5804
4959
2941
-2372
-3243
-3676
-4882
-4401
-3069
-1001
-967
-3131
-5864
-7449
-6059
-4728
-2074
1525
4469
6680
6189
3045
13
-1765
-4308
-5440
-3992
-2152
-160
-574
-1636
-2938
-1850
-2368
-215
2258
8496
17865
14779
13847
5354
1641
1054
-3358
-1787
7390
8298
5800
99
-6652
-4606
-10347
-10568
-6914
1703
2419
3228
1110
-3339
-233
-2092
-1654
1455
4378
5253
5610
-1373
-3572
-3374
-5704
-4689
-4681
-2355
-972
-1771
-4535
-7817
-7770
-6020
-3686
110
3241
6589
6874
3800
890
-1881
-2868
-4270
-3471
-501
684
1335
164
-1614
-2740
-3635
-4111
-531
946
6260
14689
12692
13888
5894
3790
2354
-1050
1779
7557
7862
4833
236
-5817
-5623
-10777
-10353
-7080
498
2696
1959
41
-1491
-984
-2424
-420
1523
5246
6384
4272
-188
-2208
-4827
-5826
-5378
-4553
-2438
-461
-1008
-4819
-7358
-7999
-7099
-3408
-511
3085
6987
6048
3704
204
-2215
-2666
-2203
-802
1482
3661
2800
1535
-1624
-4594
-5628
-5454
-3303
-1267
1728
9355
13565
13142
8384
6088
4603
3149
2583
3753
6962
6084
2231
-3564
-5136
-8255
-8618
-7398
-3760
93
1459
407
-1181
-743
-2569
-348
259
1993
3947
3561
932
-1062
-3270
-4262
-3262
-3305
-2278
-1375
-1484
-3162
-6372
-8729
-6372
-3680
-1974
314
2605
3022
2888
387
-1071
568
667
2628
3696
4173
3937
1467
-2175
-5084
-6686
-6429
-3757
-2803
2939
9282
13287
11861
7388
6419
4071
3156
1454
3926
6647
7705
2769
-680
-3657
-6327
-5921
-7515
-3842
-455
1288
-87
-988
-2856
-3095
-2690
-3215
-1524
363
1041
482
-985
-2489
-1251
-1359
-1458
-1487
-697
-375
-2060
-4699
-6345
-4916
-4029
-3172
-2318
-1046
562
1006
944
1037
1794
3828
4836
4625
4086
3316
1650
-488
-3951
-4471
-3949
-3497
-433
284
4467
7279
7246
5794
3747
1019
362
138
715
4532
5824
5973
3585
1883
-585
-2387
-2722
-2159
97
1966
891
-232
-756
-2537
-4557
-5218
-5178
-4319
-2316
-3489
-2065
-804
-717
-824
-2148
-1917
-1460
-1576
-1799
-1596
-1065
-133
-657
-1878
-1638
-1174
-313
2041
2282
3816
5931
5332
4404
2388
289
-553
-1121
-2812
-2642
-2012
-1462
-512
-844
-700
-149
-718
120
532
-684
83
-891
-1175
373
1251
2471
4196
5344
5679
5228
3736
2255
2952
3357
2306
2903
2725
2204
1396
77
-1375
-1565
-2520
-4085
-1900
-1637
-1005
-847
-1957
-2614
-4032
-5903
-6564
-5345
-4970
-2158
-2036
-2136
-809
-2520
-2657
-982
-928
1428
4917
4430
5563
3216
137
-1551
-3771
-3916
-3489
-1698
-334
1018
515
-305
-1893
-3034
-2676
-3099
-1902
350
1865
2454
2032
1855
3504
4304
5223
6742
7723
8291
7194
5003
3826
2772
1771
1571
446
462
1015
1064
208
-1265
-2957
-2646
-1722
-2877
-2823
-2738
-2605
-3042
-5543
-6919
-6722
-5730
-4277
-3948
-2535
-709
-1137
-1102
-1626
-1485
1193
2799
2979
4427
3153
1677
585
-2579
-1881
-2160
-390
1399
1320
1574
1
-1788
-3286
-4397
-5268
-3884
-1957
1298
3272
3582
3268
2710
3440
3970
4616
6528
8146
8566
7279
5272
3114
1551
1060
-251
882
2014
3178
2830
1263
-315
-2031
-2444
-4406
-4699
-4967
-4628
-3542
-5005
-5936
-6826
-6473
-5359
-4868
-2990
-1151
502
960
-240
-416
995
1242
2401
2175
1638
1770
511
-201
-454
-455
750
1756
1067
999
-772
-1989
-2457
-4679
-5218
-4131
-3251
-1247
393
1667
4200
5124
4114
2840
2450
3344
4176
4048
4202
4882
4979
3432
1400
-391
696
2799
3479
3885
3591
3633
2704
89
-2856
-4770
-5382
-5724
-5618
-5000
-5094
-4439
-4727
-5058
-5251
-4997
-2680
-578
485
590
1454
1674
1956
1590
340
477
335
-29
426
506
1307
1992
1084
-565
-1661
-3567
-3766
-3482
-4743
-2622
-1700
-963
280
-242
-93
1004
1849
2532
4878
5425
4999
3350
122
-374
-212
138
2157
4027
5041
5852
5343
3609
4008
3468
3209
3206
1576
1019
89
-824
-4136
-5075
-5295
-5479
-3959
-4387
-3403
-2206
-2324
-2523
-1748
-2371
-1366
-705
298
1989
1850
1655
814
262
-79
174
523
1875
2147
1071
-374
-2506
-4890
-5955
-6596
-5777
-2791
-1092
1068
2512
2225
1713
1069
-30
-262
711
1266
3064
3732
2506
1212
-1088
-3228
-2271
256
2557
5996
7890
8393
8117
4885
1401
249
-102
-412
-69
409
32
790
-1060
-3220
-3918
-4549
-4062
-3451
-2717
-1715
-243
-642
-1212
-2168
-2013
-981
-166
655
1047
1694
1833
1293
691
685
-583
-1111
-2219
-3717
-3382
-4179
-5030
-3907
-3525
-1736
127
953
2647
3027
3303
1918
350
-1212
-2276
-2408
-3168
-2321
-1527
30
1174
1244
1423
1437
1618
2389
3895
4907
6342
6203
4281
2363
-719
-2295
-1418
-207
1549
3188
3117
2781
2183
86
-2718
-3691
-3535
-2244
-81
-519
242
1023
281
-628
-2007
-1608
-50
2106
3064
3529
2967
394
-1976
-4557
-6124
-5425
-4650
-2910
-344
450
1555
1446
-265
-71
-154
900
2631
2178
1451
252
-2313
-4768
-5449
-5546
-4246
-2215
-865
977
3218
3505
2691
1702
-299
-1352
-507
326
930
2469
2681
2276
2410
772
892
3378
3794
5091
5427
3133
2756
1433
-554
-1147
-1679
-1022
496
1499
662
709
954
-621
-234
-382
114
291
-852
-1953
-3830
-4527
-5903
-5868
-3823
-2324
-667
1675
1601
1259
1695
-111
-1285
-728
-1315
-1073
-744
-2338
-2581
-2367
-3119
-2955
-1951
-1181
-95
638
77
-561
-353
-389
40
-275
-1353
-2493
-2470
-1591
218
2511
4451
6179
6440
6105
4592
3814
3391
3628
3580
3232
2968
2536
2717
1450
833
-303
188
1221
923
625
1162
1031
-1309
-3039
-6104
-6576
-5308
-5828
-4879
-2256
-675
704
1570
-697
-559
16
-868
-562
-466
6
148
-1246
-3341
-4030
-2941
-1992
-245
1377
2824
3285
1705
24
-2186
-3346
-4640
-4681
-4182
-3738
-1898
-587
308
895
133
-472
1667
2509
4966
7317
7125
7421
6059
4048
1799
1007
1959
3497
4499
4515
4215
4702
4198
2338
676
-102
-505
-1275
-2451
-4731
-4895
-5074
-5921
-5644
-4577
-2148
666
2045
1047
1040
73
-1432
-2348
-3259
-2096
-881
-1318
-1266
-1693
-1187
-656
-722
804
1917
2828
2033
1473
99
-1622
-3591
-5470
-6081
-6406
-5491
-4918
-3457
-2472
-796
1393
2426
2728
2931
2028
725
2497
3061
4553
6310
5667
6151
5625
3312
1629
2706
4171
5543
6868
5869
4574
3038
-102
-3085
-5591
-6143
-4713
-2920
-2204
-1477
180
1077
0
-1797
-2595
-2237
-937
-1613
-1715
-1885
-2328
-3483
-4465
-4271
-3143
62
1428
3309
4039
2721
853
-1609
-3056
-4514
-4101
-3514
-3182
-2024
-2976
-3651
-3056
-3447
-2891
-1440
-1843
-224
1247
709
1829
2218
2937
3190
1651
522
1709
3848
4953
5735
6342
7062
6468
4930
3232
2802
3146
2767
2110
-2
-1036
-1301
-1267
-1367
-1592
-377
1608
2357
1037
-263
-1127
-2012
-3322
-4270
-4488
-3102
-1929
-1919
-1300
-1642
-421
716
936
1456
798
887
293
-1386
-2467
-3674
-4101
-4690
-4621
-3764
-2341
24
502
1319
1135
-583
-1173
-1442
-2428
-1489
-1294
-363
1256
315
604
780
2763
3154
2109
1211
1291
3248
4012
4419
4575
4379
2809
1333
-1315
-2434
-434
1192
3447
4598
4195
4485
4017
2161
198
-1548
-2148
-1000
-1421
-2183
-2260
-3249
-2811
-3114
-3643
-1176
1553
2758
3142
1159
-344
-1206
-3794
-4846
-5187
-4210
-2839
-2539
-1655
-973
-238
-468
-591
-741
-785
-55
-3
-200
-333
-703
-1062
-684
-1430
-818
-593
-187
436
261
830
246
2454
3449
2796
1167
-1509
-2204
-1016
-356
81
2130
2408
3601
3910
1771
1699
3019
3753
4866
3668
2127
2833
2054
716
-1024
-2433
-1678
-183
-116
413
1851
1707
1113
-1003
-2903
-3680
-3974
-4058
-3917
-2912
-2993
-2798
-2121
-1801
-635
757
879
1079
842
-297
-1487
-2725
-3673
-3152
-1839
-904
548
1061
972
-90
-816
-946
-358
42
165
707
-333
-630
-2139
-2515
-810
-188
896
669
-805
152
1967
2219
3340
4037
4765
5501
3397
1109
785
2794
4040
4637
4654
3846
4616
4127
2448
1816
1091
48
-382
-1895
-3649
-3945
-4962
-5724
-5153
-5249
-4151
-1710
-560
1176
2152
678
308
-534
-1563
-1493
-1778
-1544
-154
664
133
137
-570
-630
-754
-897
-105
688
1193
333
-627
-2188
-2656
-3058
-3337
-2670
-1978
-1309
-1227
-1736
-1336
-280
1131
1801
1031
309
-855
-337
-91
573
2741
4330
5897
6250
4749
3965
4938
5345
6005
5422
3761
2781
1591
-268
-2794
-4392
-4983
-4396
-2825
-2254
-1889
-978
-940
-788
-1773
-2904
-2148
-1406
-186
171
331
477
394
180
-247
110
547
1376
1608
1073
229
-1360
-2974
-3864
-4265
-4159
-2520
-1889
-1480
-24
-817
-1212
-1265
-2026
-2360
-2447
-2941
-2499
-1598
-2273
-1880
-998
434
438
-65
-325
848
3895
5163
6063
7378
7579
5936
4162
712
-101
1344
1268
2110
3112
2299
2412
2396
24
577
277
-500
658
421
-581
-1155
-2238
-2674
-947
-642
25
1494
2490
2741
1862
713
-504
-260
-476
-1083
-1788
-1973
-2058
-2923
-3054
-3894
-3626
-2295
-2077
-1645
-787
-890
-1351
-2286
-4063
-3785
-3059
-3053
-2692
-2509
-2105
-2354
-2737
-2640
-1522
1392
3914
5259
5358
3463
383
-1099
-1244
-550
1760
3398
4491
5449
4504
2427
2005
2306
3658
5576
5160
4800
5128
4161
1993
-614
-2283
-948
1285
2162
2168
2135
1386
302
-923
-3130
-2645
-1242
-863
-830
-1635
-2858
-3189
-3260
-3872
-3314
-2763
-2212
-1423
-1699
-2938
-4004
-5290
-6011
-5345
-4715
-3491
-1811
-903
-875
-1098
-1756
-1666
-653
500
1120
1689
1986
542
-801
-2370
-2784
-807
907
1670
2562
2121
2068
2824
2794
3281
4588
5594
5574
5527
3856
2454
3063
3415
4120
5526
5771
6030
6179
4324
2359
751
-330
-185
790
38
-794
-1658
-3263
-4085
-4368
-4474
-2964
-750
-727
-421
-1684
-3672
-4969
-6015
-7039
-6606
-5505
-4673
-3167
-2546
-2338
-2701
-2770
-3191
-2636
-872
584
1901
2249
1238
-627
-2169
-3467
-3469
-2322
-1899
-784
574
1258
1537
1736
3015
4227
4312
3219
1725
1718
2963
3164
3682
4904
5583
6210
5620
4064
3922
4919
5124
5165
4917
4234
3935
3225
1670
146
-779
-1980
-1360
-760
-1233
-1055
-1981
-2509
-3168
-4911
-6564
-6690
-6453
-6219
-5710
-6170
-5074
-2823
-2313
-2227
-1854
-1733
-439
307
-434
-707
-199
-1169
-2091
-3028
-3591
-2529
-1858
-1543
-407
795
1472
1540
1036
1875
1636
1269
1076
264
1292
1223
748
2379
3957
4603
4355
1575
679
1882
2239
3074
4021
4924
5799
4914
2515
1339
2410
3631
4135
4456
4081
4315
4014
1892
187
-1656
-3590
-4938
-6001
-6948
-6931
-6169
-6467
-5627
-4484
-4196
-2510
-1559
-780
591
376
-378
-734
-1083
-1851
-2964
-3380
-3074
-2360
-2151
-2657
-2205
-1306
-442
-113
569
2173
2907
2804
2119
1400
1753
2052
1235
1301
1684
1776
1800
413
-385
-41
-38
780
1218
1626
1186
-434
-1112
-187
2050
3615
5185
5663
6052
5935
3264
1453
1141
1797
2598
1998
-20
-955
-1609
-3139
-4366
-4877
-3977
-1743
-158
-413
-114
-212
-690
-1182
-2872
-3700
-2873
-2712
-2208
-1761
-2924
-3726
-4329
-3967
-2540
-1176
-77
1110
1909
1365
727
-647
-715
-67
349
1177
2230
3184
3126
2643
928
-480
-900
-1096
-1496
-1529
-1124
-1355
-1362
-1571
-1876
-182
1736
3469
4242
4101
2674
1171
823
451
1134
2385
2743
2513
1958
16
-1250
-553
617
2089
3860
3979
4708
4932
3540
2045
-168
-1704
-2097
-2188
-2934
-3625
-4332
-4809
-5123
-6054
-6038
-4333
-2103
-299
212
17
-290
-320
-550
-331
12
646
1639
1972
2017
1057
348
-322
-1054
-1082
-608
-249
278
146
-945
-1344
-1790
-1541
-350
463
1392
2092
1970
1442
18
-1910
-2509
-2274
-947
415
358
117
-1066
-2198
-1623
-621
1469
4433
5982
7422
6832
4971
3660
3400
3245
3439
3478
2513
2080
504
-1419
-3570
-5014
-5648
-4956
-3183
-1719
-958
-1363
-1376
-1867
-2505
-2570
-2265
-636
1087
1787
1706
864
549
50
-740
-1131
-1149
-711
-620
-1231
-2367
-2706
-2497
-2013
-1050
31
1528
3029
2805
2144
981
-1115
-2379
-3428
-3832
-3550
-2650
-2379
-2164
-1752
-1887
-1781
-170
1756
3457
4695
3757
3421
3621
3776
3827
4070
4918
5087
4510
2415
-241
-914
-249
245
1314
1720
2336
2684
1641
78
-1564
-2105
-2388
-2249
-1505
-918
-536
-418
-800
-1393
-1970
-1757
-1319
-792
188
-274
-996
-2154
-2607
-2281
-2017
-1349
-480
1042
1894
1458
310
-633
-1999
-3228
-3873
-4075
-2972
-1774
-1696
-1803
-2014
-2060
-1567
-1488
-1352
114
1339
2012
2107
1218
945
830
836
2465
3322
3283
2365
-15
-971
-1089
-595
860
3387
5082
5519
4722
2272
1519
2004
2099
2577
3253
3163
3745
3317
1191
-384
-1999
-2684
-2567
-2079
-1529
-757
-920
-1896
-2467
-2906
-2338
-1850
-540
1355
1969
2069
788
-503
-1518
-3151
-4125
-4623
-3723
-2689
-1911
-2020
-2168
-2008
-2118
-1988
-1597
-450
345
1384
1059
411
160
-134
-449
-413
-335
-246
-222
-1016
-970
-1391
-822
341
1756
3009
2967
2151
942
993
1410
2194
4027
5332
5512
5310
3795
2085
2215
2145
2183
2772
2237
1879
1996
415
-1199
-2214
-3407
-2597
-1919
-1467
-381
78
-77
-1599
-2800
-4087
-3975
-3539
-3442
-2531
-2458
-2178
-2208
-2380
-1983
-1250
-666
-136
345
69
17
-388
-1152
-1390
-1115
-634
-257
-281
-496
-799
-1257
-1176
-1258
-864
-208
362
1186
1477
1113
666
456
-141
75
1527
3276
4004
3870
2375
1300
1374
1054
1368
2944
4230
4344
3977
2364
1293
1892
1930
2488
3377
2877
2807
2303
668
-1320
-3089
-4431
-4820
-4268
-4854
-4423
-3983
-3649
-3038
-2920
-2382
-1206
196
903
1270
795
502
396
-97
-300
-538
-329
-619
-1038
-1544
-2365
-2509
-2486
-2232
-1325
-620
612
1252
1285
1426
676
292
-503
-964
-542
360
1550
1902
1364
425
-389
-1389
-1688
-521
1335
2446
2454
1625
941
1391
1737
2100
3902
4916
4770
4590
2698
1006
455
170
125
472
-458
-812
-647
-1994
-2702
-3257
-2701
-1520
-368
112
146
336
-76
-276
-951
-1257
-1092
-393
-68
-337
-1039
-1986
-2325
-2655
-2085
-1250
-218
530
436
144
-562
-1071
-1833
-2138
-1676
-1012
112
771
935
770
164
-862
-1876
-2718
-2387
-1266
-458
-235
-110
-3
-10
43
426
2013
3399
3344
2440
740
-100
91
73
1039
2200
2696
2686
1815
246
-247
504
1473
2678
3914
4024
4025
3545
1568
236
-712
-1424
-1107
-446
-1087
-1748
-2384
-3246
-2795
-2872
-2502
-1218
122
938
735
210
-858
-1088
-1565
-1803
-1093
-615
201
654
41
-856
-1732
-3090
-3292
-3153
-2255
-804
-33
414
606
153
-212
-295
-413
501
972
1105
708
33
-716
-1327
-1838
-1902
-365
692
1149
755
-139
-211
745
1460
2256
4273
5006
5438
5201
3363
2722
3469
3431
3735
3765
2532
1817
747
-1227
-1983
-1612
-1416
-280
172
-405
-417
-710
-1294
-1821
-2050
-2023
-875
88
301
581
-342
-1456
-1880
-2766
-3096
-2888
-2678
-2057
-1941
-2563
-2779
-2943
-2966
-2312
-1863
-1147
-152
144
-562
-1467
-2393
-2457
-2143
-2250
-2110
-1214
-677
-685
-1219
-1700
-868
-52
1757
3377
3778
3631
2736
2045
2530
3240
3649
4971
5106
4565
3624
1502
382
1276
2658
3888
5151
4557
4201
3396
778
-1183
-2604
-2572
-1683
-1055
-1139
-575
-578
-1362
-2076
-3168
-3207
-2244
-1259
-964
-634
-873
-1185
-1507
-2257
-2500
-1902
-1460
-1472
-1577
-2199
-2931
-3858
-4428
-4341
-3437
-2817
-1992
-1187
-995
-1157
-1693
-1832
-1459
-723
-22
621
1508
1979
1642
1168
1149
1615
2706
3741
3679
3086
2115
1098
1449
2470
3936
6057
7489
7685
7124
5035
2375
1782
1983
2942
3901
3615
3372
3358
1940
-334
-2200
-3429
-2977
-2115
-1839
-1651
-1312
-1390
-1896
-2780
-3506
-2962
-1627
-1234
-1188
-1734
-2385
-2515
-3368
-4032
-4038
-3472
-3218
-3020
-3035
-3251
-3416
-4219
-4193
-3643
-2335
-1218
-768
-168
-257
-529
-984
-1036
-806
-390
-219
-112
553
551
9
-162
643
2716
5165
5789
5751
4871
3889
3278
2433
2776
4276
5559
6083
5763
4361
3241
2663
2371
2651
3202
3001
2938
2965
2067
493
-1376
-2790
-3224
-2621
-2950
-3026
-2854
-3463
-3507
-4551
-5773
-5207
-4116
-3208
-2371
-2261
-1865
-1454
-2045
-3047
-3397
-3137
-2602
-2217
-2629
-2546
-2444
-3009
-3405
-3729
-3506
-2312
-1707
-1229
-282
-409
-364
-323
-338
793
1904
2510
3582
4186
3614
2805
1603
1895
3442
4306
4442
3988
3817
4090
3998
3555
4176
5412
6481
6322
5286
4250
3893
3726
3078
3136
2964
2510
2224
926
-801
-2431
-4216
-5421
-5213
-5001
-4691
-3863
-3550
-2991
-3042
-3674
-3857
-3245
-2544
-1878
-1772
-1815
-1471
-1751
-2310
-2867
-3283
-3604
-3532
-4075
-4147
-3723
-3416
-2839
-2411
-1754
-616
681
1419
2358
2541
2168
1638
822
530
598
1255
1817
2198
2820
2816
2621
3230
3638
4395
4790
3699
3329
3862
4100
4563
4902
5154
5051
4643
3122
1261
1281
1044
1134
1401
637
556
487
-537
-1536
-2331
-3474
-3941
-4075
-4557
-4402
-3722
-3516
-2939
-2855
-3814
-4164
-3851
-3570
-3492
-3437
-3689
-3287
-2754
-2904
-3048
-2748
-2176
-1616
-1224
-1141
-871
-920
-1188
-1563
-1234
-798
-269
600
932
967
969
980
1104
1584
1839
2467
3384
3722
3789
3544
3061
3030
3774
4006
3336
2836
1938
1778
2327
1900
2212
3240
3618
3945
3173
1739
1703
2097
2260
2212
1631
1359
1499
1044
-251
-1310
-2346
-3295
-3778
-4468
-5053
-4724
-4313
-4183
-3992
-4183
-4218
-3427
-2664
-1968
-1211
-770
-93
131
-232
-860
-1353
-1543
-2088
-2502
-2675
-2709
-2148
-2133
-2212
-1382
-458
575
1608
1965
2377
2586
2159
1626
1239
1214
1517
1658
1747
1831
1636
1331
1206
1652
1984
1920
1650
1454
2179
3103
3220
3805
4268
4398
4455
3227
2226
2601
3156
3197
2738
1535
878
327
-987
-2070
-2872
-3499
-3836
-3819
-4347
-4095
-3643
-3507
-2576
-1873
-1792
-1644
-1629
-1937
-1886
-2308
-2646
-2457
-2277
-1741
-1946
-2442
-2175
-1867
-1303
-1244
-1272
-690
-508
-773
-1140
-1005
-113
495
471
131
97
231
189
-121
-665
-577
174
859
1587
1872
2167
2887
3351
3121
2612
2121
1708
2769
4042
4735
5490
5471
5192
4557
2824
891
347
942
1908
2661
2457
2074
1315
38
-1353
-2412
-2943
-2840
-2324
-2118
-2735
-3084
-3632
-4141
-4390
-5150
-4902
-3552
-2600
-1946
-1642
-1636
-1198
-1141
-1388
-1645
-1670
-1426
-1177
-1227
-1673
-1899
-1958
-2041
-2181
-1982
-1341
-409
203
276
174
126
251
570
763
949
1000
1245
1884
2342
2929
3253
3837
4674
4885
4096
2775
1514
1185
2062
2539
3597
4670
5062
5459
4340
2487
1986
1980
2275
3087
2970
2740
2511
961
-932
-2570
-3983
-4652
-4542
-4189
-3977
-3746
-3632
-3517
-2890
-2651
-2777
-2598
-2525
-2403
-2258
-2596
-2921
-2725
-2600
-2551
-2072
-1985
-1906
-1331
-1615
-2024
-1949
-1875
-1472
-596
-87
458
913
649
241
184
1010
1573
2279
2483
2388
2325
1806
1532
1517
1705
1899
2812
3473
3551
3388
2248
1460
1807
1731
2280
3571
4701
5354
4971
3061
1319
832
412
517
605
386
339
515
-279
-1764
-2552
-3325
-3693
-3776
-4229
-4165
-3658
-3895
-4079
-4013
-4423
-4285
-3701
-3435
-2872
-2206
-2197
-2135
-1970
-2244
-1811
-1004
-908
-598
-621
-1113
-1155
-751
-546
101
834
1190
1771
1506
807
503
683
934
1642
2109
2317
2687
2494
2385
2381
2371
2738
3048
3461
3804
3487
2649
1908
1590
1453
1907
2720
3654
4272
3983
3351
2536
2293
2381
2454
2301
1766
1196
455
-612
-2294
-3449
-4525
-5072
-4875
-5093
-4854
-4274
-3875
-3592
-3427
-3897
-3805
-3203
-2597
-2074
-1681
-1547
-1317
-1136
-1163
-1162
-983
-516
-470
-435
-709
-858
-788
-640
-458
-67
174
643
1042
761
834
798
635
953
1113
1256
1677
1787
1995
2224
1857
1531
1766
1656
1671
1564
1413
2282
2899
3541
4288
4547
4653
4873
3861
2936
2357
1729
1773
1281
544
-148
-620
-1274
-1968
-2564
-3630
-4009
-4413
-5093
-4933
-4327
-3941
-3186
-2855
-2851
-2381
-2446
-2808
-2733
-2526
-2086
-1496
-1319
-1406
-1352
-1140
-1175
-613
-199
-231
-130
-226
-112
-105
-371
-460
93
808
945
770
587
472
307
82
-116
96
878
1571
2207
2989
3636
3987
4059
3585
2768
2365
2299
2579
2773
2924
3416
3691
3814
3156
2390
2112
1991
2159
2062
1482
666
68
-671
-1616
-2196
-2527
-2953
-3100
-3392
-3981
-4068
-4070
-3956
-3726
-3518
-3291
-2959
-2621
-2203
-1571
-1234
-948
-633
-713
-741
-550
-353
-172
-57
111
78
-241
-701
-1319
-1413
-1638
-1382
-982
-431
187
577
1124
1342
1843
1858
1578
1517
1513
1724
2253
2374
2393
2651
2434
2206
1806
1281
1395
2169
2607
3239
3681
3440
3290
2924
1963
1448
1699
1609
2083
1940
765
-13
-1054
-2159
-2871
-3739
-4435
-4367
-4431
-4436
-4106
-3655
-3217
-2391
-2181
-2102
-1637
-1595
-1482
-1263
-1206
-1067
-902
-1088
-1052
-1712
-2153
-2078
-1992
-1735
-1710
-1392
-960
-444
-98
266
504
495
399
113
86
348
477
659
1006
1090
1012
1292
1631
2377
3204
3768
4230
4082
3504
3000
2697
2578
3063
3738
4170
4651
4335
3465
3064
2154
1626
1313
681
268
-367
-1191
-1988
-2357
-2652
-2680
-2645
-2681
-2739
-2953
-3291
-3568
-3386
-2955
-2399
-2034
-1839
-1813
-1886
-2250
-2495
-2497
-2441
-1876
-1325
-671
-215
-421
-487
-394
-592
-999
-1325
-1508
-1164
-707
-891
-990
-990
-954
-674
-621
-347
432
1165
1805
2068
2084
2267
2659
3154
3629
3795
4100
4533
4488
4179
3981
3496
3508
3575
3260
3034
2487
2109
1890
1785
1416
1221
1079
1026
673
-306
-1440
-2372
-2814
-3025
-3489
-3669
-3541
-3517
-3466
-3613
-3656
-3367
-3063
-2765
-2528
-2076
-1588
-1203
-1162
-1603
-1917
-2145
-2112
-2312
-2506
-2409
-2099
-1575
-1490
-1609
-1721
-1660
-1477
-1160
-885
-436
99
444
492
328
503
866
1546
2343
3008
3512
4111
4570
4505
4329
3776
3381
3416
3666
3759
4091
4472
4642
4688
4158
3655
3241
2761
2194
1573
820
144
-346
-1038
-1589
-2246
-2826
-3065
-3144
-3120
-3403
-3324
-3222
-3023
-2525
-2315
-2360
-2497
-2654
-2927
-3097
-3519
-3706
-3413
-2991
-2668
-2540
-2375
-2157
-1870
-1854
-1932
-1861
-1520
-646
-119
-215
-278
-290
-326
-70
-61
231
894
1297
1720
1861
1878
2171
2536
2664
2914
3455
4052
4618
5067
5305
5421
5369
5084
4708
4103
3539
2972
2469
2136
1859
1457
850
596
226
-472
-931
-1483
-1466
-1371
-1794
-1964
-2371
-2544
-2828
-3139
-3508
-3900
-3825
-3856
-3619
-3393
-3180
-2994
-3052
-3205
-3302
-3181
-2885
-2546
-2257
-1843
-1609
-1297
-1084
-1176
-1143
-1292
-1470
-1039
-657
-318
162
196
388
530
159
25
410
1271
2097
2587
2962
3600
4507
4769
4515
4250
4067
4218
4131
3982
4286
4549
4427
3889
2960
2334
2202
1924
1763
1985
1829
1491
803
-624
-1587
-2051
-2503
-2681
-2766
-3091
-3156
-3555
-4132
-4301
-4007
-3932
-3831
-3578
-3520
-3087
-2969
-3191
-2813
-2314
-2304
-2014
-2215
-2271
-1839
-1803
-1947
-1881
-1509
-1026
-436
-261
-157
128
302
429
765
999
1248
1728
2004
2438
2541
2376
2282
2288
2227
2222
2569
2995
3460
3545
3446
3338
3688
3766
3623
3891
3584
3727
3590
2752
2096
1633
1363
1066
580
-189
-600
-909
-1376
-1719
-1886
-1709
-1583
-1963
-2536
-3161
-3279
-3292
-3253
-3015
-2911
-2692
-2698
-3014
-3351
-3815
-3969
-3739
-3520
-3188
-2870
-2398
-1891
-1708
-1348
-1246
-1142
-715
-170
497
985
1397
1701
1784
1720
1439
1444
1525
1765
1929
2124
2378
2657
2943
2737
2859
2964
3403
4083
3833
3730
3578
3208
3166
2814
2444
2347
1859
1333
875
402
-44
-183
-362
-766
-1067
-1590
-2076
-2318
-2632
-2747
-2684
-2633
-2462
-2409
-2464
-2898
-3343
-3715
-3903
-3701
-3546
-3231
-2925
-2651
-2432
-2423
-2405
-2032
-1685
-1214
-822
-655
38
731
815
727
771
595
820
1129
1349
1523
1605
1816
1979
2206
2128
2002
2126
2462
2601
2588
2617
2596
2856
2632
2314
2062
1704
1547
1433
1142
1016
1073
1234
1359
1048
759
483
89
-458
-1060
-1235
-803
-377
-347
-512
-879
-1378
-1966
-2705
-3261
-3182
-2889
-2582
-2412
-2229
-2052
-1977
-1924
-1869
-1986
-1903
-1531
-1398
-885
-613
-806
-632
-635
-607
-307
-136
150
795
1461
1987
2133
2102
1745
1340
1196
1407
1836
2474
2817
3103
3086
2548
2013
1146
481
137
-76
228
631
736
854
650
-1
-406
-579
-573
-260
126
637
1096
1386
1441
1546
1511
1011
317
-348
-709
-949
-997
-1252
-1286
-1218
-1164
-1019
-1151
-1313
-1215
-1139
-1490
-1793
-1973
-1879
-1658
-1504
-1627
-1497
-1153
-1281
-1384
-1600
-1667
-1510
-1388
-1357
-1273
-1115
-753
-373
-20
363
527
567
411
392
570
823
965
818
755
755
685
846
924
1004
1091
910
634
605
792
887
1139
1497
1973
2298
2062
1797
1806
1635
1395
1049
647
628
842
818
636
369
96
13
-321
-662
-791
-1054
-1069
-1256
-1480
-1612
-1741
-1793
-1937
-1684
-1524
-1493
-1414
-1331
-1275
-1325
-1660
-2041
-1742
-1422
-995
-557
-538
-308
-58
-23
53
130
236
565
892
1031
857
823
1054
1167
1352
1478
1298
1001
724
611
834
1155
1501
1846
2056
2084
1932
1799
1560
1352
1172
1116
1230
1296
1406
1585
1700
1686
1501
1270
1203
1050
911
579
60
-317
-576
-952
-1303
-1274
-1225
-1389
-1603
-1997
-2221
-2303
-2486
-2849
-2748
-2560
-2447
-2227
-2012
-1803
-1847
-1991
-2085
-1921
-1789
-1552
-1465
-1370
-1120
-1042
-873
-674
-490
-332
-107
100
38
239
461
646
1069
1493
1830
2187
2109
1691
1416
1339
1386
1509
1561
1530
1608
1572
1403
1414
1414
1446
1694
1888
1741
1720
1777
1594
1395
964
664
642
605
402
139
-256
-707
-807
-1229
-1651
-1843
-1878
-1929
-2000
-2361
-2586
-2454
-2369
-2162
-2026
-2029
-1862
-1705
-1706
-1708
-1719
-1783
-1666
-1576
-1494
-1431
-1188
-1055
-906
-676
-362
-82
317
644
961
1447
1668
1918
1816
1734
1735
1889
2048
2192
2470
2553
2519
2098
1595
1535
1910
2019
2259
2243
2317
2458
2033
1688
1498
1353
1322
1237
1071
1285
1250
857
392
-103
-494
-585
-769
-1092
-1247
-1583
-1962
-2297
-2511
-2414
-2055
-1927
-2109
-2239
-2699
-2949
-2822
-2896
-2692
-2366
-2230
-1948
-1921
-2068
-1832
-1674
-1579
-1073
-611
-308
194
378
411
366
298
389
559
891
1174
1356
1519
1320
1225
1450
1826
2373
2625
2564
2398
2277
1999
1797
1746
1670
1761
1883
1871
1924
1861
1406
962
451
181
97
223
432
572
738
483
42
-281
-459
-453
-647
-958
-1072
-1132
-1363
-1560
-1698
-1949
-2093
-2214
-2471
-2713
-2801
-2848
-2796
-2474
-2067
-1667
-1314
-1301
-1194
-1017
-1167
-999
-826
-862
-730
-404
-614
-632
-459
-371
-117
31
476
857
1207
1282
1471
1660
1799
2166
2422
2624
2770
2454
1876
1652
1490
1413
1460
1387
1397
1553
1388
1065
755
580
600
654
778
914
1192
1193
950
750
492
285
136
-148
-376
-443
-520
-1001
-1604
-2097
-2327
-2254
-2242
-2039
-1963
-1734
-1584
-1805
-1923
-1663
-1382
-1147
-1004
-1043
-1123
-1262
-1458
-1525
-1658
-1621
-1565
-1283
-770
-308
54
316
348
484
646
756
1103
1502
1615
1844
1916
1993
2235
1952
2005
1996
1737
1398
1142
1156
1417
1500
1541
1606
1598
1641
1417
1136
1134
1257
1353
1321
910
703
590
339
-76
-528
-686
-597
-731
-972
-1136
-1197
-966
-963
-1135
-1147
-981
-1034
-1084
-1185
-1167
-1166
-1233
-1427
-1700
-1620
-1612
-1343
-1326
-1373
-1293
-1259
-1235
-1367
-1205
-1099
-908
-663
-507
-558
-342
-135
-82
62
192
454
599
702
591
459
414
311
455
725
905
1008
1119
1177
1218
1369
1380
1424
1515
1416
1383
1358
1285
948
566
276
22
-124
-156
168
285
512
605
384
168
-161
-513
-599
-511
-507
-188
-102
-366
-612
-802
-944
-1049
-1018
-927
-951
-767
-890
-974
-1031
-1058
-960
-828
-726
-759
-778
-994
-1195
-1285
-1180
-812
-556
-330
-197
-214
-133
-210
-272
-9
380
849
1094
1170
1090
1205
1279
1138
1148
1125
1146
1308
1391
1296
1358
1281
968
829
687
736
834
926
1009
913
977
665
485
599
701
549
368
340
282
233
138
120
32
5
14
-22
-289
-304
-243
-394
-404
-377
-477
-314
-527
-738
-683
-1029
-1159
-1180
-1279
-1217
-1283
-1585
-1705
-1599
-1647
-1545
-1288
-1165
-928
-706
-576
-478
-237
-91
29
163
190
231
281
258
220
258
168
289
379
428
656
827
879
1110
1121
1080
949
676
500
511
531
518
506
424
422
473
604
755
817
755
760
447
247
337
468
503
475
319
354
250
109
24
-233
-277
-475
-670
-758
-960
-1278
-1440
-1626
-1571
-1407
-1466
-1452
-1372
-1281
-1250
-1218
-954
-735
-590
-484
-497
-592
-597
-747
-692
-694
-660
-402
-255
83
375
631
948
1019
951
819
788
767
715
856
1054
1226
1422
1373
1308
1123
991
1127
1073
1156
1153
906
747
888
1108
1331
1320
1310
1136
891
759
518
422
399
360
189
-23
-510
-876
-1072
-1326
-1400
-1381
-1208
-1033
-1016
-885
-915
-920
-884
-912
-710
-589
-828
-1025
-1240
-1464
-1609
-1630
-1493
-1082
-887
-648
-442
-321
-100
-122
1
-13
-147
-45
68
172
389
368
473
757
788
957
847
829
890
1034
949
854
772
909
1114
1123
1187
1084
962
886
759
717
924
909
827
577
115
-288
-630
-757
-880
-795
-686
-495
-243
-237
-252
-279
-131
-57
53
26
-99
-218
-509
-909
-1248
-1466
-1459
-1378
-1354
-1210
-1148
-1096
-961
-799
-706
-531
-435
-338
-189
-184
-248
-266
-273
-98
212
407
583
821
971
870
801
586
494
669
953
1285
1633
1890
1925
1647
1437
1301
1204
1198
1092
969
842
469
139
23
39
184
291
247
215
285
286
249
220
272
284
222
139
74
-168
-552
-916
-1200
-1368
-1453
-1320
-1160
-1165
-1121
-1278
-1259
-1267
-1398
-1481
-1675
-1758
-1882
-2000
-1690
-1377
-1102
-870
-647
-480
-402
-353
-503
-445
-491
-497
-479
-263
135
373
634
771
909
1062
1143
1054
1022
1106
1089
1115
1157
1076
1118
1202
1098
956
917
992
1174
1572
1793
1778
1951
1997
1835
1768
1546
1229
864
350
51
-170
-352
-496
-344
-103
-43
-119
-437
-669
-862
-866
-1025
-1155
-1227
-1396
-1565
-1704
-1855
-1825
-1888
-1763
-1627
-1623
-1600
-1517
-1464
-1478
-1352
-1318
-1233
-1067
-637
-408
-286
-63
201
307
426
312
197
287
336
372
379
337
482
794
1004
1429
1714
1959
2079
2162
2299
2442
2499
2349
2318
2182
1875
1613
1446
1221
1016
741
501
552
492
278
185
146
1
-76
-375
-800
-1038
-1123
-1146
-1298
-1455
-1458
-1343
-1272
-1234
-1353
-1479
-1566
-1741
-1843
-1980
-2026
-2166
-2379
-2266
-2232
-1935
-1568
-1188
-941
-817
-674
-676
-696
-651
-721
-715
-547
-383
-93
106
227
459
917
1180
1389
1592
1919
2350
2573
2697
2642
2495
2391
2265
2075
1893
1691
1544
1485
1400
1369
1419
1390
1348
1157
880
563
222
93
-60
-128
-158
-233
-342
-332
-324
-286
-265
-383
-596
-862
-981
-928
-948
-996
-1183
-1332
-1284
-1436
-1404
-1380
-1458
-1490
-1545
-1811
-1855
-1842
-2078
-2196
-2334
-2142
-1954
-1671
-1300
-1101
-854
-525
-373
-127
258
586
838
998
1110
1112
882
741
742
831
1115
1363
1515
1706
1766
1782
1858
1741
1617
1538
1341
1338
1092
910
1044
1008
943
886
699
656
647
536
523
393
391
561
761
763
573
397
219
53
-139
-290
-394
-373
-361
-544
-790
-1168
-1685
-2244
-2499
-2469
-2440
-2273
-2288
-2278
-2091
-1718
-1523
-1336
-1001
-718
-486
-313
-312
-435
-400
-361
-355
-192
122
326
423
488
520
686
830
963
1224
1150
1202
1280
1251
1094
1003
1046
1145
1308
1388
1425
1384
1468
1300
1127
1107
1113
1251
1235
1020
784
801
830
867
812
849
911
955
745
380
-15
-384
-799
-1256
-1522
-1600
-1476
-1509
-1689
-1980
-2237
-2390
-2397
-2449
-2275
-1935
-1883
-1824
-1753
-1769
-1794
-1583
-1364
-1259
-1066
-969
-823
-540
-361
-197
249
487
597
650
518
422
537
638
598
878
1175
1397
1534
1699
1714
1709
1664
1507
1413
1423
1598
1637
1622
1611
1486
1341
1313
1346
1260
1106
1023
823
692
558
374
182
36
-210
-352
-277
-344
-451
-646
-836
-976
-1179
-1408
-1415
-1367
-1480
-1567
-1731
-1966
-2127
-2083
-2049
-1903
-1741
-1790
-1599
-1282
-1068
-851
-764
-708
-673
-588
-499
-385
-97
193
418
465
392
511
905
1236
1314
1442
1506
1561
1692
1777
1832
1961
2024
1878
1851
1775
1664
1529
1449
1430
1451
1417
1235
1012
760
510
531
351
221
131
65
207
285
288
119
-224
-462
-746
-874
-893
-1014
-1149
-1300
-1490
-1568
-1632
-1650
-1722
-1758
-1739
-1874
-1769
-1631
-1473
-1461
-1481
-1496
-1385
-1276
-1096
-933
-855
-724
-610
-398
-152
231
547
830
997
1201
1324
1361
1274
1323
1363
1373
1465
1435
1501
1285
1087
964
803
748
648
502
492
436
323
300
328
165
93
1
-124
-158
-192
-106
-105
-186
-172
-130
-354
-585
-745
-762
-740
-651
-509
-408
-340
-490
-870
-955
-1061
-1262
-1207
-1323
-1426
-1392
-1414
-1497
-1563
-1499
-1361
-1121
-1093
-986
-665
-429
-139
140
426
773
1149
1243
1155
1182
1278
1456
1566
1501
1429
1454
1484
1491
1388
1231
1136
952
930
875
862
955
962
882
906
856
717
516
298
232
194
177
130
162
86
-8
-195
-255
-119
-53
15
172
203
265
266
79
-126
-438
-523
-664
-935
-1064
-1277
-1367
-1457
-1556
-1498
-1522
-1467
-1334
-1158
-914
-693
-467
-209
-39
-56
-45
43
181
255
262
200
198
262
263
186
264
416
415
381
421
508
671
836
845
927
792
607
431
331
302
342
513
561
438
276
18
-95
-17
-86
-28
164
312
530
572
507
358
248
34
-73
-202
-219
-212
-323
-479
-746
-1086
-1330
-1369
-1323
-1144
-1108
-1172
-1074
-914
-748
-633
-479
-511
-567
-624
-773
-675
-694
-629
-401
-386
-482
-517
-569
-553
-447
-275
91
378
660
810
797
792
838
778
886
986
883
932
941
853
646
406
376
525
570
709
767
890
897
917
1015
911
966
1008
834
631
534
417
218
4
-303
-482
-718
-778
-595
-402
-174
-46
-37
-130
-241
-360
-518
-553
-486
-388
-330
-316
-287
-505
-670
-726
-756
-767
-739
-689
-723
-588
-487
-433
-158
79
256
352
235
169
170
206
313
432
615
823
900
743
609
442
295
280
364
525
723
789
788
717
595
608
494
365
378
380
394
373
183
-49
-295
-499
-541
-535
-384
-231
6
-19
-83
-204
-398
-455
-434
-416
-387
-196
-77
-29
-179
-427
-661
-806
-828
-854
-892
-865
-850
-801
-821
-835
-945
-818
-624
-485
-379
-423
-235
-157
-228
-231
-216
-256
-221
-208
-129
-89
63
202
381
640
893
910
829
700
510
279
188
230
367
510
576
390
202
37
-92
-94
-78
54
326
550
537
528
519
363
324
221
144
91
146
193
176
283
302
177
66
47
-53
-91
-261
-433
-349
-365
-481
-497
-567
-558
-415
-407
-351
-401
-400
-541
-623
-631
-594
-311
-178
-43
86
159
253
353
385
483
596
711
772
887
819
802
693
691
735
611
667
521
313
207
318
417
450
404
482
475
419
461
538
454
405
380
442
429
347
112
58
2
-105
-99
-256
-290
-395
-344
-420
-536
-581
-564
-495
-465
-426
-400
-355
-592
-736
-1033
-1349
-1393
-1480
-1423
-1331
-1186
-1109
-1101
-960
-737
-543
-354
-229
31
277
384
403
322
261
112
84
28
127
166
224
392
591
718
786
772
816
762
812
823
794
804
701
713
690
616
452
308
359
337
358
281
163
27
2
-26
-99
-86
-94
-122
-133
-5
46
99
13
-71
-202
-303
-347
-444
-470
-626
-701
-826
-905
-861
-786
-635
-576
-479
-461
-452
-436
-462
-431
-507
-480
-423
-324
-417
-491
-467
-483
-408
-359
-208
-96
158
451
465
431
444
573
634
714
744
803
933
851
763
642
483
394
450
440
366
283
100
4
-64
-99
73
271
422
436
417
397
408
296
114
123
54
115
-89
-264
-180
-23
-40
105
215
175
197
102
113
93
112
107
-54
-121
-138
-268
-430
-558
-693
-783
-948
-866
-738
-661
-565
-409
-163
-91
-11
38
70
129
188
120
123
171
146
158
213
372
507
506
498
436
360
192
42
-10
117
127
162
362
425
412
360
386
365
354
217
52
-58
-220
-296
-267
-127
-74
85
300
340
290
279
395
485
404
319
307
256
203
91
-107
-331
-502
-646
-609
-650
-613
-652
-558
-489
-643
-859
-875
-762
-715
-638
-570
-659
-693
-730
-766
-830
-792
-667
-589
-470
-455
-473
-488
-476
-544
-480
-462
-271
-63
136
320
424
410
426
517
556
509
415
321
274
284
413
501
714
852
840
885
877
879
980
1038
1072
948
906
782
738
728
473
380
339
278
300
321
265
229
125
169
-19
-168
-211
-190
-170
-198
-337
-509
-519
-560
-718
-868
-906
-871
-645
-694
-721
-821
-464
95
-41
-145
-672
-952
-540
-310
67
487
437
477
259
-33
171
224
-36
-96
110
374
222
357
672
591
623
838
956
817
717
626
582
565
572
537
357
245
312
349
248
235
125
-80
231
456
461
418
303
92
-58
-388
-401
-294
-490
-559
-650
-873
-1034
-1126
-1282
-1124
-1052
-1059
-1128
-1207
-1485
-1514
-1346
-1312
-1219
-977
-808
-708
-533
-322
-82
-6
-146
-232
-245
-216
-269
-162
1
239
626
875
1017
974
839
706
561
462
544
557
535
633
730
622
476
546
503
440
711
810
817
887
804
711
515
605
680
588
603
584
649
629
548
324
116
91
-46
-168
-227
-272
-368
-453
-458
-529
-643
-711
-772
-820
-793
-838
-905
-1018
-1032
-879
-934
-992
-984
-988
-780
-632
-510
-336
-105
-49
32
187
286
368
388
432
410
472
469
459
342
353
380
348
438
592
709
759
786
888
1003
966
954
938
1032
856
770
776
614
605
655
528
492
299
132
87
98
-1
-204
-220
-286
-333
-510
-611
-727
-847
-836
-833
-912
-1039
-1150
-1091
-1078
-1149
-1158
-1169
-1222
-1188
-944
-842
-773
-570
-519
-446
-390
-194
56
172
262
180
147
11
-3
9
151
413
459
456
586
633
581
552
598
650
751
826
836
860
876
903
848
759
645
444
350
266
345
416
430
496
329
196
84
26
-30
-197
-324
-439
-305
-211
-112
-102
-167
-341
-574
-639
-855
-1108
-1036
-994
-1009
-919
-833
-622
-545
-440
-357
-329
-292
-244
-304
-382
-356
-443
-438
-334
-255
-156
9
169
251
293
286
374
458
526
726
910
980
1027
1110
1072
1088
1111
1059
931
868
732
765
715
733
824
849
897
818
675
359
122
-81
-173
-221
-19
184
272
265
65
-123
-366
-619
-765
-1007
-1089
-1108
-1153
-1122
-1056
-1001
-963
-1008
-1077
-1068
-1107
-1134
-1106
-983
-871
-884
-967
-1018
-985
-923
-868
-827
-684
-545
-282
-87
91
242
352
435
426
431
517
661
774
825
815
766
778
859
909
945
1060
1091
1099
1015
952
889
800
784
871
917
922
879
920
858
739
720
529
297
189
96
201
187
-44
-212
-338
-440
-536
-632
-630
-620
-624
-714
-821
-870
-1001
-1143
-1274
-1370
-1471
-1371
-1316
-1132
-930
-887
-850
-738
-647
-508
-437
-378
-73
-3
-153
-21
187
266
281
337
344
524
660
693
897
924
848
879
843
810
846
749
661
703
686
788
895
852
882
962
897
777
661
418
195
203
284
243
277
177
76
147
108
30
56
-20
-13
-166
-286
-480
-571
-593
-724
-914
-1083
-1103
-965
-958
-985
-863
-801
-710
-613
-569
-553
-452
-368
-359
-362
-346
-606
-615
-659
-666
-529
-356
-124
127
154
207
152
-1
4
-3
52
120
296
491
660
749
762
651
732
739
780
808
849
793
809
742
629
585
540
603
606
642
754
715
610
600
442
188
-79
-291
-308
-356
-492
-605
-702
-684
-576
-495
-444
-442
-470
-653
-733
-845
-877
-783
-659
-517
-554
-673
-740
-784
-694
-595
-552
-491
-384
-311
-376
-381
-469
-552
-537
-546
-430
-201
-62
120
192
289
315
288
421
387
388
539
628
702
899
954
1086
1075
1025
1032
970
995
1058
932
882
846
718
592
453
339
334
271
135
61
-30
-7
-31
-46
-32
-53
-91
-319
-367
-346
-427
-452
-520
-626
-724
-841
-899
-677
-501
-436
-348
-335
-497
-706
-898
-886
-744
-555
-403
-305
-258
-270
-272
-324
-422
-411
-136
33
107
191
341
517
642
816
960
1059
1143
1146
1143
1231
1267
1354
1443
1323
1198
1140
914
638
499
377
248
175
208
141
51
0
-67
-104
-189
-268
-399
-473
-503
-661
-880
-1012
-993
-936
-886
-948
-972
-1021
-948
-996
-1230
-1476
-1529
-1604
-1498
-1448
-1301
-1076
-1065
-888
-771
-706
-770
-691
-656
-584
-442
-274
-198
-90
-90
81
196
297
418
588
774
867
1077
1054
1203
1289
1383
1348
1382
1569
1588
1450
1334
1238
1074
1021
996
1009
1006
966
826
710
558
469
406
268
194
212
211
33
-135
-257
-299
-273
-247
-420
-553
-541
-637
-892
-1164
-1238
-1286
-1212
-1114
-1174
-1104
-996
-1021
-1078
-1161
-1062
-949
-795
-703
-689
-600
-333
-205
20
100
107
221
417
482
625
649
733
967
937
906
899
976
1104
1100
1098
1114
1052
1085
1047
1189
1111
1068
1136
1089
1003
827
692
613
494
318
120
-57
-141
-79
-21
-87
82
80
-68
-335
-514
-835
-1024
-1174
-1110
-1049
-1107
-1023
-1222
-1389
-1326
-1427
-1641
-1689
-1776
-1665
-1431
-1106
-984
-841
-711
-595
-423
-385
-368
-326
-40
23
75
140
51
92
155
193
264
308
338
441
552
763
755
780
852
844
954
1117
1189
1319
1315
1194
1102
914
798
737
697
726
796
797
835
751
727
725
418
193
-29
-219
-236
-276
-260
-259
-401
-600
-815
-1058
-1004
-1073
-1241
-1292
-1286
-1247
-1085
-913
-776
-802
-735
-700
-753
-717
-587
-514
-447
-385
-407
-396
-559
-560
-464
-341
-228
-251
-248
5
177
178
199
290
491
587
612
678
718
786
827
869
896
910
964
956
974
1036
1205
1332
1417
1304
1160
959
732
701
644
598
735
775
731
630
388
90
-97
-363
-533
-475
-434
-176
-211
-226
-277
-396
-504
-660
-862
-724
-572
-489
-353
-507
-623
-789
-906
-896
-893
-843
-688
-616
-516
-495
-448
-464
-341
-226
-200
-134
-44
43
100
206
183
236
194
154
174
138
134
243
424
643
851
767
749
634
601
516
364
186
219
365
375
403
264
157
50
-199
-367
-444
-506
-559
-544
-572
-483
-430
-416
-471
-604
-622
-531
-430
-521
-598
-677
-548
-519
-684
-779
-825
-665
-492
-494
-606
-600
-589
-656
-514
-430
-393
-191
18
206
203
194
241
186
225
197
97
217
301
393
534
692
786
776
792
820
795
699
682
674
754
891
873
873
826
681
549
437
351
376
359
339
327
424
589
496
395
299
86
50
-42
-203
-65
37
-12
145
202
166
107
29
26
-151
-228
-316
-380
-365
-364
-345
-345
-186
-72
-32
-135
-257
-300
-337
-387
-440
-483
-347
-103
55
79
75
63
30
1
-65
-49
-121
-127
-116
-10
84
89
110
167
82
6
-110
-95
-82
-117
-73
-31
82
197
305
275
237
42
-25
-1
86
261
273
276
268
284
131
-96
-190
-262
-398
-409
-420
-574
-666
-792
-919
-920
-793
-613
-490
-450
-537
-542
-626
-660
-699
-554
-557
-711
-752
-568
-473
-349
-249
-185
-168
-127
-110
-154
-147
-112
99
244
308
270
202
72
66
-9
9
130
298
421
519
497
456
528
656
626
567
477
591
720
808
941
909
893
846
764
600
547
478
551
695
722
544
402
240
23
-53
-27
26
48
138
114
51
-80
-158
-167
-290
-361
-271
-194
-196
-233
-269
-191
-230
-341
-408
-428
-376
-167
-75
-28
-17
-8
-105
-353
-431
-414
-382
-294
-271
-133
5
84
68
-34
-10
24
76
127
220
393
520
437
332
382
414
413
387
266
282
425
459
517
502
395
286
183
98
40
45
189
118
-17
-107
-7
-100
-240
-359
-499
-554
-502
-383
-335
-261
-310
-324
-447
-614
-772
-775
-685
-464
-312
-143
-165
-276
-466
-598
-620
-587
-538
-525
-481
-401
-269
-292
-491
-563
-520
-398
-376
-304
-109
8
28
-26
140
235
297
371
458
587
471
468
481
356
291
432
461
551
509
524
587
674
890
835
636
552
480
392
201
-36
-88
23
152
293
270
68
-70
-212
-247
-280
-433
-427
-193
-114
-4
-53
-129
-214
-134
-149
-283
-336
-392
-307
-204
-136
-178
-81
-104
-283
-391
-366
-289
-206
-216
-121
-99
31
72
46
121
150
2
19
109
122
146
29
9
105
154
189
310
304
299
276
312
314
344
318
281
320
291
348
438
446
399
317
121
-34
-114
-85
86
164
166
110
14
-14
-79
-101
-130
-141
-238
-288
-325
-320
-199
8
81
50
-121
-208
-272
-363
-363
-353
-117
-7
59
33
-48
-123
-139
-145
-101
-83
-97
28
-63
-170
-233
-275
-338
-264
-172
-121
71
194
254
241
154
58
-125
-66
14
16
224
317
409
449
189
66
136
77
196
156
157
279
190
142
138
110
143
185
143
65
-137
-226
-116
-159
-141
-107
-199
-159
-250
-230
-224
-232
-95
-73
-202
-260
-293
-240
-169
-175
-226
-348
-310
-363
-311
-202
-150
-163
-227
-340
-467
-390
-416
-337
-199
-186
-227
-273
-326
-247
-199
-68
75
194
310
331
263
154
42
173
280
279
343
542
595
526
375
291
338
325
414
449
370
486
434
351
433
473
489
464
345
174
31
60
75
102
166
146
134
70
30
-19
-79
26
191
150
50
-116
-255
-276
-212
-172
-166
-86
-15
1
-94
-176
-257
-312
-351
-265
-260
-249
-324
-362
-270
-107
58
31
12
9
-11
-6
-10
49
195
181
170
170
139
152
77
14
9
66
184
117
1
90
164
194
106
48
-3
-75
13
10
-27
-88
-213
-192
-220
-239
-214
-187
-168
-236
-192
-177
-190
-179
-251
-342
-281
-196
-55
15
-50
-94
-349
-522
-527
-525
-386
-168
-207
-289
-298
-257
-208
-184
-313
-301
-213
-125
-85
-139
-138
-57
2
-130
-102
-1
111
221
235
267
304
511
574
566
479
476
534
354
321
342
366
514
580
586
432
353
278
248
194
243
222
320
424
466
355
112
-42
-57
-4
77
169
247
226
138
-25
-172
-278
-363
-140
-7
51
158
63
10
31
-117
-151
-174
-180
-335
-395
-439
-491
-415
-326
-262
-450
-507
-580
-520
-492
-517
-435
-278
-214
-123
24
79
124
6
5
26
131
173
257
205
256
301
290
224
139
266
369
389
327
235
178
270
194
122
114
196
326
331
183
41
22
9
32
9
75
74
126
36
-82
-149
-263
-217
-345
-460
-456
-390
-366
-383
-348
-302
-357
-336
-340
-395
-473
-383
-261
-207
-141
-175
-168
-128
105
237
154
126
181
146
97
168
144
213
301
482
603
645
580
357
256
200
186
190
241
224
