66
30
13
-47
-49
-31
-12
0
24
16
16
31
17
-9
-11
-11
-43
-1
9
19
28
42
40
45
22
23
44
52
57
38
41
28
59
75
66
67
80
68
81
83
78
127
119
110
117
148
147
148
138
86
30
20
44
37
55
61
16
21
9
-16
2
26
7
11
18
29
6
-17
-45
-102
-107
-99
-76
-91
-106
-83
-21
-7
-6
-24
-24
-19
-29
-9
0
-2
-10
-6
-20
-34
-69
-100
-75
-66
-71
-72
-48
-43
-57
-84
-95
-110
-118
-121
-130
-116
-125
-119
-131
-172
-163
-144
-114
-102
-119
-117
-105
-105
-122
-100
-82
-72
-73
-81
-103
-124
-141
-124
-94
-121
-121
-100
-78
-54
-75
-91
-43
-77
-56
-34
-51
-50
-32
-35
-61
-52
-48
-11
24
49
41
40
57
46
43
90
67
27
20
48
78
105
110
108
89
76
87
100
130
97
109
140
183
237
225
242
206
175
189
241
256
230
220
240
209
189
167
120
132
157
158
149
134
105
77
66
38
26
5
-7
9
53
46
48
43
58
51
11
-2
1
51
36
49
57
49
-4
-29
-47
-46
-32
-48
-59
-53
-37
-49
-94
-105
-72
-74
-102
-118
-127
-133
-116
-108
-156
-137
-101
-113
-105
-87
-102
-50
-35
-36
-53
-72
-63
-47
-65
-91
-74
-94
-77
-73
-74
-67
-33
-48
-87
-80
-69
-82
-68
-74
-112
-90
-127
-149
-136
-103
-62
-73
-98
-51
-40
-54
-31
-8
-3
-26
-13
-28
-32
-45
-36
-29
-9
-1
22
19
25
55
44
57
53
95
91
106
96
103
123
97
43
21
64
77
61
39
32
42
25
3
22
16
55
24
20
13
9
-10
-8
53
33
41
23
10
16
43
38
54
58
50
61
62
103
122
136
123
123
119
98
65
69
80
101
77
94
125
113
94
32
34
27
29
26
66
36
-2
-30
-63
-76
-14
-5
-57
-93
-108
-84
-96
-104
-113
-110
-99
-69
-96
-120
-102
-61
-70
-78
-125
-115
-97
-117
-104
-77
-92
-71
-58
-48
-35
-9
25
28
-3
-19
22
0
10
32
12
12
25
20
4
21
21
35
42
10
-47
-88
-33
-27
-13
2
45
48
39
24
-9
-16
-7
-11
-25
0
10
-28
-21
-39
-13
5
22
61
84
52
64
69
66
42
40
37
-2
-5
-39
17
53
53
35
41
12
13
-6
-30
-39
-36
-33
-37
-30
-23
-4
21
70
47
21
-5
-1
-6
-2
-21
-26
-22
-43
-11
30
42
56
100
81
28
19
-13
-48
-71
-70
-89
-84
-45
-7
-26
-29
-8
-30
-34
-22
7
-10
3
22
36
29
15
1
-16
-21
6
26
21
31
38
39
47
72
29
16
-6
-15
18
62
47
0
7
9
-1
-24
-38
-78
-70
-13
-18
1
4
20
23
32
8
-1
-51
-63
5
9
16
-1
-23
-74
-85
-46
-31
-19
18
0
3
-38
-78
-50
-57
-17
17
41
42
37
19
-14
0
20
4
-10
-36
-45
-79
-37
-13
4
27
14
22
14
-7
-31
-3
7
14
-13
14
50
52
57
63
76
60
89
112
131
132
107
109
91
81
113
129
142
151
120
46
23
55
47
34
50
54
42
21
24
-12
-27
-51
-79
-49
-28
-51
-45
-4
-29
-22
-19
-19
1
16
17
30
10
-27
-56
-64
-38
-17
-15
-3
-15
-2
50
18
-3
-46
-74
-53
-52
-79
-89
-101
-105
-100
-104
-79
-45
-45
-24
-47
-38
-33
-64
-92
-75
-83
-101
-111
-122
-118
-133
-113
-86
-54
-62
-75
-105
-94
-93
-109
-137
-125
-98
-91
-56
-52
-71
-92
-97
-104
-87
-55
-54
-18
-8
-20
-48
-26
8
16
8
18
30
24
56
32
2
4
17
-2
15
60
55
85
94
105
85
70
77
77
67
50
94
111
129
147
146
142
127
131
158
181
175
172
207
239
246
207
181
204
196
151
88
106
105
129
80
68
83
109
117
119
117
120
107
123
107
78
112
90
91
64
29
6
7
8
10
33
52
36
-4
-34
-47
-49
-83
-99
-135
-156
-123
-131
-153
-191
-209
-205
-204
-172
-178
-152
-135
-161
-166
-208
-204
-196
-201
-212
-194
-195
-214
-204
-162
-118
-90
-106
-120
-164
-161
-139
-142
-149
-163
-166
-194
-148
-94
-91
-85
-99
-83
-71
-32
-18
6
-14
-11
-4
-15
-2
34
43
32
34
13
47
43
66
90
113
131
133
136
141
165
178
185
143
120
100
109
213
230
225
196
163
151
153
138
175
172
237
241
234
201
166
171
128
147
136
138
106
106
76
22
27
37
45
46
11
7
11
-18
-46
-72
-55
-18
-18
-8
-2
-31
-84
-109
-122
-114
-101
-50
-28
-37
-2
-30
-71
-74
-61
-70
-74
-34
-51
-46
-31
-87
-116
-136
-83
-58
-51
-52
-38
-18
-28
-78
-51
-75
-71
-65
-39
-41
-51
-68
-91
-78
-51
-45
-46
-77
-85
-88
-94
-93
-139
-125
-87
-87
-89
-35
-37
-57
-84
-123
-116
-54
-41
-14
14
7
-21
-44
-35
-1
5
43
63
56
34
-14
-28
-6
-2
1
21
34
50
21
17
40
21
46
29
30
65
57
92
131
145
117
91
132
149
144
150
172
170
166
161
138
98
69
63
28
8
29
-2
-10
44
76
35
-16
-55
-39
-53
-28
-42
-58
-27
0
-14
23
15
-19
-9
-42
-32
-50
-50
-55
-44
0
5
9
18
-11
-36
-26
11
-15
-45
-109
-122
-92
-117
-100
-57
-39
-18
-2
-10
-39
-41
-18
-27
-44
-42
-9
-1
21
-4
-6
-6
-1
12
13
31
7
-3
7
-6
46
20
34
28
9
19
11
46
-14
-11
51
40
55
94
95
90
133
119
71
18
18
32
0
-19
-16
31
107
80
58
41
31
-8
-20
-11
-28
-21
-26
-46
-53
-64
-69
-58
-97
-89
-81
-47
-57
-60
-47
-45
-4
-23
-33
-85
-91
-52
-28
-10
-15
-3
31
75
92
-16
-13
-17
-36
-26
-41
-14
1
41
60
67
47
31
20
14
76
78
84
86
62
53
7
40
68
63
92
52
62
27
22
28
-1
-3
-14
-9
-15
-12
-10
-5
-4
-15
-45
-34
-33
4
1
3
-22
-34
-59
-77
-49
-66
-37
-2
-29
-35
-54
-52
-52
-51
-40
-53
-80
-97
-101
-83
-62
-27
-32
-52
-43
-18
-33
-48
-32
-45
1
24
78
91
39
31
-13
-55
-77
-117
-70
-51
-34
-28
-12
-35
-80
-61
-67
-59
-71
-61
-46
-83
-71
-93
-97
-88
-102
-83
-69
-11
40
33
4
8
13
39
67
78
98
130
151
161
127
107
78
74
111
93
79
58
101
75
65
94
50
79
138
116
109
108
88
45
35
76
95
119
121
155
81
72
82
69
115
142
151
108
104
99
40
8
21
-11
10
34
89
93
57
-3
-46
-66
-90
-59
-57
-48
-29
-4
-22
-18
-29
-18
-17
2
36
15
-4
-24
-22
-55
-36
-34
-42
-33
-47
-46
-52
-68
-87
-59
-87
-100
-67
-59
-79
-111
-89
-114
-104
-69
-119
-121
-129
-100
-81
-97
-82
-74
-35
-63
-102
-152
-185
-180
-185
-164
-121
-68
-91
-88
-106
-124
-142
-148
-136
-130
-131
-90
-66
-28
-21
-64
-79
-40
-47
-28
16
34
75
65
29
13
33
15
56
46
75
77
91
129
132
82
38
75
48
77
48
65
69
85
139
134
136
114
134
139
140
176
192
225
255
244
202
173
142
127
149
164
189
207
179
144
135
110
74
61
72
39
60
86
97
82
39
4
-8
-31
-56
-57
-32
-14
-28
-56
-57
-6
-15
-54
-60
-44
-107
-128
-84
-68
-57
-45
-86
-141
-146
-133
-144
-123
-102
-85
-71
-83
-90
-79
-103
-156
-140
-105
-114
-66
-35
-81
-87
-105
-98
-59
-40
-48
-112
-89
-81
-60
-69
-55
-29
-32
-29
-12
-29
-59
-48
-67
-65
-68
-41
-12
24
51
54
52
77
75
67
38
62
70
90
133
111
83
54
23
38
35
2
-10
-19
50
74
27
25
-1
10
12
36
7
50
57
31
64
22
30
37
53
68
85
62
34
9
-5
2
22
34
72
69
63
70
41
22
-19
-51
-53
-30
-38
-52
-47
-56
-73
-67
-58
-31
-38
-24
-36
-45
-37
-37
-76
-46
-46
-55
-52
-61
-70
-69
-10
-35
-41
-11
-14
-44
-78
-68
-34
9
-29
-59
-124
-106
-94
-96
-73
-21
5
6
22
-21
-17
-16
11
19
12
17
13
-8
-22
-23
-19
1
42
59
49
66
58
58
71
42
38
36
65
75
75
48
31
56
113
125
108
128
138
157
130
114
95
114
129
139
129
139
158
140
126
110
85
94
110
147
89
62
61
52
33
35
27
0
0
-7
17
3
12
24
25
25
22
50
59
31
-10
-8
-7
-25
-56
-71
-55
-38
-16
-30
-33
-38
-68
-99
-117
-98
-123
-130
-142
-166
-150
-124
-161
-213
-210
-187
-152
-156
-173
-173
-160
-170
-145
-166
-201
-188
-170
-163
-135
-110
-95
-69
-94
-95
-129
-177
-155
-91
-46
-46
-24
-9
11
36
48
30
20
32
63
70
94
135
166
187
191
167
154
179
155
144
138
149
190
181
168
98
63
95
96
74
32
12
22
25
22
-28
-51
-42
0
13
-15
-1
-2
-31
-32
-39
-81
-93
-104
-122
-71
-110
-107
-43
-24
-31
-49
-54
-36
-37
-77
-109
-124
-132
-103
-85
-29
7
-11
-38
-34
-11
18
37
30
46
53
50
63
60
52
45
60
82
107
143
151
167
160
126
109
84
92
78
94
68
87
129
125
119
110
111
107
110
90
100
97
104
96
90
109
114
161
135
144
136
121
80
51
23
-10
-24
-2
29
19
12
-41
-69
-85
-122
-114
-111
-130
-109
-114
-77
-66
-79
-84
-102
-104
-121
-137
-138
-131
-88
-116
-141
-130
-141
-141
-174
-153
-137
-114
-104
-97
-117
-98
-101
-90
-123
-158
-153
-164
-143
-121
-137
-110
-79
-41
13
-4
2
24
12
11
23
48
54
44
57
75
50
53
63
69
61
34
39
36
38
67
63
69
53
50
48
73
83
72
64
78
84
37
18
9
40
71
87
88
89
64
83
106
68
68
59
51
48
68
38
-5
-8
-12
-7
-39
-71
-56
-24
-17
-31
14
32
35
49
22
7
9
14
6
13
33
28
42
68
70
68
56
42
10
-18
-28
-22
-18
-20
-11
-14
-10
5
-10
13
8
-13
-37
1
20
33
62
60
8
-27
-37
-44
-53
-39
-13
0
16
0
-6
-31
-16
-37
-69
-60
-65
-62
-66
-75
-82
-145
-139
-114
-103
-108
-139
-133
-106
-85
-130
-116
-62
-51
-16
-53
-66
-66
-38
-14
-8
7
9
21
37
8
17
52
34
50
47
62
36
37
25
14
40
55
63
71
102
113
76
91
78
77
107
81
63
30
2
46
92
123
143
136
148
104
27
50
34
15
61
81
82
45
101
90
88
76
66
38
30
50
27
19
20
1
-16
2
17
-12
-43
-81
-111
-102
-70
-61
-72
-97
-112
-131
-172
-186
-202
-204
-242
-206
-209
-142
-92
-121
-94
-107
-138
-161
-165
-114
-73
-50
-46
-77
-99
-92
-52
-1
6
1
-4
6
10
37
58
68
48
26
42
83
112
138
107
109
129
141
158
142
160
172
138
101
89
122
174
185
155
154
200
202
183
144
85
43
29
18
39
32
0
-1
-19
-100
-74
-62
-85
-39
-76
-133
-141
-128
-90
-64
-46
-15
1
-18
-27
-89
-104
-71
-33
-34
-37
-20
12
28
1
4
-41
-47
-46
-25
-9
-25
-2
18
35
-8
-10
-49
-19
10
39
40
10
33
32
0
-10
-26
-1
33
-15
39
47
55
41
-16
-31
-38
-48
-26
12
10
34
6
-9
-24
-16
2
32
20
15
21
0
21
21
67
66
52
24
-16
3
20
-1
-17
2
18
7
-41
-46
-59
-41
-10
4
47
41
30
-10
-42
-54
-86
-116
-148
-91
-37
-7
4
0
15
16
-2
16
-11
-82
-63
-29
9
-23
-40
-20
-27
-31
-26
-48
-107
-89
-66
-37
-27
-18
-24
-27
-12
-41
-98
-93
14
64
85
87
39
21
15
27
53
78
78
54
48
42
20
-6
35
31
55
66
78
61
14
3
-54
-91
-103
-114
-78
-19
-1
-21
-47
-65
-56
-47
-40
-26
-12
-8
-11
-21
-13
11
26
47
32
49
76
91
52
45
77
69
62
61
56
67
68
64
71
63
70
99
96
111
133
77
62
52
77
105
107
81
70
65
75
57
28
24
-3
3
-2
26
59
81
48
3
-20
-45
-53
-34
-17
37
23
-38
-44
-90
-71
-90
-66
5
15
11
-14
-58
-76
-100
-90
-58
-84
-75
-60
-95
-123
-131
-158
-133
-96
-84
-84
-63
-143
-154
-145
-121
-116
-113
-92
-85
-81
-93
-73
-74
-67
-68
-55
-53
-54
-39
-58
-22
3
-25
9
-18
21
25
-13
37
19
15
19
41
34
71
109
93
68
49
39
25
35
63
75
90
100
106
128
134
153
175
104
81
58
57
61
74
116
163
125
111
43
8
30
73
83
77
69
80
49
31
4
-4
-3
-3
8
33
41
57
23
-49
-41
-38
3
-6
-30
-18
34
-26
-51
-72
-38
-23
-45
-8
-56
-67
-77
-74
-91
-72
-62
-36
-31
-42
-17
-22
43
10
23
26
48
60
39
12
16
31
11
-19
-27
19
5
-2
-8
-16
-13
-38
-67
-60
-75
-68
-80
-80
-54
-60
-65
-104
-105
-60
-17
27
27
15
-1
-42
6
30
50
24
15
6
8
9
-26
-37
-3
52
36
17
-1
-28
-5
0
28
33
12
-8
-20
4
-17
-15
-21
29
17
6
24
25
21
25
-11
-10
1
4
37
-12
1
23
34
26
32
-13
-46
-39
-23
-5
-20
-38
-2
-2
15
18
-20
-16
-29
4
10
-41
-59
-67
-36
-17
-13
-38
-3
3
-28
-56
-117
-132
-99
-84
-44
-12
-26
-16
-11
-13
-67
-76
-60
-46
-49
-25
1
21
3
-5
21
14
6
37
71
106
95
101
73
31
15
-5
-6
13
31
23
47
34
7
-37
-7
-10
-11
13
1
14
39
69
73
51
42
43
49
82
64
107
136
160
149
128
71
39
75
94
84
86
107
98
87
61
43
58
36
36
1
-5
20
5
-21
-40
-46
-79
-75
-31
-33
2
7
53
14
3
7
-62
-5
19
2
-37
-37
13
47
44
37
25
-5
3
-34
-2
-3
-32
-7
-18
-20
17
20
25
-15
-25
23
36
66
45
-22
-45
-37
-53
-18
-28
-25
-4
8
-24
-40
-31
-53
-50
-50
-20
-64
-80
-82
-83
-41
-77
-102
-117
-130
-65
-52
-44
-45
-50
-72
-57
-41
-72
-62
-61
-66
-96
-89
-81
-129
-110
-81
-110
-126
-146
-158
-150
-106
-49
-57
-55
-72
-66
-69
-29
-39
-47
-32
-31
10
37
41
35
67
106
82
68
20
-17
0
59
70
83
101
130
113
65
66
66
98
103
75
52
47
83
68
44
64
48
84
95
100
92
77
96
123
121
121
82
94
102
83
68
70
42
-4
7
16
37
-21
-26
-36
-28
-45
-75
-127
-136
-104
-70
-27
-32
-9
-14
-9
-47
-20
-12
-8
-6
2
-24
-28
-19
-35
-23
-29
6
21
37
50
54
45
49
36
7
-22
-12
26
49
24
5
-13
17
58
4
-6
28
49
90
103
95
64
58
80
57
65
62
53
80
91
74
49
80
65
65
29
-2
-4
49
62
14
28
55
52
43
52
20
29
15
24
24
2
32
31
40
20
21
-19
-47
-71
-62
-28
-49
-13
-21
-45
-114
-127
-215
-249
-270
-258
-262
-293
-350
-365
-387
-388
-377
-396
-379
-371
-369
-383
-378
-356
-307
-261
-263
-265
-260
-223
-180
-147
-114
-3
66
138
216
258
314
350
412
459
540
628
705
736
717
711
696
683
696
717
713
680
627
582
489
424
344
277
177
62
-20
-129
-223
-327
-430
-568
-675
-760
-843
-937
-1087
-1163
-1196
-1230
-1209
-1227
-1180
-1156
-1133
-1052
-929
-787
-599
-337
-89
189
391
546
698
893
1139
1318
1514
1719
1898
2001
1991
1966
1980
1962
1924
1829
1755
1602
1433
1220
935
658
368
93
-185
-441
-644
-855
-1062
-1247
-1440
-1673
-1919
-2088
-2184
-2253
-2268
-2308
-2345
-2374
-2490
-2595
-2629
-2628
-2537
-2340
-2125
-1853
-1492
-1002
-533
-125
131
353
670
1075
1515
2021
2549
2876
3075
3104
3084
3244
3446
3550
3676
3730
3742
3657
3396
3047
2626
2189
1799
1431
1095
817
550
208
-264
-844
-1349
-1747
-2014
-2180
-2288
-2414
-2575
-2750
-2994
-3224
-3426
-3608
-3760
-3853
-3900
-3802
-3736
-3659
-3663
-3694
-3636
-3469
-3151
-2789
-2375
-1866
-1272
-711
-226
187
509
930
1412
1883
2517
3226
3753
4150
4349
4432
4552
4718
4919
5042
5101
5109
5025
4772
4361
3848
3319
2828
2336
1800
1323
912
543
128
-418
-1104
-1700
-2157
-2494
-2694
-2779
-2898
-3032
-3276
-3606
-3822
-4016
-4153
-4142
-4189
-4216
-4083
-4024
-4005
-3939
-4010
-3978
-3844
-3677
-3296
-2881
-2437
-1802
-1171
-631
-99
307
705
1285
1892
2508
3306
4035
4631
5086
5270
5418
5644
5828
5986
6049
6028
6008
5771
5363
4842
4214
3604
3001
2261
1608
1058
549
86
-490
-1268
-1970
-2591
-3108
-3444
-3701
-3789
-3862
-4024
-4294
-4625
-4883
-4999
-5086
-5148
-5171
-5082
-4935
-4824
-4757
-4719
-4687
-4570
-4390
-4157
-3740
-3244
-2737
-2081
-1406
-814
-173
339
853
1509
2184
2933
3843
4628
5295
5759
5932
6133
6404
6627
6862
6975
6973
6868
6553
6072
5479
4806
4123
3451
2726
2055
1438
805
193
-518
-1420
-2177
-2846
-3382
-3715
-3979
-4199
-4359
-4609
-4997
-5298
-5553
-5722
-5798
-5861
-5882
-5788
-5739
-5686
-5655
-5716
-5659
-5427
-5143
-4709
-4208
-3696
-3022
-2286
-1565
-824
-130
473
1170
1940
2765
3670
4586
5414
6168
6657
6991
7338
7688
8007
8244
8348
8335
8180
7848
7323
6645
5880
5101
4334
3500
2717
1969
1197
435
-524
-1578
-2468
-3258
-3894
-4377
-4765
-5088
-5385
-5739
-6147
-6481
-6743
-6932
-7053
-7127
-7055
-6923
-6783
-6650
-6547
-6513
-6320
-6009
-5596
-4976
-4317
-3603
-2800
-1970
-1161
-324
394
1165
2047
2899
3806
4804
5747
6580
7231
7615
7934
8285
8601
8792
8883
8817
8644
8284
7665
6884
5985
5056
4134
3151
2190
1329
495
-367
-1282
-2400
-3448
-4303
-5018
-5496
-5817
-6098
-6302
-6570
-6884
-7137
-7290
-7357
-7332
-7207
-7094
-6875
-6593
-6348
-6152
-5994
-5799
-5481
-5061
-4569
-3877
-3142
-2320
-1389
-523
259
985
1671
2475
3358
4272
5302
6343
7234
7974
8398
8598
8834
9065
9246
9296
9228
9033
8676
8076
7250
6289
5247
4231
3167
2103
1111
226
-646
-1606
-2737
-3903
-4921
-5715
-6282
-6639
-6849
-6998
-7189
-7422
-7735
-7949
-7955
-7859
-7705
-7467
-7155
-6780
-6384
-6152
-5951
-5738
-5433
-4919
-4300
-3598
-2763
-1879
-893
108
922
1609
2304
3056
3936
4895
5853
6918
7823
8501
8910
9042
9155
9345
9410
9389
9302
9041
8638
7980
7021
5922
4782
3644
2560
1462
493
-404
-1257
-2161
-3220
-4351
-5379
-6221
-6810
-7141
-7302
-7284
-7259
-7351
-7518
-7711
-7811
-7726
-7520
-7222
-6783
-6374
-6003
-5683
-5490
-5301
-4980
-4563
-3973
-3246
-2517
-1658
-681
225
1063
1713
2293
3078
3908
4818
5885
6932
7842
8591
8964
9126
9287
9467
9558
9573
9450
9222
8846
8227
7342
6240
5078
3901
2712
1555
539
-446
-1344
-2280
-3397
-4561
-5613
-6542
-7274
-7699
-7889
-7932
-7900
-7974
-8130
-8272
-8418
-8394
-8195
-7932
-7488
-6998
-6642
-6262
-6013
-5858
-5531
-5103
-4515
-3790
-3015
-2091
-957
4
853
1584
2201
3035
3983
4911
6060
7230
8152
8957
9343
9567
9865
10109
10224
10297
10196
9939
9549
8848
7917
6764
5487
4276
3065
1831
760
-250
-1312
-2397
-3601
-4841
-5914
-6844
-7536
-7968
-8264
-8341
-8390
-8511
-8688
-8854
-8892
-8787
-8503
-8173
-7732
-7290
-6886
-6479
-6169
-5820
-5315
-4690
-3995
-3207
-2273
-1209
-77
923
1752
2530
3261
4107
5092
6150
7267
8285
9120
9629
9896
10148
10484
10669
10718
10565
10324
9942
9225
8304
7324
6113
4829
3469
2082
801
-414
-1493
-2633
-3848
-5139
-6282
-7307
-8111
-8666
-8994
-9079
-9113
-9151
-9223
-9323
-9377
-9259
-8957
-8542
-7999
-7463
-6981
-6516
-6088
-5639
-5066
-4369
-3595
-2805
-1879
-740
421
1438
2292
3012
3769
4624
5478
6439
7555
8535
9374
9928
10176
10413
10626
10708
10727
10582
10286
9908
9267
8346
7180
5884
4518
3174
1754
441
-800
-1936
-3078
-4370
-5689
-6882
-7926
-8725
-9263
-9647
-9741
-9721
-9690
-9638
-9597
-9614
-9476
-9190
-8792
-8261
-7641
-6947
-6314
-5814
-5319
-4768
-4090
-3319
-2539
-1561
-350
883
1948
2801
3503
4247
5026
5799
6733
7821
8815
9627
10169
10437
10627
10806
10887
10865
10722
10411
10016
9394
8524
7373
6034
4687
3287
1841
450
-792
-1944
-3077
-4311
-5616
-6819
-7922
-8838
-9473
-9881
-10031
-10074
-10076
-10036
-10007
-9950
-9818
-9559
-9170
-8618
-7981
-7279
-6557
-5923
-5272
-4566
-3829
-3042
-2190
-1120
172
1445
2497
3366
4080
4798
5612
6386
7356
8416
9287
10060
10505
10754
11043
11223
11220
11198
11008
10671
10257
9556
8620
7484
6139
4770
3324
1807
402
-920
-2111
-3320
-4691
-6050
-7243
-8385
-9317
-9971
-10420
-10610
-10687
-10739
-10713
-10691
-10619
-10406
-10135
-9709
-9104
-8409
-7663
-6870
-6184
-5460
-4599
-3726
-2744
-1766
-566
787
2043
3108
3983
4821
5670
6506
7360
8330
9255
10012
10627
10937
11130
11342
11377
11340
11169
10815
10377
9797
9010
7981
6767
5418
4035
2632
1184
-181
-1470
-2687
-3951
-5329
-6576
-7710
-8714
-9494
-10067
-10450
-10606
-10642
-10684
-10647
-10625
-10475
-10215
-9887
-9369
-8816
-8164
-7459
-6747
-6044
-5299
-4393
-3448
-2458
-1328
-13
1320
2509
3506
4349
5231
6128
6993
7958
8933
9712
10346
10750
10902
11069
11234
11196
11170
10979
10571
10091
9382
8483
7382
6140
4837
3473
2094
756
-510
-1726
-2889
-4194
-5519
-6671
-7781
-8713
-9405
-9882
-10154
-10362
-10542
-10701
-10769
-10794
-10710
-10479
-10129
-9610
-8990
-8341
-7707
-7057
-6347
-5512
-4535
-3508
-2332
-940
428
1701
2776
3719
4690
5684
6690
7704
8831
9808
10528
11026
11194
11349
11538
11599
11577
11455
11139
10725
10127
9246
8139
6859
5505
4218
2835
1497
283
-936
-2141
-3476
-4890
-6215
-7390
-8419
-9224
-9786
-10147
-10326
-10533
-10775
-10993
-11149
-11135
-10993
-10699
-10242
-9691
-9084
-8462
-7814
-7165
-6425
-5489
-4439
-3243
-1827
-282
1113
2341
3365
4331
5371
6423
7512
8751
9883
10750
11437
11794
11983
12204
12320
12274
12208
11935
11517
10993
10186
9092
7770
6309
4886
3498
2115
832
-393
-1640
-2946
-4399
-5802
-7065
-8184
-9030
-9680
-10093
-10298
-10473
-10662
-10837
-11042
-11207
-11247
-11117
-10817
-10380
-9896
-9340
-8729
-8164
-7551
-6745
-5810
-4804
-3508
-1952
-441
897
2040
3077
4156
5223
6368
7679
8982
10072
10980
11492
11795
12100
12255
12283
12254
12060
11712
11238
10511
9562
8340
6924
5456
4014
2575
1276
61
-1072
-2246
-3611
-5027
-6326
-7500
-8420
-9127
-9643
-9867
-9983
-10178
-10409
-10656
-10846
-11024
-11071
-10595
-10195
-10066
-10008
-9561
-9126
-8808
-8164
-7136
-5916
-4454
-2470
-323
1046
2174
3268
4659
6092
7604
9061
10215
11018
11618
11928
12036
12270
12517
12523
12574
12394
11699
10804
9811
8559
6915
5368
4190
3083
1682
560
-274
-1259
-2405
-3488
-4566
-5686
-6661
-7330
-7914
-8413
-8677
-9018
-9560
-10049
-10605
-11249
-11522
-11195
-10823
-10601
-10316
-9730
-9537
-9448
-9003
-7905
-6665
-4961
-1976
1105
3893
5493
7227
8390
9066
9860
10877
12316
13142
13288
12888
12022
10347
8233
7074
6556
6460
6198
5723
5225
3932
1814
-386
-1784
-2500
-2278
-1676
-946
-458
-710
-1708
-3180
-4512
-5465
-5873
-5782
-5428
-5542
-6279
-7493
-9026
-10415
-11218
-11369
-10676
-9394
-7975
-7221
-7188
-7568
-7971
-8323
-7961
-6505
-3709
-1112
2526
6545
9518
10781
10695
11665
11330
11640
12166
13296
13411
11148
8051
4674
1552
-1245
-2162
-321
2068
3814
3570
2779
1276
-1111
-2866
-2394
22
3182
5480
6023
5025
2363
-1068
-4034
-5370
-5356
-4717
-4326
-4713
-6286
-8854
-11347
-12759
-12441
-10231
-7638
-5448
-3849
-3506
-4510
-6805
-8555
-9432
-8534
-6501
-3349
-683
2300
7071
9923
11045
9997
11408
11866
11476
12094
12614
12486
8575
3598
-46
-2138
-3599
-3701
-189
4053
5839
4150
2020
426
-1197
-2275
-599
2939
6351
7754
5771
3410
655
-2158
-3835
-4106
-2957
-2984
-3944
-6034
-8617
-10665
-11788
-11385
-9489
-6280
-3834
-3427
-3380
-4071
-4980
-6560
-8196
-8695
-8493
-6625
-4852
-2709
-323
5694
9897
12440
11424
12166
13004
11018
11175
11073
11591
8182
2335
-1223
-2974
-4260
-5146
-1690
3128
5329
3593
1477
260
-697
-1586
-580
2677
6048
7704
5377
3086
1115
-1475
-2887
-3351
-2869
-3148
-4397
-6662
-9488
-10718
-11020
-10250
-8590
-5598
-3433
-3149
-3112
-4008
-4449
-5259
-7209
-8772
-9146
-7952
-6279
-3516
-436
7268
11709
14096
12063
11361
12551
9310
10196
11007
11725
8180
945
-3094
-5172
-6456
-6703
-2387
3951
6777
4287
1672
-505
-1396
-2052
-660
3269
6603
8867
5848
3023
606
-2173
-3050
-3607
-3488
-4139
-5319
-8079
-10918
-11706
-11580
-10125
-8410
-5094
-2641
-2391
-2213
-3624
-3871
-4740
-7398
-9536
-9803
-7980
-5677
-3141
-32
9107
13438
14890
11621
11010
12418
7887
8948
10126
10716
6588
-1967
-5422
-6251
-7250
-6964
-1538
5993
7967
4334
1684
-788
-1114
-1297
384
4553
7895
9389
5401
3020
370
-2369
-2382
-3053
-3369
-4250
-5670
-9136
-11635
-11194
-10429
-8228
-6502
-3520
-1500
-1407
-1611
-2799
-2152
-2608
-5372
-7445
-8705
-7776
-5653
-2430
341
9969
15576
16201
13114
10133
11665
6723
6999
9236
9212
6391
-3017
-7823
-8091
-9586
-9256
-3764
4593
7237
3623
944
-2027
-2308
-2091
-1094
2806
6099
7541
3832
1255
-1228
-4115
-3842
-4695
-5756
-6446
-7006
-9875
-11640
-10568
-9318
-6780
-5417
-2982
-369
181
431
-492
-34
-323
-3945
-6924
-8209
-7747
-4789
-1220
2080
12796
17053
16829
12738
8857
10848
5241
6740
10139
9320
6486
-4406
-8795
-8734
-10527
-8526
-1894
6814
8579
4203
710
-3167
-3534
-3664
-1619
2417
5685
6532
2551
91
-3635
-6159
-6572
-7295
-8046
-7982
-8591
-11320
-12067
-11270
-9484
-6843
-5743
-2972
-366
663
1143
340
536
-818
-4006
-7042
-8788
-7358
-3931
-4
4337
15119
17738
16145
11521
8350
10360
5218
8098
11497
10647
6375
-6164
-8894
-8418
-9703
-6141
1261
9366
9371
4310
-554
-4260
-4239
-4295
-1211
3296
6467
5325
1841
-796
-5022
-6666
-7449
-8146
-8260
-7409
-8185
-10782
-11546
-11241
-9023
-6626
-5432
-1853
1343
2040
1845
774
377
-1725
-5251
-8570
-8708
-6884
-3211
150
5149
17004
16882
14774
10024
7814
10032
3932
8677
11566
10329
4841
-8396
-8532
-8170
-9058
-4430
3737
11415
9072
3596
-2029
-4561
-4575
-5354
-1761
2878
6417
3841
974
-2002
-5636
-6552
-7881
-8658
-7959
-5974
-7194
-9595
-10921
-10441
-8007
-6950
-5196
-1464
1904
2316
1258
-95
-1249
-3852
-7498
-10237
-9402
-7199
-3026
105
8723
18711
15871
13702
7698
7980
7810
3271
10703
10728
10303
1800
-9209
-7093
-8426
-6612
-1534
7876
12892
9108
3494
-2969
-3883
-5462
-5320
-1628
3919
7196
4165
2456
-2289
-5219
-7164
-9012
-9355
-7015
-4037
-6105
-7551
-10517
-10012
-8845
-9045
-5162
-871
2184
1846
-348
-2010
-3577
-6613
-9448
-10748
-9109
-6276
-2339
98
8918
19198
15636
14003
8345
8975
8129
2304
10138
9202
9605
1632
-8635
-5680
-7074
-4448
-846
8638
13560
11379
5999
-1536
-1367
-3519
-4693
-2615
3807
7928
5393
3338
-1644
-4685
-8050
-10332
-11196
-7658
-3671
-5293
-7490
-11512
-11227
-10603
-10769
-6789
-1317
2035
1477
-1107
-4195
-5546
-8667
-10943
-11383
-9639
-5984
-2102
-889
9742
19810
15475
14239
7654
9804
6842
837
9809
7596
9279
513
-7575
-4517
-6113
-2557
1558
11359
14520
14068
8062
-310
38
-1977
-2952
-2120
4708
8695
6310
2922
-2370
-4414
-7753
-9895
-11136
-7245
-4787
-6863
-8953
-12639
-11061
-9632
-9605
-5668
-1253
660
-141
-2943
-5179
-5736
-9098
-10466
-11356
-9793
-6115
-3248
346
11058
20227
15717
13306
7713
8393
5084
466
9338
7376
7765
-322
-6741
-4447
-6798
-2290
3531
12624
14393
14046
8537
-73
-828
-2483
-2641
-1252
5170
9039
7792
3436
-2131
-4473
-7838
-9914
-10872
-7280
-4385
-5919
-8380
-11682
-11530
-10009
-9725
-6507
-1464
-108
-770
-3626
-6406
-6656
-9893
-11013
-11978
-10185
-6733
-3086
-513
9591
20726
14817
13301
7429
7522
5047
-1318
8990
6547
7100
-292
-6646
-3755
-7557
-2835
3807
13933
14241
15141
11361
1529
201
-2107
-1421
-230
5012
9014
9178
5108
-1047
-3794
-7114
-9046
-10401
-6901
-3727
-5094
-7184
-10670
-11189
-9805
-9741
-6600
-1668
-450
-1008
-3877
-6858
-7288
-10660
-11910
-12236
-11089
-8595
-4502
-1387
8411
20612
14613
13712
7886
6478
4491
-2494
8620
7231
7087
982
-5544
-2477
-7004
-3776
3787
14583
15360
15476
12841
3300
990
-2556
-2393
-278
4260
8690
9040
5958
-72
-2928
-6383
-8819
-9501
-6516
-2618
-4652
-6219
-8912
-9821
-8648
-9357
-6267
-1652
-714
-1633
-4117
-6709
-7464
-11435
-13044
-13288
-12403
-10535
-5989
-2402
6138
20534
14467
13329
8092
4992
5143
-3815
7721
7999
7065
2154
-6234
-2329
-6942
-4871
2040
14068
15236
14247
12662
2339
73
-4030
-3331
-875
3725
8587
9392
7157
767
-1936
-5424
-7414
-8590
-5087
-649
-2253
-4376
-8082
-8799
-8546
-9301
-6318
-1668
58
-1054
-3979
-6379
-7478
-11698
-13459
-14091
-12865
-9780
-5951
-2294
6053
20426
15337
12510
8308
4639
4706
-3632
6664
8426
6687
1301
-7197
-3483
-7602
-5626
1890
13830
15380
14065
12556
2633
-31
-3990
-2937
-348
4379
9078
10356
8415
1507
-1188
-4102
-5980
-7524
-4685
-224
22
-3472
-7256
-8058
-8363
-8056
-6642
-2143
555
-1207
-4001
-6311
-7614
-11175
-13160
-13535
-12916
-11509
-7571
-3026
1937
18499
16958
13076
10467
3214
5447
-4570
2412
7580
5412
3367
-7307
-4434
-7214
-7330
-1327
11000
16041
14248
15031
5860
1880
-2264
-3305
-872
2975
8209
10666
9958
3747
-112
-3218
-5104
-7797
-5967
-804
-419
-1757
-6341
-8167
-8011
-8966
-6300
-2274
555
284
-2356
-4551
-6734
-11311
-13424
-14267
-14650
-11785
-7805
-3672
3664
19478
16657
12300
8482
2389
4035
-6051
3146
7803
5244
2022
-8206
-5303
-8465
-8400
-763
12927
16567
14939
14614
5066
804
-3330
-3727
-405
3967
9258
10907
9237
3040
-1085
-3514
-5272
-6937
-3982
615
271
-1819
-6209
-7244
-7199
-7633
-4458
-428
2379
791
-2792
-4168
-6571
-10527
-12733
-13177
-13284
-12195
-10068
-4749
-960
14530
19705
12526
12309
2558
4974
-3731
-2519
7967
4252
5216
-6285
-5421
-6392
-8331
-3921
7391
17006
13736
15861
7306
1470
-2004
-4936
-2349
1698
7186
9693
9810
4012
199
-3023
-4527
-6075
-5226
-457
595
-409
-4311
-6634
-7016
-7018
-5688
-1658
1391
954
-1375
-3490
-5869
-9517
-12753
-13788
-14241
-14302
-12937
-6640
-2440
7725
21582
14859
14237
5804
3004
1430
-5814
7281
5439
6683
-1919
-6916
-5169
-9436
-5426
1262
16123
15146
14881
11032
2471
-1176
-5028
-3662
157
6924
9074
10968
6682
1808
-1008
-3629
-4354
-4628
-1509
-36
680
-3880
-6292
-7136
-7403
-4824
-2321
1128
1319
-215
-2530
-5192
-8556
-11659
-12983
-13316
-14369
-13536
-7520
-2844
4357
19792
17578
13483
7985
1601
2643
-5353
3845
6783
5631
155
-8109
-5748
-9160
-6799
-1036
13526
16306
13345
11644
3303
-1145
-4764
-4263
-54
6701
8939
10626
7883
2530
-838
-3957
-3902
-3932
-944
-557
839
-2822
-6911
-6690
-8615
-4767
-1305
802
2183
960
-1562
-4332
-8177
-11596
-12144
-12392
-14251
-14015
-9677
-4347
429
16912
19711
14021
10506
1058
3668
-5725
651
6601
4453
2136
-9121
-6095
-9410
-8201
-4167
10201
16814
12381
12439
4365
-470
-4861
-5125
-1181
5854
9185
10564
9012
3564
-109
-3774
-3458
-3611
-1597
-257
1549
-1421
-6043
-6762
-8771
-4806
-1900
807
3041
2349
22
-3326
-6513
-10137
-10897
-10833
-12796
-12466
-10159
-4191
-2161
11265
21272
13487
13235
2044
3733
-1560
-3477
7455
4288
4448
-6250
-6298
-7449
-8027
-5455
4818
16790
11495
12238
6871
264
-3406
-5345
-2399
4169
8469
9342
9678
4831
609
-3280
-3488
-3464
-2625
-1137
356
-623
-5294
-6375
-8372
-5299
-1985
28
2259
2380
1190
-2389
-5485
-9399
-10543
-10088
-12658
-12827
-11774
-6515
-2785
5899
21113
15351
13163
4391
938
819
-6142
6062
4969
4356
-3222
-7740
-6699
-9339
-6543
337
15350
12557
10563
8636
535
-3384
-5687
-3434
2769
8490
9075
9943
6467
646
-3335
-4119
-3472
-2897
-1770
827
1064
-3532
-6169
-8342
-5246
-2175
-283
2779
3652
2908
-1255
-4649
-8234
-9454
-9491
-11036
-12036
-11959
-8984
-5279
-2708
14302
20994
14148
10631
577
3901
-4190
-1711
6752
3774
3191
-6873
-6451
-7545
-7491
-5395
7549
15056
9332
11834
4761
-1779
-3560
-4749
130
6469
8661
9760
9410
3538
-2459
-3537
-3532
-2981
-3272
-1400
2545
-807
-5230
-8690
-6218
-2725
-1691
869
3589
5382
1098
-3448
-6499
-7985
-8358
-10347
-10862
-11264
-11069
-8099
-5655
894
19285
18490
13080
6854
1195
3434
-5251
3213
4366
5141
790
-8353
-6116
-8203
-6297
-2952
11257
11489
10294
10614
635
-1800
-3671
-2590
2786
7545
8640
10103
6731
-295
-3304
-3889
-3614
-3904
-4023
283
1738
-3201
-7371
-7513
-4247
-2143
-1020
1742
5409
4319
-1281
-4894
-6495
-7019
-9214
-9943
-10854
-10418
-10308
-7274
-5156
6020
22073
14063
11566
3782
2991
2091
-3218
5354
4310
6799
-3978
-7511
-6623
-8006
-6151
353
11760
8916
11230
6198
-1162
-1806
-3241
-137
4822
7327
8792
8341
2874
-2718
-4091
-3309
-3378
-3946
-2387
2049
160
-5763
-7756
-6400
-2532
-821
175
4467
6421
2460
-3188
-5218
-6050
-7450
-8974
-10373
-9717
-11092
-10951
-6585
-4708
12037
21723
12478
11977
2578
5043
1464
-2064
6164
6211
5544
-5773
-6399
-7379
-7521
-6177
1217
10890
8743
9948
4135
-991
-1570
-2133
1104
4874
7838
7819
6370
1338
-3816
-3073
-3636
-3780
-3076
-1295
1810
-2068
-7108
-8303
-5890
-2109
-427
1922
5567
5958
343
-4351
-5503
-7023
-7274
-9751
-9482
-8841
-11613
-11010
-6194
-3983
13226
21433
13184
13264
2733
7089
1337
-2275
7147
6690
5781
-6073
-6946
-8169
-7608
-8316
-1128
11448
8221
9846
4610
-932
-325
-987
-98
4841
7839
6337
6219
-323
-3913
-3149
-4617
-3603
-3224
-786
662
-2945
-8321
-8894
-4943
-2153
845
2647
6085
6284
-318
-4195
-5870
-5904
-7198
-9099
-8456
-8310
-10609
-10368
-5036
-3152
14313
20944
13941
13719
4361
8118
498
-122
7469
7686
5880
-7225
-6733
-9163
-9106
-10652
-1062
11168
7735
11106
3741
36
829
-2015
-534
4419
6651
5619
4828
-1778
-3510
-3673
-4585
-3897
-3351
-1336
-682
-4700
-9736
-8221
-4539
-668
1678
3892
7758
5408
-793
-4791
-4864
-5167
-7638
-9015
-7828
-8626
-11234
-9652
-5331
-1065
16161
21496
15225
14139
5134
7601
763
834
8798
9282
4452
-8140
-7932
-10986
-11301
-12293
248
10845
9350
10642
2476
1460
-684
-2749
-1077
4520
6809
4819
3284
-2247
-3860
-5314
-5067
-4147
-2692
-1938
-2513
-6129
-9945
-7645
-4501
256
3115
5565
7719
3933
-2022
-4347
-4398
-6067
-7427
-7848
-7234
-8286
-11030
-9924
-3989
-1150
14343
22497
16443
16403
4988
8039
2306
700
10556
7949
5322
-7521
-9526
-12463
-13088
-12385
-1203
12384
9823
10884
5113
763
-1378
-2850
-1353
5460
6997
3800
4104
-1216
-5034
-5964
-5052
-2933
-1992
-3420
-3881
-5356
-8497
-8442
-4480
1595
5151
6523
5818
2820
-841
-3598
-4833
-6600
-5881
-6580
-7290
-7807
-11252
-9778
-4251
-2049
9218
23383
18139
15646
7117
5330
5144
575
8317
7170
6790
-5868
-11564
-12868
-14475
-11258
-3394
11783
10684
11703
6792
-1066
-1712
-3035
-1262
4846
6087
4210
4793
-1266
-6265
-6711
-4318
-2921
-2701
-5068
-4286
-2845
-8215
-8659
-3656
2508
6695
5637
3775
3854
1123
-3792
-6697
-6457
-4722
-5368
-6966
-7963
-9638
-9384
-5700
-3708
3833
22153
20226
15908
10050
3199
8059
806
4233
7969
7757
-2159
-12491
-13187
-15058
-9503
-5523
8414
14353
11866
8144
-1348
-2818
-2817
-1403
2328
5491
6562
3752
-312
-6750
-7140
-4269
-4032
-3660
-5488
-3001
-2765
-6988
-8135
-3624
3452
6065
5011
3681
4364
2205
-4383
-7458
-6106
-4516
-4487
-7169
-7874
-8462
-8384
-7082
-4326
1371
16191
23510
16041
12614
4613
7607
3914
371
8376
7388
2488
-11048
-13898
-13020
-9507
-5970
3934
15817
11537
8368
-198
-4128
-2414
-1815
519
5730
7540
2876
176
-5324
-7920
-5299
-4528
-4472
-3450
-4140
-4302
-5156
-7654
-4372
1624
4403
5876
4552
3378
2285
-3762
-7325
-6302
-4296
-3889
-6057
-8124
-7443
-7527
-8398
-3733
1386
9891
23546
18686
14479
8475
4143
7400
247
5703
6970
4559
-6592
-14075
-12357
-10385
-3632
326
13115
12494
7656
2242
-5000
-3435
-1901
1208
4768
7368
3174
201
-3843
-8936
-6996
-5644
-3378
-2800
-5048
-5330
-5188
-5724
-4931
-447
4006
6910
6069
2478
989
-2865
-6044
-6185
-4880
-3739
-4799
-6755
-7007
-7702
-7970
-4953
776
5215
12636
23551
16686
12314
4279
3920
6418
108
6511
4438
2595
-8891
-13380
-10303
-5552
-125
3345
13387
8660
4377
-1498
-6279
-2510
1368
2780
4958
5931
255
-3034
-6809
-10424
-6692
-3367
-3253
-3329
-5289
-5473
-3952
-4203
-3094
2304
6367
6764
3622
-10
-2037
-4282
-5673
-5676
-4548
-3949
-4332
-7182
-6913
-6782
-4831
-1201
3346
6453
17009
22767
12678
10808
1898
5479
3869
1382
7259
3709
1116
-11215
-9941
-7856
-2400
1175
5574
11990
4477
1836
-5241
-5016
746
2225
3826
5151
3291
-2276
-5858
-9671
-8915
-4296
-3205
-2957
-3575
-6020
-4710
-3500
-3190
208
4637
6445
5019
1662
-2720
-3193
-4878
-6521
-4967
-4109
-3284
-4820
-6109
-5102
-4507
-2344
267
4739
6803
14290
21335
13874
10253
1001
3834
4822
1605
7182
3993
2890
-7801
-9302
-6711
-2663
147
3768
9749
3412
1095
-3566
-3096
645
2113
1924
4246
2460
-5026
-6911
-9688
-7912
-4147
-2513
-2781
-2827
-4989
-4887
-2577
-2435
331
3518
5654
3701
701
-3357
-5034
-5695
-5961
-4674
-3328
-2143
-3269
-3486
-3304
-3339
-1258
859
3450
4483
11411
20275
13240
8489
66
2889
6140
1682
7692
5193
5162
-4831
-9416
-6882
-4483
127
1903
8122
3952
1411
-1621
-3576
-456
258
1469
2483
701
-5788
-8453
-7255
-5890
-3653
-1963
-1305
-2014
-4486
-5565
-3515
-582
1203
2909
4740
3622
-557
-5165
-6430
-5235
-4151
-1928
-1693
-800
-1009
-2682
-2595
-2270
-969
-112
1745
3040
3625
15354
15397
8077
5098
58
8194
4129
5930
8747
7620
2397
-9729
-7881
-7497
-848
-855
5243
7210
1566
1019
-6129
-4645
-2025
631
264
694
-3542
-6443
-3750
-6532
-4235
-643
799
-877
-2721
-6093
-3747
214
-633
2071
2508
1527
-1592
-4444
-6326
-4260
-1570
-1062
95
-432
184
216
-1128
-1785
-1094
505
-330
447
3
6094
17335
9611
7692
2057
4358
8714
4401
10866
6523
7299
-5352
-10793
-6279
-4825
1164
892
6458
1143
-1145
-6141
-8814
-3163
-2020
184
49
1118
-4657
-4479
-4677
-4671
11
-857
-488
-2053
-3881
-5497
-1310
-547
-737
1373
-1177
-891
-3239
-4978
-4558
-726
-150
282
3115
651
1946
-663
-1323
260
-511
-1483
-3126
420
-794
10823
13966
7231
7134
1024
9496
6662
7969
10400
6853
4229
-9435
-6476
-5300
-839
-866
1291
2734
-4127
-3482
-9373
-5832
-2361
324
1954
2431
-1922
-6510
-2353
-3467
-2211
-999
-388
358
-2473
-7178
-5040
-923
353
618
-163
224
-674
-2958
-5427
-2645
344
4064
4700
1636
1305
196
1710
1070
-2584
-2907
-2441
-3399
-3558
-4606
8439
17011
9038
6500
2234
9518
8959
6877
11513
9080
6794
-8444
-8310
-7006
-4475
-1348
-3641
1089
-3772
-4165
-9281
-7084
-334
3059
2379
-2521
-521
-2613
-1916
-3846
-4605
678
2595
-2373
-5464
-4246
-1727
2226
33
-1825
1835
1216
-3662
-5420
-4449
1749
5198
3608
2759
2995
3530
907
-1571
-3019
-1266
-2490
-6723
-8474
-5679
-875
10055
14078
9519
9802
4407
9273
8550
10351
13540
6864
2061
-11590
-10530
-7524
-5826
-3459
-372
1265
-5116
-6394
-8960
-3184
736
-1298
338
1747
93
-4327
-3905
-2909
-1445
-414
-597
-91
887
407
-2651
-869
-226
-1380
-1514
-2548
-2509
-1083
739
-373
3420
6717
5739
4007
-363
-1580
-1148
-1330
-6116
-6970
-5679
-6664
-3463
-3825
9515
18513
12753
9910
3198
10674
9887
6901
9148
3182
1600
-11492
-12665
-6395
-2241
816
-2047
-343
-5745
-5526
-7233
-5918
2620
2586
1788
-1917
-2129
-4756
-3457
-1178
-3116
3585
5202
4228
858
-4064
-4943
-2081
-1219
-3922
-414
1401
1133
-1121
-1491
2685
6731
7627
2150
287
-931
-2569
-3209
-5464
-5893
-5821
-4746
-7236
-4749
-330
5537
18862
14980
9566
4916
1009
4866
2301
7796
5410
2134
-3259
-10620
-2998
-3424
-2169
-1808
-1551
-2890
-6224
-4102
-2638
2290
399
-3373
-4468
-2745
-773
-1695
2213
3569
4637
4816
-624
-3529
-3013
-2492
-2499
266
662
1695
2484
-1405
-224
1090
3792
4477
3061
1331
-2007
-2634
-5820
-5206
-4270
-3250
-3196
-4527
-2838
-3719
-513
390
7867
16727
8093
2380
-4366
-1593
5179
4775
12427
8506
5333
-4694
-12424
-5693
-4795
1815
1741
785
-2431
-4507
-3768
-6517
-3768
-3003
-2
1023
1407
3061
3236
4110
-29
-3151
196
1766
1070
701
-140
1670
2080
-142
-1186
1379
3110
938
290
453
-423
-1332
-3081
-4961
-2056
-703
-3113
-1772
-1022
-757
-903
-2460
-4312
-1874
-1736
-1018
8526
3971
1005
-1203
1587
11385
8964
13201
4113
-1140
-5860
-12017
-954
1632
5580
969
-2882
-9382
-11249
-3929
-4242
2382
2384
2934
1615
-1964
-1706
-2053
2684
1125
566
4244
4543
3469
581
-1626
-1009
1587
1609
325
847
-457
-2464
-3483
-4901
-3665
688
1987
966
-219
-1192
-543
96
-293
-2180
-1833
-6503
-9486
-6649
-5002
-2723
5698
10819
7300
5661
-334
3866
8177
7531
9882
2143
785
-4222
-4485
1427
-1759
-404
-4130
-5147
-4956
-2895
1527
31
959
-3689
-4824
-2606
2080
5845
4898
5575
830
227
1613
1269
1957
1940
865
-422
-983
-3296
-3816
-3231
-2467
-1265
513
1443
713
1632
880
-662
-1968
-2447
-3042
-3638
-4483
-5805
-5868
-6288
-6241
-2979
-836
2264
11860
8667
3018
-368
356
11344
11152
11973
5864
-685
-2233
-8842
-1109
2710
3788
2217
-3935
-6655
-6740
-2186
-2296
282
632
-460
2495
1856
3598
3523
1991
709
-1479
1140
3689
4142
-761
-4321
-4373
-4331
-1738
-971
2116
2569
521
-2651
-3406
-517
972
677
-4038
-6039
-6749
-3765
-2696
-4507
-2942
-1818
-3766
-6014
-5214
-2434
2200
1350
6944
8364
5236
2804
706
9132
8551
8968
4019
-1946
46
-4147
1614
3245
2415
-1192
-7843
-5823
-3372
2850
4630
2316
-8
-2248
-2355
239
5281
4327
2724
508
-3459
-2242
1041
320
797
135
-836
1367
1425
1739
-450
-2271
-3789
-3942
-2336
-1994
-2400
-3046
-2672
-5567
-5306
-1925
-1659
134
-1932
-3835
-3333
-3031
-2771
-2973
445
518
7508
10546
3731
2225
884
5304
7885
5675
7380
2322
1829
-2483
-2871
5342
2652
1343
-4338
-3952
114
1136
1975
-2322
-57
-853
-1457
67
601
1835
-1002
-2508
-4441
784
6357
5189
2180
-3515
-4159
-1339
-960
-885
142
-656
-2999
-4503
-6241
-3219
565
-154
-1454
-4919
-3772
-2382
-1729
-2382
-3039
-868
-916
-772
-1443
628
655
366
282
4862
8561
3490
515
-1358
5560
8397
9147
9496
1133
1491
-3365
-240
5247
1992
2065
-2183
-1511
-2353
-1520
-144
-2381
-2171
-5624
-3439
268
3243
3177
-701
-1373
-2383
-211
492
-1416
-1358
-1076
-648
-20
-503
-1053
-1523
-3300
-3203
-1625
-358
-231
-1711
-4798
-6731
-6334
-4256
419
3639
2735
1045
369
-208
219
-9
-949
-970
224
-3282
2306
7802
4145
4508
645
4841
8475
6758
8044
2326
1957
-119
3412
8853
3928
217
-7146
-6810
-4015
-3388
335
588
-453
-3981
-5851
-4076
-96
2070
-2400
-4423
-1826
501
3216
3404
244
-2268
-1886
-45
891
2985
149
-3791
-4279
-8092
-8204
-3413
-1072
385
372
-1580
-252
1928
872
587
1468
410
695
-782
-2633
-1080
-1684
-1811
-2061
-1000
7161
8074
2959
-1413
83
10481
12000
10446
9276
2218
1083
-3345
-835
4284
2642
-2099
-8540
-6193
-4890
-1798
-1703
-4943
-4224
-4624
-1708
1034
3346
2049
-1141
-589
-340
3700
6781
4137
-195
-5216
-5914
-2374
-1066
-2963
-4402
-3519
-2000
-957
-1305
1077
2823
2142
-1765
-3262
1010
3557
3041
-1191
-3509
-3008
-728
-573
-280
969
-1262
-2321
-3081
-1096
9276
11027
6072
1312
-217
8072
8942
7319
5277
-891
-1906
-6340
-2829
2044
-864
-5484
-11235
-6964
-1100
3164
3352
-806
-2377
-2634
-488
3375
6441
4339
-482
-5039
-6143
-1839
2375
127
-2569
-4346
-3986
1264
713
706
1350
11
-813
-1343
558
2647
3377
-1164
-5169
-3817
-1630
928
1241
217
72
-680
-637
-1519
1427
2389
816
157
-33
-197
4692
9508
2285
-1596
-3388
1162
7534
2071
-492
-3915
-4233
-5565
-3541
5610
4369
1925
-3787
-4818
1895
5963
4793
911
-3050
-6990
-3912
-504
826
985
-2229
-4496
-4002
-9
3811
5736
2702
-1294
-1680
1136
3433
938
-63
-2136
-2723
-2288
-2576
604
1297
-472
-2539
-1822
-145
2325
1982
-283
570
-559
1294
2914
4015
3343
-609
-3458
-5505
-2119
-1189
1579
1150
-4891
-6805
-6266
1212
3697
4191
6711
1166
1973
1002
3730
10479
3680
-2248
-5583
-3634
512
1281
257
-2941
-2924
-5291
-3617
2618
4368
3156
-416
-1861
876
4720
4217
580
-2186
-4077
-3499
924
2429
758
-1300
-2939
-3359
-269
2528
2888
2207
-1701
-2616
55
2717
3188
2723
1784
-410
-1145
-762
-359
225
-1953
-6053
-8354
-8814
-7821
-5149
1719
2786
-113
-708
840
8071
7747
5669
6675
1601
1563
-1547
2342
7561
1223
-2912
-7355
-3487
1793
2920
2294
-2142
-2611
-2134
701
2537
1122
44
-2704
-2288
-406
2352
4302
1305
-2919
-5736
-3091
1336
3203
2472
-1217
-2142
-1330
548
1932
2244
1095
-133
1072
-363
764
1425
-515
-2140
-4757
-5657
-4773
-2699
-3548
-3544
-3799
-4240
-2664
-3017
-4147
-1105
6291
4915
2240
74
2031
8483
5648
5825
3179
1687
1989
-374
5707
4304
835
-2158
-4687
-681
2165
3328
1883
-1242
-2397
-2017
1439
2774
1056
-1614
-3908
-1322
535
3174
1776
-2311
-2969
-3669
345
2384
911
464
-413
-322
319
2622
3368
1303
-2244
-4977
-2642
-1111
-905
-585
-2316
-3944
-6263
-4781
-2581
-1855
-1133
-2062
-1961
-1642
-2596
-2513
-1651
2622
5890
4288
2284
1165
5619
6171
3429
3465
-476
1574
539
3378
8420
3782
725
-4571
-2524
2208
3163
1312
-2316
-2410
-3044
303
1459
830
466
-4601
-4891
-2922
1418
3015
-198
-2619
-4079
215
4629
3792
1189
-542
-803
181
802
359
1379
785
-3978
-6293
-5598
-2911
262
-1240
-2245
-2549
-3097
-3189
-3773
-1898
-882
482
801
-110
-253
-1906
-2825
1918
2626
550
1578
4055
9348
7791
6272
3539
-1144
199
-1092
4706
6506
1816
59
-1657
1025
1356
1702
276
-4101
-5213
-5018
-671
536
-1472
-3864
-5060
-1007
339
3385
4460
1666
1458
-23
1161
3353
1665
-623
-2450
-3161
-2007
-595
-760
-1202
-931
-2846
-2908
-2456
-2510
-1855
-2378
-2019
-1412
282
-270
-2357
-3720
-4233
-1928
1115
2659
1885
1720
-657
1760
3569
589
106
376
5555
6353
6174
6937
1948
3058
629
4085
7396
2270
-1022
-6651
-4550
-3099
-1303
644
-4499
-5301
-4031
321
3867
2698
1661
52
2002
1098
1654
2496
-195
-1049
-2449
-812
1844
1400
-1802
-4025
-4725
-3974
-983
288
199
-1223
-2636
-2699
-2396
-2858
-2536
-698
-877
-291
-729
745
1850
-69
-1992
-4139
-2973
-915
-236
-160
-1095
609
5464
4794
3321
2638
4965
9123
6330
5627
835
-1884
-2255
-2984
3413
1730
-188
-3559
-3704
877
2303
4225
1643
-803
-1801
-1241
2776
2897
2766
-744
-2799
384
1434
2726
-1831
-5781
-5682
-4819
-956
-532
-1116
-2055
-3379
-2620
-837
2686
3376
1987
-1289
-3521
-2282
-1418
-1126
-2163
-3241
-3642
-3055
-1718
-141
428
140
-834
-146
1623
2246
1957
966
-1429
827
4494
3132
1419
-1524
407
4348
4233
4410
415
-188
-1359
1222
7204
5302
3802
-2028
-2555
1409
4042
5799
2737
-1315
-4129
-3062
-236
-239
-1176
-4845
-6698
-3306
-1035
907
-412
-2657
-2525
-767
2041
1781
971
-890
-2906
-2110
-1228
-508
155
-332
-2598
-3035
-2636
-2261
-316
353
-596
-1025
436
800
1226
807
-693
-189
1016
650
173
-550
-787
-2049
-321
2759
1514
1470
-178
1963
5818
4833
6608
4321
1369
541
2823
9816
6468
1681
-5358
-5677
-1
-276
281
-2808
-4926
-5339
-2921
404
666
777
-2891
-4160
-1819
1098
1674
87
-3362
-4969
-1821
946
1773
-907
-1944
-3019
-1417
269
-36
1658
985
-1130
-2892
-1516
-264
1409
1377
-534
380
1458
1597
1080
928
-1073
-1344
-491
255
1270
-115
-1641
-1482
-1286
2669
5195
4682
2329
-72
3249
3832
4718
4372
-153
-707
-2635
3081
6058
2971
-1752
-6788
-1902
-467
691
-1555
-5088
-4360
-4038
-540
1212
1469
-636
-3898
-3748
-2807
474
1387
-2210
-3676
-3925
-952
2056
718
-750
-1733
-51
911
1422
2839
3210
2103
-693
-1988
-711
1925
2537
1546
214
-1230
-785
1158
1775
1140
195
-1349
-698
89
-58
-400
-1439
-2980
-2874
2031
4330
4029
1081
-1235
1048
2972
4808
3727
-116
-2489
-2920
2537
3793
668
-2411
-4396
-1134
235
284
-806
-3007
-4651
-5183
-1358
912
1108
-1273
-4986
-4220
-1397
2122
2871
1662
902
661
1601
1327
666
1169
1705
1665
937
981
1610
2709
1944
-198
-142
-14
1152
1185
264
-240
-1520
-1437
-495
284
410
541
-455
-1012
-2464
-3424
-2572
-2894
-3766
-4330
1462
3158
2095
-811
-1041
4156
3823
5061
2845
-311
-1731
-4053
2474
2900
758
-2523
-5338
-2066
-2503
490
-198
-2165
-2798
-2723
3195
4505
4415
1428
-1572
-418
-21
4110
3425
1435
-324
-2261
-537
352
2240
2490
2137
-562
-2191
272
2006
3662
2071
-348
-254
668
1233
321
-631
-3096
-5499
-5981
-4851
-1753
-133
-2408
-4121
-3341
-789
1186
359
-1934
-2039
-2026
-774
1424
1065
-34
-1476
-40
1566
3277
3791
451
-1611
-4128
-195
5743
4842
1968
-2840
-530
2519
4185
4182
1541
1395
-269
870
2283
2388
2699
-185
-1132
-1900
-520
1015
201
797
105
203
1187
2112
2860
3335
2133
-690
-2383
-3306
-2584
-1011
-2341
-3856
-3745
-3634
-2328
-616
-464
-1142
-2160
-3073
-3142
-2673
-2925
-2537
-1539
-1853
-3093
-2910
-2487
-1553
-1771
-2147
607
2274
2416
-24
636
2982
3754
5109
4726
3496
3040
1949
4034
3965
2558
1034
604
1649
1225
2903
2595
450
-1295
-1437
1655
3659
3747
3084
1071
-421
-1508
-1415
-607
-1023
-1253
-2184
-3039
-2356
-1196
497
301
120
-347
-1032
-1073
-1870
-1798
-2544
-3423
-2816
-2176
-1825
-2357
-2570
-2331
-2528
-2918
-3167
-2353
-1559
-873
-1048
-1092
-1098
-481
154
1133
1683
3369
5084
3246
1011
-442
1779
3197
2836
4070
3932
3785
212
192
4181
5409
6630
2432
1982
1547
1300
1813
94
-334
-1820
-720
-1367
-1273
214
-176
106
-2394
-3227
-1519
-466
-593
-2036
-3434
-4498
-3636
-2397
-567
301
-45
-1040
-2315
-2120
-1083
-701
-1016
-1814
-2840
-2149
-2310
-2103
-1138
-1351
-890
431
1411
1837
1167
77
-272
237
-463
-989
-460
433
240
649
1457
2044
3004
3228
3725
4597
4845
5019
3163
616
-1801
58
3066
3422
3011
1437
1273
208
211
776
2245
2072
-345
-2737
-4076
-3967
-3032
-2177
-2108
-2009
-1801
-2068
-2684
-2314
-368
402
-813
-2409
-3600
-1589
-1350
-1084
-340
341
1339
-104
-537
-645
780
747
-210
-761
-1409
-934
-1732
-440
105
46
63
-659
570
1551
2027
1134
447
-478
-1238
-1934
-1763
-462
1024
2103
2052
2560
2861
3205
3807
3522
2658
1673
2573
1861
1121
928
705
715
186
-447
181
1045
-71
-630
-671
-181
-525
-1452
-3116
-3316
-2550
-2212
-1424
-1628
-1086
-766
-680
-53
-538
-179
96
347
970
626
793
966
1046
381
-236
464
286
514
-514
-1771
-496
-442
-1168
-2618
-3349
-1924
-873
-209
-763
-287
-57
-761
-810
-1291
-1295
-844
-470
480
1017
921
872
83
817
2197
3659
4286
2377
1823
2040
2559
2128
874
1425
1533
1403
-36
-670
-195
2
439
398
594
-298
-2267
-2296
-1798
-636
1170
547
-130
-513
-1047
-551
307
624
927
1212
412
-588
-1114
-1883
-1614
-1080
-1349
-1853
-1856
-1232
-721
-598
-1079
-1874
-1724
-1792
-1659
-885
-1056
-1657
-1841
-2061
-1883
-1327
-1153
-742
-243
-508
-908
-523
41
587
1009
249
458
1270
1580
2628
3348
3205
3337
3100
2133
1812
1748
1994
2216
2600
1983
2458
3099
2844
2904
1788
1523
1646
2096
1141
-213
-737
-1855
-1604
-2075
-2195
-1354
-791
-771
-1197
-994
-1414
-1494
-1801
-2557
-1918
-962
-404
-1171
-1746
-2020
-2023
-1477
-1732
-1068
-798
-663
-1004
-877
-337
-1230
-1779
-1889
-974
-10
-268
-501
-376
91
-935
-1056
-253
922
2192
1200
998
961
1310
1942
2391
2989
2532
3205
2476
1999
2193
2283
3907
3642
2918
1793
1334
1150
540
774
215
392
-524
-1189
-2016
-2991
-2304
-2545
-1944
-2230
-2334
-2214
-1786
-1643
-2002
-1208
-1467
-977
-573
81
534
-126
-659
-1180
-893
-1444
-1780
-931
-578
-598
-650
-282
-213
-225
34
109
813
788
472
161
-244
-819
-693
-283
-756
-322
-451
240
843
1416
1199
450
230
311
1615
1951
2511
2720
2058
1438
1381
2229
2123
1368
475
134
656
543
1199
904
231
-514
-1203
-250
536
231
-638
-1090
-1404
-1751
-1844
-1965
-1644
-1295
-1892
-1471
-1219
-1207
-605
-893
-664
-136
335
552
281
277
898
827
92
-520
-276
545
37
61
518
1081
1065
140
-239
-1101
-739
-445
-486
-576
-1443
-1257
-1635
-1642
-1288
-631
-338
-857
-1350
-1121
149
629
1642
1926
1790
2893
2374
2401
2722
3042
4021
4121
3288
1472
1418
947
773
650
-419
-786
-1470
-1570
-1983
-2178
-2445
-2574
-1125
-259
-51
-138
98
17
331
450
-955
-1222
-1052
-431
529
1043
863
630
-94
-858
-427
-135
-129
-177
-71
-230
-598
-1573
-2770
-3042
-2619
-1951
-1937
-2607
-3138
-2908
-2170
-2483
-2550
-2060
-1192
-327
194
941
1626
2212
1679
2055
3278
3953
4588
3882
2997
3288
3195
2668
1773
719
494
994
1119
1455
2015
2122
1891
1058
189
-69
-788
-1435
-1132
-291
335
12
-932
-1002
-288
241
527
15
96
-63
-510
-470
-1244
-1205
-1232
-1799
-2081
-2309
-1750
-1468
-1322
-1870
-2684
-2642
-2859
-2548
-1930
-1466
-1383
-2099
-2387
-2237
-1028
-231
-483
-635
-704
140
885
1027
554
725
852
827
1423
1209
1870
2381
2887
3968
4652
4270
3280
2484
1034
1734
2043
2276
2942
2618
2632
2091
1790
902
974
1036
941
1556
571
-334
-1940
-2848
-2603
-2635
-2145
-2474
-2568
-1883
-1412
-1175
-1326
-2276
-2498
-1994
-1962
-1289
-964
-1319
-1512
-2340
-2330
-1259
-601
-1039
-1525
-1349
-1119
-134
-1084
-1288
-1458
-1766
-1388
-1594
-142
617
1214
1207
716
1215
1311
826
-208
-436
1158
2739
3615
2694
2037
2570
2483
2848
3600
3999
4346
3740
2153
1774
1452
986
592
-90
-459
199
1435
1065
473
-672
-1506
-1289
-1928
-1607
-1665
-1521
-2229
-3110
-2315
-1822
-1088
-1501
-1088
-39
845
913
-458
-485
-1056
-1455
-1520
-2501
-2282
-2134
-1719
-848
-401
-334
-923
-704
-771
-378
-707
-1590
-792
-119
989
1016
840
929
1032
1276
957
1625
1412
1094
433
-449
132
27
207
43
235
911
1157
1512
1605
2225
1795
1222
485
462
774
614
507
-282
100
335
91
-335
-481
-507
-333
417
237
812
815
-792
-1534
-1774
-1548
-809
-345
-377
-81
452
359
127
-1003
-2000
-1852
-1265
-214
37
-219
-560
-747
-499
-472
-278
111
274
763
1049
928
554
-532
-1071
-1133
-395
298
383
108
-675
-599
-489
-249
-182
-212
-101
113
349
401
119
16
254
-232
-7
199
1235
1768
1867
2449
2188
2040
962
614
592
659
234
509
1592
1672
1282
207
-70
224
678
-120
-1201
-959
-597
20
140
-714
-1337
-668
-392
-92
359
253
-230
-678
-1327
-1644
-850
-832
-634
-746
-1140
-1065
-533
-745
-1686
-2044
-1228
307
815
312
-697
-826
-426
-568
-602
-762
-979
-1169
-1214
-1037
-810
-101
-106
176
331
227
621
457
308
407
1068
2071
2760
2681
2146
2132
1934
1451
1140
1263
1908
2392
1370
308
212
412
760
593
468
41
341
425
-372
-804
-1096
-1092
-424
-90
-831
-865
-1239
-2238
-1815
-1477
-1243
-793
-1411
-1585
-731
-266
-701
-1227
-1472
-1670
-778
-827
-1115
-903
-1232
-1129
-1224
-749
-719
-988
-1383
-1815
-742
143
530
352
269
81
416
786
526
862
1128
1603
1917
1827
1273
1479
1575
1357
1650
1911
2189
2336
1957
1556
1698
1851
1854
1941
1928
1616
1515
808
232
-416
-562
34
82
494
161
-55
-399
-1150
-1620
-1848
-1574
-1746
-1518
-1226
-1112
-932
-1004
-863
-844
-958
-1198
-1427
-1756
-1901
-1906
-1505
-1246
-1385
-1378
-1366
-1118
-547
385
133
-192
-243
-23
399
-238
-776
-510
616
775
-249
-753
-786
-93
494
471
1084
1836
2297
2074
1984
1253
811
1355
1552
1876
2422
2806
2625
2685
2186
2014
2309
1450
884
380
45
69
-213
-610
-946
-704
-672
-785
-908
-1055
-1253
-1360
-1572
-1805
-1695
-1315
-1028
-831
-1092
-1536
-1537
-1297
-1199
-795
-787
-1561
-1696
-1818
-1454
-998
-1025
-1211
-1378
-1093
-1059
-534
-343
-446
-154
416
641
106
-305
-934
-710
-359
-449
-56
612
928
1537
2086
2216
2504
2087
1536
1649
1857
2018
2092
2029
1664
1659
1354
1058
1205
1254
1486
1442
1372
764
622
837
977
743
200
-410
-658
-277
-668
-1025
-900
-1202
-1355
-1528
-1915
-1532
-1081
-1179
-1453
-1110
-1450
-1944
-1968
-1996
-828
-391
-851
-1125
-1285
-1589
-2596
-3009
-3007
-1997
-936
-648
-154
357
519
661
603
614
1104
1065
1177
1239
1466
1147
138
-743
-1056
380
1149
1308
1150
588
1044
1437
2044
2572
3291
3523
2852
2729
2573
2597
2446
1687
916
597
894
951
994
743
199
-72
-387
-1006
-1189
-1254
-1200
-990
-988
-382
-413
-569
-1660
-2521
-2654
-3120
-2419
-2238
-1979
-1925
-1958
-1392
-1058
-955
-1278
-1220
-556
50
360
122
-219
-449
-871
-749
-750
-544
-588
-867
-655
-436
296
53
-42
-116
144
1132
1321
1428
931
980
1176
937
1071
1150
1452
1292
1125
1694
2257
2772
2368
2011
1740
1403
1469
1209
1566
1456
1667
1283
161
-605
-1465
-1557
-1933
-1720
-1125
-778
-632
-1320
-1404
-1674
-1834
-1728
-1232
-334
-111
-391
-863
-859
-1193
-1548
-1995
-2385
-1878
-1497
-1371
-1423
-1557
-1541
-1248
-1027
-539
88
416
222
24
403
683
471
-514
-913
-654
-91
334
206
148
108
277
479
777
903
1289
1967
2001
2606
2619
2104
1828
1250
1446
1789
1754
1697
1951
1874
1585
1416
1129
991
978
667
995
1502
1737
1687
1210
639
-75
-561
-668
-695
-774
-1247
-1656
-1670
-1601
-1653
-1620
-1125
-863
-418
-593
-784
-748
-1010
-1256
-1928
-1837
-1790
-1525
-1423
-2133
-1734
-1585
-1084
-1155
-1610
-1331
-1033
-339
-397
-125
192
557
577
-5
-319
-593
-510
-334
-192
237
614
595
427
484
899
1174
1146
1257
1830
2906
3530
3127
2450
2246
2041
1629
1738
1559
1675
1430
805
776
704
437
-199
-218
-155
-136
-162
-358
-395
-465
-903
-1454
-1485
-1511
-1465
-1641
-1720
-1699
-1701
-1777
-2210
-2181
-2047
-1777
-1679
-1639
-1318
-891
-563
-1009
-1417
-1543
-1149
-931
-927
-504
-122
-201
-700
-963
-877
-586
-460
-349
-8
315
458
329
424
916
1570
2170
2321
2287
2225
2427
2540
2376
2525
2639
2857
2509
2322
2294
2420
2642
2107
2259
2177
2103
1782
1302
915
401
-52
-941
-979
-943
-1102
-1385
-1850
-1926
-1977
-1842
-2022
-1974
-1947
-2104
-1869
-1589
-1452
-1520
-1682
-1748
-1686
-1700
-1705
-1881
-1755
-1737
-1478
-1577
-1576
-1332
-1388
-1426
-1603
-995
-348
-237
-392
-453
-144
261
364
539
863
1019
1024
792
1007
1500
2004
2216
1918
1960
1924
1986
2374
2942
3627
3624
3449
2840
2391
2487
2067
1806
1380
1249
1056
792
384
-254
-504
-1240
-1455
-1265
-1204
-1377
-1618
-1617
-1823
-1838
-1857
-1566
-1364
-1348
-1500
-1461
-978
-1156
-1305
-1568
-1888
-2025
-2150
-2209
-2045
-1671
-1473
-1324
-1123
-930
-814
-711
-717
-337
106
115
18
23
165
-85
-475
-484
-145
477
717
785
1255
1954
2448
2598
2072
1590
1646
2122
2460
2776
3532
3589
3306
2428
1598
1779
2048
1926
1540
1251
994
457
-31
-259
-381
-448
-1037
-1623
-1598
-1556
-1366
-1705
-2146
-2267
-2097
-1861
-2176
-2094
-1910
-1366
-1072
-1105
-839
-1043
-994
-1441
-1701
-1376
-1259
-1068
-1116
-892
-1183
-1493
-1456
-1450
-717
-594
-607
10
188
17
-433
-839
-789
-245
137
544
1211
1555
1650
1867
2142
2269
2456
2171
1928
2406
2946
3513
3549
3442
3385
3245
3046
2490
2284
2052
1645
1228
804
155
-444
-765
-1163
-1508
-1877
-2058
-1971
-1940
-2182
-2060
-1821
-1779
-2028
-2151
-2005
-1558
-1345
-1403
-1369
-1416
-1366
-1697
-1894
-1615
-1268
-1039
-1168
-1528
-1886
-2020
-1773
-1488
-1237
-938
-708
-379
-259
-405
-201
-200
-202
-206
-77
130
366
578
727
1325
1897
2456
2863
3082
2963
2883
3121
3237
3559
3579
3503
3448
3034
2500
1875
1794
1739
1683
1652
1279
1175
805
394
-1
-673
-1067
-1442
-1434
-1473
-1665
-1900
-2049
-2013
-2072
-1891
-1603
-1684
-1914
-1982
-2042
-1790
-1735
-1919
-1751
-1650
-1736
-1875
-1870
-1932
-1946
-1918
-2206
-1946
-1857
-2166
-1918
-1811
-1421
-940
-650
-445
-147
225
204
313
209
312
868
1332
1560
1808
2413
2548
2595
2548
2494
2924
3295
3504
3627
3741
3585
3284
2903
2381
2328
2249
2121
1978
1735
1597
1271
837
108
-233
-635
-936
-1112
-1515
-1632
-1652
-1614
-1844
-2154
-2455
-2479
-2072
-2071
-1871
-1900
-1871
-1719
-1768
-1894
-2173
-2178
-2453
-2234
-1774
-1390
-1140
-1749
-2073
-2073
-1541
-1116
-1240
-1341
-1428
-1095
-940
-796
-693
-490
-259
129
706
1140
1694
1802
1634
1634
1631
2008
2396
2512
2596
3032
3417
3383
3211
3143
3203
2920
2714
2507
2769
2823
2314
1887
1387
1245
706
295
-315
-838
-887
-1427
-1330
-1383
-1542
-1633
-1972
-1836
-1712
-1256
-1053
-853
-836
-1258
-1286
-1544
-1593
-1682
-1637
-1401
-1460
-1460
-1710
-1887
-1816
-1598
-1438
-1423
-1431
-1651
-1505
-1362
-1446
-1555
-1431
-992
-611
-291
-266
193
877
1169
1286
1479
1778
2150
2282
2249
2620
3231
3503
3131
2831
2631
2809
2840
2303
1902
1806
2011
1936
1677
1059
526
365
1
-88
-400
-651
-596
-664
-778
-1278
-1536
-1834
-1866
-1763
-1675
-1345
-1318
-1464
-1776
-1940
-1905
-1929
-1585
-1254
-1223
-1360
-1555
-1675
-1850
-1967
-2038
-1872
-1733
-1670
-1772
-1777
-1532
-1559
-1396
-1211
-983
-438
-244
-47
502
1110
1573
1718
1664
1702
1915
2153
2219
2630
2911
2681
2557
2298
2263
2330
2141
1858
1884
2049
2089
2169
1958
1342
823
392
190
212
212
-17
-291
-260
-418
-491
-733
-1089
-1135
-949
-783
-763
-820
-1212
-1601
-1487
-1592
-1689
-1537
-1414
-1260
-1479
-1624
-1639
-1290
-1161
-1445
-1499
-1550
-1221
-1186
-1410
-1605
-1343
-946
-1109
-1024
-796
-279
-76
-258
-255
185
863
1100
1360
1521
2053
2589
2494
2312
2139
2553
2856
2785
2598
2550
2714
2695
2639
2583
2826
2852
2344
1928
1718
1549
1233
691
397
340
97
-549
-1056
-1274
-1332
-1511
-1680
-1601
-1660
-1816
-2084
-2366
-2382
-2467
-2529
-2532
-2685
-2641
-2734
-2838
-2864
-2863
-2585
-2435
-2091
-1856
-1771
-1937
-2194
-1871
-1653
-1324
-1163
-968
-533
-169
300
498
850
1081
1054
1096
1485
1915
1964
2053
2084
2341
2898
3155
3202
3068
2701
2454
2594
2567
2477
2442
2419
2120
1776
1546
1062
942
718
635
599
319
42
-250
-372
-697
-957
-1025
-1193
-1319
-1633
-1926
-2011
-2190
-2294
-2050
-1852
-2071
-2277
-2455
-2380
-2076
-1989
-2148
-2130
-2030
-2047
-1817
-1772
-1707
-1562
-1459
-1298
-975
-618
-223
132
170
197
787
1362
1611
1730
1745
1861
1784
1770
1954
2427
2678
2538
2369
2351
2460
2528
2479
2338
2295
2367
2451
2476
2366
2129
1775
1502
1213
981
812
305
-73
-393
-537
-629
-686
-674
-781
-918
-1266
-1355
-1340
-1449
-1606
-1823
-1710
-1721
-1967
-2173
-2367
-2190
-1991
-2138
-2253
-2167
-2172
-2057
-1819
-1788
-1677
-1333
-1297
-1075
-1032
-1033
-441
-290
-68
7
120
446
537
673
662
924
1195
1233
1307
1585
1974
2070
2046
2109
2265
2381
2212
1965
1890
1717
1553
1446
1355
1542
1475
1268
949
526
429
298
151
-169
-222
-228
-432
-660
-947
-948
-965
-1193
-1426
-1704
-1745
-1695
-1824
-1982
-1969
-1756
-1679
-1545
-1652
-1732
-1648
-1666
-1406
-1298
-1234
-1091
-1021
-858
-972
-1034
-937
-781
-668
-592
22
460
721
731
707
1043
1375
1532
1568
1521
1402
1345
1315
1371
1366
1448
1419
1235
1236
1131
1297
1301
1124
1062
978
998
739
528
363
151
191
53
29
-56
-234
-335
-527
-478
-579
-706
-708
-772
-886
-1145
-1236
-1017
-714
-552
-582
-370
-47
73
53
-186
-133
-32
-8
-25
78
336
371
374
319
415
554
530
486
456
612
614
409
150
101
427
678
704
480
380
383
264
299
66
-76
-119
-273
-335
-408
-356
-354
-438
-686
-648
-568
-571
-634
-762
-682
-589
-597
-705
-654
-603
-662
-707
-583
-189
-8
-18
-181
-45
-16
-162
-214
-336
-90
49
75
219
408
583
616
725
703
750
785
584
377
251
407
566
808
669
368
399
374
453
461
488
451
294
95
-274
-216
-95
-113
-151
-309
-231
-80
-74
-196
-288
-440
-730
-851
-982
-1022
-1020
-1259
-1510
-1496
-1239
-958
-569
-493
-437
-310
-313
-249
-92
-29
-236
-172
86
348
634
511
367
411
536
655
643
641
486
424
459
496
773
839
843
862
916
916
653
594
737
1041
1075
808
443
285
317
223
155
161
139
96
88
94
37
-52
-369
-509
-477
-759
-986
-1222
-1488
-1351
-1155
-852
-819
-957
-1106
-1055
-806
-954
-1006
-966
-903
-773
-649
-417
-194
2
-32
-25
198
467
541
411
363
289
503
714
801
968
1179
1139
920
750
624
888
1128
1014
910
873
915
977
994
847
797
847
892
900
896
811
731
639
371
289
209
-1
-361
-699
-948
-1006
-1046
-1196
-1135
-1000
-988
-1175
-1323
-1351
-1345
-1326
-1323
-1225
-1066
-911
-798
-608
-545
-541
-594
-565
-429
-398
-473
-678
-522
-351
-234
-15
63
295
428
455
509
606
670
709
723
795
977
1062
820
642
585
730
970
932
865
1099
1249
1270
1133
847
827
706
513
513
454
411
329
208
58
-141
-381
-587
-763
-903
-800
-946
-1071
-1150
-1137
-759
-558
-518
-578
-545
-597
-692
-922
-1128
-1123
-1170
-1095
-1072
-1011
-806
-497
-413
-529
-472
-407
-315
-255
-111
141
316
292
237
354
515
455
510
626
774
1059
1175
1079
974
1127
1187
1173
1135
862
990
1157
1212
1250
1187
1103
1055
1010
811
723
522
215
105
22
52
224
221
218
156
252
220
120
18
-306
-493
-636
-778
-880
-997
-1136
-1188
-1182
-1247
-1263
-1287
-1280
-1272
-1235
-1412
-1429
-1322
-1283
-1172
-1185
-1155
-936
-814
-931
-755
-564
-433
-413
-456
-258
-69
98
0
150
458
627
760
722
859
1180
1457
1400
1176
1001
811
772
754
796
1006
1184
1303
1369
1590
1752
1820
1704
1385
1073
824
785
809
650
381
120
-60
-179
-193
-218
-260
-319
-519
-553
-499
-603
-792
-898
-973
-1128
-1195
-1279
-1354
-1411
-1540
-1578
-1483
-1401
-1542
-1581
-1531
-1428
-1280
-1247
-1090
-891
-745
-549
-388
-244
-164
-152
-45
107
222
109
3
-42
15
199
492
1010
1253
1306
1331
1452
1715
1847
1701
1561
1452
1497
1652
1614
1449
1314
1121
878
851
950
975
906
739
523
618
575
286
111
-59
-110
-190
-294
-585
-828
-948
-1206
-1137
-1165
-1295
-1415
-1546
-1576
-1511
-1445
-1413
-1375
-1282
-1229
-1132
-1071
-1119
-1029
-1022
-1051
-970
-821
-689
-563
-425
-214
84
298
418
508
563
652
803
817
838
913
1020
1168
1162
1107
1051
1058
1102
1189
1278
1251
1241
1221
1166
1187
1141
1205
1239
985
889
733
729
549
273
121
-40
50
-76
-154
-319
-514
-611
-802
-852
-877
-838
-893
-1004
-1215
-1294
-1333
-1509
-1607
-1628
-1589
-1393
-1277
-1298
-1232
-1078
-1038
-1048
-917
-839
-748
-786
-745
-500
-357
-218
-215
-204
-145
47
248
319
604
747
822
968
980
1007
1061
1129
1178
1334
1528
1499
1427
1394
1357
1451
1284
1124
1043
1088
1083
1016
948
710
529
403
321
372
338
105
11
-44
-91
-156
-276
-498
-612
-705
-741
-564
-427
-500
-721
-841
-933
-925
-931
-950
-934
-1006
-1090
-1018
-874
-867
-895
-1002
-1017
-841
-650
-457
-360
-414
-531
-516
-371
-229
-64
23
121
224
322
340
398
398
336
504
599
695
685
685
769
824
811
774
752
828
797
647
588
549
509
386
408
398
469
497
422
390
348
257
108
185
178
146
24
-134
-141
-268
-294
-354
-491
-729
-940
-1035
-1015
-817
-843
-819
-970
-1051
-997
-960
-868
-891
-763
-762
-753
-685
-606
-575
-572
-610
-519
-364
-242
-133
-105
-124
55
242
287
436
426
535
602
604
639
764
878
810
924
986
1219
1351
1237
1179
1198
1096
975
1004
1030
1068
1008
872
890
1108
1117
943
829
709
656
560
404
273
176
46
-197
-175
-280
-366
-576
-856
-849
-797
-791
-1070
-1166
-1241
-1097
-969
-1145
-1316
-1356
-1143
-1097
-1216
-1365
-1349
-1175
-1277
-1250
-1154
-1032
-829
-856
-797
-706
-520
-407
-328
-171
88
349
402
467
551
589
641
656
756
919
1118
1227
1207
1086
1044
1064
1059
1116
1156
1147
1082
1071
1022
932
907
898
941
843
774
666
485
343
173
40
-88
-207
-388
-471
-601
-755
-873
-1116
-1208
-1259
-1319
-1282
-1236
-1201
-1191
-1316
-1437
-1419
-1358
-1368
-1513
-1443
-1280
-1104
-962
-900
-794
-641
-494
-486
-387
-115
17
175
283
486
681
759
767
722
809
1022
1220
1325
1386
1385
1372
1370
1453
1665
1831
1723
1587
1480
1420
1462
1385
1216
1101
1084
1114
1120
1040
923
851
693
485
295
98
-59
-195
-238
-360
-421
-509
-772
-1029
-1206
-1342
-1333
-1313
-1381
-1420
-1412
-1447
-1370
-1246
-1325
-1434
-1539
-1593
-1533
-1316
-1144
-990
-940
-1070
-903
-718
-505
-305
-344
-307
-194
-34
47
137
284
410
531
658
760
788
835
951
1104
1198
1117
1135
1334
1372
1314
1129
1045
1008
866
676
596
642
639
677
616
616
599
436
279
158
116
134
10
-156
-281
-401
-406
-466
-627
-830
-835
-817
-874
-797
-905
-1019
-1074
-1081
-1025
-1070
-1088
-1189
-1134
-1042
-958
-895
-941
-1005
-941
-657
-483
-363
-354
-389
-331
-161
-41
51
181
221
333
442
462
630
707
673
631
554
641
792
900
794
804
868
969
989
768
721
765
842
802
781
770
802
818
598
449
519
582
452
357
403
423
402
175
-31
5
15
-140
-351
-457
-489
-519
-668
-842
-856
-894
-900
-912
-937
-934
-854
-818
-757
-676
-736
-735
-640
-511
-438
-348
-337
-274
-260
-204
-105
-93
19
107
266
315
271
274
323
385
305
285
377
503
605
644
779
854
866
769
731
861
1011
1044
965
916
901
901
866
688
553
564
418
251
165
154
118
41
-38
-52
-19
-160
-415
-569
-542
-554
-673
-832
-917
-932
-986
-1021
-1033
-967
-838
-861
-931
-912
-838
-782
-818
-793
-646
-521
-366
-295
-303
-255
-213
-237
-341
-274
-170
-123
-122
-137
44
148
293
270
326
435
461
553
520
636
733
679
678
700
762
808
785
688
651
679
679
630
530
386
309
281
215
173
121
143
133
156
59
-111
-164
-279
-266
-245
-291
-315
-327
-465
-574
-624
-683
-760
-705
-664
-712
-681
-644
-595
-555
-543
-582
-481
-514
-523
-382
-284
-195
-158
-172
-148
-147
-101
-81
97
185
145
162
165
260
354
431
487
543
544
557
661
813
873
802
659
578
609
626
666
778
723
664
528
570
515
542
620
603
487
-31
-190
-250
-235
-189
-242
-251
-426
-422
-418
-506
-447
-612
-643
-695
-584
-593
-620
-653
-752
-643
-669
-555
-434
-402
-297
-189
-227
-254
-293
-385
-447
-311
-237
-140
-61
-30
45
132
139
177
187
148
197
164
276
405
527
594
630
796
797
654
580
545
634
610
640
656
751
830
759
731
579
469
450
354
373
369
339
239
205
197
230
307
219
139
-7
-82
-169
-263
-432
-509
-419
-389
-451
-539
-601
-683
-692
-775
-915
-927
-981
-1039
-995
-845
-813
-990
-1133
-1181
-1083
-1037
-1083
-1095
-1043
-922
-842
-782
-618
-458
-314
-247
-234
-213
-132
-33
105
175
236
311
373
418
507
673
775
787
808
752
805
817
870
935
981
1058
999
959
978
924
852
865
792
695
574
494
624
631
514
388
330
366
378
402
347
286
194
149
10
-124
-196
-325
-434
-520
-556
-490
-482
-501
-465
-546
-581
-578
-624
-639
-698
-734
-654
-555
-476
-413
-450
-607
-636
-636
-558
-410
-258
-148
-80
29
135
236
345
378
393
454
442
510
590
550
563
619
681
699
748
692
702
752
701
659
639
593
611
543
399
359
315
295
276
12
-203
-326
-347
-327
-432
-515
-557
-543
-569
-578
-578
-598
-578
-590
-578
-515
-521
-608
-717
-723
-711
-696
-760
-875
-872
-803
-699
-632
-572
-467
-389
-269
-236
-198
-90
-14
5
-34
12
83
193
272
266
330
403
475
497
459
490
598
714
746
696
722
757
760
781
737
658
637
505
370
345
290
216
193
89
22
13
-68
-150
-208
-201
-156
-122
-153
-149
-179
-284
-389
-430
-458
-464
-465
-449
-432
-384
-324
-360
-365
-380
-442
-467
-446
-353
-371
-345
-313
-300
-150
-141
-164
-156
-118
52
133
133
86
93
239
297
361
458
500
516
452
481
534
613
610
518
534
515
584
618
585
582
506
479
439
458
484
436
353
263
184
158
84
20
-68
-102
-138
-229
-260
-368
-342
-403
-463
-431
-410
-331
-348
-348
-405
-441
-387
-363
-346
-262
-216
-242
-280
-277
-338
-422
-411
-381
-275
-180
-143
-167
-249
-262
-323
-276
-175
-153
-42
-39
-16
-36
-47
5
6
45
179
319
338
284
339
398
464
487
475
541
649
735
698
608
472
428
431
355
346
293
255
170
77
-22
-73
-130
-228
-312
-407
-364
-280
-255
-314
-322
-340
-335
-328
-353
-408
-451
-408
-388
-362
-394
-410
-466
-478
-515
-524
-424
-384
-341
-416
-440
-445
-418
-336
-324
-193
-174
-241
-199
-153
-97
-32
38
125
251
400
414
468
475
498
636
736
826
811
851
815
857
885
826
775
682
672
663
679
667
597
542
461
431
312
183
110
-7
-136
-275
-309
-336
-377
-339
-368
-413
-478
-525
-462
-440
-374
-465
-542
-494
-541
-558
-527
-573
-642
-633
-639
-708
-747
-710
-759
-782
-707
-659
-530
-418
-394
-271
-179
-77
-21
-25
96
175
240
332
408
506
507
518
601
686
749
781
780
804
890
944
936
1056
1027
952
959
924
942
854
752
605
492
422
288
253
200
96
40
-19
-134
-239
-338
-430
-410
-445
-446
-467
-534
-639
-680
-663
-685
-689
-751
-830
-856
-894
-905
-872
-875
-899
-868
-689
-712
-678
-644
-671
-638
-593
-547
-493
-331
-219
-171
-168
-175
-110
75
130
138
137
189
401
557
634
690
782
900
931
948
963
1035
1095
1030
1002
1023
1053
960
860
768
774
832
672
527
348
251
158
38
-113
-234
-253
-338
-412
-570
-598
-581
-614
-661
-709
-699
-736
-736
-768
-895
-924
-907
-814
-744
-772
-791
-720
-710
-692
-607
-507
-482
-480
-497
-430
-283
-295
-324
-290
-165
5
91
102
139
206
282
367
465
605
689
749
814
878
988
1045
1028
1066
1083
1135
1134
1051
939
923
955
895
862
796
715
607
491
424
380
402
395
265
160
42
-53
-135
-292
-297
-371
-418
-501
-570
-525
-550
-605
-647
-620
-621
-629
-666
-696
-686
-683
-695
-719
-686
-681
-666
-593
-582
-612
-589
-541
-517
-473
-440
-415
-338
-256
-225
-161
-31
36
15
88
121
173
266
345
407
467
516
560
612
539
507
568
628
673
617
493
462
490
487
443
349
263
243
229
179
150
149
115
48
10
-47
-114
-186
-306
-424
-492
-546
-565
-541
-523
-486
-465
-477
-558
-648
-609
-575
-582
-563
-539
-485
-410
-397
-335
-307
-340
-319
-274
-180
-63
-65
-79
-27
61
74
101
170
208
321
488
638
681
659
678
622
581
550
479
508
555
570
600
583
518
493
474
488
469
454
415
399
387
322
254
192
192
168
133
98
-7
-186
-265
-349
-362
-358
-435
-464
-526
-522
-486
-458
-430
-477
-520
-543
-558
-552
-552
-530
-569
-553
-489
-477
-402
-327
-282
-191
-141
-23
-31
-21
-7
8
64
89
187
231
298
345
345
376
403
482
460
435
529
621
657
641
575
540
566
522
495
451
402
425
386
347
353
272
104
45
56
-19
-32
-60
-97
-103
-180
-227
-314
-403
-420
-418
-425
-485
-504
-604
-649
-651
-619
-598
-524
-448
-328
-241
-223
-215
-179
-135
-156
-135
-184
-158
-142
-107
-73
-77
-43
-31
18
36
75
120
223
306
309
316
390
406
423
387
392
396
462
471
408
409
363
332
297
275
285
250
226
210
230
247
265
292
231
179
66
-37
-128
-239
-359
-419
-469
-489
-463
-450
-532
-601
-586
-568
-593
-635
-629
-580
-544
-473
-430
-418
-390
-371
-363
-300
-257
-233
-198
-141
-96
-74
-44
15
96
116
179
202
174
181
213
209
216
229
268
272
318
391
413
407
434
486
475
455
428
454
455
453
427
403
413
405
308
243
224
282
306
219
166
102
85
56
20
-12
1
9
-62
-112
-186
-185
-205
-305
-354
-346
-294
-312
-305
-316
-330
-345
-270
-242
-223
-215
-200
-134
-91
-18
-70
-108
-132
-105
-103
-191
-273
-297
-276
-265
-253
-209
-89
53
133
146
183
215
213
179
168
184
231
239
291
258
232
276
286
341
290
342
348
323
378
336
288
246
220
182
190
161
136
132
42
34
6
-77
-99
-109
-160
-244
-259
-276
-187
-139
-197
-216
-242
-249
-312
-323
-357
-374
-393
-450
-482
-575
-536
-514
-518
-408
-363
-248
-263
-313
-351
-272
-208
-183
-118
-153
-34
-16
50
179
218
263
204
174
144
204
251
187
256
241
236
246
285
282
251
273
258
285
332
289
302
248
189
189
170
171
211
243
263
231
149
127
95
95
87
40
71
76
14
16
-49
-105
-157
-229
-228
-243
-197
-214
-214
-207
-237
-208
-243
-168
-159
-143
-102
-99
-51
-64
61
170
169
178
82
53
15
80
79
71
115
107
114
90
138
162
220
271
211
244
256
196
179
141
168
170
191
172
203
241
185
108
54
5
-22
-62
-104
-92
-53
-14
-13
-39
-98
-93
-124
-179
-224
-258
-298
-350
-307
-249
-248
-261
-318
-291
-242
-150
-172
-278
-235
-203
-145
-150
-114
-115
-101
-106
-181
-163
-179
-120
-6
43
67
101
134
129
92
83
60
125
177
210
219
163
168
149
181
114
74
130
77
47
58
63
84
38
51
79
91
103
88
12
-58
-118
-167
-176
-209
-246
-266
-247
-165
-146
-165
-154
-124
-136
-114
-67
-83
-63
-3
-10
-64
-108
-119
-151
-124
-114
-92
-59
-105
-67
-12
50
144
119
152
139
193
176
115
188
201
224
205
192
165
120
90
-9
24
134
142
189
127
157
135
139
113
20
15
-5
38
44
19
-3
-55
-77
-113
-119
-108
-156
-125
-130
-60
-50
-64
-33
-76
-88
-137
-78
-38
13
43
46
97
80
91
105
87
71
49
102
84
87
146
183
181
125
127
107
119
157
130
101
80
64
98
103
66
11
40
95
135
124
92
74
69
72
43
0
-70
-79
-67
-58
-46
-97
-172
-167
-150
-145
-110
-69
-68
-102
-113
-138
-191
-187
-188
-201
-228
-236
-212
-249
-185
-169
-107
-3
25
55
104
170
141
153
141
184
207
200
169
96
42
-17
24
20
-5
-6
18
44
39
7
-20
-54
-52
-80
-76
-38
-60
-73
-86
-138
-87
-16
-5
-78
-86
-53
-6
43
37
16
12
27
-28
-105
-164
-150
-148
-168
-184
-151
-155
-186
-209
-220
-142
-97
-30
-12
-10
40
29
-1
8
16
88
160
175
185
186
151
150
171
199
231
184
200
231
261
268
217
198
157
122
90
2
-52
-68
-87
-58
-70
-99
-78
-70
-144
-150
-127
-92
-68
-112
-164
-182
-146
-127
-155
-167
-179
-209
-213
-271
-262
-230
-189
-153
-119
-60
-100
-118
-117
-104
-103
-153
-142
-138
-107
26
44
55
77
103
180
222
281
321
303
322
373
390
341
389
410
440
440
432
420
379
389
344
307
288
295
293
273
254
248
193
190
136
82
88
