40
18
-4
31
38
37
13
5
-4
-8
0
-2
-4
-27
-51
-81
-49
-43
-43
-30
-41
-51
-26
-32
-31
-35
-59
-50
-67
-85
-48
-10
-28
19
1
15
1
-37
5
14
14
17
-14
-12
-11
10
16
24
-1
32
15
-13
3
14
58
43
73
75
61
62
52
7
-44
-28
-11
5
23
13
30
26
16
43
16
28
43
62
89
22
-19
20
-4
-35
-13
-14
40
40
38
37
-22
-28
-37
-14
11
-3
17
37
-7
6
-20
-37
-46
-36
-23
-41
-21
-9
-12
-14
-20
-18
-3
18
14
9
-4
-6
-40
-55
-40
-26
-6
-11
-30
-19
-16
-36
-57
-65
-58
-32
11
19
6
-13
-4
3
-16
-4
8
12
11
6
-7
-14
-14
-33
-2
-37
-58
-83
-90
-78
-48
-12
-40
-34
-91
-140
-112
-70
-67
-66
-46
-56
-66
-99
-109
-53
22
25
31
14
-10
-8
9
16
29
10
37
104
99
65
24
25
54
55
66
105
101
114
112
55
28
16
12
13
41
48
44
46
16
4
-22
18
48
55
66
30
42
32
32
-5
-15
-11
-24
-39
-54
-64
-78
-71
-59
-29
-45
-8
34
30
2
-20
-30
12
21
14
42
23
-2
-2
-9
-12
-22
-23
10
-5
16
28
9
61
55
59
47
45
48
86
102
56
72
58
41
59
43
33
52
23
-26
23
1
-5
5
9
18
0
-5
-19
-25
30
79
82
73
19
-21
-56
-32
-50
-62
-64
-41
-106
-130
-126
-123
-92
-88
-55
-62
-52
-16
-28
-64
-32
-39
-40
-44
-31
-37
6
21
-23
-5
-36
-43
-21
22
30
47
47
33
56
78
91
123
110
90
76
53
37
-7
-38
-64
2
23
39
70
106
99
105
48
32
66
-18
54
29
8
77
43
39
38
-13
-26
-14
0
20
48
20
5
-16
-50
-115
-169
-106
-116
-83
-32
-98
-111
-92
-133
-51
-78
-94
-1
-56
-12
-75
-62
-52
-36
6
-21
-31
-105
-101
-92
-89
-77
-132
-130
-65
-87
-10
-25
-13
62
23
69
58
25
59
83
68
98
-9
73
60
3
14
-45
31
34
38
74
59
84
40
10
25
13
98
74
50
147
78
61
27
-39
-13
23
29
82
0
-49
-11
-111
-23
36
-2
34
70
-33
46
-39
-51
68
-3
1
29
10
59
50
-13
-10
-45
-16
-49
-50
13
18
-61
70
-31
-104
34
-157
-28
-52
-76
106
-16
23
-18
-30
89
-20
78
46
21
154
-24
98
-14
-107
26
9
-5
177
-12
129
82
-24
104
-30
18
60
-11
10
178
-43
86
58
-83
66
-132
-121
49
-190
106
66
-76
177
-40
175
126
-32
-14
-173
-59
-139
-41
-31
-158
76
-131
-61
127
-162
149
63
-23
74
-89
-52
-62
39
-101
-35
-44
-103
-35
-132
-12
-232
-95
-85
-186
94
-174
20
49
-370
-28
-3
-40
96
-301
205
67
-242
101
-295
205
-49
-143
240
-180
143
186
-107
273
-24
-50
162
-143
77
-17
-132
304
-117
53
171
-170
155
-85
-58
242
-153
-25
261
-201
205
49
-202
388
-37
-10
159
-276
120
137
-163
127
20
-109
369
-110
-71
202
-162
338
100
-219
285
-217
122
143
-118
358
-90
160
-5
-165
327
-266
307
-151
-90
243
-232
406
-218
229
-33
54
189
-141
316
-243
267
100
-142
372
-102
91
296
-284
376
-196
-46
171
-108
137
-57
-67
-31
31
-2
-12
-58
-226
-26
-390
86
-49
-184
237
-365
106
-185
-165
234
-188
-12
8
-374
293
-494
183
-226
-288
131
-532
61
-219
-134
-33
-56
-454
195
-603
65
-240
-97
-263
-28
-459
18
-70
-365
464
-664
618
-355
99
98
-211
242
-16
-62
193
-156
237
-181
25
74
-156
419
-348
347
-111
13
355
-53
323
199
12
233
55
-14
369
-134
155
305
-114
463
20
151
314
18
189
160
229
162
325
63
287
259
202
353
-33
330
-35
144
-74
-81
275
-248
395
-286
1
103
-198
448
-236
29
6
-156
38
-174
198
-376
253
-515
41
-16
-392
180
-779
188
-377
-216
32
-669
158
-468
-98
-41
-469
-9
-336
77
-399
-82
-86
-194
242
-315
-47
27
-382
192
-128
-91
140
-138
132
54
169
-119
302
18
197
-7
-92
79
-79
44
17
-204
313
-65
236
208
-367
315
-365
255
70
60
227
8
148
35
160
165
93
385
-99
62
66
-199
346
-179
534
-21
-116
348
-306
432
68
22
256
-268
50
55
-161
115
291
-339
501
-407
349
124
-47
309
-356
189
-169
71
306
63
-91
326
-403
376
-143
237
-38
14
-138
-23
-80
27
288
-193
149
-457
207
-353
91
-62
-159
98
-193
-161
-14
-83
10
2
-72
-364
126
-227
92
132
-668
378
-411
-201
242
-664
264
-144
-424
-42
-594
-48
-201
-191
-233
-401
-109
-406
-204
23
-500
62
-253
-67
-155
-237
-243
19
-213
-292
187
-353
128
-249
214
37
108
49
-40
351
73
-85
384
-188
387
151
-74
416
-154
371
383
156
511
270
13
387
301
330
375
342
403
505
350
432
293
334
245
441
245
524
174
72
311
276
198
255
125
238
214
187
217
88
204
-80
317
-443
490
-197
95
342
-206
166
23
-353
44
-80
-363
447
-802
65
-607
-266
-253
-459
-108
-736
-23
-521
-510
-272
-278
-413
-206
-555
-594
-251
-477
-491
-93
-713
-99
-273
-284
174
-489
-179
-203
-601
52
-346
161
-60
-79
51
-250
250
-230
82
-311
187
-132
-58
11
-130
397
-183
369
-212
80
69
97
374
-10
230
-3
247
309
170
369
55
424
92
572
171
71
647
-349
517
66
265
651
-22
391
356
134
408
-129
284
217
203
-62
176
86
-45
526
-511
412
-129
54
194
-417
-2
106
-305
84
-250
-469
149
-302
86
-318
-209
-193
-316
-304
169
-657
272
-628
-185
0
-441
173
-566
-99
-174
-115
-132
-72
-516
246
-426
-75
-301
182
-385
425
-120
-148
620
-580
593
-186
255
676
-186
475
-225
-265
572
-323
455
158
-7
534
179
406
410
357
507
575
549
-39
716
161
509
384
-147
368
217
260
409
216
177
330
-153
412
37
461
-321
-207
-106
-151
30
-397
93
-521
202
-451
-435
-53
-1036
309
-673
-354
-108
-745
-56
-626
-25
-442
-646
45
-770
-87
-118
-827
430
-699
165
27
-579
34
-235
-366
117
-765
5
119
-507
257
-592
-207
55
-473
84
-118
-525
656
-839
95
7
-487
454
-1
-59
489
-27
297
6
60
827
-277
1170
93
286
414
5
724
559
195
704
49
336
665
-173
496
-284
176
185
113
172
13
-407
355
-193
-216
459
-454
532
-276
-83
94
-332
396
99
-126
-46
-517
36
108
-291
-290
-442
-25
-60
-205
-268
-376
20
-143
-195
-419
-176
-309
419
-369
158
-334
-72
394
-212
379
-176
326
-185
115
-12
233
243
78
168
201
-124
668
-143
316
132
-232
986
-577
807
-107
174
659
-277
815
326
206
355
434
74
622
245
142
216
-74
309
165
10
2
-176
23
-114
-158
142
-191
435
-344
-107
-278
-507
101
-1007
409
-964
-207
-496
-1093
75
-1242
-95
-491
-940
-53
-1120
-81
-921
-339
-144
-847
417
-1155
416
-364
83
-283
-269
11
-488
291
-500
455
-90
-321
409
-227
-69
735
-515
1069
-94
279
461
162
410
430
683
-38
969
-40
700
651
280
746
659
473
688
677
-130
1445
-224
1080
93
-22
755
22
814
-403
921
-325
590
164
-200
324
33
43
304
-491
171
-18
-287
188
-344
-33
-585
180
-1056
144
-462
-441
-23
-1028
-218
-254
-400
-28
-275
-1335
282
-626
-517
201
-1033
-47
-412
-467
84
-319
-412
-195
-534
-521
-291
-332
-293
97
-528
-5
6
-958
848
-1061
282
42
-926
505
-720
335
112
192
-16
-180
222
232
60
264
308
-123
551
-430
618
238
-19
697
-47
142
981
-525
466
217
-174
821
-184
406
489
44
228
591
-324
1008
59
-44
596
-251
361
194
77
714
88
506
150
89
885
-196
805
-533
446
-38
131
169
-207
39
158
219
254
56
-483
239
-613
217
-115
-296
2
289
-1034
854
-888
255
195
-763
770
-996
33
-284
-291
260
-259
-564
222
-636
138
62
-595
-91
2
-164
191
-297
-444
367
-254
-48
-40
-526
308
-425
-247
318
-819
594
-97
-464
577
-795
374
104
-527
504
-637
56
124
-253
-30
58
162
-267
-30
-262
-57
422
-375
-244
28
-258
559
-427
68
-86
40
-77
70
-303
-483
651
-724
414
-655
-273
750
-739
724
-447
-205
693
-1089
1046
-413
196
414
-797
968
-914
950
-166
-260
676
-1124
1581
-1103
1305
-355
-134
1042
-1189
2033
-1253
564
750
-989
1429
-846
651
750
-983
1713
-1379
1487
-255
-48
331
-830
1308
-915
1037
-627
869
572
-247
974
-829
591
655
-563
574
-436
-254
552
-527
-77
190
-53
67
-34
-754
-156
149
-361
121
-665
-347
-181
-357
-107
-127
-742
286
-462
-602
693
-1155
469
-55
-544
849
-979
262
128
-345
273
-367
247
-223
19
-68
353
63
51
-229
242
179
776
-935
601
-253
-80
1210
-1052
821
-645
517
510
-90
-133
157
335
-72
508
-367
-23
623
-846
910
-438
-107
711
-1031
1075
-662
-116
1144
-1534
890
-405
-806
978
-929
303
-607
357
-694
389
-711
124
346
-1304
882
-557
-270
766
-1949
1259
-1034
-732
1085
-1709
1363
-1003
-271
321
-714
475
-265
-275
54
-357
-550
554
-414
129
696
-1006
1140
-461
408
827
-677
1014
-618
688
38
-163
658
-118
418
12
117
258
34
809
-633
1181
-853
668
132
163
959
-936
1149
-313
325
725
-864
1082
-268
136
880
-864
1034
-460
751
-586
138
119
-190
695
-674
346
-63
348
-299
440
-440
255
-133
-800
250
-231
-297
504
-1066
393
-192
-617
471
-615
191
-137
-52
-20
-239
-229
248
-24
-110
-164
-193
157
-151
101
-120
-21
307
-237
119
104
3
84
57
68
-230
316
-552
35
57
-663
422
-378
318
-25
-337
121
31
385
-686
330
-381
-4
352
-753
136
-25
107
103
-334
277
-31
-33
222
-502
608
-584
477
-471
123
-93
106
-4
-590
549
-993
841
-948
407
79
-819
1230
-1203
840
159
-1484
1962
-1810
1017
-142
-899
1421
-1526
959
-660
94
748
-814
770
-799
774
-98
-90
538
-700
793
-557
954
-73
-105
414
-741
630
-294
952
-146
406
323
-732
1163
-303
-219
1033
-1011
923
-229
-331
998
-459
387
242
-307
41
-126
-280
784
-1426
658
40
-971
1125
-1146
-56
1021
-1724
1648
-722
-314
740
-1627
1115
-1051
518
-401
311
-684
479
-195
-512
837
-1321
1055
-200
-779
1069
-1162
519
713
-2113
2219
-1937
1192
-297
-1001
1527
-1730
1586
-785
-553
821
-556
389
373
-1051
1516
-797
372
278
33
329
-295
513
-725
1714
-1113
899
-103
-645
1073
-710
770
345
-812
1622
-1002
435
441
-900
1167
-828
838
-549
170
-535
471
-478
352
95
-370
302
-409
217
-372
-135
450
-502
397
-91
-62
348
-965
1458
-1458
1179
-1061
148
-36
-53
359
-509
271
-58
67
-207
921
-1032
762
-833
255
144
502
-1252
1202
-1135
-14
609
-1426
973
-960
487
-73
-165
-634
738
-362
144
-311
588
-728
85
-272
-413
534
-817
756
-400
151
10
-119
-657
269
174
-73
-233
110
-201
263
-518
341
594
-627
380
-641
-85
775
-799
821
-554
-143
729
-915
1163
-343
50
152
63
-264
-65
104
521
-634
523
114
-311
727
-658
887
-302
122
357
-372
879
-537
166
-59
367
299
-339
882
-777
400
112
-116
548
-518
343
-173
-364
371
-295
655
-522
371
-118
-152
1133
-1202
210
-473
140
498
-457
568
-511
485
-228
-207
352
-698
944
-371
-266
59
-1473
1503
-1121
371
-178
-466
535
-945
354
-640
167
-112
263
-367
99
-383
556
-147
-295
467
-35
-76
-160
174
-404
858
7
36
-80
38
-195
721
-834
193
369
-632
1641
-1793
1176
-404
-387
1010
-570
658
262
-935
654
-213
-404
655
-587
1350
-1375
1436
-776
-90
723
-698
1156
-592
2
119
125
159
-235
-363
444
-281
1003
-1464
875
-190
-49
457
-598
473
-765
605
-601
94
45
71
-230
144
-388
797
-568
744
-299
-170
381
-705
368
-969
407
-265
219
-804
445
249
-712
1438
-1725
930
8
-813
1252
-999
0
1033
-568
725
-461
-848
1255
-1526
1541
-1333
276
231
-701
450
-94
-385
832
-500
-5
33
-593
599
-1438
1014
-884
1020
-496
-325
415
-332
281
-265
-85
-289
464
-661
528
-444
459
-203
268
-219
63
-111
101
93
-576
782
-785
676
-4
-144
10
75
-718
1141
-604
242
346
-737
535
-40
-447
585
-260
86
473
-1285
1577
-1242
1082
-466
-294
143
-28
393
-206
423
-246
531
78
-675
449
276
-129
794
-1506
1007
-980
994
17
-437
581
389
214
196
93
-522
993
-845
790
-828
537
-39
189
14
-206
621
-192
448
-67
40
-390
1222
-1327
623
-533
139
509
-882
854
-910
36
425
-321
-403
290
-590
437
-455
113
35
74
438
-598
6
-685
263
-158
5
-297
150
-773
1216
-1062
767
-177
-63
636
-1318
1443
-1019
490
636
-1240
560
-377
-547
1339
-1351
1125
-681
54
408
-57
543
-553
459
-411
691
-910
585
167
-263
659
-712
320
554
-956
1096
-529
-215
867
-954
715
-131
-426
914
-875
652
-526
-337
501
-1273
710
-279
-673
1105
-1047
326
26
-1153
721
-882
728
-694
-120
-235
-140
838
-528
353
-422
-406
905
-1099
-22
-68
-416
527
-396
193
-84
213
-871
813
-1005
186
659
-1109
654
-844
837
-114
649
-838
535
294
-828
1802
-1645
473
755
-1172
1722
-381
-25
1602
-1374
1341
-652
500
225
-52
18
-530
818
-675
1021
-380
875
-664
106
391
-14
718
-201
111
669
-274
835
-548
366
-344
749
71
-282
673
-206
88
40
-63
391
-247
353
-76
-71
-108
-396
753
-994
686
-936
536
29
-1148
777
-940
833
-184
-972
777
-1352
211
-215
-755
388
-939
822
-259
-276
111
-647
1249
-689
401
16
-1320
1360
-840
20
307
-867
932
-483
-560
1151
-970
922
-155
-324
-299
-115
544
-471
106
-356
530
-605
375
25
-101
-163
496
-573
465
-141
-246
296
-106
34
-596
423
-417
816
-951
547
-290
-84
411
-214
754
-1323
515
-42
-486
757
-812
-242
821
-1440
1048
-879
-377
926
-1523
968
-560
241
-222
331
320
-197
324
-397
-46
566
139
-270
233
-536
576
-210
362
42
-15
-22
3
60
-115
711
303
-172
465
-375
505
189
204
512
-395
469
-112
478
275
66
237
415
120
427
-179
890
-593
780
-348
-68
341
-252
1081
-1009
883
-333
198
-238
-152
511
-956
-26
369
-518
0
-293
-240
294
-898
619
-896
101
-285
67
-546
-311
81
-708
105
-921
302
-602
191
-616
-245
-470
-98
-60
15
-563
308
-554
-237
882
-971
750
-273
27
-373
657
-559
698
40
-350
1337
-824
830
6
-363
938
253
-416
660
-41
803
-346
120
109
10
519
495
632
-681
1249
-458
560
61
403
645
-704
575
-776
189
399
63
136
-226
-134
38
-199
87
284
-827
133
-371
-31
-668
248
-693
125
-442
-90
-702
-823
-123
-669
144
-894
453
-932
414
-301
-117
-6
0
297
-84
285
-154
-2
389
-33
357
608
159
476
-162
441
216
-27
341
419
13
-81
316
-344
434
145
-329
335
-414
241
-661
-261
42
-418
-349
-623
-486
-562
-936
-63
-987
-783
-467
-1309
232
-1329
-366
-453
-413
-58
81
882
857
1473
1460
1597
1725
1798
2202
2252
2035
2089
2032
1958
1776
1781
1741
1286
1397
588
88
-510
-721
-769
-1400
-1223
-2038
-1986
-2494
-1950
-2774
-2190
-2572
-2348
-2192
-2649
-2575
-2073
-2057
-2014
-1624
-1952
-1305
-1874
-1231
-1273
-1417
-867
-1156
1213
981
1995
2160
1451
3240
2782
3868
3367
3691
3493
3615
3982
2810
3361
3087
2600
3301
1573
1327
696
123
208
-1070
-1243
-1833
-1633
-2095
-2153
-2909
-2973
-2897
-2628
-2596
-2384
-2170
-2193
-1607
-1681
-1800
-1898
-1733
-1123
-1372
-2059
-1734
-2485
-1708
-1879
-1773
-1987
-1637
-1742
-562
1516
381
2921
1341
2638
4684
3450
5837
4166
5173
4964
4714
5592
3529
5207
3963
4421
3691
1936
1415
352
271
-621
-1733
-2395
-3234
-2764
-4345
-4156
-5067
-5057
-3795
-4677
-3393
-4451
-3306
-3329
-2642
-2512
-2474
-2227
-1808
-1492
-1725
-2356
-2183
-2520
-1708
-1815
-1932
-1658
-1915
-405
1863
976
3369
2312
3382
6102
4555
6952
5220
6317
6262
6098
6989
4636
6011
4963
4421
4702
1371
1541
-583
-178
-1594
-2311
-3283
-4142
-3842
-5047
-4611
-6321
-5323
-4727
-5071
-3544
-4408
-3801
-3011
-2844
-1915
-1929
-1528
-1417
-977
-1363
-1933
-2302
-3186
-2003
-2649
-2284
-2258
-2426
-1919
840
1306
1636
4165
1527
6717
5177
6968
7442
5456
8320
5799
8141
5810
5379
5966
3744
4756
2376
154
-492
-2232
-2099
-4654
-4478
-5406
-6108
-4601
-6609
-5618
-6290
-4443
-4616
-3323
-2808
-3244
-1393
-2069
16
-588
-184
479
282
-26
-573
-1648
-2451
-2547
-2147
-3305
-3257
-3185
-3504
-2380
1156
529
2735
3747
2728
8151
5569
8892
7932
7359
9196
7076
8806
5754
5839
5337
2683
3223
-37
-2234
-3478
-5048
-5610
-7943
-7433
-9080
-7893
-7061
-7376
-6448
-6130
-4069
-3237
-1596
-706
-588
829
1140
2261
2176
2022
2445
1681
1474
174
-1401
-2548
-2878
-3157
-3908
-4399
-4555
-4153
-4274
-1455
1561
895
5919
4035
6838
9898
8006
12194
8916
10857
9467
8232
8593
4668
5087
2258
480
-462
-3953
-5861
-7699
-8324
-10051
-10224
-10142
-10791
-8195
-7753
-5569
-4661
-2355
-750
640
3505
3640
5178
5226
5326
5684
4430
4057
2991
1367
148
-1421
-3241
-5109
-5197
-6021
-6365
-6676
-6618
-6574
-6196
-3950
1313
873
5804
5455
5884
11779
8633
13467
9802
10570
9019
6377
7599
1377
2681
-1211
-3014
-2811
-7390
-8187
-11022
-10915
-10593
-11181
-9098
-10182
-6724
-4469
-3497
-811
563
5085
6049
8928
9657
7582
9388
7066
6675
4490
2282
417
-1708
-2521
-5002
-6244
-7782
-7118
-6328
-6053
-6374
-6686
-6824
-5630
-4285
-3472
3440
3769
8185
9602
7323
14307
9737
14252
11359
8384
9107
1326
5140
-2534
-2326
-3272
-8997
-5062
-9736
-10628
-11995
-12910
-9874
-10382
-5912
-6747
-3994
182
1086
3966
4618
8212
9403
11263
12420
8863
7748
4840
2705
1708
-848
-1374
-4641
-5618
-6640
-8225
-8591
-7636
-5688
-3872
-3744
-3413
-6241
-6709
-5725
-4778
-3318
4663
6583
7869
11716
4955
12938
8503
11207
11242
4563
7880
-1505
971
-3969
-6082
-3199
-8589
-3330
-5809
-8169
-7914
-10921
-6344
-6035
-1714
-344
226
5238
4783
6165
4667
7537
8568
9400
10455
5004
3012
-475
-2032
-2003
-3785
-2779
-4442
-5505
-5510
-7273
-7512
-7069
-3952
-2445
-2304
-3291
-7687
-8723
-8449
-6676
-5376
205
5977
4623
9822
4552
8051
11311
8893
14881
7509
8595
3800
637
1567
-3244
1163
-2056
-2195
-502
-5974
-6684
-9880
-8716
-5748
-3182
734
-504
2626
3877
3059
3529
4353
7294
8691
10012
7414
2522
-573
-3411
-2451
-2934
-1450
-2164
-5299
-6289
-8733
-9732
-9461
-7079
-5247
-4279
-4502
-8414
-10382
-10635
-7871
-5726
-142
8131
6589
12861
8374
9049
15178
9605
16031
10489
8633
6435
-386
1164
-5762
-1975
-3600
-6777
-2855
-8446
-9111
-10794
-10741
-6308
-3401
2684
2400
5201
7071
5920
6704
6049
9356
9571
10034
7603
106
-2533
-7258
-6926
-5275
-6002
-3666
-7194
-9494
-10348
-11159
-9543
-6287
-2445
-1539
-1604
-3912
-8258
-7736
-6187
-2531
868
10566
11406
11641
13277
5099
14765
11210
12340
14123
4489
5916
-2864
-3539
-6403
-8321
-2593
-8370
-4257
-4999
-10276
-8688
-10299
-5230
-810
5706
7912
6384
9519
7181
5776
4620
6246
6738
5818
4128
-4646
-9232
-12410
-11718
-9147
-7364
-4725
-6022
-8340
-8755
-8457
-6732
-2242
1552
3356
2723
692
-4734
-6879
-5019
-2033
193
8183
14077
9959
14696
5136
9183
13441
7716
15413
4814
3144
-1232
-8153
-6221
-10390
-3881
-5477
-7052
-1519
-8624
-7419
-7301
-5244
1033
6905
11758
7159
9107
7374
4969
4167
4473
5239
2463
1565
-5223
-13167
-12827
-12644
-9282
-5329
-3276
-2216
-6024
-5647
-5336
-2881
1465
5115
7026
4596
2783
-3455
-8429
-6882
-4914
-1783
3156
13608
7989
10043
6372
1277
14448
7014
13838
8812
419
451
-10331
-7555
-9600
-5451
-867
-6516
-281
-5175
-8491
-4645
-5470
1990
7619
12553
9680
6412
6141
1887
1061
1247
1867
405
-1560
-5417
-14029
-14734
-13189
-9410
-3959
-889
833
-1829
-2589
-1959
332
3936
7735
8716
5734
2375
-3158
-10002
-10062
-8330
-5758
-2543
8939
8490
5333
8648
-1385
11980
11934
11214
15085
1476
2430
-6788
-8225
-5927
-6289
2224
-4388
-2574
-2431
-9506
-4945
-5476
411
7295
11322
11314
4661
5078
1673
242
1193
1173
1154
-2701
-5209
-13071
-15305
-11305
-8353
-1644
382
3342
1272
-1324
-132
560
4503
7085
8441
5397
200
-4115
-11500
-12865
-10748
-7967
-4679
4738
10309
4255
9468
1096
8625
17418
11430
18158
5650
1166
-4187
-10093
-5929
-7414
-369
-3047
-6909
-3620
-10460
-9213
-5852
-2790
6588
11553
12798
7378
3949
3152
1103
1738
3356
2853
-729
-4356
-10244
-15854
-12533
-8278
-2829
2428
4008
3060
-76
-966
635
3458
5078
6179
3369
-2160
-5716
-11331
-14265
-12199
-8270
-5619
331
10980
5336
9336
6967
5653
19565
12440
15715
9268
-1105
-1873
-10249
-7137
-7818
-4276
-2622
-10617
-6735
-9861
-10508
-4153
-1055
6882
12122
15114
10271
5910
6160
4676
4268
5148
4682
-56
-4668
-10103
-16320
-13649
-8646
-2896
981
2591
3527
-663
-1671
-399
1565
3891
5346
3205
-2284
-6186
-11305
-14742
-13165
-9214
-5269
-757
11227
8155
8705
10078
4234
18784
14490
13357
11691
-1481
-2480
-10034
-9809
-9109
-7906
-3439
-10318
-8137
-7247
-9323
-2874
1329
7586
13649
16753
13418
8362
7790
5730
4026
3113
2231
-995
-6282
-10451
-16627
-16480
-10839
-5662
-511
1314
2865
417
-870
437
2191
4943
5219
4566
-1462
-6133
-10488
-14545
-13263
-9908
-5218
-1954
10491
9745
8020
11114
4376
17345
16080
12010
12288
-1979
-4106
-10597
-12273
-9782
-8511
-2647
-8681
-7618
-5873
-7160
-970
3857
9286
15010
18474
14606
9066
6788
4736
2464
1221
-318
-3859
-8703
-12972
-17718
-17692
-9996
-5450
-30
2775
3457
4157
1795
2907
4143
5637
5796
4328
-718
-6319
-9624
-13793
-13620
-10261
-6705
-4072
5563
11978
6591
11878
6523
11337
20403
10705
12498
1881
-5925
-8011
-13252
-9777
-9419
-4120
-5234
-9256
-3813
-5218
-557
5959
9438
14797
17786
16329
9304
5623
3542
48
-1834
-3670
-6292
-10429
-14325
-16663
-18912
-11964
-4769
125
5658
6481
7582
5698
4783
5027
5834
5523
3240
-385
-7829
-10708
-14181
-15441
-12566
-9077
-6224
653
11885
7965
10927
10340
8495
21230
13194
11086
6228
-5288
-6059
-12023
-11036
-9960
-6489
-3674
-9150
-4887
-2883
-1048
6731
9465
13483
17105
16631
10497
4976
3028
-373
-3388
-5414
-8120
-11227
-14412
-16631
-18262
-11809
-3796
1652
7033
7706
10018
8088
5130
5124
4043
4029
2280
-1773
-7995
-12012
-14681
-16301
-13351
-9823
-6165
1231
13190
9976
11580
11392
8940
21385
13986
10580
6611
-5391
-6625
-12459
-12406
-10310
-6787
-3543
-8942
-3941
-2711
-683
6845
8329
12905
16271
16278
9624
3854
2237
-2036
-4468
-6680
-9027
-10641
-12718
-13828
-16056
-9962
-1623
2958
8965
9782
10692
8906
4712
3037
936
1366
-883
-4113
-9140
-13308
-14828
-17164
-13058
-9918
-5521
3217
14729
13352
13257
13663
10360
21496
14619
9224
5641
-6428
-8488
-13777
-14665
-11862
-7634
-4622
-8868
-4029
-1824
1193
8053
9423
12675
15998
16084
9437
4546
1939
-1889
-5255
-7048
-9630
-10424
-10869
-12329
-13334
-8397
652
4242
9125
10453
9742
8274
4160
887
-1481
-544
-2832
-6424
-9286
-13299
-13435
-14664
-13257
-8225
-5123
2145
16289
16197
14567
16948
8935
19572
16285
5793
5685
-7117
-10868
-14512
-17912
-14929
-11019
-5002
-7875
-4096
1349
2708
9833
10787
12523
14645
16039
10764
4826
2442
-1899
-6040
-9287
-10588
-11768
-10535
-9707
-11024
-6991
1026
3991
7997
9618
9608
8783
3882
159
-2776
-2973
-3415
-6231
-8418
-10782
-11150
-12793
-12318
-8196
-4294
2401
18124
18833
15085
17890
8259
18099
16279
4297
3951
-8596
-13464
-17161
-19894
-16093
-10661
-3307
-4729
-915
4554
6113
12044
12371
13148
14836
15590
10562
3621
381
-4876
-8959
-12561
-13007
-12701
-10708
-8477
-8879
-6186
1428
5264
8470
11179
9839
9317
4322
-714
-3217
-4530
-4407
-6486
-8036
-9906
-9838
-10838
-12184
-8423
-5274
-700
14044
21188
14409
18655
9314
12832
19261
2822
2848
-6411
-14337
-14536
-19318
-16373
-10786
-2112
-844
106
7555
7892
12456
13751
11625
12073
13096
9992
1544
-1524
-6352
-11113
-14280
-14665
-13382
-10011
-5863
-6130
-3852
1593
6478
8902
10386
11413
9776
4083
-710
-4757
-7361
-4722
-6909
-8460
-8803
-10277
-11214
-11954
-9664
-5816
-890
11809
22471
15418
17674
10812
10278
19530
4529
2142
-3717
-13856
-13622
-18400
-16993
-10976
-2067
1133
810
8196
8372
11175
12790
9635
9518
10631
9450
1197
-2043
-6527
-11730
-14377
-14538
-11561
-8184
-2575
-2038
-3072
2037
7036
9137
11037
10364
8382
4742
-1346
-5949
-8487
-7447
-7491
-9092
-9081
-9212
-8053
-9388
-8694
-5637
-1589
3770
18054
19925
14105
18309
6735
13920
13902
-1444
406
-9804
-14171
-13870
-17501
-13120
-6737
1211
1521
4200
9431
8317
11749
10279
8243
8696
9114
4593
-2192
-5167
-9871
-12838
-13112
-10744
-7107
-3691
-1039
-1134
-89
6608
8793
9990
10470
8644
5278
-1524
-6196
-10112
-10088
-8802
-8410
-8224
-7661
-6197
-6906
-7255
-5816
-2716
1869
7146
21121
17743
14277
15299
2477
14000
7352
-3931
-1269
-12920
-13102
-14694
-16766
-11011
-4384
4171
4121
7439
11087
9389
11415
8952
7780
8040
7719
2796
-4246
-7476
-11062
-12910
-11593
-7748
-4191
-2143
437
-1219
1079
7083
8227
10218
8153
5436
816
-5437
-8258
-10038
-9705
-8229
-7057
-8509
-7036
-5417
-6402
-5497
-3981
-340
3168
10211
21668
15043
15222
11218
2666
13098
2395
-4110
-4647
-14263
-14310
-15814
-15566
-8774
-286
6662
6472
10237
12030
9729
11227
8781
8401
7999
6353
-568
-7660
-9964
-12980
-13062
-9526
-5419
-4216
-1781
-1014
-688
4153
9133
10171
9490
7013
3179
-1997
-6210
-8089
-9583
-9385
-7984
-8395
-8280
-4895
-4197
-3517
-3393
-1965
498
2779
10509
21383
15139
13464
9770
738
12206
1719
-6245
-4817
-15586
-14569
-15816
-15084
-6411
1933
9506
8024
11629
11980
9832
12065
9186
8204
7545
4567
-3655
-9245
-11914
-13581
-11609
-7328
-5056
-3568
-1455
-536
1025
5057
8931
8617
8323
5126
1009
-2964
-6521
-8202
-9738
-8614
-7275
-7343
-6067
-3758
-3033
-3341
-2465
-2272
-545
1319
9504
21611
12091
13313
5832
-1174
13677
-1691
-4504
-4484
-14855
-12288
-14394
-11546
-4101
5905
11480
9210
12769
11769
11043
11815
8266
7536
5603
1833
-6263
-11398
-12387
-12085
-9070
-7304
-5267
-3566
-1934
9
579
5296
8935
8953
7612
3434
-117
-2819
-5882
-8709
-9187
-8015
-8015
-7426
-6536
-5062
-3543
-3210
-3297
-4456
-1848
-654
7468
20578
11742
12599
6296
-604
14844
1734
-3212
-1157
-13300
-11509
-11429
-11162
-2365
6456
11980
8995
11645
12442
9816
10709
8168
6550
3484
294
-7982
-12642
-11332
-9815
-8899
-7556
-4944
-4106
-1898
-166
1331
6648
8469
8588
5254
2170
1599
-2934
-6544
-8838
-9372
-8938
-8030
-7898
-6258
-4433
-3904
-3701
-5412
-5531
-2939
-2477
5506
19521
12663
11832
8472
632
16074
6859
-654
2790
-10310
-8327
-9407
-10385
-2288
4383
10931
7897
10122
11451
8803
9661
6379
4299
2779
-479
-6897
-10957
-9049
-8037
-8488
-7656
-5008
-3644
-1581
-905
-210
3662
5844
7759
5150
2127
1647
-2852
-8090
-7578
-7473
-7963
-4983
-6969
-8282
-5434
-5007
-5635
-4635
-4511
-3208
-2161
6045
19456
11438
13534
9452
2806
20095
7323
1904
3012
-9989
-7917
-10476
-10295
-3376
2595
8156
5213
7481
9014
7431
8080
5279
5369
2973
-101
-5195
-8570
-6954
-7371
-8104
-7731
-5014
-3887
-4395
-3263
-1102
2855
6034
6348
3461
2551
2634
-3544
-6703
-5963
-8570
-6627
-7080
-10042
-7913
-5748
-5519
-4561
-3382
-5045
-4054
-2284
2610
17949
15267
12777
13467
3869
18466
13245
152
4722
-6809
-9580
-8909
-12864
-7667
-1550
4825
3827
5328
9992
7287
7441
6380
5890
3443
2559
-1074
-5955
-4982
-6173
-9004
-9005
-5531
-5713
-5869
-4269
-4113
128
4810
5898
4723
5326
4443
-522
-2633
-4794
-6001
-4763
-6817
-8015
-7759
-5687
-5780
-4379
-3701
-5180
-3596
-1896
1077
13949
19958
12763
16565
7906
13052
18858
1856
4618
-2800
-13099
-9622
-15507
-12732
-4780
499
3756
3332
9580
6560
6017
7936
5466
5905
4992
2380
-3584
-4746
-5779
-11130
-10533
-8247
-7662
-6843
-6725
-4723
-1996
3419
5681
4838
6714
6332
3944
-20
-3086
-4415
-5976
-6664
-7578
-6911
-6402
-6691
-6363
-6563
-6447
-5047
-2389
1046
14864
20843
13978
17663
8778
13481
19217
3084
4646
-3430
-13596
-11823
-17849
-15272
-6172
-596
2829
5094
9309
7111
8141
7717
7406
8492
7228
4868
-2745
-4160
-7424
-12380
-11837
-9824
-8589
-8145
-7404
-5991
-4314
3231
5729
7007
10609
8973
6812
2329
-1191
-3512
-5202
-7004
-7545
-9006
-8971
-8284
-9057
-6969
-5995
-5226
-2410
770
10164
22047
16620
18220
13664
8757
19868
7878
984
421
-13181
-14710
-16923
-19242
-10531
-3236
1943
5625
9205
8790
9295
8797
8498
10204
8625
7427
1066
-3795
-6840
-12890
-14110
-12262
-11155
-8945
-7961
-6556
-4359
2344
6858
7354
10888
11676
9046
6928
704
-4419
-5658
-8470
-9784
-9690
-9310
-9723
-9841
-9313
-7799
-6040
-2349
2015
7904
21205
19153
17237
16196
7660
17635
11948
926
1529
-10834
-15813
-15607
-20169
-13085
-2986
2085
6310
9160
8183
8857
8588
8213
10851
9412
9724
3653
-4232
-7353
-12822
-14919
-13249
-11139
-9086
-7243
-6323
-6391
-128
4293
7260
12801
12720
11339
8007
1555
-2770
-6322
-8275
-9832
-9531
-9584
-12435
-12121
-11019
-9315
-6365
-1887
2043
6903
20380
19589
16543
18143
8327
16073
15346
2124
2200
-8926
-15747
-14278
-19685
-14583
-4281
462
5131
7645
4979
6973
8347
7295
10784
9528
9420
5766
-2655
-6377
-10115
-13518
-11684
-10366
-10012
-7716
-6494
-5832
-1296
2757
5897
10833
11849
10464
7553
3522
-1908
-5445
-8706
-10742
-7584
-8831
-12017
-10912
-11663
-9091
-5463
-3344
1833
8644
19218
18637
17150
16890
10551
17084
14482
4919
2700
-6085
-11449
-12214
-15991
-13390
-4672
108
3443
5257
2879
4219
5389
4629
7395
7286
7366
5644
-109
-3936
-6747
-9790
-9322
-7551
-7883
-6219
-4689
-5210
-3158
-490
1244
4967
7390
5432
4439
2497
-1820
-4230
-7391
-7823
-6020
-6278
-7981
-8632
-7635
-6532
-5175
-3078
777
5898
13236
14395
13258
13869
10249
11951
11800
4983
2452
-1711
-6923
-6497
-8353
-8732
-1987
1555
3201
4936
2589
1928
2590
1633
2292
1949
1343
918
-1865
-4085
-4465
-6928
-6715
-3340
-4125
-1837
30
-832
1800
2435
1721
2513
2723
1438
25
-1543
-3967
-5940
-7259
-7268
-6773
-5285
-5655
-5106
-3256
-3392
-2129
-1402
1279
4181
8166
11420
10169
11670
9268
6951
7896
3412
89
-1285
-4199
-3668
-3384
-3436
644
4309
5227
6565
5213
3110
3727
1125
-416
-1167
-3795
-3961
-4962
-6178
-5870
-7685
-6949
-4286
-2793
62
1795
3033
4679
5616
4834
3275
3350
517
-1621
-2548
-5804
-6232
-6747
-8116
-7059
-6082
-6231
-5063
-4072
-3048
-1152
-918
437
2630
4680
8586
9484
10756
10097
7319
6974
5016
834
23
-1526
-2723
-649
61
1495
5233
5826
5178
5482
3321
2548
874
-1340
-3076
-6166
-6681
-6934
-7608
-6845
-6977
-7647
-4535
-1819
-1514
1496
3197
4659
7322
6611
4823
3561
219
-1944
-3591
-4916
-4411
-5916
-7223
-7728
-7606
-6435
-5458
-3237
-1254
385
552
-1014
164
1168
1307
5271
8500
9406
9838
5435
3051
4070
2134
1621
2104
1541
3247
4231
4193
4899
5944
6843
5970
3623
1039
-1016
-3269
-6524
-8498
-8577
-8123
-5483
-5881
-6987
-4126
-3652
-1482
1889
2418
4523
7132
6886
4464
2377
-433
-2392
-3050
-3806
-3838
-4276
-4922
-6012
-7057
-6123
-4407
-2347
-54
1127
466
-1593
-924
-1255
-1237
-295
1661
6480
6997
5463
2791
183
2553
3769
3881
5653
5528
5512
6048
5744
5411
8306
7860
5676
3095
-1730
-2829
-5590
-8002
-8273
-9348
-6208
-5678
-6115
-4995
-5678
-3895
-5
1639
3173
6477
5750
3266
2406
-514
-1964
-1160
-2210
-2793
-2678
-3160
-4564
-5302
-4977
-4636
-1917
433
499
399
-1594
-2023
-1166
-1756
-1534
252
583
1789
3180
864
1388
1966
1921
6298
7054
6614
6619
4851
5918
6704
7653
8076
6611
3273
-355
-2227
-4534
-5502
-4905
-5680
-5392
-5803
-6970
-6231
-6118
-4307
-1198
-261
2673
4634
2503
699
-243
-2542
-749
199
-1002
-68
-733
-1895
-3022
-3609
-2348
-1243
-321
680
293
94
-1121
-2128
-1245
-537
-92
553
404
-887
-1546
-2030
-455
2495
3581
3872
4570
5596
4999
4793
6063
5774
7489
8260
5246
3374
1230
-370
-1665
-2407
-1368
-1698
-1526
-2521
-5856
-6799
-6498
-5672
-3481
-1283
-591
-55
-971
-2724
-4089
-5210
-3337
-1615
-140
1951
1512
460
-720
-1517
-216
1050
1640
2028
956
161
-1645
-3196
-2065
-388
576
697
320
-1556
-2692
-4815
-5228
-869
1871
4193
5491
2914
2776
4851
5659
5866
7526
7323
5599
5219
1929
372
1652
1408
2440
2009
1289
524
-2491
-4340
-6198
-6889
-3983
-1902
-2687
-3194
-4343
-6447
-6118
-6511
-5866
-2505
-595
2056
3355
2486
2082
2856
3617
4179
4091
3343
1752
427
-1752
-4357
-2442
-425
-580
-265
-1183
-3484
-4112
-4743
-5330
-3141
-1820
-217
3021
2829
3605
4452
4446
6767
7189
6051
5386
3751
1896
819
945
1400
2935
3519
2331
1318
-863
-2055
-3275
-4042
-3520
-3050
-3918
-3830
-4544
-6195
-6028
-7245
-6050
-3126
-2321
103
1429
1836
3626
4801
4852
4886
4849
3109
1259
461
-1840
-3514
-2171
-1795
-1653
-952
-1272
-3397
-3082
-2668
-4343
-2125
-1497
-2611
147
-27
2293
5242
5171
5852
3695
4508
4745
2958
1870
-341
109
842
1622
2195
2932
3332
1799
381
-754
-278
810
576
-1382
-2895
-3713
-4986
-5812
-6571
-6309
-4428
-2968
-1634
-1222
-361
456
2348
3660
4444
5018
3505
2555
663
-912
-1700
-1147
-470
-700
-312
-402
-1071
-458
-540
-2114
-1140
-1055
-2754
-722
-571
-656
474
1488
2407
2630
3370
976
335
1508
-119
-95
1026
1183
2940
4318
3742
3089
3617
3313
3567
3978
3300
2925
500
-1892
-4978
-6778
-6458
-6877
-5425
-4808
-4644
-3045
-2373
-1853
-747
265
1599
2769
2915
2392
2297
2515
983
138
-21
-148
770
764
520
45
-194
-1425
-2796
-2383
-2749
-1289
-220
-1793
-1302
-2231
-3633
-3274
-2319
-480
348
1098
-1459
-1603
1641
2248
4306
5270
4715
4879
4578
3949
4125
5086
5767
5313
3312
778
-1893
-4598
-6147
-7485
-7248
-5737
-4252
-2438
-2175
-2334
-1763
-480
96
1334
1840
1566
2983
3677
1643
1482
1143
-428
613
1076
564
328
-14
-2076
-2968
-1781
-2635
-407
755
-727
-732
-2313
-2664
-3592
-3774
-3621
-4131
-1438
-1434
-1293
727
985
4084
6365
6409
5930
4983
5090
4797
4646
4808
5396
4997
2857
291
-2388
-3086
-3874
-5574
-5704
-5124
-3510
-2230
-1572
-1096
-315
-150
754
1187
252
1448
1639
612
1422
1064
424
1530
1719
931
-221
-629
-1983
-2262
-1097
-1301
103
1638
645
-265
-168
-1105
-2222
-2019
-3882
-4776
-4591
-6516
-7110
-3302
-418
2198
4160
3819
5599
7273
6154
4837
4331
4475
5531
4082
2336
1518
300
-132
-1610
-3663
-3171
-3074
-3516
-3508
-3882
-3050
-836
87
481
677
-433
296
329
-813
-771
-671
-426
995
1350
829
615
-391
-1571
-2323
-1059
-68
529
2271
1035
371
971
-384
-878
-775
-1833
-3465
-4081
-6182
-8104
-7501
-6923
-4409
261
2993
5006
5222
4096
6617
7832
6994
7513
5608
4189
3920
1570
1242
1948
1434
184
-1257
-2073
-2587
-2571
-3674
-3447
-2735
-1461
471
-310
-645
-398
-418
701
850
41
388
424
1075
683
-11
135
-673
31
-598
-968
1157
1513
989
1118
418
-592
-343
-2088
-3814
-2286
-3123
-5007
-5633
-7277
-7053
-6147
-4794
-2596
971
3646
4820
5072
4360
7914
8705
6338
6006
3532
3468
4819
2636
1338
2092
1016
-1232
-1923
-3625
-2782
-1750
-2934
-2315
-3125
-2829
-1330
-509
516
1466
1817
1552
1515
754
-853
-348
-354
-395
263
-479
244
516
-308
-454
-285
143
150
-422
-1441
-1735
-1885
-3152
-3993
-4167
-3518
-3237
-4643
-4903
-5539
-5701
-4188
-2138
2329
5217
7347
5894
4868
7874
6255
6178
6944
4763
5462
4599
1209
-147
-85
-2095
-2385
-1319
-1788
-801
-2455
-4746
-4889
-3620
-1043
1021
2087
2336
1861
1170
278
-1147
-1734
-1461
-721
261
321
323
-44
-1229
-1519
-996
-12
461
401
-643
-796
-700
-2741
-4038
-3703
-3014
-1794
-1475
-3445
-5306
-5964
-6538
-5470
-2319
3655
6732
7868
6643
3838
8413
10553
8805
8458
6165
4846
3990
-22
-3156
-1682
-707
-1824
-1113
-2193
-3253
-3231
-3958
-3490
-2005
380
2037
2491
2430
1064
-437
-329
-1514
-2669
-2202
-1131
75
-682
-2381
-3175
-2286
-1114
-770
677
905
918
488
-2001
-2976
-2453
-2854
-2672
-2355
-2720
-3042
-4004
-6505
-7915
-6624
-4488
-2100
897
5461
7529
9686
8485
8067
13028
11949
8987
6913
2943
1447
-144
-3645
-3862
-1248
-1432
-3357
-3315
-3493
-1845
-784
-757
-215
821
3029
2801
2388
1884
623
38
-158
-1441
-2620
-2229
-2530
-3248
-3224
-3339
-2126
-896
-1653
-237
2126
1660
578
-980
-1605
-477
-751
-2238
-2740
-2603
-4092
-5809
-7346
-7954
-6256
-4923
-3980
551
7290
9921
12042
9007
8132
13700
10478
7334
5100
1282
1647
-1143
-5517
-4594
-3267
-3965
-3400
-2245
-1359
997
598
-487
549
1346
2859
3661
2091
147
-17
-1308
-2224
-4071
-6006
-4349
-4014
-4269
-3577
-3583
-1515
581
1149
2924
4099
3256
2578
833
-292
456
-1044
-3019
-3998
-5785
-6063
-6336
-8494
-8754
-8002
-6178
-2862
-1115
6031
11689
12253
12015
7180
11232
14557
9191
7826
4377
1438
247
-5946
-8816
-4761
-1781
-1889
-682
-681
-856
703
-725
-1110
766
3023
3598
2253
-751
-2478
-2603
-3222
-4030
-5303
-3598
-1617
-2457
-3803
-2827
-536
1857
2214
1969
4152
4565
1637
-236
-2621
-2590
-1652
-4760
-5867
-5629
-6436
-6244
-8006
-8916
-6348
-3561
-725
780
6828
12009
12661
11974
6266
11547
16156
9782
7848
3962
286
-617
-6222
-7607
-2760
-291
-1259
-1471
-1277
-1347
-257
-1306
-637
-92
2163
3111
125
-1609
-3176
-3004
-2315
-2720
-3072
-1229
-448
-2148
-2480
-1914
-717
1291
1431
2238
3669
2673
-919
-2915
-3506
-3838
-3329
-4959
-5591
-5180
-5851
-5228
-5107
-4768
-2994
-1965
-921
-254
673
8777
11908
11381
10027
6131
13941
14537
7209
6265
2728
384
-2219
-6957
-6055
-1136
-47
-2396
-2007
-1685
-1288
-1615
-2690
-2201
-995
2250
603
-1997
-2575
-2006
-297
-662
-2060
-1753
513
-414
-3509
-4410
-2913
-1180
-595
-644
-355
1259
298
-4174
-5233
-4441
-2730
-1035
-2479
-3029
-1708
-2026
-2783
-2972
-3463
-1994
-1104
-1607
-1733
2368
9112
8811
9291
6486
10095
16925
10864
7213
5412
1900
165
-3487
-5024
-689
1488
-506
-2566
-2886
-3426
-2730
-3656
-3337
-1995
623
2138
-884
-1669
-926
-431
370
169
-709
361
-419
-3321
-4671
-4185
-2588
-876
-389
-359
318
644
-2765
-4106
-2326
-609
1447
372
-2385
-1893
-2276
-3325
-3478
-2828
-2192
-2255
-4481
-5581
-5380
-1082
9616
10498
12772
11175
9909
16839
11035
6628
7557
3921
1709
-1889
-5537
-3533
-1568
-4392
-6551
-5522
-5306
-4516
-4466
-3895
-1914
1561
3300
260
298
1822
2064
1395
99
-906
-239
-1267
-3689
-5074
-4618
-3369
-2531
-1719
-1313
170
785
-373
-1483
-968
15
-36
-632
-2237
-2082
-2026
-3129
-3562
-3616
-4461
-5247
-5433
-4083
-3043
2525
11719
11480
12782
9421
9256
16912
11372
7933
7663
2820
-220
-5014
-8128
-6414
-4550
-5649
-6732
-5152
-5140
-4376
-2696
-1809
-623
3367
5562
2219
2044
2110
1620
1675
-357
-1074
-117
-1050
-3841
-5884
-5834
-5094
-3384
-1396
441
2818
2731
58
-1981
-166
1012
1086
947
-1104
-1279
-2779
-5877
-4801
-3571
-2909
-3165
-3735
-3724
-2939
-1606
7177
13044
12735
14096
8587
13474
14999
7386
7719
3230
-1843
-4694
-8732
-8666
-6897
-6196
-6926
-5771
-3796
-3789
-1016
-165
199
2291
5298
3851
1951
3356
2152
1537
-9
-2540
-3261
-3885
-5673
-6844
-6668
-5520
-4451
-2155
24
1140
2942
2665
669
1008
1079
930
695
-1089
-2553
-2926
-4261
-4671
-3385
-3676
-4461
-5565
-6475
-4158
-1264
1722
11308
14463
14663
14304
7853
13606
13753
7496
7335
2461
-1858
-6249
-9923
-9392
-7593
-4533
-4488
-4025
-898
-1094
-1029
-12
939
2937
6515
4822
3179
3811
125
-2381
-3548
-4928
-4178
-3704
-5205
-6985
-6917
-6419
-4545
309
2477
4925
5789
3187
95
315
393
515
1169
-245
-1665
-3689
-6557
-7862
-6551
-4858
-3307
-3018
-2361
-1759
958
1453
7770
15380
13195
15538
9470
11908
15633
6076
4877
889
-3659
-6312
-9695
-9094
-6485
-2811
-3071
-4325
-729
-1346
-1053
1118
1021
2719
6677
4028
-853
10
-2689
-4542
-4482
-5355
-4195
-2774
-4997
-6786
-6033
-4004
-1375
2153
4204
5815
5731
2799
-633
-1808
-727
-89
-855
-3095
-5297
-6012
-7253
-7617
-4193
-753
1509
964
-726
-1387
-13
1002
3415
14014
14559
14536
10958
5321
12097
5721
3109
2896
-695
-759
-5618
-7335
-7326
-5414
-2343
-3189
-1745
-58
-1269
-1443
-1737
-2048
181
2876
-568
-680
-725
-3009
-3501
-2907
-2535
-1753
-696
-1931
-3032
-1510
-1035
386
2916
2289
3306
2478
-1685
-3889
-2359
-2122
-1804
-1176
-1872
-2444
-2588
-3711
-2098
696
1327
1563
812
-1423
-2616
-1188
-942
4238
13284
11233
12490
8453
5331
13267
6999
5307
5169
1523
-1364
-6968
-7986
-8211
-4976
-3925
-6921
-4994
-3417
-4791
-3755
-3398
-2410
2747
4951
1217
2334
2128
319
-630
-1562
-1156
454
1762
-2162
-4164
-2297
-2542
-2388
-814
-1459
1272
2453
-1475
-2889
-1267
-953
-5
134
-729
359
174
-2048
-2536
-1071
60
-19
-1873
-3477
-2373
247
278
3201
12822
11222
11699
9336
4719
12604
7903
5167
3879
-447
-2623
-8735
-10532
-12086
-9978
-5153
-7926
-5968
-3422
-4104
-1612
-682
52
4155
6624
2889
3207
3118
258
-332
552
370
-45
-669
-3462
-6182
-6036
-5472
-3112
122
673
1542
679
-1051
-1743
-1132
826
2831
3300
2567
1557
-122
-1300
-1875
-535
1941
2771
2805
-32
-2811
-3104
-2415
-1376
2966
11695
10898
11530
7651
3057
9451
4559
4154
3412
-1826
-5424
-11749
-12841
-12567
-8411
-3452
-4567
-2107
-1446
-3469
-1097
-121
2010
6390
9802
6515
4919
2657
-953
-1891
-1721
-1333
-900
-602
-4519
-8114
-7937
-6983
-4794
-1165
638
2958
2797
791
-38
1078
3398
5863
6901
5816
3677
1068
-861
-1778
-1084
469
1036
-435
-3596
-7065
-6187
-3519
-1260
1324
9489
10383
9265
8101
-54
7539
6350
2522
2903
-3706
-5802
-11626
-13730
-12786
-9049
-1672
-2105
-2215
1102
452
893
1461
2746
5201
8519
5442
1231
1388
-1613
-4439
-4214
-3103
-3350
-2028
-3816
-7147
-6650
-4759
-2875
580
3427
5784
7136
6177
3746
3330
4896
5150
5473
5086
3706
607
-2601
-3980
-3559
-2329
-1686
-1718
-1870
-2146
-3418
-4169
-3022
-1090
1555
7621
5860
6028
4279
376
5665
1035
1369
565
-3347
-3773
-7765
-5234
-5263
-3449
514
-1675
-390
801
-11
539
400
1318
856
2825
1312
-491
612
-238
-1015
-432
286
-408
1485
230
-3241
-3390
-3250
-1987
1101
2610
4059
4409
2900
936
746
2622
5169
5219
4053
2409
-202
-1892
-2996
-2982
-2283
-1202
-2579
-4916
-6624
-7837
-9004
-8030
-6113
-3889
3289
4300
6331
5842
3234
8335
4794
5727
4455
2247
1339
-3841
-5141
-7400
-4964
-3879
-4626
-2600
-556
-217
-2461
-2193
-92
2177
5399
6237
7352
7189
5804
2636
526
89
-1870
-1400
-2154
-3366
-3974
-3397
-3016
-2130
1005
3618
5440
6036
5937
5596
5432
4021
2995
2282
678
-728
-3009
-5986
-7744
-8025
-8879
-8544
-6911
-5245
-4730
-4757
-4206
-2254
-1124
1312
5638
7757
9114
6401
4770
5150
2225
1836
978
7
-452
-3397
-4103
-4361
-3843
-1064
305
2130
4074
4029
3598
1261
1795
1660
2664
3810
1519
855
167
-2276
-3387
-3014
-2294
-610
1123
326
699
2298
1825
2064
2356
2815
3100
2906
788
-1151
-2348
-3599
-5649
-6031
-5070
-4153
-3085
-3831
-4665
-4084
-4144
-3930
-1445
169
1118
84
-1727
-3555
-4030
-3367
-1726
863
2309
3107
1541
1730
3085
3519
5873
4884
5483
6270
4369
4350
3683
2984
3236
2281
818
430
221
-781
-2055
-2473
-2928
-2099
-896
-176
110
894
1557
549
-12
-302
122
864
1130
476
-416
-563
-1351
-2391
-2543
-1350
-1101
-1143
-1621
-2786
-3197
-3637
-4754
-4666
-3548
-2291
-1426
-1305
-1261
-1052
-927
-1136
-1468
-1118
-461
-311
-482
-1148
-658
-320
373
1253
2048
3113
3824
3340
3104
3375
2866
3386
3106
3026
4565
5919
6430
5176
4084
2551
670
657
1174
2230
2068
973
-359
-2159
-2461
-2019
-622
1403
2717
2111
1457
-516
-2996
-3300
-2367
-1155
-907
-843
-2136
-3724
-6091
-7191
-6552
-4458
-1909
-752
-939
-2078
-2772
-3427
-2266
-266
1143
2287
1324
-1062
-3642
-4343
-3119
-1818
-533
-100
106
373
-1257
-1022
562
3092
5219
4705
4166
4017
4492
4128
4784
5889
5607
4381
1270
-967
-169
-331
-216
421
1195
1676
1740
904
316
1764
2745
3412
3504
2190
-298
-2077
-3982
-5707
-5305
-4492
-5056
-4763
-5491
-7008
-5920
-4995
-2878
76
1817
1686
579
-781
-1970
-1056
-80
662
568
-255
-1930
-3590
-3582
-2948
-820
1523
2972
3366
2547
1825
1723
2107
2944
3542
4367
4029
3079
1157
-270
-727
-1464
-1538
-712
1171
2288
1184
288
5
677
2703
3582
5029
5575
4250
2039
668
-60
-215
198
-78
-403
-976
-2644
-3936
-4399
-4404
-3832
-2736
-1945
-1702
-1442
-1696
-1751
-1548
-1818
-2356
-1550
-1672
-1646
-1676
-1817
-1560
-492
409
1336
1892
2334
2454
1970
2649
2504
3537
3646
2866
1961
643
278
-1050
-1536
-1384
-820
-825
-1869
-3231
-3721
-2491
-2273
-1061
400
1650
1791
1047
956
1585
2528
2507
2405
2830
3080
2840
1936
877
203
-266
-308
-557
224
-220
-1185
-1573
-2500
-2186
-989
-696
-372
-215
-879
-1384
-1977
-2006
-1594
-554
-151
-66
303
-126
-298
9
196
1119
1406
1365
1864
1343
1267
390
729
1250
907
1647
1516
393
-695
-1510
-2205
-1826
-2708
-3763
-3719
-4303
-4703
-4247
-2616
-1293
1
1089
1468
1962
1881
1506
2486
3739
4175
3426
2478
645
-758
-703
-1168
-285
303
22
-599
-725
90
634
2303
3410
3396
3557
2448
1739
987
634
330
-593
-1102
-2240
-2517
-2783
-3119
-2013
-1367
-478
-103
126
747
1417
1747
1754
2526
2637
2004
453
-695
-1999
-2692
-3205
-3939
-3210
-2824
-3564
-3328
-2998
-1987
-643
-359
633
1433
867
220
-295
-485
-506
-408
226
-247
-641
-1163
-2028
-2239
-1967
-646
1333
2343
2121
2769
3642
4032
4299
3706
3447
3126
2679
2892
2860
2914
1746
581
-597
-1180
-447
297
1166
1121
995
252
-1008
-1524
-1415
-526
835
1345
337
-1160
-2166
-3338
-3487
-2992
-2174
-846
-595
-1390
-1694
-1653
-2070
-1733
-831
-470
76
-218
-972
-1312
-1415
-1224
-812
-101
-6
-417
-1410
-2223
-2971
-2448
-1353
-1631
-674
173
506
437
102
-35
1135
2913
3673
4035
4181
3781
3117
3270
3416
4001
4431
3997
3768
3664
2798
1871
853
-100
-299
-515
-506
-143
294
-98
-877
-1469
-2196
-2159
-1613
-1043
-470
-424
-1246
-2096
-2688
-3183
-3062
-2170
-1617
-1830
-1909
-2235
-2170
-1764
-1848
-1438
-758
13
-179
43
-171
-800
-514
-1306
-1934
-2337
-2652
-3115
-3027
-2161
-2229
-1424
-533
-320
419
1405
2423
2766
3359
3315
3470
4198
4300
3799
3558
2725
1608
1417
679
243
406
822
1082
1771
2417
2891
2951
2539
1647
1523
1573
1315
1347
-31
-1234
-2032
-3241
-4060
-3944
-3141
-2333
-1884
-1977
-2725
-3074
-2092
-1297
274
1674
1886
1364
337
-908
-1878
-1562
-1666
-2138
-1907
-1472
-1951
-2252
-2289
-1793
-362
710
476
555
293
-175
-79
-300
447
1304
1071
792
555
595
731
435
417
651
1533
2799
2855
2522
2513
1751
1847
2554
2883
3998
4122
3307
2657
2487
2980
2678
2544
1798
488
-639
-2238
-3142
-2955
-2726
-2602
-2681
-2487
-2701
-1896
-888
-1193
-556
-337
-866
-1162
-1447
-1828
-1141
-1037
-2020
-1979
-1747
-2362
-2500
-1869
-1586
-1244
-1259
-1953
-1998
-1063
-615
-166
487
32
-173
-237
-732
-952
-435
-16
-27
449
-323
-1102
-1047
-1499
-904
262
709
1376
2527
3541
4332
4329
4201
3889
3933
4404
4386
3869
3115
1663
662
-122
-519
245
384
32
-330
-64
145
-38
189
-88
-58
-285
-1288
-1358
-1182
-1287
-1716
-1785
-2146
-2558
-2073
-1971
-1457
-1058
-1342
-1432
-1788
-2103
-1369
-277
322
282
-414
-704
-1049
-843
-657
-42
1215
559
-264
-1628
-2933
-2528
-1921
-849
436
1205
984
-211
-970
-967
230
1667
2717
3557
3195
2144
1029
743
961
1809
2605
2710
2656
1821
1468
1623
1532
1898
2256
2546
2526
1007
-393
-952
-1427
-1012
-466
-387
-628
-1064
-2302
-3366
-3024
-2034
-1276
-32
489
-188
-687
-1706
-2310
-1333
-603
-170
-114
-887
-1356
-1747
-1546
-1629
-1243
-173
-31
-347
-562
-930
-807
-726
-1104
-1187
-329
-253
-755
-286
-62
684
721
-195
-331
-61
221
627
1321
2090
1941
1670
949
940
1916
1917
1535
1462
1044
1203
1989
1952
2372
2802
2222
1607
1904
1399
1272
1786
1262
1155
484
-453
-899
-2055
-2498
-2822
-2638
-2557
-2603
-2461
-2175
-1631
-1447
-978
-237
557
846
612
-298
-625
-1036
-1493
-782
-556
22
491
-620
-1313
-1299
-1257
-724
-461
-525
-272
-447
-667
-764
-226
116
-160
-523
-885
-1109
-1021
-1511
-1481
-7
681
907
773
160
670
1313
2451
3161
3660
4370
3417
3192
3180
2966
3257
3201
2333
1471
632
-558
-1698
-2212
-1966
-1834
-1150
-723
-1072
-1583
-1986
-2040
-1562
-1050
-864
-420
-81
-205
-415
-562
58
718
893
571
217
-188
-953
-1253
-1138
-575
-170
-818
-1752
-1685
-1725
-1950
-1713
-1807
-1736
-1458
-1617
-2062
-1986
-1309
-1056
-763
-905
-829
282
560
997
2122
2993
3513
3169
2208
1721
2157
2616
2685
2728
2471
1721
1394
1044
889
1011
884
464
322
720
473
469
777
280
416
608
5
534
300
-272
-464
-1235
-1837
-1892
-1075
-774
123
746
336
582
39
-819
-608
-617
-1139
-922
-818
-955
-1627
-2409
-3317
-3593
-3464
-3596
-2340
-1100
-753
-404
-624
-922
-625
242
1192
1847
2472
1487
553
-127
-1523
-1235
-296
404
1406
1349
483
-664
-1190
-216
1288
2654
3445
3422
3013
2861
3095
3700
4349
4335
3456
2573
1509
102
-750
-1365
-1233
-984
-1202
-1574
-1864
-1920
-1703
-1212
-789
-23
648
399
-146
-645
-1069
-1785
-2465
-2071
-1897
-1650
-1812
-2510
-3284
-3294
-2462
-1630
-466
-303
-319
-504
-974
-933
-855
-459
116
-19
-246
-842
-1589
-1947
-2244
-2282
-1939
-1459
-932
-459
128
1690
2806
3111
3111
2813
3240
3796
4194
4577
4485
3857
2743
1909
1749
2021
1925
1451
1176
1169
1138
1057
936
668
702
383
-371
-570
-507
-525
-1099
-1553
-1920
-1780
-1388
-1206
-828
-411
-261
-570
-501
-571
-254
-100
-639
-1036
-1701
-2047
-2218
-2576
-2535
-2293
-2535
-2625
-2631
-2393
-1934
-1715
-1666
-928
-353
-166
367
237
37
15
-479
-788
-385
328
1176
2006
2314
2550
2241
1925
1323
1456
2686
3356
3666
2951
1828
1080
967
990
1327
1668
1513
1417
771
389
385
603
807
862
1067
1192
964
512
14
-393
-787
-1388
-1779
-1826
-1337
-1608
-2060
-2280
-2444
-2303
-2499
-2470
-1911
-1577
-1741
-1772
-1696
-1216
-1087
-1483
-1627
-1608
-1635
-1536
-1431
-1036
-711
-477
-320
-112
-44
63
483
614
587
307
181
226
667
830
1050
1407
628
15
8
821
2221
3291
3862
3541
3014
2420
2252
2868
4024
4852
4524
3956
2682
1574
1124
182
183
269
212
-165
-1247
-1989
-2361
-2223
-2387
-2253
-1709
-1658
-1401
-1866
-2274
-2081
-2362
-2260
-2316
-2220
-1904
-1991
-1639
-1198
-762
-739
-710
-762
-748
-538
-489
-370
-413
-778
-1467
-1980
-2402
-2514
-2512
-2388
-1953
-1526
-1245
-1240
-1045
-293
775
1800
2791
3481
3587
3260
2454
2516
2935
3150
3478
3209
3128
2655
2071
1994
2002
2359
2576
2482
2524
2423
1910
1496
941
526
264
-470
-1067
-1650
-2113
-2334
-2744
-2869
-2446
-1847
-1495
-905
-93
113
431
504
541
629
68
-390
-753
-900
-1185
-2140
-2588
-3184
-3555
-3346
-3082
-2684
-2092
-1675
-1446
-1039
-874
-445
-207
160
278
196
277
9
109
66
173
384
611
1117
1249
1657
1861
1969
2321
2733
2834
2789
2539
2210
2080
1870
1496
1316
1284
1003
990
813
568
666
319
283
762
670
836
612
159
-115
-468
-678
-834
-746
-794
-752
-1033
-1738
-2138
-2220
-1917
-1617
-1646
-1483
-1627
-2181
-2489
-2328
-2122
-1521
-1178
-1320
-1302
-1417
-1718
-1700
-1287
-1029
-443
-211
-782
-995
-1025
-829
-354
126
496
404
501
204
33
520
811
1117
1448
1531
1780
2005
2000
1879
2496
2778
3098
3338
3175
3135
3118
2967
2552
2345
1805
1597
1182
373
-79
-91
-144
-405
-600
-776
-1264
-1571
-1786
-1879
-1391
-1055
-1203
-1060
-1172
-1612
-1315
-1210
-1156
-831
-356
-407
-483
-398
-903
-911
-1092
-1297
-1191
-1061
-1083
-1395
-1351
-1615
-1710
-1655
-1823
-1866
-1426
-1174
-1154
-743
-341
-67
417
638
1033
1563
1487
1475
1593
2175
2672
2924
3045
2963
3048
3100
3181
3223
3272
3184
2818
2595
2121
1603
1023
438
-45
-618
-575
-795
-918
-927
-1187
-1227
-1264
-1293
-1157
-875
-384
46
-98
-436
-832
-1108
-1164
-1644
-1926
-1803
-1974
-2013
-2206
-2314
-2315
-2775
-2860
-2841
-2668
-2063
-1550
-1252
-1132
-1174
-1717
-2382
-2405
-2291
-1767
-1218
-1293
-1300
-1075
-629
150
1097
1881
2401
3042
3338
3413
3800
3754
3599
3332
2830
2353
2241
2211
2157
2382
2265
2064
1949
1823
1879
1785
1699
1640
1444
1236
872
811
444
-53
-419
-794
-1150
-1620
-1877
-2027
-1787
-1741
-1609
-1324
-1497
-1665
-1724
-1863
-1833
-2164
-2500
-2672
-2978
-3193
-3357
-3596
-3639
-3085
-2963
-2590
-1977
-1610
-1379
-977
-793
-384
175
223
608
885
1133
1323
1319
1476
1490
1365
1457
1723
2215
2816
3236
3520
3922
3798
3477
3567
3734
3890
3970
3681
3501
3708
3142
2497
2197
1764
1533
1110
630
121
-173
-691
-1255
-1241
-1328
-1300
-1338
-1409
-1503
-1721
-2069
-2449
-2615
-2756
-3110
-3052
-3163
-3329
-3070
-2858
-2721
-2489
-2149
-2189
-1909
-1598
-1628
-1339
-1323
-1636
-1463
-1429
-1518
-1668
-1488
-1150
-1237
-1215
-1095
-605
58
420
880
1299
1752
1814
1910
2206
2339
2613
2638
2702
3146
3529
3736
3970
3916
3627
3419
3135
2971
3016
2777
2321
1768
1134
432
63
-86
-455
-552
-760
-1123
-1224
-1570
-1992
-2356
-2484
-2386
-2207
-2033
-1861
-1555
-1515
-1703
-1709
-1553
-1512
-1446
-1570
-1889
-1985
-2147
-2288
-2125
-1766
-1691
-1637
-1572
-2036
-2206
-2140
-1920
-1257
-816
-564
-400
-338
-265
-309
66
758
1350
1903
2050
2200
2402
2607
2786
3237
3608
3853
3907
3506
3301
2833
2527
2420
2388
2528
2383
2358
2077
1441
949
690
435
51
-283
-637
-996
-1468
-1807
-1899
-1673
-1346
-1157
-1057
-903
-945
-976
-739
-915
-1120
-1055
-1245
-1467
-1744
-2346
-2545
-2598
-2911
-2914
-2708
-2386
-2040
-1884
-1646
-1383
-1094
-852
-636
-270
-130
-129
-296
-526
-445
-242
31
441
934
962
1102
1248
1105
1526
1908
2100
2532
2932
2972
3102
3062
2805
2741
2678
2452
2008
1922
1702
1554
1327
1092
1016
803
742
554
550
662
683
368
19
-326
-819
-1042
-1202
-1380
-1467
-1560
-1735
-2136
-2517
-2482
-2323
-1982
-1596
-1349
-1092
-1109
-1462
-1611
-1533
-1448
-1231
-1077
-1097
-1288
-1557
-2065
-2294
-1948
-1452
-1080
-837
-1045
-1415
-1642
-1664
-1477
-871
114
778
1181
1237
942
772
1027
1192
1900
2657
2793
2619
2138
1982
2165
2643
3181
3676
3979
3686
2993
2391
2002
1751
1607
1532
1264
757
-4
-942
-1350
-1428
-1565
-1401
-1366
-1459
-1467
-1421
-1149
-923
-640
-251
-165
-157
-516
-877
-1109
-1360
-1333
-1443
-1521
-1748
-2102
-2662
-2851
-2776
-2695
-2448
-2473
-2303
-2203
-2083
-1848
-1686
-1238
-825
-634
-388
-141
28
273
608
856
1156
1573
1947
2342
2809
3280
3779
3860
3901
3727
3483
3437
3225
3102
3040
2951
2715
2252
1708
1303
968
608
240
86
94
-117
-193
-267
-281
63
196
39
105
125
-6
-97
-628
-1107
-1388
-1753
-2082
-2259
-2364
-2553
-2721
-2966
-2945
-2585
-2372
-2220
-2293
-2216
-2248
-2156
-2104
-2089
-1842
-1949
-2264
-2346
-2279
-2014
-1373
-1027
-587
306
802
1006
1394
1437
1759
2236
2249
2404
2698
2619
2282
1869
1485
1435
1464
1494
1607
1700
1762
1645
1544
1800
2049
2591
3033
2891
2636
1979
1180
568
118
-124
-254
-317
-872
-1326
-1755
-2239
-1817
-1511
-1138
-722
-709
-947
-1329
-1533
-1623
-1484
-1499
-1645
-1734
-2009
-2600
-2970
-2960
-3080
-2838
-2534
-2113
-1677
-1528
-1436
-1337
-1076
-816
-425
40
429
611
460
225
-43
-102
185
355
743
993
930
1149
1556
2182
2715
3211
3735
3918
3990
3876
3567
3376
3250
2847
2528
2228
1814
1427
1012
735
560
492
394
357
380
226
76
8
-286
-598
-874
-1049
-1254
-1402
-1506
-1528
-1560
-1816
-1814
-1903
-1975
-1712
-1478
-1395
-1375
-1477
-1570
-1632
-1683
-1888
-1874
-1727
-2201
-2447
-2605
-2816
-2593
-2389
-2117
-1579
-954
-604
-213
439
858
1182
1410
1749
2111
2242
2019
1843
2152
2330
2243
2275
2295
2351
2165
1947
1815
1964
2356
2295
2355
2313
2085
1859
1379
808
573
379
94
-281
-559
-950
-1100
-1282
-1280
-953
-878
-820
-734
-626
-626
-634
-665
-688
-812
-1116
-1458
-1688
-1821
-2056
-2345
-2672
-2875
-3062
-2997
-2698
-2440
-2115
-1818
-1569
-1433
-1155
-1233
-959
-351
11
547
844
971
1152
1187
1071
1123
1537
1651
1801
2319
2153
2029
2009
1802
1834
2108
2414
2691
2804
2519
2209
2089
1605
1292
1246
1170
941
481
94
-314
-616
-859
-815
-626
-520
-600
-611
-659
-854
-994
-1004
-980
-862
-876
-1145
-1316
-1405
-1661
-1854
-1970
-1925
-1921
-2006
-2056
-1995
-1869
-1766
-1417
-1283
-1070
-747
-441
-94
514
837
908
1043
824
750
657
621
791
1059
1429
1377
1364
1482
1534
1835
2015
2056
2084
2192
1984
1732
1495
1302
1133
749
484
256
114
21
-167
-276
-495
-642
-575
-668
-700
-508
-599
-730
-773
-925
-1096
-1358
-1862
-2177
-2117
-2303
-2319
-2166
-1870
-1611
-1528
-1091
-585
-125
43
-90
-131
-52
114
286
352
599
740
444
108
-244
-342
-189
31
427
860
1202
1462
1325
1275
1569
1900
2308
2314
1956
1510
1048
617
403
576
866
1028
1049
766
462
208
121
152
466
799
774
449
-109
-454
-726
-919
-1069
-1345
-1606
-1941
-2377
-2725
-2719
-2451
-1952
-1527
-1139
-707
-623
-581
-454
-133
208
274
177
55
-31
-102
-231
-73
201
251
166
126
119
73
129
232
395
677
651
412
396
533
718
880
883
916
1038
902
594
428
470
625
907
1051
908
804
516
263
282
394
407
380
89
-412
-732
-1187
-1295
-1032
-851
-843
-946
-1108
-1184
-1256
-1277
-1009
-616
-453
-521
-531
-669
-791
-698
-529
-379
-87
124
116
215
438
494
689
887
832
890
920
800
699
549
555
504
352
408
439
518
560
490
522
592
586
650
725
981
1177
1092
1053
899
735
520
305
115
-125
-231
-592
-790
-852
-1088
-1198
-1146
-1121
-1109
-1080
-1083
-1031
-893
-676
-455
-400
-512
-661
-739
-803
-638
-409
-92
101
63
180
71
-12
-31
-9
76
243
264
148
125
15
7
212
393
554
855
1071
1162
1215
1141
922
947
1010
1030
1177
1115
991
1030
823
691
697
511
345
275
-35
-253
-366
-568
-671
-784
-908
-1120
-1213
-1460
-1807
-1829
-1840
-1832
-1829
-1637
-1491
-1399
-1229
-1134
-881
-584
-484
-417
-243
-62
-99
-191
-139
-158
-181
-271
-422
-376
-409
-345
-266
-193
-90
85
374
505
740
854
1078
1351
1607
2014
2286
2303
2149
2117
2014
1782
1608
1584
1610
1539
1370
1231
1125
933
754
659
493
317
133
-101
-305
-531
-650
-661
-840
-1029
-1168
-1472
-1525
-1598
-1776
-1633
-1497
-1475
-1228
-1122
-1199
-1093
-1061
-1060
-897
-823
-932
-957
-1018
-1248
-1426
-1380
-1272
-1030
-917
-919
-832
-816
-752
-507
-99
436
933
1161
1296
1391
1333
1280
1346
1403
1619
1775
1676
1507
1357
1349
1366
1341
1425
1515
1683
1680
1361
1175
1054
902
806
599
503
341
108
-24
-190
-192
-473
-697
-684
-776
-749
-751
-697
-633
-743
-910
-1012
-936
-987
-1049
-1205
-1251
-1332
-1616
-1646
-1689
-1642
-1574
-1464
-1363
-1171
-960
-827
-560
-351
51
377
499
708
808
946
903
715
653
678
770
625
486
493
572
695
822
1003
1379
1663
1566
1399
1389
1385
1325
1216
1077
1106
1078
835
634
577
560
463
360
263
209
334
195
-29
-21
-116
-178
-302
-501
-675
-888
-1305
-1765
-2024
-2121
-2077
-2013
-1880
-1769
-1737
-1700
-1687
-1552
-1248
-887
-701
-589
-482
-655
-714
-663
-622
-381
-412
-581
-490
-558
-540
-486
-420
-154
46
234
363
534
785
877
923
1035
1128
1260
1315
1250
1327
1508
1541
1582
1664
1640
1636
1624
1600
1719
1789
1755
1528
1371
1254
902
634
351
125
2
-197
-339
-549
-703
-793
-913
-850
-869
-884
-974
-1090
-1130
-1223
-1181
-1132
-1109
-1016
-1045
-1067
-1007
-1078
-1126
-948
-958
-983
-955
-913
-871
-901
-956
-926
-780
-672
-563
-371
-102
106
177
202
281
285
420
513
633
922
1050
1026
994
1049
1230
1501
1713
1819
1725
1650
1629
1530
1498
1600
1580
1405
1289
1262
1242
1283
1208
1003
919
779
489
245
61
-99
-304
-431
-539
-747
-884
-1064
-1229
-1202
-1261
-1311
-1404
-1516
-1721
-1828
-1818
-1819
-1743
-1688
-1741
-1816
-1826
-1851
-1823
-1819
-1640
-1335
-1024
-913
-1031
-1006
-968
-920
-691
-386
-133
-30
-41
-37
32
170
429
616
891
1102
1121
1126
1117
1177
1327
1547
1714
1751
1757
1741
1638
1582
1650
1700
1725
1698
1624
1588
1500
1335
1157
1067
890
585
300
124
-69
-181
-398
-702
-738
-899
-997
-1050
-1183
-1307
-1478
-1588
-1538
-1395
-1271
-1181
-1096
-1129
-1189
-1306
-1363
-1264
-1061
-972
-939
-950
-1036
-1025
-923
-681
-489
-273
-45
96
227
363
386
577
752
768
1019
1182
1158
1104
1102
1076
1228
1572
1748
2103
2252
2301
2265
2078
2025
2100
2222
2150
2016
1777
1410
1053
725
437
252
161
-32
-143
-292
-670
-896
-1061
-1199
-1153
-1113
-1288
-1492
-1491
-1742
-1779
-1801
-1833
-1777
-1740
-1678
-1730
-1623
-1771
-1846
-1860
-1826
-1660
-1501
-1493
-1501
-1327
-1224
-1106
-961
-871
-776
-681
-529
-413
-232
49
263
347
418
619
806
1027
1355
1572
1705
1810
1846
1878
1958
1893
1755
1786
1731
1598
1527
1490
1440
1427
1395
1269
1142
891
762
551
327
166
-16
-84
-272
-484
-721
-888
-920
-1063
-1082
-1098
-1145
-1091
-1017
-1010
-1062
-1064
-1123
-1179
-1136
-1238
-1364
-1402
-1480
-1523
-1505
-1541
-1528
-1297
-1112
-997
-802
-586
-501
-371
-204
23
321
601
820
901
1118
1146
1093
1156
1119
1158
1221
1418
1573
1555
1527
1511
1448
1466
1550
1559
1721
1791
1682
1463
1252
1203
1104
1066
1048
890
855
564
199
-10
-181
-314
-348
-303
-361
-349
-404
-647
-778
-886
-1140
-1238
-1287
-1298
-1301
-1396
-1648
-1903
-1909
-1951
-1849
-1636
-1501
-1288
-1216
-1232
-1244
-1145
-943
-760
-555
-364
-303
-319
-265
-269
-152
38
100
239
325
352
387
395
365
355
613
757
901
1091
1192
1256
1308
1312
1289
1382
1506
1641
1756
1708
1534
1353
1141
1044
1088
988
862
777
605
363
153
-112
-355
-393
-463
-563
-667
-810
-951
-1065
-1208
-1323
-1276
-1170
-1109
-1007
-1017
-1102
-1071
-1119
-1075
-995
-992
-1036
-1060
-1106
-1101
-1025
-986
-933
-889
-826
-809
-701
-563
-411
-214
-43
61
252
318
296
486
645
786
847
919
1035
1080
1103
1104
1211
1444
1602
1827
1916
1951
2015
1921
1798
1813
1859
1670
1392
897
452
213
34
-13
-80
-126
-280
-489
-674
-586
-533
-513
-427
-384
-307
-363
-518
-706
-842
-939
-1123
-1374
-1601
-1776
-1905
-2030
-2038
-1779
-1616
-1537
-1345
-1323
-1249
-1174
-1086
-932
-589
-400
-360
-262
-310
-255
-88
145
445
600
652
646
673
946
1204
1487
1664
1831
1971
2007
1872
1809
1706
1629
1567
1414
1319
1113
880
660
584
575
556
620
619
594
546
401
282
270
337
260
140
-117
-555
-827
-1056
-1291
-1419
-1482
-1595
-1661
-1731
-1813
-1826
-1815
-1773
-1652
-1553
-1515
-1451
-1485
-1500
-1303
-1134
-992
-892
-767
-720
-599
-376
-248
-14
301
640
758
862
889
870
1009
1054
1043
1098
1155
1177
1134
1129
1078
997
974
1078
1303
1323
1367
1390
1452
1497
1495
1503
1403
1258
1112
879
628
352
97
-136
-292
-398
-586
-676
-716
-728
-783
-865
-1056
-1187
-1311
-1451
-1459
-1441
-1445
-1472
-1486
-1582
-1558
-1585
-1564
-1425
-1282
-1086
-821
-530
-403
-299
-251
-127
45
160
260
241
247
225
124
226
311
503
676
698
770
703
755
925
1188
1477
1652
1781
1785
1670
1519
1408
1293
1308
1335
1219
1099
874
683
603
592
591
499
439
359
139
-149
-341
-507
-585
-583
-623
-580
-681
-962
-1127
-1288
-1295
-1290
-1342
-1351
-1325
-1227
-1204
-1269
-1241
-1255
-1226
-1006
-923
-938
-939
-960
-908
-680
-441
-423
-425
-525
-517
-373
-323
-236
-111
110
294
453
593
650
736
733
812
995
1173
1249
1201
1248
1358
1310
1092
916
906
1064
1252
1148
990
842
850
876
808
867
980
964
817
614
407
356
300
182
165
161
-55
-277
-479
-554
-534
-700
-717
-726
-780
-824
-980
-1022
-1045
-1096
-1046
-1106
-1178
-1224
-1354
-1351
-1290
-1209
-1109
-1065
-1021
-899
-833
-786
-744
-680
-511
-381
-325
-310
-245
-167
-148
-42
105
171
228
294
305
357
493
604
802
1047
1209
1267
1248
1182
1172
1217
1311
1362
1316
1215
1127
1097
1103
1089
1039
996
1076
1095
1027
931
781
715
601
402
280
120
-86
-256
-476
-671
-840
-998
-1102
-1204
-1250
-1222
-1310
-1314
-1246
-1178
-1049
-1011
-995
-1031
-1144
-1265
-1298
-1295
-1325
-1360
-1475
-1552
-1550
-1535
-1397
-1156
-901
-673
-395
-171
-6
127
265
397
624
789
811
823
773
790
836
889
925
1027
1158
1256
1435
1630
1703
1797
1912
1997
2053
2038
1912
1665
1488
1327
1237
1031
819
630
418
209
-31
-264
-344
-284
-201
-172
-244
-392
-562
-638
-738
-725
-711
-848
-1045
-1311
-1483
-1597
-1678
-1635
-1602
-1627
-1626
-1575
-1422
-1308
-1188
-1047
-846
-610
-474
-488
-487
-459
-373
-298
-234
-64
37
141
237
366
548
659
735
845
1087
1240
1286
1297
1273
1330
1383
1386
1370
1367
1379
1357
1226
1165
1087
873
722
594
587
503
437
347
277
252
70
-230
-371
-384
-470
-578
-692
-772
-889
-1069
-1322
-1367
-1267
-1225
-1259
-1303
-1334
-1344
-1264
-1179
-1074
-912
-895
-994
-972
-956
-891
-779
-704
-600
-470
-320
-319
-247
-72
77
211
318
439
489
676
761
828
943
1051
1069
1134
1227
1214
1172
1079
1015
1011
1098
1138
1145
1199
1175
1047
854
702
631
642
615
495
389
285
91
-55
-118
-209
-320
-498
-671
-720
-788
-907
-918
-869
-750
-720
-848
-911
-889
-782
-718
-698
-655
-679
-711
-824
-909
-850
-893
-889
-778
-637
-501
-471
-446
-334
-146
29
143
264
405
431
469
537
542
596
719
796
871
870
829
800
821
883
926
1067
1063
954
931
890
862
845
784
665
617
540
335
188
-21
-179
-299
-371
-434
-451
-477
-639
-734
-753
-704
-663
-587
-599
-581
-594
-705
-821
-884
-920
-946
-879
-846
-885
-930
-984
-978
-903
-835
-712
-533
-425
-317
-289
-288
-196
-57
65
169
248
297
333
344
450
570
725
846
865
890
906
946
1047
1069
1102
1186
1159
1026
991
973
1042
1059
954
855
785
586
425
339
357
473
413
360
272
240
175
138
51
15
-56
-174
-326
-500
-622
-745
-758
-805
-864
-999
-1147
-1247
-1244
-1269
-1243
-1101
-1070
-965
-889
-941
-967
-1036
-1048
-986
-890
-749
-641
-571
-512
-466
-370
-264
-175
-36
76
175
250
299
366
485
494
534
574
580
642
627
658
700
758
764
797
900
986
1023
1052
990
969
1044
1076
1072
1053
968
836
784
663
596
484
415
391
301
179
-20
-226
-347
-387
-419
-469
-515
-580
-696
-781
-900
-943
-970
-913
-930
-924
-893
-958
-999
-993
-947
-822
-723
-732
-754
-776
-693
-577
-479
-421
-312
-230
-164
-197
-239
-246
-157
47
273
434
474
465
473
571
674
811
901
1019
1133
1185
1168
1172
1212
1210
1215
1197
1123
1027
984
927
881
833
766
746
647
538
463
383
311
206
84
7
-78
-278
-425
-503
-596
-626
-637
-764
-828
-893
-910
-885
-928
-1032
-1096
-1092
-1098
-1137
-1210
-1228
-1167
-1135
-1221
-1276
-1286
-1297
-1199
-1014
-896
-783
-695
-619
-472
-356
-214
-69
58
227
311
401
415
378
478
639
803
903
913
833
817
868
962
1074
1088
1071
1067
1061
1043
987
927
908
941
933
816
660
555
422
372
299
203
153
30
-33
-60
-146
-299
-413
-547
-630
-655
-672
-765
-910
-983
-1060
-1096
-1069
-1096
-1125
-1073
-1086
-1129
-1015
-926
-897
-825
-727
-564
-341
-230
-135
-94
-19
66
113
168
238
344
446
543
588
576
607
740
876
939
1062
1244
1326
1401
1358
1322
1287
1198
1176
1165
1189
1147
1049
1026
986
874
731
641
644
562
458
359
275
213
167
-69
-285
-401
-493
-539
-673
-822
-951
-1024
-1049
-1075
-1103
-1111
-1049
-1048
-1076
-1067
-1074
-1051
-1023
-1045
-1065
-1051
-1063
-1017
-903
-794
-750
-711
-727
-699
-609
-470
-312
-177
-42
36
124
181
332
440
502
621
660
670
667
658
705
790
864
906
894
840
830
714
622
633
628
674
728
650
486
338
226
177
111
79
17
-82
-202
-314
-471
-562
-556
-416
-321
-370
-449
-565
-592
-630
-596
-625
-619
-621
-660
-792
-850
-838
-799
-639
-521
-491
-452
-415
-396
-275
-159
-1
168
319
385
429
509
546
646
724
743
768
823
798
786
791
820
869
874
895
897
919
953
889
835
747
680
649
559
493
439
381
258
183
53
-23
-65
-78
-84
-71
-65
-41
-122
-146
-249
-395
-398
-408
-438
-514
-683
-861
-991
-1047
-1150
-1161
-1035
-1010
-990
-1057
-1102
-1066
-907
-747
-631
-573
-585
-572
-506
-427
-298
-181
-104
-56
14
82
125
132
199
335
476
565
534
560
594
586
610
611
628
717
754
739
678
568
532
542
550
581
571
500
441
416
436
457
435
490
433
334
293
182
116
96
11
-100
-254
-431
-571
-626
-628
-671
-669
-708
-757
-780
-763
-766
-707
-615
-574
-566
-567
-624
-695
-683
-557
-498
-517
-499
-498
-374
-230
-198
-152
-12
67
184
244
324
424
490
626
673
729
743
761
737
740
681
642
679
718
721
698
712
671
656
660
752
775
764
651
551
524
460
382
279
159
74
77
26
-31
-177
-322
-380
-412
-476
-466
-556
-619
-588
-622
-611
-658
-794
-904
-1014
-1066
-1108
-1136
-1040
-987
-907
-897
-958
-936
-852
-664
-497
-415
-310
-233
-158
-65
-18
33
100
214
289
383
444
487
525
587
724
843
1003
1068
1090
1085
1076
1079
1042
962
873
830
757
671
559
487
458
432
464
467
440
433
430
476
394
261
195
138
112
82
-34
-194
-365
-543
-712
-798
-880
-950
-941
-899
-891
-896
-920
-845
-791
-722
-684
-623
-513
-492
-519
-572
-583
-532
-448
-392
-349
-285
-242
-194
-107
26
158
323
459
530
581
584
599
615
642
635
621
534
433
399
400
421
440
433
481
540
636
664
639
631
573
516
510
499
441
346
125
-43
-139
-295
-392
-497
-600
-646
-690
-770
-739
-729
-716
-702
-709
-676
-753
-771
-731
-745
-765
-782
-746
-643
-568
-533
-572
-650
-580
-481
-391
-305
-251
-165
-105
-76
-20
-7
4
29
70
136
187
170
199
257
337
380
377
430
527
597
702
773
696
661
606
630
690
730
733
666
620
609
556
507
477
380
363
301
171
127
170
158
111
78
13
-11
29
58
7
-62
-126
-194
-174
-151
-133
-115
-120
-162
-192
-237
-309
-309
-287
-218
-220
-262
-214
-251
-236
-196
-224
-218
-175
-77
-85
-67
-43
15
74
113
162
234
331
359
333
315
277
218
212
236
216
147
81
55
47
71
102
143
120
70
27
-32
2
-32
15
7
-20
-13
2
-6
-4
-20
-87
-178
-296
-336
-260
-239
-259
-226
-264
-284
-329
-340
-334
-268
-194
-232
-266
-325
-361
-366
-357
-366
-314
-286
-252
-250
-199
-162
-202
-125
-66
17
70
78
88
72
112
175
202
189
211
159
128
148
127
144
178
226
202
160
132
146
169
241
245
225
217
177
207
222
200
209
182
118
28
-73
-133
-181
-126
-134
-141
-210
-273
-232
-205
-209
-178
-153
-154
-121
-177
-271
-273
-288
-212
-127
-93
-43
-63
-82
-53
-28
64
189
205
193
170
164
191
233
257
249
230
207
219
252
288
316
324
376
384
440
477
440
418
427
381
419
431
412
433
397
345
210
162
99
96
35
-36
-75
-139
-143
-164
-188
-194
-253
-282
-373
-408
-426
-476
-449
-445
-455
-522
-582
-588
-568
-525
-466
-506
-489
-412
-435
-429
-373
-315
-222
-161
-179
-218
-250
-202
-185
-150
-138
-119
-21
-3
-32
-16
-41
20
167
237
305
337
410
432
392
377
396
461
533
577
516
402
310
242
241
240
228
258
285
261
166
73
91
119
83
-28
-97
-93
-65
-132
-245
-306
-325
-217
-226
-261
-287
-279
-266
-203
-116
-26
0
-26
-39
-95
-144
-207
-246
-220
-188
-188
-169
-201
-154
-126
-81
-8
60
135
206
211
214
275
261
331
346
419
394
275
221
177
157
224
265
284
309
293
248
204
245
186
180
139
90
28
-30
-91
-101
-142
-267
-310
-403
-468
-526
-510
-486
-402
-319
-270
-235
-271
-250
-259
-196
-114
-79
-106
-127
-156
-155
-195
-216
-175
-115
-48
-3
47
89
153
173
138
93
144
213
240
319
343
321
326
281
238
227
235
278
276
319
336
294
272
298
294
308
326
333
332
234
172
125
72
110
92
36
40
40
-13
-97
-132
-138
-170
-194
