5
-10
-78
-84
-60
-19
-7
0
-21
-44
9
-1
-25
-35
13
-31
-54
-51
-52
-24
59
54
-4
-12
-24
-60
-42
-11
6
4
39
91
100
79
86
94
73
76
-15
-23
4
-16
-17
-17
-91
-81
-48
-36
-10
-25
-9
13
14
-7
-42
-84
-129
-168
-168
-110
-86
-79
-49
-82
-82
-32
-20
-27
-3
-26
-99
-135
-102
-50
-81
-42
-1
0
-7
-24
-42
-35
7
-42
-95
-74
-70
-82
-18
-27
-73
-92
-107
-51
-31
0
31
58
57
6
-6
14
86
95
67
35
33
6
8
79
118
107
99
110
102
83
80
48
46
32
21
16
-5
-58
-60
19
98
122
104
61
46
55
64
-14
-69
-67
-48
-24
-14
11
-18
43
69
42
17
-27
-21
-15
-52
-48
-25
-19
-4
-17
-45
-23
-15
-25
-17
24
-36
-82
-3
32
16
48
73
82
99
31
-23
-79
-55
-23
68
72
47
57
47
36
57
72
101
134
91
1
-10
-24
-86
-8
41
83
75
75
42
92
104
39
78
48
43
41
31
19
67
59
-46
42
14
-48
-38
9
-53
-114
-68
-74
-69
-66
-25
11
-70
-154
-162
-179
-138
-46
25
-19
-20
-89
-122
-44
9
-58
-54
25
-27
63
87
90
116
60
-14
-56
8
-12
1
-12
-76
-11
61
22
103
129
20
64
30
45
146
146
-25
49
21
-128
60
94
-59
-31
149
2
168
176
63
101
16
-85
-57
11
-172
-2
58
21
-52
33
-14
-23
24
-105
22
-33
-66
-20
-47
-245
-5
46
-216
-2
-74
-209
-100
-23
-261
-181
-86
-318
-242
-171
-205
-151
-53
-181
-158
-189
-254
-167
-168
-174
-98
-74
-304
-184
-96
-198
-28
69
-95
-69
70
-52
100
141
-76
55
142
40
106
191
87
173
168
128
179
110
185
166
68
142
169
153
145
254
211
245
249
222
251
180
138
46
85
112
193
211
191
139
83
165
105
199
131
196
159
3
30
-1
126
-10
-13
-71
1
69
23
-18
-113
95
-168
-42
139
-31
-58
-11
-81
-214
-113
-122
-125
-34
-80
-148
-189
-49
-137
-234
-1
-101
-133
-19
36
-122
-71
-80
-90
-74
-84
-55
-20
70
9
84
-39
-65
89
138
-109
5
162
-180
50
282
-112
-65
96
-35
-152
127
65
15
119
77
-142
-11
-29
-103
121
63
-78
4
89
-85
224
13
-97
-80
100
-78
122
153
-261
-36
-109
-158
-175
52
-51
-198
-85
-203
-166
-255
-183
-172
-49
82
-248
-115
-252
-422
-127
3
-128
21
126
-229
-167
18
-92
2
257
168
-35
-56
-80
-181
88
65
128
507
61
-194
-7
100
-28
259
379
79
261
56
-13
85
74
162
146
343
58
224
174
15
242
37
32
44
226
-43
-110
211
-34
-1
285
81
-246
158
196
-43
98
161
-66
42
97
-41
182
62
-30
-28
122
-153
-22
84
-11
125
-44
-110
-8
-80
-166
62
18
-128
-223
-335
-132
16
-213
2
-96
-215
-304
83
-114
-42
90
-175
4
-52
-83
207
177
-107
-24
222
-232
63
262
38
-28
-2
43
-55
237
101
-47
-10
-92
164
70
-7
-65
125
-141
-74
168
42
-152
-79
40
2
-191
-200
73
-210
-207
26
-66
-163
33
85
39
-107
-367
-340
75
-160
78
-100
-104
-48
-129
-177
-89
268
-251
127
-102
-103
-166
-62
-46
-68
28
-66
166
122
-83
-144
-128
-28
162
136
-20
33
-20
-182
188
-138
166
110
-51
99
-24
61
-61
412
-218
63
238
-186
41
-45
275
-24
364
185
107
302
-68
192
103
69
-65
253
-198
127
547
-101
136
74
7
-19
215
75
-43
-43
17
13
-448
62
100
-99
315
-189
-314
-270
-10
-10
325
-65
-141
96
-33
14
-92
261
-150
94
-67
-90
-265
67
106
-28
241
-122
46
-78
89
-111
75
5
155
198
-294
108
218
-76
-308
113
235
171
355
-26
202
-17
-59
279
140
123
196
31
-194
187
-75
-101
228
204
-184
353
-102
-300
292
54
-63
189
-142
-249
-15
-15
47
79
-289
-418
147
-112
-283
389
379
-276
-167
-309
-356
-29
-134
110
159
-273
-430
31
-47
-259
-67
-73
-230
28
-33
-68
-60
-312
-56
-262
72
145
58
97
-303
-55
-282
-51
-163
195
-379
-189
241
-4
60
-67
-194
-370
280
69
91
16
45
-218
-230
130
-71
-16
-152
-187
33
-53
-387
246
141
-169
-143
228
-11
-118
-56
132
203
147
-97
-122
30
-200
427
371
-121
-72
-294
-10
-162
386
-28
-161
155
-412
4
203
264
80
-54
47
-114
391
-6
-77
-201
171
44
310
283
551
-238
144
43
-337
564
151
651
143
87
-341
210
292
82
161
173
224
-175
435
133
318
32
205
18
-101
274
79
511
-106
-150
177
-44
76
271
325
-246
-171
452
-291
-61
149
288
-210
-375
47
-28
-33
-234
514
-179
-500
163
-58
-302
267
-190
-310
314
-280
-287
173
-57
-341
-14
-89
-195
-62
-310
-176
137
-290
-302
-38
-388
-263
-58
42
-329
-31
-104
-370
211
-353
-364
-115
215
40
-193
307
-456
-379
179
76
-8
151
323
-228
-223
252
-47
-165
-31
375
-268
-52
113
276
-66
-176
169
-248
546
-61
83
326
-195
-622
-2
-29
184
312
492
20
-821
-155
203
710
-397
533
66
-485
254
313
-24
-410
228
183
-283
7
139
43
9
14
-110
159
-186
-332
800
-168
-269
40
75
-175
-17
457
-62
-356
-317
-43
-89
303
434
-70
307
-385
-540
4
-29
689
430
598
-169
-12
-577
295
373
228
199
-226
134
479
468
-444
203
-748
189
634
412
145
-169
-70
-366
415
-102
-123
676
-46
-548
205
283
-274
-162
892
-1036
-107
-183
204
208
-119
424
-457
-311
-307
203
-292
49
-12
-536
218
-255
-37
-299
-314
185
-454
364
-258
255
81
-158
-287
-370
-143
138
260
278
-1
-575
-429
-58
-281
110
641
-144
-390
84
-344
153
386
-483
-303
60
-200
89
465
410
-501
-230
-32
-143
220
175
1070
-158
211
-177
-293
-374
197
595
236
453
115
-567
-290
-210
117
637
426
194
201
-314
-449
607
28
124
-277
717
-623
161
760
-601
-304
-818
-33
423
819
-150
-278
-206
-881
-279
563
503
-258
255
248
-452
-311
-221
325
-125
70
332
-341
-64
-728
383
-242
169
99
82
-372
-343
447
-212
317
376
-396
-612
433
25
311
365
100
-502
-46
-99
178
275
326
-429
-51
142
-236
354
172
56
-550
175
-149
11
498
231
-370
103
109
-37
236
222
81
-147
293
-266
-196
-321
-156
620
-670
-277
59
14
145
248
216
-663
-146
182
-513
1062
-638
545
279
-165
-200
-465
827
-341
612
298
18
-342
249
-115
-105
262
-321
122
388
-77
34
553
-521
-170
80
360
-189
246
654
-1059
341
-300
-206
-109
470
181
-326
860
-636
-38
16
-23
-320
288
290
304
-404
-220
-261
-220
31
63
582
-539
62
-48
-387
59
130
335
-321
267
-114
-295
654
-434
112
-309
99
352
-567
495
-101
-292
89
-52
11
23
-17
346
-693
147
178
84
-179
-638
894
-1100
1139
-648
185
-129
-576
537
-706
458
-50
-144
400
-1009
383
127
-626
911
-227
-270
-711
-29
-489
259
470
-17
-136
-7
-611
-275
586
-107
486
-251
158
-521
-327
232
481
-144
103
-391
657
87
-81
483
-1183
277
-247
467
129
-144
583
-545
66
385
-211
94
313
617
3
-469
242
-123
171
125
226
-41
-567
753
715
-108
-77
-151
82
83
593
138
-343
-142
-52
255
-242
-117
181
473
185
-395
184
-884
546
-538
871
113
-856
463
-312
155
-580
1281
-125
-186
-68
-257
-510
40
471
-102
110
-300
-43
-93
84
-381
158
-145
406
127
-86
-228
-221
-496
-118
350
162
-217
618
-184
-910
-235
-71
566
-130
856
-90
-686
405
-43
-399
-255
353
174
122
207
-805
-116
-382
727
389
203
-553
-140
502
163
-23
-476
366
-578
-26
761
500
-1068
27
352
-809
326
88
381
-57
-456
-857
631
636
132
-13
-313
-799
87
1444
-431
120
-1252
-290
1773
126
-321
-585
-35
-221
203
1729
-724
-843
-775
266
1058
-488
560
-35
-30
-778
490
92
-144
327
-126
-206
438
-264
-483
551
-175
-170
237
238
-344
161
305
-332
1005
-195
-647
135
55
-165
-206
913
-302
1
391
-932
260
404
-463
1710
-822
-436
-232
714
-149
-427
927
-1300
1301
-72
-705
-327
422
-640
682
248
-1123
-1387
898
1626
-345
342
-1232
-414
-835
1180
1033
-219
-918
123
226
-959
594
283
-740
575
1447
-1419
-830
-508
1293
578
-533
-1000
-682
1272
-385
1148
352
-1975
-574
1627
-1
-1306
1313
-13
-10
-1087
618
-151
-329
1201
-584
-250
-636
980
-476
-151
869
73
-126
-55
-611
-137
1082
814
-655
295
-609
-87
528
-1099
-401
777
1160
773
-1118
-432
-907
371
1124
525
-318
-1125
1214
574
-1534
-195
779
416
565
-473
1009
-1632
248
1236
-468
-568
230
1156
-1799
255
1643
-575
-1995
1120
1077
-865
-229
507
64
-1036
547
246
-743
-328
375
1269
-857
-830
290
448
-334
-952
1856
-814
-167
565
337
-1354
-513
1994
-1416
-367
1139
3
-1896
1304
622
-1344
-304
1161
211
-1206
736
-426
1778
-1795
-283
903
-773
-688
670
2267
-2342
-1360
1722
576
-782
-47
1072
266
-2976
879
977
-485
-439
928
-74
-1353
-186
1500
-271
-847
217
285
754
-1370
1416
-780
509
-452
-333
1210
-809
-12
503
582
-1189
-952
1863
688
-799
-51
-382
1345
-1153
1612
280
-972
-436
-503
1799
-824
764
-667
1344
-867
-1458
1199
995
-164
-992
1874
-775
-375
-561
2335
-1448
-332
689
434
-945
39
1509
-976
1106
-2394
2072
-1498
1155
-275
477
-473
-1735
1865
-1673
941
999
162
-1638
5
1297
-1442
-1736
3601
-688
-1630
513
1822
-1210
-2617
2256
537
-1473
495
1675
-1048
-2369
1595
1625
-2600
246
1680
-814
-2094
2011
881
-2114
420
868
-252
-1808
828
631
-1306
517
832
-175
-1302
552
-241
-127
600
762
-2035
592
1689
-2743
397
2073
440
-2811
1016
1464
-2133
114
2046
-300
-2565
1016
1488
-492
-1966
1118
-183
-629
1622
-514
-475
-1400
1501
-268
-86
-677
-35
1862
-1363
852
-1217
-1098
720
1666
464
-2153
332
922
101
-313
499
827
-1302
-494
1282
-910
447
2025
-713
-525
-235
-32
302
-109
-40
194
1038
-2328
889
1410
-485
-799
1559
-1037
-668
1507
277
-389
-792
-136
893
557
-1374
1413
-95
-1244
-358
2537
-1030
-1402
2369
-266
-1535
694
621
1204
-2675
1508
2156
-3853
878
1913
746
-3630
2461
1557
-3692
924
2498
-1625
-553
2102
-1285
-1742
616
494
-386
422
696
-1187
-451
191
213
532
-236
624
-988
253
594
-955
-465
1771
-1155
-310
1030
-1146
135
697
1566
-3370
-15
1161
-313
-799
614
1168
-3454
1404
818
66
-250
741
-1623
291
475
-1248
1610
388
-1678
-1018
3146
-1788
-357
774
1197
-1145
-1402
1761
-563
153
-212
1636
-1127
-150
-508
65
709
-257
-855
1932
388
-2782
1213
-151
404
-1174
1096
870
-1000
-424
25
1313
-1868
-428
1303
86
-1338
1346
749
-1905
796
-271
-730
1326
140
-699
152
-661
-568
-2
2130
-1299
-112
554
-1398
596
1088
302
-2082
1203
70
-1102
492
1671
-1764
-1744
2376
237
-1393
486
570
-1607
168
1619
77
-1096
-1028
2424
-508
-70
-83
682
-173
-2002
1521
1202
-26
-1777
1416
823
-1907
157
2808
-752
-1068
450
667
-578
-724
1123
1142
-305
-1010
1030
-73
-231
-321
728
-1030
301
818
79
611
-1388
-329
713
284
-1149
1055
1258
-1220
-272
588
-973
521
834
-757
710
201
-912
200
1521
-1345
-1303
1143
787
-922
-173
1389
-428
-525
-518
1510
-236
-2397
17
1327
-45
-1096
1812
-312
-2537
307
524
999
512
-1021
4
785
-1704
-634
1877
-513
-1421
1045
282
-181
55
-518
136
174
-821
607
104
-1828
1057
1676
-1252
-313
582
-860
-169
536
440
-780
-742
355
664
-951
-1187
2041
224
-1627
-363
793
355
-131
192
-88
-808
-572
634
1299
-1855
-250
1040
-267
-310
306
344
-1073
893
106
-942
149
297
-67
572
391
-336
-48
-1046
146
605
32
-409
427
620
-1255
498
350
-585
628
502
-215
160
-314
103
-99
823
-646
-571
584
271
717
-754
38
625
-375
383
909
-367
-1048
1058
171
-460
985
-477
99
1233
-365
-1124
289
1121
-1095
268
847
-1412
357
727
116
-698
-298
580
-557
769
283
-245
-184
613
-104
-378
-503
1161
-23
-1175
143
1134
554
-2109
927
-1123
490
-561
1263
1530
-619
-398
-1297
1502
-1342
512
1532
-523
-1655
-178
1137
-530
428
980
-757
-897
968
-157
5
677
-438
263
-525
605
-615
416
-307
-151
1335
-1630
365
133
-731
1475
343
-878
-557
220
-1130
796
943
-642
-567
731
-678
-1190
1595
-203
499
-355
18
-1008
40
799
-658
1015
-1380
545
-383
-314
566
-806
-50
-717
728
-516
-300
513
-149
-856
335
70
-763
563
-1044
528
249
-757
-79
244
537
-1164
570
758
-590
-543
130
663
-687
-11
688
95
-183
-141
303
133
-68
402
461
-302
-1415
1483
293
311
-97
-1012
973
-39
1105
-996
324
-1114
304
1377
142
-800
234
194
-889
932
-1285
1343
720
264
-1348
330
-185
-1264
1227
382
-62
-1744
1745
410
-480
-179
459
48
-2185
761
1157
279
-549
-338
594
-1294
220
504
-48
86
333
-148
-934
-27
292
877
-183
-464
-511
711
237
-1189
1047
568
-1366
-124
829
-165
-939
1146
-242
-262
603
282
-153
44
379
-402
573
-461
654
-594
785
183
-1248
1379
52
-76
-370
426
-213
-269
1379
-39
-385
487
-1257
-324
410
653
146
-488
905
-20
-1220
436
-236
-534
5
330
440
-596
1130
18
-1600
793
-328
-153
176
490
214
-1071
1361
-926
-591
1023
171
-124
-544
760
-1164
-831
1285
69
-466
149
-553
-200
464
1118
227
-1255
67
-658
1101
-652
-113
131
-761
146
-296
1030
-271
-420
-175
294
-367
-11
202
342
-892
-88
802
-270
-1137
-573
622
8
1254
-1272
-663
1493
-864
41
889
-622
-637
682
-618
233
958
-1774
1063
145
-1152
1060
327
-1025
645
1406
-1988
-330
1990
-600
-449
444
904
-1602
-516
1620
-17
-285
-241
673
-1446
242
763
409
217
-399
239
-547
589
353
-327
529
364
-679
-645
654
164
566
-175
-301
-68
-429
1517
679
-523
-576
-6
-448
240
912
-242
-791
866
-172
-758
598
103
278
-171
130
40
-283
647
-1226
-638
910
357
124
413
-96
-1636
-76
709
707
-196
-538
798
-880
356
-98
526
216
-739
-172
-595
1179
-769
488
254
-334
-472
-624
739
235
-14
-409
160
-1192
627
-108
610
376
-880
438
-501
413
-556
701
129
-620
-103
-717
55
515
88
77
-183
-9
-976
210
419
149
364
-1065
18
165
-16
-438
958
156
-474
305
-83
-643
-359
676
-79
-852
671
-318
-19
277
23
1075
-1160
31
-414
907
13
-509
415
-405
304
-246
438
217
-353
-404
166
346
-7
612
204
-818
-235
282
737
83
118
-341
178
-208
-548
724
363
-122
-413
236
346
-55
-243
725
-437
-144
320
-77
-306
538
418
8
-79
-631
-162
-508
103
618
481
183
173
-832
-788
-59
205
449
-67
-124
-334
423
-897
16
923
-180
274
-203
718
-154
-5
-529
-639
778
111
178
-287
511
473
-835
17
295
-211
136
707
-401
-83
76
-160
319
-242
278
529
145
-299
-37
-418
-44
-434
-8
426
-539
-114
-751
608
-837
-494
48
-786
-158
-775
-82
-403
66
-201
-686
177
-43
-423
161
197
-22
515
189
-68
641
763
700
752
1025
1035
1245
804
465
918
941
289
810
364
132
233
603
176
175
-176
189
-437
-811
-573
-171
-329
-1117
-794
-1722
-900
-1339
-1123
-667
-866
-1647
-1384
-959
-1731
-1011
-1273
-756
-521
-286
-461
-804
-235
217
864
1825
1340
1321
1540
1803
1629
1806
2101
1296
869
1251
1222
1105
1027
1232
1551
897
968
1425
831
99
153
-494
-927
-1037
-1296
-1068
-1572
-1386
-1468
-1401
-1704
-1892
-2002
-1904
-1754
-2264
-2214
-1992
-1659
-1744
-1553
-1160
-1491
-1171
-943
-967
-1193
-623
1299
1457
1984
2807
2888
2828
3401
3594
2617
2268
1933
2335
2007
1110
1210
1967
2068
1773
1786
2054
1887
1217
1145
422
-125
-490
-1249
-1229
-1454
-1773
-1632
-2003
-2417
-2297
-2441
-2888
-3258
-2901
-2437
-2653
-2564
-2539
-2777
-2012
-2519
-2821
-2205
-2135
-1979
-1814
-1415
-763
526
1733
3291
4019
3795
4247
4954
5048
3750
4129
3262
1920
2441
2592
1777
1929
2407
1597
2577
2431
1818
1737
945
37
-153
-376
-1497
-1135
-1758
-2279
-2014
-2294
-2551
-2733
-2962
-4163
-4253
-3787
-4510
-4131
-3228
-3251
-3622
-3029
-3276
-3081
-3217
-3510
-3279
-2288
-2439
-2482
1064
2252
3941
5612
6196
6809
7331
7853
6347
5949
4665
3269
3135
1980
1819
1883
2160
1569
1510
2512
2012
1274
728
-205
-163
-1261
-1559
-1534
-1539
-1386
-2513
-2723
-2984
-2862
-3700
-4726
-5815
-5839
-5413
-5428
-5499
-4506
-3335
-3190
-2922
-2744
-3518
-3826
-3196
-3527
-3332
-2890
-90
3246
4764
7274
8599
9292
9724
10549
10197
7804
6467
4201
2342
1388
170
-399
-296
-35
-1084
-228
550
115
-527
-1529
-1666
-1468
-1352
-1489
-580
646
-377
-1064
-1408
-2997
-3781
-5272
-6584
-8020
-8337
-7635
-7328
-5924
-4921
-3534
-1759
-1834
-2531
-2753
-3063
-3603
-3318
-3185
-1666
3964
6415
8910
12051
12800
13465
13154
12884
9882
8133
4338
567
19
-2571
-4553
-3850
-3205
-3635
-3596
-1551
-1319
-2115
-2517
-2784
-1591
-822
181
1844
3221
4003
3077
1947
-292
-3363
-6097
-8168
-9693
-11035
-11378
-10763
-8785
-6977
-4722
-1686
607
599
-506
-1552
-1813
-2657
-2985
-2768
942
7763
9634
13796
15984
16058
15340
14983
11839
7143
4354
-1120
-4314
-6262
-9177
-9386
-7635
-6616
-6423
-4500
-2010
-2097
-2042
-3057
-2413
-932
1068
3351
4720
6728
7002
5104
3595
256
-4483
-8463
-11489
-13589
-14333
-13958
-12267
-9087
-6653
-2707
1082
3654
3717
2856
1548
329
-1440
-2005
-1705
2623
9646
11744
16312
17518
16893
15238
14216
9795
3785
-38
-6662
-9573
-11000
-13566
-12193
-8171
-6320
-4842
-1658
1601
1676
841
-104
740
1084
1723
5213
6225
7796
7088
3791
1635
-1524
-7049
-11118
-13871
-17029
-15579
-13345
-11572
-7404
-3231
560
5431
6886
5942
5818
3391
432
-1147
-2420
-2833
1444
10623
11519
16297
18097
16056
14553
12587
8346
686
-1401
-9359
-12313
-12860
-14744
-13308
-7711
-4310
-3167
947
4151
4231
2758
805
160
1331
713
2754
4415
5808
6138
3641
3
-3518
-8555
-13162
-14819
-17275
-16522
-11994
-8844
-4758
246
3892
7573
9769
8364
5142
3588
-249
-2638
-3544
-3951
-2362
8641
12551
14286
19566
15758
14293
11662
9196
-359
-2009
-8262
-14305
-12552
-15199
-13902
-8460
-3112
-3030
1353
4577
5785
3642
953
9
510
624
2280
4296
3848
6070
3177
6
-3435
-8783
-12917
-15252
-17070
-16620
-10445
-7108
-2188
2820
5791
9327
10715
8854
5329
2404
-1509
-3944
-5796
-6296
-5945
1171
12561
11672
17493
18906
14990
11871
11429
5564
-3084
-2873
-13384
-13746
-14004
-16038
-12210
-4265
-3205
-2862
5015
5233
5516
2673
665
328
1626
2051
5018
5285
4414
6374
1437
-1345
-5677
-11607
-14150
-16177
-18139
-12893
-5365
-2736
4505
8113
9501
11732
9495
5165
2148
-1225
-6345
-6234
-7167
-6921
-4702
7512
13686
12127
19493
15995
12738
9679
9821
-259
-3884
-6472
-16179
-12813
-15730
-15172
-9168
-1395
-4439
653
7021
5349
5886
2759
2183
1623
2981
3882
6257
3504
3572
3374
-2525
-5209
-10429
-14267
-14730
-16715
-15282
-5690
-316
3703
10388
11456
10771
10147
5159
801
-2116
-6081
-7870
-7226
-8258
-6824
-3602
9610
13991
12898
20119
15282
11804
9836
10825
-1704
-2654
-7004
-16332
-12019
-17046
-15401
-8504
-967
-5768
2721
8372
7155
8214
4415
4496
3886
5674
4634
6181
2403
2495
-28
-6714
-8845
-14744
-15481
-15050
-15635
-10748
215
4816
9769
14654
12281
11364
7420
640
-3535
-5897
-9749
-9671
-9041
-10447
-7813
-3691
11297
13033
13786
20125
13569
10980
10922
9769
-2983
-633
-8172
-15474
-12309
-19124
-15729
-7485
-2568
-7030
4941
10202
9450
10643
6544
7145
5275
6191
4844
3565
31
48
-3853
-9911
-11217
-15981
-14733
-13542
-12583
-4167
6183
9004
13896
16083
11446
8856
3274
-4461
-7366
-9280
-11420
-9456
-9872
-10451
-6332
-6397
5016
16532
11941
19742
16484
11945
11658
12995
1218
-2170
-1684
-17073
-12623
-19027
-18618
-11588
-3606
-5757
1267
12887
10255
15189
9653
8967
6107
5460
4236
982
-1653
-3333
-3619
-11790
-11340
-15156
-15343
-11138
-9273
-2071
8302
12987
14058
17462
11361
6863
1672
-6076
-9646
-10778
-11179
-9728
-8695
-9803
-6317
-7011
-1188
16293
12713
16767
19411
12665
11823
13531
6953
-3255
2332
-13297
-14834
-15927
-21731
-15047
-6334
-2561
-2800
12214
12303
15813
14190
8305
6635
3156
3019
-1816
-3282
-5379
-4451
-10031
-12148
-12397
-15080
-9252
-7060
-2743
7789
15100
14535
17788
13598
4751
1529
-6196
-12196
-13317
-12630
-11148
-7995
-8111
-8720
-4501
-4645
10149
16656
12770
20746
13905
11293
11304
11494
-1560
-72
-4886
-18451
-13001
-22107
-17355
-8919
-1326
-3237
7554
16116
13916
17355
8155
6786
2354
450
-2491
-4218
-5560
-6274
-6503
-12616
-10301
-12612
-9943
-3355
-1338
7109
16893
16788
15843
15166
4517
-1105
-6279
-15696
-16527
-12912
-12048
-8016
-5457
-7859
-3424
-3739
-960
18434
13857
16097
19724
11059
9768
12331
6069
-6240
1036
-16078
-17221
-16659
-22905
-12267
-3249
1529
1262
17474
16232
17522
14208
5440
3882
-2316
-1851
-5619
-6541
-7166
-4716
-9766
-11127
-7430
-9879
-946
723
3880
15403
18531
13990
13360
7078
-4728
-7150
-16212
-19734
-14105
-12027
-6571
-1909
-4097
-4647
401
-4713
9240
20162
12224
21568
14403
8684
10351
10523
-5010
-4233
-5512
-22996
-14137
-22331
-17374
-5642
2773
2761
10969
21262
15945
19155
7516
2767
-2375
-4742
-5442
-9182
-7462
-6540
-6481
-11567
-7511
-7131
-3926
3575
4746
12770
19785
16803
11231
8384
-4196
-12523
-15314
-21186
-19135
-11086
-5023
-731
2215
-1187
-1937
-1349
-7581
2230
22884
15153
19009
19700
10090
9844
8611
-2611
-10526
-4015
-21780
-17609
-18267
-19664
-4321
4260
6923
7769
22458
18987
17739
8163
818
-1967
-8089
-6099
-10655
-8624
-6024
-5365
-9918
-8389
-4773
-3058
5391
5796
12176
19966
16147
9972
3787
-5845
-13899
-16258
-21652
-17726
-9621
-2590
2399
3199
852
-211
-4105
-8220
-6748
11532
24497
15147
22201
16226
8973
6745
4527
-9117
-10205
-6746
-22162
-13961
-17958
-10892
795
6837
5491
11446
23839
13748
12407
3522
-1345
-5282
-7098
-8079
-10307
-5736
-5338
-5536
-9687
-4460
-339
2197
6856
8272
14667
16930
10190
2189
-1560
-10607
-16833
-17105
-17457
-11608
-3103
2030
3073
3620
-75
-3648
-5218
-6369
-2560
20343
21116
14881
21589
11121
5898
3457
-232
-13781
-5064
-11774
-20111
-12176
-17985
-5458
1858
7919
5675
17170
21156
13097
9999
149
-659
-8636
-7634
-8889
-8990
-5078
-4365
-5785
-6803
-784
51
4767
7116
8670
14653
13426
5531
93
-5680
-14823
-16451
-18310
-17022
-8446
-1777
3228
5915
5340
1766
59
-4721
-5149
-2183
16395
22512
12491
19951
11135
4426
1885
-737
-11726
-7820
-8363
-21379
-12230
-15521
-6894
1372
8885
7774
14144
22811
12525
10430
1711
-2665
-8665
-7532
-8518
-9887
-3583
-3671
-5639
-7232
-2779
-570
2501
5424
7997
14552
13791
5839
205
-6656
-15098
-19461
-20098
-16408
-6722
1224
8320
10428
8605
5950
-267
-6496
-7362
-4622
5858
22006
12742
15600
15064
1957
478
-232
-7198
-10754
-1903
-16076
-12628
-11121
-11222
328
4519
9146
11511
22339
15924
11639
5191
-2698
-8101
-12688
-8316
-10754
-6682
-2977
-4045
-6320
-3699
-1967
1150
7111
8364
14371
16297
7660
498
-6393
-17619
-20478
-19886
-15809
-4675
3889
10192
14955
11969
5860
827
-7114
-12897
-8890
-5352
13106
18769
10382
16857
6119
968
1448
2016
-7810
-560
-3193
-16330
-7925
-15942
-6357
1468
8170
8342
16984
21600
10964
8814
-4595
-8310
-14312
-11371
-10563
-8360
-779
-1398
-2623
-4218
-352
-897
5272
7890
9319
14887
9713
1805
-5052
-13360
-18909
-16709
-14010
-6171
4843
10679
14876
11465
4824
-1951
-9463
-15046
-15096
-9550
-526
21761
16404
13970
18133
4263
3872
4620
1946
-5930
3608
-9526
-14792
-11182
-17637
-3857
2549
8877
7473
19771
15975
6635
2378
-8232
-10906
-13995
-7080
-6970
-1082
2357
1142
-3603
-4568
-1736
-2973
5715
6913
11342
15088
6858
-1838
-7713
-16695
-19471
-12400
-9540
28
8067
9461
11205
4791
-3476
-7829
-11919
-15430
-9839
-4811
9029
24422
13882
16632
13281
2857
4093
7054
-812
-2302
2206
-15039
-12311
-15536
-14792
-3576
4453
6803
8922
19358
9480
5671
-775
-6940
-9674
-5880
-2151
-2711
4091
1886
-2616
-7468
-6078
-4723
646
6832
10555
15504
13133
2729
-6871
-11565
-18737
-16048
-9644
-4223
5012
10059
8890
6472
1600
-6277
-8824
-11062
-13044
-4895
-379
14947
23415
12374
14970
8444
2898
4834
7700
-928
831
-1425
-19372
-16021
-20828
-15232
-4458
4623
7315
13929
19964
9721
8018
-488
-5516
-8101
-3611
-2682
-2705
2135
-2411
-6038
-9504
-5926
-4578
3633
9996
10516
15657
8923
-2564
-8512
-14221
-18427
-10463
-5226
-522
8986
8932
6679
4679
-3876
-7928
-7931
-10713
-8689
-2730
17
16733
20477
9353
14999
7576
4594
9625
8540
-2960
-1437
-8126
-23250
-19259
-23531
-11600
1443
10196
11175
16767
20159
10094
5949
-2844
-7031
-8576
-2044
-3484
-3209
1500
-3782
-7950
-9737
-7177
-3633
6175
8259
11269
14966
5259
-3390
-7993
-13271
-12721
-4437
-1838
3689
7290
4193
1354
-3012
-7272
-7397
-5238
-5071
-6465
-2360
114
9964
20063
9880
14014
13499
7366
6628
7453
-3458
-8725
-7292
-23708
-18592
-16521
-8980
3318
10460
10663
11610
19309
7760
4862
-109
-4007
-4788
-2789
-1348
-3223
170
-5693
-9634
-12156
-7185
-2909
3540
10961
10781
14961
8641
-1584
-5235
-7068
-9372
-4332
-1361
-1953
1929
-1859
-4438
-2543
-5179
-3162
-69
-2850
-5188
-1711
-2470
4348
21731
11588
12484
14142
2420
3494
6233
-4111
-11017
-2303
-17382
-15647
-12080
-12809
138
6749
9039
7612
18116
12298
7698
5232
-2432
-4920
-4583
-2413
-7894
-4133
-6552
-10342
-9355
-6812
-850
3609
11787
11431
13090
10918
690
-3202
-5028
-8438
-6439
-3486
-6176
-1951
-2245
-4526
-1440
-1162
-396
2697
102
-4538
-5138
-4725
-5094
8334
19697
8390
14939
11412
2551
5760
4176
-5611
-4628
-2509
-18941
-13254
-14988
-11659
178
6417
7599
11019
22393
12166
9018
2834
-5520
-7775
-7186
-7029
-8449
-2420
-4584
-7015
-7428
-2293
-21
3124
10835
8881
12870
10660
581
-907
-3487
-8653
-7187
-6159
-8844
-2928
-2375
-3835
423
967
922
1624
-3219
-6369
-6872
-6242
-5193
6432
22028
11071
14004
12194
1807
3851
5492
-2994
-5011
1093
-17328
-14946
-17346
-15385
407
5715
9394
12757
23282
14210
7787
-420
-7234
-8428
-6387
-2648
-4800
2084
-1508
-7117
-8617
-6754
-3966
1189
9296
9830
15514
13953
4681
28
-4154
-10359
-10716
-8637
-8934
-1745
-1829
-3002
775
-860
-2043
-180
-3981
-7016
-6335
-5197
-3524
9910
19933
8420
13702
8877
1136
6186
7377
-2006
-2605
-2545
-21301
-16747
-18029
-13203
940
9669
10864
14045
23232
9372
5251
1257
-5533
-5402
-328
-1632
-3313
57
-8352
-12204
-11614
-8324
-3172
5225
12712
16731
19992
13531
2472
-3380
-9581
-13482
-11630
-7979
-5758
-1461
-132
-3722
-2878
-3099
-3865
-269
-1260
-3746
-4106
-2774
-4258
5786
18909
8540
12084
11828
3913
6887
10002
-1333
-5729
-2177
-21373
-18443
-17801
-13946
2657
10263
11103
13326
23143
12803
9023
3723
-3856
-3836
-1724
-2664
-7471
-4146
-10292
-13077
-11417
-6409
950
6904
15439
15100
15809
11686
-582
-6076
-10470
-13711
-10295
-5555
-6368
-1274
-726
-7114
-5530
-4776
-1749
2610
1694
-757
-2595
-2605
-5561
2988
17907
9543
11749
14711
5762
5270
9449
-2637
-9193
-3961
-20447
-17593
-13300
-10517
3265
12940
12410
12277
22752
12853
7683
4234
-2422
-5425
-4456
-5974
-11473
-7863
-11927
-12215
-9322
-3166
2161
8315
14241
13029
13639
7779
-1488
-9362
-11141
-11355
-8889
-5343
-4195
50
-2447
-6093
-5954
-2723
-280
1774
2677
212
-2665
-3781
-5199
2184
18706
9998
11226
13152
3261
5408
7443
-2766
-6367
60
-15786
-12909
-11447
-10838
3687
8959
10219
11352
22719
15863
9711
4300
-4866
-9120
-10514
-11101
-15021
-6372
-6382
-7254
-2079
454
2973
6200
8254
6729
9530
5730
-2976
-5564
-6041
-5774
-4757
-3700
-4330
-2845
-4177
-8346
-6724
-2128
2326
3743
3421
-294
-3577
-5157
-7963
-3767
16897
14366
10778
17887
7637
5383
8594
1511
-6428
1877
-10893
-15759
-10085
-14823
-1241
8565
9283
7645
21004
15271
4604
2635
-8010
-9580
-10692
-7607
-8621
-2035
9
-5214
-5116
-5001
-2608
-733
4853
5749
10756
12372
2853
-840
-4018
-7123
-7079
-7492
-6394
-2330
-1678
-4308
-2984
-2430
-843
898
-197
-1091
-3893
-7360
-4715
-2051
14820
19558
10741
16102
9576
3565
6175
5464
-5399
2120
-4093
-18378
-12338
-17580
-9185
433
3361
4575
17593
20175
8914
7524
-2192
-6447
-9203
-6419
-6512
-3295
1195
-5602
-7043
-5970
-4053
-3295
2344
7183
9889
12428
5701
-619
-1448
-4308
-6829
-2831
-2388
-1135
152
-6224
-8450
-6080
-4193
-1188
2153
662
-7
-3535
-5460
-6032
5365
21254
9928
14169
14913
5674
7001
7400
-2722
-4596
-2465
-21324
-17483
-18547
-16351
766
7687
9534
15380
23469
10644
5367
-1276
-7327
-7052
-3052
103
-2302
2452
-4241
-9268
-11491
-11448
-7219
124
7889
9469
15994
12920
4260
681
-3221
-5892
-4084
-2727
-4461
-1271
-4994
-9496
-7563
-6062
-2934
289
1647
-461
-3073
-3337
-2731
1390
18954
15738
11875
16991
6365
773
2726
-4116
-12437
-4610
-16416
-17596
-9278
-11849
457
9614
9965
9530
18434
10699
5013
6475
-462
-1048
-425
-490
-5912
-4743
-9089
-14941
-12605
-9716
-2803
3119
11757
13899
15721
14169
2797
-1134
-2211
-4357
-4281
-1197
-4256
-5176
-7670
-15567
-12208
-7456
-2648
3495
6615
3758
843
-2814
-3012
-2264
11495
19234
8816
13137
5924
-2731
-2261
-376
-7474
-2071
-2252
-14583
-8225
-13608
-8416
610
5409
8091
16650
22959
12191
11118
4305
-2953
-8016
-6648
-8708
-9195
-4091
-10118
-8564
-6758
-3678
31
7136
9653
10530
15419
7463
1765
793
-4295
-7509
-5445
-10126
-9806
-6421
-11705
-7965
-3159
-365
4286
6177
2535
-125
-4332
-5581
-4123
1936
18422
9243
8837
10324
-616
-214
5399
524
-2311
3050
-13757
-13303
-13271
-14558
208
8578
12870
16157
24503
13372
6643
2049
-7429
-8586
-6847
-4287
-6226
82
-4073
-9469
-8788
-8334
-3231
2962
9187
10550
15303
10711
709
-2841
-5361
-8530
-6453
-4995
-5634
-1457
-5850
-7168
-4748
-3655
-1068
1479
1613
-927
-3783
-4774
-2123
1742
16197
9822
8529
11236
2521
3663
5710
1593
-3818
-292
-14386
-15429
-12800
-11484
3652
10574
15563
16074
21701
11655
3457
-58
-8111
-7739
-5856
-3480
-5114
-1707
-6713
-12207
-11215
-8432
-2706
4060
10297
12270
15592
9705
834
-1730
-4531
-7691
-4573
-4517
-5250
-2800
-8018
-10522
-7667
-6084
-3018
1933
2394
218
-1568
-5385
-2442
-251
11784
17332
10524
14509
8141
2781
3232
3405
-5292
-3939
-8101
-18133
-10892
-12039
-2075
10076
15843
14653
17848
16222
2894
845
-5877
-7997
-5867
-2522
-3802
-3389
-3500
-11831
-11784
-10458
-5686
1883
10186
14089
14695
13276
4067
-3381
-5115
-7448
-7162
-4072
-5726
-4610
-7164
-11912
-9686
-6816
-3804
1977
4453
3189
886
-4105
-1183
-540
9751
20114
12095
15540
9418
689
-491
833
-7249
-6750
-5745
-16557
-7978
-8419
-1172
10123
14543
13342
14349
14928
1062
903
-3555
-5926
-4155
-1409
-1886
-4311
-4578
-13709
-14428
-11880
-5701
2409
11078
14906
14493
13497
3099
-5248
-6490
-7383
-7366
-3727
-3894
-4434
-4607
-9847
-11102
-6510
-3453
624
5386
4767
1782
-1231
-1439
-618
3906
20298
16335
11402
9812
-236
-3844
-1670
-1834
-6589
3041
-7364
-9694
-4003
-7257
2029
8712
10695
7341
15632
7808
830
3156
-3275
-4093
-3089
-3231
-9078
-6124
-11326
-15444
-10647
-6247
2332
8695
12825
10530
10116
4298
-4442
-6748
-5195
-3804
-1714
-834
-3063
-4252
-9962
-13672
-10660
-5715
-83
4566
7241
5106
887
-2680
-725
-609
10372
20581
9806
11181
6146
-2688
-1895
4010
-2319
381
1969
-13212
-6148
-9741
-8563
3335
10495
9381
13881
16587
2859
3823
-1005
-7134
-6917
-4241
-6943
-6781
-4408
-11743
-9802
-6565
-2508
2548
8185
9934
8776
8610
337
-4004
-1306
-2015
-2861
-560
-4677
-7843
-8935
-14940
-12084
-4411
-789
5006
8833
7185
2434
-1914
-4986
-1699
1783
18212
18872
10689
12854
539
-3400
-176
2172
-3877
3066
-6133
-11994
-5679
-12792
-1697
7428
11635
8929
15781
8174
-999
2109
-6508
-5732
-3565
-1874
-5312
-3267
-7578
-12561
-10172
-8894
-925
5369
10891
10201
10161
5398
-3765
-5414
-4689
-5240
-2437
-899
-4742
-5438
-9336
-11576
-5338
-1672
1693
6619
7111
4102
-1691
-4670
-2935
1512
6286
21534
14878
9234
7757
-5383
-3980
1570
3680
-1818
4801
-8866
-10246
-8101
-14420
1154
8941
10800
9830
16659
3117
231
-77
-8478
-4227
-2741
-1090
-5295
-2261
-9352
-12001
-9120
-6395
1875
7658
10316
6029
6255
-1772
-6284
-3387
-1726
487
3530
2067
-4608
-5484
-11438
-10083
-2957
-1274
3708
7124
5202
409
-3698
-7293
-3194
1824
5804
22370
15101
9887
5753
-4404
-3795
2595
5462
-1023
5334
-10313
-9842
-9372
-11609
2878
9155
10864
7563
11982
-1644
-2832
-3127
-4704
-702
473
973
-4685
-3181
-11401
-13927
-10385
-4219
2751
8228
8937
5340
3867
-3815
-5523
-1760
985
3449
6774
2757
-1901
-5868
-10629
-8543
-5178
-2691
658
3282
91
-1780
-4854
-5098
828
5225
9238
22577
15118
5590
3408
-5180
-3436
3954
6222
-268
5334
-8703
-11259
-8959
-11167
350
5603
7315
5020
9739
-1162
-1796
875
-1012
969
633
-651
-4306
-4527
-9953
-10714
-7181
-1590
2686
4866
2524
630
-254
-3414
-2507
3720
8249
10606
8858
713
-5222
-10292
-13018
-11182
-5853
-1654
2255
2857
491
-182
-2929
-1697
1227
6634
7156
19664
14075
1672
2978
-5658
-2476
3779
11228
2141
5098
-7770
-16704
-9453
-14886
-4896
4644
9831
4677
11000
2007
-3071
3580
-118
659
1591
1497
-3388
-3902
-8329
-11335
-7649
-3823
-1493
1246
1808
-122
728
999
1581
6047
9644
7737
4716
-79
-6378
-8822
-10180
-8031
-3293
-499
-716
-298
-310
-617
-877
-564
1279
6226
3838
11222
15433
1610
4802
-1398
-24
3409
12173
3873
-838
-4912
-18972
-7813
-12780
-5018
6437
11933
4447
6888
2970
-6968
2897
487
726
3263
2638
-2613
-2959
-6882
-11250
-7042
-6330
-4114
599
618
-1270
841
2949
860
5207
8073
6925
7480
2525
-4143
-5634
-7525
-9354
-5322
-3841
-3876
-199
-151
-108
209
-2073
-1204
1818
2233
1309
16698
8025
3910
3705
-218
5166
10918
11076
-3637
1774
-12858
-11041
-8994
-10176
159
6125
3369
-2820
4007
-2820
566
6134
4581
3767
4605
380
-4004
-4058
-7360
-7303
-4659
-5483
-2984
-2173
-3238
-1832
1928
1981
5353
8769
9485
10001
4451
-74
-3732
-6293
-9507
-6125
-5024
-3888
-2183
-2366
-1606
-1894
-4341
-3214
-855
454
-495
11515
18567
6597
9348
3542
6886
7380
13149
2307
-1546
-4392
-19119
-8737
-15022
-9567
57
3762
-4308
3639
5104
-3120
8956
8255
4364
6402
3899
-1260
396
-3656
-9043
-5527
-8012
-9289
-7242
-7273
-3430
2068
4536
3885
8765
11010
10024
5621
3097
-1023
-4242
-7216
-10433
-6613
-5508
-4075
-3017
-2536
-3242
-2364
-3650
-3002
-1172
2401
3139
16902
17381
6823
11492
3939
5825
6511
11575
-1306
-4154
-11485
-18575
-10775
-14624
-5673
1337
5353
2
5572
2155
657
10072
7763
5217
5775
4464
55
-2901
-5801
-9283
-8748
-11119
-11382
-6474
-3424
1877
4403
4737
4871
7175
6193
5341
3874
2084
-709
-3484
-6739
-7459
-3486
-2771
-1408
-903
-1178
-2600
-4006
-7203
-4026
-2072
60
4012
17936
14184
8463
8181
2581
7087
7059
11773
-2563
-2037
-10835
-13234
-6708
-10710
-3991
1099
1661
-7156
604
-2335
-176
11193
8022
6077
7108
3696
-2219
-535
-4189
-8444
-4219
-8451
-9009
-5198
-3232
-2720
489
329
-1331
3588
3490
5094
6752
6139
3340
3113
-842
-854
965
-988
-1659
-3695
-5169
-9775
-9690
-10064
-7439
-4036
1081
3105
17848
17436
8146
10110
4541
8446
9789
15301
2232
1572
-7396
-14567
-8114
-13743
-8720
-4027
-2369
-10002
-1536
-1912
-582
11105
9723
6081
5483
5336
994
3039
-697
-4169
-1919
-7116
-11645
-9775
-8288
-6887
-1637
-390
-1217
5434
5976
6687
8264
7328
6781
6064
2682
-2253
-1205
-4041
-5454
-7837
-9000
-9420
-7947
-7780
-5970
-1268
4262
3709
11832
18399
7387
10345
4929
8285
8136
14868
8198
-1790
-3857
-13719
-5853
-11044
-11060
-7125
-3464
-11273
-9349
-2504
-3454
9005
9929
5306
6373
6709
1466
2574
2675
-143
84
-2910
-8520
-6596
-6121
-6955
-1684
-525
-2103
-25
2780
960
3329
4725
3116
4830
3710
-1159
-61
33
-3295
-1221
-2272
-5429
-3790
-6604
-6625
-3959
-2248
-3858
8028
10764
2696
9353
4610
8321
12228
18078
9813
4137
-259
-7203
-2321
-10542
-10436
-8944
-9770
-15914
-12201
-6293
-4947
6223
8157
3616
5389
7649
4622
7970
8795
4820
5014
645
-6064
-5043
-6179
-6176
-2660
-3705
-8047
-5791
-3502
-3879
1320
3157
5498
9750
7035
3123
4053
2429
1058
1520
-2432
-3356
-6025
-8217
-9456
-7593
-7014
-3558
9112
2884
5144
5715
7475
12422
16434
17181
7270
6088
-4396
-3351
-6549
-11025
-9028
-10378
-12189
-15172
-6351
-6015
31
5818
2073
18
3119
3584
4257
9432
6200
5946
5639
-1053
-3460
-2056
-3655
-3742
-2414
-6898
-7126
-2514
-1351
-777
1869
1662
2171
4119
-392
396
4591
3691
2719
2255
-86
-3568
-6107
-8537
-7760
-4530
-3467
8121
6440
3697
3492
3312
7179
10843
14635
6556
4137
-2490
-1204
-1529
-6262
-3730
-4140
-5603
-10898
-6751
-5635
-2434
464
-2321
-3858
-3346
11
968
6324
5618
5221
5464
2253
-460
561
2806
988
1924
-2314
-5003
-2809
-2611
-3215
-2507
-1875
-3526
-954
-1852
-77
3888
3798
3159
1679
1262
-1332
-3093
-4916
-5214
-4087
-2376
-1386
6647
4483
1542
2387
1443
6639
10777
16401
6331
1390
-1458
-2491
-535
-3283
-752
-2781
-4327
-10307
-9402
-7878
-8084
-1954
-2014
-3112
-1666
3864
4960
8017
7525
3607
4573
1792
669
1393
2716
2106
4
-3362
-5667
-4428
-3588
-2210
-2864
-1649
-1508
-709
1222
2123
3398
4519
3110
-807
-141
-2681
-4109
-4634
-6996
-6020
-1806
-2886
1738
7363
0
2738
2505
5867
10647
15612
11920
3852
242
-4900
-219
-1851
-3286
-4299
-6205
-9526
-12878
-8074
-6558
-1139
2176
45
-2024
1710
4436
4729
8005
3943
3560
4713
2373
1557
4175
1983
-1220
-405
-5522
-4999
-2425
-916
-2742
-2180
-1393
-3652
-533
724
3250
3515
2430
23
-1898
-1859
-3110
-4334
-5397
-4965
-5089
-2246
-2315
5548
6581
2148
3828
3344
8078
9766
13042
4284
-8
-2461
-1602
3096
-2111
-1212
-3677
-7299
-11978
-10159
-5534
-3146
1446
-904
-2285
-3339
870
4300
5610
6133
4578
5649
4348
4365
5117
4042
1416
-1437
-4083
-6465
-5072
-3494
-2802
-1692
-2132
-2599
-118
120
1410
3701
1528
188
-1011
-2958
-2326
-1959
-3580
-4020
-3700
-4466
-1310
-1776
3976
4588
1189
2480
1550
7059
9091
16417
8801
2512
379
-1739
1944
-2645
-3693
-6934
-6557
-10684
-7213
-2310
-4073
-265
-1751
-4093
-3867
1092
4280
8625
10075
4147
4175
4977
2400
1869
40
-1957
-3325
-3510
-4846
-1905
429
-1358
-820
-1574
-2701
-2757
342
1616
1719
-449
-3243
-2703
-3470
-2706
-791
134
-1499
-3862
-5279
-4606
-4768
-525
7198
5709
5545
4500
8749
9369
14344
10703
2125
-1590
-5083
-346
-1226
-1105
-3973
-4251
-6485
-8520
-5017
-5289
-854
599
232
-1922
170
4812
5675
6290
2772
-65
-1010
309
1336
925
2085
778
365
-1018
-2542
-1742
-500
-772
-2078
-1112
-647
-399
581
-892
-2474
-3278
-3730
-2876
-2106
-1414
-2499
-3341
-6181
-6358
-4960
-513
2440
8346
12496
8588
6301
3688
5498
6534
13017
7415
-305
-5963
-6658
-1429
-1218
-499
-3122
-1437
-4934
-4292
-1879
-3654
-216
-2264
-2967
-4283
-1526
2035
5030
6152
322
-1371
-4651
-690
2302
2257
3469
727
180
2
2517
1139
2860
1154
-2051
-1184
-5051
-5308
-3446
-2369
-3711
-3330
-5171
-5276
-2636
-3459
-2749
-1091
-888
850
5048
6804
5468
5329
7172
3249
1671
79
3039
3983
7272
4505
-2066
-3142
-3214
4290
6625
4663
-1417
-4037
-6092
-6670
-1111
-2698
-1043
-251
-2808
-5691
-5946
-2792
-1406
1757
187
-662
182
3722
8871
7935
5552
1348
723
1237
1372
1992
1121
-729
-5329
-5625
-5250
-4333
-2056
-1743
-2197
-4766
-4883
-3805
-554
2282
1612
2041
1380
-103
22
221
113
-1277
2295
3792
2718
449
-432
4226
5763
11927
8630
3557
704
-837
992
1083
-1206
-4547
-1533
-4886
-3577
-1918
-7283
-7525
-6646
-5149
-5326
-2218
716
3867
5599
1499
1276
762
3534
6308
6041
3665
154
541
972
2088
332
-135
-1177
-3048
-2137
-2658
-3982
-4365
-4078
-4910
-5217
-3560
-523
2266
1947
178
-2593
-3269
-1947
-130
1721
2306
583
3932
4528
1944
1176
1179
4027
6257
11440
5609
1604
-263
158
5628
5010
341
-5208
-5889
-8666
-7275
-3524
-5110
-2652
-3728
-5457
-6018
-4044
-266
3336
7126
3196
1932
3085
4606
7509
6469
4596
1964
1685
-1142
-1421
-882
-2923
-4181
-6412
-6119
-4288
-2788
-2396
-1121
-205
-1656
-1850
581
2257
2552
1211
-394
-1441
-2651
-3514
-4429
-3730
-2716
-1999
6038
6421
5598
4710
5087
6741
11510
13784
5896
2578
-2711
-2834
-270
-2296
-5120
-5533
-5986
-8044
-4167
-5160
-5876
-1123
-366
-470
-894
464
4159
6822
5440
1294
1147
1247
2664
2124
-1548
-3437
-4709
-2505
-244
1355
-44
-390
-1038
-2459
-229
561
1703
3568
2433
-147
-3082
-4505
-4329
-2290
-4035
-5957
-4898
-3938
-1813
-826
1451
2483
3243
4474
10255
9547
7309
3052
1800
2889
4600
6829
1284
-2006
-4811
-935
1095
-353
-2636
-5320
-3938
-4349
158
638
105
1717
-466
-2413
-5042
-3249
-577
1714
672
-3803
-4040
-3197
1680
5014
2294
-153
-1372
-1023
1542
3820
3322
4169
4079
1386
195
-2431
-3676
-1076
-2063
-4472
-4768
-4692
-2867
-2291
-2295
-1960
-24
1272
3158
4091
2467
486
-1290
-2724
1192
7124
3913
3020
1742
1937
2042
7068
5616
-665
-3753
-5261
2399
4835
2530
-605
-2944
-5353
-5592
-353
-2385
-415
436
-3598
-4289
-6091
-4225
-698
1963
-1103
-3683
-3350
-3052
3490
4261
1924
2820
2443
3486
4916
4834
2616
2140
-315
-2894
-1324
-1419
-2082
-1048
-2606
-4152
-2729
302
2295
2201
358
-2495
-2325
-2221
-35
2798
2749
-709
-1149
-1504
-1951
4577
3242
1787
-848
-268
1158
7484
8927
1231
-867
-4357
1260
6891
5691
2400
-302
-2305
-6496
-2814
-2399
-2974
-727
-4276
-5390
-6394
-5748
-2640
831
1117
-3165
-667
2228
5273
7378
3453
-337
-2238
-451
1097
4110
3886
-35
220
-1061
553
2476
2941
2714
251
-1360
-4178
-2748
-569
-75
169
-1889
-3983
-4463
-2684
-1016
-266
-1148
-3446
-3717
-2000
-1233
3891
3435
2460
141
194
2704
8636
11861
3571
-2158
-5559
-658
6377
6064
2951
-83
-2344
-5234
-1950
-3550
-4701
-1946
-4896
-4172
-4684
-4251
-1676
1213
292
-4145
-3448
-3449
2347
6323
3725
1274
322
1936
3865
7349
5562
2387
999
-193
467
878
-645
-752
1277
-518
-2868
-1463
123
869
199
-2966
-5380
-5740
-5329
-2559
-654
-3030
-4150
-3554
-2197
-2944
2438
2837
1420
1083
779
5817
9537
15050
8747
2062
-3105
-3535
3888
4244
2307
-1452
-4304
-6450
-1826
652
-4051
-1568
-3681
-5487
-5347
-5343
-2139
402
1632
-2091
-1629
-2168
67
6527
5587
1424
-957
-157
2870
7757
7164
4658
4596
3129
2212
4255
3517
1658
527
-2282
-3540
-4439
-3744
-3598
-3552
-5255
-8784
-7331
-6188
-5044
-2594
-2425
-3011
-1252
183
1271
2391
5242
4688
3526
1366
1254
3964
6854
10225
5652
1209
-2723
-206
6137
5060
2311
-2496
-5282
-5861
-2168
-666
-3059
-2250
-5341
-5386
-5268
-6034
-3281
-974
256
-878
-781
-467
1745
5760
5755
4985
2550
2550
6478
9524
8445
3478
654
-378
-162
627
-1081
-3179
-4710
-5335
-6622
-7016
-5459
-4911
-3227
-3844
-4075
-4618
-4655
-2172
-97
-1384
-2999
-2037
-544
3042
1395
4000
5612
2692
2681
2330
3351
4659
9843
7012
2420
-643
-1475
5366
7022
3320
-1765
-4762
-5772
-2669
1926
-1402
-2218
-4113
-6900
-5353
-4511
-3458
-493
3247
1917
1173
1120
1361
5925
7103
4253
973
322
1828
4109
5334
821
-2141
-2484
-2189
-21
-882
-3537
-3724
-3829
-4452
-3853
-2906
-2563
-1627
-1423
-2884
-2844
-3522
-2078
-817
-1168
-2442
-2944
-1693
614
1816
2955
4847
3309
3371
3294
5021
6958
10506
9694
3738
328
-715
3877
6332
2909
-2145
-5975
-7188
-4401
-76
-1035
-1602
-2110
-3377
-2098
-2630
-2182
-1214
239
-34
-1105
-271
-1000
1437
1449
-191
-2560
-4383
-2170
1266
4068
1594
-504
-1101
165
3308
3457
1871
308
-1870
-2278
-1902
-2488
-3308
-3159
-3916
-5208
-4781
-4761
-2767
-171
-253
-1131
-1381
-373
2070
4677
4151
5783
6407
4863
3555
3029
3090
4494
8373
5251
972
-1360
223
5378
6159
2662
-1683
-2000
-2711
-112
2256
-936
-1923
-3724
-4498
-4428
-5663
-7274
-6325
-4583
-5603
-5216
-5275
-3738
1226
2835
2491
2122
2913
4905
6878
6156
2637
664
455
1054
913
-308
-2208
-2082
-2373
-3106
-1804
-1433
-1485
-627
-1160
-2549
-2229
-2290
-1029
1369
762
-858
-1770
-1600
-1104
-167
364
3337
4198
2604
1597
3397
5456
7723
9720
5511
1839
413
2662
6481
5334
787
-3639
-4688
-5932
-3523
-2987
-5756
-6126
-8096
-7400
-5881
-4075
-2823
-1035
1105
-1478
-2084
-2328
-1017
2803
2227
818
-358
50
1920
4602
5162
2865
2016
1887
3649
4329
2692
936
67
57
-176
-938
-910
-961
-300
-1129
-2946
-4602
-4131
-2021
-1234
-1478
-2661
-3348
-2113
-47
896
1383
4599
5504
4279
3125
1508
2358
5926
7879
5253
1019
-2318
-874
4012
4726
982
-2157
-4004
-4260
-1551
-266
-2665
-3409
-5109
-6464
-5415
-6311
-6100
-3607
-1322
-3064
-4332
-3079
-989
3988
5008
3943
2507
1997
3157
5342
7020
4918
3265
3917
4661
4583
4173
1117
-772
-1200
-3147
-3495
-2355
-2013
-1537
-1431
-2896
-3740
-3470
-2823
-1887
-1821
-3446
-4091
-3393
-2069
-1402
-1021
2760
2628
1220
-166
941
3703
6525
8828
6085
2997
-338
1345
5441
5040
984
-3869
-5348
-6192
-3493
-1754
-3919
-4650
-5724
-5747
-4861
-3573
-2645
-560
1679
-743
-1583
-1280
548
4986
6059
4941
2905
2278
3540
5252
6369
4509
2123
1526
3288
4961
4112
2331
1088
101
-1478
-2578
-1950
-2026
-2403
-3765
-5901
-7016
-7846
-5626
-3644
-3672
-3599
-4117
-3495
-1618
-9
183
1088
3135
3056
2822
1985
2340
3399
5955
6949
2923
-241
-1306
2080
5984
4293
-41
-3214
-3697
-2480
238
-649
-3969
-4665
-4689
-3198
-1713
-772
-654
1306
1583
-1907
-2334
-1040
1780
4644
4770
2997
1608
1585
3511
5669
4826
2120
1177
2169
2712
2520
1292
-650
-1463
-1659
-2559
-3286
-4082
-4285
-4925
-5605
-6617
-7443
-6284
-3725
-1633
-1086
-1797
-2949
-1489
-28
376
758
2371
4936
4287
3103
1770
1804
3445
5928
5469
2810
60
187
4577
7099
4631
1172
106
1689
2364
2868
578
-2504
-3402
-4419
-3818
-4013
-4672
-3865
-1675
-1972
-3756
-2913
-1717
2286
4783
3856
1873
601
1798
3105
4118
3015
734
-803
-973
-632
-1588
-1577
-2032
-1268
-614
-1198
-1277
-1046
-1465
-1939
-3174
-5011
-5300
-4518
-3101
-2978
-3408
-4792
-5373
-3646
-2273
-636
979
3673
4429
4169
4320
4676
6926
8942
10957
8567
4520
1370
1448
4215
4518
2941
-187
-1153
-831
-308
-205
-2900
-3747
-3317
-3301
-3012
-3789
-4189
-4133
-2825
-2967
-4740
-4205
-2855
335
1450
620
-1132
-1154
1593
4073
6430
5180
2646
2267
2660
2604
1534
-565
-1582
-961
-704
-2220
-3446
-3638
-3694
-2922
-3368
-4448
-4198
-2906
-1195
-653
-1512
-2765
-2162
-809
582
1631
1349
2700
4069
4551
4270
4344
5275
7445
8986
6865
3719
1102
1079
3140
5070
3124
-450
-2763
-3595
-3304
-3413
-3953
-4363
-3592
-4574
-5394
-5659
-5735
-4491
-2285
-1093
-2313
-2066
-2089
-214
1921
1369
1112
1236
2154
3337
4705
4523
4298
3791
2668
2417
1251
-162
-385
178
-67
-1462
-2834
-3320
-2168
-1415
-2038
-2908
-3831
-3404
-1542
82
329
-869
-1385
-718
-347
-329
-91
2125
4269
4502
3679
2985
2874
4391
6800
6676
3786
477
-453
1874
3277
2379
-20
-2816
-3285
-3456
-2812
-2776
-3668
-4135
-3960
-4135
-5453
-5006
-3342
-1306
-670
-2043
-2612
-1620
-216
1180
2543
2014
358
517
2040
3252
4216
3858
3217
3005
2307
1409
972
1167
1192
1049
271
-714
-1744
-2621
-2648
-3030
-3675
-4435
-3932
-1886
-1229
-1535
-2055
-2136
-3527
-3615
-2089
-438
1135
2720
3472
3342
2667
1264
3007
5958
8068
6787
3696
1690
1329
2757
2458
852
-1466
-3064
-3183
-2428
-1894
-2388
-2216
-2205
-2684
-3942
-5489
-5192
-3153
-757
417
-647
-1283
-1107
-12
1187
1719
1843
1789
2886
4118
5061
4556
3879
3130
2655
2829
1944
1453
1368
621
-422
-2425
-4764
-5730
-5303
-4658
-3807
-3731
-3615
-4099
-3334
-2544
-2319
-989
-582
477
1249
1625
1192
2006
2645
2156
1995
1077
1956
4078
6635
6832
5199
2948
1000
1350
2246
2207
1392
29
-725
-292
-562
-1771
-2468
-2504
-2887
-4006
-5060
-4798
-3486
-1613
-194
-9
-420
-734
118
2322
3248
2939
2197
1539
1195
1267
504
-133
466
1084
1297
479
-207
-1040
-807
-878
-612
-1101
-1921
-2045
-1702
-1667
-3378
-3414
-3701
-4108
-3900
-3067
-2129
-1416
-430
-385
79
-53
-396
1062
2807
3374
2867
2386
2507
4720
7044
6580
4574
2298
1168
1623
2418
1979
916
567
-32
316
305
-762
-1924
-1418
-1115
-1680
-2500
-3290
-3039
-2808
-2785
-2668
-2570
-2682
-2157
-1195
-723
-714
-98
677
1307
1987
2735
2586
2331
2242
1858
1815
602
166
-282
-682
-436
-249
-680
-1454
-1804
-3019
-3343
-3843
-3977
-3578
-3127
-2249
-1861
-1549
-1292
-463
408
1158
1855
2560
2024
1427
2102
2660
3852
5459
5537
4902
3698
2857
3281
3913
3628
2945
2146
1200
136
-687
-1744
-2708
-2936
-4044
-4408
-4330
-4828
-5246
-4900
-4280
-3088
-1581
-1826
-1758
-1312
-820
300
1207
1834
3184
4052
3425
3420
2956
2341
2961
3075
1986
949
278
-105
251
471
-129
-76
-784
-1799
-1923
-2126
-2552
-2808
-2797
-3617
-4034
-4041
-3685
-1735
-394
-653
-1238
-984
50
2073
3831
4208
4074
3605
3970
4670
4420
3998
3236
2655
2229
2110
1847
1604
837
-97
-614
-2103
-3054
-3537
-3222
-2956
-3452
-3600
-3922
-3628
-3111
-2784
-2480
-2423
-2233
-1494
-76
522
658
1763
1920
2306
2652
3179
3870
4060
3827
3068
3109
1997
1021
958
254
-493
-809
-1159
-2081
-2643
-3608
-4022
-3900
-3928
-3658
-3410
-3069
-3665
-3248
-3046
-2857
-508
120
958
1092
2109
2887
4822
6743
4885
4358
2755
3081
4341
4973
4696
2866
1755
366
241
-454
-1929
-1962
-2187
-2081
-3230
-4674
-5073
-5148
-4166
-4210
-4143
-4157
-3635
-1769
4
803
550
1048
2077
3014
3799
3890
4276
4684
4930
4876
4311
3500
3404
3664
2441
1179
280
-328
-1115
-1479
-2479
-4186
-5189
-5781
-5418
-4679
-4695
-4507
-4204
-4136
-4099
-3551
-3086
-2280
-323
569
1525
1733
1512
1945
2937
4403
5045
5653
5769
6162
5920
4822
3506
2343
1674
1280
1011
661
238
-744
-1320
-2206
-2636
-2946
-3273
-3260
-3248
-3352
-3458
-2409
-1854
-1639
-1076
-862
-758
-541
-130
393
1445
1997
2011
2284
1691
1147
1121
1084
993
1025
589
312
98
224
-371
385
701
22
-382
-1220
-1471
-1692
-117
188
-476
-1137
-1177
625
1824
1959
1644
1876
1595
858
702
-144
-516
246
241
972
304
-841
-1364
-1492
-1259
-2083
-1657
-1528
-719
21
-329
-615
-1131
-1455
-1113
42
-110
-271
340
818
1069
482
-278
-711
-895
-856
-818
-940
-456
-432
-137
-6
-357
-165
-5
126
-13
-85
-1052
-1907
-1957
-2127
-1796
-1550
-1320
-893
-857
-656
-778
-649
-744
-558
-193
-72
393
1311
2687
3118
3676
3430
2971
3033
2806
2875
2831
2487
2336
2597
2238
1383
1087
1011
733
919
657
562
684
433
372
-208
-972
-1842
-1776
-2206
-2687
-2616
-2907
-2687
-2335
-1767
-1443
-1533
-1335
-1078
-831
-716
-848
-514
-1
311
583
1867
3074
3790
4037
2933
2216
1855
2469
3011
2683
2187
1565
1173
556
-371
-946
-1340
-1094
-1548
-2550
-4102
-4927
-4279
-4001
-3504
-3539
-3705
-3246
-2377
-1314
-1166
-526
-13
1621
3131
3330
3604
2931
2811
2679
2737
2145
1360
1467
1511
1790
1485
769
-332
-869
-1504
-1821
-1864
-2779
-2892
-2756
-3038
-3753
-4185
-4195
-3485
-2566
-2487
-2575
-1863
-1000
-179
271
792
1549
1837
1985
2344
2566
2702
2838
2796
2754
2285
1606
1653
1973
1283
723
554
125
-319
-719
-795
-586
-252
-406
-52
476
-24
-300
63
0
-89
298
682
1657
2236
1777
1200
810
573
755
820
597
675
483
4
193
-259
-1291
-1886
-1917
-2143
-2174
-1595
-921
-638
-1115
-1372
-1499
-1511
-985
417
1315
1732
966
1085
1130
1583
2693
2677
2819
2598
3052
3538
3773
3034
1534
910
260
-309
-1024
-2152
-2731
-3209
-3787
-4558
-4838
-5034
-4591
-3777
-3196
-2509
-2549
-2482
-1638
-906
-588
-455
50
700
1176
1670
1746
1454
1111
850
774
871
584
519
1186
1476
1489
1502
1373
1230
817
-135
-677
-396
-734
-883
-967
-1820
-2656
-3109
-3066
-2209
-1015
-182
1026
1831
1627
1494
1417
1543
2149
2358
1885
1852
1949
2026
2239
2228
1873
1872
1946
2286
2643
2767
2602
2449
2211
1429
881
326
-385
-630
-1144
-1701
-2434
-3098
-3638
-3767
-3757
-3963
-3669
-3406
-2660
-2011
-1684
-1387
-1237
-703
-175
300
821
760
558
577
276
25
29
-179
-368
-680
294
1792
3150
3186
2958
3070
2614
2634
2001
1706
997
427
144
-105
-958
-2037
-2093
-1730
-1507
-1756
-1876
-1853
-1598
-1689
-1356
-990
-1297
-1193
-837
-269
-255
-181
-382
-572
-878
-878
-462
-413
-398
-776
-338
-218
-163
280
619
1013
1480
1764
1881
2109
1746
1291
650
-236
-892
-945
-1153
-1185
-1232
-1553
-1258
-791
-296
282
823
1038
750
374
-4
138
63
-84
277
30
-184
-451
-459
81
-5
72
320
664
781
1077
1699
2262
2632
2417
2588
2834
3016
2981
2663
1895
883
287
-274
-347
-457
-750
-623
-949
-1133
-552
-192
-158
-179
-418
-771
-1293
-1180
-1203
-1422
-2164
-2751
-2672
-2554
-2217
-2198
-1705
-1463
-978
-236
210
1055
1285
1344
1083
907
625
599
1221
1694
1698
884
417
296
334
553
1156
1406
750
579
462
383
201
47
22
5
-387
-858
-915
-1399
-1946
-2769
-2917
-3463
-3541
-2693
-2393
-1759
-1603
-1452
-917
-269
258
1007
1763
1407
1762
1779
1643
1323
1011
913
762
701
52
144
53
-58
290
146
111
147
-27
-215
-222
-569
-746
-195
69
-139
-392
-527
-600
-539
-473
-297
234
1008
1175
1623
1557
1549
2434
3044
3690
3679
3314
2611
2474
2142
1371
916
276
-386
-1152
-1878
-2361
-2297
-2562
-2579
-2640
-2744
-2655
-2159
-1333
-799
-597
-759
-996
-1116
-929
-622
-416
-438
-915
-1279
-1437
-1498
-1074
-655
-250
85
315
596
1142
2208
2682
3334
3010
2552
2293
1623
1574
1073
659
514
964
887
470
336
39
493
845
491
389
332
-15
70
-55
-926
-1856
-2464
-2591
-2643
-2859
-3201
-2997
-2706
-2345
-1616
-812
-384
41
778
1278
1677
1676
1638
1950
2120
1579
976
513
211
226
-252
-660
-555
-245
-5
478
675
309
-154
-402
-343
-314
-504
-1129
-1434
-1618
-1865
-1618
-1750
-2008
-2043
-1705
-1509
-1132
-573
-193
280
807
1187
1766
2048
1780
1851
1680
1322
1105
1065
1033
818
662
461
439
866
883
880
984
790
913
1123
1131
1183
1106
1043
1189
1166
916
836
355
-143
-651
-997
-590
-425
-37
148
59
-15
-107
-162
-325
-398
-616
-323
-97
67
-305
-613
-536
-964
-945
-1244
-1246
-1235
-1080
-946
-712
-338
-215
349
317
349
449
513
651
258
328
301
214
179
-110
-181
-246
-227
-667
-841
-1098
-1198
-1008
-772
-422
-259
-141
-118
96
32
-592
-993
-1565
-1973
-1935
-1667
-1186
-948
-577
-590
-762
-694
-602
-199
124
343
552
840
872
927
1010
579
-88
-442
-501
-312
256
297
536
700
772
1128
1423
2071
2305
2418
2367
2591
2694
2674
2842
2548
2272
1781
1472
1049
427
-140
-530
-594
-1070
-1312
-1383
-1272
-1183
-1388
-1384
-1551
-1656
-2049
-1982
-1866
-2093
-1987
-2013
-1787
-1754
-1677
-1455
-1253
-1037
-938
-688
-641
-69
351
567
1030
1585
1962
2209
2333
2507
2596
3052
3200
2920
2290
1839
2046
1958
1639
1274
936
520
231
-64
-172
-352
-676
-934
-1231
-1702
-1985
-2263
-2341
-2103
-2153
-2164
-2028
-1772
-1334
-688
-575
-727
-104
216
620
744
394
325
471
354
224
421
188
367
273
122
30
133
184
-191
-57
-394
-763
-951
-815
-645
-945
-1302
-1548
-1133
-880
-910
-1007
-1297
-1426
-1285
-844
-926
-1114
-1026
-662
-267
-129
-13
373
779
889
947
675
301
92
425
698
982
724
567
958
1055
1169
1208
1523
1861
2281
2437
2249
2127
1818
2006
1717
1310
1402
1646
1590
1400
1322
819
264
-297
-394
-389
-690
-1128
-1472
-1518
-1571
-1100
-751
-978
-1304
-1488
-1509
-1357
-802
-476
-306
-497
-629
-556
-340
-185
-115
439
600
968
1256
1570
1680
1678
1549
1047
1197
863
728
785
279
-314
-485
-700
-869
-880
-980
-1348
-1946
-2410
-2721
-2752
-2794
-2554
-2266
-1968
-1754
-1557
-1212
-948
-819
-709
-821
-464
70
150
377
550
632
500
240
198
332
559
723
640
752
909
903
768
755
790
785
755
910
1206
1208
1444
1513
1506
1181
1166
1111
1236
1192
1064
1470
1345
1183
979
540
108
284
442
475
4
-840
-1191
-986
-953
-1020
-1049
-1430
-1330
-1058
-941
-882
-568
-488
-343
-250
-310
-277
-127
111
-26
-438
-1006
-1042
-774
-720
-413
-441
-601
-723
-747
-534
-535
-809
-941
-854
-855
-551
-177
226
609
490
508
741
987
1276
1573
2096
2221
2053
1987
2303
2426
2516
2294
2105
1910
1467
1346
967
665
-18
-774
-1454
-1851
-1860
-1802
-1817
-2178
-2389
-2474
-2141
-1600
-1147
-659
-462
-581
-647
-611
-528
-526
-495
-690
-643
-584
-534
-468
-633
-374
-337
-496
-772
-915
-601
-227
26
82
430
466
313
226
-90
-113
-364
-711
-361
196
646
1115
1234
1187
987
927
949
1082
1064
1028
1002
525
41
-107
-38
46
155
353
287
243
200
345
690
524
677
963
1177
1360
1516
1467
1258
1049
717
709
885
1010
1043
816
529
65
69
149
55
-150
-839
-1326
-1590
-1605
-1815
-1850
-2057
-2171
-1995
-2017
-1958
-1883
-1689
-1200
-585
-170
-47
78
346
539
462
429
465
455
329
436
653
531
340
342
530
669
622
476
205
-22
-237
-478
-840
-1117
-742
-422
-381
-445
-503
-679
-760
-553
-179
-40
89
340
522
559
520
388
244
-10
-400
-551
-689
-929
-730
-416
-380
-219
-21
-6
31
-191
-175
-103
69
271
443
592
466
602
383
399
327
365
463
495
753
1054
1169
1062
1504
1776
2084
2099
1865
1872
1686
1447
1109
605
344
125
204
41
-104
-107
-296
-242
-125
168
119
-30
-318
-542
-817
-1191
-1119
-1241
-1463
-1668
-1722
-1733
-1585
-1448
-1354
-1360
-1373
-1256
-1056
-1164
-1404
-1438
-1339
-1077
-910
-622
-384
-427
-790
-1007
-1120
-1081
-767
-190
241
398
412
647
1013
1104
1275
1318
1536
1434
1595
1530
1085
735
511
641
716
963
978
1209
1255
1022
1272
1464
1594
1690
1601
1302
1208
1024
497
295
-114
-594
-548
-457
-634
-887
-925
-1015
-831
-778
-1067
-860
-701
-492
-206
-150
-145
-196
-66
-80
-339
-710
-1040
-957
-1002
-1052
-922
-888
-1061
-1117
-1082
-1080
-912
-853
-593
-17
-57
-232
-523
-993
-1003
-745
-633
-579
-331
-330
46
584
944
1541
1926
2313
2686
2919
2701
2475
2554
2404
2139
1850
1619
1317
1390
1271
934
427
-141
-525
-838
-1171
-1298
-1174
-1134
-1154
-1112
-1015
-974
-882
-985
-1242
-1510
-1813
-1664
-1399
-1424
-1392
-1380
-1216
-1046
-1017
-962
-901
-678
-537
-456
-769
-1097
-916
-927
-982
-1125
-1142
-1073
-774
-506
-472
-176
116
555
867
969
1205
1509
1857
2179
2587
2770
2888
3041
3166
3088
2691
2574
2328
2087
1740
1244
908
645
409
331
88
-249
-522
-662
-778
-1033
-1411
-1641
-1461
-1317
-1249
-1223
-1107
-1124
-1166
-922
-618
-428
-294
-104
294
440
299
327
206
96
-367
-779
-1204
-1391
-1383
-1385
-1471
-1913
-1926
-1808
-1534
-1246
-1175
-1233
-1079
-783
-509
-181
179
570
989
1319
1596
1616
1638
1941
2215
2191
1815
1529
1602
1953
1973
1907
1730
1352
1259
1174
858
608
275
41
-84
-284
-743
-1128
-1326
-1612
-1524
-1587
-1436
-1265
-832
-545
-445
-257
-333
-151
-6
12
-222
-291
-242
-292
-234
-458
-662
-828
-1058
-1234
-1363
-1446
-1707
-1637
-1179
-757
-402
-198
20
340
502
582
781
1155
1367
1331
1317
1308
1511
1761
1782
1706
1793
1838
1805
1759
1551
1183
1037
869
611
298
-192
-573
-1085
-1701
-2239
-2466
-2607
-2512
-2272
-2158
-2096
-2060
-2035
-1763
-1344
-1250
-1124
-730
-305
102
433
355
230
133
179
202
219
130
84
182
165
235
262
229
350
523
575
434
238
355
615
815
871
711
517
618
823
1059
1223
1380
1242
1217
1308
1449
1850
1760
1663
1473
1313
1042
755
512
265
260
-149
-379
-463
-411
-497
-735
-1033
-1232
-1118
-868
-558
-366
-292
-296
-196
-173
-325
-482
-644
-822
-835
-782
-732
-760
-855
-785
-560
-406
-178
61
258
336
188
44
57
53
85
203
176
244
210
266
238
172
-67
-188
-25
84
328
128
21
43
254
441
383
363
228
187
-32
-137
-424
-660
-723
-819
-846
-981
-1046
-1075
-1019
-911
-674
-554
-796
-869
-911
-808
-530
-483
-460
-260
-386
-577
-523
-462
-403
-294
-82
203
475
671
769
799
961
1122
1243
1410
1401
1452
1538
1417
1194
967
861
828
799
721
639
586
456
522
728
887
892
973
1057
1119
986
586
426
271
-59
-300
-453
-534
-482
-658
-977
-1211
-1184
-1014
-817
-786
-889
-871
-823
-911
-1109
-1179
-1399
-1540
-1562
-1590
-1480
-1498
-1432
-1112
-885
-751
-407
-95
226
724
936
1113
1166
1391
1765
1769
1507
1086
895
774
602
455
223
130
-10
201
431
531
673
707
936
921
722
538
271
73
-107
-262
-691
-871
-850
-872
-893
-1270
-1243
-1004
-689
-485
-292
-181
-143
-22
-20
128
-48
-381
-516
-540
-692
-1000
-1216
-1277
-1099
-951
-778
-583
-336
-111
-5
343
518
793
1186
1362
1546
1526
1462
1456
1465
1230
986
960
822
725
666
710
722
753
825
1014
1268
1154
1062
1016
757
478
304
145
140
83
-160
-318
-434
-385
-378
-440
-598
-681
-524
-518
-392
-338
-437
-628
-907
-1105
-1333
-1193
-1408
-1534
-1655
-1943
-1970
-1887
-1603
-1292
-1152
-1343
-1231
-899
-499
-84
-19
-8
24
201
252
255
166
91
75
-33
-130
-256
3
232
444
786
821
789
743
956
1276
1254
930
699
749
684
559
353
-22
-331
-501
-445
-393
-453
-251
-22
221
253
188
339
474
667
784
827
591
228
35
-181
-306
-586
-664
-550
-415
-217
-79
80
185
370
460
618
805
928
1011
1038
982
813
508
376
302
198
138
67
116
171
331
423
673
949
1075
1229
1205
1185
1083
922
704
383
92
-147
-287
-405
-550
-592
-648
-629
-650
-630
-592
-640
-636
-539
-528
-516
-463
-571
-760
-912
-1272
-1493
-1592
-1617
-1290
-1076
-1033
-1151
-1170
-1168
-984
-826
-543
-197
21
199
258
242
14
-200
-426
-366
-291
-294
-466
-637
-613
-604
-562
-421
-257
-34
123
175
132
189
250
261
351
430
585
676
828
714
739
963
920
940
854
807
835
912
958
1105
1112
889
918
862
709
645
409
270
238
139
-124
-305
-543
-677
-637
-798
-708
-685
-510
-266
-168
-207
-186
77
345
516
570
640
646
585
407
219
99
131
139
212
242
206
128
-18
-73
-219
-276
-156
19
143
-12
-128
-363
-542
-588
-671
-620
-620
-556
-418
-268
-153
-19
87
76
236
226
196
385
372
378
398
259
77
-78
-291
-343
-296
-315
-175
-87
-123
-19
80
132
224
126
-79
-198
-259
-275
-434
-551
-507
-568
-600
-609
-581
-487
-410
-471
-413
-381
-390
-208
5
153
203
165
35
-72
-216
-349
-419
-407
-302
-279
-205
-294
-286
-157
-2
205
328
449
420
601
829
947
981
783
767
786
779
696
698
664
608
651
679
775
784
779
729
602
470
418
450
428
341
230
105
-111
-329
-407
-384
-442
-453
-549
-679
-655
-494
-324
-268
-234
-178
-39
-87
-181
-190
-183
-290
-460
-579
-636
-586
-521
-675
-780
-904
-923
-849
-571
-456
-546
-510
-619
-317
-130
-63
163
222
119
32
103
132
192
174
181
184
126
131
314
434
309
205
183
201
259
370
423
396
340
222
267
313
152
30
85
108
102
91
68
182
194
191
285
203
140
173
256
337
185
69
162
219
258
275
247
150
166
155
247
170
36
107
162
200
66
54
219
176
-13
-290
-496
-439
-404
-346
-329
-419
-568
-727
-772
-745
-609
-391
-68
122
119
115
187
274
168
59
-77
-157
-169
-157
-73
-90
-141
-150
-139
-118
-141
-213
-234
-202
-282
-251
-205
-158
-100
-158
-158
-175
-235
-203
-100
-50
-41
-19
-25
20
249
516
683
870
861
924
949
872
848
888
869
769
688
558
434
303
58
-171
-326
-444
-400
-344
-230
-337
-434
-458
-443
-357
-396
-360
-268
-224
-252
-245
-307
-281
-198
-149
-99
-86
-112
-49
12
3
43
15
108
344
455
436
352
234
113
40
-46
-235
-418
-587
-632
-491
-320
-343
-320
-331
-401
-339
-275
-92
223
384
510
586
542
398
269
175
-1
-8
15
-65
-71
-192
-177
-54
-45
2
69
133
123
141
167
62
-3
-130
-128
19
178
171
65
-58
-192
-238
-284
-218
-119
26
126
154
184
188
0
-98
-200
-374
-383
-437
-490
-462
-511
-585
-636
-545
-541
-461
-363
-333
-216
-97
11
116
266
173
238
297
311
554
791
804
879
873
753
869
894
752
758
679
566
511
242
12
18
-67
-155
-140
-332
-476
-446
-475
-543
-630
-824
-865
-589
-253
-22
207
329
276
209
151
250
487
630
608
573
506
575
687
613
464
339
321
326
329
290
250
191
93
65
-3
-217
-287
-344
-426
-433
-488
-452
-361
-344
-332
-317
-418
-443
-307
-332
-345
-289
-422
-506
-461
-308
-294
-302
-445
-546
-484
-513
-510
-594
-666
-705
-702
-743
-769
-745
-644
-449
-271
-273
-383
-122
149
423
601
590
624
676
821
910
985
945
746
741
759
770
807
638
625
576
451
367
470
494
466
451
355
422
299
252
145
-6
-117
-178
-135
-192
-122
-104
-73
-1
94
208
203
243
308
374
263
18
-144
-270
-238
-328
-524
-625
-775
-825
-815
-912
-970
-991
-930
-880
-867
-799
-706
-508
-448
-409
-436
-500
-512
-397
-253
-192
-122
-72
70
287
331
319
258
272
296
348
397
441
499
465
353
217
160
138
169
228
193
252
323
357
410
383
428
406
352
278
291
285
236
256
263
311
290
303
325
365
312
191
141
38
48
59
57
22
37
13
47
-2
-112
-141
-153
-143
-125
-128
-19
120
136
114
33
-41
-56
-48
-54
-70
-102
-67
-80
-78
-67
-121
-153
-123
-125
-185
-67
71
66
6
-112
-91
-153
-199
-134
-123
-109
-88
-20
-69
-19
39
95
134
99
145
125
3
-88
-134
-263
-294
-216
-185
-223
-335
-404
-348
-348
-319
-222
-296
-376
-317
-346
-341
-313
-376
-360
-286
-196
-53
11
-2
86
140
114
217
347
474
526
528
511
553
535
478
556
522
461
386
289
148
-51
-201
-281
-345
-422
-414
-434
-411
-439
-519
-450
-545
-613
-566
-493
-452
-424
-385
-395
-350
-322
-164
-111
-28
118
228
302
240
361
506
592
702
791
872
909
778
714
623
485
409
447
425
352
210
62
93
165
221
