-1
54
39
68
106
88
101
114
119
113
122
103
144
142
168
148
133
151
177
165
131
149
84
91
75
65
69
52
27
-15
-14
-11
-33
-41
-67
-78
-51
-38
-23
-3
-8
4
11
20
60
77
61
47
46
74
79
78
111
139
151
148
135
181
155
132
127
87
113
108
91
119
131
180
158
159
142
99
103
136
191
143
106
98
106
90
85
62
65
51
82
37
51
48
11
46
5
23
-20
-35
-34
-53
-71
-76
-62
-74
-81
-120
-123
-144
-150
-192
-173
-142
-90
-125
-106
-113
-131
-165
-223
-257
-224
-207
-201
-160
-175
-192
-193
-207
-226
-270
-263
-238
-256
-262
-266
-246
-246
-207
-238
-216
-227
-261
-238
-236
-251
-196
-156
-87
-38
-32
15
-3
17
32
12
35
65
108
102
136
134
112
116
91
130
144
131
160
132
149
163
176
133
161
128
138
122
222
309
309
402
205
275
101
100
126
163
130
209
204
51
44
-92
-74
-35
-69
-112
-28
-99
-34
-121
-185
-134
-118
-114
-39
-33
-50
7
-94
-144
-114
-156
-74
-1
-2
82
98
81
74
-3
17
54
96
147
179
149
155
176
93
94
138
187
244
228
215
193
194
202
206
163
244
292
277
251
194
124
101
98
126
130
167
184
173
156
117
87
63
104
68
60
49
24
-5
-17
-51
-20
-42
-63
-82
-104
-165
-177
-173
-234
-209
-209
-221
-232
-234
-183
-183
-199
-180
-176
-198
-218
-197
-234
-237
-245
-281
-307
-281
-269
-293
-320
-320
-321
-287
-285
-296
-273
-328
-278
-275
-292
-298
-281
-276
-264
-302
-274
-217
-197
-188
-125
-131
-80
-104
-121
-87
-104
-51
-20
3
8
47
65
41
25
-21
22
68
79
116
161
145
167
151
147
205
193
222
220
184
186
194
211
211
240
255
259
321
328
308
271
266
307
257
244
245
229
204
210
187
185
184
142
178
128
144
177
148
188
155
151
186
217
216
212
208
138
158
163
143
190
160
109
125
67
96
84
82
144
120
37
-1
19
42
101
44
66
83
5
-6
-30
-45
36
-21
-46
16
29
26
-70
-67
-52
-33
3
-30
-7
-31
-67
-59
-84
-164
-63
-90
-138
-138
-212
-229
-157
-269
-206
-109
-239
-74
-257
-255
-207
-212
-281
-61
-166
-147
-121
-249
-226
-209
-269
-203
-233
-211
-69
-205
-209
-176
-104
-171
-142
-186
-50
-102
-127
-140
-101
-177
-172
-253
-275
-80
-208
-109
-99
-108
-182
-77
-35
-25
14
-26
36
28
-90
-41
91
0
39
113
40
192
13
3
-41
54
-139
50
105
-18
71
-118
-59
-29
6
-134
47
-119
47
135
-88
-98
129
-68
87
47
-43
286
-44
65
170
103
53
171
0
149
44
-2
222
-4
66
154
132
34
217
23
193
206
74
190
134
47
154
186
14
322
12
145
114
-11
129
201
149
207
266
28
222
189
49
279
229
263
288
151
142
239
126
54
361
288
252
272
64
-22
225
-107
118
165
149
237
93
101
66
105
16
168
53
129
351
-73
217
-61
-82
144
-167
164
-106
27
-140
-130
-238
-214
-198
-277
12
-233
65
-286
-45
-198
-4
-324
83
-278
-258
-13
-128
-107
-168
-51
-313
82
-218
-184
-237
-183
-362
-156
-354
-111
-297
-132
-289
-155
-152
-254
-180
-228
-192
-294
51
-468
20
-318
-221
14
-244
-40
-146
-205
-131
-200
-342
82
-415
-171
13
-316
-107
-59
-286
-22
-105
-358
251
-394
-116
20
-117
-142
-54
-203
-140
182
-261
113
123
-328
375
-424
417
-48
317
111
351
179
223
235
71
339
57
331
62
481
-153
400
-147
432
113
381
118
322
165
351
119
174
251
244
289
351
373
206
463
-24
451
13
450
73
550
15
340
0
176
143
-257
287
-29
194
32
146
-136
409
-143
133
339
-219
278
283
67
240
144
-53
479
-154
81
98
-87
61
-207
78
80
-255
55
-505
-198
-370
-59
-367
146
-534
-121
-207
-282
-335
-52
-16
-206
97
-235
-176
47
-207
-187
42
-373
-81
-205
-234
-228
110
-707
21
-493
-259
-152
-143
-94
-248
163
-366
-205
-275
110
-315
327
-444
239
-209
-60
-276
41
-364
26
-3
-543
192
-205
-115
23
36
-392
589
-601
59
-30
48
-197
498
-344
513
77
-20
259
-200
106
154
211
-92
307
-148
173
-146
190
-54
365
-164
250
-182
-62
314
-389
502
67
216
173
105
20
191
288
152
427
300
-2
480
-271
185
327
-169
531
-172
113
109
-250
334
-108
459
182
344
-43
-45
218
-89
591
271
220
590
-320
156
-32
-296
621
-421
131
-130
-373
-210
93
-363
-126
-23
-317
-386
316
-895
998
-767
452
-52
-488
883
-1032
808
-704
438
-402
392
-736
35
172
-912
449
-484
-199
109
311
-1131
1395
-1255
888
-331
-134
502
-574
524
-299
353
-540
632
-246
105
209
52
-320
639
-1124
1025
-617
-124
261
-347
530
-592
655
-409
495
-426
723
-611
737
-130
-446
440
-221
313
-102
253
-478
586
-655
-68
98
-274
-98
264
-839
330
92
-88
-420
185
-387
48
91
-117
-47
319
-621
184
140
-814
1343
-1172
566
-433
180
-200
-52
-33
14
181
-192
405
-371
575
-277
77
106
158
-251
96
39
-464
1251
-1466
1072
-141
-810
976
-1044
295
282
416
-676
645
-590
-294
887
-917
915
215
-639
722
-847
568
-291
379
148
-179
265
70
-279
67
558
-1029
1432
-1121
334
187
-362
-262
684
-895
428
367
-1122
1576
-673
-109
909
-958
683
286
-644
680
-161
23
-230
526
-1371
1753
-1609
748
-29
37
218
-176
-494
843
-616
-16
917
-1159
819
-150
-384
568
-164
-292
874
-1062
374
52
243
-111
543
-868
1196
-1550
1034
-738
646
-106
103
0
-223
62
-684
934
-1289
1211
-767
293
-446
536
-658
296
-743
327
197
-286
560
-388
759
-1065
807
-797
726
-671
575
-357
-281
536
-780
386
-102
334
-668
624
-429
267
-151
79
-544
1250
-1525
1104
-471
128
784
-561
-26
262
-610
627
-670
342
374
-282
-196
130
417
-408
922
-543
666
-231
82
215
-369
129
537
-576
723
-898
888
-613
164
65
-746
1080
-1136
861
-700
126
524
-802
267
-2
-288
204
-579
909
-903
384
-697
638
-826
80
44
-770
406
-396
-454
274
-314
-90
119
-829
723
-435
-154
129
-73
-208
406
-303
83
516
-521
348
949
-1424
1447
-507
39
485
338
-545
1261
-1147
797
104
148
63
-52
324
-238
482
-363
870
-429
147
506
-510
1317
-1103
676
-123
404
-769
1358
-1129
1042
-726
483
-98
-355
677
-936
1268
-1253
1322
-1173
1476
-1766
1733
-991
159
113
395
-853
1033
-1199
208
638
-1107
807
-840
939
-1067
942
-1018
787
-350
-46
14
-182
297
-297
215
-145
56
84
-100
164
-369
435
-991
693
-995
357
-552
194
-689
92
-126
-289
103
-412
136
-644
655
-842
540
-78
-198
-242
38
-535
463
-414
-13
475
-498
138
-166
166
-638
986
-1486
1270
-1026
595
57
-303
685
-357
405
-742
1437
-1924
2078
-1656
1421
-1237
1246
-995
814
-240
-207
1292
-2112
2352
-2178
1759
-1435
1178
-612
182
442
-539
567
93
286
-526
1009
-1097
1134
-480
468
371
-368
62
700
-16
-449
829
-189
48
30
229
327
-97
691
-597
1070
-724
865
-163
615
-747
1059
-312
-527
849
-608
357
280
386
-1277
1244
-1434
1165
-1233
1165
-1041
1635
-1871
875
-543
-365
846
-1074
820
-646
384
-1029
726
-1371
1841
-1899
1069
-745
172
-736
563
-593
-398
711
-1399
1199
-1550
728
-728
767
-1680
1474
-1495
242
-27
-568
299
-590
330
-859
762
-1243
797
-826
370
-435
312
-409
621
-25
-304
44
-29
299
-574
1260
-1081
677
35
-582
856
-851
999
-220
105
-99
373
-275
136
135
-298
537
-284
664
-316
320
-224
939
-694
628
366
-14
658
-192
388
247
-464
986
-658
535
24
-226
872
-565
1008
-790
605
-329
555
-315
205
838
-591
877
-360
-193
666
-608
489
516
-1078
1005
-528
682
-1060
1145
-1156
1161
-1287
136
139
-142
8
-168
314
-616
1100
-1720
2037
-1709
852
-418
59
-790
696
-442
9
408
-1017
1069
-772
-197
320
-798
71
333
-631
824
-862
618
-655
386
-465
467
-595
-102
156
-979
821
-907
490
-205
-194
-403
708
-1344
686
-254
-765
1010
-799
529
-552
655
-1010
1081
-933
559
435
-1055
836
-298
-286
916
-934
682
241
-940
745
-455
-77
141
214
-1371
1508
-1376
1191
-915
990
-613
188
19
-797
1354
-1528
2046
-2790
3235
-2974
1630
-683
-229
845
-543
145
14
793
-1468
1661
-746
535
-120
508
-439
581
-482
933
-583
196
168
-843
1429
-996
44
969
-793
239
399
-1154
1496
-282
-179
865
-822
817
-276
506
-296
853
-524
576
-36
-436
1310
-1316
1321
-656
-249
707
-191
-65
18
-142
124
331
-826
613
116
-86
-228
369
-736
897
-555
27
428
-897
1305
-1202
743
-365
211
-352
314
-647
129
-284
427
-662
637
-638
351
-40
-602
787
-948
483
-716
865
-810
484
-490
657
-1293
1211
-1516
1079
-750
898
-703
467
-50
-496
1019
-958
867
-125
102
-517
1033
-1318
1009
-168
-236
345
367
-464
758
-714
-38
16
-120
93
682
-784
1251
-952
-41
304
-673
572
-458
150
292
-275
88
-146
196
-220
-465
536
-687
509
-442
-29
-287
434
-767
224
29
-987
961
-881
120
131
-192
-515
711
-1424
1051
-105
-823
493
-610
273
-371
-156
6
6
-246
219
-841
1005
-1158
1104
-1051
1180
-1122
1111
-1232
964
-151
-388
1149
-1100
1068
-913
863
-959
1404
-1259
1860
-1159
529
45
197
43
219
459
-236
1167
-1267
1255
-967
1266
-881
865
-539
992
-741
582
-132
-355
878
-1012
1632
-1305
1739
-2057
2452
-3160
3024
-1956
1582
-512
312
102
-1069
1627
-1716
2272
-1827
1906
-1863
1712
-2066
1777
-1163
974
-307
12
211
-1001
967
-948
1235
-1329
1266
-842
-68
793
-1614
2015
-1034
-386
1331
-883
-305
899
-722
-623
1679
-2005
1837
-1130
102
214
215
-843
1015
-813
2
904
-1647
2385
-2180
1545
-1101
476
-577
1030
-886
1123
-1043
-234
1164
-2212
1932
-1875
1565
-1207
426
-887
1281
-1211
271
782
-1486
1201
-656
-671
672
255
-1200
1312
-1375
499
32
-361
-602
950
-1281
798
-232
-474
48
452
-805
-277
209
-600
889
-978
118
383
-696
306
-326
-229
217
99
-740
584
-316
-439
392
-893
434
-314
835
-981
1000
-1552
1162
-845
306
109
365
331
-683
83
741
-1007
978
303
-933
1230
-1146
819
-1274
1853
-1300
1769
-902
-47
916
-675
339
152
1243
-1327
2097
-1516
1288
-354
685
-1127
1544
-1070
1316
193
-1329
2330
-1592
758
-294
777
-1070
2372
-2834
2381
-1322
544
62
127
-179
687
-135
-652
1630
-1909
1863
-899
236
-283
562
-650
1031
-550
-144
690
-1210
651
-373
-61
43
220
-544
286
-148
-110
164
-514
86
-198
223
-270
593
-666
500
-572
492
-900
1224
-651
163
641
-964
89
406
-443
623
624
-1410
1864
-1055
-827
1751
-1726
945
-89
-663
836
-350
-376
123
627
-617
883
-1282
639
-545
-284
637
-504
1042
-898
-89
10
-111
355
483
-1282
685
-280
-607
770
-1129
728
182
-1374
685
-740
161
-1034
1231
-1794
1316
-1153
256
657
-2175
1948
-1964
1155
-668
-128
-552
1178
-2291
1783
-1190
-645
1632
-1679
891
-390
161
-498
560
-383
-212
1170
-1419
1082
-549
-51
281
-846
1063
-1425
2038
-1743
1237
-267
77
-228
-108
-136
131
741
-881
1454
-1240
830
-178
278
-85
1307
-929
329
469
-397
942
-462
388
21
341
-906
1374
-578
-124
582
-116
-396
571
311
-163
414
76
443
-159
531
-261
997
-954
1091
-471
-4
442
-79
530
-147
277
116
-168
105
436
-705
910
-195
147
-28
226
206
-499
1215
-1151
1347
-1211
792
322
-1889
2851
-1426
-179
288
-32
-294
434
-638
662
-90
-164
-176
84
-496
511
-85
-1025
1147
-597
-383
345
-1012
999
-1307
686
9
-813
767
-658
-294
-323
237
-88
-430
278
-734
1049
-1612
673
-149
-747
1108
-782
35
-191
-159
-474
76
-409
329
-928
345
-318
-557
218
-73
157
-1016
866
-1033
383
-338
-391
591
-538
-618
998
-906
273
-96
475
-1212
1736
-601
2
150
-531
90
442
-438
771
530
-1390
1549
-1432
826
-421
1054
-867
1125
-974
1059
-382
-407
964
-303
438
315
69
148
352
-654
385
204
-26
961
-499
416
-137
-439
141
81
541
-196
695
-758
731
-393
-199
819
-295
455
297
-565
519
-588
194
419
-780
1219
-903
989
-587
-290
277
-141
553
45
-672
788
-753
354
811
-840
1216
-827
708
-694
383
204
95
33
228
-165
5
186
-461
476
-114
-243
598
-1191
222
646
-1761
1264
-293
-1385
1388
-1533
56
788
-2221
1812
-835
-1128
918
-735
-1445
1546
-1433
-269
794
-1734
684
-900
-1248
945
-858
-624
1901
-1411
1567
131
-59
1101
189
1422
1807
1153
2043
1377
909
1825
1236
1128
1344
1207
881
694
-534
384
-1468
-984
-640
-2095
-1541
-2061
-2730
-2789
-3376
-3186
-2688
-3552
-2322
-2479
-3076
-2722
-2315
-2738
-2268
-746
-1493
528
926
1068
3023
1724
2556
3067
3142
4206
5380
5382
5590
6187
4274
5113
4453
3984
4542
3625
3247
2093
571
-833
-2128
-2765
-2732
-3821
-3454
-4442
-5552
-5947
-6396
-6422
-5922
-5122
-4742
-4132
-4170
-4235
-3645
-3991
-3045
-1987
-1912
-630
-716
-519
-725
305
1966
2179
4531
3279
3946
3464
3795
4334
6270
7224
7389
8435
6524
7138
6036
5695
5825
5627
4922
4435
2501
786
-988
-2824
-3051
-4151
-4208
-4481
-5358
-7220
-6457
-7675
-8069
-5745
-6435
-4871
-3688
-4245
-4421
-4344
-4730
-3119
-2764
-1611
-1454
-783
-1945
-1712
-2331
-1956
2058
693
4521
2710
2678
2759
1724
4605
5885
9246
8055
10239
7877
7178
8216
6317
7617
7604
7244
5581
3355
1958
-1772
-3199
-3604
-5509
-5102
-5783
-7232
-8637
-9213
-9535
-9575
-8337
-6769
-5880
-4498
-4716
-3934
-4658
-5037
-2334
-3290
-916
-243
-835
-691
-2470
-1855
-3205
2381
942
4217
4389
648
3735
319
4149
6056
10002
9031
10587
9393
6815
9260
6641
8261
8105
7953
5694
2552
578
-2769
-4284
-3906
-5325
-5824
-6935
-8663
-10450
-10664
-9282
-8686
-7799
-5382
-5073
-4607
-2934
-3845
-3189
-1842
-1343
-1010
-463
-632
-1201
-725
-2731
-1067
-3878
-501
3445
-195
6220
249
1811
1936
2153
7387
9300
12133
9058
11994
7007
8968
10248
7393
10278
8256
6562
2650
-339
-2149
-5582
-5121
-4153
-7251
-7134
-8615
-11436
-12104
-9958
-8690
-8490
-4691
-4231
-4070
-2204
-3281
-1911
-899
-566
1490
307
-509
256
-1331
-2451
-1841
-1975
-5122
3398
504
1754
4669
-2827
2668
-45
5084
9056
12108
10709
10343
10709
6277
11562
8770
9179
10148
7032
4504
-679
-1905
-4517
-6583
-4578
-5726
-8995
-9090
-10749
-12763
-10913
-7990
-8015
-7201
-3285
-4774
-2959
-1072
-1206
-29
829
1071
108
-239
-1429
-1049
-1771
-2868
-2859
-4771
-7351
2050
-1697
1419
3773
-3561
2057
-276
5857
9369
12614
11817
11078
11498
6957
12724
9024
9366
10989
6120
3637
-1616
-2438
-5982
-7406
-5127
-7948
-10531
-10631
-12070
-14316
-10701
-7929
-8586
-6809
-3223
-5043
-2670
22
64
2179
3042
4314
142
1655
-799
130
514
-1606
-827
-4221
-7968
-1863
1472
-2137
6161
-619
-1106
1954
2697
8237
11354
14420
10516
13013
8197
10283
11717
7627
11937
7411
4595
51
-3143
-5010
-8504
-6789
-7337
-11127
-11632
-11451
-15156
-13197
-8738
-6908
-6093
-2043
-1139
-4475
1001
1483
2913
5253
8606
4486
1540
3192
-2258
1226
38
-2086
-2728
-7336
-10718
-1355
-3155
-1782
4669
-5280
-1882
104
2978
8837
13768
13726
10588
12548
7725
11836
11049
9763
12826
6827
4166
-1780
-4675
-6732
-8665
-5453
-7822
-11000
-12047
-13355
-15577
-11803
-7433
-6527
-4599
-837
-1054
-1723
2310
2600
3097
5222
8538
3179
1484
2641
-3645
-178
-1763
-3447
-5794
-8754
-11941
-7409
-160
-4596
3788
-2885
-5139
1725
1106
9180
14020
16724
11940
12738
10243
8557
14039
11046
13299
9581
4518
-1587
-6621
-6559
-8769
-7149
-6910
-11704
-14918
-14343
-16272
-14685
-8102
-5768
-6374
-1445
-1128
-2135
2728
4165
5209
6024
7884
6316
1720
3525
1186
85
638
-2347
-4389
-8903
-8926
-9912
-392
183
813
3527
-6214
-262
1430
6516
14367
17225
14618
9469
10331
5800
11512
13157
10807
10823
3308
-1782
-7927
-7670
-8444
-9346
-6304
-11221
-15310
-15975
-15921
-15876
-9038
-3286
-4602
-2761
-654
-1750
1350
7259
6453
6225
6013
5821
2005
767
3655
-1895
142
-2453
-5746
-8720
-10716
-11597
-6646
4131
-804
4708
-2573
-5974
1580
3659
13862
17423
17760
9589
8496
7212
6879
14836
10970
9586
5679
-1548
-7608
-9830
-7978
-10038
-7532
-8216
-14923
-17340
-15178
-14522
-11179
-3113
-2060
-4153
-2568
1228
124
6334
10367
6588
5299
6049
4484
-1126
4021
2148
-1195
-152
-5302
-8646
-11793
-10109
-10663
1650
3487
767
3832
-7050
-1572
4147
8956
17427
18794
14836
6298
8578
5578
10515
15873
9388
8227
267
-5340
-10405
-8866
-6810
-9657
-7248
-11695
-17537
-16896
-13009
-12457
-6781
-1320
-3056
-3600
-726
1724
3043
9714
10673
5219
4981
5773
583
1660
5757
-533
-1477
-3210
-10172
-10287
-8562
-10819
-5083
6555
-34
2808
821
-6344
3387
7823
14756
19485
18219
10119
6339
8013
7338
15492
12570
6870
3116
-4905
-9938
-10327
-7271
-8628
-9912
-9576
-16163
-19150
-13115
-11183
-10111
-2122
-2289
-3731
-2587
2453
3431
6138
12389
7001
3852
4703
6759
886
4012
3849
-4645
-2965
-6659
-9988
-9169
-8370
-10583
815
3816
-1182
4823
-3736
-1286
6558
10800
16761
18832
14960
5998
8690
7142
10745
15121
7157
4070
-2229
-7811
-10925
-8993
-7623
-12306
-11252
-14063
-19455
-15809
-10362
-10369
-6200
-1043
-742
-3457
2741
6333
5043
12549
12565
6148
4601
8204
2938
1201
6234
-1873
-4076
-4821
-10172
-10005
-9433
-10540
-8089
3095
781
1904
3581
-3807
3394
8276
13014
19438
18613
12427
6870
8672
6935
12729
11860
3392
807
-5781
-11384
-11890
-9648
-11373
-14658
-12758
-16663
-19326
-11787
-9151
-9686
-2749
1599
-1207
284
6684
6231
9287
15920
10250
5715
6090
5066
1991
3412
3349
-3908
-5678
-8923
-10369
-10174
-9285
-10199
-5613
3911
-80
4061
1338
-1570
6257
9655
16735
19656
17808
9447
6356
8406
7555
14405
8039
929
-2277
-9408
-11910
-12301
-9422
-13565
-14894
-12904
-18697
-16142
-9207
-8245
-7143
372
2890
409
4645
8439
6572
11622
13809
6859
5249
5935
3409
425
1434
-2628
-7275
-6911
-10412
-10101
-10120
-10632
-11773
-653
3849
1338
6895
225
1664
8361
11808
18832
19842
15402
7264
7682
6914
9726
13193
3026
-796
-5684
-12147
-13467
-10825
-10134
-15341
-13517
-15038
-19553
-12957
-6434
-7531
-2819
2587
628
-580
5152
7765
8496
14727
12215
4686
2688
3161
1755
479
2305
-3544
-7973
-7464
-10230
-9509
-8176
-9173
-7898
4091
3400
4637
7213
304
5313
9199
14489
19829
18759
12861
5955
7867
5530
10251
7601
-1702
-3330
-9178
-12500
-13611
-10756
-13784
-16883
-14270
-16549
-15694
-8010
-4977
-6985
-1676
2080
683
3023
9286
9102
11001
14868
8028
2806
3452
2653
937
1871
-232
-6656
-6297
-8883
-10084
-7870
-8260
-9277
1003
5102
2384
7595
2171
1658
7860
11812
18777
19962
15738
7189
5356
5607
7461
10024
1332
-2504
-6442
-11609
-13125
-11517
-11152
-15572
-14130
-13911
-14980
-9931
-4014
-6187
-5052
1689
1696
2230
7791
9511
8764
12747
10019
2762
2271
2547
1746
469
-80
-5137
-8117
-8273
-9593
-8594
-6680
-9226
-2532
5593
2068
6747
4759
1480
6960
9926
17081
19670
17281
9640
4653
5645
5881
10529
4218
-2007
-4855
-10382
-13063
-12264
-10471
-13926
-15346
-12860
-14989
-12655
-4987
-5793
-7660
-1221
1996
697
5562
8982
7146
9484
10691
4493
1400
2384
2622
-435
-566
-2607
-8147
-7918
-7493
-8614
-6321
-7247
-4465
4700
3205
5049
6757
2035
5764
9761
14819
20246
17650
11635
4489
5051
5833
9515
6356
-1802
-4927
-9761
-12392
-12332
-10195
-12752
-15335
-13597
-14466
-13021
-6622
-4421
-7498
-3733
2017
1161
4335
8806
7121
8586
10642
7481
1554
1960
3235
-514
130
-1389
-6557
-7832
-6897
-8000
-7045
-6431
-5529
3443
3011
4438
6892
3063
5651
8759
13749
19299
18978
12970
6309
5227
5916
9824
7615
676
-3661
-8074
-10595
-12197
-9337
-11600
-15070
-12810
-14570
-13024
-8092
-4494
-7078
-6716
694
624
3105
7485
6142
7957
9254
8431
2977
-287
3975
957
-245
699
-4215
-7131
-6459
-6508
-6598
-6256
-3564
3503
3040
4715
6763
2854
5277
8016
12963
19370
19237
13406
5695
4553
4834
9392
8250
676
-3653
-8352
-11358
-12572
-9775
-11880
-16091
-13774
-15280
-14694
-8869
-5727
-7359
-8117
-1172
590
2105
7537
5891
6412
8773
8279
4313
313
3460
1576
-1083
48
-3592
-6765
-7080
-6192
-7240
-6942
-4130
2393
2098
2961
6010
2072
4629
7805
11269
18624
18482
14566
6092
4404
5633
8760
9852
2385
-2207
-7493
-10437
-11582
-10146
-9858
-14322
-13828
-14210
-14965
-9138
-5709
-5823
-7505
-1956
1410
2326
7819
6728
6873
8967
8753
6074
2267
3508
2764
-329
-170
-2861
-5482
-6694
-6514
-6616
-7574
-5921
1334
2105
2273
6275
2561
3226
7571
10016
17454
20266
16163
8700
4865
5826
8501
10410
5492
-955
-5950
-8970
-11787
-10657
-9958
-13699
-14615
-14709
-14958
-11969
-7485
-6895
-8786
-4736
-30
1676
5988
6203
5884
7729
7866
7435
3532
2732
3427
796
416
-1636
-2912
-5185
-6461
-5122
-6873
-6162
1961
3109
1713
5228
3791
1876
7006
10306
15399
19697
16265
9755
4348
5294
7958
9478
6352
486
-4866
-8741
-11523
-11145
-10689
-12673
-14239
-14809
-15517
-13097
-8719
-8410
-9175
-5985
-2345
95
4567
4620
3942
6567
6715
6323
4825
3163
2348
1128
853
-1342
-2021
-3183
-6067
-5470
-5720
-6210
1904
4275
1545
4096
3068
2078
5880
10771
15733
18571
16438
9469
4899
5012
8852
10132
6382
2002
-4544
-8196
-11381
-9816
-10143
-12734
-12351
-15003
-15466
-13107
-9446
-9425
-9777
-5278
-3498
-561
4564
3263
2944
6090
6712
5813
6264
4818
2024
1991
2419
73
-528
-721
-4146
-5082
-4265
-4254
2379
5284
2882
3133
2076
2169
5756
10620
15432
17467
14780
8650
4405
4642
7947
9756
6517
1445
-3952
-7968
-10570
-9841
-9529
-12558
-12141
-13590
-15771
-12784
-10317
-10010
-10092
-5748
-2972
-1801
4117
2939
2136
5690
6252
6285
5539
6583
2942
1605
4012
960
394
605
-2267
-4344
-3788
-2539
1760
5363
4527
2547
1437
1589
4751
9219
14202
16526
13099
8179
4104
3750
6786
8640
6397
1444
-3095
-7079
-10007
-9448
-9772
-12319
-12702
-12360
-14817
-12855
-9900
-10382
-10538
-7823
-3889
-3430
2383
4007
625
4373
4567
4651
4825
6473
4114
479
3492
1752
-806
1021
-1637
-4545
-4207
-2178
-1733
3561
6032
2720
1983
2593
2631
6747
11142
15110
14117
11346
7427
3286
5033
6689
8232
4798
539
-3659
-8319
-9359
-9142
-9416
-11320
-11672
-12264
-14610
-11464
-9247
-9684
-9328
-5163
-3839
-1419
4259
2119
1333
3691
4240
5138
6448
6664
2107
821
2417
-379
1063
2027
-1902
-3729
-3058
-3095
-2026
3350
4073
2351
3763
3399
2254
5518
8305
10309
11448
11107
7338
3704
4151
4972
6397
4504
1799
-2511
-5827
-7910
-7415
-7882
-9516
-8465
-11300
-12213
-9195
-7797
-7690
-7607
-4591
-5049
-832
2854
713
1290
2019
3513
3773
5644
4776
953
1204
1055
242
2710
2071
-624
-1981
-2574
-1330
-415
4273
4908
4280
4966
3118
3057
4218
6016
8213
10118
10069
6397
3388
1815
1983
3751
3144
1762
-1389
-5309
-7879
-8258
-8561
-7719
-7826
-9544
-10008
-8156
-6521
-5640
-4771
-4773
-3697
-630
1866
1881
1760
2485
2635
3096
4175
3235
1769
940
88
892
1935
1248
354
-1566
-2387
-779
-64
1143
421
2349
3388
3582
5462
2151
1307
1660
3384
5052
6126
5646
2234
145
-1372
-403
1001
1583
-685
-3045
-4397
-6079
-4727
-4938
-5837
-4977
-3622
-3844
-3921
-2351
-3318
-2721
437
567
202
2476
3333
726
1599
2565
-179
745
1721
850
848
1579
383
-1434
-947
120
57
534
860
160
753
918
1246
1329
185
1546
2307
2225
2397
551
-529
-2575
-2086
-1308
-838
236
-1318
-2650
-3502
-3348
-2094
-472
-737
-626
777
1297
994
2352
2944
1327
3701
4182
1855
2702
3683
1342
32
1933
586
-1503
421
-701
-2342
-512
-378
-2555
-2628
-1517
-1789
-1560
69
419
636
2421
2224
1891
900
786
1572
917
1441
258
-1193
-1726
-4231
-3465
-4541
-4770
-4679
-5399
-4963
-4978
-4347
-4652
-5241
-4481
-2521
591
2693
3498
4378
3003
4277
7614
7428
8937
10197
8192
6014
5733
5903
2860
3407
3331
596
888
345
-2415
-4352
-3097
-3084
-3153
-1801
-1529
-2853
-1762
-843
-1205
-460
-401
370
-438
-252
12
-1565
-941
-2708
-3684
-3577
-4698
-4221
-5051
-5008
-5163
-5506
-4693
-5695
-4800
-4264
-2563
-1095
-513
997
1257
1835
3405
4141
4395
6012
6217
4986
4304
5015
3904
3054
4408
3388
2540
2858
1457
-194
430
2124
1249
823
1587
436
468
2247
2535
2038
2065
1890
767
304
980
-351
-1114
-1833
-3790
-3725
-4800
-4943
-5571
-6170
-6197
-6651
-6187
-6202
-5532
-4810
-3820
-2602
-1839
-714
283
1246
2084
3215
3487
4296
5620
4583
4154
3892
3230
1559
1692
2320
1256
1597
637
-1454
-1989
-282
558
136
953
1304
645
2220
3837
3119
3189
3462
2747
2285
3195
3407
2096
1075
-675
-1981
-2628
-2709
-3132
-4131
-4451
-5222
-5016
-4934
-4663
-4245
-3627
-2285
-1767
167
685
1162
2221
2076
2953
3620
4792
3937
3148
3033
1658
1162
754
590
81
-405
-470
-1946
-3122
-1951
-1899
-2006
-1021
-376
-241
397
1851
1258
967
2511
1978
1959
2351
2092
1268
206
-117
-1935
-2403
-2497
-3362
-3913
-4393
-4453
-5223
-4569
-4066
-4447
-3055
-2291
-1822
-557
762
1157
2401
2732
2939
3772
4148
4404
3601
4030
2789
2059
2007
944
1350
319
-374
-851
-1994
-1284
-1074
-1641
-1434
-1100
-391
-74
1320
1600
723
1797
2608
2531
2992
2715
2071
646
673
336
-1625
-1234
-1900
-3083
-3396
-3206
-3811
-4603
-3961
-4472
-3970
-2216
-1910
-872
381
422
1246
1567
2203
3205
3703
4197
3614
3569
2602
1986
2092
1196
1754
1659
169
-107
-846
-1039
-812
-1047
-1263
-1261
-322
226
387
1556
653
669
1654
1697
2451
1581
1442
107
-1055
-256
-1648
-2153
-2575
-3384
-4152
-4257
-3614
-4230
-4041
-3849
-3816
-2693
-1866
-675
-32
645
1821
2051
2272
2988
4187
3977
3746
3942
2811
2447
2565
2212
1838
1387
228
-854
-1282
-593
-241
-764
-1362
-1676
-1212
-1047
720
1174
488
811
1128
1529
1750
1767
904
137
49
107
-473
-1764
-2572
-3429
-4105
-3653
-3191
-3414
-3531
-3670
-3577
-3048
-2242
-714
-146
938
1839
1900
2026
2131
3250
3749
3288
3636
3035
1829
1660
1606
1216
662
368
-577
-1566
-572
-217
-1239
-1387
-1403
-1012
-498
1096
2112
752
1351
1707
1539
2425
2525
1776
307
603
-138
-928
-801
-2529
-3377
-3673
-3682
-3772
-3184
-3186
-4395
-3895
-2951
-3001
-1071
409
76
1450
1836
2311
2317
3435
4403
3152
3811
3704
2885
2584
2607
1991
592
867
408
-850
-419
-8
-1027
-1702
-1479
-1085
-946
-18
1406
49
124
1169
328
1001
1575
811
-44
-390
-713
-1808
-1446
-2151
-3613
-3029
-3417
-3810
-2938
-2551
-3543
-3250
-1563
-2048
-1030
1083
444
1118
2838
2968
2396
3476
4405
3075
2963
3848
2295
1734
2784
1896
406
420
847
-1120
-1006
579
-630
-1172
-487
-608
-927
415
2224
1117
551
2214
829
747
1884
900
-248
-597
-511
-2071
-2120
-2059
-4046
-4211
-3811
-4429
-4622
-3152
-3734
-4664
-2623
-2527
-2689
-487
315
-263
1828
3000
1463
2101
3376
2490
2102
3191
2464
688
1484
1676
-461
-220
896
-912
-1644
-151
-504
-1892
-383
170
-944
551
2273
1828
1086
2957
2536
1496
2939
2520
853
852
956
-404
-1098
-663
-1757
-3164
-1654
-2230
-3545
-2055
-2338
-3149
-1928
-438
-915
-584
1605
450
1363
3988
2822
2205
3423
2678
1537
2229
2961
1087
747
2148
-119
-621
840
-232
-1708
-838
-151
-1711
-986
476
-873
-510
1253
930
142
1426
1734
597
717
808
-938
-1605
-1137
-2004
-2422
-2651
-2892
-4206
-4266
-3213
-4597
-3786
-2766
-3365
-2498
-1197
-608
-807
1014
1627
1237
3631
3858
2666
3386
3546
2049
2262
3630
2521
1567
2722
1345
-617
1207
1008
-680
241
652
-689
-1213
633
230
-391
2410
1704
410
1568
1600
1109
988
1654
4
-1124
-411
-1754
-2565
-2531
-3310
-4240
-4775
-4273
-4212
-4434
-3302
-3658
-3683
-2058
-1537
-936
222
1589
1612
1990
3328
2392
2565
3204
2077
1556
2278
2269
1007
939
908
-827
-388
839
-597
-653
-178
-782
-1507
-423
797
-152
2003
2674
1070
2296
2460
2412
2386
2724
1991
629
1102
143
-1055
-1164
-1760
-2563
-2917
-3262
-3447
-3643
-3481
-3109
-3316
-2274
-1677
-1373
-451
498
1376
1367
1982
1913
1465
2722
2627
1812
2247
2053
1147
993
1236
413
254
1055
46
-779
-201
-467
-790
-475
488
154
790
2261
816
1176
1923
1282
1872
1785
1275
128
30
-131
-1461
-1511
-2185
-2842
-2713
-3096
-3496
-3349
-3543
-3240
-2543
-1884
-1121
-923
-188
116
1227
1896
1708
2061
1542
1531
1790
1408
1308
1182
913
236
117
-58
-277
-183
-201
-733
-876
-234
-218
-68
449
785
716
1689
1827
1486
2266
2136
1905
1672
1086
424
-239
-250
-686
-1402
-1888
-2405
-2829
-3063
-3140
-3060
-3138
-3018
-2026
-1950
-1057
-447
-240
356
1083
2098
1883
2184
2069
1347
1165
932
711
406
265
-193
-1082
-1461
-1406
-1151
-1525
-1077
-1229
-1260
-362
-178
189
581
1146
1570
2080
2445
2560
2558
2323
2054
1533
1231
687
317
214
-763
-1512
-1950
-2408
-2568
-2528
-2499
-2629
-2755
-2166
-1568
-1010
-76
248
518
1427
2087
2528
2351
2211
1946
1691
1660
1266
1424
483
138
-181
-1163
-631
-459
-756
-1048
-751
-962
-776
71
418
556
1130
1844
1785
2405
2627
2447
2520
2219
1773
1509
1282
844
521
-28
-1324
-1740
-1694
-2193
-2451
-2741
-3122
-3292
-2358
-1451
-1630
-1159
-895
-902
276
1128
1778
1253
861
1005
847
719
583
508
-547
-821
-494
-1218
-1535
-818
-1567
-2221
-1330
-1062
-1376
-661
72
-294
172
1186
1071
1383
2290
2303
2367
2389
1996
1339
1515
1338
1126
1078
-224
-715
-976
-1343
-1538
-1834
-1903
-2645
-1870
-1234
-1132
-792
-757
-581
-371
871
1422
1266
831
513
647
247
469
551
-177
-972
-772
-970
-1706
-963
-1447
-2422
-2040
-1404
-1339
-1093
-48
-364
-488
524
991
944
1839
2326
1877
2280
2433
1891
1772
1640
1516
1460
972
463
-319
-644
-963
-1385
-1332
-1791
-1579
-1036
-785
-326
-463
-51
127
439
1393
1408
811
377
864
681
493
935
315
-653
-539
-316
-1244
-1026
-824
-1698
-2002
-1395
-991
-1354
-274
-128
-895
-392
377
323
569
1677
1408
1240
1584
1298
1123
1146
1286
973
727
553
-3
-206
-362
-836
-1030
-1014
-751
25
261
430
84
363
989
1153
2338
2122
1404
781
517
936
352
735
210
-899
-810
-683
-982
-1397
-1464
-1803
-2421
-2048
-1025
-1262
-883
-235
-531
-416
201
492
204
794
1249
832
1024
659
349
-81
-73
219
-318
-277
-703
-998
-1097
-1355
-1587
-1761
-1201
-542
146
899
394
391
1054
834
2034
2599
2158
1656
1157
1442
707
905
1078
-408
-481
-304
-597
-796
-1065
-1295
-2261
-1724
-872
-1117
-716
-607
-573
-728
-320
193
-304
175
578
201
299
-3
-18
-844
-929
-271
-1209
-757
-1158
-2012
-1744
-1997
-1771
-2384
-1391
-873
-909
574
107
47
720
1094
1658
2343
2724
1754
1398
1895
1715
1524
1978
1149
328
622
620
646
209
469
36
-455
516
576
638
732
869
723
383
1233
1091
538
1251
866
402
475
523
-175
-778
-183
-1019
-1182
-711
-1339
-1671
-1722
-1681
-2682
-2184
-806
-1307
-216
25
-729
-485
-79
816
705
1460
1258
11
571
694
632
549
541
-23
-552
151
445
57
16
353
-300
121
1185
1193
1154
1300
1599
804
1274
1848
779
981
1117
668
517
870
389
-870
-563
-747
-1554
-1025
-1333
-1899
-2157
-2360
-2727
-3307
-1659
-1707
-1533
-768
-1562
-1254
-1261
-233
-61
67
627
-683
-411
-324
-303
329
55
0
-580
-455
88
1
221
328
220
422
794
1200
1340
1439
1674
1339
1340
1888
1346
1421
1607
1155
1299
1242
1169
228
253
207
-496
-210
-455
-887
-1143
-1227
-1506
-1940
-1323
-960
-1104
-710
-736
-969
-928
-552
-378
-198
251
-126
-518
-421
-694
-316
-139
-344
-326
-510
-205
-325
-119
32
34
591
677
717
1195
1285
1453
1606
1392
1803
1648
1792
1854
1383
1543
1418
1379
856
782
673
-83
22
-363
-517
-630
-932
-1110
-1823
-1556
-1021
-936
-605
-640
-719
-1043
-652
-462
-478
-102
-255
-720
-763
-886
-1067
-883
-1038
-923
-737
-851
-770
-932
-752
-593
-77
474
314
765
990
1168
1373
1235
1535
1394
1682
1813
1400
1518
1451
1485
998
792
734
96
85
-41
-255
-290
-563
-886
-1539
-1510
-1067
-784
-441
-465
-558
-856
-623
-368
-172
84
-128
-215
-541
-366
-463
-514
-436
-715
-525
-639
-489
-563
-450
-471
-556
194
306
712
1100
1012
1048
832
1234
1131
1197
1485
852
820
946
747
352
48
-30
-450
-515
-488
-752
-645
-597
-747
-1226
-1236
-1204
-717
-224
-68
-194
-376
-307
-313
17
323
327
-44
-252
-341
-506
-541
-398
-927
-941
-744
-700
-540
-487
-328
-630
-22
433
624
1016
960
1033
751
1043
1272
1133
1494
1154
814
1006
682
430
239
222
206
39
122
-298
-443
-186
-454
-359
-503
-65
-199
950
583
2423
1654
1121
759
-2050
-1020
-2713
-2158
-1446
-12
-328
649
-157
-740
-940
-1870
-1612
-2037
-1410
-656
-368
1235
2260
2214
2457
2519
882
1072
545
-61
454
250
561
467
828
939
532
345
-24
-921
-1638
-1653
-2298
-1860
-1007
-491
-114
-81
81
-569
-430
-896
-1033
-1295
-768
-44
-24
1168
899
1067
744
523
104
-314
-205
-521
-169
-343
809
813
2107
1405
1463
182
-731
-704
-1489
-69
239
1222
899
1424
661
662
38
-422
-602
-535
-607
-517
159
-77
595
293
153
-243
-370
-488
-1038
-1112
-1152
-1312
-719
-325
-128
-211
-201
-151
-621
-359
-272
-683
-754
-688
-797
-216
51
230
-219
-275
-351
-321
-186
35
157
529
531
1093
1478
1410
2117
1148
1712
1041
1554
1253
805
733
310
727
471
308
380
805
-319
666
-620
-1178
-550
-746
433
-317
894
-111
-592
-30
-1174
-781
-1239
-398
-1164
-263
-670
-930
-1431
-2319
-2212
-2791
-996
-1285
-230
-1432
-240
-373
-485
25
161
710
747
1227
1180
1901
1656
1465
1287
1136
1738
1266
1101
775
87
14
-146
-622
-89
-507
-741
-228
-358
-1035
-135
-228
-264
127
284
818
659
699
939
981
272
1304
802
853
1258
1118
74
217
139
-748
-187
-159
-388
-614
-613
-74
-462
-792
-601
-482
-885
-337
918
241
1385
548
-38
-71
655
-568
872
-473
-58
-113
-815
-1793
-853
-1538
-1645
-879
-518
-400
-472
-1168
-101
808
-727
1325
712
89
1030
-149
-1128
840
-291
-184
1713
524
-12
464
-2305
-415
-914
-522
-1076
-489
-991
186
-451
-653
838
-519
-669
14
-208
961
294
189
565
287
-431
1195
-939
-3
683
-693
434
-33
-627
-200
615
-2761
779
-605
-995
507
331
360
2501
44
-182
616
-451
1108
792
890
1502
1338
573
941
1918
-783
821
375
-786
420
-60
-807
139
684
-1703
2625
-1632
-77
399
-2846
2677
-1627
2211
-1042
3241
-3827
5006
-1703
-563
1655
-2467
1594
-855
115
330
-181
-1456
-2177
459
-2430
1307
-2673
30
-1472
-1144
999
-2367
3292
-769
2170
-891
1106
-324
-216
-743
1172
2411
-984
3164
22
-480
812
-1066
-1847
616
-455
-930
2972
-438
748
990
-1326
-404
1890
-3356
3994
-1595
696
1781
-951
764
1018
-1406
-1534
1048
-4588
1266
-2436
-2099
160
-2179
190
-2129
324
-1833
-494
-1736
-547
1629
-3137
2729
-477
3100
-701
2067
-418
2155
-770
321
378
1816
-1599
2036
-2246
1993
-545
-638
452
-1610
2709
-3664
4920
-5428
6072
-5690
4981
-2119
2686
-779
1196
746
-732
3867
-3387
5710
-5089
1364
1023
-3410
1526
-1836
-515
-3046
2539
-4534
3624
-4037
530
-930
-501
488
-1198
2959
87
-62
399
1378
-2866
5509
-3040
4876
-1002
3170
-4453
4549
-6470
4920
-2630
1771
-305
303
-1434
375
1089
-2135
3058
-2658
3387
-1703
3057
-80
2105
-34
655
-2509
2542
-2311
1370
-50
-607
279
-2723
-789
-1842
150
-2752
480
-2556
1314
-2500
-908
1948
-1365
1688
297
-103
1300
174
-1229
3243
-1541
1682
434
-822
480
1253
-3079
1971
-1674
583
-2447
926
-1185
-98
-1050
1156
550
-118
1647
-1919
1415
1000
437
207
2528
-1175
2201
-665
933
1518
-1138
-569
-128
-2482
1688
-3386
1798
-604
775
-1759
1303
-1825
-390
234
-1605
2091
-263
23
2689
-2491
3828
-3485
2603
-2612
2036
-2272
763
-721
155
-2398
7
-2083
-25
-2995
1286
-3055
3093
-3585
1691
-2425
237
1781
-2536
4058
-348
1783
-1108
3638
-4835
6310
-4427
4239
-1114
828
-2692
4083
-5337
2195
-966
71
772
137
-779
1800
-2523
1438
1037
-307
1662
973
1690
1493
-1193
2665
-1823
2713
-1365
3367
-1848
1453
-2021
-509
-734
-1651
2718
-2935
2571
-2514
557
-2176
168
-1482
808
1034
-1410
3657
-99
1077
-1664
1777
-1164
860
143
-462
2154
-1710
1542
-3086
632
-111
-2668
479
-229
469
-106
772
-2499
1252
579
-482
2892
-606
1447
1270
-679
898
895
-292
1349
-1621
1252
-789
1150
-1858
94
-2807
9
-1952
-57
-327
-1406
-384
-1535
-495
-1138
-898
1193
19
15
321
3
-1320
739
-2651
1057
1324
-1690
2011
-1735
176
-1832
531
-2923
2368
-2843
2700
-1773
2079
-1162
2100
39
667
-1114
1627
730
441
3539
-239
2617
-284
-346
-45
654
-105
1063
-32
-2698
1348
-1985
-1013
1333
-181
-443
-706
-635
-1141
-720
-472
552
719
-377
1991
-169
-469
3255
-4519
4155
-3901
2316
-1801
3693
-5236
5108
-3742
-441
1474
-3494
1946
-684
1225
-2606
2529
-2036
2276
-1081
205
1277
702
2489
-1178
3684
-310
741
-1379
1790
-1796
1919
-682
-1585
3778
-3472
1416
-2122
435
-3670
4342
-6025
4842
-972
-1074
-713
201
354
324
993
-875
2757
-2718
2381
-1887
2197
-1266
-725
1624
-1713
-263
-456
-698
-1897
506
-1146
-437
939
-1419
213
-526
1450
-487
1469
1116
728
1431
-1296
1116
718
588
-225
2394
-1109
1409
504
-2449
2524
-2794
1396
-1337
1084
-2152
3058
-2870
435
2278
-5603
7435
-5671
3875
-2798
1116
-595
-425
169
-1928
3878
-6221
6069
-7367
4182
-3840
720
-1476
-274
-721
-1102
1342
-2990
2301
-1192
-229
133
2230
-2704
3147
-911
164
3470
-2759
2310
1115
-188
-715
3833
-4399
3669
-2116
-880
2219
-754
750
1015
-1767
-1235
1201
-3607
4514
-2557
2947
-687
-235
818
-1848
844
-801
2184
-1241
2918
-3030
1571
-1821
-836
-258
-687
-592
-1384
-285
-2002
652
-2430
775
-1976
1527
-1959
2739
-1490
925
-401
1676
-716
3199
-1142
805
1965
-1555
2349
-878
1265
-806
1266
-1833
1843
-893
1301
-196
57
-137
107
-336
931
-195
2956
-1044
1718
-2355
2597
-3641
5014
-3766
3954
-995
120
-485
218
774
-2866
3699
-5192
3797
-2352
-527
1565
-1729
938
-206
174
-1162
2125
-1667
467
3794
-5065
6211
-6117
4915
-3149
3762
-2640
2534
-1818
25
2306
-5658
4303
-3204
3283
-2965
27
480
-1426
2021
-3676
4715
-2928
2445
-1600
162
611
-1273
2365
-2546
2511
-1289
9
-178
-2389
1449
-2478
-654
-871
900
-1119
743
-1400
-1733
-236
-4309
2950
-1294
629
1179
-402
163
-699
1183
-267
1534
-945
1666
-274
-189
-63
1488
-850
-32
643
-226
-1096
2355
-3035
3374
-2413
1219
-1147
102
1271
106
1692
-909
2925
-2963
3039
-4068
3681
-2285
2900
-801
96
-425
-2198
707
-1426
621
-36
945
-2036
710
-612
-1238
2266
-2534
2051
-2713
1605
-277
839
-835
1326
-3053
1983
-2458
630
-502
402
-773
521
-2026
-1488
2006
-3421
4046
-2963
1714
-189
-241
-233
1041
-125
781
1502
-2097
3646
-1574
2066
-64
2073
-1149
3408
-553
-272
1927
447
-801
3565
-1617
1611
1066
-1119
923
1863
-1929
1633
2137
-2723
4914
-2769
1482
-450
-78
222
859
43
-652
906
-1616
-748
-112
-1582
500
-1973
198
-2492
1683
-3507
589
64
-2510
2118
-2736
189
-575
27
231
-945
1218
-3137
3480
-4027
3684
-1760
1257
-1044
527
-51
-2000
3141
-4210
4683
-3736
3437
-2439
1275
-1157
132
770
-728
2552
-3004
3854
-4152
3643
-3090
3301
-2773
3101
-3066
2203
-1995
24
115
-403
-891
973
-643
-663
213
-985
-183
145
-801
60
-667
592
-1542
1563
-2300
2019
-2688
2755
-3987
2668
-2749
906
272
-800
699
-405
547
-106
713
-1043
2040
-1438
1700
-300
642
210
1708
-1241
2788
-478
1922
1013
-1325
1311
622
50
954
1163
-901
1465
-604
765
676
-1766
2058
-1701
81
460
-1383
-388
77
-552
112
887
-2160
1062
-445
-2910
2115
-2353
1405
-642
666
-1152
1032
28
-2170
2656
-3525
4607
-3860
3262
-2426
2011
-2178
1689
572
-923
3018
-3756
4897
-3403
3399
-1379
2450
-1259
675
1631
-161
2098
-1800
1925
-694
1
-67
1219
-546
519
380
-1189
1088
-294
-1552
2595
-2973
2160
-1215
-2229
967
-1159
-1160
-921
1039
-3384
2069
-4128
1327
181
-3443
2999
-3439
794
-973
1217
-2265
4582
-4818
3068
-500
-1247
1429
-1057
-651
3074
-1408
427
1754
-289
-797
1661
-1889
1116
1102
-2157
2288
-1284
1155
-1022
402
-445
74
420
-1384
2133
-999
-7
-581
-785
45
-304
-208
949
-1958
686
-1784
-296
-2322
2544
-3992
2508
-1139
-1989
1729
-2969
2209
-2108
2429
-2430
3264
-1842
712
3130
-3272
4212
-2705
3936
-1918
3126
-983
1470
1863
-2583
4138
-3100
4161
-1796
2333
-2032
1596
-651
701
1246
-2430
4512
-3510
2266
-1250
641
-1222
881
327
-1565
1070
-2164
745
-2938
1750
-1478
1579
-1945
70
14
-305
-1835
1644
-1830
1337
-815
919
332
56
845
-1657
3075
-3108
4209
-2381
2652
-769
983
1373
-2434
3457
-4472
4147
-3525
4383
-2048
2217
-1075
-229
366
-1304
2127
-2985
3192
-2152
449
84
686
-960
1063
-2361
495
-949
-695
-1012
1680
-2861
1644
-2250
-649
-1388
-864
-886
157
19
279
1078
-2314
2296
-2603
1736
-505
1735
368
1949
-323
1889
-315
-486
1574
-429
1105
-576
2509
-3278
3959
-3494
2153
-1084
259
-842
376
-196
-1736
3573
-5186
4238
-4164
3000
-2384
1317
-181
-1087
1183
-3463
3165
-4295
2508
-2318
-2
-356
-1031
935
-1999
1221
-1429
525
-654
-374
1095
-590
1955
-1412
1927
-1395
2397
424
-688
2401
-2519
3899
-2969
3463
-2062
1742
-1582
525
233
-894
1864
-2254
2730
-2358
1524
-1583
432
-840
-233
1795
-2056
2721
-1843
-626
758
-1717
1627
-2074
1295
-2717
672
-897
-196
-1043
-221
330
-1313
515
-1323
2178
-2558
1565
-613
765
944
635
1161
934
1366
-2625
4749
-2590
3100
-567
1592
-753
2223
-1266
827
1441
-2057
1642
-1136
343
-346
948
-242
595
1031
-1547
1303
-1492
1797
-1199
1680
-950
603
182
-1410
1692
-1980
857
-1222
30
-1529
-216
-787
374
-496
-949
262
-971
-268
870
