76
-148
-146
-192
-275
-237
-161
-189
-52
86
14
-67
-61
-142
-280
-196
-89
-99
-99
-286
-282
-195
-360
-491
-423
-159
19
72
-58
22
153
37
-158
-328
-237
-152
-39
-4
-28
-40
88
134
6
-64
-196
-31
286
344
194
-54
80
181
66
86
279
377
542
647
648
472
340
280
32
-46
-81
-84
18
114
287
178
101
-11
-63
190
402
504
517
468
515
329
125
152
123
140
27
6
17
160
138
85
47
34
129
130
54
8
-93
-45
133
151
-75
-423
-383
-308
-255
-436
-371
-111
-10
-17
-57
1
304
554
444
231
59
-54
48
105
-19
-68
-162
-211
-112
-116
-124
-8
188
187
213
-8
-209
-365
-387
-181
-119
-87
-285
-456
-448
-268
-139
-144
-157
-75
149
224
203
-60
-325
-231
-260
-417
-508
-439
-302
-184
-83
-157
-53
120
-30
-137
-209
-270
-65
88
318
304
210
157
28
34
31
-147
85
368
274
285
182
189
95
23
-22
-144
-139
-73
20
160
61
-12
-249
-406
-364
-356
-340
-411
-325
-215
-49
37
33
-81
-96
-79
180
303
227
205
127
37
-90
-252
-302
-145
172
277
254
11
-300
-239
-131
-35
-130
-106
187
394
315
135
42
247
393
495
467
258
258
250
229
106
16
54
150
185
166
99
25
288
249
67
-80
-229
-82
104
251
8
17
180
119
136
-54
-216
-276
-222
-80
18
182
312
96
-183
-263
-328
-103
144
-12
-37
177
301
14
-240
-166
-7
229
116
-295
-127
88
298
211
-11
112
115
386
258
49
27
131
123
-129
-399
-271
-362
-490
-548
-413
-263
-50
208
137
188
141
52
4
-158
-135
-17
-53
117
244
243
62
-69
-167
-63
101
47
137
2
79
19
-193
-419
-583
-544
-447
-296
-130
-203
-272
-176
-293
-182
-267
-396
-335
-184
48
85
-31
-93
-5
181
408
324
468
614
588
545
420
159
86
110
182
206
146
122
112
157
273
197
-12
71
47
-90
-95
48
55
287
274
120
-10
74
63
-148
-103
-204
-215
49
233
239
45
-20
-142
-127
-124
-210
-171
123
90
-46
-54
-137
27
-50
-254
-342
-223
183
290
97
-58
-152
-102
-86
16
26
-3
140
61
-89
-343
-267
-148
-182
-358
-395
-379
-272
-187
-54
-76
-176
-179
-260
-424
-256
-97
-54
187
152
77
141
48
-153
-155
-40
146
273
348
-48
-264
-184
1
8
-38
-54
-149
-170
-209
-115
-75
-93
44
157
287
462
443
292
307
338
308
231
261
436
569
462
132
-143
-201
-138
83
268
421
548
530
464
307
90
54
-75
-206
-182
-119
38
235
335
318
274
90
-264
-357
-150
-60
-25
-108
-136
-142
-221
-116
-133
-168
-54
0
-4
-158
-217
-252
-401
-384
-463
-499
-491
-259
-156
29
106
119
213
136
-8
-54
-142
-150
109
-52
-59
-82
-29
-91
-383
-495
-473
-308
-228
-157
58
433
319
283
175
161
213
275
272
-20
-179
-186
-26
79
52
8
84
193
104
-84
-271
-280
-143
-68
143
232
238
147
28
-145
-226
-203
-237
-161
-69
-50
36
112
231
184
95
206
185
63
59
-62
82
197
167
119
49
117
-17
-253
-288
-36
197
184
125
166
142
-49
-85
-125
-157
21
335
307
192
33
-62
161
287
315
297
276
273
7
-258
-219
49
129
301
200
17
80
287
232
215
156
-60
-167
-296
-288
-243
-115
230
454
419
286
216
154
241
264
147
186
85
-167
-244
-122
-199
-374
-419
-184
160
78
-14
-86
-316
-245
-166
-307
-455
-499
-753
-653
-455
-326
-261
35
219
191
-122
-214
-65
86
83
-99
-255
-376
-411
-468
-280
-162
-215
-83
-40
-145
-166
-111
-93
-150
-237
-256
82
70
56
5
-4
17
77
113
162
81
228
514
565
426
220
52
106
243
283
436
469
478
212
-8
-219
-260
-184
-26
185
277
480
389
57
-197
-109
-113
-244
-368
-242
-241
-222
-168
-32
84
-24
57
-133
-213
-142
-157
-167
-25
-15
-59
-20
-178
-286
-212
-212
-82
15
107
50
282
492
515
415
345
99
-129
-99
70
290
318
375
300
308
310
155
-4
-164
-180
-4
131
149
99
265
423
203
-119
-85
-47
-9
96
280
309
285
68
25
71
-171
-336
-217
-54
53
13
-218
-315
-226
-137
-55
158
253
158
61
3
-295
-529
-382
-402
-340
-177
-207
-68
-29
-81
-20
65
106
94
-4
73
74
210
115
-28
-187
-49
4
-262
-354
-153
133
117
-21
-60
95
232
283
205
201
161
34
-106
-396
-402
-143
-4
69
192
205
189
163
-32
-149
-188
-293
-255
-218
-13
47
140
113
-15
-81
-108
-76
-138
-59
-231
-135
-144
-179
-87
6
173
187
160
85
140
46
69
50
-30
-66
-124
-62
-73
-189
-37
74
97
-96
-234
-366
-366
-198
-45
22
216
309
280
189
53
20
148
226
20
-24
-153
-73
167
122
1
-12
-55
39
149
229
65
-56
-96
-193
-108
-24
-29
-188
-83
-125
-288
-244
113
471
535
448
519
310
143
210
162
202
121
69
-18
43
137
89
-123
-20
342
325
108
-104
-142
82
170
294
150
-48
-182
-88
-78
-101
-11
111
227
214
6
-254
-155
-102
-120
-214
-220
-7
223
125
-150
-405
-526
-554
-479
-378
-161
105
336
244
14
-375
-485
-281
-374
-242
-93
132
263
282
158
40
-179
-352
-324
-241
-43
177
402
190
-47
-216
-305
-88
-91
-183
-244
-335
-230
2
40
127
243
324
374
276
256
311
396
414
123
-139
-188
-151
-56
-8
20
75
230
321
70
-35
-110
-204
-307
-341
-270
-224
-94
59
32
-94
-84
-164
-3
107
177
184
283
222
200
275
2
-266
-104
162
227
306
443
294
279
107
-91
130
-42
-91
117
133
-58
-204
-270
-119
79
337
452
337
252
154
156
34
-2
87
156
-34
-79
-50
-78
-59
-229
-307
-273
-110
-101
-150
-316
-297
-364
-361
-266
-379
-351
-307
-278
-151
133
201
174
219
72
83
167
84
-13
-159
-276
-58
65
-238
-432
-53
378
345
174
-120
-279
-215
36
86
52
-27
115
221
88
-166
-92
134
216
82
141
153
140
200
174
304
47
66
-38
-26
-14
-126
-111
-296
-416
-579
-542
-318
-179
-173
-109
43
59
135
392
425
381
223
50
-115
53
272
251
333
352
459
421
288
201
173
141
108
166
322
380
300
62
-91
-12
134
281
196
-42
-68
124
130
-22
-127
-138
-95
-84
-28
-24
-8
194
-2
-388
-626
-371
-87
-61
-190
-235
-271
-225
-197
-299
-349
-436
-337
-197
-70
-164
-213
-173
27
101
25
64
-84
-206
-331
-314
-157
2
86
36
75
118
-63
5
-125
-205
-227
-128
-1
-7
59
69
106
86
92
127
249
332
230
51
142
242
276
93
-55
-23
-140
-197
-240
-167
-161
-89
19
87
34
4
82
23
-118
-100
4
-147
-186
-251
-194
-179
-200
-232
-70
148
214
258
266
166
-8
-28
-19
100
105
-16
-10
-17
-95
-277
-144
-66
-264
-346
-155
-186
-230
-48
70
129
290
236
118
294
241
326
326
279
370
413
285
-56
-150
-35
75
276
545
298
157
198
77
237
271
198
205
228
174
199
224
285
156
201
378
412
504
433
214
-71
-10
20
-123
-239
-188
-117
100
125
-22
-348
-384
-236
-300
-336
-259
-9
31
-30
-268
-409
-321
-392
-415
-294
-110
-17
-110
199
226
251
-16
-224
-262
-377
-310
-203
-206
-59
71
-127
-259
-363
-398
-332
-357
-313
-357
-222
-126
-142
-189
-176
-111
19
179
77
277
370
511
442
203
71
51
307
255
17
-33
78
-9
60
-38
-178
-102
130
317
288
97
73
4
4
-115
-276
-227
-191
-416
-363
-203
-178
-82
61
321
308
215
-42
-150
-145
-64
104
142
137
81
37
15
-22
-86
-44
153
297
145
24
43
49
-30
23
95
-11
74
150
297
178
35
-209
-96
-83
-92
-161
-336
47
297
294
146
185
120
76
6
-193
-179
87
209
96
-13
265
645
529
258
143
289
434
281
-10
20
-78
-48
-96
-289
-135
28
104
-124
-255
-440
-570
-574
-524
-312
-152
-49
-59
-319
-550
-444
-326
-41
133
85
130
262
493
312
-20
-86
-54
91
185
347
308
117
78
131
136
-77
-165
-12
59
73
103
-35
-113
-4
5
42
179
295
140
61
-89
-156
-275
-265
-273
-254
-194
-115
-57
-158
-183
-195
-236
-300
-152
-155
-183
-247
-294
-391
-111
48
67
47
4
78
22
-78
-258
-137
-20
161
416
513
333
152
-80
-262
-398
-203
56
409
597
359
241
221
77
-225
-304
-160
215
563
452
328
368
188
-22
31
-85
-109
-163
-22
190
362
235
-53
-39
-98
-121
-73
-165
-156
-8
-82
-74
-168
-205
-188
-220
-230
-205
0
356
526
467
255
79
65
-44
-69
183
388
519
403
199
92
-86
4
-17
-10
-31
-149
58
-38
-44
-51
-127
-237
-278
-126
-156
-340
-308
-74
112
13
-43
25
40
-14
-182
-295
-472
-193
-31
67
88
230
345
268
52
-207
55
164
177
161
43
196
-22
-341
-461
-538
-198
77
-62
-86
-28
153
237
64
24
-33
-38
12
-37
-248
-348
-351
-254
-214
-175
24
121
212
137
168
129
261
282
183
88
149
205
377
419
198
338
450
329
123
51
260
411
158
60
-104
-206
-126
-95
-127
-111
-161
-212
-218
-338
-383
-463
-453
-93
-131
-419
-497
-482
-210
16
57
-110
-167
-31
58
227
214
-20
-365
-505
-352
-433
-242
1
179
314
472
448
339
23
-83
-161
-77
21
5
26
-81
-150
-260
-269
-190
-4
105
45
32
3
-144
-246
-169
18
-95
-6
-66
43
67
-101
-330
-240
-39
-182
-191
-186
-38
105
92
46
12
115
462
483
284
54
51
245
228
170
113
307
232
-29
-117
-76
215
209
271
235
335
399
268
150
263
406
481
599
605
423
302
164
89
194
289
223
174
304
342
382
222
281
250
-116
-278
-116
-209
-383
-444
-220
-33
-8
-69
-339
-283
-371
-610
-731
-602
-224
-25
-110
-86
0
58
172
100
45
13
-25
-97
-45
184
174
66
-155
-225
-339
-132
119
143
132
-143
-324
-336
-266
-261
-40
61
266
-49
-320
-411
-508
-500
-395
-255
-210
233
182
94
-58
-222
-288
-238
-82
-38
-62
25
-27
-64
-196
-283
-189
-44
197
286
165
254
148
-156
-145
-147
142
297
435
431
337
233
-57
-53
-243
-302
-188
-42
9
42
-179
-236
-225
-147
-102
-39
305
222
-40
-227
-77
-43
-22
17
23
-15
119
385
427
304
245
248
24
-120
-218
-225
-131
19
189
297
199
194
44
-85
145
36
-39
81
-17
-87
35
7
94
276
514
588
469
244
129
37
17
292
315
358
182
45
1
43
60
-44
-170
7
90
84
76
-13
-32
-77
-113
-323
-278
-105
228
74
-42
-12
37
129
22
103
121
147
161
-181
-318
-308
-260
-302
-492
-402
-85
86
113
83
-85
-38
-178
-146
-225
-160
-121
-55
129
174
261
-52
-282
-249
-4
29
-28
-16
-15
59
97
66
-39
-49
-125
-107
-58
-97
10
-77
-81
-219
-180
-41
-8
26
-23
-33
111
83
108
126
26
246
393
217
-51
-264
-398
-461
-376
-288
-68
175
216
27
-267
-427
-564
-594
-633
-546
-488
-310
-123
60
118
226
440
428
202
-2
24
99
175
119
175
-29
-48
-2
-121
-53
16
60
145
99
128
179
125
40
-87
-126
-73
139
-3
-30
19
80
269
399
350
96
-82
-152
-5
106
174
74
68
105
76
-14
193
313
257
333
278
131
74
-68
-71
29
23
189
294
501
163
101
124
204
369
303
193
200
199
221
137
-114
-237
-377
-401
-247
27
19
-132
-112
-60
-116
-45
16
-47
-11
-69
-73
-96
-37
5
-39
-32
103
286
397
325
217
165
36
-58
-45
-55
-118
-16
50
-123
-192
-149
-114
-12
130
-24
-61
-258
-408
-397
-209
107
183
155
182
182
-131
-392
-168
-63
-149
19
-4
73
-22
-122
-225
-270
-183
-124
-157
-94
36
-97
-184
-226
-49
-28
21
-105
-133
-56
81
52
-25
126
-40
-25
-149
-122
-33
111
61
-90
-197
-267
-368
-479
-257
-113
113
250
122
-98
-137
-124
-9
95
-30
-85
-60
130
259
173
-37
127
341
386
456
290
176
103
7
-206
-326
-169
-182
-95
32
133
55
-56
-26
-14
201
265
234
26
-225
-288
-264
-158
232
378
396
412
193
-33
-140
186
317
171
-178
-283
-126
-13
157
-2
-309
-307
-471
-557
-489
-452
-326
-207
-59
-101
-258
-150
-126
-112
138
366
361
472
190
-55
58
310
291
317
405
301
277
28
-112
83
207
154
166
239
269
157
130
192
149
151
82
-138
-303
-143
79
51
-89
-138
-195
-134
-18
-44
2
-34
-28
-3
1
105
38
188
113
-103
-242
-383
-296
-146
-118
-17
-13
44
226
231
136
142
143
203
14
-195
-172
-204
-58
-37
-54
-109
-70
10
127
96
-9
53
-105
-126
-48
77
13
59
108
173
265
244
282
277
308
432
298
84
139
52
76
64
165
93
-189
-248
-219
-130
-137
-63
69
123
163
92
-76
-18
-129
-350
-588
-548
-283
-229
-378
-460
-161
-22
-42
-100
-60
42
204
207
144
98
58
47
23
13
-96
-245
-70
91
157
41
-116
-206
-255
-152
-25
116
160
123
92
-1
-59
-73
-147
-229
-179
-246
-298
-241
-26
4
28
111
-106
-119
6
92
8
-36
-124
-70
-45
-119
-260
-337
-110
52
259
166
-15
265
300
323
107
44
110
174
148
-80
-19
70
239
228
44
4
50
-12
28
-152
-373
-320
-20
246
177
156
120
199
318
264
173
98
212
418
333
141
97
122
246
227
54
-107
-103
28
17
-55
-118
-88
-50
-68
-14
-108
-156
-78
-147
-250
-476
-418
-159
-52
-236
-186
-116
62
62
-108
-37
-46
41
-27
-37
61
127
140
-130
-206
-184
-97
171
164
117
67
29
23
-8
-1
31
62
-58
-89
-88
10
155
237
268
280
-7
-42
-34
-28
69
25
2
-24
112
140
5
-30
36
123
149
4
-33
-122
-97
14
103
90
14
-8
-76
32
45
75
118
198
122
107
-186
-544
-394
-312
-91
-16
-122
-134
-141
-229
-249
-322
-180
-101
-160
-65
-113
25
24
-197
-121
16
144
169
229
225
383
456
413
32
-238
-318
-375
-316
-245
-112
-7
157
-97
41
-124
-91
39
-198
-286
-169
78
217
20
-98
-47
-35
-45
-37
51
212
562
629
643
533
438
360
32
-289
-334
-364
0
319
384
337
388
271
-55
-163
-131
115
222
431
369
112
-61
-213
-325
-314
-87
62
97
131
65
32
-120
-248
-263
-196
-161
-188
-185
99
234
237
225
206
-8
-213
-349
-91
168
115
274
105
45
63
-18
-137
-43
260
356
275
154
198
129
210
17
-66
-21
-40
-197
-242
-264
-268
-197
-123
90
-93
-5
-181
-279
-389
-422
-465
-232
-205
-173
53
86
231
188
477
423
295
-118
-219
-471
-393
-224
-96
-176
-357
-222
-304
-44
-239
-268
-390
-335
-463
-435
-311
85
-11
8
119
216
410
334
273
349
294
106
-131
-219
91
49
111
170
258
184
195
122
-122
-312
-377
-122
-20
260
173
124
65
-28
-111
-142
-214
19
433
241
96
-108
-434
-547
-732
-513
-122
95
395
393
441
322
94
-145
-344
-398
-196
-91
118
309
400
136
151
396
420
259
179
152
159
289
136
203
202
54
8
-116
-124
20
38
-20
-76
-69
-292
-388
-452
-388
-428
-129
-73
-59
-254
-372
-286
26
41
-61
-71
-8
143
211
229
402
472
288
321
189
323
242
512
184
283
371
308
396
392
330
336
246
430
565
613
529
476
296
161
-6
-4
225
134
199
346
502
450
111
-199
-292
-464
-515
-447
-356
-506
-608
-859
-736
-732
-733
-813
-765
-669
-428
-514
-800
-773
-837
-721
-683
-547
-578
-408
-303
-67
-237
-263
-267
-166
-316
-441
-445
21
588
694
941
1011
1313
1328
1431
1491
1584
1753
1935
2021
2149
2144
2156
1958
1764
1388
876
511
186
96
-209
-761
-1326
-1944
-2120
-2143
-2249
-2081
-1956
-1991
-2039
-2177
-2451
-2601
-2479
-2528
-2550
-2562
-2562
-2406
-2261
-2329
-2308
-2120
-2063
-1915
-1855
-1801
-1405
-303
1563
2750
3811
4181
4452
5186
5442
5513
4803
3933
3315
2795
2669
3108
3652
4102
4244
4182
3631
3100
2423
1562
597
-705
-1765
-2630
-3049
-3445
-3774
-3883
-3670
-3530
-3540
-3554
-3765
-3867
-4150
-4447
-4423
-3921
-3383
-2969
-2708
-2372
-2322
-2349
-2412
-2625
-2927
-3176
-2877
-2445
-1983
-1417
-1065
-578
-172
886
2127
3358
4228
4177
4555
5051
5818
6107
5677
5401
4873
4305
4444
4782
5432
5457
5569
5283
4813
4167
3000
2153
1104
4
-1400
-2181
-2474
-2741
-3370
-3423
-3368
-3405
-3560
-4123
-4286
-4545
-4641
-4913
-4734
-4327
-3838
-3384
-2992
-2731
-2390
-2464
-2381
-2094
-2349
-2438
-2811
-2881
-2593
-2390
-1974
-1529
-1115
-749
-790
-529
537
1532
2734
3313
3615
3980
4645
5537
5780
5659
5055
4521
4438
4759
5336
5363
5253
5373
5184
4866
4010
3017
2116
794
-397
-1452
-2249
-2843
-3292
-3684
-3712
-3804
-3929
-3825
-3840
-3929
-4285
-4651
-4616
-4358
-4084
-3958
-3555
-3193
-3014
-3054
-2936
-2467
-2593
-3095
-3300
-3518
-3418
-2999
-2597
-1921
-1692
-1521
-1565
-1319
-753
432
1699
2848
3179
3434
4033
5073
6289
6386
5983
5414
5489
5616
5606
5841
6140
6107
6069
5726
5697
5121
4294
3239
1669
398
-940
-1823
-2558
-3114
-3332
-3403
-3495
-3673
-3767
-3771
-3773
-4084
-4673
-5203
-5212
-5127
-4910
-4738
-4669
-4222
-3688
-3176
-2861
-2702
-2990
-3272
-3552
-3905
-4106
-3629
-2875
-2006
-1526
-1315
-1169
-816
130
1060
2443
3272
4073
4750
5456
6522
6758
6712
6237
5847
5845
5981
6524
6939
7049
7173
6707
6475
5807
5012
4060
2593
1097
-296
-1395
-2234
-2836
-3118
-3220
-3373
-3550
-4128
-4209
-4446
-4788
-5185
-5696
-5685
-5867
-5997
-5868
-5581
-4901
-4535
-4272
-3943
-3673
-3727
-4274
-4711
-4769
-4628
-4232
-3658
-2857
-2160
-1661
-1072
-869
-253
526
1391
2820
3770
4797
5382
6032
7005
7459
7623
7090
6587
6426
6519
7102
7083
7168
7084
6640
6308
5321
4309
3179
1879
358
-1180
-2568
-3288
-3775
-4079
-4173
-4163
-4422
-4634
-4594
-4682
-4850
-5323
-5954
-6043
-5877
-5789
-5343
-4813
-4261
-4017
-3813
-3474
-3346
-3329
-3434
-3884
-4134
-3891
-3409
-2906
-2040
-1485
-1106
-431
107
826
1545
2201
3189
3741
4551
5387
6111
6854
7268
7491
7390
7062
6504
6021
5986
5945
6013
6123
5686
5492
4741
3774
2517
1249
61
-1134
-2151
-3064
-3687
-3933
-4038
-4020
-4130
-4304
-4351
-4279
-4289
-4611
-5027
-5354
-5220
-4943
-4708
-4573
-4121
-3862
-3370
-3281
-3323
-3525
-3615
-3722
-3565
-3292
-2765
-2236
-1639
-807
-261
265
856
1613
2097
2694
3002
3416
3501
4017
4746
5548
6337
6435
6439
6171
5992
5695
5242
5229
4968
4691
4256
3827
3621
3107
2773
2160
1356
283
-969
-2201
-3189
-3886
-4392
-4450
-4157
-3728
-3699
-3716
-3705
-3755
-3761
-3872
-4048
-4271
-4320
-4598
-4681
-4446
-4294
-3981
-3448
-3124
-2907
-3037
-3019
-2991
-2932
-2860
-2410
-1748
-1277
-540
230
819
1398
1916
2143
2375
2625
2853
3032
3248
3640
4253
4844
5061
5056
4946
4905
4958
4764
4841
4631
4369
4365
4098
3859
3439
3018
2651
1961
898
-262
-1367
-2216
-3003
-3588
-3667
-3439
-2998
-2676
-2287
-1979
-1918
-1893
-2478
-3050
-3977
-4506
-4667
-4482
-4428
-4215
-3920
-3255
-2783
-2479
-2558
-2526
-2263
-2070
-1750
-1901
-1380
-860
-592
-122
360
831
1385
1596
1785
1743
1997
2106
2214
2487
2632
2753
3124
3506
3778
3871
3933
3884
3897
4242
4259
4335
4451
4458
4297
3934
3311
2637
2074
1370
458
-355
-1097
-1739
-2061
-1865
-1747
-1650
-1752
-1623
-1673
-1944
-2441
-3055
-3676
-4415
-4595
-4915
-4894
-4848
-4515
-3655
-2488
-2072
-1628
-1601
-1459
-1627
-1848
-1758
-1556
-1432
-1141
-713
-238
173
716
1007
1088
1327
855
708
562
758
910
1152
1410
1600
1831
1773
1808
2120
2495
2998
3356
3649
3934
4022
4082
3965
4063
3888
3542
3362
3165
2606
1853
990
76
-535
-826
-1116
-1581
-1909
-1823
-1558
-1199
-1326
-1727
-2214
-2834
-3065
-3467
-3598
-3561
-3188
-2760
-2406
-2155
-1714
-1214
-945
-1231
-1459
-1850
-1964
-1749
-1999
-1925
-1834
-1643
-1295
-1426
-1679
-1773
-1959
-2074
-2211
-2136
-1860
-1298
-1336
-1031
-450
162
980
1529
2138
2535
2991
3308
3567
4102
4729
5141
5526
5969
6401
6224
5728
5205
4713
4002
3060
1909
1051
578
346
103
-465
-905
-825
-698
-831
-890
-1256
-2048
-2697
-3059
-3212
-3321
-3506
-3095
-2420
-1821
-1700
-2071
-1970
-2150
-2536
-2698
-2866
-2566
-2575
-2992
-3837
-4026
-3579
-2954
-2894
-3459
-3690
-3903
-3910
-3621
-3213
-2397
-1491
-825
-293
297
893
1762
2396
2751
3205
3527
3956
4605
5173
5645
5943
6377
6404
6494
6435
6168
5953
5415
4684
3579
2175
1107
537
88
-371
-935
-931
-645
-423
-622
-751
-1124
-1376
-1582
-2009
-2443
-2836
-3006
-2998
-2997
-2936
-2663
-2568
-2740
-3113
-3468
-3729
-3853
-4123
-4393
-4582
-4736
-4738
-4652
-4501
-4337
-3942
-3837
-3457
-2909
-2313
-1644
-1322
-834
-515
258
666
1312
2164
2843
3657
4076
4691
5133
5305
5481
5403
5588
5961
6074
6105
5885
5995
5616
5325
4412
3396
2439
1773
1472
973
110
-525
-672
-359
-191
-84
-189
-668
-1255
-2260
-2821
-3564
-3869
-3871
-3613
-3362
-3388
-3857
-3760
-3613
-3557
-3658
-3995
-4279
-4421
-4546
-4670
-4340
-4051
-3822
-3643
-3364
-3155
-2706
-2356
-1765
-1159
-501
137
441
1006
1374
1562
1911
2273
2900
3461
4066
4442
4638
4837
4894
4840
4837
4820
4822
4711
4631
4716
4760
4589
4145
3812
3153
2671
2247
1694
1206
424
-405
-994
-1173
-1217
-1340
-978
-774
-871
-1346
-1949
-2138
-2643
-3180
-3867
-4206
-4194
-4035
-3867
-3641
-3285
-3120
-3481
-3474
-3632
-3420
-3557
-3765
-3394
-3285
-2890
-2570
-2446
-1923
-1665
-1475
-1048
-682
-404
-264
-25
76
510
805
1260
1591
2139
2516
2706
3031
3247
3747
3868
3803
3787
4050
4262
4305
4450
4752
5083
5161
4840
4465
3824
3326
2676
1639
833
193
-246
-431
-773
-1089
-1374
-1480
-1533
-1735
-1989
-2422
-2323
-2704
-2940
-3187
-3399
-3414
-3529
-3475
-3061
-2899
-2757
-2683
-2503
-2532
-2637
-2782
-2841
-2395
-2179
-1942
-2159
-2112
-1882
-1530
-1509
-1157
-872
-645
-666
-692
-684
-567
-295
-28
564
967
1472
1910
2449
2783
3180
3303
3603
3817
3884
3878
3855
4083
4259
4539
4846
4886
4629
3975
3161
2244
1357
608
-69
-597
-627
-508
-363
-459
-535
-541
-1093
-1459
-1809
-2072
-2195
-2539
-2817
-2890
-2691
-2523
-2599
-2514
-2068
-1684
-1477
-1687
-1745
-1942
-1947
-2117
-2557
-2698
-2624
-2552
-2382
-2515
-2737
-2777
-2606
-2268
-1972
-1889
-1741
-1390
-1025
-633
-487
-78
688
1482
2222
2580
2888
3058
3162
3177
3329
3357
3637
3961
4268
4417
4485
4636
4579
4177
4110
3741
2958
2049
1120
679
226
-102
-318
-349
-418
-295
-318
-185
-290
-432
-755
-1136
-1384
-1597
-1791
-2009
-2179
-2277
-2482
-2326
-1957
-1650
-1686
-1771
-1890
-2191
-2575
-3194
-3383
-3341
-3330
-3366
-3302
-3076
-2709
-2551
-2310
-2134
-1946
-1890
-1750
-1696
-1363
-801
-419
268
1091
1707
1986
2402
2497
2616
2987
3182
3308
3552
3887
4053
4050
4348
4601
4782
4546
4269
3836
3161
2347
1506
1062
824
530
367
375
420
461
514
533
371
-1
-369
-751
-959
-1233
-1745
-2233
-2232
-2402
-2614
-2827
-2759
-2510
-2342
-2636
-2529
-2347
-2316
-2725
-3162
-3275
-3359
-3441
-3539
-3304
-2961
-2796
-2950
-2803
-3021
-2694
-2415
-2101
-1655
-1217
-820
-332
25
449
797
1251
1755
1967
2160
2312
2381
2685
3231
3849
4297
4670
5026
5386
5523
5331
5116
4622
4138
3745
2994
2385
1842
1633
1655
1749
1843
1735
1410
1076
959
246
-543
-1330
-1588
-1614
-2046
-2414
-2568
-2736
-2692
-2810
-2819
-2584
-2744
-2910
-3152
-3227
-3199
-3376
-3857
-3858
-3756
-3838
-3884
-4132
-4040
-4020
-4071
-4095
-3966
-3617
-3289
-2984
-2201
-1555
-1060
-443
-235
589
1060
1585
2109
2565
3065
3311
3627
4130
4663
5073
5384
5946
6266
6534
6447
6258
6167
5843
5195
4349
3555
2928
2282
1793
1560
1512
1395
1087
797
485
260
-395
-1036
-1749
-2227
-2718
-3310
-3626
-3647
-3626
-3666
-3802
-3687
-3620
-3802
-3854
-3877
-3931
-3794
-3525
-3980
-2930
-3365
-6411
-6788
-5425
-3823
-4909
-6513
-5417
-4175
-3387
-2349
-1428
-570
-782
-5
964
1933
2669
3260
3988
4336
4582
4966
5854
6142
5935
6014
6227
7018
7705
7661
7628
7289
6583
5643
4842
4255
3415
2219
1126
803
631
481
191
-343
-739
-1165
-1862
-2400
-3283
-3493
-3651
-3856
-3907
-4355
-5110
-5170
-5063
-5203
-4892
-5081
-4413
-4140
-4047
-4406
-4452
-4581
-4201
-4707
-4540
-4543
-4579
-4621
-4165
-4029
-3321
-2660
-2279
-1354
-727
-29
478
1286
2233
2903
3617
4225
4667
5147
5035
5248
5470
5709
5940
6110
6320
6310
6334
6578
7143
7361
6696
5763
4374
3537
2623
1424
395
-228
-370
-754
-1073
-1211
-1438
-1907
-2432
-2698
-2886
-3219
-4046
-4323
-4237
-4350
-3389
-1621
-2061
-3995
-5895
-5527
-3999
-5031
-5369
-5893
-5217
-3685
-2194
-714
-1042
-965
-1334
-1691
-2014
-2331
-131
650
-962
-911
-275
2088
1740
206
673
1286
2026
3685
4776
5710
5122
4220
4317
4316
4182
4375
4876
5576
5308
5274
5846
6264
6030
4961
3571
2309
1203
-30
-1113
-1783
-2254
-2707
-2901
-2313
-2278
-2715
-3690
-3727
-3920
-3902
-3955
-4232
-4156
-4168
-4208
-4377
-4335
-3482
-2897
-3893
-2677
-3280
-3118
-924
-731
449
-154
-1271
674
-329
-751
-1622
-1255
-749
-1236
-2228
-1108
450
435
825
550
2332
2784
3104
3481
3581
3592
2583
2283
2886
2599
2399
1702
2946
4133
4795
5518
5727
5783
4512
3218
2053
793
-746
-1644
-2363
-2282
-2869
-2385
-1876
-1269
-1485
-2081
-2387
-2792
-3282
-3318
-3318
-3008
-2129
-2493
-1045
-1205
-1028
-2168
-2924
-1720
-1494
-1634
-2642
-774
867
1653
921
401
1132
640
-1354
-1613
-2138
-1737
-2663
-2914
-960
-1042
-964
618
996
1775
1123
1493
3471
2910
2079
82
147
589
696
546
1233
2898
4590
5801
6409
6439
5790
3619
1653
-78
-1274
-2228
-2947
-2917
-2335
-1323
-323
834
1280
430
-841
-1322
-1433
-1036
-1921
-1853
-1260
-704
307
195
-366
-958
-1717
-2162
-2484
-2543
-2097
-1691
-544
343
708
1056
542
161
-2478
-2894
-3257
-4205
-3751
-5193
-3583
-1697
288
1922
2280
2364
3027
2646
2385
-234
-1259
-1591
-684
-901
-213
1313
3729
5304
6674
7159
7464
6121
3565
695
-1095
-2519
-3332
-3333
-2766
-1357
347
1883
2900
2484
956
-189
-214
-509
-1013
-1881
-1600
-200
1025
628
47
-265
-848
-1764
-3207
-3672
-3063
-2505
-1870
-2275
-1681
-1190
-554
-1566
-2969
-4055
-4818
-4627
-4400
-4356
-3379
62
1557
3897
3852
4715
5618
4605
2471
2
-1507
-1283
-2153
-1957
-624
2039
4617
6722
7859
8457
7306
4176
729
-2278
-4149
-5739
-5897
-4843
-2986
-1215
769
2697
2909
2133
473
-260
-572
-1523
-1856
-1115
334
1761
1627
1198
1473
561
-972
-3001
-2929
-2206
-2004
-2384
-1319
-509
-278
-1192
-2214
-3572
-4254
-5340
-5152
-4950
-2579
883
2928
5409
6422
8054
9212
7655
4840
1622
86
-969
-2139
-2122
-208
2950
5484
7280
8445
8187
6315
2684
-1332
-5105
-8109
-9845
-9583
-8092
-5615
-2972
-581
1584
2315
985
-829
-1296
-2572
-3300
-3905
-2981
-616
896
684
1375
968
411
-1110
-2559
-2067
-1926
-1846
-1231
-180
-100
-1213
-2572
-3013
-3287
-4667
-5693
-4511
-536
2364
4764
6634
8807
12004
11600
8831
4672
1256
-421
-2347
-3681
-2357
716
4182
7106
9222
9554
8136
4105
-458
-4835
-9133
-11777
-11750
-9555
-6713
-4083
-716
2162
3095
1781
-386
-2416
-3552
-5263
-5654
-4315
-2595
-1014
318
1240
1898
312
-1369
-2063
-2291
-3022
-3658
-2896
-1373
-1174
-2774
-3630
-3630
-4122
-4966
-5242
-530
3032
6190
8766
10705
14650
14473
11381
7253
3323
1265
-2185
-4230
-3720
-899
1892
4755
7344
8277
6924
2877
-1434
-5449
-9810
-12793
-12382
-9039
-5667
-2798
559
4392
5689
4332
953
-948
-2776
-5321
-6428
-5076
-2619
-645
407
1183
1131
-712
-3057
-4540
-4118
-4523
-4330
-3140
-1709
-1387
-2965
-4671
-4813
-5569
-6316
-3441
810
4327
8421
10979
16239
17945
15479
10932
6034
3166
-1004
-5809
-6301
-4099
-689
1981
4982
6294
5839
1778
-3002
-7404
-11656
-15037
-14889
-11130
-5752
-1724
2550
7150
9979
8542
4759
1797
-496
-3611
-6136
-5805
-2195
-69
467
4
-513
-1273
-3792
-6127
-5795
-5681
-5296
-3467
-1997
-1396
-2848
-4973
-5472
-6684
-7681
-4341
470
4571
9582
12613
18218
19883
16601
11462
5367
1864
-3213
-8490
-8509
-6155
-2219
993
4376
5818
5205
758
-4411
-8731
-13795
-16562
-15314
-9867
-3248
1597
6669
11105
13189
10218
4968
497
-2084
-5373
-7753
-6338
-3194
-638
469
-152
-803
-3354
-6269
-7936
-7268
-6484
-4528
-1556
1000
1239
-1357
-3167
-4880
-6490
-7138
-2362
1692
7429
12460
16383
22066
20168
15425
8147
818
-3455
-10826
-13774
-12214
-7381
-2302
2298
6223
6736
4635
-1899
-6877
-11926
-16166
-16003
-10748
-1987
5123
10822
15175
17633
14305
6827
-1019
-7569
-10957
-14215
-12659
-7905
-3369
854
2939
2702
478
-4159
-7185
-7313
-7491
-6282
-3406
131
2672
817
-1526
-3395
-5145
-6638
-2190
1585
6408
12383
16144
22790
21616
15803
7931
-719
-5317
-13185
-17217
-15660
-9926
-3388
2434
7295
8302
6889
417
-4624
-9865
-14008
-13611
-7983
1887
8747
13858
17177
18134
13603
2888
-7416
-14876
-18444
-19860
-17094
-10014
-2245
3549
7395
7674
4644
111
-4338
-5509
-5768
-5263
-2990
17
1919
251
-2878
-5310
-7384
-9249
-4411
482
5437
12461
16512
23977
22587
16502
8193
-1677
-6031
-14122
-17853
-15407
-9468
-1951
4132
9060
9296
7182
-39
-5151
-10258
-13633
-11728
-4593
6928
13780
17702
19165
17616
10184
-2052
-12789
-19972
-21003
-20768
-14958
-6493
1039
5999
8327
7119
3347
-2118
-5559
-5469
-4450
-3138
-713
1281
1967
-1828
-5644
-9046
-10772
-9660
-3271
2203
9382
16161
21466
25484
20116
11963
1333
-7184
-12414
-19010
-18246
-13092
-4734
2967
8724
10592
8502
3609
-3460
-7812
-11156
-10367
-4302
5634
14894
18757
19480
16308
9561
-1667
-13098
-20854
-22801
-19959
-14375
-5183
3572
9269
11230
9470
4543
-822
-5663
-7016
-5369
-3179
-259
2084
2550
-57
-4818
-9677
-12464
-13648
-8480
-213
5661
14182
19187
25150
24533
15722
6332
-5073
-10698
-16582
-19871
-16005
-9224
-902
5306
9440
8278
4572
-1557
-5920
-8330
-8611
-3768
4647
15098
20100
19798
16396
9317
-837
-12599
-20940
-23893
-21060
-14816
-5897
3810
10341
12697
11866
7446
1399
-4123
-7055
-5626
-3285
-354
1927
2796
1369
-3388
-8962
-12971
-14291
-13284
-3787
4156
10755
18633
21871
26574
20068
10153
-760
-11027
-14254
-19832
-18823
-12877
-5285
2148
7184
8554
5531
1335
-3841
-5016
-5682
-2733
3938
12275
19023
18657
14544
7664
-1281
-11801
-20336
-24437
-21921
-15167
-6721
2964
10322
14285
13984
10270
3751
-2189
-6194
-6843
-4811
-2591
393
1585
1098
-1920
-6606
-11079
-13517
-13409
-8017
3470
8896
16320
20990
24932
25483
14315
4706
-7818
-13917
-17893
-21920
-16843
-10625
-2443
4062
8550
7836
4831
957
-1615
-1536
-1811
2459
8809
15913
17580
12997
7198
-817
-10223
-18885
-24279
-24152
-16782
-8873
978
9636
14665
16646
13994
7267
-113
-5682
-8324
-8111
-6242
-3524
-599
369
-226
-4239
-7823
-11326
-12157
-10144
-744
8054
12445
19846
22556
26575
20275
8584
-1827
-13418
-16601
-22425
-21639
-14445
-7203
1597
8211
11175
9131
6343
2746
1363
-51
584
5241
10892
15038
12315
6430
184
-8213
-17038
-22774
-24754
-19759
-9700
-312
9518
15632
18098
17368
11330
2027
-5507
-10271
-11276
-10015
-7719
-3616
-557
364
-1018
-4819
-7955
-11573
-11112
-7306
3927
10283
14864
21811
24079
26130
14881
3366
-8563
-17756
-20310
-25245
-19734
-11486
-2579
6483
12417
13312
10324
6918
3305
1568
-751
894
5837
10624
12234
7314
1328
-5078
-13306
-20169
-23308
-21987
-12233
-1164
8944
16602
19672
19616
14640
4940
-5622
-11797
-14067
-13295
-9997
-5353
-581
2370
2157
-690
-4409
-8862
-12548
-11060
-5957
5830
11450
16459
22734
24765
24962
11572
-214
-12923
-20845
-22516
-25581
-17678
-8396
1333
10015
14973
14164
10087
6166
1924
-202
-2144
-22
5044
9184
9465
3717
-1800
-7565
-14644
-18959
-19795
-16495
-6042
5897
14678
20036
19327
16606
10317
-340
-10142
-15774
-15709
-12349
-8263
-2956
1940
3901
3514
336
-4153
-8843
-13513
-11592
-6853
3731
11495
15496
22701
24502
25671
13937
451
-11137
-21597
-22214
-24884
-19273
-8860
768
9940
14769
14441
10467
6280
1526
-978
-2841
-1336
3722
7570
8935
4134
-2360
-7036
-13219
-16938
-17322
-13988
-5092
6871
13900
18023
17074
13141
7257
-2500
-10824
-14850
-14379
-9461
-5217
-393
4043
4336
3203
-414
-5664
-10224
-14589
-12675
-7258
2882
13056
16204
22874
24740
25966
16498
940
-9493
-21551
-21757
-23361
-20169
-9038
-323
8760
13670
13975
10223
6196
2434
106
-1428
-612
4081
7492
8330
3374
-4320
-8233
-13630
-16916
-16339
-13253
-4666
5620
13096
15841
15630
11790
6108
-1197
-8450
-11506
-11988
-8011
-5256
-1879
2125
1475
1180
-1328
-5120
-8403
-11302
-12373
-8560
-2066
8919
16847
18416
24139
24837
23814
10674
-3920
-15215
-23131
-22153
-24176
-17079
-5747
3324
11946
16122
14934
10332
6596
2684
276
-1040
1013
5679
7805
5633
-1879
-7941
-11823
-16097
-16810
-14076
-8501
1578
10858
15041
15343
11554
6850
1010
-5626
-11753
-12761
-8927
-5746
-2332
326
1367
1592
-821
-4678
-7715
-10892
-13021
-9790
-4128
5279
16049
17893
23625
24889
24746
15695
-1212
-11285
-23206
-23460
-23725
-21066
-8426
1341
10276
16696
17468
13729
9498
4919
1898
-309
334
4336
6145
5253
-740
-8610
-11617
-15296
-16356
-12483
-7793
1478
11634
14468
15450
11289
6847
1419
-5847
-11638
-12688
-9192
-5818
-2909
-409
1455
865
-658
-4745
-7494
-9282
-11981
-9816
-5597
249
11460
18078
20301
23943
22040
20282
6068
-6635
-17459
-25409
-22935
-23029
-14733
-2666
6230
14866
19101
17418
12339
7342
3659
892
-385
1555
3615
3765
613
-7277
-12188
-14681
-16455
-12353
-7376
-24
9648
15345
16812
13548
8015
2649
-4057
-10374
-13241
-12066
-7681
-3914
-1692
1003
1146
-93
-2432
-5604
-7549
-9903
-10457
-7305
-2036
6697
16159
17497
21657
21855
21309
12360
-3572
-12739
-24014
-23728
-22455
-18644
-5285
4457
13453
19417
18832
13995
8454
4310
662
-1265
-398
1765
2961
564
-6113
-12333
-14946
-15667
-12565
-6945
-406
8583
16072
16687
14169
7178
2160
-4471
-11037
-13899
-13296
-7779
-3209
-703
2056
2515
956
0
-3772
-6165
-8016
-9605
-7471
-3894
167
11418
17178
18878
21278
19696
18582
2814
-7454
-19255
-25218
-20099
-20598
-9441
3175
10481
18167
19522
15362
9371
3908
814
-917
-1081
1412
3030
1674
-2478
-11010
-14755
-15141
-13795
-6641
-654
6620
14456
16462
13846
7575
680
-5570
-11440
-13759
-13086
-8500
-2836
-320
1749
2281
176
-763
-2446
-5433
-6335
-8003
-7880
-5559
-2316
3599
15042
15904
20087
20402
19682
13097
-3835
-11890
-23510
-21889
-19111
-14770
-54
8445
15773
19383
16648
10910
4559
872
-564
-883
1125
3946
3193
-122
-7546
-14360
-14939
-14524
-8478
-988
5393
12720
16904
13974
8733
-914
-6736
-12028
-14629
-13732
-10403
-3163
856
2431
2873
1056
-712
-1935
-5323
-7099
-7682
-9097
-7532
-5293
-1561
11382
15263
18827
20396
20561
19395
1133
-7600
-20783
-24357
-18844
-17965
-3910
7842
14047
19837
18332
13104
6201
1679
304
-437
1211
4238
4354
1589
-4867
-13274
-15172
-15362
-9805
-1586
4911
11867
16818
14735
9574
312
-7457
-11437
-14880
-12507
-9833
-3090
1751
2574
3066
1103
-2065
-2503
-5184
-7374
-6682
-8485
-8644
-7141
-4769
2018
13680
15583
18991
19733
19883
11356
-4055
-12553
-24530
-20972
-16913
-11833
3518
10390
16161
18895
14369
8721
3099
865
512
1140
2816
4913
2307
-2089
-9022
-14765
-13760
-10701
-2999
4585
9877
14827
15730
9911
2682
-7137
-10129
-13269
-12404
-8953
-4817
1908
2906
2878
2424
-676
-2421
-2971
-6095
-5707
-7321
-10008
-9451
-6967
-4072
7955
15181
17623
21145
19972
18334
1791
-8249
-20419
-24696
-17311
-15757
-2890
8638
13254
18045
15238
10337
4395
410
437
66
1806
4288
2831
-1029
-6609
-14119
-13897
-11351
-4749
3906
9637
13677
15463
11274
3689
-4889
-11516
-12001
-12578
-8051
-4904
186
3098
2891
2257
773
-2085
-1596
-2343
-4507
-4430
-8569
-10176
-9080
-8117
-1028
12579
15812
20909
20453
21022
13342
-4039
-12142
-24155
-19942
-15315
-10248
4223
10638
14932
15948
11272
6718
1177
292
404
1049
3251
3873
660
-4428
-11349
-14776
-11815
-7785
626
7596
11550
14113
11096
3141
-3377
-11374
-12362
-12799
-9763
-4460
-1575
2846
2456
2084
2099
-583
-1022
-238
-2839
-3273
-6932
-10522
-11336
-9297
-6521
8544
16317
18786
22380
20710
20299
509
-8440
-19988
-22637
-13221
-12685
947
10994
13489
15997
11820
7256
1709
-206
453
1046
3239
4811
3345
-2387
-8092
-13934
-11662
-8240
-1543
5988
9736
11873
9720
2757
-3483
-10488
-14053
-12371
-11133
-4988
-2351
1677
2203
1923
1889
814
-308
316
-1798
-3878
-6718
-11399
-13399
-11771
-8781
4785
16616
18004
22881
21254
22990
5129
-7241
-16605
-23082
-12452
-12025
-1966
11009
13033
15484
12849
6706
3024
363
1011
1872
3508
5971
5770
101
-5004
-11880
-11126
-7589
-2832
5367
8438
10144
7586
2570
-4310
-9190
-14483
-12228
-10860
-5570
-1495
428
2991
1692
1775
1600
-66
-686
-2016
-5560
-8282
-13131
-16689
-15070
-9763
-1201
15268
18206
22496
21685
22058
11760
-6030
-12370
-23004
-14858
-10123
-6335
7795
12144
13145
13243
7106
3630
1148
1756
3314
4374
6606
7448
2980
-2391
-8943
-11860
-7329
-3866
3636
7799
8777
7007
2846
-3071
-7546
-11822
-11854
-9651
-5387
-290
477
3157
1820
2261
2594
1152
-637
-1436
-5540
-8429
-13144
-17637
-18102
-12660
-6512
9408
18750
20453
22485
20232
18902
-408
-8846
-19139
-19028
-9827
-9951
1079
9757
10763
12039
7832
3841
1934
1819
3768
4317
5816
8171
5915
361
-4767
-11345
-7842
-4375
489
6541
7661
7256
3497
-600
-6870
-9214
-10957
-8606
-5230
-166
2121
3844
4379
2702
3510
2568
-478
-1837
-4749
-9065
-11816
-16560
-19147
-14505
-9316
-331
17436
19820
23199
19955
20712
12780
-5518
-10340
-21610
-13980
-9674
-8769
3853
7974
8887
8971
4675
2395
1470
3189
4337
4489
6774
8098
2913
-2144
-9449
-11275
-5859
-3706
2182
5966
6149
5186
-371
-5495
-7376
-9048
-7856
-6506
-494
3647
4704
5481
2444
3170
2502
-572
-1247
-3568
-6692
-9390
-13587
-16769
-15845
-11836
-6130
5513
20509
21244
23517
18967
19758
7959
-6090
-11604
-19178
-9186
-9290
-5063
5570
5574
7555
5710
2661
1975
1640
4432
4563
5565
6730
5949
465
-6088
-10855
-9653
-4885
-1905
3181
4467
4984
1741
-2991
-7858
-9808
-9126
-6549
-2624
1462
5292
6071
6043
2711
1289
116
-1790
-4506
-5394
-10543
-11247
-13979
-15034
-13258
-8110
-2725
11663
23168
21127
22954
17460
20319
4166
-5422
-11705
-15570
-5649
-9695
-1710
5005
5165
7861
3999
3628
2359
2983
6090
4898
5670
7136
5275
-2063
-7060
-10816
-7460
-2985
-1120
2783
3189
2870
-2333
-7102
-9557
-10655
-8029
-5226
-339
4005
5958
6488
3411
873
-155
-3341
-3642
-6300
-8236
-11055
-12459
-14758
-13855
-11423
-6521
473
18097
21792
22327
20393
17746
17695
-1101
-4383
-14059
-9910
-5487
-7607
2444
3873
6077
5944
3340
3597
1979
5704
6042
5273
6266
7597
3787
-3268
-6710
-8560
-3087
-884
516
2443
1513
-135
-6421
-10523
-11062
-9299
-4038
-1506
3421
7439
7980
5252
-267
-2289
-4123
-5738
-6675
-7787
-9253
-10538
-11538
-14126
-11656
-10821
-6508
-780
15767
21505
21103
19307
15767
18452
821
-2613
-13061
-10122
-5027
-8001
-277
1961
4636
4747
4701
3639
2969
6840
7068
6261
6387
7820
2796
-1721
-4182
-6895
-1144
-111
114
509
-658
-2431
-7532
-9702
-10785
-7041
-1389
2189
5800
8303
7891
3959
114
-3004
-4740
-4786
-6182
-7980
-9270
-11138
-11784
-13043
-11494
-11963
-6058
197
15164
20945
19128
17962
15055
17671
1726
-2152
-10692
-10171
-4562
-8095
-3960
-171
1693
2805
3690
2486
2816
7516
7244
6288
6748
6423
2906
-809
-3144
-5522
-1007
-581
-1927
-1546
-1558
-4453
-8073
-10143
-8555
-3154
1552
4146
6639
10558
7949
3355
-421
-4039
-3802
-5273
-6864
-8076
-8914
-9632
-10261
-10845
-10280
-10833
-5953
1438
16218
19621
18325
16878
16811
16797
1869
-1506
-11532
-8190
-5481
-9879
-4616
-931
590
3129
2822
1096
4188
7592
6833
5550
6076
5834
2613
-681
-4538
-4743
-1350
-2694
-4152
-3945
-3241
-6734
-8861
-9483
-6541
-481
3401
5421
7717
10604
5800
2759
-1333
-4207
-3695
-5096
-7269
-7769
-7437
-8884
-8046
-9272
-8958
-8561
-3701
90
13998
18553
17353
17645
14853
19541
4512
1598
-9723
-8248
-4465
-12693
-6124
-2762
315
3992
3172
2832
5000
7534
6064
4323
3834
3833
2236
-984
-2970
-4859
-2076
-3611
-7067
-4815
-5402
-7601
-8826
-8366
-5686
819
3364
4320
8046
7820
4649
2109
-2408
-4671
-4756
-6036
-6885
-7201
-5873
-7458
-5483
-7604
-8398
-8260
-3957
-1368
11994
17530
17053
19030
15139
21163
6130
2380
-7562
-8030
-3611
-11292
-5130
-1669
2439
4217
3670
3219
4283
6806
4793
3590
2870
4191
3284
-162
-2434
-5160
-2488
-5286
-7079
-5635
-6263
-6805
-8964
-9400
-3557
659
3225
3448
5920
7639
3508
669
-4405
-6018
-4687
-7137
-6782
-5594
-5320
-4925
-4240
-7146
-8991
-8741
-6068
-3416
9123
16406
17775
19627
15583
21893
7804
4377
-5692
-6732
-2510
-9972
-5067
-2514
2634
2532
3770
3285
4780
6965
5165
3505
2093
5334
3701
1459
-1125
-3983
-3026
-4570
-6985
-6477
-6608
-7597
-8925
-7150
-3388
969
2347
3248
5397
5470
3360
-978
-4233
-5974
-4881
-6084
-6731
-5565
-4598
-4782
-4750
-7725
-9928
-9719
-8106
-4679
3507
16183
16836
19267
16364
19602
12397
4931
-1403
-8370
-3199
-7598
-7142
-3092
1146
1962
4366
3593
4121
6628
5405
2451
3325
5966
5303
3020
-152
-2234
-4246
-3955
-6996
-7150
-5582
-6832
-6605
-6915
-2525
1252
2546
3063
3681
6282
3832
-301
-5124
-6423
-4594
-6680
-6527
-4402
-2853
-1993
-4500
-6828
-10283
-10666
-10510
-7430
-809
12820
17413
19091
15708
17170
15633
5717
1637
-8997
-2850
-5676
-7472
-4656
-2111
3385
2206
4028
4102
4768
5180
3049
2256
4649
5992
3225
-76
-1337
-5205
-3949
-5238
-8411
-5549
-5289
-4714
-4787
-1096
611
2635
3153
3265
5078
4048
-50
-5471
-4823
-4911
-5231
-3526
-2761
-1202
-520
-3408
-6217
-10233
-10789
-12002
-9136
-3583
4344
16551
17425
17414
12697
18161
11059
4675
-1483
-6508
-1684
-7667
-5434
-6468
1284
3929
1917
4891
2352
3453
2101
768
2110
4163
4747
499
-1973
-3583
-5513
-6351
-6977
-6375
-5337
-1022
-1903
-1755
1411
192
1685
1930
2452
2767
314
-3035
-5457
-5196
-4058
-3040
-1468
44
225
-1434
-4126
-8673
-10715
-10637
-10020
-4075
-760
11780
15058
16744
14310
13401
17915
6614
6452
-4766
-2240
-3314
-6056
-3789
-4388
5499
3015
6183
1822
1119
1208
-1365
451
-960
3196
1732
-2134
-2289
-4827
-6521
-5878
-6122
-3953
-888
815
-386
96
129
-166
535
939
782
-660
-1630
-4853
-5783
-5492
-3164
-1809
-1044
417
-753
-1551
-4760
-8370
-8763
-8106
-5516
-1716
2932
10798
12096
14756
12331
14000
12251
8009
3999
-2971
905
-4504
-1072
-2584
507
6944
5745
4797
-549
-126
-2518
-2073
-3105
-2503
-29
-265
-1667
-4662
-5060
-5506
-4990
-2742
-993
527
2428
2000
474
-342
-272
-705
-1910
-1289
-2992
-3941
-4649
-6084
-4386
-2904
-1886
-1825
-1119
-421
-2021
-4141
-4195
-5553
-4051
-1763
-191
1322
5027
8768
11156
10163
6890
8566
5658
6083
1509
-318
1656
1564
4552
4850
7618
8212
6186
646
-2287
-4264
-4368
-4766
-7079
-3562
-2099
-2421
-4857
-5671
-4253
-1634
-1985
-3120
-607
2829
3376
1425
1117
152
1348
-793
-3938
-3703
-3411
-2503
-2544
-1554
-389
558
183
-1714
-2507
-3940
-3196
-3847
-2896
-450
-92
832
-347
1786
3056
2638
1050
-1435
-719
13
66
441
2137
3379
6326
7397
8540
10085
8931
8109
5377
1475
1044
-737
-1773
-894
-1613
-589
-851
-1852
-2253
-1896
-2702
-4271
-3651
-2406
-753
-529
-717
-1669
-723
-1850
-3654
-4370
-4105
-1514
-1349
389
292
-69
198
-2226
-3521
-4696
-4365
-3997
-2812
-1682
-1650
-114
-932
85
460
-334
-13
-1081
78
-135
-1087
-991
1203
4042
5327
6636
7944
9259
9804
7857
5120
4928
3559
1598
1456
1231
2445
2899
1142
703
230
-1358
-3370
-4793
-3690
-2221
-1931
-2954
-3761
-3649
-4749
-5110
-6420
-5735
-2710
-2021
92
1106
1043
1224
193
-1902
-3003
-2611
-3513
-3238
-2442
-836
295
533
481
250
1033
-505
-2810
-3362
-2545
-1304
-1030
-322
213
2005
3967
6111
7939
7423
8037
6171
5600
5262
3052
4040
4062
2397
3345
3267
2358
2503
676
-894
-1930
-2576
-2410
-924
-190
-1557
-3571
-5469
-7062
-7530
-8202
-7995
-5137
-2790
1130
2315
1830
2263
376
-1282
-2877
-2863
-2115
-2126
-1066
-378
909
1520
1151
1040
973
-336
-2339
-3583
-5186
-3954
-4039
-1719
1204
1895
3988
4105
4293
5464
7275
5420
4780
3026
2048
3728
2334
2372
3562
5747
4849
2910
1551
491
-156
-804
-414
1511
2784
26
-2077
-5804
-7784
-9271
-10979
-9607
-6513
-2284
1426
2666
2234
3091
1302
-439
-2338
-3168
-1433
-1594
-886
257
1596
2809
1415
582
874
-218
-1095
-2862
-4256
-3777
-3185
-2420
-432
-151
1691
2976
2907
2810
1628
1421
869
1203
2364
1804
1276
1297
1391
4710
5521
4842
5485
4173
3961
4192
3782
3763
3962
930
-1044
-4985
-8125
-8751
-9710
-8148
-6290
-2124
1406
2772
2086
870
-195
-1676
-2090
-3428
-1870
-887
-671
422
279
1789
1934
1579
1282
467
-311
-1648
-3263
-3413
-2591
-531
729
120
417
303
-192
-1705
-3130
-2619
-1374
-1667
-1237
-1280
142
2181
2610
3739
3840
4451
4824
4944
6025
7575
8917
8025
4993
2660
-374
-3582
-6623
-8152
-6611
-5194
-2378
196
3091
4200
2362
-900
-2815
-2836
-2940
-3828
-3531
-2115
-281
757
-575
46
431
539
177
-40
16
-524
-1313
-2268
-1191
137
1606
1430
913
1009
-870
-2525
-4921
-6308
-5695
-5224
-4396
-2881
-1140
-9
1584
1881
2985
4796
5475
5068
6063
7171
8464
8976
6237
4402
2267
-789
-4526
-5376
-4890
-2861
1609
2880
4281
4712
2374
-393
-2657
-4101
-3722
-3999
-3265
-2927
-2232
-651
-2091
-1489
-892
3
919
587
-187
-1823
-1197
-1489
-464
1194
2278
2614
1057
33
-2098
-2371
-3869
-4869
-4276
-4577
-4754
-5402
-5285
-4458
-1482
144
1749
3038
3168
3663
3858
4970
6635
7105
5598
3479
1564
627
-749
-854
225
2303
5628
6698
7033
5623
3338
-10
-2281
-2724
-2996
-2199
-1447
-1873
-1566
-1428
-3072
-2920
-3057
-2253
-1114
-595
-830
-1623
-521
-935
-607
215
935
1827
1854
1433
163
-223
-2067
-2439
-2298
-3060
-3873
-5255
-5498
-5394
-3638
-1943
-965
163
424
885
1453
2248
2575
3236
2195
433
1426
1217
735
-229
630
2721
6487
8208
7674
8596
5467
2259
92
-1818
-1246
-19
550
503
983
95
-1197
-2003
-3595
-2921
-2177
-2045
-2488
-3319
-2280
-2577
-2044
-1115
200
1993
2041
1704
785
792
-307
-262
-34
-1580
-2669
-4774
-5642
-5703
-3862
-1772
-378
1383
1254
1375
463
-1352
-2236
-2314
-2894
-3362
-2047
-1166
69
-753
-638
860
4324
7202
6609
6737
4601
3890
3960
1603
2865
3604
4268
3734
2307
1965
707
-6
-2300
-1208
278
378
-487
-2077
-1372
-2666
-2684
-2404
-1764
605
455
440
117
-287
-820
-1270
-1790
-3622
-4184
-4936
-4937
-4332
-2101
354
1877
2998
2518
2199
934
-1322
-2797
-3733
-4457
-4382
-4313
-3085
-2488
-2585
-1597
-816
1394
4204
4540
4076
3115
2487
3812
3471
3715
3118
3406
3271
2017
2534
1976
3061
2494
3014
3415
2931
2219
-412
-857
-2526
-1954
-1085
-380
1364
529
1389
-56
-2112
-3181
-4813
-4365
-4618
-4729
-4194
-3044
-1654
-626
721
1472
2306
2917
2064
428
-988
-2774
-4015
-4759
-4894
-3811
-1857
-1237
-723
192
204
1099
1337
1313
946
1259
1231
1083
1128
981
1190
121
-380
-196
2016
3993
4361
4177
5002
5695
5191
3283
1253
1406
81
-901
-583
-79
1327
1778
706
598
329
-1472
-2809
-3665
-3835
-3509
-3507
-3098
-1587
-145
1124
613
207
1083
-286
-2276
-3388
-4816
-3708
-2033
-2658
-1325
-196
411
947
-126
-597
267
1757
1362
1114
1095
109
-215
-1898
-2870
-2486
-2424
-2116
-1200
900
3092
4288
5192
4827
3985
2623
1224
139
-1435
-1997
-2126
-444
1686
2754
3431
3617
2554
1145
-142
-1011
-405
330
60
1155
2016
997
1626
632
26
313
-1272
-3141
-4373
-5322
-5543
-3878
-2885
-2018
-396
121
944
659
402
-532
-167
875
438
1709
565
-643
-1124
-2622
-3118
-3023
-2085
-788
1494
3186
4724
5105
5024
4031
1766
-373
-2975
-4469
-4669
-3976
-3583
-1466
-126
542
1686
1022
551
13
-488
329
1949
3981
5479
6210
5110
3280
2242
1464
1780
1012
-548
-871
-1913
-3125
-3028
-1910
-1469
-906
-1315
-1343
-395
-889
-482
-1172
-306
-251
-1005
-405
-2070
-2738
-2723
-3347
-2568
-1433
-296
1893
3210
4850
5391
4794
4648
3101
1460
8
-2066
-3554
-4471
-5353
-4588
-2890
-1409
-2071
-3217
-3561
-3169
-2322
-3303
-3139
-1689
2179
5124
5240
4466
3083
3358
2804
2843
2922
3602
4675
2018
842
1011
1764
2011
370
-12
1197
2180
1963
1083
301
290
-1458
-2603
-3399
-4015
-4178
-4398
-4413
-3758
-2142
-1399
231
1804
3948
4542
3415
2457
1515
1002
-515
-1670
-2405
-1927
-1855
-1521
-452
794
409
-1732
-2880
-4423
-4536
-4827
-5411
-3700
-1735
-159
-341
-1014
-355
-326
-120
-249
151
3142
5000
3309
2562
2771
2865
3315
2257
2695
4938
6290
5137
4222
3594
2688
1666
-325
-1568
-1715
-1818
-1808
-2159
-2766
-1515
-1860
-1558
252
1471
2184
682
-1228
-2109
-1952
-2609
-2188
-402
513
1385
1575
1981
2576
1147
-814
-2375
-3701
-3486
-3282
-3486
-2212
-1000
49
-353
-2006
-2417
-3368
-2846
-2496
-2630
-275
-97
-1619
-1691
-1189
-1064
-1473
-2449
-1480
2603
6442
6560
6631
6796
5826
5807
4368
2705
2940
2506
1928
1305
795
1630
1167
682
1072
1668
1473
-132
-1918
-3338
-2568
-3194
-2587
-605
117
1288
987
812
-573
-1444
-2825
-4220
-3430
-2976
-1929
-1299
-646
827
1412
250
-1067
-2179
-2248
-1291
-1122
-590
448
130
-1951
-3314
-4579
-5335
-5500
-6469
-5753
-3604
-930
554
2371
3971
4314
4154
2659
952
1625
3639
4400
4648
4088
4572
4851
4700
3822
4079
4183
2259
1204
-410
117
854
1020
1875
2496
2741
2145
561
-2157
-3986
-5614
-5861
-4827
-3959
-2560
-1735
-803
-118
-428
-821
-1147
-780
-348
634
1571
2247
2164
1037
-554
-2934
-4096
-5719
-5500
-5319
-4638
-2145
-1079
315
577
436
595
-134
-670
-1395
-1874
-1896
-860
-346
469
2042
2514
3100
2667
2443
3060
3772
3479
3228
3779
4031
5551
6468
6073
5556
4036
1176
-390
-2541
-3291
-2246
-2087
-1309
-639
-547
-229
-389
-1869
-1830
-1990
-1697
-450
16
880
1184
244
-593
-1601
-3271
-3626
-4046
-3887
-3594
-2823
-1669
-921
-43
-515
-388
-762
-1805
-1209
-1178
-1112
-677
-321
445
537
620
248
-4
-79
-737
-1007
-929
-650
-157
818
2127
3906
5062
4313
3485
2886
2728
2087
149
-634
-311
1125
1960
1328
1918
2247
1313
683
234
870
2375
2173
1883
2730
2370
1511
428
-1802
-2926
-3406
-4270
-4727
-4182
-3427
-2758
-2197
-2287
-2801
-1811
-2216
-2606
-1472
-1307
119
587
561
709
462
667
-259
-1426
-1611
-1233
-674
-135
-250
521
1320
1311
1770
2757
3160
2564
1139
-445
-1582
-2756
-3220
-2662
-820
400
91
-109
-225
702
2378
2799
3733
4429
4709
5345
4887
3925
3619
2572
750
-300
-694
-576
-1513
-1672
-1566
-1633
-1896
-3169
-3474
-2697
-2869
-3071
-1832
-1383
61
86
-662
-517
-1478
-739
-1650
-2520
-1893
-1894
-944
-702
-795
455
1742
1861
3164
3546
3771
4068
2597
1855
421
-1105
-2310
-2948
-2766
-2628
-2310
-2126
-2862
-2756
-1837
-1051
810
2111
3533
3948
2641
1672
1575
2222
2879
2138
1611
978
96
202
-214
-402
-195
-905
-828
131
-51
584
1496
907
1325
906
-595
-693
-1210
-1749
-3054
-4172
-4509
-3744
-3227
-3108
-2604
-812
416
1165
2504
3491
4821
4563
3289
2099
809
-344
-1023
-1958
-1849
-1552
-645
-452
-653
320
962
2212
2022
1931
2332
1864
183
-819
-1250
-1771
-2138
-3319
-3085
-3259
-2399
-1756
-2250
-1912
-1681
-899
861
2522
2663
3194
3046
1947
2138
1275
479
50
-799
-671
-1018
-797
-1209
-779
-1162
-1109
-634
-296
992
1256
2100
3088
3075
2272
1575
-312
-1548
-2465
-3079
-2419
-1609
-238
1270
1826
1898
2340
2820
4040
3866
3424
2966
1786
271
-820
-1143
-1457
-929
-1294
-1936
-2839
-3015
-3396
-4027
-3762
-3619
-2118
-1411
-1502
-1375
-633
-604
-1044
-1242
-1804
-1955
-2380
-1903
-287
1183
1782
595
211
266
878
1457
1232
2498
3020
4207
4697
3747
3542
2215
474
-489
-1570
-1585
-500
-165
1165
1954
1627
1910
1692
2327
3170
3001
2840
2298
1495
656
-221
-1135
-1535
-1064
-1081
-1197
-1464
-1406
-2094
-2176
-2608
-2774
-1253
-1250
-614
-555
-331
-1374
-2574
-3527
-4648
-4550
-4875
-4545
-4462
-3179
-2327
-2325
-2026
-2205
-997
-596
-734
-408
396
3513
4491
3456
2282
663
576
1073
790
1454
3818
4673
6043
5992
5191
5845
5446
5396
5223
5244
4559
4007
2740
828
-348
-1552
-1479
-942
-949
-1032
-905
-1099
-1380
-1748
-1749
-1682
-1592
-2072
-1873
-1617
-1837
-2425
-3243
-3376
-3996
-3680
-4173
-3799
-2559
-1703
-491
-862
-1572
-1907
-2046
-2980
-3763
-3701
-3391
-2475
-3050
-3872
-4015
-4324
-3823
-2925
-1376
674
2594
4035
5595
6838
7061
6455
5622
5668
6355
7628
7286
6631
5869
3672
2543
1458
1840
3012
3046
3144
3187
2835
1925
285
-1353
-2016
-2786
-3330
-3160
-3316
-3409
-3428
-4206
-4663
-5112
-4628
-4118
-3553
-2269
-1194
824
1211
918
275
-787
-2184
-3636
-4134
-4436
-3258
-3436
-4254
-4388
-4476
-4140
-3646
-2634
-1109
1205
2210
1948
2293
1703
1642
1524
1434
2406
4420
4835
3774
3026
1511
1825
3152
4452
5380
6448
6497
6327
6483
4715
3585
3026
1446
632
299
-7
-158
-1087
-2419
-3151
-3891
-4582
-3663
-3459
-2460
-1399
-1207
268
-79
-899
-1372
-2060
-2943
-3437
-4270
-5058
-4366
-4669
-5186
-4414
-3687
-2419
-1399
-965
10
1703
2310
2472
3104
2505
2683
2488
1511
1451
1821
1126
606
-103
-1235
-362
401
755
1761
2869
3174
3985
4172
3375
2914
2214
422
235
1570
1914
1230
-247
-2311
-2602
-1744
-2016
-739
957
2371
3141
3566
3242
2665
1670
-483
-1849
-2444
-2714
-3228
-4404
-5233
-5728
-6218
-5667
-4821
-3784
-2233
-921
241
1409
1619
2118
2439
1865
1375
903
577
656
781
103
-206
-470
-937
53
1314
2079
3325
3823
3228
2908
2289
1129
607
88
-840
-1270
-1672
-2532
-3553
-4427
-5081
-5090
-3764
-2157
-365
1798
2701
3453
4578
5024
4089
2489
441
-765
328
88
-321
-370
-1030
-1675
-1736
-2369
-1784
-168
-78
977
1821
1703
1822
1784
817
522
7
-923
-641
-1221
-1691
-1574
-1944
-1627
-631
1111
2273
3154
3505
3084
2852
2300
1555
1071
1229
679
461
-445
-1514
-1973
-3262
-4215
-4601
-4190
-2523
-1328
-347
1077
1227
1639
1200
43
-706
-1874
-2909
-3377
-2516
-1729
-989
-1610
-2388
-2184
-1349
-164
368
1299
1768
2804
3303
3480
3453
3821
3615
2554
2120
1039
1123
809
37
-120
-289
-160
846
2039
2271
2660
2124
1227
963
312
-364
-89
300
615
437
-602
-1867
-2894
-4242
-4746
-4466
-2864
-769
153
1580
1781
1572
1639
620
6
-971
-1836
-1755
-2007
-1717
-1425
-1486
-2724
-3445
-3664
-4161
-3806
-3891
-2599
-1305
-25
-38
338
1075
588
616
-340
192
1936
3277
3272
2544
1718
1698
2795
3196
4154
5472
5809
5826
4636
3451
3383
2678
2250
1729
1853
1309
183
-1609
-3462
-4336
-5171
-4645
-3400
-2427
-1033
87
73
293
206
-59
-280
-1194
-1882
-1324
-913
-1240
-912
-754
-1523
-1855
-2373
-3317
-2665
-2193
-1489
-67
461
41
-490
-1623
-2794
-2495
-2651
-2386
-1556
-818
-551
-489
-1425
-1501
-226
778
2409
3261
3955
4111
4868
5099
4590
4266
3913
4234
5062
4683
3391
2674
1151
411
-127
-354
696
873
1180
723
-124
-668
-946
-815
-1383
-1628
-1751
-1606
-1679
-2665
-3335
-3210
-3081
-2959
-2453
-2667
-2280
-1700
-1349
-447
-148
-121
-40
-215
-395
-70
330
370
912
955
788
501
-864
-1582
-1441
-1576
-798
-332
-31
248
-308
-869
-1107
-521
226
1199
2135
1795
1298
364
-808
-1157
-356
1672
2940
2985
2318
1303
1183
1589
1930
3156
3943
4110
4301
3272
1934
540
-1059
-1594
-1769
-2091
-1698
-1707
-2412
-3293
-3667
-4179
-4117
-3245
-3018
-1697
-359
182
1071
1857
1754
1727
1350
-135
-879
-573
62
725
1532
1509
1562
1483
337
-327
-424
-281
57
735
861
-350
-1964
-3499
-4647
-5134
-4881
-3983
-2985
-2033
-1921
-2047
-2126
-1916
-548
1262
2391
2909
3578
4057
4417
3317
1900
1657
1925
2845
3143
3220
3257
2738
2115
658
-228
-266
-27
467
791
886
602
723
-176
-1279
-1863
-2876
-3167
-2602
-1818
-824
740
1463
1872
2348
1626
1082
1195
1176
1607
2198
2024
795
-670
-2216
-3166
-3564
-3633
-3177
-2597
-2086
-2269
-2663
-3282
-3346
-3309
-2836
-2157
-1557
-1380
-1687
-1892
-2496
-2172
-1092
-140
910
1822
2173
2476
2051
1383
1633
2799
3486
3772
3823
3527
4310
4493
4185
4103
3765
2688
1618
683
500
1159
1366
1332
1329
1346
862
101
-1161
-1800
-1506
-1053
-421
-21
-717
-1455
-1882
-2535
-2367
-2006
-1448
-445
-470
-910
-1078
-1869
-2072
-2360
-2501
-2316
-2517
-2836
-3173
-2928
-3107
-2424
-1485
-844
-299
-499
-1364
-1897
-1971
-2488
-2302
-1643
-929
364
966
1061
1207
1586
2196
2994
3031
2751
3029
3484
4372
5027
4755
4205
3952
4244
4122
3517
3193
3030
3005
2706
2224
1511
956
-399
-1898
-2535
-3090
-2720
-1871
-1743
-2032
-2412
-2943
-3287
-3444
-3391
-2772
-2127
-1929
-1863
-2000
-1850
-1533
-1294
-538
52
262
-415
-1479
-1901
-2452
-2619
-2499
-1946
-814
331
296
-42
-153
-440
-274
-379
-521
-98
370
447
481
872
1083
1406
1550
1561
2365
3070
3700
4149
4348
5008
5463
5110
3889
2452
1195
1231
1626
1688
2560
2631
2098
1133
-228
-1503
-2282
-2871
-3257
-2828
-3439
-3461
-3395
-4000
-3623
-3193
-2485
-1635
-1190
-1612
-1776
-1549
-1989
-1516
-1388
-805
522
936
896
798
600
93
-138
-421
-383
70
253
289
236
374
356
324
199
-213
-138
-146
141
705
875
1092
788
78
-238
-1054
-1528
-1173
-225
1488
2706
2978
2517
1924
1764
1367
868
573
377
783
495
126
178
52
286
255
294
325
-118
-1025
-2025
-2326
-2619
-2776
-2269
-1411
-516
-148
-699
-945
-698
-542
-328
-275
438
1298
1544
1460
857
1008
1120
937
812
330
750
792
503
558
796
892
482
312
-318
-1020
-1589
-2225
-1607
-672
-438
-384
-1012
-1513
-1763
-2416
-2808
-2470
-1959
-1656
-1429
-1065
42
1093
1497
1839
2492
3258
2794
1894
1041
579
970
850
850
1705
2559
2709
1980
1123
794
632
293
-182
77
438
432
243
-659
-963
-1225
-1327
-778
-590
65
731
1250
1590
1850
1868
1491
1462
855
-41
-315
-916
-1000
-59
-163
-360
-808
-1595
-2247
-2761
-3435
-3715
-3267
-3451
-3530
-3539
-3182
-2298
-1783
-1744
-1665
-1581
-1563
-1676
-1924
-1774
-1132
-369
574
1436
2333
2855
3062
3521
3594
3525
3137
2906
3480
3695
3612
3651
2911
2230
1779
1195
1041
936
1057
1158
1163
697
727
970
622
282
-571
-1151
-1057
-944
-868
30
783
983
470
-475
-1184
-1559
-1795
-2268
-2093
-1957
-2051
-1918
-2087
-2096
-1810
-1437
-1924
-2362
-2554
-2850
-2927
-3467
-3658
-3287
-2574
-2324
-1941
-1629
-1234
-721
-828
-557
83
847
1462
1718
2111
2777
2777
2667
3043
3738
4223
4373
4218
4225
4656
4727
4530
4284
3700
3110
2416
1389
899
631
-75
-319
-436
-551
-600
-936
-1400
-1834
-2029
-2200
-2177
-1981
-1827
-1612
-1073
-670
-505
-177
-748
-1667
-1975
-2598
-2553
-2430
-2769
-2255
-1960
-1943
-1979
-2080
-2303
-2498
-2718
-3093
-2821
-2663
-2299
-2150
-1787
-1140
-1142
-833
-275
587
1297
2043
2441
2582
3215
3198
3346
3500
3278
3264
3260
3231
3054
3059
2506
2538
2954
3011
3086
2909
2669
2019
1542
917
138
-172
-449
-874
-640
-590
-581
-293
-906
-1649
-1832
-2035
-2017
-1784
-1737
-1386
-786
-169
-152
-594
-1086
-1615
-2133
-2453
-2484
-2437
-2205
-2019
-2267
-2018
-2082
-2161
-1478
-900
-299
229
438
13
-193
-853
-1311
-924
-1022
-785
-631
-535
-344
233
685
912
2029
2941
3627
3947
3651
3403
3347
3607
3066
2453
2240
2048
2782
2919
2881
2842
2301
1510
739
180
-179
-252
-559
-570
-303
-282
-610
-1196
-1907
-2319
-3082
-3772
-3966
-3928
-3363
-2795
-2262
-1396
-865
-675
-289
-241
60
338
48
-335
-721
-1309
-1668
-1920
-2387
-2368
-1996
-1677
-1411
-1021
-626
-346
171
244
487
938
851
655
-96
-528
-727
-416
74
720
2010
3040
3475
3213
2817
2548
2507
2542
2781
3307
2964
2709
2654
2688
2685
2224
1295
504
-258
-1268
-1865
-2171
-2085
-1835
-1494
-1256
-1300
-941
-858
-592
-256
-217
-256
-785
-1272
-1896
-1906
-1709
-1614
-1278
-915
-696
-798
-515
-826
-420
157
69
392
305
-156
-790
-1679
-2578
-2506
-2285
-1771
-812
119
870
761
566
94
-174
-306
-299
63
1080
1427
1486
1760
1771
2209
1959
1533
1519
1578
1431
1197
1183
1390
1804
2181
2184
2043
2237
2300
2327
2172
1771
1351
183
-736
-1657
-2098
-2035
-2255
-1958
-1411
-809
-952
-1128
-1187
-1039
-644
-743
-481
-283
-273
-1152
-2410
-3260
-3452
-2797
-2267
-1422
-301
487
580
73
-761
-1239
-1459
-1705
-1410
-798
-316
-364
-757
-1055
-1150
-1382
-1436
-1004
-593
-247
144
343
871
1362
1475
1750
2371
2761
3284
3520
3232
3291
2973
2296
1725
1430
1578
1920
1762
1731
2044
2166
1792
1197
552
496
538
88
-313
-888
-1423
-2262
-3161
-3598
-3583
-2839
-2059
-1149
-134
606
448
-156
-677
-952
-731
-611
-557
-339
-224
-752
-1256
-1564
-1908
-1773
-1800
-1697
-1531
-1303
-1285
-1144
-893
-831
-650
-563
-313
45
439
688
359
184
55
-137
255
483
902
1374
1639
2135
2662
3146
3213
3166
3243
3440
3334
2770
2378
1856
1228
380
-408
-621
-843
-441
-389
-225
294
563
377
-297
-723
-997
-704
-756
-695
-379
30
-210
-475
-991
-1374
-1121
-1072
-868
-977
-827
-962
-988
-1093
-1194
-975
-850
-886
-986
-915
-1032
-1519
-2061
-2527
-2701
-2486
-2182
-1580
-1167
-618
-261
-220
-84
-434
-92
527
1161
1795
1913
1811
1726
1635
1256
984
954
1406
1962
2517
3478
3889
3776
3407
2551
1959
1553
1335
1439
1491
1330
981
395
-118
-575
-1249
-1145
-1132
-1062
-747
-999
-1161
-1215
-1401
-1594
-1356
-971
-525
-383
-344
-407
-934
-1523
-2501
-2892
-2511
-2064
-1526
-1270
-992
-682
-847
-1371
-2127
-2099
-1546
-1117
-861
-808
-647
-933
-1248
-1705
-1766
-1352
-701
69
732
1899
2658
3079
2996
2312
2104
2105
2353
2844
3361
3767
3463
2975
2174
1662
1174
1199
1625
1952
2061
1366
688
63
-453
-800
-592
-579
-498
-432
-677
-1200
-1820
-2507
-2970
-2573
-2206
-1609
-1138
-871
-514
-353
-700
-1325
-1513
-1324
-908
-618
-820
-1012
-1282
-1936
-2404
-2636
-2398
-2043
-1635
-1100
-622
195
317
-67
-406
-722
-146
252
575
1028
1621
2099
1961
1767
1621
1935
2204
2579
2872
3315
3639
3424
3260
2881
2612
2363
2283
2110
2232
2034
1282
465
-603
-976
-1405
-1499
-1068
-739
-661
-762
-809
-1430
-1786
-2248
-2350
-2198
-2107
-2067
-2138
-2221
-2395
-2344
-2430
-2287
-1687
-1147
-656
-187
-66
215
-245
-1015
-1510
-1893
-1417
-875
-486
-190
72
4
-353
-550
-410
-16
622
1393
2235
3007
3083
2877
2462
2093
1993
2284
2527
2802
3038
3173
2866
1825
921
787
1096
1446
1591
1525
1631
1403
654
-390
-1067
-1492
-1839
-1949
-1920
-1956
-2373
-2983
-3658
-3736
-3609
-3269
-2912
-2606
-1821
-1475
-1660
-1545
-1683
-1793
-1911
-2060
-1587
-974
-286
91
350
455
225
35
67
70
455
988
1493
1664
1332
1251
757
507
677
1146
1827
2325
2600
2652
2524
2001
1530
1601
2022
2372
2826
2876
3004
2869
2163
1454
799
144
-90
-130
-215
-151
-574
-1147
-1772
-2005
-1793
-1443
-1109
-1007
-950
-1173
-1757
-2374
-2722
-2929
-3139
-2941
-2496
-2330
-1985
-1740
-1729
-1587
-1635
-1366
-905
-539
-251
78
650
1007
1050
899
677
635
623
753
1166
1550
1776
1749
1639
1405
1132
1034
1165
1660
2230
2944
3200
2836
2225
1413
937
399
58
299
349
460
389
-326
-771
-741
-369
-306
-296
-317
-236
-221
-585
-827
-1064
-1199
-1111
-1414
-1653
-1761
-1706
-1529
-1716
-1980
-2105
-2086
-2159
-2268
-2277
-1861
-1669
-1537
-1452
-1552
-1499
-1514
-1337
-703
-98
364
700
683
886
1239
1471
1749
2264
2786
3159
3695
3781
3639
3054
2101
1422
881
628
683
908
970
665
355
119
4
55
365
498
914
1235
1144
761
174
-161
-477
-558
-656
-682
-474
-222
-259
-657
-939
-785
-752
-816
-1208
-1592
-1404
-1635
-1798
-1891
-1958
-2021
-2269
-2522
-2512
-2128
-1962
-2177
-2153
-1740
-1422
-904
-775
-437
424
1179
2010
2440
2620
2457
2129
1829
1727
1828
1826
1947
2133
2233
2003
1725
1506
1322
1292
1265
1310
1006
346
-31
-75
-156
-264
-274
-120
217
591
471
163
-46
-243
-348
-551
-618
-991
-1029
-1072
-1312
-1146
-1328
-1610
-1683
-1668
-1596
-1559
-1408
-1338
-1644
-1916
-2002
-1870
-1601
-1651
-1340
-873
-399
79
74
-33
11
-107
-150
-22
147
522
633
1011
1415
1518
1747
1996
2119
2179
2161
2157
1935
1465
1467
1588
1774
2202
2393
2562
2512
2075
1689
1124
664
464
454
69
-132
-427
-452
-389
-782
-863
-1037
-1116
-903
-829
-990
-1096
-1311
-1585
-1763
-1784
-1803
-1786
-1798
-2037
-1973
-1832
-1403
-1161
-1031
-828
-839
-1015
-1017
-1224
-1177
-865
-989
-406
-234
-300
-136
-341
-399
-660
-985
-998
-578
-490
-25
733
1207
2207
2894
3269
3344
3133
2732
2439
2436
2211
2288
2070
1877
1915
1792
1440
809
382
281
114
-85
-24
60
-92
-506
-1029
-1303
-1179
-1228
-1338
-1511
-1732
-1624
-1666
-1636
-1447
-1222
-901
-778
-742
-907
-1212
-1428
-1509
-1533
-984
-579
-569
-632
-1033
-1440
-1988
-2532
-2734
-2523
-1903
-1263
-406
367
1000
1412
1430
1413
1222
865
639
681
937
1362
1359
1422
1797
1951
1964
1878
2146
2620
2798
2745
2407
2375
2457
2200
1756
1284
817
435
87
-197
-536
-722
-811
-672
-134
-95
15
203
240
231
-91
-578
-639
-405
-436
-413
-785
-1192
-1612
-2489
-3071
-3284
-3083
-2710
-2238
-1565
-625
-119
-85
-214
-602
-624
-883
-1324
-1440
-1269
-1014
-725
-642
-409
-47
-14
251
460
748
1217
1364
1431
1521
1781
2068
1810
1564
1390
1461
1725
1592
1392
1282
1443
1597
1559
1562
1448
1396
1435
1340
1107
801
368
250
436
166
-198
-753
-1375
-1693
-2217
-2363
-2480
-2260
-1669
-1303
-778
-345
-228
-182
-361
-851
-1051
-1613
-2034
-2006
-1911
-1568
-1384
-1256
-1160
-1135
-1106
-942
-561
-126
243
227
343
276
48
-19
-408
-391
-332
-180
-2
146
584
933
1203
1378
1383
1501
1592
1823
2056
1829
1792
1838
1894
2048
1990
1749
1574
940
348
12
-455
-764
-778
-512
-104
526
1026
982
855
659
60
-203
-553
-896
-694
-640
-752
-758
-906
-954
-755
-498
-421
-468
-267
-226
-128
-250
-415
-795
-1061
-1405
-1640
-1606
-1726
-1482
-1299
-940
-494
-387
-351
-146
-133
20
81
152
372
264
344
406
713
976
710
478
145
-203
-376
-602
-434
1
655
1182
1450
1886
2175
2178
2102
1844
1397
1065
590
378
503
373
250
5
-1
271
252
244
305
611
1015
1049
974
672
3
-750
-1656
-2313
-2493
-2331
-2198
-2097
-1758
-1428
-1267
-961
-949
-954
-742
-894
-1271
-1388
-1121
-787
-414
-339
-148
5
-197
-423
-856
-1323
-1377
-1242
-1065
-710
-209
190
451
422
281
433
613
699
719
564
553
667
892
1171
1251
1325
1907
2151
2140
2085
1910
2440
2941
2902
2680
2297
1743
1175
297
-381
-725
-679
-90
158
469
399
133
-31
-485
-840
-877
-1101
-1431
-1664
-1653
-1285
-1015
-703
-501
-486
-614
-987
-1439
-1883
-2317
-2057
-1526
-1048
-504
-386
-505
-691
-879
-1017
-1111
-1092
-969
-861
-933
-970
-809
-645
-423
-180
-78
123
359
691
1225
1944
2372
2496
2570
2418
2063
1600
1248
1224
1492
2011
2373
2349
2324
2219
2075
1853
1217
754
373
173
275
-47
71
240
256
314
256
247
-243
-957
-1782
-2298
-2488
-2222
-1839
-1656
-1426
-1284
-1186
-1348
-1584
-1743
-1870
-1792
-1552
-1356
-1277
-1501
-1526
-1613
-1783
-1868
-2032
-1867
-1349
-788
-443
-194
-72
64
307
316
72
-35
183
474
858
1520
1876
2322
2622
2774
2728
2539
2150
1936
2086
2044
2251
2514
2744
2960
3186
3112
2561
1859
981
37
-413
-673
-739
-629
-440
-445
-459
-808
-1233
-1499
-1823
-1939
-1951
-1686
-1514
-1669
-1827
-2019
-2241
-2464
-2511
-2439
-2178
-1864
-1914
-1763
-1517
-1336
-1049
-966
-890
-1091
-1343
-1300
-1280
-1149
-718
-154
370
976
1220
1147
1092
887
620
450
624
960
1608
2283
2657
2896
2979
3066
2829
2513
2128
2012
1848
1854
2004
1885
1928
1703
1559
1275
900
598
101
-100
-137
-179
-82
-342
-574
-865
-1218
-1653
-1996
-1966
-1905
-1729
-1680
-1688
-2005
-2063
-2088
-2368
-2499
-2418
-2188
-2113
-1923
-1779
-1260
-712
-414
-190
-88
-92
-393
-709
-1025
-1095
-873
-687
-302
244
778
1415
1853
2078
1867
1420
1081
844
915
1095
1365
1893
2285
2163
1968
1772
1702
1835
1674
1353
1361
1686
2077
2098
1494
1019
748
373
218
95
51
280
346
-51
-676
-918
-1290
-1758
-2043
-2283
-2245
-2254
-2326
-2044
-1595
-1188
-1091
-1250
-1221
-1289
-1474
-1775
-1967
-1698
-1306
-1165
-712
-336
40
260
106
85
109
59
-162
-570
-777
-513
-161
129
498
841
999
1053
1091
1028
1175
1244
1265
1423
1714
1919
1583
1273
1256
1120
1136
1281
1402
1764
2247
2428
2131
1647
832
283
-38
-351
-513
-683
-806
-540
-438
-536
-765
-958
-923
-940
-1127
-1545
-1910
-1802
-1421
-1128
-750
-654
-519
-288
-446
-829
-1059
-1201
-1084
-894
-1045
-1118
-1142
-1028
-836
-801
-665
-316
-206
-111
-4
-127
-300
-480
-253
-7
31
128
213
366
720
929
1230
1671
1972
1954
1565
1266
1110
998
983
917
919
1111
1387
1534
1313
1179
1117
960
698
494
173
-66
-79
78
149
-8
-76
-16
117
108
-194
-696
-937
-1084
-1155
-1208
-1351
-1411
-1423
-1181
-972
-954
-893
-820
-691
-661
-812
-788
-822
-863
-884
-962
-947
-1128
-1208
-1131
-838
-703
-491
-110
264
472
205
-273
-470
-391
-91
130
508
912
1117
1023
849
641
425
344
352
597
924
1156
1058
1116
1459
1667
2002
2252
2188
2143
1793
1674
1334
587
127
43
73
-20
-275
-600
-670
-368
-343
-447
-408
-546
-649
-670
-881
-1083
-982
-1046
-964
-1138
-1238
-1188
-1153
-1203
-994
-810
-616
-419
-611
-816
-938
-930
-822
-638
-334
64
226
165
-25
-333
-482
-613
-570
-304
-96
131
230
494
772
932
1233
1286
1255
1459
1583
1556
1572
1289
1117
1127
947
1002
969
1011
1033
1166
1460
1650
1628
1212
784
194
-85
-345
-515
-629
-762
-789
-1090
-1104
-1122
-1156
-1116
-989
-735
-745
-1000
-1393
-1732
-1728
-1502
-1440
-1135
-732
-579
-685
-721
-1079
-1395
-1675
-1827
-1521
-1169
-670
-632
-578
-205
264
354
318
416
502
601
595
428
447
707
679
608
570
452
437
547
875
1257
1397
1363
1307
1479
1554
1550
1373
1259
1429
1459
1298
1103
1069
1024
757
445
235
186
84
-218
-419
-541
-585
-584
-480
-193
112
-24
-369
-764
-930
-941
-1030
-1139
-1187
-1072
-995
-1115
-1155
-827
-430
-150
-51
-4
-35
-122
-412
-624
-950
-957
-727
-602
-488
-592
-611
-548
-201
135
285
255
370
534
489
334
142
105
398
737
846
1048
1246
1323
1391
1294
1023
887
856
824
829
1006
931
811
589
919
864
484
92
-569
-686
-825
-982
-1008
-860
-654
-660
-820
-766
-553
-235
113
259
297
-8
-262
-636
-829
-1091
-1292
-1283
-1138
-1084
-1109
-1046
-1087
-1006
-1006
-1036
-1014
-927
-774
-604
-578
-741
-688
-563
-512
-382
-290
21
341
596
687
676
805
887
880
921
1034
1266
1563
1763
1933
1904
1443
1101
864
730
824
828
795
848
680
548
497
350
441
779
1118
1181
1073
601
185
-256
-578
-668
-676
-589
-630
-651
-629
-705
-879
-938
-1039
-1019
-988
-1129
-1181
-1194
-1311
-1398
-1379
-1270
-980
-827
-731
-640
-675
-812
-1020
-942
-495
-181
46
205
205
293
333
227
315
446
318
274
341
377
580
690
474
428
660
826
1099
1401
1868
2402
2542
2324
1926
1601
1340
1097
1006
1099
981
1288
1287
904
536
78
-111
-180
-40
41
15
-253
-472
-873
-1186
-1460
-1580
-1446
-1335
-1292
-1392
-1420
-1464
-1541
-1925
-1904
-1726
-1496
-1133
-1031
-941
-940
-954
-1004
-1117
-1057
-998
-1046
-988
-907
-717
-506
-532
-643
-541
-352
60
574
1029
1521
1618
1514
1456
1248
1157
1021
1124
1538
1766
1753
1683
1788
1775
1490
1264
1122
1076
1403
1369
985
822
630
395
156
182
244
205
122
-47
-94
-346
-555
-865
-919
-854
-826
-875
-1014
-1095
-1232
-1630
-1969
-1992
-1954
-1640
-1528
-1453
-1561
-1437
-1402
-1410
-1258
-1093
-843
-524
-315
-157
-2
123
125
-3
-17
-1
199
526
775
1140
1325
1417
1539
1571
1571
1646
1440
1353
1415
1439
1436
1186
837
665
664
736
934
1066
1119
1144
1214
1051
718
481
410
368
302
169
93
-51
-202
-531
-1038
-1283
-1271
-1140
-1365
-1438
-1254
-969
-671
-763
-919
-875
-789
-692
-726
-752
-585
-608
-729
-963
-1152
-1125
-806
-565
-348
-135
-41
-29
-223
-217
-189
-51
152
172
168
91
26
-208
-413
-380
-72
376
730
1182
1285
1002
768
705
708
748
762
934
1047
1091
874
592
487
-42
-322
-312
-361
-147
61
-5
-81
-29
-1
83
-16
-111
-12
24
49
76
-4
-222
-430
-621
-739
-742
-610
-368
-172
72
363
288
55
-365
-632
-519
-327
-282
-498
-615
-811
-892
-987
-1268
-1021
-491
-233
11
263
307
261
122
213
485
580
561
520
687
750
507
182
-185
-318
-234
-114
95
253
469
629
656
628
646
770
906
1105
960
873
696
703
797
704
443
58
272
482
604
749
810
774
707
587
283
2
-68
-277
-339
-344
-666
-943
-1097
-1188
-1234
-1158
-864
-588
-500
-531
-952
-1134
-982
-814
-784
-640
-416
-492
-586
-745
-899
-1071
-1339
-1404
-1186
-890
-505
-371
-112
170
280
456
353
289
488
651
751
742
817
746
662
743
934
1103
1332
1578
1752
1917
1990
1816
1496
1460
1516
1581
1360
893
520
309
-68
-425
-362
-244
-95
39
55
-257
-516
-618
-899
-1220
-1180
-919
-624
-404
-386
-902
-1240
-1444
-1940
-2218
-2283
-2233
-1751
-1388
-1335
-1280
-1190
-1025
-862
-686
-693
-606
-423
-178
-96
-343
-592
-398
70
173
432
732
1123
1388
1328
1119
988
1387
1809
1816
1716
1662
1548
1338
1060
916
814
779
714
632
626
658
661
705
715
437
173
102
276
528
713
453
46
-224
-479
-763
-1271
-1619
-1572
-1389
-1193
-1078
-1120
-1244
-1199
-1055
-1023
-1209
-1152
-1094
-1155
-1270
-1611
-1632
-1405
-1060
-725
-643
-621
-410
-87
110
211
428
618
832
1286
1614
1625
1501
1392
1276
1129
983
949
1112
1308
1318
1053
1013
1188
1527
1633
1301
954
1014
1304
1632
1768
1664
1423
846
113
-372
-712
-807
-688
-749
-766
-679
-762
-997
-1095
-1064
-992
-1073
-1207
-1189
-1295
-1435
-1438
-1476
-1488
-1752
-1888
-1710
-1347
-1181
-1144
-971
-546
-118
-63
-94
-93
-25
207
341
269
352
373
158
132
165
267
370
369
500
639
701
750
790
1083
1384
1590
1653
1609
1509
1311
1123
964
762
479
338
230
318
399
390
359
332
364
301
78
-16
-6
91
-102
-428
-752
-884
-1079
-1159
-1194
-1199
-1032
-917
-863
-1060
-1094
-864
-553
-391
-415
-320
-136
-244
-713
-1058
-984
-803
-667
-641
-584
-430
-416
-509
-644
-669
-327
109
577
818
909
978
886
766
700
648
573
563
750
812
636
472
655
633
666
696
762
907
1066
1093
914
775
634
526
262
46
102
201
170
35
-161
-60
25
-65
-179
-168
-214
-26
74
-40
-168
-320
-497
-715
-844
-1024
-1006
-699
-599
-686
-866
-1186
-1124
-930
-780
-620
-379
-112
-68
-158
-187
-175
-263
-424
-527
-632
-548
-437
-369
-328
-216
7
177
287
364
522
707
928
1046
1135
868
424
246
211
371
477
605
851
941
681
528
612
512
500
622
704
771
817
804
630
364
220
-147
-353
-289
-339
-299
-129
-90
-131
-348
-405
-420
-445
-348
-325
-241
-171
-139
-324
-508
-767
-930
-849
-723
-690
-801
-896
-892
-946
-905
-760
-495
-289
-190
-272
-413
-427
-532
-825
-940
-710
-236
328
576
618
802
867
705
569
740
1144
1240
1244
1268
1418
1518
1142
587
296
452
539
408
405
608
671
532
241
-48
-69
59
79
78
168
212
-2
-248
-426
-383
-328
-248
-160
-211
-240
-530
-821
-810
-631
-493
-428
-387
-316
-421
-499
-881
-1122
-943
-843
-920
-1021
-878
-805
-732
-431
-388
-519
-559
-591
-486
-95
442
721
760
797
668
478
379
430
682
768
824
1043
1004
917
697
713
803
671
686
464
504
649
752
557
438
275
251
275
-17
-273
-362
-466
-394
-395
-363
-239
-181
72
88
-43
-189
-206
-250
-397
-528
-571
-641
-722
-741
-775
-717
-636
-679
-667
-543
-508
-428
-304
-143
112
118
24
-113
-30
-12
56
174
201
209
396
518
621
810
885
912
855
738
552
619
718
753
787
830
759
409
55
-130
-90
67
11
-19
37
97
107
52
43
-37
-188
-424
-335
-106
-126
-261
-231
-280
-412
-587
-741
-702
-628
-503
-526
-652
-731
-749
-812
-776
-640
-727
-662
-566
-547
-603
-653
-546
-363
-315
-116
185
429
299
151
135
224
267
353
349
462
570
478
513
457
420
451
470
593
613
415
296
300
319
403
419
502
540
662
623
529
404
308
130
88
160
36
-23
-52
-53
-107
-207
-286
-265
-254
-158
-197
-270
-296
-318
-239
-270
-454
-460
-520
-596
-448
-407
-510
-451
-413
-251
-118
-272
-253
-98
-65
-232
-264
-274
-266
-97
-53
-110
-126
-106
-105
-155
-101
-83
84
196
299
340
458
583
527
499
602
768
863
924
877
811
786
888
955
886
793
460
195
189
217
223
295
271
90
-124
-367
-450
-559
-519
-601
-746
-818
-724
-527
-412
-423
-363
-213
-328
-488
-426
-402
-372
-446
-518
-463
-304
-177
-219
-340
-491
-608
-708
-720
-581
-285
-71
64
-121
-132
-23
65
110
51
-83
-96
161
519
577
454
488
546
648
808
884
841
953
1125
990
804
656
542
510
301
211
250
32
-157
-200
-217
-287
-173
-157
-236
-24
97
20
-14
-103
-297
-275
-222
-179
-41
-149
-437
-581
-656
-710
-818
-725
-590
-480
-440
-402
-462
-462
-460
-413
-234
-249
-372
-328
-79
-182
-265
-315
-306
-57
127
108
224
353
277
521
611
578
631
545
505
551
588
594
460
349
311
155
175
352
504
585
666
766
708
621
355
243
310
253
68
-58
-65
-209
-290
-302
-261
-270
-319
-374
-429
-452
-491
-462
-411
-290
-219
-199
-349
-489
-512
-673
-640
-429
-327
-263
-279
-165
-315
-402
-403
-346
-157
9
54
119
214
356
364
154
104
238
339
298
293
207
300
380
335
348
435
602
664
523
401
439
495
429
447
518
492
282
88
40
-8
-214
-465
-603
-421
-251
-294
-436
-614
-700
-692
-560
-484
-302
-405
-508
-525
-611
-657
-627
-699
-550
-328
-137
30
69
74
-34
-126
-140
-88
-3
90
196
304
244
40
-210
-199
-135
-22
54
278
566
744
743
585
570
568
702
699
648
671
667
678
530
531
378
270
296
231
161
226
173
40
38
92
85
176
138
115
-133
-333
-452
-607
-567
-490
-580
-699
-404
-212
-73
-284
-450
-454
-427
-505
-513
-447
-310
-194
-219
-236
-298
-349
-431
-572
-568
-406
-187
171
409
448
412
278
184
236
245
446
584
545
607
648
506
397
444
393
436
424
98
76
82
-24
-48
-284
-184
191
290
325
419
412
310
36
-69
-48
15
30
169
279
101
-100
-214
-118
-281
-453
-481
-444
-241
-336
-528
-532
-613
-785
-956
-992
-953
-817
-695
-606
-575
-539
-450
-464
-377
-353
-72
102
92
95
141
291
395
644
664
642
655
486
286
286
266
311
383
587
698
778
771
814
743
540
283
78
235
412
581
625
673
612
503
206
71
130
171
214
133
307
330
163
-94
-300
-459
-666
-823
-836
-621
-410
-354
-424
-579
-810
-873
-1111
-1074
-885
-677
-412
-278
-230
-336
-464
-369
-201
-68
191
131
0
-159
-164
-77
7
76
70
97
133
165
47
47
120
52
104
335
389
304
285
202
197
315
379
396
526
587
634
682
644
643
546
363
389
508
412
144
69
43
245
365
275
124
-260
-500
-668
-618
-558
-439
-295
-249
-376
-481
-532
-649
-540
-523
-520
-313
-197
-134
-214
-222
-304
-381
-481
-527
-442
-219
59
182
183
127
52
-99
-147
-39
171
207
407
483
461
398
266
257
293
512
795
697
427
365
325
254
277
175
300
429
354
173
152
333
405
197
-3
19
22
100
13
-6
5
-53
-59
-97
-106
7
-16
-98
-136
-134
-126
7
-21
-129
-224
-270
-278
-377
-505
-508
-366
-286
-244
-284
-248
-381
-561
-429
-263
-161
-153
-139
17
183
47
-193
-198
57
106
-96
-87
177
417
349
236
212
318
488
353
63
-144
-221
-122
-75
-24
-38
-42
-111
-98
-134
-263
-133
105
218
233
213
112
-19
-198
-143
-39
98
167
115
179
121
-6
-46
-110
-76
-75
-103
-7
-164
-244
-241
-233
-276
-272
-171
-97
-130
-349
-561
-639
-467
-315
-190
-105
-78
-11
-9
-28
39
145
18
-114
-15
135
134
132
297
585
732
517
317
72
-35
-69
19
289
432
463
509
498
357
281
215
195
182
199
339
384
449
296
122
-36
-89
72
183
120
78
178
11
41
98
43
-29
-43
-104
-256
-295
-170
-7
-62
-167
-365
-339
-209
-178
-64
40
-42
-147
-328
-389
-410
-392
-196
-50
118
150
-27
-94
-203
-220
-134
-62
151
280
209
38
-150
-202
-131
-25
229
431
515
527
467
514
556
448
292
303
328
269
232
170
150
205
233
202
130
45
17
-78
-265
-323
-341
-292
-193
-109
-141
-398
-535
-513
-388
-374
-339
-530
-436
-453
-648
-750
-715
-640
-644
-711
-735
-615
-539
-484
-634
-588
-381
-287
-352
-410
-342
-188
-151
-165
-112
79
262
372
325
404
508
454
389
365
586
691
765
763
688
738
769
572
421
338
343
340
336
429
527
626
469
364
220
254
505
435
264
146
71
108
34
29
18
-77
-48
61
-214
-390
-407
-367
-337
-550
-854
-834
-652
-565
-671
-734
-689
-654
-516
-566
-369
-166
-145
-163
-159
-183
26
181
107
155
199
380
294
337
375
332
510
678
768
856
892
778
570
388
382
494
627
613
554
578
659
538
416
366
257
154
176
296
289
99
79
215
146
154
-162
-461
-597
-562
-558
-486
-396
-339
-411
-614
-641
-783
-720
-630
-633
-520
-366
-414
-432
-538
-642
-710
-905
-924
-883
-774
-607
-395
-266
-158
-203
-272
-173
-111
-28
-2
57
276
182
-30
-24
180
401
508
531
651
798
815
838
863
883
859
748
699
697
650
564
399
178
132
145
235
266
127
25
46
43
-80
-331
-472
-504
-392
-293
-356
-353
-281
-190
-273
-411
-431
-252
-157
-181
-385
-683
-779
-686
-682
-747
-530
-522
-508
-557
-605
-528
-392
-231
-345
-334
-176
-48
25
132
110
189
511
687
734
759
734
903
1080
996
779
665
726
655
575
508
568
673
690
658
642
578
368
219
162
263
281
164
103
178
211
-122
-375
-416
-449
-444
-306
-186
-128
-223
-366
-479
-586
-531
-489
-376
-189
-194
-455
-745
-938
-1022
-999
-897
-596
-435
-370
-462
-673
-706
-494
-286
-139
-47
128
347
437
411
469
652
453
308
311
434
534
548
422
407
411
275
165
190
407
525
668
697
584
494
307
177
348
246
122
303
451
499
360
168
91
145
49
-181
-206
-101
-83
-74
-46
-20
-94
-308
-595
-786
-821
-817
-663
-524
-420
-406
-512
-562
-533
-401
-505
-572
-464
-398
-373
-375
-354
-353
-287
-282
-299
-260
-203
4
108
172
272
412
407
433
400
455
557
461
436
360
386
439
367
287
328
305
484
454
270
200
264
305
173
206
336
383
231
31
-79
-208
-270
-361
-546
-397
-146
8
114
139
80
86
58
-122
-188
-117
14
137
92
-66
-69
-57
-179
-481
-578
-574
-472
-503
-472
-225
-177
-202
-307
-354
-235
-89
-180
-150
-110
-138
-163
-216
-79
99
186
168
131
194
375
474
555
589
545
479
369
307
297
321
394
519
395
92
23
169
177
79
-23
47
275
269
132
129
351
485
415
296
210
189
171
92
-126
-146
-151
-224
-115
-125
-128
-10
58
-15
-45
-21
-7
-77
-159
-286
-421
-437
-429
-515
-536
-624
-685
-595
-527
-396
-322
-212
-118
7
1
-93
-138
-217
-258
-284
-389
-446
-228
4
199
222
46
46
83
135
120
267
481
497
454
389
400
320
401
446
424
354
216
217
135
-51
-241
-291
-207
-173
-48
95
106
-91
-390
-655
-794
-789
-585
-453
-493
-418
-356
-432
-379
-321
-186
-16
-8
19
71
88
129
11
-104
-194
-222
-242
-218
-242
-225
13
174
346
312
179
226
284
391
503
464
425
341
214
332
415
392
523
700
765
784
649
535
432
297
300
306
368
431
407
416
413
435
167
-99
-205
-194
-241
-159
-89
-86
-27
-146
-171
-242
-344
-299
-310
-353
-229
-189
-160
-353
-643
-724
-892
-880
-607
-468
-259
-82
-93
-193
-329
-430
-309
-238
-148
-10
165
263
312
416
456
440
454
526
542
646
627
468
437
330
228
133
-27
-11
220
321
348
278
268
275
94
13
-37
22
94
102
67
50
-57
-137
-146
-69
124
191
68
36
-21
2
-304
-515
-517
-518
-476
-574
-579
-595
-545
-597
-697
-778
-666
-654
-677
-660
-625
-536
-451
-319
-258
-117
-79
-184
12
81
68
-5
9
95
94
65
89
381
509
474
415
407
427
544
542
440
480
358
411
458
298
265
218
107
47
332
292
178
228
189
143
91
119
-28
-152
-103
0
122
201
96
-64
-191
-256
-417
-463
-283
-200
-68
-7
5
13
-45
-68
-31
-137
-161
-177
-144
-163
-79
-3
-12
59
69
-80
-139
-151
-125
-189
-141
15
-99
-79
-34
-107
-98
61
165
164
82
13
36
-50
236
436
430
496
434
277
333
291
104
84
42
75
198
253
284
150
35
67
76
161
224
173
258
322
251
230
35
-10
-3
-27
-8
-113
-197
-189
-162
-97
-178
-166
-105
-301
-443
-399
-488
-569
-564
-480
-300
-294
-345
-359
-293
-350
-423
-462
-339
-15
173
165
122
25
-65
-124
-228
-256
-79
156
388
533
443
277
137
149
346
265
79
49
161
224
221
117
156
379
447
437
315
261
107
111
128
93
16
93
153
128
204
112
108
67
118
108
-81
-223
-251
-247
-93
-114
-120
-110
-193
-342
-461
-554
-659
-555
-458
-278
-359
-328
-266
-337
-416
-491
