-145
-121
-168
-171
-187
-170
-145
-139
-135
-129
-133
-162
-136
-122
-106
-130
-155
-158
-116
-85
-49
-59
-98
-81
-74
-58
-54
-19
-5
-11
9
1
-36
-48
-70
-39
-52
-16
0
-28
28
26
7
-5
-39
-61
-50
-39
-16
-9
-16
-31
-58
-32
-15
-27
-36
5
53
107
115
65
66
57
44
45
25
6
64
81
137
134
101
64
33
57
36
41
31
42
60
76
97
93
88
64
49
71
72
71
61
61
63
76
83
73
69
78
76
75
77
52
9
18
50
62
59
54
52
56
70
48
28
22
29
24
17
5
34
63
68
53
19
13
7
49
71
67
103
90
82
51
10
-37
-38
-33
-24
-35
-57
-14
-16
4
21
12
-4
0
1
6
-11
-35
-33
-62
-41
-48
-30
-9
13
47
57
73
53
43
62
39
1
3
-17
-24
-10
25
45
57
31
10
-11
-68
-83
-83
-67
-50
-24
-17
-6
-17
-28
-63
-63
-98
-84
-43
-30
-36
-106
-124
-180
-168
-203
-171
-146
-152
-150
-197
-209
-225
-228
-225
-169
-167
-143
-156
-138
-151
-152
-150
-153
-117
-58
11
-9
-54
-58
-59
-41
-24
24
76
86
117
91
18
-39
-35
-43
-50
-2
37
46
46
-7
-4
-2
36
100
89
71
101
107
102
116
106
153
175
183
188
185
182
188
195
169
195
195
176
220
176
185
179
143
118
69
84
75
71
68
59
44
68
103
36
28
19
0
0
-25
-8
31
59
31
10
19
-9
-34
-66
-65
-42
-31
-11
0
5
5
-14
24
-3
-25
-49
-48
-24
-17
-5
-8
5
20
-5
-43
-49
-82
-54
-59
-28
-7
18
-9
-17
9
-15
-13
10
21
32
57
18
-23
-63
-69
-61
-68
-46
-69
-47
-18
-2
-10
12
33
42
61
52
31
-5
6
-13
-8
-35
-51
-46
-84
-84
-103
-128
-134
-145
-171
-186
-152
-106
-76
-75
-98
-89
-108
-144
-187
-191
-186
-165
-143
-138
-167
-167
-133
-114
-92
-61
-32
7
11
-15
-8
5
-14
-45
-8
-3
36
24
-33
-8
-21
-25
-15
-11
-19
3
48
10
-15
-40
-20
37
82
84
65
83
85
72
74
79
58
69
49
81
148
158
146
130
134
145
150
134
151
149
187
200
204
149
131
103
107
97
92
69
17
25
35
36
76
106
150
196
158
140
76
60
32
29
-7
26
57
69
41
25
26
-3
6
-5
-8
38
42
35
18
31
50
43
8
0
22
42
104
89
90
88
108
89
83
69
55
76
50
102
66
47
42
12
-7
-19
8
-4
19
29
10
-21
-58
-109
-108
-90
-69
-88
-88
-62
-106
-135
-129
-137
-130
-109
-144
-190
-203
-215
-200
-207
-236
-246
-288
-270
-291
-295
-295
-220
-215
-221
-213
-276
-266
-322
-299
-286
-274
-230
-206
-176
-156
-123
-119
-102
-93
-89
-70
-31
-38
-45
-56
-52
-29
-17
0
34
46
67
45
-6
8
8
14
10
15
47
63
68
95
74
62
93
107
110
128
124
130
166
144
105
97
73
102
132
184
195
207
211
171
126
126
136
149
161
125
170
154
162
139
126
151
150
200
240
228
195
225
218
196
197
193
200
162
196
187
179
188
167
185
166
163
182
152
150
126
123
149
151
139
114
62
61
35
14
12
-16
-25
-29
-8
-21
-39
-63
-34
8
5
-48
-66
-129
-134
-139
-131
-97
-126
-141
-184
-185
-221
-196
-198
-197
-152
-144
-152
-123
-116
-122
-145
-149
-150
-142
-146
-159
-167
-190
-155
-155
-149
-158
-153
-139
-120
-106
-120
-120
-112
-100
-113
-122
-160
-161
-202
-189
-153
-115
-97
-133
-153
-138
-156
-144
-153
-170
-106
-92
-37
-2
-49
-51
-63
-23
-2
-46
-81
-88
-63
-34
12
21
45
45
14
17
-9
-41
-29
28
75
83
77
96
128
155
142
122
122
151
181
167
208
190
177
161
111
111
131
139
119
156
209
209
192
140
77
51
68
90
95
65
69
72
40
24
43
61
74
116
107
103
96
127
152
137
154
148
135
74
52
44
60
80
65
43
24
28
21
16
-12
-2
-21
-39
-16
-34
-68
-87
-60
-38
-40
-56
-42
-33
-12
26
37
13
40
32
37
89
93
92
83
71
78
65
42
-12
-52
-47
-66
-23
1
19
29
-16
-39
-100
-89
-87
-80
-86
-76
-90
-104
-111
-134
-133
-126
-99
-79
-64
-103
-141
-175
-146
-119
-100
-129
-150
-134
-162
-180
-193
-226
-196
-193
-182
-177
-190
-174
-182
-188
-193
-201
-180
-151
-158
-146
-135
-149
-131
-130
-93
-111
-45
-41
-64
-33
-44
-48
-62
-60
-51
-29
2
24
26
51
52
64
81
153
176
143
110
135
136
143
174
171
187
215
257
241
255
255
291
291
278
260
225
204
188
192
234
270
293
304
268
243
217
185
167
154
150
167
133
99
109
108
122
112
126
153
113
104
78
65
50
29
18
-31
-29
-29
-10
-35
-38
-36
-27
-2
-5
-38
-82
-108
-129
-129
-175
-166
-173
-177
-163
-179
-199
-182
-151
-121
-146
-151
-136
-116
-91
-150
-153
-176
-194
-186
-213
-224
-208
-181
-187
-223
-215
-197
-198
-182
-143
-159
-152
-129
-159
-113
-105
-99
-76
-45
4
3
-15
-6
12
36
67
50
54
68
107
102
88
81
95
87
86
79
6
35
89
94
72
71
74
83
44
-12
25
21
47
26
13
35
60
89
88
109
88
102
83
85
64
54
78
39
24
27
41
16
28
66
80
89
97
61
63
7
-50
-61
-72
-55
-42
-52
-30
9
40
47
35
51
58
52
24
-1
-10
-47
-26
-23
-4
-25
-58
-52
-50
-61
-58
-26
-34
-9
-6
-14
-55
-72
-99
-95
-86
-61
-96
-72
-69
-45
-26
-41
29
33
56
74
56
66
30
33
59
61
79
61
67
102
80
53
21
-17
-25
-28
-19
-34
16
18
23
22
47
67
95
82
87
79
70
60
17
8
-1
17
23
34
15
12
11
21
48
27
52
51
44
59
14
2
13
14
22
-10
-34
-40
-19
-28
-32
-39
-14
16
7
0
7
-7
21
12
-5
0
-11
18
24
5
5
-3
-45
-50
-81
-107
-148
-150
-125
-145
-121
-136
-123
-118
-129
-102
-63
-58
-39
-47
-31
-10
-7
-40
-44
-41
-38
10
0
1
-17
-32
-11
43
46
20
-3
17
-19
-57
-62
-44
-20
16
29
43
59
-1
-11
-7
-12
0
27
21
41
58
31
45
45
60
53
-14
29
50
46
62
24
13
36
37
47
42
73
37
17
36
67
106
101
79
75
68
136
135
115
124
120
162
127
125
90
72
103
81
76
76
50
77
110
62
21
6
-26
-74
-87
-99
-114
-61
-69
-102
-120
-137
-111
-128
-82
-100
-84
-61
-33
-62
-75
-75
-100
-92
-135
-147
-132
-135
-126
-113
-134
-116
-93
-96
-121
-149
-150
-146
-151
-151
-163
-146
-131
-100
-78
-90
-49
-37
-17
11
-7
-11
4
10
-2
6
-20
-36
-53
-40
-3
21
32
29
28
40
25
4
-5
-21
24
30
27
31
61
86
68
88
71
48
46
69
97
55
95
141
167
176
160
184
198
199
192
179
165
171
166
142
129
152
176
154
134
131
131
153
163
124
109
112
121
179
176
115
81
70
52
97
74
55
75
17
10
0
-29
-89
-88
-29
-22
-6
-23
-24
-79
-102
-128
-137
-116
-93
-89
-135
-105
-138
-128
-133
-137
-113
-139
-126
-83
-61
-54
-58
-55
-41
-14
-44
-79
-65
-91
-92
-48
-56
-36
-33
-32
-45
-65
-67
-86
-106
-119
-115
-77
-15
-22
-1
19
21
32
27
-13
-1
-11
-5
-29
-58
-42
-57
-22
-1
-13
18
21
-12
4
-29
-30
-30
-32
-31
-80
-129
-125
-130
-125
-120
-108
-118
-130
-99
-102
-101
-114
-73
-73
-72
-24
-21
-41
-53
-64
-89
-98
-68
-55
-53
-2
21
-8
10
-4
26
4
-11
11
67
98
94
39
30
66
43
76
80
109
157
174
181
160
135
150
152
127
101
80
84
132
129
126
109
108
158
160
104
98
102
101
89
67
93
150
170
190
171
163
173
156
147
127
120
109
91
84
85
71
44
16
-7
-8
-16
-1
21
5
-4
-4
-51
-112
-120
-120
-118
-115
-83
-98
-103
-94
-71
-21
32
37
10
11
24
0
10
30
21
22
7
-3
-15
-14
14
36
45
14
5
-30
-65
-88
-107
-102
-117
-110
-127
-126
-108
-130
-122
-131
-139
-135
-147
-152
-144
-132
-152
-159
-160
-131
-139
-100
-85
-104
-104
-140
-136
-106
-91
-93
-59
-78
-110
-125
-117
-131
-108
-97
-99
-74
-81
-57
-51
-44
-23
-49
-73
-39
-38
-10
-21
-57
-74
-56
-59
-92
-54
-46
-33
-6
-40
-29
-24
26
74
124
67
35
16
34
39
60
105
125
123
149
152
180
202
172
193
183
217
217
290
265
268
280
268
256
272
269
244
224
219
202
161
133
150
167
158
177
177
138
152
160
154
181
188
160
142
153
129
110
89
92
68
87
67
50
20
13
20
2
13
-4
28
62
16
-56
-115
-121
-107
-132
-171
-133
-101
-99
-99
-152
-184
-181
-225
-211
-192
-157
-175
-192
-187
-242
-238
-230
-235
-241
-202
-204
-213
-250
-276
-252
-206
-197
-175
-209
-187
-136
-162
-134
-145
-133
-138
-125
-83
-54
-2
-20
-53
-59
-90
-87
-46
-41
-41
-46
-20
-28
-44
-62
-73
-37
-23
-14
-18
-32
-40
-38
-55
-52
-5
-9
8
39
50
57
48
69
97
94
94
112
130
144
122
145
88
72
65
50
65
42
57
19
28
46
27
9
28
37
43
40
38
19
12
7
-3
65
101
110
123
113
126
118
120
130
134
155
138
176
169
136
129
122
128
131
120
107
136
132
140
142
103
77
44
2
-13
-31
-4
34
47
40
67
26
-18
-25
-18
3
15
34
42
18
6
7
-22
-21
-67
-57
-13
21
41
27
7
-13
-17
13
-19
-87
-104
-63
-64
-60
-39
5
55
71
67
58
71
54
47
44
73
117
112
80
43
45
24
15
-16
-28
15
35
93
83
76
58
16
-4
-54
-53
-58
-110
-156
-171
-134
-66
-87
-114
-96
-125
-176
-177
-208
-184
-140
-140
-105
-122
-139
-132
-169
-178
-180
-234
-256
-228
-184
-142
-142
-137
-132
-129
-128
-94
-96
-74
-51
-67
-96
-104
-129
-132
-96
-101
-45
-51
-46
-35
-48
5
28
14
34
18
27
32
-7
-4
-13
1
-4
39
38
28
75
39
18
27
10
29
58
75
69
60
55
64
84
115
116
50
9
23
15
22
34
45
99
124
109
69
36
75
107
119
109
123
137
160
142
114
92
150
167
154
168
152
151
143
154
162
151
161
181
207
204
164
181
156
163
156
92
117
170
160
128
69
73
84
73
60
62
39
40
77
89
115
74
80
42
51
27
10
-6
-65
-91
-106
-90
-79
-97
-102
-116
-143
-178
-189
-172
-173
-204
-217
-221
-207
-195
-198
-218
-194
-178
-208
-171
-163
-131
-106
-70
-51
-75
-85
-74
-64
-46
-91
-121
-113
-94
-86
-104
-95
-76
-66
-94
-92
-109
-104
-87
-89
-101
-105
-82
-59
-65
-54
-67
-75
-56
-22
-17
-10
13
20
43
28
-2
-1
-3
0
41
47
61
43
58
76
61
80
62
3
-13
-2
-22
-6
-23
-7
28
50
26
-7
-19
-12
8
-12
16
-3
32
31
-1
21
12
-18
-48
-75
-69
-29
-3
28
45
44
64
43
40
63
87
84
103
139
141
131
117
116
126
102
128
148
191
201
219
207
193
227
233
204
160
159
193
158
112
96
93
115
78
77
102
105
66
7
-12
-19
-39
-20
-26
-21
1
56
58
19
11
-25
4
12
-25
-24
-28
-42
-37
-49
-61
-73
-58
-41
-20
-47
-71
-44
-39
-54
-84
-69
-75
-120
-141
-123
-115
-102
-78
-100
-43
-18
-14
-39
-69
-85
-59
-60
-75
-81
-123
-97
-74
-91
-109
-121
-138
-138
-153
-153
-159
-154
-153
-167
-171
-179
-158
-163
-158
-157
-146
-119
-63
-56
22
45
38
18
-51
-42
-51
9
24
9
0
3
6
41
30
-24
-28
-15
-38
-56
-76
-83
-91
-69
-33
-41
-17
-17
-21
21
71
60
85
111
118
130
124
146
121
127
110
98
84
106
142
142
153
121
144
146
171
139
99
83
81
115
104
122
124
118
140
137
151
186
181
170
155
149
126
125
127
142
162
130
115
106
72
38
1
-49
-61
-76
-83
-83
-78
-50
-93
-119
-192
-189
-226
-233
-174
-137
-115
-154
-158
-161
-166
-170
-117
-116
-50
-75
-83
-66
-51
-12
1
6
18
21
18
-2
14
43
27
47
59
73
40
37
70
87
101
115
117
115
160
194
195
147
133
76
86
96
76
42
6
-12
-81
-122
-150
-152
-99
-104
-101
-76
-74
-111
-157
-190
-194
-170
-154
-163
-137
-112
-111
-112
-113
-82
-12
-16
18
46
64
33
15
21
25
55
47
59
32
54
19
-29
-36
-38
-40
-83
-103
-91
-69
-50
-24
-41
-46
-34
-62
-70
-58
-71
-69
-79
-24
38
28
28
0
-5
20
14
-6
23
78
92
123
115
89
103
129
153
137
109
66
79
45
46
72
100
107
118
135
116
84
33
0
-11
5
30
49
55
32
-5
-28
-58
-91
-128
-143
-115
-93
-120
-114
-129
-112
-99
-95
-97
-116
-107
-50
-23
-35
-26
19
27
31
72
139
189
199
212
173
143
168
181
167
165
194
172
178
150
147
142
121
167
170
143
100
84
50
-10
-41
-43
-36
-35
-58
-78
-59
-59
-76
-117
-208
-218
-247
-261
-308
-268
-259
-260
-247
-320
-345
-376
-342
-292
-234
-193
-182
-200
-204
-184
-165
-104
-34
57
108
153
169
182
236
264
318
350
385
391
433
471
437
422
335
295
276
240
208
192
147
80
4
-86
-163
-251
-314
-372
-448
-511
-573
-604
-625
-675
-731
-774
-821
-847
-887
-940
-923
-824
-683
-495
-263
81
380
538
569
523
553
762
1046
1346
1736
2041
2246
2311
2226
2041
1947
1847
1779
1792
1780
1683
1468
1209
894
477
19
-401
-698
-851
-1026
-1233
-1433
-1588
-1757
-2002
-2237
-2419
-2593
-2714
-2913
-3151
-3333
-3533
-3673
-3737
-3694
-3478
-3220
-2720
-2073
-1575
-1318
-1253
-1251
-868
-161
471
1305
2287
3135
3648
3935
3903
3871
4058
4185
4360
4775
5080
5111
4981
4707
4196
3566
2856
2166
1788
1520
1270
978
816
662
245
-278
-867
-1281
-1513
-1852
-2238
-2453
-2558
-2734
-3010
-3444
-3759
-3977
-4237
-4459
-4622
-4793
-4966
-5182
-5381
-5334
-5141
-4860
-4483
-3964
-3163
-2244
-1616
-1211
-894
-483
182
1034
1919
3004
4220
5144
5679
5956
6029
6053
6160
6184
6309
6554
6692
6468
6003
5480
4619
3720
2776
2031
1617
1296
853
305
-103
-607
-1232
-1938
-2563
-2819
-2938
-3286
-3636
-3914
-4110
-4245
-4469
-4749
-4812
-4783
-4877
-4955
-5062
-5179
-5269
-5446
-5564
-5441
-5160
-4817
-4369
-3731
-2777
-1823
-1217
-827
-457
119
931
1760
2719
3938
5172
6061
6635
6921
7032
7191
7257
7292
7433
7608
7539
7081
6571
5857
4840
3743
2606
1724
1089
453
-277
-894
-1310
-1880
-2636
-3391
-3992
-4214
-4357
-4697
-4985
-5115
-5173
-5310
-5529
-5714
-5636
-5583
-5607
-5580
-5550
-5564
-5670
-5842
-5904
-5688
-5413
-5061
-4512
-3619
-2530
-1541
-874
-373
27
574
1337
2287
3396
4793
6117
7059
7696
8039
8129
8188
8212
8221
8347
8537
8422
7954
7393
6603
5559
4389
3166
2185
1424
669
-129
-790
-1273
-1868
-2620
-3388
-3981
-4295
-4590
-5004
-5354
-5523
-5611
-5748
-5979
-6121
-6117
-6160
-6233
-6270
-6290
-6377
-6499
-6681
-6721
-6470
-6195
-5855
-5246
-4378
-3210
-2210
-1492
-961
-453
169
1116
2166
3411
4903
6290
7307
7950
8332
8483
8580
8643
8708
8922
9135
9033
8595
8008
7177
6069
4873
3677
2739
1995
1328
622
-51
-636
-1372
-2192
-2974
-3516
-3829
-4156
-4566
-4982
-5277
-5514
-5744
-5995
-6148
-6167
-6202
-6262
-6358
-6475
-6600
-6800
-7015
-7083
-6915
-6662
-6269
-5663
-4766
-3604
-2556
-1835
-1299
-854
-205
788
1867
3162
4683
6127
7215
7961
8369
8503
8690
8768
8816
9035
9228
9097
8663
7997
7027
5810
4503
3134
2041
1152
342
-529
-1300
-2032
-2844
-3633
-4362
-4908
-5280
-5711
-6188
-6504
-6752
-6857
-6901
-6953
-6902
-6786
-6737
-6644
-6584
-6572
-6579
-6672
-6708
-6592
-6342
-5967
-5372
-4570
-3476
-2278
-1282
-511
23
512
1306
2411
3595
5003
6558
7951
8943
9576
9798
9897
9966
9934
9925
10062
10128
9824
9236
8380
7201
5831
4334
2888
1749
792
-106
-1002
-1818
-2598
-3426
-4212
-4869
-5366
-5791
-6323
-6896
-7325
-7545
-7678
-7731
-7714
-7620
-7548
-7499
-7499
-7515
-7543
-7626
-7670
-7590
-7304
-6854
-6281
-5571
-4658
-3393
-2121
-1153
-416
148
817
1874
3106
4420
5993
7625
8955
9909
10468
10583
10679
10688
10588
10613
10740
10618
10152
9377
8344
6979
5434
3768
2307
1117
81
-933
-1953
-2755
-3542
-4418
-5385
-6240
-6840
-7293
-7685
-8021
-8223
-8228
-8191
-8202
-8252
-8242
-8129
-7956
-7718
-7516
-7330
-7209
-7193
-7113
-6856
-6387
-5777
-4995
-3886
-2469
-1150
-190
423
907
1663
2706
3822
5184
6837
8466
9646
10357
10625
10690
10710
10569
10409
10420
10496
10201
9559
8638
7393
5932
4285
2652
1325
239
-675
-1620
-2474
-3159
-3941
-4862
-5730
-6363
-6754
-7110
-7510
-7859
-7941
-7925
-7954
-8018
-8063
-7963
-7756
-7562
-7444
-7271
-7191
-7160
-7096
-6910
-6409
-5733
-4870
-3762
-2335
-1018
-32
636
1073
1715
2759
3844
5098
6683
8261
9501
10251
10539
10515
10483
10364
10133
10049
10085
9885
9354
8549
7390
6000
4441
2744
1291
134
-836
-1716
-2550
-3252
-3979
-4820
-5718
-6480
-7009
-7432
-7744
-8005
-8103
-8036
-7903
-7912
-7933
-7881
-7709
-7442
-7225
-7057
-6938
-6761
-6600
-6404
-5981
-5352
-4504
-3321
-1866
-569
443
1075
1404
1996
2972
3996
5280
6890
8524
9803
10588
10733
10582
10499
10332
10165
10106
10109
9922
9383
8565
7388
5912
4282
2605
1135
-3
-978
-1895
-2681
-3393
-4138
-4989
-5896
-6714
-7274
-7663
-7992
-8295
-8485
-8473
-8390
-8423
-8472
-8457
-8331
-8101
-7904
-7828
-7793
-7716
-7543
-7206
-6683
-5940
-4969
-3644
-2062
-709
274
851
1274
2046
3141
4316
5752
7453
9063
10264
10952
11039
10891
10782
10619
10487
10483
10415
10062
9409
8508
7230
5659
3951
2282
843
-283
-1250
-2180
-2920
-3614
-4395
-5269
-6161
-6906
-7489
-7936
-8353
-8720
-8924
-8919
-8854
-8813
-8757
-8668
-8465
-8195
-8019
-7891
-7732
-7540
-7215
-6694
-5929
-5009
-3778
-2236
-705
498
1312
1735
2256
3193
4324
5588
7184
8892
10311
11304
11722
11609
11389
11142
10894
10773
10753
10580
10034
9237
8129
6612
4913
3151
1523
197
-906
-1975
-2944
-3732
-4529
-5368
-6234
-7074
-7667
-8115
-8527
-8883
-9147
-9265
-9164
-9029
-8974
-8862
-8691
-8441
-8175
-8048
-7986
-7874
-7685
-7366
-6779
-5931
-4860
-3497
-1869
-346
846
1632
2070
2628
3683
4905
6242
7847
9487
10824
11676
11863
11543
11161
10793
10464
10272
10201
9932
9329
8422
7181
5577
3800
1990
353
-917
-1943
-2905
-3776
-4522
-5241
-5996
-6793
-7483
-8014
-8392
-8662
-8919
-9179
-9271
-9168
-9046
-8895
-8681
-8488
-8161
-7833
-7712
-7626
-7549
-7409
-7064
-6422
-5546
-4345
-2755
-1007
551
1676
2269
2602
3231
4211
5447
6917
8691
10405
11708
12450
12511
12103
11645
11164
10789
10634
10503
10143
9438
8434
6985
5157
3168
1155
-558
-1864
-2937
-3895
-4771
-5574
-6356
-7133
-7919
-8585
-9086
-9347
-9433
-9631
-9834
-9836
-9707
-9552
-9275
-8985
-8603
-8065
-7645
-7467
-7355
-7239
-7022
-6596
-5883
-4905
-3609
-1962
-210
1250
2337
2887
3185
3837
4818
6056
7634
9397
10999
12169
12747
12603
12071
11475
10886
10459
10220
10006
9496
8666
7558
5997
4126
2133
170
-1497
-2706
-3697
-4607
-5344
-6036
-6711
-7334
-7974
-8525
-8872
-9020
-9005
-9060
-9139
-9097
-8897
-8663
-8365
-8001
-7600
-7180
-6881
-6812
-6857
-6915
-6845
-6526
-5891
-4848
-3382
-1545
218
1542
2392
2741
3059
3781
4818
6169
7950
9880
11457
12533
12931
12664
12098
11452
10825
10411
10196
9933
9338
8392
7071
5313
3340
1222
-765
-2446
-3730
-4752
-5667
-6377
-7063
-7696
-8357
-8964
-9385
-9613
-9640
-9602
-9622
-9532
-9310
-9021
-8696
-8309
-7880
-7370
-6897
-6614
-6530
-6571
-6588
-6460
-6061
-5311
-4199
-2688
-845
845
2128
2900
3177
3551
4353
5424
6833
8590
10388
11876
12809
13032
12604
11933
11179
10462
10004
9713
9348
8677
7685
6278
4424
2376
218
-1764
-3352
-4570
-5531
-6315
-6939
-7535
-8080
-8612
-9103
-9451
-9609
-9587
-9479
-9385
-9212
-8885
-8511
-8071
-7649
-7193
-6666
-6221
-6032
-5954
-5933
-5906
-5739
-5357
-4632
-3526
-1870
16
1597
2695
3188
3331
3704
4473
5532
7047
8946
10751
12154
12940
12977
12495
11835
11110
10535
10220
9999
9533
8712
7582
5977
4000
1869
-321
-2185
-3589
-4674
-5597
-6361
-6991
-7565
-8061
-8602
-9076
-9452
-9579
-9527
-9380
-9219
-8985
-8587
-8171
-7743
-7324
-6897
-6428
-6049
-5906
-5858
-5886
-5883
-5779
-5416
-4744
-3578
-1826
56
1500
2429
2812
2929
3434
4324
5509
7223
9254
11040
12293
12893
12750
12215
11501
10736
10214
10011
9843
9326
8447
7293
5639
3589
1433
-657
-2366
-3557
-4486
-5335
-6040
-6696
-7305
-7840
-8418
-8857
-9159
-9336
-9258
-9173
-9170
-8966
-8607
-8241
-7853
-7533
-7201
-6801
-6492
-6384
-6391
-6367
-6299
-6090
-5664
-4844
-3420
-1414
448
1731
2451
2591
2727
3304
4218
5584
7538
9691
11408
12475
12726
12273
11556
10773
10007
9576
9518
9353
8819
7879
6518
4642
2477
213
-1849
-3347
-4312
-5097
-5800
-6338
-6835
-7333
-7831
-8326
-8701
-8910
-8904
-8818
-8691
-8487
-8118
-7606
-7138
-6725
-6364
-6034
-5784
-5656
-5641
-5706
-5812
-5772
-5524
-4941
-3806
-2063
-62
1528
2545
2926
2929
3180
3814
4844
6533
8728
10834
12362
13080
12974
12222
11310
10391
9720
9488
9546
9397
8745
7682
6002
3950
1677
-602
-2538
-3678
-4360
-4884
-5338
-5678
-6084
-6528
-7016
-7568
-8052
-8359
-8540
-8519
-8624
-8454
-8397
-7435
-5995
-5931
-6897
-7921
-8125
-8480
-8448
-8702
-8184
-8171
-8724
-8559
-6266
-2475
1293
4434
6197
6769
6272
5985
6246
7525
9836
12260
14099
14872
14173
12257
9736
7202
4705
3127
2660
2469
2096
1354
254
-1674
-3904
-6013
-7702
-8059
-7127
-5694
-4622
-3670
-3028
-3078
-3144
-3031
-2866
-2896
-3255
-4091
-5473
-6900
-8198
-9048
-9253
-8745
-7631
-6465
-5544
-5258
-5417
-5871
-6387
-6446
-6209
-4854
-2845
833
6550
11638
14942
15457
14015
11060
8598
7677
8066
10663
13089
14434
13320
10194
5752
545
-3393
-6043
-5967
-4282
-2705
-1871
-2215
-3350
-5575
-7221
-8042
-7841
-5655
-3044
-1173
-795
-1190
-2608
-4389
-5152
-4704
-3136
-1843
-1558
-3175
-5953
-8821
-11050
-11690
-10156
-6481
-2545
542
1900
1212
-762
-3088
-4787
-5311
-4105
-1179
2004
6045
11887
15730
16664
14414
10096
5349
2255
2231
4034
8347
11581
12033
9108
3809
-1422
-6479
-8358
-7952
-4731
-590
923
233
-2439
-5355
-8051
-8222
-6510
-3863
-15
2003
1248
-1572
-4422
-6818
-7510
-5427
-1716
1793
3134
1146
-4073
-9324
-12357
-12579
-9585
-3991
1939
5386
5794
2884
-1961
-6266
-8530
-8396
-6263
-2500
1533
4327
9538
14585
15826
14985
10702
6150
2288
1449
3052
6865
11411
11886
9880
4183
-984
-5485
-8214
-7758
-6166
-1996
-370
-1245
-3222
-5505
-7174
-7068
-4901
-3004
14
1747
447
-2300
-4809
-6001
-5672
-3155
340
3659
4649
2326
-3424
-9418
-12385
-12463
-9358
-4100
1809
5239
5603
3148
-1466
-5418
-7609
-7740
-6314
-3510
-145
2377
5535
12533
15829
16575
14295
8226
3508
-328
96
2667
8775
11946
11315
7505
386
-4393
-9495
-10323
-8735
-4620
-328
-259
-1923
-4389
-6532
-7287
-5416
-3303
-424
2487
1803
-1326
-4583
-6841
-7070
-4756
-1029
2347
5270
4299
-292
-6859
-11267
-12378
-10367
-5384
48
5457
7240
6225
2274
-2338
-5332
-6516
-6052
-4789
-2082
1262
3366
10061
16470
17275
17043
10527
4006
-1150
-2859
-676
5124
11600
12334
10233
2403
-4068
-9165
-11921
-9945
-6052
-335
1490
-583
-3481
-6349
-8087
-6346
-3774
-1026
2562
2774
-1018
-5364
-8773
-10239
-8312
-4330
-183
3542
4547
1163
-5286
-10774
-12598
-11485
-6801
-1267
4637
8377
8245
5226
144
-3835
-6034
-6684
-5960
-3334
297
2829
6492
15472
17519
17289
13491
4261
-54
-4059
-2798
1863
9543
12948
11584
6066
-2694
-6533
-10669
-10269
-6850
-1416
2728
851
-2096
-5320
-7965
-7149
-4091
-2451
868
2560
-868
-5525
-9197
-10810
-9413
-5050
-497
3032
5181
3951
-1983
-8668
-11044
-10570
-6958
-870
3929
8600
10108
8165
3415
-1863
-5108
-6542
-6388
-5045
-2331
1496
3152
10975
18451
17152
17451
8836
1269
-3014
-5536
-1629
5435
12390
12785
10034
364
-5679
-9525
-12366
-9339
-5288
591
1597
-1910
-4727
-7479
-8894
-6005
-4275
-2594
1115
93
-4313
-7970
-10558
-10202
-6977
-2952
799
3540
4246
1741
-4745
-9675
-9746
-8380
-3672
1813
6646
10292
10372
7712
1827
-2653
-5344
-6521
-5963
-3901
-918
2916
5260
13389
19469
16693
16266
6553
-355
-3527
-5018
-163
7318
12649
11752
8449
-2061
-6822
-9984
-12156
-8137
-3581
1349
1336
-2681
-5306
-7360
-8517
-5291
-4212
-2592
390
-1748
-5894
-9083
-10507
-9443
-6178
-2837
813
3286
2955
733
-6246
-9697
-8751
-7496
-2507
3090
7548
11140
10706
6684
571
-4035
-6808
-7621
-6237
-3968
-282
3538
5674
15732
19399
16474
15295
4360
-1340
-4894
-5406
366
8444
11898
11517
6825
-4620
-7539
-11118
-12315
-7674
-2620
1659
739
-3411
-5309
-7536
-8515
-4259
-3701
-1347
1445
-1270
-5324
-8390
-9487
-8273
-4943
-2027
2077
4347
3646
373
-7013
-9921
-9029
-7490
-1899
3299
8606
11428
9889
5338
-1221
-5752
-7952
-7524
-5455
-2112
1727
4785
6998
17860
18145
15062
13149
1879
-2191
-5622
-5160
1435
9218
10532
10829
4773
-5824
-7140
-11258
-11950
-6611
-1538
2017
513
-3501
-3816
-7008
-7389
-3563
-3447
-717
1187
-2096
-5868
-8132
-9197
-7501
-5148
-2482
2486
4188
2434
-486
-7857
-9162
-7621
-5541
138
5801
10878
11480
9291
3580
-2585
-6372
-7758
-6562
-4114
-521
2216
4213
6179
17820
17464
14351
12939
858
-3250
-7248
-6784
718
8245
10182
11152
5122
-5339
-6619
-11751
-12736
-7125
-2186
1859
373
-2675
-2600
-6579
-7680
-5181
-4792
-2134
331
-1815
-5154
-6771
-8370
-7731
-6584
-3197
2087
4093
3393
291
-6725
-8077
-7128
-5744
-145
6180
11378
11471
8765
2989
-3419
-7083
-7747
-6734
-3867
-9
3148
4971
8418
20098
17149
15018
11750
-281
-3157
-7462
-5533
2956
9708
11136
11973
4028
-5588
-7195
-12780
-12474
-7070
-1793
2009
-67
-2469
-2615
-7261
-7847
-5760
-5248
-1524
746
-1264
-3989
-6108
-8427
-8453
-8030
-3516
2339
4416
4265
396
-6315
-7558
-7728
-6506
-417
6739
11761
11526
8780
2311
-4141
-7549
-8521
-7007
-2771
885
3900
4615
8161
19995
15771
14208
10675
-1066
-3400
-7582
-6215
2596
9226
10580
12295
3925
-5405
-6746
-12796
-12771
-7264
-2105
2165
-92
-2362
-2365
-7313
-7987
-5947
-6359
-1767
1135
-1535
-3003
-5688
-8090
-7978
-7741
-3109
2934
5308
4942
1623
-4604
-6112
-6193
-5513
-279
6540
11031
10322
7304
1403
-4355
-7468
-7851
-6874
-3117
-93
3169
3931
9892
19850
13715
13624
7366
-2967
-4347
-8527
-4499
4967
9795
11451
11826
1071
-6401
-8257
-14026
-11903
-5763
-400
3097
-110
-2106
-3252
-9199
-8390
-6460
-5389
78
2448
-230
-2310
-5969
-9100
-9502
-8452
-1732
5045
7310
6112
1750
-4889
-6657
-6901
-5370
1162
8653
12925
11176
7156
581
-5205
-7786
-7914
-5989
-1889
1228
4245
2912
8449
20680
14174
14307
9001
-3069
-4079
-8942
-6547
4246
9696
11806
13419
2311
-6241
-7505
-13800
-12246
-6162
-773
4066
718
-1950
-2748
-9410
-8530
-5917
-5646
-154
2744
783
-1532
-5965
-9633
-10554
-9413
-2546
4168
7004
7213
3898
-3357
-6242
-6957
-6037
224
7796
12264
11116
7844
1028
-5663
-8673
-8992
-7380
-2918
398
3534
4205
8610
20792
13908
12174
7541
-4560
-5209
-8909
-5529
5332
10617
11671
12521
1879
-7588
-7863
-13262
-11898
-4939
-102
3718
-23
-3431
-4171
-10008
-8241
-4403
-4117
947
3416
983
-2536
-6705
-10379
-11149
-7875
-952
5513
8252
7504
4027
-3791
-6996
-7193
-6056
672
8297
12104
10606
7049
-55
-6722
-9196
-9300
-7181
-2300
-354
3863
3324
10707
21549
12120
12821
5375
-5466
-5711
-9939
-4402
7219
11028
12190
12406
-482
-7223
-7757
-14006
-10614
-3793
1186
4376
-704
-3001
-4148
-9778
-6000
-3140
-2423
3282
4239
1289
-2626
-7152
-9831
-10155
-6262
1190
7361
9230
8381
3362
-4527
-6626
-7254
-5184
1821
9103
12341
10298
6042
-1607
-7718
-9644
-8798
-6081
-1837
549
3437
2489
9313
21463
12837
13206
6963
-4763
-5797
-10523
-5602
5840
10327
11916
12388
261
-7528
-8330
-14725
-12005
-5103
-154
3509
-844
-3232
-3949
-8606
-5556
-2805
-2596
2822
4215
947
-2175
-7077
-10117
-10132
-6460
570
6635
8987
8144
3859
-4283
-6531
-7450
-6071
1082
7749
11175
9453
5624
-1220
-7419
-9307
-8451
-6539
-2124
17
3214
2591
11572
20869
11400
12724
4008
-5596
-6440
-10712
-3413
7646
10820
12388
10819
-1515
-7475
-9108
-14432
-10193
-3350
1640
3971
-1519
-3201
-4242
-8115
-4045
-1987
-721
4783
4677
775
-2776
-7603
-9964
-9707
-5629
1890
7829
9771
8093
2326
-5270
-7212
-8197
-6056
1304
8041
10893
8127
3717
-3397
-9066
-9901
-8572
-6328
-1890
553
2866
1463
12383
20522
11234
13562
4018
-4739
-5671
-10279
-2325
8341
10757
12637
10416
-2193
-7102
-8820
-14125
-9343
-2993
1959
3878
-2190
-2537
-3466
-7256
-2657
-1515
-54
5228
4434
415
-2909
-7315
-9394
-8849
-4918
2565
7996
9655
7934
1946
-5759
-7681
-8759
-6934
707
7738
10521
7899
3150
-3682
-8942
-10119
-8555
-6497
-1961
764
2384
429
9024
21432
12107
14098
6781
-4117
-4913
-10520
-4898
6236
10110
11520
11851
-513
-7445
-7405
-13807
-10213
-3436
1242
4572
-1066
-1965
-1973
-6101
-2291
-731
-574
4851
4937
865
-1642
-5846
-8989
-8744
-5637
754
6375
8897
7365
3020
-4301
-7060
-8290
-7685
-662
5185
9105
6618
3154
-2478
-8488
-9455
-8577
-6681
-2521
-237
1804
-286
8742
21189
12312
13993
7402
-3724
-4700
-10540
-5617
6073
9781
11174
11728
-391
-7170
-7246
-13337
-10115
-3239
1350
4420
-869
-2100
-1880
-6023
-2491
-1001
-945
4432
4408
699
-1809
-5998
-8827
-8908
-6144
-84
5954
8066
7753
3845
-4006
-6309
-8440
-8371
-1510
4747
9000
7245
3751
-1848
-7629
-8988
-8662
-6501
-2786
392
1487
104
4479
20044
15069
12909
11436
-1732
-3723
-8644
-8076
3064
9620
10220
12653
3454
-6637
-5449
-11492
-11335
-3907
-129
4584
1245
-2055
-396
-4196
-2537
132
-1360
3059
5117
1227
-939
-4570
-8629
-8675
-6475
-1399
4971
7914
7800
5780
-2104
-5750
-7617
-9206
-3058
2544
7332
6337
3746
-274
-6684
-8122
-8856
-7501
-3958
-819
201
-278
2896
18962
16659
12454
12351
-1217
-4183
-8696
-9837
1065
9573
10094
12235
4870
-6444
-5587
-10920
-12198
-4615
-652
4666
2266
-2519
-730
-3807
-3251
-223
-1567
2455
5682
2218
-645
-4051
-8767
-9292
-7133
-2589
4150
8069
9039
6325
-1225
-5417
-7943
-9367
-3804
1638
6662
6318
3215
13
-6781
-7749
-8495
-7123
-4114
-292
-123
-1285
-1159
11441
20927
12857
16157
5558
-3709
-5304
-12561
-5135
7591
9901
11809
10943
-2846
-5176
-7362
-13740
-7605
-2540
3151
4997
-1201
-504
-1028
-3762
-542
-1616
-448
5368
3838
406
-2027
-7740
-9481
-7873
-5016
1375
6784
9634
8986
2373
-4225
-7321
-10754
-6685
-1682
3293
6344
4126
2478
-3676
-6815
-8173
-8414
-5268
-1951
170
-1049
-1316
3148
19007
17584
13893
13400
-529
-3525
-9682
-10919
2071
9254
10215
13168
4438
-4555
-4271
-11307
-11343
-4649
405
5053
1731
-1907
390
-1924
-2126
-444
-2419
2648
4829
868
-1176
-6405
-9567
-7797
-6588
-2102
4594
9429
10571
6087
-1379
-6534
-10278
-9162
-4932
-843
4349
5556
4228
39
-4259
-6529
-8283
-6387
-4083
-788
-1324
-332
-1046
8178
22693
13614
15406
7899
-3894
-4620
-12105
-6541
5744
9862
11776
11688
90
-4557
-6015
-12294
-8516
-2283
1908
4823
-526
-760
1355
-3022
-1044
-2156
-1829
3289
2549
-506
-4043
-8211
-8220
-6880
-5600
372
7345
10397
8948
3282
-4976
-9120
-10578
-8506
-5081
-261
5683
5894
3745
-453
-5429
-7979
-8302
-6036
-3605
-721
-424
-187
64
14660
20416
12092
14941
2346
-3805
-6831
-11584
-3007
7103
10959
11798
9179
-2643
-4179
-6930
-11796
-5382
-986
3246
3534
-1493
1418
223
-2435
-521
-2316
-364
3645
1900
-2495
-5238
-7514
-6518
-5837
-2805
4585
9955
10241
7543
-626
-8282
-9110
-10347
-7895
-3911
2877
7674
6170
3753
-2348
-7123
-7887
-7679
-5055
-2281
265
52
-709
3235
18751
17711
13064
12704
-1042
-4257
-9634
-11196
-800
10185
11413
12771
5707
-4911
-2969
-10178
-11104
-4653
-898
4573
1928
-753
1841
-1533
-2084
-1565
-3788
-47
3387
-584
-3635
-5250
-7437
-5752
-4722
112
7256
10628
9680
4190
-5256
-9632
-10468
-11259
-7306
-1390
6094
8319
6134
1747
-5363
-7562
-8286
-7278
-4417
-659
1434
119
-275
3778
20698
14811
12768
10879
-3547
-3288
-10958
-10453
2815
12058
11794
12962
2097
-4017
-3051
-11430
-10456
-4938
1292
5243
1485
-415
1879
-2020
-1817
-2837
-4896
682
2725
-1825
-3239
-5538
-6211
-3701
-2907
2297
8366
10401
6934
636
-8436
-10127
-10566
-10037
-4675
1535
8614
8391
4639
-1363
-7202
-7713
-7597
-6258
-2376
1036
1395
462
-558
7476
21222
12794
13964
7319
-4456
-4382
-11978
-6293
6675
13910
12025
10251
-235
-4225
-5521
-12738
-9869
-2585
2962
4790
389
-488
1235
-3066
-2662
-4186
-4202
1583
1970
-2117
-2909
-4951
-4142
-1995
-1280
4420
9171
8201
3665
-3358
-10333
-10516
-10323
-7062
-1960
4576
10136
6378
1898
-3836
-7849
-6847
-7004
-4212
-614
2618
713
4
-1353
7268
22618
11866
14350
5880
-5278
-5207
-11922
-5246
8885
15241
10468
9926
-2429
-5738
-7014
-15045
-9390
-1058
3886
5692
-808
-584
1218
-4527
-3113
-5110
-4329
2747
2582
-1947
-2002
-4025
-2351
-1843
-1009
4839
7723
6239
1885
-5728
-11553
-9187
-8243
-4392
84
6636
9488
4470
-89
-4572
-6811
-5273
-4350
-2160
988
3437
1785
-3007
-3266
3144
21048
13767
13214
8728
-4690
-4045
-11414
-6479
5978
15823
11156
9236
-918
-7125
-7423
-14597
-10476
-1363
4853
5923
167
-857
449
-5071
-4125
-6805
-4858
3412
4125
-153
-551
-1856
-2261
-2031
-2404
2059
5211
5725
1383
-5460
-10208
-7149
-5945
-4992
279
5751
8193
4098
157
-3781
-6043
-3442
-3414
-2411
1513
3959
566
-4058
-4742
2893
20538
12613
12532
7267
-3445
-2915
-9543
-5957
6562
16763
9507
7350
-3386
-7736
-6622
-12965
-8705
393
5831
5263
-508
-1675
-765
-4365
-3846
-6426
-2917
4530
4510
263
385
-1821
-1919
-1904
-2602
532
3478
4357
-835
-6081
-8503
-5181
-4963
-3821
378
4708
6119
2668
-203
-4493
-4808
-1561
-3339
-1888
3070
2853
-966
-5862
-6797
-1562
20248
13941
11551
11565
-2666
-645
-9354
-8326
4964
16909
9499
6024
-2934
-8175
-5703
-11943
-9094
-499
7002
6386
-340
-2595
429
-4118
-3822
-5446
-2999
5454
6543
2375
1435
-745
-1302
-2131
-5422
-1988
1686
4098
-446
-3956
-6595
-4277
-4063
-4850
-963
2194
5988
3194
-400
-3415
-2784
-1109
-2557
-608
2446
621
-1827
-7185
-8713
-3707
17369
15591
10711
13604
-626
-1054
-8215
-8323
2318
15673
9448
3367
-1789
-8358
-4684
-9437
-9156
-818
7595
5553
-907
-2657
-345
-3735
-3122
-4930
-3042
5659
7798
3062
1098
190
-1936
-2784
-6573
-3571
666
4202
1599
-2127
-4485
-3077
-2906
-5035
-2106
1228
6047
2760
252
-1324
-1511
812
-535
-430
211
-902
-3229
-9018
-8087
-5794
13948
19123
9349
16452
256
-2427
-5010
-8928
-517
13252
10908
1663
-45
-8182
-4708
-7270
-8778
-1917
6749
5294
-132
-3018
-1471
-3115
-3685
-4446
-4263
5691
8532
3894
1758
44
-2663
-3193
-7905
-5550
-88
4748
3617
-432
-2734
-3000
-2318
-6213
-3727
-429
4042
2806
1749
46
-340
2771
-403
-2418
-2309
-2312
-4242
-8000
-8946
-6414
3139
20725
12594
13946
7994
-3730
-2164
-8870
-5404
4918
15967
3160
846
-2412
-7918
-4336
-6343
-5037
3455
8484
2284
-3095
-3689
-2884
-4609
-2915
-3815
4656
9923
6376
3766
-464
-3068
-3653
-7927
-7982
-406
5510
7913
2807
-637
-3463
-3597
-6196
-5820
-2535
2134
7248
3092
1826
1291
1554
-1232
-3807
-4800
-3461
-4824
-6043
-9100
-7789
-2524
13447
19209
10274
14192
104
-2817
-6177
-8605
-2009
13063
10630
156
1562
-7689
-4569
-2564
-5462
-1674
9738
5031
-2642
-4365
-4779
-4615
-1315
-856
2527
9009
8157
5680
-1466
-3571
-4906
-7069
-7556
-728
4763
8578
6481
210
-4227
-6189
-5650
-8320
-4318
1352
7479
6223
3764
1473
-2327
-2917
-4342
-6881
-5541
-3711
-4752
-5448
-9459
-5273
445
17728
14903
12276
10241
-4098
-2430
-8363
-7154
2856
15852
5631
1395
-858
-7089
-469
-1550
-4574
3306
7728
-835
-3973
-6456
-4653
-96
3401
1053
5114
7844
5270
1619
-4641
-5266
-5020
-5112
-2433
2176
5850
9147
3542
-3493
-7431
-7712
-7805
-5327
301
4818
9544
5184
-219
-4761
-5270
-4004
-5855
-5130
-2909
-2519
-3063
-7902
-10145
-6428
228
19913
14316
11849
8460
-4991
-4685
-9139
-5147
4772
18073
7119
2308
65
-5785
1574
-834
-4643
2752
6845
-1562
-4684
-4577
-1530
3397
4786
422
3230
5745
4199
-780
-4565
-3593
-2857
-1607
-1687
2525
5645
7231
2126
-7332
-10219
-6340
-5520
-778
3836
5300
7137
322
-5477
-8200
-5884
-3878
-3057
-2464
-2203
-1970
-5887
-11656
-10768
-5715
7346
21167
12796
12995
2532
-7339
-7299
-8947
-1991
12049
20233
4734
3792
-1834
-5127
1396
-3556
-4308
5076
5483
-2030
-2799
-2909
727
3528
1457
-1472
3454
5351
2640
508
-3349
-2672
-307
-2459
-818
3382
5790
6203
-3314
-8370
-7669
-5210
36
2145
2485
3746
2092
-4484
-8438
-7243
-3533
-1347
-161
-2396
-3517
-4893
-7847
-11554
-8517
-3083
6350
21759
11646
9160
623
-9330
-6177
-4910
2584
13872
21079
3980
1371
-4238
-7431
1361
-2126
-2398
6448
6837
-3032
-3516
-3631
-2526
2475
1542
-1622
3753
4702
3648
-789
-3679
-410
-2307
-2485
-368
2338
4490
4074
-2703
-7497
-6185
-1736
-790
151
749
-167
-1698
-6682
-7158
-5168
-660
1038
-847
-3715
-5708
-5374
-7762
-9251
-6189
-1720
3350
18388
13838
5214
3844
-8250
-4638
-237
4745
13185
22038
7652
-3777
-1939
-8114
1585
3752
1013
5411
8748
-1918
-8075
-4587
-2332
3802
3309
400
2405
5066
1520
-592
-1789
-2160
-144
-2498
-2536
839
4362
5832
-729
-6447
-5678
-4075
-2954
-2794
-2842
-3358
-1099
-3796
-7749
-3765
-1492
-135
-2624
-4488
-5764
-5533
-4601
-6002
-6036
-1274
-43
6760
16379
4719
7111
59
-4553
3835
6174
9530
14645
14978
-4159
-1409
-1510
-1216
8438
3859
1871
4685
-727
-9230
-4518
-721
1085
5320
2146
-2457
1334
1171
-1282
-791
-665
-1196
-2526
-2733
102
3521
4345
1186
-5000
-8511
-7173
-5385
-6021
-2792
-1525
-1271
-3782
-7572
-6813
-4894
-1614
-2056
-4109
-3674
-2153
-2661
-4251
-4507
-3782
-2606
-3124
10932
13925
6126
9878
-386
350
6498
6126
7904
16675
8733
-3251
4857
-2252
4225
9362
-1090
-804
3211
-3309
-7853
368
498
2358
3984
-3538
-4865
25
377
1473
1166
-248
488
-1727
-1345
-355
1055
2085
-2695
-8171
-8656
-5376
-3209
-1218
-1179
-3563
-4807
-7667
-9896
-6053
-913
88
-251
295
-1434
-3167
-2391
-3900
-5740
-3920
-2363
-2776
14315
16655
7866
9577
-1774
1507
7050
5899
8693
18067
8638
-3668
4098
-3176
3966
9875
-1031
-799
3675
-3636
-7883
-142
-1517
-205
294
-7521
-6332
2885
4516
3803
2769
-1539
-2141
-5408
-5661
-4003
-1353
2218
-2704
-5288
-5319
-3447
-1987
-3920
-4900
-8114
-7075
-7246
-6990
-2032
1935
3705
721
-1743
-3841
-3310
-1791
-3826
-4341
-2102
-959
131
15845
15178
7535
11011
-337
1364
7380
6223
9563
17494
6946
-5074
4055
-884
6463
11198
-1552
-224
1609
-7051
-11311
-2477
-2834
-3077
-405
-4949
-1379
6009
4696
10
-2139
-5127
-7186
-8919
-8277
-2158
3094
5267
1094
-5670
-5785
-5034
-6093
-6840
-6859
-4967
-3777
-4498
-4355
-43
3803
2254
-951
-3319
-2780
-515
-670
-1332
-564
-1564
192
-1466
7725
19318
10369
9748
1873
-3098
6203
5895
5608
14324
13818
-2470
3036
4502
861
11658
1699
-7828
-3743
-5685
-12190
-5123
583
-117
4125
-1309
-5310
-1858
847
-2748
-4633
-4952
-8548
-6087
-3685
-571
4425
7018
1960
-6759
-8661
-7782
-4716
-2863
-2443
-2272
-2730
-1797
-3712
-2124
1739
2129
-646
-2683
-662
599
2204
1771
-107
-898
-492
-707
1284
16158
15429
6703
5148
-5347
-1265
9038
8142
11889
19973
7416
-4048
4094
-1784
2272
5600
-7463
-6893
-1971
-4586
-5968
2151
752
-2338
-2824
-10375
-8840
-795
1423
-2407
-4360
-5598
-6351
-3596
-836
1685
3642
2403
-4391
-7873
-5807
-2298
-99
-119
-1363
-3270
-2565
-4030
-3750
502
624
701
-353
-318
2415
4184
4429
656
845
-2046
-3801
-1252
550
13945
11825
3232
3313
-1952
5175
12282
10928
10417
11587
677
-10024
832
42
3743
7572
-5452
-4406
-1331
-7429
-10619
-2766
-2411
-4979
-2572
-6891
-5366
1411
41
-5405
-4665
-4381
-4722
-2426
422
3350
3054
2008
-3506
-4571
930
1930
413
-1466
-1705
-3727
-4338
-4103
-4176
1318
4532
2865
1210
2515
4606
3144
1363
-460
-4423
-2701
-3213
-3300
874
10299
17169
6192
5419
2967
-668
8207
5854
2277
8281
7042
-4895
150
4534
-17
5222
-5322
-12731
-7088
-6077
-8115
-1308
5164
-3316
-3996
-6623
-10837
-1628
1013
-1653
-2166
-1915
-3150
-3649
204
2653
4585
5947
2010
-1290
1651
597
-6
-1919
-5127
-4014
-2648
232
1615
4506
3961
629
-254
-680
1847
2561
1555
-103
-2464
-1701
-1912
-1244
2303
4276
13237
9914
-1362
-75
-2535
-193
9705
7912
5418
9454
-1749
-11227
-947
-1483
-2060
2426
-6798
-5161
876
-3994
-7125
-188
-1852
-8986
-6034
-7668
-3762
4468
3020
-4272
-5345
-2785
-3912
1785
6301
6508
7193
3953
-792
-2577
193
1524
-896
805
-369
-1567
279
-1953
-916
158
-1193
-1259
100
2162
2947
2769
1369
-277
165
-165
-1672
-1383
-1323
-1888
7479
6643
1417
5554
-329
-699
4607
66
-2269
3776
-3315
-9371
6702
4667
2204
4998
-7529
-6712
-2171
-6261
-7092
1900
491
-5736
-3414
-6404
-4281
2574
-236
-3024
990
2761
854
3412
5046
4779
5718
3221
-1213
1834
5610
1538
-760
-1641
-2646
-4325
-4001
-2996
-1034
4090
1620
-1479
131
2751
3940
1335
716
-183
-1213
-1695
-4373
-4861
-303
-628
5110
7498
-2667
-2854
-4655
-5002
3228
3966
3412
8335
3857
-6728
1177
3982
-1147
6224
-2029
-6050
853
-2385
-6209
-579
66
-8535
-5644
-3091
-2056
6710
6532
-46
-75
2622
517
2146
6278
6532
5678
3904
510
-1691
1659
-416
-3637
-3523
-5041
-3031
-1101
-68
-716
-224
-963
-4253
387
2591
2599
2803
41
-1101
-2223
-3499
-5209
-5801
-6798
-7073
-6283
4810
7193
-692
580
-3028
-851
6732
2388
1424
7328
2578
-2289
6523
4746
2607
6232
-6295
-7886
-1385
-5402
-4969
4104
3017
-2056
968
-1211
-142
7347
4586
46
1914
2586
364
2758
4719
2752
2859
743
-4515
-3167
2070
507
-1352
-2479
-4407
-4447
-3605
-2804
-739
2304
1218
-1153
-87
-216
10
-2061
-4832
-3451
-4279
-5155
-5565
-5187
-3396
-2019
-3274
4087
4704
-2783
-183
-2134
-509
10022
8414
4900
10932
1784
-7555
3498
3445
558
6075
-2378
-4010
3902
1499
-1699
4929
3849
-2953
-510
1207
651
5202
3902
-2432
-1591
-411
-2119
-445
2738
3152
1807
934
-2644
-3261
54
-1432
-1345
-1114
-2887
-2447
-2345
-2355
-1018
-1230
-4058
-5864
-2428
-1013
-385
280
-2715
-2011
-1466
-2072
-3433
-4183
-5299
-6471
-6337
-3281
10117
7538
1941
2154
-3153
338
7233
4490
5310
9281
-946
-2191
9917
7415
6647
7046
-3405
453
5858
1749
1180
6536
1818
-5612
-4980
-5175
-801
4602
492
-3676
-2154
-1343
-1986
549
2013
459
2257
469
-2205
967
193
-3677
-4728
-5834
-7067
-3699
-2162
-3457
-1165
-853
-3389
-3829
-947
398
-304
-212
-2527
-3278
-1639
-2463
-1413
-2198
-2590
-6270
-6658
-6219
1551
8590
1240
2801
3515
2877
9184
9457
4350
10286
6418
-1987
9108
13858
7669
9981
1964
-4777
1360
-953
-5591
-189
2915
-5491
-6017
-3370
-3493
2138
1252
-4052
-3122
1094
23
-291
1767
-857
-2335
-2642
-4749
-3314
1155
-1244
-4693
-3557
-4217
-5253
-2655
-1984
-2002
-136
-1747
-4544
-1559
1996
2272
295
-2206
-2698
-2989
-3522
-4030
-4211
-4502
-2153
-1776
-305
-359
7412
10210
2026
4835
5917
7108
15033
13947
7530
9945
2505
-6805
4402
9433
2658
6076
-1453
-6280
1264
-2421
-7847
250
2745
-6574
-4452
-1366
-3508
1135
-999
-7583
-4915
-135
-2194
-2440
2694
-965
-2679
-1639
-5538
-2906
1534
-1807
-4047
-1374
-2261
-2779
640
-73
-821
327
-2865
-6069
-1869
-1209
-2870
-1603
-1544
-151
1358
410
-2053
-783
122
-13
113
2900
5209
10825
13467
3474
538
939
887
6371
8506
4626
8533
4688
-6414
323
7100
1166
3148
38
-5888
351
-633
-6878
-2344
2087
-7303
-8899
-2021
-971
1934
1607
-6241
-7586
-3073
-3628
-4453
895
2526
-312
230
-688
-257
3401
1110
-2583
-2260
-1998
-3916
-2807
-1280
-2169
-717
-2051
-4087
412
2446
424
521
951
3381
6691
6594
4751
2842
542
-2078
-4084
-4301
-2331
1245
10751
8112
2236
2079
841
3001
7066
3998
2218
3804
-4231
-4227
5719
4272
176
1377
-4033
-1291
1901
-4034
-3942
1157
-3707
-10091
-7540
-3735
-1138
1620
-1705
-3412
76
-209
-2557
-1506
563
-1529
-836
-874
-383
2493
427
-3063
-3182
-973
-2052
-1980
-284
-999
2271
4100
1962
3801
4968
2761
791
-455
-719
132
900
-259
-148
429
-1239
-596
-1803
-1340
-1534
1638
7356
626
409
1160
279
3743
4922
567
4377
4709
-5404
-1433
5437
689
1709
-344
-7077
-1324
-424
-5762
-828
3794
-3942
-5423
-1876
-3539
-1407
100
-5230
-3788
458
-952
-1991
1366
813
-1209
479
-753
-268
3280
3446
2547
2631
2092
-691
179
1743
-642
-364
-575
-1661
1270
2965
506
58
1100
-157
-425
-793
-1157
-1086
-1814
-3296
-3295
-2606
-271
101
2347
6824
474
-1057
-1428
-1497
2457
3789
-942
2857
3511
-5005
646
6095
1118
4384
3288
-3306
-202
-1748
-5469
-2255
2103
-4175
-6307
-174
496
1632
2758
-2414
-3027
454
1986
279
4151
5194
1155
3096
1221
-12
1537
1099
1059
869
1788
-1141
-865
1186
635
1001
-1876
-3168
-1534
-2102
-1146
361
-1316
-600
446
648
17
-501
-3269
-5175
-3846
-6057
-5660
-5755
-14
6935
1433
-274
-1419
-1135
3284
5717
1337
5237
3380
-6363
-809
4690
901
2232
212
-4581
532
1109
-3004
964
5156
-1649
-2727
1697
1253
2509
4079
-2271
-2884
855
-1511
-1451
3806
3796
1029
3063
1281
568
4033
1081
-2618
-1672
-937
-2748
-1131
840
-219
644
157
-952
363
1517
-2045
-4433
-4731
-4378
-2562
-2644
-2704
-3269
-3625
-4391
-4616
-3895
-2840
-2296
5116
6671
1185
589
-1764
-1222
3133
2119
-1301
4347
-475
-5522
4483
7924
3289
5883
1842
-207
4350
1610
-1786
2615
3587
-3629
-3338
953
2290
3684
2839
-1854
-787
1553
-414
-1795
1154
-157
-1728
127
562
2687
5360
3227
846
1741
925
-1472
-976
-380
-1228
-1329
-3160
-3607
-2300
-2801
-2601
-3428
-3923
-2434
-2105
-2269
-1373
-915
-2357
-3093
-2506
-4265
-3343
-3645
602
6116
-395
-1576
-1205
-243
4344
6405
3009
5381
4518
-2141
1750
6356
4604
5600
3063
152
2655
1532
553
3160
3785
-1894
-3311
-1138
-1298
-1152
-1885
-5026
-3113
350
1072
2372
3854
2501
-692
-151
441
768
3131
1484
-614
-557
-1791
-4354
-2633
-1023
-3328
-3086
-4272
-4024
-1421
-1127
-3570
-4966
-3303
-3214
-2603
-1624
-1978
-1380
-2292
-4330
-4262
-3421
-566
-1449
2260
6393
1895
2393
733
525
4304
6094
2414
6346
6421
184
3964
6990
3859
4476
3752
-123
1240
-415
-2029
171
1505
-2238
-1406
1351
1055
1413
-310
-2863
-782
-320
-589
482
1821
1733
-189
-673
-2033
-98
1258
452
-284
-1980
-2225
-3846
-3096
-1924
-2660
-2756
-3996
-4145
-2818
-1867
-1535
-2704
-2960
-2624
-2580
-1839
-1724
-1421
-970
-128
-1915
-2569
-1112
-1059
1141
8166
5087
2126
2979
997
1289
5507
3024
3508
7943
-1297
-1369
5977
6419
5463
6272
964
13
3366
711
-170
3613
104
-3998
-970
313
158
806
-1143
-3001
-1060
-1036
-2378
72
1386
-1484
-2315
-1993
-1161
1127
1540
-1686
-2288
-1285
-3041
-3023
-2645
-3400
-3208
-3950
-5506
-3795
-1384
-1914
-2432
-2165
-2189
-980
487
518
1299
1907
-750
-1668
-1082
-1788
-2268
-418
5398
2899
2173
973
-548
4026
6827
2865
3735
5628
-489
2503
7057
4828
4772
5229
-414
347
1700
-992
999
3820
-1882
-4671
-2235
-1537
-920
-483
-3102
-4910
-1722
-1894
-1922
1096
1099
-344
-8
-574
-896
1237
559
-2727
-2859
-2941
-4070
-2949
-1839
-2465
-1900
-1708
-2020
-767
1446
1067
-1267
-1929
-2737
-2001
-1722
-1745
-1572
-1009
-392
-142
-1384
-1735
-1959
1851
5818
2148
1363
-18
1696
4614
6172
3234
6027
4509
-813
3536
6279
5403
5856
3057
-1090
910
-249
-1895
77
1048
-2567
-3764
-2792
-1932
143
787
-2580
-3211
-1081
-793
-70
925
-583
-1351
-451
-184
-377
158
-72
-540
886
698
-116
-168
-1061
-1041
-1657
-3349
-3775
-3517
-2768
-1340
-162
248
268
326
-280
-349
-444
-1446
-2014
-1587
-1479
-1554
-2880
-217
4630
1988
2537
1624
1362
4348
6121
2924
4987
3755
-1833
2172
5407
4301
5589
4313
-394
559
-218
-2806
-972
1187
-3295
-4187
-2498
-2410
-2179
-591
-2314
-2434
-964
-2353
-1954
1005
2435
1078
1630
367
-291
504
133
-1108
-742
-1030
-3827
-3983
-2771
-2055
-1144
-1040
-832
-1145
-399
-426
-701
-527
-467
-1059
-2833
-2030
-2486
-2347
-1503
-917
-2318
-3049
-3660
148
5986
3793
2271
-339
-295
3392
6329
3553
6770
5708
-692
1718
3422
3027
5640
4583
-644
-569
-1538
-3521
-617
1772
-2247
-3000
-2879
-2714
13
2470
1326
-84
-292
-1839
-1986
218
1116
1094
1270
-486
-2111
-2143
-599
698
1827
711
-1974
-1517
-385
222
584
-1092
-1673
-1663
-2802
-2036
-1735
-1472
-356
-1688
-3245
-3059
-2239
-1471
-665
-348
-2143
-1952
-2207
-454
5729
4494
2977
1003
390
1924
4493
3964
5618
5884
467
1355
2619
2363
5254
4745
447
471
-1851
-3052
-35
2527
347
-1297
-1382
-2027
-612
1309
-209
-524
171
-1710
-2668
-1557
532
2423
4045
2825
391
-363
-417
-3
920
-205
-1381
-2293
-3111
-2712
-3232
-3471
-2821
-2849
-2708
-2342
-2811
-3018
-1705
-1992
-3052
-2904
-2675
-3228
-1473
-2441
-2936
-1546
695
4044
3080
2796
1429
2254
3779
3628
2485
4179
3507
869
2146
2985
3249
5139
3007
673
957
-1644
-2099
-140
492
-553
-917
-2796
-2327
-664
601
733
1214
1286
7
13
152
1370
1877
987
650
145
-617
-407
-365
-901
-2652
-3037
-3269
-2373
-862
-1361
-2791
-3656
-2904
-2321
-1652
-1496
-2459
-2875
-2473
-2267
-1912
-1673
-399
-56
-171
-842
276
-167
1235
2989
1522
2857
1761
741
1950
3617
3843
4945
3860
2145
2861
1881
973
3791
3767
3233
2005
-1364
-977
621
2058
2195
2091
784
55
-362
-506
-82
888
763
-229
-229
-281
-524
-1181
-304
-473
-544
-362
-1854
-2196
-2231
-2421
-3228
-2930
-1516
-2242
-2380
-3320
-4118
-2475
-1797
-1495
-880
-523
-1059
-1365
-1131
-1434
-1226
-635
-1446
-1874
-1019
-196
-836
408
1557
1580
2217
1770
-514
818
2757
2858
4592
3628
2751
2032
2151
2760
4058
4451
4611
3881
1967
929
-362
-431
631
1136
1426
1306
483
293
-140
-1044
-1828
-1381
-1213
-896
-919
-1740
-2528
-2755
-2046
-2428
-2211
-1985
-2614
-2508
-1686
-1700
-1500
-533
-259
-798
-1517
-2062
-2134
-1054
-639
-947
-933
-725
-86
-1417
-2606
-2053
-2389
-2493
-2510
-2233
-1422
851
1459
1072
2028
1337
-95
170
479
2049
4144
4063
2667
1807
1707
2247
3642
4235
4596
4093
3939
2966
1729
2214
2377
1642
1356
1445
1551
2255
1338
-1504
-2479
-2566
-3419
-3119
-2065
-1713
-467
312
-768
-907
-521
-718
-1155
-1164
-1329
-696
-475
-1137
-942
-509
-296
-1101
-1562
-2809
-3128
-2660
-3555
-3127
-2201
-1851
-1577
-1556
-1879
-1613
-1012
-1413
-2304
-1864
-958
380
1979
1477
-79
165
412
1310
2801
4124
4620
4237
3702
3036
3813
4785
4892
4813
4397
4350
3632
2238
2117
833
-739
-437
-307
-189
542
121
-948
-812
-606
-1198
-1397
-1366
-1218
38
417
-548
-612
-1019
-1488
-1119
-1756
-2495
-2562
-2533
-2881
-3541
-3780
-3467
-2329
-2327
-2808
-2920
-2875
-2388
-2233
-2509
-1862
-1600
-1877
-2286
-2138
-1750
-2115
-1656
-1403
-392
1110
1345
176
582
1205
1842
3051
3750
3743
4428
5155
4063
3571
3326
2513
2965
3671
3989
3704
3555
3276
1456
1864
1358
668
1453
1102
-50
44
809
784
326
61
-873
-874
-154
-406
-629
-1448
-2009
-2576
-2128
-1382
-1916
-2856
-3060
-2556
-3147
-3572
-3317
-3055
-2192
-2139
-3043
-2886
-1458
-428
-1007
-1803
-1735
-1522
-920
-1361
-2162
-2669
-2227
-1258
-323
1569
2358
1919
1289
530
704
1410
1391
2068
2924
4406
5308
5130
5052
4502
4343
4961
4496
3313
2934
2937
2360
2029
2151
1790
1701
1823
439
83
631
-355
-1456
-1612
-1719
-2030
-1520
-1873
-2478
-2387
-2984
-4467
-4169
-3532
-3966
-3945
-3601
-3875
-3388
-2596
-2652
-2465
-1851
-1750
-1620
-1530
-1552
-1469
-912
-614
-828
-686
-1039
-918
-1413
-1572
-1339
-2194
-2157
-850
312
1438
2388
2656
2685
2870
3416
3161
3467
4885
5537
5940
6017
4586
3413
3971
5059
4500
4152
3101
1815
2451
3041
2802
2602
1919
153
-569
-819
-2173
-2423
-3106
-4170
-4310
-4125
-3864
-3935
-2838
-3175
-3457
-3596
-4527
-4490
-3898
-3158
-3279
-3034
-2384
-1918
-1287
-985
-1333
-726
-870
-1189
-1199
-1512
-1599
-1513
-1225
-1244
-831
-1421
-1257
-702
-1046
-381
266
1308
2801
3583
3512
3528
3928
3983
3859
3260
3180
3801
4732
5316
4814
4158
4852
5890
5971
5853
5006
3127
1993
1342
601
30
-458
-1214
-1289
-889
-1466
-2435
-2518
-2789
-3091
-3690
-4714
-4569
-3791
-3203
-3095
-2709
-2899
-2766
-2012
-1718
-1705
-1950
-2807
-2619
-1896
-2380
-2527
-1965
-1455
-989
-1035
-1424
-1555
-811
-543
-1139
-872
-682
-417
310
20
-291
-299
736
1022
780
1601
1084
1286
2548
1967
1810
3323
4192
4852
5464
4714
3505
3309
3450
3000
2958
3178
2038
2103
2953
2160
950
-84
-732
-946
-549
-1014
-1887
-1601
-1519
-2118
-1984
-1973
-1862
-1768
-1850
-1615
-1267
-1313
-2087
-2322
-2077
-1984
-2165
-1988
-1562
-1028
-1380
-1967
-1909
-1627
-833
-233
-375
-241
117
-380
-698
-586
-725
-1799
-1934
-1743
-2047
-1235
-1093
-1452
-625
348
922
1338
1682
749
255
573
661
2764
3456
3026
3232
3176
3332
2934
2635
2049
2049
2319
1986
1867
2144
2208
1722
1599
1600
1232
1455
841
-363
-1028
-1164
-1514
-1387
-1079
-1288
-566
-170
-588
-511
-1259
-1943
-1825
-1965
-1861
-789
-260
-1025
-219
-294
-1141
-1147
-1427
-1936
-1334
-1184
-2014
-1157
-1267
-2039
-1731
-1940
-1908
-1521
-1610
-1919
-2301
-2466
-2059
-802
585
846
590
-172
-300
366
587
543
830
1284
1987
3155
3519
3340
3892
3892
4260
5101
4854
4235
3207
2587
2276
2535
2389
2193
2568
2469
1817
662
-972
-1447
-1951
-2268
-1942
-1252
-355
59
-487
-994
-1310
-1909
-2062
-2450
-2666
-3057
-2866
-2820
-2230
-1856
-2082
-2554
-2790
-2369
-2201
-1307
-1957
-2744
-2363
-2492
-2059
-1524
-1716
-2023
-2666
-3238
-4476
-4025
-2880
-2733
-1164
-430
-208
922
1951
2424
2499
2622
2616
3267
4284
4143
3877
3951
4265
5539
6109
6231
6334
5825
5285
4712
3608
2733
2787
2588
2005
2256
1910
564
-508
-1517
-2331
-1734
-1721
-2319
-2347
-2241
-2737
-2879
-2859
-3409
-3607
-3862
-3923
-3361
-2407
-2136
-1519
-1625
-1671
-1738
-1939
-1996
-2280
-2060
-2525
-3437
-3704
-3809
-3321
-2203
-1888
-1833
-1509
-774
-768
-669
-589
-613
89
1087
1881
2527
2571
2712
3086
3140
3218
3894
4267
4693
5390
5794
5475
5648
5936
5914
7014
6971
5655
4117
3144
2460
1716
1202
169
-513
-770
-1478
-2280
-3481
-4073
-4351
-4956
-4729
-4281
-3559
-2594
-2343
-2905
-3743
-3805
-3798
-3288
-2786
-3240
-3831
-3431
-3314
-3272
-2644
-2958
-2988
-2320
-1218
-754
-1344
-1296
-1905
-2530
-2252
-1751
-948
4
599
-313
-871
-573
-250
737
2089
2189
2819
3605
3651
3842
3527
3223
3733
4885
5189
5572
5341
4620
4812
5216
4969
4958
4601
4117
3188
2391
1267
-179
-757
-1393
-1195
-935
-916
-1295
-2246
-3207
-3403
-4086
-4357
-3876
-3760
-3408
-2892
-2788
-2934
-2049
-1855
-2025
-1246
-681
-542
-84
-233
-1646
-2376
-2316
-2431
-1831
-1022
-880
-889
-1216
-1610
-1719
-1261
-361
312
677
917
1078
880
600
235
-257
656
1472
1935
2399
2334
1931
1741
1600
1556
2172
2824
2758
3453
3726
3374
3112
2909
2995
3624
4111
3319
2327
1345
0
-870
-1367
-1902
-1906
-1759
-1815
-2025
-2379
-2677
-2525
-2554
-2248
-1965
-1239
-175
-183
-431
-666
-1518
-1878
-1521
-1068
-842
-1344
-1848
-2240
-2338
-1943
-1891
-1310
-579
-110
193
228
297
237
-84
-382
-317
-421
-61
399
-91
-787
-1325
-1706
-1823
-1315
-878
-277
808
1104
865
845
758
806
1656
2588
2812
3321
3530
2585
1898
1666
1588
2076
2891
2547
2027
1834
1441
704
497
230
-56
158
332
-130
-759
-1256
-2140
-2213
-1781
-1506
-904
-637
-376
-285
-467
-805
-1132
-1304
-1236
-854
-491
-480
-840
-728
-650
-900
-1285
-1124
-1068
-624
-384
-1155
-1868
-2196
-1911
-1837
-1736
-1687
-1592
-884
-674
-1137
-1770
-2000
-1683
-1092
-209
765
1163
768
581
525
440
1329
1778
2069
3132
3814
3733
4049
4240
3924
4164
4277
3954
4313
4172
2956
1819
938
295
291
436
61
148
216
-79
-652
-715
-717
-703
-632
-774
-342
47
84
41
-659
-1346
-1885
-2111
-1704
-1558
-1671
-2218
-2388
-2692
-2565
-2218
-2283
-1824
-2266
-2185
-1960
-2118
-1905
-2165
-1735
-1714
-1698
-2001
-2509
-2003
-1991
-1839
-1818
-2486
-1787
-525
1210
2041
1729
1656
1498
2018
2387
1923
2269
3287
3951
4478
4289
3686
3789
4190
3863
3404
3173
2493
2224
2042
1313
696
581
496
647
1499
1116
237
-420
-1195
-1530
-1801
-2336
-2318
-2018
-1473
-1177
-1259
-1847
-2359
-2552
-2828
-2700
-2564
-2361
-1861
-1615
-1891
-2284
-2249
-2249
-2412
-2091
-2461
-2183
-1661
-1903
-2216
-2273
-1910
-1757
-934
-431
-698
-686
-605
-723
-614
-190
688
1686
2621
3188
2643
2151
2400
2253
2118
2656
3221
3738
4189
4404
4011
3365
3548
3999
4311
4558
3718
2691
2071
1863
1373
537
84
-339
-123
-336
-1046
-1565
-2007
-2145
-2158
-2176
-1775
-837
-175
-795
-1247
-1347
-1969
-2363
-2591
-2621
-2166
-1277
-1403
-1646
-1634
-2084
-2497
-2369
-2159
-2003
-1877
-1925
-2076
-1860
-1755
-1914
-1345
-764
-286
-31
-341
-753
-781
-901
-785
-400
87
941
1737
1972
1851
1712
1728
2139
2681
2856
3107
3645
3868
4124
3975
3381
3004
2679
3048
3317
3151
2928
1811
1043
939
766
493
-78
-521
-986
-946
-1363
-1988
-2142
-2098
-1641
-1465
-1333
-1119
-1056
-1075
-1569
-2140
-2607
-2382
-1846
-1647
-1488
-1857
-1792
-1892
-2195
-2561
-2742
-2759
-2375
-2204
-2366
-1824
-1635
-1381
-1314
-1634
-1571
-1257
-964
-593
-518
-445
-326
-223
151
1173
1774
1856
2152
1845
1487
1492
1534
1671
3083
4064
4049
4262
4371
4284
4013
4059
3508
2966
2977
2629
2367
2225
1858
849
352
-141
-980
-1074
-1166
-1334
-1567
-1706
-2012
-2009
-1614
-1410
-981
-737
-851
-876
-1374
-1851
-2396
-2902
-2836
-2641
-2321
-2510
-2615
-2738
-2779
-3005
-3246
-2748
-2468
-1794
-1239
-1371
-1097
-789
-859
-1085
-1156
-961
-718
-142
228
56
405
871
1602
2460
2632
2628
2361
2547
2863
3335
3297
3402
4229
4733
5096
5539
5166
4350
3885
3490
3114
2969
2783
2109
1863
1518
565
-319
-487
-884
-830
-1233
-1956
-2170
-2325
-2266
-2386
-2372
-2222
-2130
-2069
-2158
-2326
-2664
-3049
-3160
-3320
-3100
-2600
-2510
-2149
-2313
-2568
-3127
-3656
-3145
-2861
-2485
-2106
-1952
-1488
-1110
-1070
-1298
-1393
-1119
-1180
-1140
-855
-401
194
596
1185
1434
1966
2815
3153
2967
3026
3118
3159
3768
4461
4895
5175
5453
5229
4875
4919
4428
3977
3915
3587
2877
2159
1450
791
533
-80
-832
-1181
-1672
-2356
-2695
-3177
-3292
-2935
-2401
-2022
-1973
-1988
-2284
-2365
-2261
-2513
-2988
-3425
-3391
-2905
-2601
-1971
-2265
-2526
-2352
-2905
-3157
-3371
-3211
-2779
-2438
-2190
-2423
-2122
-1594
-1271
-1332
-1654
-1504
-948
-167
312
505
766
1359
2091
2573
2896
3201
3218
3183
3452
4016
4635
5240
5465
5684
5907
5693
5690
5311
4957
4547
3887
3087
2239
1989
1466
1062
970
414
2
-438
-1065
-1621
-2074
-2015
-2178
-2313
-2250
-2233
-1853
-1516
-947
-1022
-1535
-1831
-2657
-3032
-2885
-2812
-2753
-2722
-3008
-3282
-3390
-3695
-3781
-3832
-3834
-3869
-3570
-2868
-2460
-2028
-1828
-1638
-1616
-1580
-1517
-1785
-1069
-564
-4
686
978
2013
2787
3589
4014
4026
4106
3996
4341
4841
4993
5195
5076
5168
5229
4911
4800
4309
3982
3516
2618
2053
1659
1363
1091
214
-333
-780
-952
-765
-1154
-1674
-2311
-2989
-3045
-2904
-2316
-2211
-2346
-2231
-2480
-2771
-3189
-3543
-4015
-3772
-3502
-3471
-3238
-3239
-3324
-3587
-3660
-3701
-3749
-3600
-3340
-3292
-2954
-2437
-2245
-1990
-1829
-1565
-1128
-603
-143
117
688
1242
1817
2755
3727
4171
4411
4518
4626
5160
5451
5592
5835
5826
5614
5552
5408
5251
4990
4704
4316
4202
4216
3865
3247
2212
1218
384
89
118
-331
-859
-1396
-2000
-2394
-2823
-3117
-3358
-3177
-2678
-2611
-2571
-2555
-2983
-3347
-3743
-4071
-4146
-3785
-3524
-3516
-3581
-3758
-3753
-3945
-4015
-4131
-4175
-4014
-3703
-3297
-3044
-2901
-2788
-2407
-1734
-776
132
522
1122
1674
2161
2994
3462
3913
4288
4418
4592
4868
4901
5070
5557
5731
5953
6043
5519
4868
4744
4584
4467
4508
4113
3693
3173
2332
1505
684
142
-274
-644
-1025
-1513
-1850
-2391
-2955
-3455
-3702
-3811
-3727
-3529
-3422
-3596
-3633
-3664
-3965
-3897
-3895
-4274
-4285
-3945
-3949
-4084
-3912
-4251
-4356
-4105
-3906
-3351
-2895
-2607
-2578
-2509
-2277
-1928
-1380
-823
-198
549
1130
1738
2458
3064
3813
4373
4749
4877
5056
5216
5337
5493
5572
6104
6498
6153
5859
5689
5263
5398
5111
4549
4396
4323
3620
2696
1893
1081
432
-100
-874
-1086
-1113
-1541
-1940
-2788
-3319
-3673
-3891
-3924
-3962
-4032
-4376
-4542
-4498
-4367
-4340
-4506
-4412
-4277
-3884
-3567
-3736
-3630
-3486
-3782
-4044
-3965
-3808
-3407
-3019
-3108
-3099
-2607
-2154
-1753
-1196
-515
186
871
1441
2001
2752
3746
4271
4443
4601
4665
4968
5217
5616
5888
5883
5888
5590
5320
5168
4784
4344
4029
4118
4173
3968
3444
2809
2132
1066
249
-345
-827
-997
-1122
-1510
-1991
-2330
-2745
-2803
-2425
-2598
-2862
-3125
-3233
-3215
-3229
-3405
-3800
-3713
-3539
-3564
-3135
-3103
-3034
-2945
-3118
-3042
-3078
-2984
-2849
-2886
-2794
-2650
-2341
-2160
-2133
-1816
-1668
-1215
-567
-46
547
1302
1780
1878
2107
2426
2539
3050
3409
3572
3838
4129
4305
4107
4314
4252
4134
4137
4306
4362
4326
4270
3892
3628
3487
2764
2238
2094
1865
1666
1373
724
171
60
-420
-746
-803
-1229
-2019
-2511
-2995
-3373
-3164
-3417
-3661
-3671
-3901
-4050
-4099
-4243
-4328
-4100
-4007
-4037
-3801
-3921
-4011
-3784
-3910
-3828
-3377
-3156
-2840
-2639
-2458
-2061
-1519
-1194
-774
-146
440
1332
1926
2097
2507
2985
3451
3643
3956
4316
4485
4773
4798
4527
4612
4769
4695
4710
4754
4636
4495
4525
4338
4222
3864
3255
2851
2593
2304
1588
852
19
-564
-673
-908
-1072
-1391
-1944
-2563
-3212
-3557
-3845
-3904
-4026
-4157
-4120
-4269
-4182
-4297
-4302
-4134
-4216
-4198
-4306
-4046
-3617
-3665
-3490
-3170
-3136
-2610
-2141
-1889
-1639
-1286
-994
-743
-225
272
591
1266
1913
2342
3043
3652
4212
4643
4605
4362
4127
4165
4387
4545
4747
5123
5380
5318
4868
4153
3666
3410
2814
2243
1868
1533
1348
982
389
-326
-971
-1649
-2242
-2318
-2501
-2807
-2740
-2938
-3202
-3254
-3370
-3565
-3317
-3185
-3515
-3463
-3498
-3715
-3705
-3624
-3546
-3229
-2852
-2578
-2373
-2320
-2225
-2209
-2299
-1951
-1555
-1304
-788
-270
173
687
969
737
629
909
1139
1649
2205
2624
3319
3671
3641
3717
3726
3919
4203
4269
4212
4144
4189
4334
4390
4225
3987
3719
3409
2883
2519
2051
1622
1490
1272
726
164
-218
-676
-933
-1205
-1737
-2065
-2302
-2499
-2655
-2942
-3112
-3395
-3594
-3444
-3496
-3747
-3903
-4004
-4244
-4415
-4349
-4218
-3983
-3586
-3451
-3322
-3050
-2809
-2776
-2967
-2816
-2458
-1858
-1013
-435
-35
315
499
699
1108
1652
2306
2903
3239
3313
3666
3906
3761
3889
3966
4213
4522
4690
4672
4530
4359
4097
3899
3785
3635
3242
2688
2276
1759
1359
990
591
314
3
-493
-1077
-1532
-1955
-2118
-2286
-2721
-2926
-3147
-3276
-3443
-3449
-3514
-3565
-3335
-3174
-3104
-3001
-3056
-3252
-3254
-3217
-3046
-2877
-2461
-1945
-1657
-1452
-1208
-984
-702
-248
86
407
826
1376
1644
1964
2272
2430
2741
2905
2913
2959
3139
3071
2957
2909
2803
2772
2851
2887
3117
3196
2880
2570
2318
2219
2098
1857
1397
856
684
115
-162
-318
-864
-1356
-1719
-1978
-2284
-2421
-2694
-2852
-2621
-2559
-2712
-2883
-2897
-2796
-2762
-2886
-2973
-2855
-2521
-2208
-2174
-2088
-2035
-1904
-1653
-1390
-1112
-756
-490
-375
-225
-27
94
395
701
858
1143
1435
1790
1948
2041
2160
2106
2256
2332
2173
2287
2489
2475
2314
2322
2185
2076
2466
2465
2225
2299
2276
2252
2211
2127
1696
1378
1262
788
486
382
172
-209
-450
-700
-1058
-1246
-1612
-1843
-2045
-2256
-2321
-2515
-2556
-2456
-2538
-2810
-2744
-2517
-2481
-2242
-2197
-2309
-2017
-1904
-2106
-2294
-2259
-2057
-1840
-1495
-1200
-1144
-833
-613
-424
-292
-236
71
353
822
1161
1555
1712
1832
2087
2189
2277
2377
2432
2424
2672
2842
2700
2516
2512
2472
2369
2317
2090
1857
1867
1822
1502
1290
1132
1024
930
739
505
202
-95
-671
-1146
-1309
-1626
-1961
-2263
-2463
-2388
-2304
-2404
-2534
-2460
-2287
-2228
-2229
-2306
-2281
-2386
-2212
-2078
-2119
-1857
-1795
-1732
-1574
-1346
-1215
-1085
-882
-689
-390
-171
-80
100
406
656
1059
1339
1525
1905
2274
2498
2594
2521
2421
2358
2357
2310
2166
2168
2218
2210
2391
2257
2187
2170
2188
2036
1858
1870
1730
1847
1835
1678
1472
1228
862
548
366
124
-107
-372
-669
-1106
-1446
-1588
-1695
-1648
-1838
-2232
-2365
-2397
-2268
-2177
-2176
-2165
-2131
-2044
-2220
-2330
-2300
-2374
-2430
-2391
-2337
-2253
-1915
-1766
-1560
-1409
-1374
-1101
-752
-337
-170
-65
29
90
197
315
373
567
747
678
897
960
991
1029
1049
1155
1235
1318
1376
1507
1625
1744
1791
1665
1655
1829
1823
2019
2155
1807
1623
1416
1194
1005
788
558
197
57
-99
-236
-226
-323
-334
-383
-352
-374
-573
-760
-941
-991
-893
-877
-1003
-860
-845
-904
-1047
-1195
-1324
-1183
-1057
-1256
-1201
-1182
-1226
-1026
-833
-706
-622
-623
-471
-273
-112
-111
-260
-142
-166
-66
91
153
483
544
539
580
678
920
1009
1153
1210
1283
1339
1207
1201
1107
1029
980
917
865
846
835
901
1031
978
755
394
365
402
276
216
123
121
263
287
141
99
262
228
235
134
-37
-15
-134
-292
-527
-675
-702
-768
-817
-873
-948
-914
-873
-880
-859
-1018
-1054
-885
-876
-835
-930
-977
-984
-835
-588
-595
-525
-424
-356
-169
-58
39
47
-20
-194
-384
-197
-89
-33
34
64
109
291
360
394
504
497
353
412
667
769
904
777
561
545
504
422
566
783
910
963
906
797
696
590
401
255
65
118
163
219
227
-98
-308
-408
-478
-345
-445
-590
-715
-895
-1103
-1335
-1295
-1195
-959
-866
-918
-954
-874
-803
-926
-1064
-1154
-1088
-1004
-876
-685
-664
-615
-615
-655
-641
-608
-485
-308
-30
121
218
307
482
632
838
974
1104
1234
1412
1487
1446
1584
1686
1783
1560
1350
1184
1194
1266
1200
1053
959
976
1074
1158
1062
1031
730
575
628
538
420
285
-13
-202
-178
-231
-370
-313
-108
-193
-199
-361
-605
-354
-294
-487
-676
-796
-893
-787
-543
-674
-950
-1115
-1387
-1422
-1302
-1322
-1168
-991
-793
-808
-707
-551
-396
-84
37
27
216
339
326
419
506
424
435
434
302
184
319
356
233
150
-167
-287
-66
162
156
144
118
31
-21
62
-30
-105
-111
-83
-71
72
131
97
191
201
259
205
163
233
227
276
323
328
464
511
352
131
-38
-196
-335
-327
-403
-579
-736
-821
-749
-549
-394
-441
-356
-248
-140
-74
-65
14
7
61
-143
-243
-165
13
105
-73
-76
-138
-123
5
13
114
261
249
171
40
-2
-58
-76
-180
-127
7
2
-113
-142
89
193
334
277
228
486
566
471
416
544
751
793
754
745
826
746
644
472
277
346
268
161
63
26
-141
-211
-171
-208
-275
-278
-232
-203
-295
-418
-656
-667
-697
-678
-431
-576
-511
-526
-620
-635
-624
-578
-553
-421
-214
-140
-120
-220
-354
-403
-456
-248
-118
-111
-68
-44
-10
88
260
351
310
349
417
369
430
656
617
638
820
810
791
774
875
870
882
810
681
652
556
453
442
436
346
382
421
639
828
730
426
241
211
31
-70
-181
-256
-94
-90
-246
-519
-592
-610
-715
-679
-683
-531
-448
-470
-583
-693
-701
-692
-611
-550
-526
-494
-617
-635
-622
-592
-692
-778
-657
-627
-549
-617
-615
-519
-310
-137
-63
-106
-128
15
22
100
128
159
221
208
54
-2
65
127
160
309
533
723
713
615
439
231
200
182
169
125
180
151
143
92
120
66
-7
-185
-206
-109
-79
-153
-401
-510
-587
-514
-504
-540
-469
-471
-444
-477
-501
-331
-278
-278
-299
-252
-131
-152
-170
-214
-236
-213
-124
-41
-25
62
131
212
442
528
491
469
468
577
631
755
919
929
1056
1190
1240
1311
1266
1216
1182
1136
1153
1098
1254
1377
1318
1224
1096
1147
1210
1109
824
665
686
684
691
506
292
274
133
-131
-253
-380
-521
-743
-909
-1032
-1069
-1127
-1364
-1451
-1495
-1704
-1788
-1856
-1802
-1638
-1530
-1542
-1447
-1274
-1329
-1295
-1077
-1003
-960
-906
-1047
-1080
-852
-679
-500
-292
-147
-77
-72
65
148
360
493
360
389
385
473
719
831
781
770
867
813
967
1000
762
871
934
1009
1184
1178
1099
1077
902
835
935
953
882
828
690
508
424
270
15
-167
-469
-731
-778
-899
-1054
-1175
-1358
-1358
-1361
-1504
-1572
-1590
-1488
-1418
-1399
-1333
-1354
-1270
-1078
-1163
-1143
-1040
-938
-861
-785
-719
-680
-388
-189
-57
132
252
389
594
788
896
892
963
973
1050
1213
1185
1216
1407
1369
1376
1500
1505
1649
1757
1658
1624
1712
1780
1927
1911
1762
1576
1550
1471
1357
1195
981
927
783
694
421
227
-31
-336
-558
-856
-1103
-1354
-1397
-1507
-1592
-1634
-1818
-1990
-2010
-2016
-2097
-2187
-2140
-2119
-2137
-2049
-2014
-2060
-1943
-1691
-1446
-1322
-1124
-915
-779
-575
-500
-434
-118
278
605
727
872
1028
1140
1310
1398
1524
1714
1824
1853
1863
1941
1975
2025
2094
2044
2095
2116
2173
2129
2071
1912
1814
1889
1782
1674
1376
1103
941
699
428
176
10
-101
-354
-620
-909
-1237
-1487
-1735
-2015
-2280
-2430
-2549
-2664
-2642
-2875
-3080
-2999
-2944
-2925
-2850
-2868
-2901
-2664
-2627
-2697
-2535
-2306
-2138
-1798
-1489
-1286
-847
-470
-337
-54
351
654
909
1126
1320
1359
1636
1814
1897
2118
2144
2177
2238
2298
2428
2521
2496
2486
2614
2649
2597
2444
2184
2191
2298
2311
2235
2127
1923
1699
1497
1123
886
757
552
337
148
124
28
-158
-557
-1130
-1478
-1583
-1583
-1638
-1667
-1885
-2175
-2333
-2644
-2859
-2899
-2826
-2761
-2634
-2439
-2377
-2319
-2192
-2062
-1719
-1358
-1080
-688
-337
-131
21
166
303
583
797
888
985
1184
1322
1428
1558
1513
1473
1559
1503
1479
1614
1788
1944
1987
1934
1692
1560
1517
1509
1569
1525
1371
1185
1024
1004
912
728
598
436
250
59
-154
-372
-516
-753
-882
-1056
-1112
-1107
-1162
-1170
-1323
-1464
-1679
-1842
-1887
-1954
-1945
-2006
-2013
-1960
-1822
-1698
-1589
-1499
-1533
-1535
-1549
-1513
-1342
-1247
-1023
-713
-479
-248
-56
98
329
499
547
626
738
858
928
1138
1236
1163
1143
1029
1057
1217
1408
1408
1265
1270
1269
1396
1535
1478
1504
1490
1567
1576
1413
1275
1111
946
918
1025
996
950
830
617
440
292
38
-258
-367
-517
-624
-757
-902
-932
-949
-1086
-1252
-1330
-1403
-1505
-1637
-1720
-1698
-1547
-1522
-1507
-1420
-1296
-1257
-1234
-1184
-1083
-800
-558
-413
-375
-242
-137
37
121
169
306
317
362
369
351
235
221
314
338
563
857
856
823
778
718
708
744
762
884
1132
1236
1203
1251
1176
1078
1053
990
1012
1172
1127
983
931
837
847
769
603
447
348
177
-88
-291
-391
-578
-629
-642
-718
-786
-839
-906
-1139
-1231
-1387
-1502
-1437
-1314
-1346
-1407
-1377
-1366
-1266
-1145
-1137
-992
-805
-732
-660
-639
-589
-507
-411
-253
-160
-67
57
76
58
81
177
325
567
790
879
911
1008
1096
1081
1151
1183
1153
1286
1417
1434
1469
1409
1351
1329
1237
1030
883
827
797
693
580
490
443
422
287
129
-73
-300
-457
-595
-695
-831
-869
-1046
-1195
-1283
-1521
-1745
-1730
-1609
-1524
-1509
-1552
-1595
-1444
-1179
-1134
-1045
-920
-809
-658
-543
-521
-523
-479
-370
-167
94
122
201
195
186
216
270
324
365
607
773
889
1048
1149
1198
1267
1193
1139
1208
1226
1172
1151
1080
1111
1214
1177
1033
972
949
816
737
749
596
488
445
380
292
203
-28
-274
-372
-523
-721
-858
-888
-986
-1052
-1145
-1236
-1208
-1149
-1192
-1262
-1216
-1132
-985
-914
-920
-892
-856
-789
-555
-451
-374
-288
-229
-199
-180
-93
-105
-38
73
158
236
410
541
510
507
492
519
689
847
899
867
893
968
1008
991
940
921
890
893
926
820
749
643
569
516
479
470
339
245
162
76
36
-46
-205
-322
-385
-501
-620
-718
-827
-891
-900
-995
-1128
-1173
-1127
-1091
-1058
-1010
-994
-909
-759
-719
-681
-573
-476
-339
-271
-238
-108
-48
0
18
14
38
57
8
-1
16
71
122
194
235
317
451
551
551
517
622
741
883
972
957
918
877
757
759
613
454
350
269
310
331
370
367
274
295
202
155
141
154
182
158
92
-100
-234
-273
-309
-354
-361
-407
-506
-682
-682
-748
-767
-773
-722
-532
-379
-301
-255
-226
-284
-246
-325
-312
-243
-164
-19
24
72
120
42
-82
-185
-285
-262
-72
43
-18
41
140
199
280
382
420
429
490
531
558
585
485
398
465
518
460
406
321
297
332
336
224
189
301
362
382
309
290
273
272
244
139
-3
-114
-215
-404
-459
-454
-483
-486
-523
-575
-623
-724
-745
-677
-610
-554
-525
-488
-382
-303
-361
-405
-406
-491
-467
-441
-434
-285
-228
-333
-405
-358
-331
-229
-178
-260
-154
-16
57
132
97
-26
-42
85
216
359
457
451
410
405
280
120
121
164
220
332
348
388
361
290
289
224
314
423
539
604
559
505
494
475
424
276
157
83
-23
-20
-3
16
82
107
98
147
27
-31
67
-25
-131
-185
-184
-109
-77
-154
-280
-213
-175
-141
-124
-136
-49
-8
68
30
3
9
49
131
202
290
331
330
229
178
200
238
276
210
238
290
253
180
51
-106
-118
-82
1
-30
-63
-104
-157
-103
1
60
50
37
46
95
95
73
32
40
56
39
-72
-219
-184
-209
-182
-145
-212
-301
-408
-393
-442
-488
-438
-363
-283
-269
-386
-526
-619
-640
-649
-753
-764
-672
-578
-499
-478
-502
-515
-457
-466
-410
-349
-244
-111
-29
-36
-36
52
10
72
45
32
64
96
121
99
164
234
283
355
333
307
348
424
502
548
614
602
588
668
600
534
560
588
662
622
509
299
194
108
51
135
239
363
472
466
328
250
215
169
164
169
134
131
106
-11
-23
-56
-90
-97
-136
-183
-181
-125
-158
-244
-318
-359
-285
-118
-69
-70
-103
-292
-351
-323
-373
-371
-361
-309
-280
-190
-144
-149
-2
52
66
171
165
123
152
136
246
414
509
495
488
437
370
313
219
198
225
218
173
186
205
199
123
40
-49
-123
-132
-125
-103
-48
-29
-91
-68
-79
-122
-75
-63
-40
-105
-255
-338
-409
-426
-426
-444
-471
-467
-489
-566
-616
-600
-604
-587
-537
-522
-484
-354
-303
-338
-281
-217
-218
-162
-118
-138
-122
-65
-122
-67
52
112
175
104
60
17
107
175
183
264
316
345
378
441
495
492
436
373
359
347
321
302
340
336
378
420
362
433
456
471
468
473
370
267
162
37
-17
-139
-282
-384
-342
-421
-568
-587
-607
-606
-594
-771
-828
-798
-659
-568
-534
-516
-503
-391
-269
-195
-124
-66
-130
-106
-85
-115
-68
-4
-10
62
202
199
190
204
241
292
393
392
394
611
710
723
740
757
843
845
781
740
697
713
635
636
753
726
792
834
805
843
809
713
641
623
574
498
423
348
254
142
-53
-195
-310
-417
-496
-606
-653
-695
-702
-758
-857
-857
-878
-838
-824
-913
-910
-923
-899
-884
-842
-816
-814
-698
-612
-623
-607
-603
-562
-550
-450
-452
-402
-213
-127
-92
-91
-30
30
121
146
191
273
378
460
478
497
545
565
584
564
508
492
485
533
586
567
582
608
564
551
545
438
338
248
179
115
50
-44
-118
-125
-246
-359
-512
-670
-675
-648
-679
-751
-776
-829
-856
-748
-731
-779
-749
-806
-794
-682
-618
-634
-613
-548
-491
-392
-327
-319
-221
-101
-72
-33
23
95
196
271
370
428
563
673
700
775
842
852
884
849
810
869
925
951
945
965
991
955
931
946
954
1002
1019
985
904
875
823
738
560
480
426
313
197
50
-73
-169
-222
-343
-448
-456
-500
-609
-644
-737
-774
-721
-784
-786
-777
-766
-852
-899
-899
-937
-842
-780
-753
-804
-792
-784
-668
-518
-445
-458
-346
-237
-178
-63
35
103
157
175
243
398
501
591
555
533
523
492
497
508
557
596
633
784
856
859
826
836
783
664
649
600
533
489
420
289
241
156
53
-59
-188
-334
-388
-439
-470
-511
-558
-650
-721
-735
-734
-800
-841
-826
-827
-775
-811
-906
-866
-826
-792
-779
-798
-854
-819
-828
-837
-845
-800
-694
-616
-479
-375
-257
-223
-185
-152
-49
70
171
258
297
386
476
510
614
648
684
749
758
814
876
891
923
963
1047
1100
1096
1040
946
871
800
686
598
594
534
471
429
297
168
68
-60
-183
-217
-200
-178
-172
-213
-300
-331
-352
-340
-288
-322
-470
-609
-654
-701
-660
-597
-542
-521
-507
-541
-582
-520
-474
-420
-288
-141
-37
-14
49
79
160
231
136
158
238
301
386
461
483
467
518
527
559
629
673
707
708
797
780
769
780
823
875
830
764
670
619
532
416
379
360
344
251
84
15
-36
-73
-121
-304
-439
-509
-589
-677
-732
-782
-827
-885
-961
-1033
-1111
-1134
-1170
-1166
-1125
-1089
-1023
-990
-1049
-997
-969
-955
-917
-858
-801
-711
-543
-465
-401
-276
-152
-78
-22
6
31
110
162
288
358
434
472
483
557
614
764
764
767
761
787
793
847
907
942
976
919
861
832
870
811
820
754
641
555
447
368
304
237
63
-51
-158
-241
-318
-321
-393
-449
-489
-504
-549
-598
-654
-725
-763
-770
-840
-913
-923
-891
-775
-673
-676
-634
-543
-504
-454
-422
-299
-188
-131
-65
31
135
209
309
402
503
585
598
638
651
660
755
796
815
849
816
806
890
876
816
814
830
878
869
798
726
739
714
614
488
352
173
102
9
-93
-63
-102
-205
-304
-389
-553
-588
-697
-808
-850
-970
-1057
-1080
-1035
-1070
-1025
-1019
-1054
-997
-988
-1030
-935
-812
-797
-770
-715
-660
-614
-494
-340
-216
-80
18
63
176
331
395
420
523
593
642
689
678
739
801
837
874
900
928
929
914
873
855
809
785
793
790
759
696
651
636
625
509
371
321
223
161
57
-34
-130
-220
-351
-479
-539
-573
-605
-636
-660
-722
-755
-839
-919
-962
-948
-947
-978
-960
-926
-1013
-959
-975
-949
-877
-804
-735
-661
-585
-575
-465
-335
-275
-216
-89
8
162
228
287
326
396
489
545
590
642
632
574
681
745
780
868
929
965
984
947
954
954
873
860
750
692
670
586
452
339
277
191
178
140
28
-54
-89
-144
-169
-227
-285
-297
-319
-410
-504
-520
-560
-560
-556
-533
-555
-572
-586
-652
-610
-540
-503
-519
-506
-503
-476
-360
-311
-310
-186
-102
-63
-114
-74
-1
65
166
273
375
485
539
558
614
622
644
673
715
731
707
660
669
680
701
615
526
469
417
389
330
301
253
144
65
-50
-180
-264
-370
-475
-444
-399
-405
-397
-466
-529
-538
-571
-614
-597
-569
-552
-583
-632
-657
-659
-568
-545
-527
-495
-465
-434
-469
-512
-531
-556
-552
-506
-495
-417
-281
-190
-162
-150
-109
-80
-64
11
84
134
222
286
335
385
431
472
492
507
512
566
618
665
720
744
780
742
692
613
544
505
500
524
483
453
411
445
450
360
256
230
244
172
106
65
49
12
-29
-113
-155
-87
-82
-116
-178
-245
-301
-350
-327
-339
-349
-379
-439
-435
-423
-426
-452
-408
-398
-345
-307
-255
-212
-260
-231
-223
-145
-46
-51
13
71
110
196
248
306
385
363
303
313
306
318
337
331
380
361
339
302
278
262
229
237
254
222
226
151
122
124
153
180
155
91
85
2
-35
-117
-185
-277
-367
-345
-387
-377
-401
-471
-594
-642
-684
-719
-724
-706
-746
-701
-672
-690
-665
-676
-659
-642
-624
-610
-550
-513
-432
-394
-308
-213
-197
-79
7
116
188
240
288
342
428
458
518
560
588
623
623
646
670
728
742
705
642
596
590
620
669
685
652
586
537
502
378
337
304
286
306
272
240
202
155
56
-40
-130
-140
-223
-286
-272
-243
-207
-294
-387
-459
-460
-477
-506
-538
-520
-513
-510
-556
-522
-480
-448
-469
-517
-510
-469
-389
-338
-268
-206
-152
-115
-83
-21
22
69
168
228
287
319
368
446
493
519
573
587
620
660
655
672
637
610
561
588
653
634
575
548
514
485
395
334
280
276
318
230
145
66
67
-3
-74
-140
-184
-285
-383
-537
-593
-625
-619
-659
-648
-614
-609
-645
-675
-684
-691
-620
-624
-576
-533
-553
-562
-559
-548
-507
-493
-472
-402
-356
-307
-251
-245
-192
-108
-113
-83
-65
-11
52
101
129
136
161
234
309
323
318
313
373
410
364
350
337
392
399
316
301
308
352
337
301
266
282
267
209
103
45
26
-9
-21
17
-34
-119
-146
-164
-205
-265
-232
-242
-176
-164
-166
-172
-155
-182
-190
-130
-87
-70
-97
-108
-70
-43
3
45
16
117
209
211
236
238
302
382
413
389
352
374
404
423
495
497
490
494
500
531
539
516
508
472
433
335
324
362
306
222
176
142
71
99
161
134
65
-19
-95
-182
-212
-240
-281
-254
-284
-284
-315
-339
-381
-410
-467
-493
-451
-451
-465
-476
-477
-501
-483
-500
-543
-575
-549
-519
-485
-423
-417
-429
-374
-417
-434
-419
-360
-305
-211
-123
-121
-128
-145
-127
-100
-69
-58
37
97
145
159
218
211
186
186
203
240
253
292
353
354
386
387
305
299
226
270
298
320
249
196
212
205
173
122
119
87
62
-3
-51
-108
-142
-140
-85
-49
-11
6
-60
-107
-191
-213
-241
-193
-174
-165
-156
-148
-128
-180
-201
-154
-149
-151
-88
-32
-37
-17
-4
6
89
167
165
138
120
67
103
85
122
129
131
166
174
186
215
268
272
309
291
253
254
220
150
94
31
40
64
39
57
34
91
55
6
79
127
128
111
104
107
140
122
100
152
148
162
139
64
18
6
13
27
49
-65
-90
-117
-111
-126
-133
-126
-149
-186
-255
-285
-315
-307
-259
-237
-204
-144
-163
-194
-228
-194
-178
-142
-123
-84
-3
75
69
48
94
121
142
141
160
230
257
197
187
133
99
117
146
187
217
235
250
219
212
201
159
172
170
166
121
139
135
75
-2
-54
-6
23
2
-45
-94
-123
-196
-224
-237
-266
-271
-333
-345
-343
-339
-298
-338
-301
-280
-297
-333
-372
-364
-404
-383
-344
-394
-423
-402
-429
-429
-390
-409
-440
-456
-404
-377
-310
-287
-279
-267
-247
-180
-109
-7
78
92
51
7
22
45
102
146
254
359
486
515
519
538
512
525
489
484
523
510
527
505
470
462
436
405
373
357
357
374
394
373
281
256
251
247
253
194
205
196
140
116
79
52
78
94
61
53
37
40
20
25
-17
-41
-41
-64
-76
-99
-92
-50
-24
-65
-22
-61
-100
-144
-140
-121
-136
-96
-83
-76
-47
-13
-26
-44
-51
38
73
92
64
11
43
60
27
3
-1
-10
-1
-30
-51
-122
-150
-145
-140
-135
-127
-126
-146
-136
-147
-172
-209
-164
-126
-194
-210
-223
-244
-261
-246
-258
-280
-279
-325
-352
-344
-344
-373
-363
-351
-405
-400
-393
-423
-453
-490
-508
-450
-399
-384
-345
-290
-240
-203
-205
-135
-102
-67
4
-2
32
80
144
190
223
233
217
239
283
298
308
288
298
349
341
295
283
331
393
416
357
343
366
417
413
353
382
417
494
512
512
504
418
400
364
370
343
355
340
328
315
189
84
86
36
-46
-98
-133
-102
-113
-139
-184
-246
-256
-267
-304
-258
-215
-237
-259
-232
-239
-192
-215
-191
-79
-69
-77
-75
-35
7
-18
12
10
39
36
56
106
139
175
169
129
129
199
235
226
199
193
166
121
130
139
220
270
219
210
197
240
171
169
183
178
195
133
27
-26
-58
-86
-116
-166
-171
-233
-313
-386
-422
-393
-344
-341
-384
-420
-428
-441
-479
-470
-437
-407
-348
-281
-303
-316
-294
-267
-225
-220
-168
-118
-78
-61
-73
-20
3
-42
-69
-108
-62
16
13
32
50
82
105
86
104
90
103
95
84
67
47
24
51
66
109
111
101
76
119
95
61
50
18
13
-16
-77
-134
-126
-95
-96
-120
-127
-159
-182
-195
-160
-177
-178
-169
-151
-122
-105
-124
-132
-104
-149
-155
-61
-6
61
37
16
-9
32
51
65
96
150
224
208
235
252
264
253
277
305
361
403
481
509
498
477
467
488
540
572
540
598
613
548
500
464
440
475
399
372
352
302
289
242
200
129
97
49
11
-53
-118
-109
-165
-236
-261
-328
-356
-337
-349
-378
-377
-379
-382
-391
-400
-399
-391
-347
-294
-345
-370
-381
-411
-439
-399
-335
-355
-342
-351
-328
-242
-212
-217
-246
-215
-236
-220
-208
-159
-89
-58
-1
22
106
139
147
107
89
93
123
126
146
157
116
126
86
74
52
20
22
29
58
66
66
45
0
-51
-100
-170
-203
-189
-145
-203
-255
-211
-114
-101
-120
-111
-107
-62
-116
-178
-167
-128
-108
-109
-71
-36
-54
-54
-13
28
60
37
31
52
76
101
136
155
171
184
215
232
224
285
339
424
447
448
460
493
487
501
428
403
409
376
388
380
353
328
308
282
274
210
154
106
114
126
112
41
13
-26
-50
-99
-205
-184
-125
-155
-190
-211
-201
-172
-203
-241
-242
-240
-232
-301
-335
-283
-347
-349
-359
-346
-295
-309
-287
-284
-272
-296
-296
-238
-235
-183
-178
-107
-27
-12
-41
-76
-66
-63
4
3
-27
-17
65
88
112
185
231
267
273
279
248
274
244
218
185
204
209
193
223
207
175
126
129
142
156
127
56
66
85
75
6
0
10
1
-4
-45
-84
-112
-155
-277
-307
-290
-238
-253
-299
-347
-366
-375
-427
-494
-434
-360
-330
-327
-340
-289
-253
-270
-284
-249
-199
-152
-98
-1
80
82
106
91
134
176
211
260
258
271
282
292
288
260
273
295
269
271
309
316
316
289
277
263
250
253
272
240
255
197
185
177
172
154
103
102
31
17
-10
-29
-101
-137
-154
-167
-160
-205
-183
-207
-189
-238
-243
-315
-334
-369
-405
-400
-371
-348
-322
-311
-315
-266
-222
-167
-134
-107
-83
-50
-18
26
36
103
171
205
245
242
244
235
262
329
392
461
520
559
492
462
445
470
477
492
467
400
388
308
328
320
307
305
297
229
171
130
62
6
-66
-115
-155
-144
-178
-197
-224
-303
-304
-336
-329
-385
-416
-420
-434
-500
-495
-510
-486
-426
-404
-351
-363
-382
-419
-401
-347
-301
-250
-247
-234
-174
-151
-149
-123
-79
-33
-16
17
42
39
48
102
150
194
264
245
264
252
238
240
164
213
217
217
219
206
205
199
181
136
141
169
170
167
93
41
-3
-45
-64
-112
-179
-129
-97
-86
-144
-162
-179
-196
-171
-160
-144
-110
-88
-100
-100
-123
-103
-96
-107
-114
-114
-142
-102
-111
-83
-34
-30
-23
-32
-8
17
43
34
48
83
125
153
120
109
139
126
121
154
222
280
298
315
305
318
333
328
303
276
242
258
276
289
313
265
248
214
113
61
-14
-31
-30
-75
-56
-77
-64
-56
-129
-213
-230
-205
-132
-125
-142
-121
-99
-94
-151
-179
-169
-135
-113
-140
-133
-139
-110
-106
-98
-110
-159
-141
-143
-126
-161
-140
-128
-91
-141
-202
-222
-163
-151
-191
-160
-138
-102
-54
-33
38
114
97
32
-4
75
145
169
170
154
163
185
144
103
128
142
146
173
172
177
130
34
-3
-12
7
3
7
20
20
14
-12
-71
-82
-64
-59
-66
-71
-89
-59
-41
-29
-49
-88
-98
-108
-129
-120
-140
-128
-65
-59
-57
-96
-105
-94
-102
-72
-47
-43
-15
50
57
73
91
64
104
101
115
160
164
156
165
211
220
272
251
258
227
198
114
101
157
138
132
106
94
105
114
82
49
56
12
-16
-29
-61
-51
-66
-114
-117
-76
-29
-14
5
-57
-66
-90
-164
-179
-208
-183
-160
-191
-185
-191
-144
-136
-138
-121
-165
-175
-193
-202
-209
-205
-215
-211
-209
-221
-153
-94
-56
-17
24
55
26
64
97
165
213
190
164
135
176
155
137
140
143
122
125
121
126
129
97
128
126
131
121
93
76
77
47
70
44
74
86
71
85
73
55
-17
28
26
26
13
1
-11
-19
-27
-47
-40
-52
-49
-144
-185
-176
-143
-178
-216
-203
-179
-171
-166
-152
-148
-70
-24
16
10
-22
-63
-49
18
69
81
129
140
117
129
111
112
145
150
150
51
107
119
103
101
89
79
98
104
103
112
41
-9
-28
-58
-57
7
55
84
54
22
35
-13
5
1
-42
-20
-12
-44
-47
-55
-88
-135
-157
-131
-137
-159
-179
-214
-236
-237
-252
-234
-199
-122
-111
-137
-109
-98
-98
-132
-113
-56
-10
-16
-5
18
70
129
84
101
96
83
148
160
198
166
123
97
94
112
101
114
106
110
124
88
75
127
137
148
104
75
95
54
90
33
44
113
106
65
62
-17
-35
-41
-40
-1
1
-5
-56
-73
-106
-164
-198
-213
-202
-169
-177
-161
-192
-174
-142
-124
-118
-131
-176
-204
-195
-200
-177
-146
-141
-115
-105
-173
-171
-111
-46
-41
-52
-63
6
45
81
42
26
86
111
127
125
180
238
268
283
296
273
324
345
353
321
259
250
253
229
216
228
212
242
231
169
166
137
170
149
89
87
46
2
-81
-137
-156
-123
-139
-131
-138
-122
-94
-93
-158
-197
-169
-134
-116
-127
-90
-151
-172
-137
-112
-130
-152
-134
-116
-106
-100
-103
-77
-43
-67
-69
-45
-2
15
6
18
76
159
157
109
110
153
119
96
81
96
112
119
161
197
168
103
110
107
140
152
99
86
69
29
10
-47
-85
-87
-106
-100
-50
-68
-109
-126
-157
-139
-150
-179
-224
-254
-249
-247
-285
-279
-293
-303
-306
-360
-349
-322
-303
-279
-237
-213
-227
-219
-218
-217
-197
-190
-187
-76
-49
-67
-32
-43
-62
-48
-10
45
129
215
268
269
267
325
297
272
340
357
336
328
342
338
290
268
271
263
250
236
241
193
161
165
138
164
163
98
136
215
185
128
108
24
35
36
-45
-28
-9
-10
-28
-31
-33
-62
-68
-112
-183
-209
-193
-189
-209
-200
-142
-128
-139
-137
-155
-176
-197
-215
-199
-143
-41
-34
-24
-29
-44
-42
-28
35
60
103
128
95
109
109
51
46
25
21
13
37
66
97
71
93
95
82
79
65
91
66
34
28
36
33
42
3
55
81
106
87
22
51
35
17
19
23
20
28
24
45
13
0
-33
-50
-20
-15
-28
-49
-63
-59
-29
-58
-138
-109
-83
-63
-15
-7
39
76
42
10
2
-29
-66
-75
-30
43
20
-5
-7
-9
29
-2
-59
-20
53
89
36
18
21
-11
-64
-76
-99
-84
-29
-39
2
22
65
30
-3
-4
-7
-23
-20
-8
-56
-46
-98
-63
-93
-113
-96
-99
-95
-115
-178
-246
-241
-236
-188
-177
-151
-147
-166
-157
-220
-289
-306
-266
-205
-181
-209
-211
-152
-115
-55
-48
-81
-45
-34
-30
-45
-37
26
26
42
65
46
38
57
46
50
81
141
181
172
250
247
266
268
236
255
275
267
254
295
311
297
291
274
302
304
316
326
264
247
232
208
181
124
119
144
90
112
78
96
153
113
91
8
-63
-31
-1
-28
-24
-36
17
-5
18
21
-17
-8
-25
-15
-22
11
51
33
-10
-60
-77
-44
-25
0
-86
-111
-138
-104
-81
-57
-24
-18
22
-28
-23
-10
26
42
13
-12
9
18
21
33
-2
31
15
-2
-27
-65
-104
-136
-103
-73
-69
-87
-143
-146
-156
-206
-232
-281
-297
-260
-227
-211
-186
-166
-146
-147
-179
-197
-274
-295
-261
-231
-196
-191
-209
-185
-200
-241
-279
-254
-223
-202
-194
-166
-140
-140
-149
-159
-124
-104
-105
-96
-79
-28
-1
-41
15
72
119
153
95
117
175
158
198
184
240
266
290
317
321
325
359
351
319
302
217
197
171
181
212
241
235
265
228
227
229
171
190
197
170
213
192
107
90
54
13
-38
-64
-21
-19
-5
-27
-30
-15
-9
-60
-110
-111
-122
-159
-159
-128
-109
-55
-17
-60
-34
-50
-5
22
79
62
26
63
67
107
95
65
95
144
141
154
123
134
163
133
90
74
152
119
124
104
125
100
44
18
33
71
65
71
28
74
70
40
24
-13
-14
-37
-70
-126
-85
-103
-179
-202
-204
-172
-127
-176
-220
-261
-287
-312
-302
-264
-261
-265
-302
-339
-304
-270
-301
-286
-255
-184
-120
-112
-128
-99
-98
-58
-42
-19
-14
-69
11
20
12
-11
-43
-23
29
42
23
-16
-12
38
45
37
-19
30
60
47
16
3
-15
55
109
60
68
59
69
62
35
26
55
74
31
46
33
56
52
43
48
30
61
67
-18
-70
-65
-91
-66
-102
-98
-109
-104
-102
-104
-103
-41
-17
-47
-13
-29
22
50
59
135
121
148
140
139
137
126
135
150
187
194
199
193
159
152
156
185
149
151
181
176
151
130
133
113
142
159
146
108
66
93
78
83
41
7
46
62
80
51
35
30
-3
-23
-5
-20
-46
-85
-72
-109
-134
-159
-128
-114
-114
-97
-147
-132
-172
-132
-133
-125
-119
-119
-82
-78
-32
15
13
11
16
43
53
74
69
70
80
69
100
82
119
173
121
91
105
87
115
92
108
144
150
157
150
111
94
58
39
81
14
-4
-6
-55
-26
-10
-47
-37
-101
-148
-164
-204
-183
-204
-234
-232
-212
-249
-249
-282
-329
-369
-349
-300
-276
-272
-229
-280
-315
-272
-302
-249
-231
-196
-155
-175
-133
-129
-159
-112
-150
-112
-103
-45
-29
-28
-30
-20
23
21
18
-1
54
97
119
79
138
127
162
215
234
269
257
230
232
232
218
174
169
201
254
244
195
241
239
245
190
152
88
133
99
46
29
10
35
30
75
72
59
42
20
45
46
6
24
74
104
73
14
-9
-39
-62
-83
-64
-33
-24
-33
-93
-110
-105
-120
-104
-39
6
13
-6
-29
-18
-18
-14
42
88
158
182
174
176
183
197
249
232
260
288
263
237
242
278
274
247
245
261
235
226
161
104
69
58
35
-4
4
15
-30
-86
-110
-159
-151
-176
-166
-69
-101
-140
-183
-161
-153
-143
-231
-298
-310
-317
-258
-300
-315
-345
-357
-403
-392
-367
-347
-382
-388
-353
-352
-290
-296
-321
-299
-311
-263
-200
-190
-135
-123
-113
-93
-118
-117
-73
-51
24
88
86
100
72
71
95
114
129
139
157
146
138
120
133
131
124
134
127
108
63
16
29
38
23
62
60
117
74
61
41
14
41
-11
19
0
3
18
13
-59
-87
-131
-119
-52
-68
-54
-49
0
56
26
61
65
70
146
152
178
152
146
204
210
236
248
263
279
257
251
225
274
318
303
287
285
317
297
277
263
223
257
275
222
224
192
169
169
141
164
232
259
292
262
204
242
175
136
115
93
88
25
-23
-68
-115
-85
-108
-134
-158
-196
-224
-226
-258
-285
-277
-300
-271
-279
-316
-330
-339
-351
-357
-352
-318
-303
-273
-253
-231
-230
-251
-248
-317
-326
-308
-263
-227
-146
-139
-124
-99
-104
-100
-70
-52
-75
-122
-141
-102
-97
-108
-118
-105
-53
-19
-33
-29
-5
26
65
60
50
25
2
-33
-85
-110
-99
-84
-67
-59
-83
-93
-173
-175
-147
-129
-79
-71
-60
-86
-111
-141
-128
-161
-125
-51
-10
49
49
49
48
76
119
164
143
194
205
232
287
280
293
310
285
307
295
303
366
337
296
296
272
304
271
227
220
185
239
249
249
311
325
343
338
284
250
199
182
162
172
181
193
211
189
175
115
66
-9
-44
-36
-56
-42
-32
-43
-68
-74
-105
-119
-165
-191
-189
-236
-298
-307
-232
-236
-241
-244
-225
-158
-129
-173
-195
-189
-197
-172
-174
-157
-145
-131
-131
-120
-117
-135
-137
-112
-98
-60
-67
-65
-23
-46
-53
-88
-96
-17
27
54
61
45
55
50
19
24
26
23
10
22
62
16
-45
-63
-118
-129
-91
-95
-88
-118
-130
-150
-200
-201
-201
-200
-167
-106
-61
-39
-46
-94
-110
-102
-66
-91
-92
-103
-108
-63
-54
-79
-65
-36
4
9
-1
7
-50
-22
18
70
70
114
126
132
135
145
165
148
140
215
271
289
315
283
288
293
307
319
319
397
376
356
310
290
307
273
199
166
168
149
150
147
125
134
106
52
29
7
17
46
6
-8
-8
-17
0
-52
-57
-50
-85
-101
-146
-174
-151
-164
-146
-183
-183
-176
-184
-177
-206
-246
-288
-270
-260
-266
-251
-273
-254
-248
-239
-237
-223
-186
-162
-82
-55
-43
-40
-54
-17
-54
-26
47
26
56
86
117
116
132
96
52
54
41
51
8
-6
-46
-61
-40
54
79
62
61
37
97
115
75
9
-7
-26
7
-5
4
52
74
131
79
67
48
-6
12
-22
46
17
-10
5
13
-57
-135
-138
-184
-160
-121
-97
-95
-64
-49
-38
-56
-38
-53
-54
-5
-10
5
18
5
42
40
12
5
-22
16
35
72
123
110
108
129
118
93
120
136
122
44
36
79
56
63
56
93
90
100
89
79
117
105
92
76
25
12
20
14
-4
6
2
-44
-31
-50
-55
-68
-52
-46
-74
-78
-87
-39
-34
-58
-78
-105
-85
-140
-129
-58
-56
-75
-57
-60
-48
-29
8
34
15
9
-17
8
4
-14
44
44
53
67
46
39
30
36
73
53
26
32
35
20
26
87
151
179
158
134
123
107
73
62
54
57
49
0
4
-16
-2
19
59
57
13
2
-26
-13
-56
-91
-123
-142
-118
-71
-88
-115
-104
-169
-158
-181
-176
-125
-94
-111
-92
-89
-50
-26
-7
-2
-10
-48
-93
-107
-132
-152
-102
-41
-19
-56
-81
-88
-73
-58
-41
-7
-6
7
5
49
68
41
10
-14
3
36
67
104
103
112
104
108
85
62
69
63
53
54
10
-3
7
31
37
19
14
31
-5
-5
9
-5
6
-2
-5
-27
24
71
100
75
96
126
172
198
112
128
140
157
130
74
68
48
50
64
58
66
72
57
16
-22
-48
-19
16
14
8
-3
12
11
-1
-20
-2
-12
30
88
117
60
7
13
27
13
-23
-9
27
56
17
-7
-31
-30
-25
-98
-146
-156
-153
-98
-107
-65
-76
-88
-121
-162
-152
-138
-121
-125
-138
-155
-152
-171
-189
-152
-143
-151
-123
-119
-110
-126
-138
-99
-103
-112
-111
-122
-76
-64
-69
-63
-39
-36
-45
-40
10
65
95
107
112
138
161
120
119
120
76
84
127
111
132
143
84
65
29
45
34
40
50
41
61
12
18
45
65
73
90
154
103
80
75
79
44
-6
14
49
50
32
16
30
14
33
23
8
-52
-75
-86
-114
-63
-90
-106
-128
-116
-113
-84
-102
-137
-116
-97
-65
-78
-54
-16
12
49
76
123
131
110
135
86
117
95
95
130
141
147
161
136
142
141
99
102
74
123
173
117
127
111
79
58
43
23
42
-6
5
51
80
108
92
108
116
105
83
54
20
-4
14
-7
-4
-53
-22
-22
-71
-76
-107
-85
-52
-47
-40
-74
-104
-104
-123
-106
-109
-142
-130
-121
-103
-96
-129
-131
-60
-90
-105
-127
-121
-71
-39
-45
-27
0
3
-11
-21
-37
-46
-15
-35
-20
-72
-81
-119
-85
-88
-79
-42
-87
-81
-68
-65
-54
-76
-80
-111
-91
-61
-95
-104
-117
-97
-115
-144
-174
-193
-138
-141
-193
-182
-193
-153
-160
-135
-85
-68
-73
-55
-36
-55
-96
-80
-58
-68
-8
21
49
71
107
130
123
133
179
166
164
199
173
140
163
160
147
149
161
172
132
107
100
105
106
103
81
80
108
125
137
150
155
196
195
195
198
257
260
284
305
268
250
211
173
179
243
252
248
184
164
150
97
107
104
109
120
79
64
4
17
-10
-46
-29
-20
37
-3
10
-5
-18
-24
-15
-43
-53
-18
-18
-44
-85
-97
-92
-79
-84
-70
-88
-65
-92
-129
-189
-187
-133
-97
-84
-100
-92
-108
-130
-157
-162
-164
-172
-163
-155
-133
-124
-150
-171
-163
-160
-147
-241
-226
-142
-145
-126
-173
-188
-220
-263
-254
-297
-305
-255
-243
-198
-129
-129
-113
-129
-121
-111
-116
-119
-72
-102
-97
-84
-90
-112
-162
-152
-99
-63
-56
-52
-58
-38
