9
-26
-29
-17
-17
-11
-54
-48
-42
-84
-81
-57
-33
-40
16
35
14
-1
-59
-60
-41
-27
-22
-20
-43
-60
-73
-54
-51
-44
-45
-39
-79
-92
-89
-121
-101
-86
-41
-29
0
-7
-30
-74
-60
-44
-14
32
65
135
141
95
70
84
91
71
115
179
209
241
256
226
168
114
105
153
174
180
199
169
166
156
106
99
89
136
123
96
102
98
89
67
54
38
30
17
28
25
22
-6
-7
-34
-49
-64
-99
-69
-81
-80
-100
-94
-128
-136
-105
-85
-89
-102
-102
-104
-132
-150
-152
-123
-72
-23
-34
-45
-82
-106
-118
-123
-77
-86
-73
-81
-68
-59
-72
-83
-77
-59
-47
-27
-56
-28
-48
-81
-50
-40
-57
-30
-4
-33
-7
-4
0
-44
-27
-14
-61
-65
-53
-12
35
53
47
48
60
30
32
31
26
28
29
48
47
14
4
-11
-42
-13
37
37
24
41
8
13
34
44
9
29
44
35
44
83
47
20
15
-6
-28
-41
-22
-11
3
-4
-6
-1
19
-10
9
-10
-18
-16
-31
-34
-14
-42
-32
-9
-44
-2
20
57
37
28
40
43
36
14
42
56
78
61
77
51
24
34
-5
-3
25
50
57
75
41
18
1
16
27
55
47
24
13
6
5
36
61
52
50
47
32
7
-12
-12
-28
-13
-6
14
-12
-23
-48
-50
-27
-18
-38
-17
-18
-25
-8
1
32
17
20
21
7
4
-9
-13
29
38
18
44
9
-6
-15
-33
-26
-27
-20
-3
-2
-26
-72
-78
-74
-66
-50
-42
-50
-88
-80
-82
-83
-72
-53
-49
-8
32
42
19
10
48
31
38
13
33
66
94
59
42
71
81
101
96
74
83
90
72
70
62
77
56
92
87
42
26
33
39
-2
-2
-13
-25
-17
-24
-33
-56
-36
-25
12
-16
-28
-54
-46
-47
11
-13
-38
-34
-24
-27
-79
-38
-51
-46
-52
-78
-109
-117
-119
-59
-29
-31
-71
-102
-78
-103
-97
-69
-60
-1
-14
-12
-44
-89
-37
-53
-6
22
3
-5
9
16
25
32
18
5
29
67
63
51
17
5
0
-18
-3
-20
-7
10
21
0
-23
-12
-2
2
14
1
14
-3
4
10
-17
-27
-56
-50
-11
-4
5
-6
-7
11
21
14
8
22
0
-32
-27
1
30
30
21
6
7
60
53
54
77
60
12
8
-6
-8
0
-5
14
16
34
75
61
-4
-9
-18
-8
45
20
-12
-1
-4
-40
-74
-80
-73
-32
-15
9
1
-15
-9
-32
-18
20
62
145
27
-228
220
38
-16
137
-61
230
-31
-111
108
138
35
-38
49
150
43
26
81
25
-22
-39
74
-22
27
53
60
85
-2
49
9
74
60
26
71
19
36
45
-66
37
-32
-78
-15
-65
38
56
-52
-22
-20
-62
-88
-136
-80
-54
-116
-76
-19
-80
-51
11
-44
-57
6
-19
-29
10
-65
10
72
35
6
-70
-69
-46
-37
44
23
37
36
-54
-56
-98
-93
-59
25
8
22
47
-27
-10
38
-37
31
-10
-34
38
-34
94
4
-66
25
64
25
151
91
81
81
-35
6
-3
20
-3
90
35
38
-32
-101
7
-39
-4
-1
-94
-25
-3
-30
-6
-21
-15
-53
-71
9
-63
-68
-28
-81
-35
-46
-47
-28
-19
9
-30
-20
-10
43
13
23
42
17
35
-34
-16
17
61
108
63
56
38
94
45
72
70
-11
88
93
18
89
71
12
51
-80
68
-111
-11
48
-136
112
49
-59
88
-124
-54
5
-166
55
-29
39
222
-65
7
61
-83
179
-86
-8
-7
-71
50
-120
11
-72
-61
-63
-56
-46
31
-28
39
-6
-91
-112
-71
-15
-137
40
-87
-81
6
-23
49
-50
-7
66
-94
70
-21
-104
118
-67
21
148
-54
7
74
-61
54
36
-113
20
-45
-63
7
-144
-86
98
-16
-12
25
17
-57
143
44
24
108
79
36
91
-16
-3
-28
-19
38
-46
44
-9
-93
23
59
-132
5
-51
-88
-76
-162
-165
-107
-46
-120
-80
-93
-221
-58
-44
-167
-27
-12
-130
50
-17
-149
29
-79
-171
-49
-36
-114
94
39
152
14
4
63
-147
93
21
-37
216
154
167
321
61
87
111
98
196
219
215
151
158
34
187
44
216
310
109
195
115
25
189
192
106
227
87
163
48
75
165
-90
213
-23
33
52
55
25
6
148
-88
41
15
-133
8
19
-281
139
-31
-222
-4
-261
-73
-92
56
-80
-12
-155
-229
27
-211
-61
-76
-82
-318
146
-302
14
168
-223
37
-49
-32
38
-157
-158
74
-224
17
-86
-170
101
3
26
-62
155
8
-24
175
-145
68
9
-175
6
2
-163
202
53
-56
257
-61
28
73
22
97
68
-182
117
-147
-180
100
-336
-72
66
-116
-59
65
-198
-75
7
-179
-1
-122
-96
-21
35
-23
81
-44
-89
125
-90
71
15
-4
-86
-218
-52
-312
-29
-67
-230
-47
-10
-151
-156
41
-269
-49
-127
-146
56
-121
26
32
-197
165
-55
-25
379
-271
209
65
-359
388
-293
-25
213
-236
356
-30
108
351
-172
402
135
-76
529
-13
174
227
15
120
176
204
167
180
11
208
77
57
256
-134
253
251
-2
114
-145
109
50
27
260
-112
182
73
-438
565
-431
121
445
-318
354
117
-307
7
312
-403
169
233
-429
357
-54
-321
425
-321
263
117
-216
334
-488
186
-4
-254
402
-426
126
194
-584
397
-436
-38
237
-390
154
-33
-253
232
-172
9
248
-385
282
-272
43
201
-563
420
-165
-343
417
-426
308
146
-378
460
-438
38
5
-232
187
-156
-122
102
-298
24
-82
17
85
-153
142
-260
66
-303
22
-207
-216
28
-256
81
-477
104
-241
-125
-14
-300
-92
-38
-269
-363
274
-394
85
-34
-129
-13
-219
-21
-206
-113
70
-95
-93
314
-285
313
56
-129
594
-241
291
253
5
441
19
251
67
93
208
-164
370
78
190
357
-72
311
94
7
336
22
92
203
-7
-17
29
41
70
-22
18
24
18
351
-135
313
-60
251
29
287
8
-18
332
-258
347
-326
304
-6
-112
239
-288
133
-9
1
-272
203
-393
179
-258
-272
166
-571
339
-415
-42
-361
91
-363
218
-164
68
42
-53
308
-342
426
-260
251
65
-45
-62
126
56
-32
85
-250
174
-47
92
-225
200
-155
-86
347
-480
616
-208
83
304
-162
-223
428
-402
184
210
-291
110
279
-295
180
35
-325
418
-49
-24
122
-23
-169
296
-418
398
-448
67
-169
-20
-89
-358
143
-410
289
-91
186
-200
250
-418
72
-246
-92
-181
-45
-70
-695
519
-686
75
272
-414
150
-4
-219
85
-101
-80
-128
155
94
-379
323
-375
-255
367
-331
257
-96
85
-269
-115
193
-339
451
47
-111
279
-220
90
285
-201
169
-261
153
-79
87
84
-285
122
-187
181
-103
49
89
-10
36
61
-367
525
-230
246
290
-315
474
-79
-78
32
54
-82
330
-107
-203
146
-108
-162
252
-240
52
481
-438
392
-254
-241
650
-386
577
25
-327
680
-511
311
175
-280
502
119
-252
288
-62
139
513
-212
364
265
18
245
92
-154
137
283
-197
685
-567
299
92
-273
158
76
89
398
261
-388
475
-185
-176
234
70
-29
307
-46
-212
69
-95
54
10
327
-517
281
67
-463
596
-435
-92
248
-321
165
198
-256
45
-299
-277
212
-254
23
-113
-267
-196
-108
-157
-143
-121
-311
74
-348
3
-222
183
-385
145
-328
-370
134
-382
76
-119
-290
-58
-84
-519
28
-173
-213
128
-401
-243
113
-471
36
-119
-350
76
-48
-156
275
-505
360
-26
-40
344
-419
53
-110
136
3
176
-173
-36
310
-133
189
131
-5
561
19
18
286
-103
71
243
-25
150
-36
72
227
2
67
52
139
309
60
158
133
140
69
266
68
-39
418
-427
480
50
-61
354
-84
139
296
-226
4
58
-11
270
-311
461
-334
181
64
-122
48
-82
-248
317
60
-267
495
-558
220
91
-281
326
138
-304
234
-279
119
58
5
-29
-238
209
-190
-38
108
-205
306
-75
-99
40
-161
352
-386
342
-99
-69
25
-24
-36
269
-7
12
-58
-120
175
-376
479
-391
315
-99
-131
58
-170
-242
86
-253
-232
-20
-268
259
-206
23
67
-102
-90
88
-315
359
-479
243
-356
215
-202
5
-121
-38
81
-154
117
-354
49
-383
53
-159
65
-202
322
-633
564
-505
-151
723
-1034
666
-240
-373
464
-223
-312
444
-260
-6
197
-266
233
45
9
-264
234
-282
93
363
-255
458
-259
-113
178
21
-67
-27
-13
23
-16
-101
-57
303
-128
-108
163
-73
-49
281
-259
199
117
11
503
-258
536
-217
221
137
-2
312
-81
198
150
-20
275
130
-48
506
-167
143
343
-18
296
-17
151
-35
199
31
-24
543
-608
524
98
-183
665
-309
-61
501
-330
247
78
-299
440
-158
-89
443
-420
424
-193
-82
-176
-249
234
-377
102
-340
-318
110
-92
-273
34
-341
403
-224
-313
398
-342
24
26
-501
148
-132
-36
64
-229
-29
-191
6
-187
-88
28
-18
-190
70
-240
-40
121
-95
-14
-262
43
-279
271
-244
-178
96
-161
-66
301
-361
147
-220
-102
343
-449
55
-277
-140
29
196
-340
232
-215
105
24
-273
194
-239
297
-123
27
-18
330
-150
-101
8
-118
149
104
87
-361
539
-648
812
-246
-18
282
-582
413
-167
-72
-140
126
-76
30
-169
141
-495
150
127
-311
524
-549
308
-106
-3
488
-603
397
-170
-29
132
-37
-70
77
14
297
81
-16
193
73
193
-111
711
-331
459
227
-335
388
206
-18
350
-278
-44
600
-544
524
-174
226
183
-171
167
-145
224
-221
81
222
-113
18
-47
-48
8
-73
-212
303
-248
-67
-30
-232
362
-87
-143
235
-21
-86
205
-394
232
344
-784
697
-702
362
-330
-164
68
-387
471
-209
130
132
-184
82
189
-538
424
-177
-35
281
-514
244
-217
-138
43
-62
-58
-7
-91
177
-360
365
-219
-35
42
-291
104
24
61
-243
57
-113
109
171
9
-274
504
-480
496
249
-517
611
-281
178
247
-254
424
16
-3
305
-232
169
252
-206
203
58
-289
542
-469
498
-128
-10
48
-76
19
-163
419
-427
387
-340
114
5
-174
-40
154
-420
113
-143
-308
502
-435
441
27
-264
222
-473
231
-265
-196
181
-466
117
-286
-103
-133
-57
-188
345
-538
290
-173
-410
118
-370
155
-62
62
-113
-6
-19
97
-299
49
-196
246
-111
74
2
-70
22
192
-107
167
290
-260
597
-326
32
61
66
80
198
-166
134
-117
253
39
128
112
32
20
304
-1
33
17
118
-72
-92
146
-157
93
-20
-138
-135
377
-228
309
-240
67
-60
16
153
-164
27
-65
42
8
94
-229
196
-15
51
7
-237
28
-151
203
-466
122
69
-301
266
-276
85
-32
-264
73
-185
-68
307
-523
364
-376
-81
226
-267
284
-250
38
62
-93
380
-104
-326
778
-437
630
-295
-64
499
-130
-100
358
-110
213
214
-149
252
27
118
300
211
-97
265
-235
305
-7
-39
1
-113
-136
359
-95
3
90
43
172
-448
80
-386
393
90
-117
0
-54
170
-83
-221
-210
-81
79
160
-189
-243
-73
-62
243
-246
162
-260
-6
-24
-391
171
-163
-289
-126
-9
-367
308
-306
158
190
-403
94
38
-280
79
-52
-252
70
67
-268
196
-318
-40
229
-103
75
40
261
-257
252
-194
246
61
91
-15
218
-92
6
314
-7
82
-273
234
-271
504
36
53
30
343
78
190
-142
16
167
-7
194
-161
255
-78
191
113
-171
301
-35
-129
260
-444
139
75
-290
215
-136
54
381
-553
253
-59
-81
306
-305
424
-422
14
73
-467
-3
16
-268
479
-460
110
101
-474
564
-740
481
-195
-280
131
-165
-101
216
-549
83
98
-287
313
-228
-137
407
-371
255
308
-264
492
-255
116
-37
-30
111
67
116
20
-147
150
52
203
38
66
15
-75
-242
213
-307
198
-4
288
102
-293
163
-207
56
92
-38
-113
-112
-31
-259
370
-202
53
-41
-50
190
-148
111
-115
135
-430
467
-532
428
-467
212
-80
-278
159
-374
49
10
-26
-266
358
-369
302
-445
306
-158
-64
73
-29
27
85
-312
261
-249
-3
164
-216
462
-109
-80
401
-216
594
-170
61
30
-124
413
-417
392
-66
90
340
-57
50
510
-525
465
-40
-233
239
-53
258
-106
98
-63
85
111
41
-218
230
-361
174
-66
-323
123
-378
346
-290
68
161
126
-129
-163
-304
231
-371
-24
-133
-599
204
-389
-53
-176
-294
-66
-76
-135
388
-566
-5
-114
-250
276
-286
37
-131
-201
105
-212
62
154
-119
66
-148
-59
-20
81
129
1
173
50
109
34
-68
411
113
-13
118
-70
-148
380
23
191
181
20
273
227
226
-1
9
250
90
92
50
12
262
-4
316
48
134
40
437
111
3
308
-58
251
14
275
-16
59
322
-258
280
-139
-123
393
-33
188
61
-251
272
-60
-6
162
-191
224
-399
331
-323
8
11
-181
133
-248
-129
44
-85
45
-141
-254
188
-197
-177
-127
-247
-32
-180
-6
-147
-35
-306
-366
-59
-416
-77
-138
-236
89
-379
-78
-224
-75
-146
-89
-103
14
-130
-33
-126
-134
154
-291
463
-162
208
-304
186
-286
241
115
26
320
-180
23
34
-274
33
168
-274
253
-377
-34
41
89
221
0
29
-112
-44
109
-194
-27
-213
126
-64
218
-28
10
320
-305
201
183
-197
337
-156
182
176
88
236
-51
-71
284
-236
191
45
155
221
-69
337
150
-35
128
11
-32
-58
93
186
-122
44
-88
385
10
-97
118
190
-263
337
-288
185
92
7
-170
-134
157
-87
117
-99
50
-104
-30
-306
62
173
-245
113
-180
153
89
-503
494
-67
-337
-5
-102
100
-93
-258
153
-432
181
-218
-193
351
-448
348
-21
-307
347
-319
5
195
-101
-35
22
-132
4
32
-86
198
41
-59
-35
-72
81
542
-304
337
190
-106
69
191
10
622
-392
478
202
-388
380
-5
-101
68
78
-26
150
-118
58
108
-82
-104
140
-239
253
-162
132
-18
-474
-165
340
-625
88
-263
-503
-142
-267
-53
91
-465
220
-524
-19
99
-333
-17
-309
-255
-68
-401
-90
-119
-71
287
-419
-101
-37
212
-100
-19
124
-67
29
50
-14
184
-54
286
80
14
74
262
-225
838
-581
490
-346
292
386
115
444
-51
248
261
241
239
520
-334
471
-503
855
-178
288
574
-47
336
-28
-23
454
291
43
284
-407
212
177
-121
259
81
36
121
4
-186
-196
-13
53
-319
-206
303
-305
118
-182
-260
90
-366
-27
-77
-380
-291
107
-177
-64
-400
-36
130
285
-514
-114
-214
108
-292
105
96
-208
309
-513
-245
21
82
-174
277
-574
51
204
-604
565
-634
343
-303
247
-212
-44
239
-232
114
-109
223
-143
225
-420
542
-627
480
-375
1
122
-394
636
-8
-330
92
-654
509
-48
-191
401
-280
-115
182
-378
21
-268
36
389
-461
275
-742
67
-82
32
194
-380
-149
265
-254
-43
257
-460
152
236
-426
523
-462
153
183
-223
248
127
-129
405
-435
159
381
-270
948
-681
854
-50
-233
464
-30
140
553
-48
-239
174
-86
516
-4
361
-149
594
139
-345
718
-855
588
415
-764
900
-577
277
233
-424
548
100
-346
808
-516
148
137
-313
-30
118
-67
414
-110
-229
252
-163
113
161
-554
399
30
-311
-168
-459
120
-40
-40
-98
-250
-370
360
-289
207
-406
-36
-86
-110
-177
-246
154
142
-316
152
-514
-150
560
-570
129
-36
-748
456
-471
-401
237
-132
-26
2
-294
113
546
-16
-303
486
-64
135
662
-750
1020
-550
128
972
-820
1012
322
-209
865
-694
319
852
-1026
1237
-307
77
664
-1081
538
-546
252
385
-371
-25
-616
-940
508
-1238
368
-376
-817
959
-1678
895
-573
-325
498
-808
374
-211
-485
962
-1107
417
468
-755
1672
-674
738
809
-484
1476
-235
233
1432
-758
1270
301
-187
1432
-348
395
693
-755
783
-81
-648
724
-1545
9
-718
-1159
44
-1721
-894
-1298
-1950
-853
-1639
-1374
-780
-1719
-473
-1173
-680
120
463
1464
803
831
1128
1182
2467
1965
1860
2265
1061
2455
2332
1619
2082
1217
1592
1729
1072
1297
75
6
-36
-724
-143
-1186
-1525
-1517
-2433
-2451
-2688
-2546
-2526
-2436
-2310
-2538
-3262
-3237
-3232
-2235
-1950
-2375
-2285
-2199
-2640
36
1108
240
3129
-537
2426
3638
2866
5259
3507
3448
3643
3802
4699
3715
3042
4513
2003
3983
2292
878
277
-1040
442
-1152
-447
-1756
-2631
-2958
-2180
-3142
-3627
-2124
-3194
-2091
-1601
-2883
-4047
-2505
-3093
-1087
-696
-1809
-1489
-2591
-2171
-1678
-3000
-2353
-2030
-1253
2674
243
2219
-961
-868
4129
2898
6096
5242
2516
3224
3349
4524
5261
3242
6072
4109
4733
5102
686
624
-643
1398
1233
1277
-514
-3386
-3916
-3165
-2943
-3660
-2387
-2863
-2948
-2938
-2834
-6670
-5081
-3610
-3379
-751
-2509
-3771
-5035
-4635
-3883
-4159
-3283
-3979
-313
1821
145
2665
-3333
98
5239
5014
8910
6304
2720
3046
4129
7210
6915
5614
7610
3695
6077
4348
784
-237
-797
2083
1136
1902
-2626
-6436
-6493
-4346
-3258
-3376
-1738
-4601
-4974
-3713
-5414
-7290
-3887
-4373
-1239
-704
-3927
-4147
-7509
-4559
-3809
-2776
-2982
-1774
2313
-493
3134
-849
-2733
5545
6335
9139
9467
3730
1619
3317
6291
9700
7128
8545
4497
3414
4805
837
710
-939
1937
1079
1676
-1322
-7453
-7842
-5620
-2602
-1404
-806
-3912
-5533
-5910
-3954
-5969
-3302
-888
-2379
280
-3568
-5717
-6882
-5094
-3179
-1904
-2177
-3792
1500
-525
1185
1586
-3238
4928
8155
8614
9683
5124
-44
3437
7125
11093
9934
8323
5225
848
4483
1883
1710
387
1928
219
-870
-2275
-8463
-9524
-5974
-2580
-2040
-1497
-5982
-8960
-6739
-5090
-3487
-2582
-1898
-2700
-2452
-4712
-5730
-6518
-6349
-1087
-3242
-3206
-5533
-3924
565
-150
4222
-1522
655
7422
6972
8525
6860
1495
1650
7635
10902
11279
7423
5606
250
3699
5693
3576
2362
763
609
-2518
-349
-5013
-8231
-6255
-2019
-1601
-1497
-3301
-9410
-6359
-3410
-1746
-1073
-1931
-3286
-3418
-3516
-4856
-4192
-6556
-2895
-2824
-4998
-5310
-6767
825
1001
4125
1817
-2863
4831
7498
9299
10130
6244
1696
5653
10071
12355
9411
7769
3443
1870
6944
3796
2669
-662
62
-2693
-1745
-2339
-8614
-9434
-6798
-3478
-4067
-2379
-7854
-9903
-5383
-2713
-2869
-1413
-3437
-5943
-2421
-4087
-4074
-3596
-6149
-2819
-4491
-5501
-6022
-3271
3521
2658
4978
-1641
-1283
6441
9171
11831
10299
4719
989
7272
10970
12434
9691
6976
1241
3862
6167
2875
1797
-796
-478
-3447
127
-4505
-9505
-8284
-5357
-3126
-1835
-2647
-9662
-7632
-3110
-1652
-1143
-468
-5247
-4440
-1783
-4226
-2014
-5056
-6109
-3669
-6382
-5161
-5557
-31
3431
2850
2031
-4694
2154
7745
10211
12286
7893
56
1552
8077
10775
12714
8615
3380
-769
3913
3125
1858
1721
-879
-1888
-2619
-1558
-8005
-8988
-6515
-3625
-964
156
-5004
-10490
-5029
-1560
-149
2180
-1874
-6449
-3197
-4456
-3535
-1960
-7190
-4904
-6442
-7950
-5315
-6773
2102
2972
1848
-545
-5544
4629
8708
12201
12969
4467
-766
3147
9676
14073
13500
8585
566
-645
4843
3071
4274
1888
-1117
-3396
-3135
-3446
-9377
-7647
-4892
-3073
-237
-996
-9213
-10834
-3895
-184
1839
3026
-3646
-7936
-3934
-4713
-1767
-1410
-6066
-5525
-7963
-7249
-5501
-4449
4344
2859
2107
-2226
-4402
6914
9637
14056
11956
2236
-1314
3665
11711
14445
13340
6970
-3057
-955
4128
4197
5234
1871
-2173
-6709
-3848
-5145
-9075
-4942
-3355
-3155
-1069
-2499
-10691
-8639
-1187
1828
2382
1620
-6395
-8732
-4162
-3637
-243
-2742
-6545
-8378
-10207
-7280
-5997
-136
5208
733
1606
-6074
-890
10697
11592
15404
8269
-323
-1621
8105
15174
14390
12276
2225
-5348
464
5356
5614
4547
220
-6913
-8863
-3932
-6717
-6379
-2856
-3442
-5244
-3367
-6388
-10999
-3066
2611
2528
1470
-3135
-10011
-6211
-2392
236
722
-5121
-8382
-10688
-9143
-5362
-3882
3422
4683
-233
120
-6738
3239
12566
13396
15441
5079
-1179
-914
11347
16646
14227
10965
-2567
-5444
1891
6927
6933
3863
-2878
-11555
-8688
-3781
-4606
-3460
-2968
-6992
-7425
-3819
-6277
-6942
92
2586
-123
-352
-5356
-9797
-3662
-929
964
-304
-7218
-11292
-12346
-7674
-3822
-1895
4803
971
-2221
-2299
-5642
7776
12937
14292
11856
2320
-2182
1159
15136
15785
13920
7575
-5581
-3730
4095
8517
6912
3164
-5752
-12274
-6480
-1974
-2762
-2051
-3614
-10489
-7035
-2442
-4714
-2365
480
-167
-3816
-2690
-6081
-7738
-1340
-1109
-1513
-3969
-9349
-11545
-10090
-5078
-3212
-544
5280
-942
-710
-2621
-1859
12176
13603
14677
8980
1185
-1902
5982
17582
14583
12488
2889
-7001
-1786
6819
8519
5234
-469
-10142
-12671
-4307
-964
-3170
-3470
-7669
-12693
-6403
-798
-4912
-683
33
-4381
-3208
-3269
-5603
-3189
-411
-2090
-2242
-6625
-8913
-8964
-7360
-3153
-3315
-2841
4025
-210
598
366
-411
11065
12483
14050
8651
2744
-722
6258
17724
14239
12077
2243
-6604
-1468
7678
9573
4630
-1412
-10908
-12827
-3462
430
-3221
-4538
-9359
-13494
-6016
152
-4280
-3063
-3122
-6714
-4517
-1906
-5001
-4587
-2216
-4150
-3642
-4521
-8289
-8344
-7525
-4552
-2763
1164
5266
-858
998
-2359
2904
13596
12899
13227
6269
798
-1115
10951
17118
11938
9835
-2121
-6232
1864
9682
6892
1979
-3971
-12982
-9561
291
-8
-4366
-5023
-11447
-12260
-1627
17
-4233
-2077
-4197
-6789
-3061
-2149
-4989
-3376
-1962
-2918
-2815
-5629
-7486
-7832
-6407
-1400
-1550
4196
4510
-981
881
-1901
7392
14166
14144
12076
4579
-488
863
14371
15665
11808
7346
-4893
-5063
4031
9866
4878
313
-6776
-14301
-6358
1876
-1327
-4525
-6148
-12948
-10884
-388
-1626
-3345
-1894
-5348
-8080
-4540
-2243
-4596
-310
-530
-4053
-5230
-6677
-6501
-6039
-2956
-1882
-2709
4254
2477
199
1376
-938
8502
12892
12642
10115
3948
-934
3271
15441
13420
11119
4739
-5638
-2880
6805
9430
3333
-449
-8478
-12374
-2401
2959
-2775
-4271
-7283
-14072
-7372
1595
-2723
-3821
-3762
-8074
-7331
-2646
-3400
-4826
-1450
-1708
-3723
-4668
-5286
-7117
-6842
-1863
-1735
967
6236
774
-143
-517
2020
11157
13411
12308
7505
2096
-751
8353
15599
12075
9654
953
-5140
1008
9152
6387
1588
-2287
-10030
-8612
1601
1141
-4433
-4042
-9752
-12761
-2759
573
-4401
-4194
-5370
-9313
-6726
-1915
-5098
-4048
-1013
-3241
-5436
-4831
-5717
-7592
-4009
-1317
-2909
2543
4711
-34
347
-333
4602
11672
13679
11677
6916
1184
1713
11419
14569
12036
8149
-941
-3727
4641
8590
4532
936
-3996
-10154
-4820
2929
-1987
-4707
-5222
-11768
-10072
478
-1804
-5260
-4428
-8133
-8840
-3441
-1826
-5522
-2880
-2352
-3908
-3859
-3197
-5156
-7115
-3342
-1174
-1589
3461
4648
-1330
889
1397
4715
11822
12987
9877
4532
2281
2413
10672
14301
10788
6365
-807
-1724
3978
8176
4761
1008
-3395
-7625
-3417
1648
-1286
-4670
-4985
-9537
-7317
-671
-2621
-5781
-5443
-7254
-7813
-3147
-3496
-6068
-3590
-2596
-4470
-4438
-4102
-6650
-4919
-2404
-817
-1066
-1615
3039
212
3008
4250
2630
7677
11065
10934
6548
6812
2885
5986
12469
11205
7912
3927
602
-419
6864
7138
3140
47
-3800
-5715
-1328
1601
-3013
-4127
-5533
-8315
-5818
-511
-4688
-7097
-5788
-8269
-6839
-3206
-4686
-5887
-3318
-4157
-6486
-5156
-4917
-4227
-1466
881
-1113
-3338
-3282
-1210
4633
6418
7588
2896
2529
7094
8224
10071
10066
6878
2647
5922
7421
6830
7209
4481
687
2625
6083
3300
591
-1150
-3471
-3410
1570
96
-3312
-5260
-7793
-7217
-2854
-710
-4633
-6338
-7236
-7864
-5349
-705
-2759
-5062
-5038
-7384
-6691
-1996
-474
-483
151
-2498
-4436
-4242
-159
1400
5847
7111
3479
502
-713
3229
7880
11659
8451
2622
-1590
-1195
3901
8579
9123
5458
611
-997
989
5035
5166
2594
47
-1190
617
637
385
-2573
-4533
-4210
-3528
-1274
-1870
-5121
-6654
-5837
-3951
-3186
-3694
-6085
-7457
-4460
-2247
-901
-1795
-2860
-4571
-2558
1557
2651
3669
1665
300
-33
2455
4920
5616
5954
3592
-23
-349
1159
3763
4816
4420
2305
29
516
1390
3127
3772
4387
2626
2365
2981
1639
1636
1910
1296
1056
1502
104
-1690
-2761
-2528
-1606
-1387
-2177
-3414
-5636
-5447
-3805
-2751
-1294
-2390
-3757
-5182
-3019
-1217
492
2174
357
-610
-1084
1300
2964
4077
4144
990
-1649
-1173
-67
748
1999
454
-1168
-1285
-1271
-1972
-869
347
5
370
589
-539
-1577
-212
897
1041
2291
1724
-361
-404
184
1113
1911
1478
-64
-2109
-2127
-1038
-179
1066
376
-1579
-2507
-2650
-582
571
1521
1533
-393
-1263
-1034
799
1430
2194
2401
-1350
-1932
-843
-1145
700
1765
433
-1319
-700
-1686
-2197
-38
752
-144
-156
818
-2284
-2019
170
-1151
-395
1271
-804
-2134
-532
-623
-679
605
55
-2187
-1392
-435
112
1862
2686
1235
-101
838
737
2771
4521
4943
3825
2580
1529
882
3534
4126
4706
3278
-343
-1666
-1866
-362
1229
1783
-178
-1935
-2312
-2818
-1680
-32
700
-609
-311
-366
-2233
-1208
-334
-1098
-594
408
-1810
-2721
-1939
-2403
-2749
-1842
-2632
-4853
-4142
-3482
-2667
-1827
-1136
-2728
-3400
-1245
-396
1758
2964
3380
1736
1915
2877
3559
5910
5955
6226
3232
2268
1774
1778
4011
4315
3605
1060
490
-930
-991
474
2056
1611
635
658
-1525
-2213
-962
-459
-1090
168
-651
-3233
-3097
-2868
-3085
-2628
-1838
-3755
-5346
-4471
-4717
-3880
-2172
-2325
-4488
-4004
-2671
-2287
497
1267
342
-524
-14
-21
2030
4002
3309
2994
931
419
691
2167
3335
3092
2825
1412
1045
1413
1639
2701
4042
4346
3499
3293
2559
1206
2493
2826
2454
2659
1285
-560
-1351
-972
-908
-1339
-1595
-3515
-4731
-4725
-4196
-3200
-3103
-3741
-5316
-4518
-3637
-1980
-349
-339
-1264
-2079
-1745
-901
2078
2682
2003
874
-747
-1336
-89
1663
1893
1760
657
-674
-824
402
1117
2038
3414
2740
2215
2864
2586
2471
3644
3636
3034
3287
2859
1628
1258
760
338
-252
83
-1415
-2385
-2638
-2863
-3073
-2967
-2984
-4698
-2524
-3168
-2187
-1102
-1549
-2088
-2321
-1281
-1412
1525
1246
120
-595
-1139
-1423
-574
1705
535
-90
-396
-1279
-1503
429
1115
919
2169
1635
508
1419
2173
1892
3153
3525
2238
2180
2020
1481
1271
1998
1239
114
191
-1115
-1526
-1023
-458
-1800
-1435
-2583
-2888
-1471
-1202
-78
-954
-507
-1730
-1311
-495
-5
1512
555
235
-980
-1053
-1024
-86
472
-342
-794
-1324
-1633
-989
280
57
633
1070
512
754
1571
1146
1451
2539
1700
1952
2396
1232
845
1011
1159
753
974
200
-1426
-1108
-260
-315
-371
-477
-2315
-1535
-276
101
1056
799
-121
-1289
-65
426
1841
2073
489
-866
-1413
-1060
-526
662
-176
-1617
-2854
-2493
-2234
-991
-107
-1291
-1260
-1118
-1249
-79
1528
54
405
1030
372
1875
2384
1126
55
748
533
622
1671
86
-2112
-1333
-492
-671
223
-659
-2908
-2010
-466
25
1002
1008
-816
-1404
24
791
2540
2604
1093
-722
-1053
-434
378
1534
574
-871
-2374
-2024
-1335
-193
498
-165
-732
-1499
-750
784
1303
1134
1219
227
500
1934
1722
1414
905
511
409
1178
1441
-91
-846
-394
-66
477
822
-796
-2141
-761
-350
645
1902
1045
-662
-566
-245
741
2434
1823
734
-766
-717
-852
285
1004
211
-1045
-2095
-1767
-1312
615
732
236
-346
-1220
-761
1171
2025
1906
1715
-169
271
1713
1833
1972
1166
156
-634
-48
152
-1130
-956
-1252
-1657
-1162
-1172
-2257
-2497
-1435
-1494
-228
624
-386
-1745
-1588
-1103
42
1570
900
-573
-1476
-1742
-1355
227
111
-509
-2083
-2428
-1793
-1274
316
-103
-480
-1279
-1097
508
1866
2464
1955
1050
498
1974
2851
3428
3309
2052
1296
934
1411
992
777
607
235
485
-188
-732
-1901
-1207
-556
-118
633
-246
-1141
-2221
-1289
-743
488
439
-653
-1975
-2725
-2080
-1657
-402
-524
-1664
-2998
-2610
-2218
-1146
550
-37
-481
-1167
-824
658
2234
2966
2300
1694
1145
2198
2936
3686
3523
2576
1970
1473
1794
1332
1469
1024
950
586
-39
-594
-1085
-51
10
425
498
-187
-1042
-1248
-468
158
937
33
-1039
-2495
-2470
-1863
-924
-90
-1156
-2125
-3921
-2982
-2133
-907
163
-856
-1209
-2321
-1243
286
1783
2101
1537
705
568
2264
2594
3212
2864
1856
969
978
1357
888
811
751
286
-78
37
-973
-1290
-126
82
42
719
-75
-1286
-706
31
603
1039
536
-1144
-2374
-1438
-1226
-420
195
-1222
-2686
-3454
-2351
-2083
-404
-509
-1888
-2214
-2855
-1281
57
1263
886
406
-472
226
1884
2262
3154
2185
1463
901
1565
1869
1533
1889
1142
873
1032
879
61
174
875
763
1402
1696
376
-786
-312
334
1075
1828
588
-1349
-2383
-1485
-1052
148
101
-1812
-3451
-3687
-2411
-1790
-257
-1350
-2421
-3084
-2973
-1325
-282
470
46
-701
-1346
-177
826
1341
2106
1375
618
412
928
738
928
1427
677
809
876
425
-323
610
1501
1360
2412
1637
510
83
1200
1574
2453
2707
933
-631
-698
91
82
1581
243
-1343
-2421
-2061
-1445
-756
410
-1526
-1983
-2389
-2146
-719
570
298
-506
-984
-1288
10
1057
1911
1299
777
-182
-406
727
535
1064
604
67
-482
-581
-677
-1092
124
321
446
569
146
-945
-972
393
654
1837
1417
-28
-1173
-365
77
820
1919
92
-1056
-1995
-1348
-811
416
513
-1338
-1711
-2285
-1733
-237
935
184
-529
-1316
-1601
-179
1507
1747
654
345
-1135
-771
771
828
880
704
223
-795
313
559
146
1313
1103
505
763
1052
-272
310
1164
725
1089
813
-311
-1371
207
230
682
1063
-448
-1484
-1993
-551
-517
666
226
-1026
-1388
-1702
-403
316
1041
294
-409
-1168
-696
613
1565
1532
643
-201
-1150
-152
435
852
1020
300
-472
-872
-175
-42
810
1228
596
110
-36
-27
-363
591
642
598
87
-488
-1443
-1439
-340
-406
613
-412
-1215
-1909
-2011
-722
-254
497
-762
-1242
-1849
-1541
31
916
926
267
-129
-1112
-11
1447
2040
1323
976
-121
-570
1055
1379
1399
1086
680
-540
130
1059
779
1328
1294
437
-12
823
100
-63
647
186
98
-31
-629
-1598
-1021
-580
-390
323
-593
-1517
-2334
-1501
-853
-228
413
-1192
-1378
-1653
-1167
115
716
480
-107
-337
-508
149
1085
1284
386
745
234
231
1192
789
555
648
820
-89
978
1266
1006
1300
1403
602
384
1382
601
890
1098
502
93
-11
-457
-762
-166
-125
-166
-427
-1152
-1744
-2112
-1087
-689
-285
-213
-1250
-1627
-1902
-1096
-251
235
196
-231
-816
-768
-68
613
726
448
552
-158
227
457
139
175
539
295
56
993
597
616
827
1039
730
1134
1228
235
421
197
106
104
120
-448
-966
-963
-1019
-854
-1006
-1495
-2014
-2295
-1606
-1457
-945
-1031
-1529
-1732
-1888
-1175
-456
276
256
79
-546
-640
62
969
1018
1350
1043
176
472
824
1143
1113
1750
721
795
1496
1363
1721
1821
2018
1384
1987
1894
1010
981
846
608
792
554
-251
-990
-938
-668
-465
-813
-1533
-2380
-2495
-1686
-1220
-705
-1251
-2138
-2694
-2283
-1250
-408
128
-191
-690
-907
-876
106
999
990
1254
954
560
368
885
911
1214
1821
1175
994
1034
1432
1519
2185
2471
1618
1677
1381
683
1044
1522
1397
947
357
-709
-1328
-629
-148
-149
-811
-1761
-2753
-2386
-1574
-1167
-1125
-1948
-2523
-2860
-2129
-1277
-767
-419
-819
-1174
-1509
-1019
25
602
1045
957
564
-56
159
761
944
1546
1089
588
546
954
1495
1413
2091
1675
1105
1423
1199
1025
1130
1253
1085
694
397
-461
-752
-77
123
-107
-745
-1527
-2296
-1932
-1045
-582
-817
-1599
-2386
-2941
-2090
-1196
-569
-345
-569
-1156
-1859
-1077
-160
460
849
1093
85
-435
316
469
880
1580
1051
311
759
1225
1374
1738
2294
1027
926
1519
1018
1427
1568
1202
538
614
257
-293
121
256
220
-274
-577
-1247
-1381
-840
-573
-83
-670
-1218
-1845
-2246
-1575
-874
-412
-586
-635
-1778
-2035
-1285
-353
35
101
363
-806
-839
-316
-427
-181
605
349
-9
423
706
240
873
1551
753
1198
1538
635
578
965
512
88
342
-102
-721
-64
207
-497
-607
-921
-1471
-813
7
4
-49
-312
-753
-753
-195
378
643
819
600
214
-222
39
382
1238
1277
1422
1251
402
363
335
506
961
1370
841
400
451
533
605
1233
1368
546
641
660
686
816
646
50
-663
-499
-542
-712
-443
-853
-1642
-1761
-1834
-1751
-1519
-1171
-1281
-1441
-1347
-1492
-1517
-1181
-430
-221
80
353
-307
-533
-229
416
1038
1250
1537
796
523
589
387
597
1150
1482
1191
1158
664
233
525
1103
1280
1183
1203
623
496
442
312
36
-441
-641
-1061
-830
-817
-1140
-1556
-2176
-2373
-2055
-1824
-1660
-1828
-2222
-2306
-2077
-1761
-1552
-923
-456
-570
-263
-102
-547
-25
1163
1141
1682
1971
996
906
1310
1373
1417
2029
1849
1382
1638
1654
1446
1767
2249
1747
1439
1823
1305
1090
1236
889
293
275
130
-716
-627
-649
-1480
-1569
-1629
-2070
-2057
-2110
-2388
-2533
-2450
-2527
-2566
-2464
-2163
-1919
-1555
-1045
-944
-1102
-1078
-517
272
566
1294
1160
826
930
975
1314
1624
2132
1822
1702
1615
1661
1901
1966
2559
1948
1925
2143
1925
1858
1890
1697
937
1350
1231
767
738
458
-365
-563
-232
-606
-856
-1083
-1698
-2198
-1777
-1544
-1642
-1428
-1232
-1769
-1712
-962
-1875
-2682
-3356
-3956
-3246
-2765
-1722
-1612
-937
-77
296
1227
1528
1554
979
599
-84
-11
285
1126
1949
2408
3550
3078
3627
2797
2282
1733
629
1220
546
1002
1062
454
560
335
405
483
-36
-902
-1429
-1700
-1063
-891
-734
-1140
-1114
-1395
-2093
-1480
-2787
-2646
-2685
-2445
-1440
-660
415
852
993
756
817
110
519
150
-527
-220
-426
-253
543
1734
1458
1622
1343
679
876
568
963
-109
460
360
536
1064
681
276
-185
286
209
389
-110
-1021
-1347
-1299
-763
-579
-1199
-1141
-1933
-1561
-680
-592
-319
-993
-895
-524
-443
595
-113
128
-231
-796
193
-20
1114
561
782
381
-263
372
140
675
1057
826
949
742
780
1014
1005
1420
688
1046
1008
258
1311
303
866
1107
832
1017
-536
-138
-872
-443
443
-367
-289
-769
-1294
-661
-670
-188
-1101
-2121
-1878
-2530
-950
-513
-242
-305
-582
-300
-489
719
920
712
752
281
97
363
679
767
670
841
17
369
483
96
628
174
300
130
108
-132
-531
-225
-511
-3
81
-342
-1034
-1198
-1180
-698
-350
-528
-1442
-1277
-1002
-288
851
568
469
164
181
376
401
737
545
80
192
-327
141
896
988
980
633
156
90
280
994
1044
1219
1140
446
754
920
1411
1577
843
731
514
270
754
246
-13
163
153
-111
229
-541
-825
-697
-767
-354
-966
-1047
-1762
-1799
-1270
-1150
-1356
-1734
-1604
-1808
-1284
-90
-142
-262
331
-856
-335
28
-64
346
-516
18
-993
-896
404
-622
324
1489
-893
1116
-18
-830
2199
220
526
1496
-785
1036
889
-105
1795
-149
1213
621
386
753
-441
-120
-505
-67
-772
-447
-1669
-774
52
-1004
-54
-1894
-949
-767
299
28
688
-234
-42
28
-165
623
1639
1269
934
1125
-1146
1035
356
1284
1050
619
378
-1200
553
259
88
1057
403
-643
981
-371
159
724
-534
986
72
-575
866
-1034
829
-163
-350
-58
-834
-877
310
-970
9
-620
-2205
191
-1573
21
-87
975
-771
1110
-1584
-382
543
-295
1580
-168
-274
-92
-561
-241
1248
-923
942
-38
-276
-476
-35
14
1018
313
802
-842
364
-342
28
647
102
1107
-328
1483
-99
655
19
-734
91
507
-751
333
-909
-1390
407
-1185
197
-473
-1016
72
-181
900
902
-1149
354
-566
-158
1315
-47
1512
-528
-350
-745
-293
784
369
-1171
34
-2411
-750
231
-1453
1181
-1145
-312
-1665
-27
-499
127
604
-353
773
-414
888
70
1148
75
367
324
1073
775
-393
371
-97
333
1389
-1315
1452
-569
-107
1560
-602
684
1085
-378
463
676
1042
1264
876
-168
378
-910
1932
423
693
659
-1177
217
-1102
876
-389
246
-265
-267
-2437
945
-1361
751
771
-1392
-559
-108
-842
-229
516
-1246
340
-534
-964
972
-1709
-608
166
-2038
900
-1694
-153
-372
-1155
623
1105
-923
34
-1493
574
833
1362
956
-178
-181
-1083
826
416
67
896
-627
-211
-1287
-199
913
-64
-152
-595
-675
186
-1308
718
629
-477
1501
-2023
2456
-486
821
363
-176
15
369
-116
2337
-1076
819
750
-2790
2529
-1925
271
867
-645
1543
-425
-780
679
-144
1221
671
963
604
-57
-50
834
313
427
868
29
142
-632
-1585
586
-16
-654
1266
-2053
-442
-184
-522
-206
220
180
-573
-569
-535
-166
-67
553
-381
-52
-1435
1508
-1064
-377
1682
-2667
1007
197
-1782
240
-607
75
1456
-212
-832
471
-823
1243
519
1040
180
422
-317
-1344
1337
396
847
1181
-1924
716
-766
385
793
-660
271
-724
-559
-690
-221
-672
1735
-1574
300
-966
966
-1500
-346
285
-410
688
-1264
166
-223
-646
594
-1152
737
233
-1074
-473
-16
593
904
2074
-3254
660
-1022
1355
1028
-176
682
-970
201
-1099
1767
1570
208
340
-1439
-1216
1511
-333
-429
1946
-2195
1226
-2080
414
1892
-2278
2207
-962
-99
1678
-1184
793
671
-250
1980
-359
64
2231
-1202
1352
79
-1023
1918
-353
245
-501
12
-592
360
-552
1010
-1637
124
1150
-1636
2795
-2487
840
-479
-5
716
821
-422
707
-976
-1956
2569
-1339
529
72
-1277
322
-2
-1338
930
-382
591
860
-2386
1557
-805
-1654
2510
-1939
1461
-401
-106
415
-894
1669
-1029
-393
402
-829
161
538
-1888
3431
-2255
-942
993
-1993
1217
193
-663
2160
-2855
816
-1163
-801
2991
-1927
1476
424
-2542
398
-341
-319
1805
-894
-1131
-756
-489
529
-314
507
-1602
458
-600
386
140
791
240
-341
678
623
842
422
-218
1097
-1013
-115
578
163
959
29
-119
158
-585
335
-764
-267
1745
-500
582
-806
-268
128
-679
628
-6
-938
-651
447
-1626
874
-1618
377
222
-1097
-587
-1044
72
-91
-568
551
-893
-1095
2072
-1895
1014
-463
-763
1369
-397
252
1655
-863
2480
-457
-570
1099
1283
-467
1630
413
-1175
2947
-1901
2326
-667
441
843
637
-397
121
329
-1204
565
-326
1626
27
1088
-1203
-139
638
-610
1707
-792
689
-909
-383
675
-1305
1253
-871
-253
-571
-1095
-1370
703
-1326
83
348
-2079
970
-224
-904
1025
-1199
-480
129
-289
110
806
560
-102
-683
1504
-415
-1119
1761
-1728
2149
-711
-1002
2118
-1223
664
312
-1020
1577
-473
-955
111
-20
667
939
-511
-357
516
80
-39
-69
245
-401
730
-1052
638
204
167
-284
345
-708
1133
-706
-221
975
-314
-156
-1446
1415
-418
778
-1528
26
-358
975
36
110
-684
51
528
-1041
443
135
-437
374
-754
-559
931
-877
-1598
1524
-2156
931
-38
-451
910
-1680
-35
418
-456
420
693
-861
597
-1592
329
189
-390
2562
-1375
-1358
523
-28
-102
1540
-1195
-403
1068
-1227
2456
-1755
1361
-557
59
1668
-1285
1142
-236
1308
197
-1040
274
1780
-1839
2759
-1999
54
856
-2033
1890
-1580
-765
563
27
297
370
-1401
659
-337
-349
730
1053
-1259
1450
-1967
-585
-247
647
980
-505
-283
-153
315
-292
1987
-1026
824
13
554
996
-481
-191
393
93
-303
1176
-1264
1340
523
-2019
1795
-1003
-394
815
-553
-99
444
-1807
592
207
-1153
264
763
-1679
922
-385
-1869
868
707
-2284
2232
-2331
-60
684
-1952
1348
-842
-630
1492
-781
427
634
-1158
1769
-1
694
357
-956
2100
-419
637
924
105
395
-117
667
1880
-408
827
711
-378
1199
-1217
1621
-191
390
-281
657
-1606
343
-1018
-328
301
-746
10
-1235
188
-1322
302
-1352
-333
51
-1102
469
-1333
-44
-884
-213
308
-48
-408
419
-281
-886
1052
-1211
1217
-1086
1403
-1124
1472
-1050
24
1094
-1195
988
-795
16
287
892
96
1001
-435
23
-160
1757
499
389
-260
-464
228
260
-561
1413
-679
413
-663
-342
-560
-485
-68
-1200
1034
-1695
29
-1330
816
-1137
-779
-314
-1060
-188
-465
1204
-1337
1567
-2331
319
637
-809
1554
-1252
310
-150
729
-251
1025
-328
1527
62
189
943
-83
1353
-673
1261
408
369
1801
-1535
772
1344
-123
2220
-1236
643
318
-454
774
-158
-396
790
-704
232
830
-604
598
382
-1439
230
-145
-1962
815
-27
-2122
1321
-1543
-375
806
-1126
-25
-60
4
-406
-302
468
-164
-403
396
283
85
-688
-345
764
734
-1003
1735
-1186
-48
939
-1030
843
2248
-1490
1261
-756
772
798
-297
806
281
-835
428
98
-145
914
-1505
652
-469
-1367
1466
-834
401
683
-750
13
134
129
238
-731
580
-1531
1742
-1273
354
176
-1362
1340
-1
-971
1054
-1787
45
1587
-2887
1631
-1486
849
-271
-326
119
145
-146
597
-641
544
427
-313
1100
-356
-694
896
-287
-821
525
-804
910
-1085
986
-902
-134
299
-864
1265
-979
-183
749
-192
-1216
1098
-1803
1492
-1139
1186
-506
-1741
1890
-1180
791
-43
-1554
2139
-1246
-1374
1698
-1714
-10
434
-1236
888
-810
8
597
-1085
-401
-309
-427
802
-362
292
-325
-663
-162
230
1002
8
-1287
797
341
-178
518
-307
1513
-197
-40
973
-1302
1057
468
196
1419
-591
1145
77
421
1470
-817
1953
-1709
1818
139
-1570
1808
-217
195
856
-21
-507
56
-774
1080
-557
-37
612
648
-1192
-682
1303
-974
1717
-1855
43
400
-1510
992
-238
-101
-301
402
-722
1535
-1074
535
-99
-460
-17
137
651
-85
440
-1179
542
36
93
681
-724
-449
1178
-695
365
-466
-466
1462
137
-1038
1278
-757
69
-493
157
-427
622
-227
-584
1065
-2172
-110
607
-1587
1495
-1269
-1844
1247
-1822
1038
-668
-1415
1422
-1586
27
364
-935
1006
-1296
46
-102
-1539
2078
-971
-998
1731
-804
6
1756
-1191
1217
449
-1107
1220
60
-789
654
-924
1071
751
-374
20
814
-1892
1867
-559
-568
2269
-2256
2202
-830
-539
1803
-893
653
-420
-63
-320
342
-672
947
-829
1418
-1088
306
538
-1986
2639
-2123
1850
-1020
-612
43
-104
-414
1163
-962
-455
841
-1248
1699
-643
1001
-192
-368
27
555
1013
-28
570
67
-1063
805
243
-17
1075
-527
-191
736
-1550
1564
-459
-443
865
-1123
957
-675
-321
127
-113
-374
1351
-1352
1157
-646
-1723
1941
-1207
-179
728
-1141
-548
646
-1975
850
-120
-1715
1618
-1005
257
521
-699
708
-1
-496
1261
-406
43
473
-1865
1836
-1009
348
1150
-1023
477
121
-727
367
-342
1442
196
264
997
-1395
1708
-990
-93
2156
-1740
868
668
-958
1341
-1631
766
-294
-215
14
-848
196
-1543
877
-829
-542
1199
-1262
-672
1256
-1651
1193
393
-1588
1726
-1021
143
828
-1126
1450
458
-474
343
-147
164
-62
636
-1626
1085
-1076
-295
410
-336
25
310
-374
-311
336
-611
1334
-1032
1283
-194
122
669
-1088
-136
-374
288
-396
-247
-1241
142
-284
534
561
-927
173
-720
250
-382
113
32
-391
403
-706
-76
852
-444
1061
-292
477
-369
-330
891
94
653
-454
153
-151
92
284
802
-504
662
-268
488
282
-379
281
374
-885
1476
-807
820
36
-788
1063
-1652
-190
-47
-868
637
-111
-1607
1322
-2479
1568
-564
-840
1560
-1081
1455
-372
-1080
1702
-785
223
2220
-1698
1108
-235
-1158
1000
507
225
940
-500
289
-20
919
-49
662
-438
37
713
-5
145
-791
1073
-363
694
-817
548
-1448
1522
-976
-199
1364
-1980
1784
-810
-654
429
-8
-363
1075
-1898
189
1039
-446
1330
-696
360
-17
-190
692
-848
571
-483
899
-302
-835
-28
1158
-215
349
-129
-1748
524
-1314
1341
-1733
364
-705
-220
114
-430
472
-1014
177
-93
97
-709
-218
-758
326
-570
-266
-110
-522
762
-1578
672
-1505
370
385
-1147
1784
-1112
-663
-492
701
-532
1772
-1175
495
-477
977
1245
-1527
2563
-1333
2009
26
-612
252
641
-364
1514
-1170
-122
1627
-1092
1013
-905
961
-261
254
-278
175
-701
-3
-5
-807
1809
-1418
888
-352
-594
-239
30
-425
704
-483
-552
141
-741
763
-551
426
877
-792
1003
-341
127
1227
222
343
-80
220
-480
820
-180
1107
-222
377
-521
254
-658
901
248
-1
164
-1075
2004
-1712
275
783
-1022
409
346
-1318
869
-1672
76
173
-2174
508
-1217
147
-194
-1020
-261
-1004
285
-119
580
54
271
-522
235
211
1020
-167
-488
738
-156
1308
-183
1236
-360
906
731
-76
1857
-525
535
533
-519
1093
-284
187
196
105
-102
1123
-154
1139
-751
642
-489
23
330
-1181
850
-1792
769
-1652
-42
-292
-375
-1429
568
-1478
-153
-215
-1646
905
-1455
56
-229
-684
-704
318
-246
-195
265
-1038
570
-760
38
204
-25
187
-306
796
-736
261
-226
703
699
231
-35
770
-190
709
275
122
700
-355
1208
-1057
-517
341
-145
10
784
-1935
553
-13
-781
730
-298
-816
940
387
-919
468
-210
786
269
120
148
-488
430
-44
599
31
125
326
-305
-91
324
348
326
533
-182
-73
-126
627
-479
850
-118
61
586
-594
215
590
-186
530
-694
353
1301
-969
131
-582
-435
-426
-329
-127
-433
-160
-508
86
-272
-298
122
-282
298
378
-674
307
-1505
929
-45
1041
-136
-426
-9
238
265
-66
971
-474
472
-552
-227
-806
684
152
583
174
-350
810
-218
225
649
-194
444
180
-80
9
88
-350
247
-484
125
-1084
517
-200
-732
1271
-1770
1866
-597
-473
1327
-838
609
150
-366
218
-293
-2
559
-871
295
-62
-148
-238
-335
748
-1271
1104
-1364
128
-131
-424
360
-375
-596
355
26
-316
786
-753
376
-412
-450
277
44
-158
-187
-662
-268
19
-294
278
-469
855
-942
1037
-184
-963
725
-1012
687
557
-776
888
-757
253
-24
-102
1517
-843
1224
-413
-498
1576
-1588
1276
903
-1690
1831
-1451
671
976
-1029
1694
-477
69
655
-1300
1633
-587
-360
855
-805
300
414
-514
680
-1299
578
-629
90
-209
-775
565
-909
423
-127
-1542
609
-262
-317
405
-1227
263
89
-215
366
-68
-139
342
-161
-651
-106
158
-851
529
-171
-131
242
-498
17
99
1031
-425
14
304
-424
101
502
-229
804
150
350
296
335
249
-77
597
-127
-131
894
-1257
1064
-247
438
738
-530
466
316
-363
393
514
-453
717
-1279
900
-490
1161
114
39
27
-792
325
150
89
73
333
-521
525
-460
293
-37
708
-271
192
67
-154
130
851
-1141
298
201
-1120
927
-1211
79
244
-1239
548
-114
-290
-112
-426
-664
64
-648
813
-381
138
-309
-233
9
-587
-250
1191
-1412
554
-110
-774
1006
-656
-242
803
-563
193
-223
-1087
544
-892
1259
-384
-567
1102
-349
702
-111
-247
288
-442
529
-209
-458
229
-266
275
-53
-68
614
-33
-302
-262
-216
733
-999
624
99
-282
-110
-677
449
-604
33
611
-437
64
-232
-669
13
12
-447
1426
-1828
786
-289
352
543
-111
651
-678
603
351
-66
-858
1364
-1625
1773
-511
327
1478
-914
777
777
-255
775
318
-849
1455
-898
445
-1129
874
405
14
809
467
-275
535
-721
655
-625
392
652
-1049
677
-1310
707
-137
-148
-276
216
-557
158
-256
-499
-448
-20
-214
-310
-588
-688
501
-252
44
-63
-434
-47
249
-865
1205
-832
-818
544
-497
320
-387
-53
5
-55
-1163
1218
-939
-232
885
-1183
664
-334
-247
943
-683
-26
445
-341
405
652
-141
890
-876
-72
-369
-93
871
-535
478
-220
418
397
-90
334
328
465
-162
208
-169
640
-405
-204
705
-96
153
324
143
-29
675
-629
1036
-474
210
850
-900
100
-135
330
490
666
-692
845
203
347
348
5
71
601
-345
256
-498
-413
303
-512
-280
-65
-463
-15
-28
-547
-336
-411
-549
109
-930
83
144
-746
-136
-677
304
-713
-64
59
-702
-181
-398
100
-269
-337
397
-792
197
697
-304
599
170
-608
647
-138
548
841
-1068
1140
-93
630
261
386
77
740
-45
-203
236
-351
709
267
-684
13
205
-478
1205
-626
-330
473
-540
324
36
-59
-5
-88
-182
-250
519
-594
281
183
-790
307
-778
293
-195
-801
294
2
-808
85
-106
-309
220
19
-10
527
-61
-148
389
-757
612
152
-653
854
99
-228
631
-1260
693
128
-254
202
20
80
-52
205
-646
-19
275
82
381
520
-1000
1294
-826
-10
305
-451
806
-241
40
180
5
-238
574
-564
549
-329
431
-108
299
-218
-284
589
-542
721
-348
251
341
114
453
156
-15
48
94
69
384
-64
377
-620
-104
36
-402
529
-311
524
-728
219
41
-564
-68
138
-438
254
-923
-177
-167
-529
639
-900
-376
-389
-383
-264
391
-719
-523
293
-419
445
455
-804
924
-916
-381
1166
-122
99
1164
-968
671
171
-346
669
-118
-186
673
-227
-73
1046
-797
506
471
-691
909
53
-426
1204
-2004
1212
-277
366
551
-1071
520
343
-488
394
-477
-755
1231
-1220
1207
-1006
63
-87
-463
290
74
-275
-15
-81
-22
67
82
245
-650
389
-244
-109
218
-525
83
197
-252
447
-701
215
432
-96
72
604
-1199
483
-61
-639
906
-1130
35
-676
100
101
-62
-677
546
-649
329
-422
-109
532
-570
960
-474
28
356
351
619
-170
-60
644
-354
867
97
201
626
83
10
978
-518
1301
418
-247
985
-193
401
336
16
235
705
-707
817
-420
104
167
-644
585
-48
-605
464
-706
110
320
-699
709
-589
-548
103
-860
-295
-26
-721
-89
-447
-956
-329
-312
-642
518
-235
-180
136
-272
-96
255
-287
364
-63
-227
263
-1314
261
-707
-907
36
-614
124
-208
-575
373
-780
341
105
-440
483
-56
153
122
-497
547
133
-180
963
-373
451
212
640
617
261
821
299
320
173
695
53
-193
309
-127
160
838
-41
710
-441
591
84
266
569
-186
182
627
-172
681
140
123
318
-846
1031
-754
463
-23
-71
330
-541
23
220
-710
545
-455
80
-126
-378
-103
-428
-350
-361
-508
-832
-564
-632
94
-730
119
-1041
-271
-88
-842
821
-1446
107
93
-851
780
-435
-171
270
-947
343
-67
-604
1261
-1271
795
312
-523
841
-529
509
172
-7
677
-177
41
159
-7
694
-634
341
-88
97
185
32
278
-116
263
-52
-64
732
-558
214
-156
-37
732
-250
208
144
-292
134
83
128
414
-402
896
-440
601
300
-178
254
243
-126
274
