-164
-147
-93
-116
-113
-112
-110
-52
-54
-78
-64
-29
-22
-16
16
19
-8
23
53
60
60
24
8
37
56
79
79
102
137
137
164
142
97
105
161
198
203
226
253
222
244
246
208
199
178
185
142
165
161
177
152
173
193
149
171
173
117
112
112
135
125
92
89
96
130
141
141
104
89
58
63
46
19
24
21
25
35
37
13
-18
-35
3
-4
-43
10
-4
8
3
-50
-61
-42
17
39
92
82
77
86
41
-18
-22
17
52
87
61
16
-14
-29
-73
-74
-90
-92
-80
-75
-75
-80
-89
-104
-103
-87
-27
-39
-23
-56
-103
-61
-65
-59
-74
-47
-42
-25
-17
-65
-83
-37
-22
-53
-61
-26
-24
-31
-25
-42
-65
-72
-108
-168
-182
-161
-135
-143
-133
-105
-120
-122
-126
-162
-194
-150
-156
-116
-94
-112
-95
-115
-82
-97
-61
-58
-26
-19
-29
-35
-56
-44
-66
-26
-18
-25
-14
-45
-33
-11
13
10
29
42
39
37
47
40
45
61
86
91
92
124
131
141
132
144
162
168
152
162
147
164
179
172
160
145
138
130
138
104
101
110
103
61
71
85
57
43
14
25
61
125
109
94
75
75
55
7
13
25
52
76
69
33
29
37
33
-10
-57
-57
-46
-14
-25
-51
-50
-75
-65
-58
-61
-66
-70
-42
-65
-72
-85
-82
-92
-83
-40
-22
-23
3
-11
-1
-9
-32
5
49
39
16
-23
-65
-47
-57
-84
-74
-82
-96
-60
-11
-52
-44
-40
-50
-43
-60
-59
-71
-59
-61
-33
-55
-53
-27
-48
-59
-42
-4
-42
-42
-60
-60
-37
14
20
14
12
-23
-13
-21
-35
-52
-49
-47
-47
-31
-6
-19
-45
-46
-43
-35
-23
-31
-34
5
8
13
-39
-50
-42
-37
22
22
37
52
22
-45
-23
-12
11
35
47
15
6
51
35
28
2
1
31
57
72
81
55
62
66
50
29
35
63
80
91
132
118
105
120
127
89
72
37
30
31
48
36
49
-4
-1
12
0
3
-27
-8
-14
-27
-9
24
4
-6
-17
-24
-49
-40
-40
-36
-9
27
10
13
11
5
-37
-21
17
25
52
59
71
47
4
12
0
-20
16
20
37
60
114
42
27
48
59
60
88
131
133
117
109
67
17
30
27
69
79
43
6
-1
-12
-12
-23
14
6
20
2
-11
5
-12
-11
-46
-81
-93
-98
-90
-94
-73
-61
-45
-36
-41
-70
-89
-100
-80
-55
-81
-98
-90
-42
-78
-110
-148
-116
-113
-132
-153
-159
-171
-161
-144
-177
-176
-192
-150
-104
-83
-57
-43
-38
-16
25
55
56
7
-22
-7
-3
51
101
90
72
27
-12
-20
-21
-14
6
34
48
10
24
5
3
3
-11
0
-54
-50
-41
-41
-32
-11
-40
-58
-21
-9
19
77
74
86
55
26
8
27
70
78
109
133
140
114
100
41
-1
1
43
42
47
34
23
47
35
48
66
71
65
64
59
35
32
58
82
118
94
126
148
94
85
52
54
101
84
64
81
103
74
62
101
91
92
92
108
106
98
93
65
68
47
72
50
30
41
52
28
56
20
-20
-52
-62
-56
-35
3
14
25
19
-36
-90
-105
-152
-146
-137
-109
-112
-102
-79
-126
-177
-174
-160
-177
-180
-203
-198
-203
-193
-117
-70
-48
-51
-89
-130
-104
-86
-107
-73
-111
-91
-62
-108
-114
-109
-113
-100
-123
-65
-93
-48
-27
-77
-24
-20
-20
-47
-24
18
23
35
53
50
18
40
63
61
84
108
117
103
101
94
111
91
98
136
118
132
135
91
64
60
65
77
73
54
38
42
78
79
65
58
31
20
27
48
66
55
64
25
5
21
31
14
18
-8
-5
9
32
13
-17
22
40
59
64
68
17
6
35
29
14
16
13
6
13
52
24
46
65
86
83
98
57
24
58
51
52
25
48
93
71
39
21
31
3
-33
-35
-25
-23
-14
-56
-114
-94
-100
-100
-167
-189
-152
-140
-96
-70
-93
-119
-127
-101
-93
-79
-78
-62
-82
-95
-88
-80
-33
-27
-28
-68
-69
-140
-151
-115
-126
-105
-70
-57
-67
-68
-89
-98
-79
-50
-67
-50
-39
-59
-10
-51
-51
-41
-46
-7
-37
9
5
57
99
58
69
84
50
70
50
36
44
89
95
90
123
105
99
85
91
79
114
123
123
116
154
142
132
126
106
110
154
171
176
176
142
122
86
54
83
108
136
127
53
34
-7
-31
-3
-27
22
41
48
57
19
-26
-40
-55
-26
-20
3
25
35
11
-40
-48
-51
-23
-8
-7
1
3
-13
-57
-108
-80
-79
-67
-28
-16
-64
-83
-118
-111
-92
-61
-51
-51
-61
-103
-108
-97
-111
-74
-54
-32
-14
-35
-40
-79
-70
-49
-4
-3
-18
-28
-50
-50
-72
-113
-116
-129
-172
-156
-122
-128
-103
-87
-93
-63
-61
-71
-78
-44
-47
-54
-107
-108
-105
-107
-74
-45
-26
-1
5
0
30
-17
-22
21
15
68
93
78
91
66
33
38
38
101
135
112
120
90
76
90
73
45
36
81
112
123
63
72
114
127
160
143
135
95
78
45
11
-9
-2
29
29
18
32
27
20
30
34
69
108
54
54
46
58
43
38
42
49
85
82
107
95
99
133
120
104
115
85
79
81
62
65
32
63
58
17
21
37
24
38
-18
-40
-22
-50
11
12
4
-4
3
-9
9
26
4
-20
-4
-8
-14
-2
21
40
-10
-32
-26
-3
-59
-63
-66
-38
-31
-40
-75
-70
-72
-73
-74
-133
-154
-186
-184
-173
-143
-153
-141
-147
-153
-146
-129
-100
-109
-104
-92
-141
-151
-98
-124
-77
-52
-50
-62
-39
-57
-96
-99
-95
-130
-108
-69
-104
-68
-70
-56
-49
-21
-19
-26
-39
-11
-28
-82
-83
-52
-20
12
-10
-21
-3
-18
-9
-9
0
-3
31
29
34
12
18
-16
-3
12
-7
0
-26
-19
-47
13
-1
36
20
26
51
45
42
56
88
107
103
72
82
97
113
83
111
126
125
150
128
110
119
157
165
160
165
175
171
158
151
106
95
127
153
157
170
133
165
195
178
182
168
136
125
104
126
116
84
86
96
76
55
73
63
51
42
29
27
19
5
4
-42
-46
-61
-52
-22
15
1
-47
-43
-61
-101
-114
-102
-116
-76
-61
-41
-57
-106
-114
-135
-143
-173
-154
-145
-117
-110
-126
-113
-146
-137
-170
-197
-188
-153
-175
-181
-174
-192
-219
-181
-159
-151
-89
-71
-59
-52
-50
-57
-70
-26
-24
5
5
4
51
20
24
25
20
35
70
51
73
47
62
66
50
39
73
94
83
59
24
49
32
16
6
-17
-8
20
45
75
61
44
50
41
45
51
11
-1
-12
-12
-12
3
-21
-44
-46
-57
-61
-90
-92
-103
-91
-104
-79
-69
-20
1
-14
-9
5
-6
-47
-29
-10
11
22
28
20
16
43
32
8
-10
13
64
95
104
102
28
19
39
46
7
1
1
19
32
45
54
55
31
26
29
38
54
51
80
50
40
36
117
94
84
110
118
128
103
91
68
79
80
46
4
4
-8
8
13
31
37
42
10
7
11
28
42
49
24
49
19
-31
-29
-57
-52
-8
-2
11
13
-1
-27
-30
-38
-65
-55
-65
-44
-17
-25
-7
20
17
24
3
-13
-4
-11
11
30
26
27
65
59
18
64
59
50
29
8
0
-7
-10
29
27
11
24
-8
-63
-54
-47
-10
-19
-3
-39
-65
-105
-131
-107
-149
-138
-127
-138
-170
-145
-147
-150
-145
-158
-115
-126
-121
-130
-142
-152
-164
-208
-229
-205
-205
-218
-192
-194
-186
-174
-151
-149
-129
-112
-78
-91
-77
-53
-83
-82
-77
-63
-54
-35
-69
-27
16
82
90
86
62
85
82
86
103
113
143
189
217
169
148
172
196
223
235
201
211
246
285
260
217
216
246
259
261
218
237
258
295
281
247
249
249
313
316
271
204
182
165
115
102
78
61
95
72
67
45
40
65
69
15
-14
-30
-2
-3
-29
-5
-49
-12
-48
-71
-60
-66
-50
-42
-8
-21
-41
-68
-94
-93
-101
-101
-110
-123
-121
-120
-123
-125
-143
-147
-139
-146
-134
-127
-119
-128
-158
-130
-132
-68
-68
-68
-46
-46
-50
-72
-71
-56
-64
-89
-111
-124
-113
-118
-102
-143
-122
-146
-119
-112
-160
-170
-202
-204
-170
-151
-195
-227
-241
-240
-231
-216
-190
-164
-167
-172
-165
-164
-154
-117
-161
-154
-114
-93
-61
-15
-30
-54
-59
-68
-87
-87
-43
-32
10
39
40
63
99
57
45
89
116
150
138
134
145
147
180
200
211
212
272
278
260
257
280
289
303
312
271
278
315
327
300
253
215
191
164
171
176
177
182
153
110
107
97
110
112
81
58
66
75
115
56
54
35
44
24
-21
-35
-47
9
-14
-25
-41
-46
-35
-40
-46
-26
-26
-31
-51
-87
-146
-149
-116
-87
-63
-25
-40
-50
-41
-71
-78
-46
-49
-40
-20
-20
-38
-37
-24
-20
-16
7
31
39
21
-1
-27
-53
-40
-68
-64
-39
-46
-32
10
-1
-50
-73
-61
-51
-59
9
22
-21
-34
-70
-70
-51
-49
-57
-55
-71
-47
-44
-99
-82
-113
-131
-79
-84
-145
-145
-126
-143
-136
-113
-161
-116
-91
-123
-121
-112
-119
-135
-121
-133
-100
-74
-55
-33
-33
-29
-17
-12
-29
-70
-48
-26
-9
-43
-32
-10
-38
4
5
34
58
24
60
55
32
44
69
80
80
70
76
108
92
56
83
66
81
96
75
111
105
139
137
135
145
78
16
-33
-36
-51
-20
15
37
85
81
24
10
-15
-10
23
-3
3
45
43
70
88
50
102
95
87
89
106
87
111
116
126
144
98
117
69
77
83
110
74
66
90
86
99
57
89
70
61
61
50
59
50
23
20
-25
5
30
8
29
42
50
48
106
73
56
58
44
30
62
66
56
42
-18
-30
-56
-60
-23
-52
-32
-50
-85
-121
-112
-153
-157
-96
-126
-119
-122
-107
-92
-93
-137
-152
-209
-206
-183
-173
-155
-120
-113
-92
-97
-134
-120
-159
-158
-185
-179
-200
-172
-143
-126
-82
-65
-57
-104
-93
-106
-100
-93
-71
-64
-5
-59
-94
-105
-102
-99
-60
-16
11
42
32
-5
-46
4
6
16
51
46
49
65
37
40
26
14
41
92
100
119
126
119
98
82
149
149
153
171
174
176
149
123
129
112
129
121
129
94
93
126
115
92
74
69
49
33
54
50
18
17
3
12
5
12
30
-2
12
6
-22
-65
-36
-35
-40
5
19
29
25
-3
-29
-15
-36
-23
-18
-39
-51
-49
-78
-53
-38
-42
-54
-32
-21
-38
-53
-59
-81
-53
-12
-24
57
79
81
82
103
82
50
30
33
86
78
99
102
92
150
133
134
86
90
112
84
92
69
70
56
67
80
81
93
134
126
124
96
59
64
52
57
27
44
42
4
-50
-100
-76
-40
-36
-30
-60
-86
-66
-100
-89
-132
-138
-179
-192
-198
-226
-199
-201
-183
-231
-214
-200
-198
-166
-148
-145
-152
-168
-160
-156
-151
-113
-87
-108
-115
-125
-108
-90
-57
-48
-40
-28
-65
-68
-72
-93
-54
-36
-69
-54
-62
-32
-34
-10
-5
-12
-23
-32
5
6
0
-2
31
43
39
38
40
50
69
100
97
122
72
83
77
67
60
95
146
163
163
167
116
107
106
83
93
95
131
158
114
78
53
71
81
93
112
70
89
110
86
80
68
44
82
106
95
103
84
62
40
25
33
27
90
96
94
55
48
33
23
60
28
27
54
47
40
24
-20
-2
-5
-9
9
9
6
21
9
-42
-36
-72
-100
-70
-115
-149
-163
-129
-85
-66
-74
-83
-110
-128
-97
-126
-127
-121
-74
-79
-57
-27
-35
-31
-70
-70
-58
-37
-57
-44
-47
-56
-64
-34
-26
-68
-86
-73
-119
-118
-98
-76
-64
-54
-50
-40
-33
-22
-22
-30
-3
23
8
-29
1
-46
-13
6
11
28
54
89
117
118
112
106
73
104
100
99
90
77
63
50
87
80
75
50
42
31
16
53
53
46
60
102
66
66
59
72
39
70
80
67
90
86
25
-27
-17
-15
3
36
40
30
58
48
15
-21
-24
-31
-12
-7
0
-1
16
6
2
-13
-62
-66
-51
-69
-40
-36
-16
29
15
10
-18
-30
4
34
20
-5
-22
-45
-53
-82
-68
-66
-63
-84
-75
-112
-105
-99
-113
-122
-145
-110
-90
-82
-72
-69
-107
-79
-50
-24
-64
-58
-31
-54
-77
-50
-59
-61
-52
-30
-7
59
94
88
93
69
45
36
41
25
10
17
36
69
60
60
49
70
89
53
61
46
70
75
62
36
41
90
68
52
77
65
13
-18
-68
-85
-57
-15
7
18
14
12
26
17
-17
-61
-56
-46
-50
8
14
3
12
99
47
104
30
50
24
122
-44
316
1243
41
387
-417
19
400
-231
1045
-489
-696
-1142
-818
301
-337
-606
-851
-857
-746
-105
-370
-337
-682
-793
-158
-322
553
290
214
371
-38
545
693
792
1083
1032
765
596
508
766
1039
900
753
493
435
536
358
235
24
-243
-223
-373
-398
-385
-433
-632
-678
-871
-934
-921
-954
-743
-730
-666
-619
-759
-525
-391
-173
33
185
341
297
422
373
695
708
990
1153
1093
1304
973
983
826
621
631
341
152
-32
-335
-366
-516
-701
-748
-921
-854
-715
-732
-638
-706
-850
-841
-839
-695
-676
-715
-622
-701
-616
-581
-647
-592
-434
-446
-234
-291
-335
-315
-505
-366
-739
-775
-916
-313
490
2920
3009
1478
1243
244
2452
2636
4460
3847
638
-461
-2001
716
1010
414
-1167
-2580
-2517
-1922
-259
-790
-917
-1855
-1677
-1230
82
1663
1321
1600
534
-61
202
505
1022
1722
1319
-59
-1189
-1933
-1314
-746
-717
-1522
-2405
-2170
-1687
-1081
-860
-1278
-1759
-2005
-1862
-1279
-466
1656
5999
3965
2256
1168
885
4307
4691
8837
4625
-28
-3633
-4742
1842
1274
602
-3959
-5269
-5769
-2676
1019
-1124
-155
-3323
-2214
-1688
2850
4997
3723
4664
-208
-36
479
2232
2570
3677
2196
-2106
-3469
-5394
-2269
-402
-693
-4055
-5679
-4154
-3155
-420
-92
-1071
-1652
-1631
-1615
423
2187
1607
652
-1400
-2256
-2155
-1472
2573
6410
7159
2687
-1278
-1284
495
6124
9017
7492
625
-4737
-4310
-117
4111
1536
-1373
-5485
-6242
-3326
132
1811
-881
-2446
-5226
-3690
-92
3000
4090
2442
172
-2614
-1540
59
3663
5659
4891
1237
-2533
-2434
-940
2717
2764
-770
-3822
-4737
-3279
-1030
-309
-1581
-3039
-4264
-3740
-2304
-227
475
-616
-2000
-3683
-3762
-2321
-1603
6786
11182
4687
1571
-2906
2032
4788
10397
13340
2174
-2050
-9541
-2268
4378
3181
-682
-7257
-7788
-9573
189
786
48
-2335
-5689
-5167
-3451
7140
4749
7287
3675
-3292
-1217
251
3153
5437
8939
2325
-2980
-5803
-4437
-30
3248
1570
-6552
-6501
-7166
-3533
2028
171
-2121
-2769
-3553
-2532
1170
2711
1947
-366
-3105
-4175
-3420
-846
-1202
6293
11968
2666
510
-3500
2418
6779
10225
14570
1408
-1561
-8860
-1545
6313
3789
167
-8038
-6428
-9855
1229
1597
-1024
-2845
-7936
-5780
-5212
8352
4925
6172
2836
-5765
-1747
694
5830
5909
8939
1977
-3765
-4510
-4155
286
3209
441
-8345
-8129
-7813
-4257
279
-1691
-4064
-5051
-4943
-4093
106
1807
824
-1633
-3679
-4650
-2258
-11
8811
13529
4933
1291
-3625
2763
5184
12275
15484
1251
-2578
-11445
-1753
5608
4091
257
-7637
-7756
-11030
10
1016
550
-2594
-6921
-7574
-5469
8426
4636
7865
2399
-5843
-2043
209
5094
7045
10594
3314
-2620
-5557
-3666
1170
5539
2423
-7733
-7495
-9083
-4542
970
-764
-3097
-5012
-5466
-4437
-28
1758
1153
-1954
-3741
-5368
-2376
241
7798
14845
5236
1968
-3395
3018
6506
11535
17538
1810
-1422
-11097
-2945
5972
3888
1324
-8696
-7070
-12281
-1291
1062
222
-1356
-7364
-6666
-7530
8888
5706
8144
4977
-5793
-1334
428
5623
7115
10704
3638
-3831
-6866
-5275
-970
4123
2217
-8797
-8747
-10252
-5934
1020
-435
-3420
-4570
-5470
-4412
-296
2057
2656
-911
-3004
-5317
-2296
1370
11530
15505
5033
1018
-4189
4164
5390
14119
15234
-825
-4312
-14525
-1922
4277
3299
-1047
-8592
-8391
-12262
-494
-458
1116
-1779
-5845
-8196
-5735
9236
4677
9654
2850
-5955
-1766
-181
4981
8549
10504
2437
-5078
-7700
-4881
375
7617
2030
-8554
-8790
-10390
-4156
1775
-447
-3014
-4599
-6368
-4196
-557
2077
867
-2330
-4694
-4812
-1548
11075
17080
7512
3609
-4331
2869
5474
12316
18320
1780
-1672
-14269
-5557
3436
2529
674
-7613
-7945
-13216
-1147
-1289
778
-164
-4954
-4915
-5828
8880
3926
9806
5705
-3911
-669
-357
2437
5897
11037
3213
-1052
-9363
-7896
-3039
5581
5976
-7044
-7074
-12296
-5768
2329
1098
-996
-4176
-6530
-5587
-144
1743
1671
-2388
-5045
-4927
566
18107
13850
6699
2084
-2893
6486
5747
18195
12145
1129
-5086
-13439
-297
9
2860
-3579
-4989
-10320
-10634
571
-3538
3240
-3692
-4020
-7801
234
9272
2943
10021
-1104
-1969
-175
2726
1744
4668
7413
-1872
4608
-4645
-5536
-4430
518
2359
-6339
-1030
-8413
-7583
-4186
-7976
-3077
-2272
-7298
-5616
-2785
-2549
-602
-4546
-5607
-3752
11233
19416
7018
5398
885
5468
8368
14558
17372
3875
-1878
-12579
-2914
1702
1327
-2612
-9304
-8414
-14425
-2009
-2785
-1736
255
-5078
-7888
-4053
9630
5963
10662
3318
-3922
1390
4535
5602
3673
8750
1532
-3911
-8361
-11245
-4666
2837
-1625
-8111
-8097
-11426
-5707
225
705
-702
-2773
-4393
-4526
-215
1720
480
-2278
-4989
-5633
2478
18272
12234
5317
-119
-861
7179
7636
19576
9416
367
-7157
-10615
3131
1360
2390
-4136
-4683
-9667
-7928
-119
-2906
2752
-2534
-3649
-7694
927
7197
4621
8547
-2853
-3524
56
3496
5162
8263
9317
1222
-4684
-9633
-8059
1500
5563
-1521
-6199
-9409
-8432
-2492
1169
339
-2215
-3869
-6531
-3703
-514
-82
-1962
-5067
-5902
-2896
15352
14595
6366
2026
-2161
7920
6355
18342
12676
1419
-3234
-13017
73
474
2243
-3964
-6680
-9613
-11689
-916
-4260
808
-2903
-4248
-8280
-1098
8270
2776
8736
-825
-4008
-226
3875
3105
5821
8687
1799
-1940
-8684
-9701
-3488
5266
-757
-5558
-8214
-12046
-4879
1446
1771
-1370
-3832
-6122
-4504
-272
1432
-266
-3123
-5604
-5367
8937
19494
9110
4661
-2677
2175
8239
11807
19690
3181
-907
-11343
-6744
3768
264
2324
-6309
-5874
-12972
-4499
-1321
183
4286
-4401
-5352
-8971
6148
5544
7944
5020
-6861
-3210
-2013
3731
3305
8243
3038
-2892
-6601
-9592
-2727
3355
4019
-2746
-6801
-11355
-7453
390
3931
1916
-2703
-5496
-6661
-1644
-394
22
-2168
-5544
-5918
2351
18525
11592
5563
-1808
-319
7985
9425
21063
6540
-352
-9693
-10083
2795
317
3227
-5850
-5156
-12320
-7962
-808
-2488
4407
-2155
-2645
-8873
2897
6314
6571
9633
-3369
-1917
-1871
3328
3024
8525
6626
-2564
-6700
-11693
-5381
2139
6921
-1515
-6452
-10589
-10346
-1419
2393
2258
-2546
-3605
-6438
-3931
-711
-688
-3008
-4883
-4244
5054
17909
9008
5468
-96
3787
7669
10460
19742
5057
1721
-9248
-7207
609
-1281
1270
-5668
-4279
-12154
-6207
-2704
-1720
2113
-2619
-2499
-5933
4998
4510
6017
4799
-3481
-760
291
3171
1272
5224
2779
-1087
-6434
-10965
-7491
-1096
2785
-3193
-4189
-8978
-8492
-2695
349
1279
-901
-2748
-5218
-1088
375
-1652
-2053
-5482
-4255
-1645
10926
18012
7196
2885
-2841
7068
10246
13358
17773
2393
-1949
-12791
-4697
1926
519
-808
-8742
-6811
-12755
-3979
-2617
188
1933
-3228
-4002
-5998
6565
6320
9359
4551
-4300
-1589
1881
6150
5623
6084
-430
-2817
-6385
-8515
-4341
1405
900
-5461
-7466
-8937
-4179
849
390
-1285
-2378
-3507
-3216
-403
-306
-1224
-4100
-6059
-3692
3856
18908
12491
4553
-1308
-168
11078
10704
20438
7839
-1466
-7771
-10922
2607
750
2448
-6605
-8063
-11727
-8686
-311
-3133
2574
-2908
-3061
-7733
2060
8885
7473
9858
-2886
-3011
-764
4909
6351
6884
2605
-4751
-5890
-8779
-6170
-957
2944
-4280
-8555
-10223
-8242
561
2779
256
-3374
-4260
-4031
-728
1594
235
-2512
-6414
-5914
-3196
12633
18732
7501
2107
-4273
6373
10110
15342
17854
2703
-2341
-13489
-4853
2717
1957
-323
-7924
-9507
-13707
-4196
-2579
1244
928
-4051
-6502
-6260
6560
6973
10807
4095
-4166
-2298
1203
7079
7972
6530
-1472
-4801
-8004
-8566
-3833
1323
-504
-6414
-10544
-11310
-4330
497
1487
-2378
-4860
-6544
-3845
862
353
-1192
-4733
-4041
-1162
15063
18478
8613
3163
-1459
9898
11001
18881
14237
689
-3199
-11737
-964
179
247
-3450
-7675
-10014
-13151
-3669
-2956
1148
-443
-3735
-6773
-2720
7009
7203
10179
1914
-3408
-161
3376
6372
7191
5097
-1722
-5639
-7200
-6464
-3115
725
-3432
-8056
-8926
-8216
-2200
481
623
-1617
-4435
-4861
-3851
-33
-433
-2758
-5780
-5317
-1141
11391
18967
6519
1587
-1416
8209
13391
16406
18712
1274
-2803
-10490
-1987
5368
1799
-1174
-9575
-8659
-13566
-4307
-1441
-888
-151
-6434
-6669
-5255
6701
6575
7473
3511
-4580
-93
4139
8245
8227
7519
539
-5105
-5613
-5940
-1681
1817
-2975
-10172
-11455
-10717
-4716
419
-350
-3582
-6353
-6229
-4793
201
382
-3448
-5873
-5155
530
15747
18700
6428
940
-1161
9509
13153
19710
15831
-499
-4660
-11349
-144
2988
524
-3073
-8187
-10168
-14295
-4553
-2111
619
-1823
-6627
-7632
-889
8450
6457
8321
661
-3829
184
4643
6529
8202
7148
-1573
-5320
-7393
-5756
-1787
1217
-4271
-8574
-9431
-10786
-3972
-447
-695
-2183
-3995
-5547
-3753
1150
493
-2506
-6137
-5363
178
15339
18307
5829
1449
-2484
8416
12698
18340
17687
80
-4928
-11880
233
5743
2451
-1094
-9026
-9866
-13143
-3430
167
2597
-974
-7724
-8970
-3115
9478
7700
7485
-624
-5055
-671
4913
7482
8019
7699
-1015
-4597
-6498
-2563
745
2851
-3652
-10296
-8741
-9351
-3207
-165
-1114
-3652
-5798
-6958
-4645
370
612
-2222
-6835
-6293
-1359
13571
19645
7390
1558
-1950
7330
13260
17513
19350
2028
-5469
-11798
-2861
6181
2815
-1016
-9697
-10316
-13663
-5317
-69
1215
436
-7365
-7706
-4677
7833
7668
7296
2288
-5621
-756
3771
8108
6952
6858
-293
-5320
-6116
-4668
188
1640
-2073
-9797
-10378
-9599
-4336
6
-1276
-3826
-5953
-5951
-5333
-713
789
-1415
-6164
-6272
-2522
11547
20541
7939
1595
-3379
5737
12346
17199
19582
1019
-4229
-11428
-2571
6422
3932
1046
-8890
-9071
-13261
-3688
319
728
271
-7331
-7344
-5708
7988
7275
6733
2009
-6223
-574
3149
8694
7069
7643
1178
-4308
-4386
-3597
1534
1947
-752
-9203
-9363
-9513
-5733
856
-1243
-4208
-7440
-6388
-4610
-40
395
-2420
-5287
-5967
-1183
12179
21208
8864
1781
-2066
5071
13777
17198
18852
2158
-6348
-12491
-3632
6229
3420
217
-10018
-10156
-12548
-5120
350
1346
1706
-7975
-8384
-4948
7770
9527
6381
1440
-5796
-1017
3035
8372
8154
7479
-20
-5877
-5122
-2794
3227
2442
-1971
-9958
-10754
-9104
-4349
1763
-876
-4692
-7338
-7228
-4819
173
75
-2106
-5194
-6648
-1802
14131
20639
7424
314
-3447
6414
13386
19058
16461
341
-5987
-13706
-1614
5581
4102
263
-9307
-10569
-12327
-3160
-489
2461
1276
-8156
-9185
-2776
8896
7982
6257
-899
-4606
514
3115
8306
7758
5580
-1575
-5197
-4024
-2045
2425
2123
-3318
-8935
-9750
-9032
-3836
-243
-526
-4367
-7715
-5964
-4511
-43
-167
-2803
-4725
-5216
-2428
9672
21502
10367
1587
-2576
3761
13874
16609
19813
3685
-4155
-11598
-6896
7819
4692
2404
-9065
-10754
-11171
-5791
401
-96
2774
-7285
-9109
-5372
6319
9852
5857
2293
-5867
-438
2699
8081
8677
5531
1340
-4946
-3058
-2189
2468
2779
-1326
-7592
-11103
-8778
-4897
-585
-1850
-4386
-7595
-6338
-4871
-1442
627
-2959
-5771
-6436
-2386
9135
21190
11111
756
-3004
3187
13972
16886
20295
3516
-5454
-11424
-7110
7724
5048
1979
-10039
-11049
-10785
-5426
1207
-617
1666
-8009
-9683
-4958
7557
10646
5001
1465
-5541
154
4208
8437
8336
5182
467
-5145
-3089
-556
3059
2179
-2494
-8281
-10381
-7665
-3908
-1119
-2377
-5596
-8334
-5756
-3029
-952
375
-3055
-6918
-5953
-1364
7830
21298
12494
-149
-3287
2381
13596
15565
20291
4546
-6371
-10987
-9452
7588
6087
2410
-9308
-11571
-10476
-5876
2873
-817
2157
-6846
-9836
-5847
6382
12276
5430
1961
-6921
-542
4719
8946
8639
5439
380
-5962
-3296
-2021
4118
2715
-857
-7942
-11626
-8037
-3314
2096
-1699
-4731
-8560
-6233
-2975
-119
1261
-2779
-5961
-8570
-2813
4340
18896
17169
1100
-3436
-1918
12116
16271
19944
11016
-6147
-8736
-10915
4272
7948
3866
-4708
-13244
-10404
-8259
3336
742
351
-4529
-10452
-6743
1107
12227
6722
3642
-5169
-3983
4118
7707
10323
6678
2757
-5552
-4297
-1464
3475
3686
-1057
-6754
-11104
-7753
-5373
386
-711
-4518
-8051
-7531
-3622
-1050
1134
-2482
-5236
-8032
-4329
2099
16441
19290
2965
-2359
-3211
10263
16405
18885
14590
-5091
-9583
-12116
2479
8781
3467
-4134
-14133
-10683
-9470
1898
1228
-469
-4242
-11033
-6531
-285
12659
7511
2958
-3978
-4269
5392
8574
11253
6291
3850
-3004
-2706
-116
2793
3866
-1236
-5515
-10813
-7667
-5746
-1592
-1548
-5194
-7222
-7907
-3808
-1368
1450
-1730
-5041
-7439
-5227
937
9984
21105
8568
-1647
-3436
3953
16462
16690
19340
1788
-9383
-11164
-5343
9523
5377
-727
-13059
-13688
-10488
-2385
4050
-1852
-2471
-10457
-9306
-3550
9329
11800
4150
-688
-7298
1884
8046
12031
8939
4649
-491
-4100
851
1608
4273
650
-4612
-9757
-9414
-6065
-3389
-914
-4823
-6564
-8142
-5209
-2020
865
777
-4002
-6315
-6445
-803
5795
19399
14913
679
-3004
-1177
14479
16775
20500
9251
-8191
-9133
-8924
7888
8496
1866
-9345
-15871
-10608
-5541
4390
-271
-2191
-8345
-11314
-6157
4837
13584
6017
1506
-6066
-1637
7277
11824
11515
6266
2076
-3647
-49
2069
4142
2451
-3223
-8768
-11714
-8195
-5067
-1256
-4017
-7709
-9765
-7557
-2869
-512
1198
-3414
-5975
-7387
-3549
2731
15321
19669
3897
-2780
-3834
9923
17241
18586
14760
-5750
-9024
-10592
2173
10982
4068
-5696
-17623
-12776
-7815
2918
2438
-2808
-6246
-12808
-7889
911
12918
8146
1843
-3280
-4583
6078
11238
12789
7111
2237
-2303
-718
3967
3696
2919
-2471
-7365
-10353
-7895
-4600
-2231
-2790
-7583
-9162
-8373
-3562
-969
483
-1651
-5357
-6838
-5039
1257
8547
20205
11086
-498
-3570
3401
17940
18072
19366
2021
-8435
-8380
-4258
11028
6997
-812
-14842
-16056
-9635
-2028
4767
-3300
-5230
-12825
-10892
-2911
8254
12272
2618
-953
-6361
2903
11451
13965
11184
3527
377
-1764
3568
5116
4503
342
-5648
-10033
-9793
-5516
-3143
-1857
-6969
-9405
-9482
-5616
-1444
-878
-818
-4859
-6432
-6353
-1055
4812
16068
17775
3031
-2395
-793
13601
18864
18249
11597
-5200
-6933
-8154
4605
10895
2618
-8893
-19442
-11639
-5208
4060
-121
-6936
-9912
-14221
-5705
2175
11910
6112
-730
-4764
-3575
9682
13796
13314
4996
1607
73
2190
5818
3102
2139
-4381
-8487
-9083
-6706
-4751
-4299
-5703
-8850
-9483
-7989
-3094
-1040
10
-2807
-5239
-4053
-4784
-180
4425
14830
17396
2310
-2638
488
13245
17482
14004
11069
-2921
-6444
-6979
4369
11683
2751
-10405
-19763
-8543
-720
4141
-1907
-8637
-10005
-12242
-5414
2214
12367
6531
-2167
-6123
-2489
10477
15056
12527
3410
2268
2413
4093
5689
2882
1645
-3888
-6894
-8432
-6381
-3716
-4408
-6598
-10241
-10316
-7531
-2654
-825
-1402
-3770
-6322
-6413
-5169
838
5514
17224
14579
-566
-2020
2149
15721
15379
16310
10408
-4667
-5681
-6554
9629
11890
-444
-15555
-18041
-3837
206
3401
-5786
-9260
-11336
-13311
-5598
6082
14176
1842
-5442
-7527
1234
15093
15419
9263
2837
4025
2934
4779
6013
4027
1106
-5567
-8140
-8834
-3905
-2164
-4539
-8485
-13253
-10090
-5183
-327
-503
-3020
-4884
-6918
-5201
-2389
2633
5962
15055
11670
137
60
3651
14634
13959
15440
9403
-3851
-4956
-4520
10487
9957
-3172
-15199
-14787
-1663
151
1818
-6403
-9040
-11252
-13634
-2899
8299
12900
-1458
-7497
-5708
4206
15871
12794
7818
2673
5297
3216
4354
5988
2957
398
-6604
-7808
-6952
-2827
-3516
-6582
-9606
-12242
-9172
-5006
-588
-2299
-3481
-6353
-7730
-3416
-1752
1780
1717
10505
13721
2887
792
620
11701
15100
14206
12559
-1542
-3337
-4407
7096
9924
-1555
-9791
-14756
-3327
-1822
1198
-3748
-9055
-11626
-15023
-1899
6487
10704
-2702
-7967
-4062
3000
14731
11261
8704
2985
4072
2701
4886
8477
3458
1301
-6610
-6567
-4798
-2061
-2175
-6922
-9659
-12600
-7279
-2965
-1239
-2939
-5892
-6626
-5857
-1799
-1602
-144
-1545
2873
15451
9099
1228
-449
6774
14732
13345
16245
6618
-1109
-4253
-1293
10564
7260
-3168
-13441
-9543
-2577
-4
-286
-8642
-10457
-11916
-7129
1272
6753
3342
-5558
-3807
-585
9271
13924
10109
4782
1491
4220
5186
8197
4814
694
-1905
-4895
-5215
-3541
-2090
-6772
-9954
-11597
-6536
-2862
-3802
-5551
-7630
-4381
-4814
-3506
-2838
-4006
-2813
-2619
10696
15753
4109
-946
-340
11496
15306
17035
16399
1195
-3684
-6821
7332
15106
4336
-9384
-17529
-4914
-1827
1989
-4294
-9911
-10202
-14014
-4543
2964
8797
-2186
-6411
-3108
2264
13347
10477
7004
368
2686
4137
6969
9775
2459
1933
-4365
-6351
-3056
-145
-1565
-8171
-10700
-10014
-4080
-3700
-5873
-7292
-6581
-5910
-5964
-3161
-4911
-4433
-5063
-3149
12604
14778
3419
-1894
484
13195
16823
19043
13319
-1711
-3848
-2327
13127
14443
766
-12478
-15219
-3301
-373
3425
-4823
-10804
-14604
-13288
-361
5574
6711
-4907
-5750
-2905
4340
12541
8028
4805
-258
3644
5299
8534
8804
3266
99
-6340
-3168
-72
517
-2750
-8328
-8799
-7516
-5732
-4860
-3366
-6129
-8576
-9125
-6528
-2244
-3993
-5895
-7344
-2360
13400
14135
4055
-128
3841
14443
15480
18815
14908
2194
-2310
-2003
12612
14098
579
-12934
-14387
-2116
1321
1881
-7670
-12708
-13291
-11781
-1116
4691
4806
-5791
-7279
-2904
4189
10693
5693
2674
585
4053
7905
11392
8213
202
-1358
-3235
495
3320
2205
-3085
-9515
-11216
-7663
-1047
-2314
-7456
-11837
-12187
-6682
-2580
-2399
-5644
-9050
-9313
-4589
10788
18919
8397
-1089
-3185
8276
17948
20499
18924
3608
-5054
-4147
9111
16986
6164
-7249
-15408
-6161
125
2811
-606
-9991
-13637
-14671
-3584
4155
4746
-4303
-10395
-5814
-1264
7214
6788
3515
694
2099
6473
7735
8686
2888
704
1051
1442
2775
1956
-1233
-7324
-8688
-6901
-3849
-4248
-9606
-12890
-11072
-6449
-4858
-4009
-6866
-10837
-8353
-2834
8958
19001
8941
-2972
-1235
8821
19913
19992
18264
7366
-3588
-3032
5642
19886
11444
-4290
-16475
-11273
2366
4483
1847
-10592
-13861
-15037
-7140
2526
3281
-1053
-12020
-9641
-3741
7071
9834
4801
1311
-1077
5819
8316
11274
7377
3822
2906
-177
3030
3286
3281
-3436
-10444
-10100
-6597
-3769
-8202
-11571
-12748
-9622
-6738
-6947
-7155
-7468
-4887
-1967
1249
7950
14190
7162
2235
5157
13675
20029
15159
13916
3953
1167
4626
9932
15824
2633
-8203
-13535
-3285
3531
782
-4087
-15463
-14559
-12938
-4952
1025
-1468
-9800
-14489
-5443
2131
10367
5285
-1944
-94
3866
9702
11899
12994
7004
2918
1220
2522
8145
5638
-2049
-10535
-12722
-8721
-4393
-5305
-11342
-14918
-16266
-11688
-6256
-2382
-2724
-6571
-8421
-4363
3995
13887
18726
6213
1227
5846
14756
19666
16527
17095
5769
1192
998
10458
17473
2956
-8670
-15151
-3637
2047
444
-6391
-17069
-15608
-15484
-5296
-239
-2340
-9914
-12250
-4135
742
8365
3505
840
1518
4967
11140
12570
13007
4967
3940
2434
4045
5868
880
-3290
-10978
-10169
-8539
-5214
-6826
-14316
-15892
-13838
-5368
-1638
-2722
-7250
-9065
-4614
1691
6747
8572
12948
6897
3345
7318
14187
21294
15133
13852
8864
4621
6159
7282
13917
5240
-4971
-12249
-7036
2172
-1802
-7039
-17914
-16611
-12879
-7046
-565
-3374
-9116
-13900
-5283
1802
7990
6233
-9
1846
5894
11957
13224
12293
4891
1404
3573
3916
4990
325
-5087
-8593
-10101
-9809
-7753
-7089
-10477
-12121
-11457
-7663
-3726
-4317
-5277
-5404
-2249
-1159
1692
2910
10014
16148
6384
6111
8154
15560
16888
15049
17232
4832
2530
1224
11249
14262
-920
-11396
-16319
-2266
-95
-3093
-11777
-19308
-13473
-12058
-2698
-2250
-5586
-11622
-9640
818
3948
8271
533
112
4778
9807
13040
7895
6740
2512
5176
3644
3081
3284
-2947
-6492
-9976
-5351
-3562
-4799
-9380
-12002
-9059
-7206
-4218
-4701
-4447
-5692
-6077
-2190
1295
5519
3206
6470
14485
9501
7826
8166
13139
16014
12968
16194
7489
1553
1139
6450
11087
-1334
-10269
-14586
-3453
1484
-6553
-11670
-16445
-11941
-9758
-3395
-372
-3817
-9287
-11249
-37
5551
6374
953
-1024
3920
6999
9763
6941
7269
3840
1080
1696
2618
4815
421
-2553
-6531
-5824
-2840
-3579
-5001
-7836
-8531
-8412
-5592
-3774
-2540
-2525
-3928
-2705
911
3921
3032
2061
11054
13602
7196
5679
6575
13821
11528
12680
12631
1842
-1140
-1261
9980
7512
-4626
-14235
-13909
-733
-2068
-3264
-10796
-13616
-10840
-9905
-2105
-2847
-5395
-11069
-7427
-1186
1776
4209
-1535
-298
1837
5546
6393
6208
6643
3486
4097
1919
5227
5732
2124
-1527
-5339
-2519
-2906
-3756
-5930
-7451
-6565
-5379
-2776
-1795
-2192
-4974
-3706
-241
1529
2836
1654
2222
11868
11297
3697
3560
6879
12615
11293
14476
10154
-1007
-3040
-71
12002
6484
-6001
-12739
-7788
3287
437
-2821
-12748
-14036
-9985
-7349
97
-2492
-8986
-13784
-7256
-887
1936
647
-5359
-1000
3869
7665
7806
7062
6112
4519
5707
4845
8184
5962
536
-3203
-4577
1194
2395
-2590
-6927
-6707
-3393
-1989
-2192
-3655
-3709
-4969
-4608
-348
4084
1690
-4582
-5635
4832
17137
8627
-265
-1389
5210
11845
9418
12866
2731
-3869
-2063
6031
13518
1621
-6541
-12423
-2423
3310
-1371
-4717
-13834
-10160
-9040
-3569
-2744
-9725
-12058
-10973
-1142
-450
-660
-3042
-2068
3577
5367
9409
7234
4933
2094
4228
7812
8690
8522
1833
-291
-1041
2066
5800
1714
-3948
-8066
-4796
-927
-396
-2227
-5555
-6274
-5308
-2742
-1016
1276
-2743
-6548
-5143
6391
11784
445
-2967
-1386
9375
10419
5549
9024
1633
88
865
9361
9343
-1987
-6377
-7365
4341
3243
-2909
-9594
-14124
-7772
-6117
-1292
-4247
-10149
-12191
-6870
1027
584
431
-4494
-3713
1158
4122
8270
8765
5360
1195
5226
8013
10197
9674
4112
2800
1501
3071
3396
2451
-1024
-3681
-2130
-3140
-1441
-903
-3506
-6128
-6177
-5334
-4343
-2718
-5712
-4705
-4855
493
6277
-1781
-3586
-1577
7120
9030
5275
10085
3984
-77
1790
10256
14025
1697
-6732
-6763
4801
6956
280
-5427
-10732
-7116
-4077
-261
-809
-8359
-14525
-10828
-1777
722
-292
-5802
-6389
-935
4528
7743
5105
2992
3551
7211
9031
8678
7483
4767
4815
3992
4477
6318
4866
1056
-2472
-2926
-1348
-2004
-4269
-5841
-7156
-7040
-6969
-6274
-7142
-10366
-11743
-9033
-4270
3392
1700
-6264
-5474
1468
10965
9529
7703
7424
939
3339
8999
16360
10604
-2566
-3790
2945
11463
7240
-556
-8772
-11017
-5075
-2619
464
-4825
-13575
-14503
-6560
552
-227
-5319
-10456
-4628
2487
4876
5060
930
1078
5132
8645
9832
11085
9334
5444
6092
6221
8312
7543
1660
-940
-588
844
-2190
-6129
-8792
-9419
-9578
-10221
-9141
-9666
-11525
-13580
-11736
-5958
-4376
-571
-981
-4472
-526
4800
11716
9694
8312
11654
8088
8409
12198
17657
12209
1280
-1724
2386
11635
7968
-358
-7208
-11034
-5440
-1390
-1125
-6332
-12558
-13999
-7952
-2147
-4785
-7619
-9744
-6414
1260
6021
6311
2081
1895
5114
9905
11463
10158
9201
7169
8118
7138
6970
3849
-869
-2661
-4746
-3768
-5165
-6698
-9814
-12559
-11969
-10626
-8411
-10620
-11508
-10968
-9104
-5950
-4361
-1170
4602
3468
1045
4888
11728
14655
9652
11150
12130
7724
8677
11922
16084
9266
36
-1021
5049
9666
3478
-2749
-9284
-8892
-4975
-6113
-5244
-9086
-13413
-13036
-5753
-1654
-4016
-6437
-7656
-1173
4465
5673
4635
4461
6577
7459
7758
6623
6918
5461
4030
3279
2029
2086
-811
-3813
-5240
-5536
-5906
-8075
-8655
-8309
-8795
-10098
-9372
-6996
-5335
-5831
-5944
-3769
-1068
-975
1688
5986
4821
4198
4522
10083
12702
9066
12088
8952
5642
8426
12292
13477
3342
-3119
-2348
4236
4928
-1609
-5555
-10289
-6179
-5135
-6218
-4659
-8645
-10101
-7481
-933
-466
-2588
-4658
-4845
2168
2088
638
482
1125
4153
3293
1482
538
3822
2878
1583
800
-2156
-732
-2015
-1971
-2846
-3426
-2887
-3896
-2649
-3273
-2305
-3064
-3508
-3169
-2622
97
204
-442
-546
758
2082
7151
6512
3683
5764
6329
8428
5793
7147
6727
125
805
5283
11795
4700
-4937
-4620
1776
6911
1826
-2270
-5826
-2926
1349
-196
560
-3791
-8081
-7296
-1464
1057
-3094
-7161
-9134
-3012
-243
-2309
-3393
-4758
-1782
177
103
-1079
-700
164
-590
1144
840
2287
2209
460
1455
367
1572
1078
1403
1410
681
926
-39
1285
828
403
690
889
683
-1120
-1008
1933
1239
-1750
-1188
902
3203
1116
1247
3183
38
999
4437
6413
3217
291
2163
4877
6088
3014
278
-2060
-1816
1834
1726
-1799
-6990
-8089
-4367
-2302
-4432
-8250
-9033
-7992
-5537
-4780
-4580
-4416
-5595
-3580
-1740
-278
593
974
382
368
3068
4583
5426
4070
3147
4659
4859
5007
5734
6661
5821
3567
1185
598
2458
1229
-2274
-4017
-2953
-2949
-4380
-6429
-2959
806
-4093
-5614
-3378
2210
3498
-19
2503
1747
242
1996
6753
8491
3060
-213
1209
6528
6789
2385
-385
-2678
-1029
439
-1202
-2329
-5608
-8248
-6178
-2441
-3192
-7188
-8722
-7179
-3475
-2584
-2905
-2587
-2613
-378
654
1720
2533
2829
3936
5199
6720
7936
8411
6120
4822
4851
5265
6629
5195
2067
947
468
-1020
-1397
-2672
-4008
-3648
-3730
-4205
-3425
-4843
-3822
-672
-3303
-4498
-3441
51
2010
582
2352
1047
82
553
2859
6291
3379
482
-626
1987
4241
2563
-129
-2864
-287
-7
-2053
-2169
-3620
-3588
-3992
-4052
-4602
-3441
-2995
-3647
-2007
-2601
-1043
-41
1392
4179
3658
2171
1978
4244
5032
5011
3850
3010
3932
3400
3744
1815
248
468
930
2088
-68
-2075
-2009
-155
-818
-3006
-4212
-3940
-2741
-3512
-4337
-3599
-624
-2372
-4341
-2827
-1242
-217
-2078
1027
2207
-2777
-3350
181
5311
3422
-421
-508
1687
3631
1847
1529
1805
1296
431
-1224
828
798
-1885
-2034
-251
799
-313
-955
66
1367
254
-1537
-1224
687
3056
2163
-1417
-1295
1131
2558
1184
-606
561
1664
1325
393
1123
1687
1692
19
-905
498
1779
882
-1987
-2214
-1299
-1435
-2645
-3458
-2349
-3909
-2996
-2075
-2068
-1387
-3261
-2493
-2154
-323
2434
-726
-2924
-574
3266
3573
2487
2071
2461
4107
3777
3056
2088
2472
4652
4599
3456
2330
866
896
2556
2185
67
-2475
-1950
908
486
-1833
-2963
-2838
-1819
282
-801
-2099
-1267
-908
-931
-829
479
847
974
589
1486
1752
-27
37
745
1630
-528
-2761
-2536
-1203
-1126
-3772
-5656
-5135
-2099
-2961
-5503
-2463
-1086
-3014
-3730
-2507
566
631
-546
1974
1768
891
1295
3696
5047
3725
3880
3869
6937
7001
3815
1945
1657
4841
4392
1843
-3
-926
-450
269
885
-2405
-4832
-4795
-2792
-661
-2263
-3816
-4828
-3286
-1165
-747
92
-10
217
-458
-419
1802
2422
1573
-112
187
-188
-772
-64
-347
-619
-3241
-4546
-2791
-1686
-1629
-3048
-4082
-5002
-3765
-1687
-473
1210
-2162
-3695
-729
2471
4680
2983
3568
4059
2146
3999
7497
9296
4595
602
2434
6504
7474
3994
1886
208
1294
2985
1556
414
-2426
-4136
-3169
-1666
-1464
-4276
-5415
-3792
-1697
-1165
-1622
-861
-1389
-144
1043
1034
446
-1407
99
870
-99
-1042
-1697
-1082
-1706
-1370
-2552
-2479
-2366
-3617
-2294
-2519
-2505
-2454
-1855
-1913
-3474
-2955
-2225
579
589
1801
3023
1861
2149
2810
7051
5555
4021
4471
2367
3642
3973
6430
5088
1284
326
2362
5126
3092
1804
-1671
-3054
-888
-1050
-867
-1870
-3048
-3708
-2901
-1068
-620
-2003
-3403
-1096
-34
-1419
-940
-1049
-625
140
-1202
-2093
-1908
-1277
-195
-1119
-2629
-2428
-1338
-1058
-652
-1024
-1534
-1791
-2164
-1385
-885
-1180
-1411
-711
115
771
553
240
1127
2179
2164
2555
2618
2166
2047
2563
3449
2800
2223
3396
2849
1408
609
3207
4135
230
-2182
-1110
2685
3343
1098
-1116
-1431
767
521
653
447
-574
-852
-2522
-1392
446
-1262
-3735
-3794
-2517
-2754
-2641
-3238
-2588
-1768
-3904
-4144
-2134
62
272
-1245
-2524
-1905
87
13
956
1062
-623
-828
872
3416
2677
86
-1256
705
2921
1461
-221
-984
235
1116
308
790
1133
939
0
593
1773
1023
40
246
1359
1341
828
2221
2763
2399
2761
3338
3995
3719
4013
3453
1514
875
1284
1620
271
-1525
-2656
-2746
-2151
-2337
-3975
-5803
-5094
-4013
-3390
-3187
-3569
-3375
-3565
-2656
-1728
-1697
-1140
6
729
17
758
2249
2833
2591
1263
1115
1815
2978
3515
1923
12
-465
548
553
-382
-828
-1513
-2066
-2275
-2469
-2344
-1545
-1519
-1412
-1244
-760
310
753
2375
3074
2446
2018
3073
5400
6114
5242
3644
3024
3341
3443
3681
1839
154
308
-793
-1829
-2210
-2131
-2777
-4191
-4819
-4429
-3824
-4308
-4000
-3729
-3391
-3122
-3145
-1472
425
983
-540
-1141
481
2491
2947
1879
2310
2537
2044
1927
2029
2498
1270
-291
-1614
-925
-737
-2232
-2897
-3513
-2801
-3243
-3186
-2562
-2358
-2298
-2204
-999
-264
873
357
907
1409
1625
4190
4609
3445
1528
2653
5007
5275
4212
2049
2809
2660
2168
1896
1742
1114
-876
-1377
-892
309
-139
-2970
-4407
-3035
-1650
-2157
-2983
-3028
-2282
-1388
-1517
-724
1036
522
440
1265
1560
1947
1765
1488
1579
1150
-223
-708
59
234
-423
-1828
-2770
-2164
-1804
-1758
-2133
-2569
-3068
-3226
-2224
-1039
-959
-2624
-3084
-1393
1004
1129
-379
-79
617
1593
1791
2052
3287
3581
2681
1693
2388
3541
4069
3368
2542
3191
3006
2033
1053
1211
1583
999
-204
-1155
-1109
-1091
-1595
-1712
-774
-665
-1254
-1316
-411
1009
1820
907
-1312
-1122
684
1929
1669
-361
-687
1238
902
-537
-195
-166
-530
-1217
-2039
-1858
-1447
-2707
-3649
-3126
-3701
-3565
-3907
-4138
-2911
-2916
-3811
-4496
-2916
-885
-14
-867
-1563
-478
408
2150
2614
2300
2362
2355
2986
3269
3930
3200
2305
1816
1420
2062
1440
901
842
811
886
1022
590
-40
657
1001
581
739
252
-87
646
1278
1609
1365
1156
1263
2561
3017
2453
3048
2084
2064
2082
1768
2269
981
-861
-1849
-948
-1329
-3036
-3920
-4494
-3518
-4867
-6326
-5205
-4161
-3786
-4422
-4561
-4015
-2929
-2324
-1240
203
-237
-646
16
1511
2711
2422
1535
1364
1832
1764
1946
1672
1090
396
281
1324
967
47
-695
-556
-539
-809
-789
-912
-911
-1204
-725
174
1085
1024
873
1747
2818
3751
3441
3609
3841
4200
4507
3963
3658
2508
2356
1542
628
527
-904
-2096
-2716
-2218
-1885
-2886
-4298
-4676
-3376
-2960
-2855
-2566
-2679
-1732
-1028
-1494
-623
762
1019
1134
701
575
1690
2009
1283
1191
1145
601
1035
1481
972
472
-1241
-1801
-931
-1135
-1745
-2520
-2695
-2439
-2357
-2338
-1818
-1301
-1705
-1400
-350
196
290
531
1104
2004
2111
2015
2339
2674
2758
2392
1699
937
592
147
235
561
-285
-1214
-1775
-1608
-1147
-457
23
-820
-1372
-1423
76
1471
1174
320
273
1555
2502
2751
1790
1198
1575
1707
2229
2279
1829
1256
985
928
719
-68
-1248
-994
-514
-749
-1488
-2474
-2653
-1968
-1108
-841
-914
-1113
-934
-50
923
914
427
-62
152
1153
752
320
424
284
-266
-1137
-1287
-758
-210
-1514
-2332
-2507
-2512
-2027
-2628
-2490
-1924
-1597
-2194
-2471
-1443
-768
-117
-516
-543
-148
371
1257
1344
1442
574
510
1145
1810
2611
1897
872
-350
-209
454
637
60
-1068
-845
-510
-125
-325
-291
438
667
708
982
1973
2699
3299
3186
2429
2779
3215
4026
3721
2864
2433
1975
1485
773
1028
406
-131
-972
-1640
-1284
-1424
-1400
-2035
-2640
-2461
-1496
-1570
-2584
-2245
-1420
-864
-1068
-1165
-815
-1
116
128
550
379
333
-310
-262
577
747
-852
-2371
-2580
-2077
-1632
-2732
-4038
-4684
-4247
-3245
-2911
-2863
-2896
-2600
-2116
-797
550
1388
1706
1715
2476
3457
3910
3469
3742
4425
4453
3852
3288
3217
3569
3251
2182
1502
687
178
180
143
-139
-748
-1132
-1592
-1419
-947
-310
523
-355
-401
240
1046
2269
2302
2027
1904
2451
3090
3399
3152
2235
1807
1070
579
292
-1081
-2051
-2320
-3329
-4532
-4919
-5070
-4952
-5137
-5535
-5230
-5219
-4989
-3745
-2696
-2287
-2112
-1412
-230
435
696
1010
1454
1647
1644
1404
1398
2088
1935
1687
1252
541
789
636
521
277
-184
-918
-1447
-1533
-1486
-692
-912
-1230
-765
-135
583
1289
1982
2364
2693
3351
4260
4968
4792
4607
4816
4825
4305
3615
3255
2659
1886
650
-171
103
-482
-2055
-3075
-2624
-2238
-2662
-3580
-3949
-3127
-2877
-2689
-2317
-2125
-2254
-1547
-264
-338
-678
-895
-547
72
550
684
402
-74
-1083
-382
436
20
-506
-1250
-1555
-1518
-1937
-2381
-1789
-2091
-2904
-2570
-1849
-1103
-900
-1126
-1067
89
947
1405
1985
1766
2143
2787
3325
3613
2959
2461
2476
2609
2242
1956
1882
1441
341
-228
279
592
514
-463
-909
-347
24
-69
-147
-79
-159
363
233
-80
478
933
660
227
216
992
1662
469
-146
262
717
1025
407
103
-84
-901
-1915
-1136
-262
-1263
-2499
-3196
-1732
-633
-991
-1407
-1516
-1195
-689
150
310
62
-663
-609
236
500
516
-223
-534
-451
9
304
-64
-678
-1237
-718
-539
-667
-1149
-1227
-414
-256
-689
-917
-141
511
552
298
224
459
325
655
1364
1805
1306
708
686
1408
1780
995
979
688
803
1019
832
632
-77
-418
-552
-180
155
159
-593
-1498
-683
701
1083
114
-164
474
1591
1982
1318
1388
837
157
14
877
891
-452
-1360
-1425
-437
-907
-1912
-1995
-1324
-1395
-2171
-2313
-2022
-1304
-1736
-2077
-1566
-1038
-983
-1194
-916
-481
-107
-742
-662
294
1201
1221
92
-242
524
1535
1144
511
424
738
887
277
223
443
-76
-694
-563
362
1021
90
-706
156
1178
1756
926
348
1392
2525
2522
1889
2002
2043
2030
1870
1849
2654
2095
825
461
821
1255
498
-241
-671
-400
-579
-1274
-1568
-1814
-1365
-1344
-1813
-2357
-2337
-1805
-1553
-1615
-1767
-1668
-1254
-941
-658
-402
-373
-394
-85
393
752
573
51
293
740
410
156
-266
-589
-514
-313
19
-286
-846
-1071
-44
461
-3
-149
-22
437
648
788
1096
1015
374
358
1340
2016
1749
778
516
1209
2074
2052
1146
1040
1214
1460
889
14
366
206
-411
-1433
-1492
-992
-1037
-1612
-2348
-2154
-2102
-1969
-1867
-1791
-1653
-1651
-1624
-1713
-893
-319
-149
-696
-1038
-261
418
635
402
248
-46
73
540
802
803
266
-431
-720
-70
502
152
-722
-1134
-785
-497
-315
-474
-712
-767
-691
-129
336
269
107
256
363
835
1545
1965
2323
1601
1220
1690
2441
2270
1183
561
559
1313
1336
618
-310
-930
-699
-554
-514
-602
-848
-1154
-1438
-862
-68
208
-447
-1032
-352
512
717
365
624
1189
1196
1076
1024
1923
2417
1730
1069
995
1421
1178
735
320
-15
-436
-821
-735
-521
-954
-1867
-2290
-1968
-1053
-1070
-1987
-2380
-1801
-657
-153
-262
-346
263
598
521
736
1082
1334
1201
1022
1321
1574
952
663
610
134
-193
-593
-992
-787
-731
-1460
-1903
-1786
-1614
-1198
-1344
-1758
-1665
-1001
-367
1
-206
-651
393
1441
1839
1628
1011
1003
1642
2086
1652
1407
1056
696
848
454
178
-228
-779
-1226
-1439
-1242
-1339
-1848
-2404
-2286
-1984
-1855
-1751
-1304
-1017
-1015
-1243
-1166
-146
669
592
424
959
1442
1622
1582
1302
1556
1815
1350
713
689
966
1103
251
-988
-896
-710
-697
-727
-1094
-1311
-1411
-1384
-1083
36
113
-539
-449
267
1416
1315
775
680
1070
1568
1764
2086
1803
1377
1032
1017
1468
1315
494
-62
-233
-393
-137
-153
-949
-1837
-2124
-1112
-382
-942
-1813
-2026
-1255
-750
-457
-330
-362
-35
87
270
994
1442
1175
703
740
1309
1758
1578
978
612
687
733
716
704
488
140
-360
-573
-479
50
63
-625
-679
-371
94
151
123
-292
-353
171
511
865
282
86
334
556
586
380
371
-101
-325
-365
-92
132
-658
-1532
-1793
-1337
-910
-821
-1409
-2120
-2114
-2025
-1319
-1005
-1301
-1535
-1492
-941
-500
-181
-585
-731
-457
-184
484
878
309
-19
214
897
1278
729
646
1137
1446
953
1076
1248
1184
1179
593
887
954
881
690
566
929
944
1133
603
1007
1402
1218
1157
763
867
542
361
279
384
179
-379
-378
-370
-418
-924
-1149
-1001
-963
-1140
-1596
-1530
-1450
-1496
-1502
-1520
-1341
-1416
-1347
-1500
-1344
-1050
-1055
-1124
-1469
-1193
-799
-450
-504
-559
-395
-259
-234
-344
491
844
692
250
239
1244
1732
1340
504
496
747
1249
1489
1396
1166
814
1266
1742
1988
1504
1105
1208
1537
1524
1287
1318
972
629
359
368
321
121
-301
-207
-25
-559
-801
-857
-379
-240
-971
-1407
-1119
-461
-719
-1225
-1404
-1115
-868
-1409
-1427
-1165
-891
-1205
-1618
-1240
-646
-340
-704
-614
-77
128
144
55
627
892
467
95
315
863
714
498
474
729
845
968
1240
1397
1399
1065
781
886
1109
1274
966
679
642
724
799
373
-64
-106
72
256
99
-308
-602
-644
-235
-13
-177
-941
-1352
-550
-232
-345
-696
-1106
-1014
-933
-960
-656
-312
-1178
-1647
-1272
-598
-103
-564
-986
-644
-14
37
242
183
-147
-69
-51
132
56
15
12
271
398
396
593
465
577
775
1125
1138
586
320
899
1287
992
441
-2
42
138
37
51
-76
-327
-588
-491
-451
-356
-314
-481
-492
-656
-453
-449
-438
-607
-854
-942
-1229
-1050
-885
-748
-984
-1049
-859
-980
-696
-549
-228
-201
-450
-516
237
876
295
-216
6
807
875
512
296
526
790
413
526
1021
1400
1036
455
644
1178
1548
963
697
1135
1368
1304
674
615
902
895
482
92
389
440
276
-48
36
340
98
86
184
518
610
360
-163
-238
128
-14
-153
-490
-569
-542
-650
-874
-1174
-930
-812
-914
-953
-1034
-859
-715
-679
-811
-892
-686
-677
-377
-78
-130
-56
-302
-94
451
654
632
234
62
94
517
824
733
524
340
344
605
989
676
64
-158
42
399
513
486
-9
-138
-284
-228
355
349
111
-47
338
751
740
201
-189
55
282
189
-20
35
-225
-500
-517
-360
-80
-452
-1049
-1038
-640
-624
-927
-1207
-1486
-1447
-1221
-1257
-1188
-963
-882
-1124
-993
-802
-533
-318
-787
-856
-934
-440
6
229
126
-160
87
34
442
678
393
-195
-434
-118
166
315
15
-220
-329
26
473
680
671
350
349
556
905
969
1144
1163
891
913
1019
1200
1070
995
1056
1282
1469
1304
1254
1335
1534
1266
1091
1103
823
719
757
767
706
421
181
484
563
397
285
-9
-270
-351
-98
-78
-405
-509
-422
-262
-362
-488
-386
-341
-631
-904
-864
-840
-824
-1043
-983
-1090
-1333
-1388
-1527
-1123
-1053
-1105
-1292
-1442
-1219
-1023
-628
-632
-881
-954
-795
-626
-278
-14
-164
-415
-398
236
718
574
139
81
465
710
704
660
503
633
797
850
882
772
815
673
527
412
411
502
153
4
101
145
255
468
726
406
227
173
250
537
463
435
312
240
110
58
-93
-233
-78
-282
-359
-505
-631
-470
-798
-1064
-1242
-1150
-819
-691
-910
-1272
-1164
-831
-232
-371
-898
-819
-509
-167
51
106
-70
-127
-256
13
706
979
738
444
600
1324
1460
792
484
468
533
431
130
99
317
201
-271
-140
124
183
58
-222
-103
200
490
357
465
637
569
636
600
1027
1441
1255
687
582
988
1086
922
473
377
224
-46
-374
-448
-118
-249
-388
-731
-637
-360
-333
-499
-995
-802
-570
-604
-633
-380
-170
-258
-275
-60
470
383
99
170
338
403
369
301
72
-16
-167
-189
-155
-382
-666
-884
-979
-1055
-1112
-1302
-1431
-1410
-1243
-1150
-1286
-1102
-826
-539
-537
-494
-92
40
66
102
275
450
596
713
415
230
45
98
325
517
454
-139
-395
-311
205
44
-450
-472
-398
-78
-283
-250
-26
106
122
132
481
815
1043
837
1036
1117
1212
1279
1356
1793
1605
1321
1147
1333
1369
948
743
566
516
212
7
34
-70
-436
-941
-895
-685
-523
-512
-659
-880
-871
-646
-323
-60
-235
-400
-251
-80
124
45
-191
-243
42
257
157
73
-288
-374
-505
-417
-158
-487
-989
-1260
-984
-679
-644
-915
-1043
-923
-955
-935
-615
-77
9
-197
-312
109
1034
1320
935
568
766
982
1100
1316
1351
1231
919
823
1070
1202
811
414
337
489
633
257
-140
-27
247
29
-429
-409
56
382
27
-470
-500
-132
107
63
12
132
176
24
-27
55
15
-126
-418
-653
-519
-258
-319
-693
-1005
-1126
-1055
-993
-1153
-1378
-1590
-1648
-1444
-1307
-1402
-1385
-1186
-954
-647
-405
-479
-634
-411
-87
234
429
329
372
333
410
738
875
946
807
592
544
760
1009
1105
1017
559
250
522
840
1060
584
18
82
337
756
794
548
222
306
588
831
1151
890
470
136
375
844
915
658
149
200
426
544
504
197
-116
-496
-443
-276
-108
-257
-841
-932
-968
-673
-614
-742
-695
-843
-860
-598
-176
-458
-675
-716
-541
-17
-35
-48
-7
-196
-341
60
467
358
305
-33
-133
87
278
309
1
-222
-452
-67
282
255
90
-373
-603
-117
408
188
-244
-543
-251
313
543
238
42
106
115
329
373
346
264
88
16
207
626
637
481
232
167
252
159
120
56
223
75
-215
-104
77
113
-148
-255
-217
28
-38
-190
-85
-142
-80
-350
-205
208
265
-35
-326
-97
-55
58
-31
-209
-205
-244
-66
7
-54
-267
-325
-321
-360
-346
-518
-437
-399
-593
-688
-607
-480
-588
-743
-654
-314
-372
-655
-844
-624
-38
-32
-279
-352
-94
-9
33
144
227
532
417
283
475
652
618
518
498
596
600
410
342
393
564
540
341
299
452
609
427
263
290
350
261
273
496
610
550
533
538
682
854
851
708
485
498
633
570
377
59
-117
-178
-155
-236
-471
-531
-649
-679
-874
-1023
-892
-724
-726
-1023
-1072
-1162
-1119
-1107
-1065
-959
-990
-861
-708
-504
-470
-232
-92
-127
161
320
315
94
61
330
511
527
158
76
250
583
543
155
66
235
397
311
302
590
820
658
495
744
1131
1168
963
1036
1426
1579
1427
1283
1330
1170
1032
760
599
643
513
365
90
154
229
198
-23
-258
-328
-625
-890
-967
-871
-879
-1190
-1433
-1300
-1011
-1047
-1137
-1048
-1050
-1102
-1060
-731
-660
-767
-937
-690
-454
-566
-719
-998
-809
-716
-649
-735
-729
-602
-728
-781
-574
-172
-151
-439
-276
22
383
298
858
1688
493
-1252
-467
1090
294
-856
221
-130
-2030
-1065
487
-41
-198
651
-627
142
1894
549
-1444
602
2512
300
-686
1896
1872
-196
474
2140
1261
258
840
1877
751
-177
547
1562
1237
-73
-341
900
270
-439
-340
1409
442
-2703
-7
2699
-1394
-1800
1681
1338
-953
-247
1840
-1519
-2097
559
-211
-548
177
-1752
-2315
-1091
219
-1165
-72
1697
-1139
-1568
515
1267
-178
100
2379
1340
-1086
-68
1246
413
-88
2133
869
-667
-201
96
-13
-684
823
498
-60
-176
-222
-143
-691
234
934
314
549
-106
-625
576
100
-192
421
893
391
-1466
564
1503
-1012
76
960
765
-1035
-356
1610
-312
-129
109
591
813
-322
126
401
17
-1202
-204
1234
-925
-879
-273
-426
-1514
39
-531
-1666
75
-467
-2094
-673
125
-709
-1522
16
253
-1554
-412
-445
-524
-35
-1402
-819
902
-1818
-806
-503
-648
-642
-1801
-89
-1509
-2235
-592
-1426
-1760
-1001
-1739
-1171
-229
238
-627
-664
419
156
566
986
1159
1138
774
297
1654
1023
1438
1632
729
1481
1010
25
1303
1216
1249
442
477
1878
-85
258
1041
1118
425
658
1204
426
617
1714
1206
438
861
1713
846
882
1350
1032
163
503
1501
172
410
590
218
-588
208
-105
-869
298
-1005
-1188
-1178
-966
-635
-1621
-280
-984
-1937
-573
-233
-267
-597
-410
-149
14
-413
393
1028
-809
-577
759
540
-439
-772
1158
199
-491
240
-737
0
59
-631
-443
685
955
-2216
-392
1892
621
-1663
227
2043
-280
-388
846
1460
488
-237
1278
364
1299
605
-651
2135
357
-754
-209
963
350
-1777
-52
-38
-2502
-870
-327
-1799
-1554
-21
-1264
-2610
-338
-510
-2107
-1416
447
-899
-1627
44
149
-1420
182
-70
-1127
-740
34
-418
-1152
-529
-195
-1071
-476
-584
-806
-220
-901
-646
-1692
280
412
-1338
-411
1120
578
-1623
-682
2962
546
-559
2203
1151
-511
296
3064
1851
349
1314
1709
843
1121
2182
621
750
1777
1068
286
1194
1341
-147
332
1979
870
-540
316
699
-279
659
860
510
611
202
-472
606
805
-31
548
536
-527
-1031
1409
97
-2123
558
240
-922
-298
241
-236
-1501
-474
-110
-1059
-310
-813
-1428
-178
-212
-902
-815
124
-578
-1454
421
-424
-1153
-336
910
-450
-1712
367
-278
-1510
145
1762
257
-1643
1222
504
-869
-87
1534
722
-1369
1520
589
-1402
921
1015
-87
561
639
-706
-240
867
-2
-1258
1158
345
-1668
-384
1527
-75
-1756
-2
1207
395
-871
63
1823
-510
-1712
2026
1781
-778
-431
1398
-401
-1346
-277
1351
-79
-538
245
-1004
-289
-642
-1854
348
1445
-2026
-2031
360
936
-2826
-1395
2925
-227
-2474
1036
1404
-290
-1611
714
466
0
1318
-268
-592
289
-295
-1265
529
1936
-373
-1282
921
-253
-1440
-636
128
-541
-191
-70
-500
-419
-144
-895
-137
724
278
-858
202
735
-673
-793
631
660
731
672
-145
382
486
-973
209
2314
662
-1734
-52
1604
-1479
-1193
319
106
478
-82
-458
-277
540
-884
-738
3033
1633
-809
260
1900
317
-976
2657
2775
-8
960
1808
186
-790
1200
2003
986
348
-394
-186
-9
-1351
-1116
1457
779
-2740
-817
1160
-1453
-2125
664
1098
-1452
204
456
-931
-56
955
42
-68
1712
609
-1406
-11
1006
-746
-1212
798
265
-1093
-2218
-907
-495
-690
-321
-410
-781
-1213
-1129
-1727
340
1529
-1206
-607
694
499
-749
329
1852
662
492
1392
1058
272
775
278
755
1427
372
224
454
624
-907
-856
1020
104
-403
-211
161
-274
-356
-514
-632
624
269
-1554
264
634
-584
-1020
-1109
528
343
-205
-755
-1186
-29
-810
-2439
119
907
-2094
-1674
-218
-1190
-1648
-396
-600
-1655
-584
-349
-1574
-846
807
-46
-1072
33
392
697
-153
-1270
1434
1282
-68
612
1083
1921
-48
-1147
2039
1908
215
-141
799
3030
345
-1392
1163
2592
128
-563
1292
2139
1037
-890
159
2314
1170
-831
113
2525
2437
-1831
-467
2531
1026
-1501
690
1807
2
-2213
-1359
1271
-465
-1004
-897
-924
-739
-1768
-2032
-161
-194
-1443
-1562
-346
674
-1318
-1893
800
318
-1993
-364
1404
200
-995
125
25
-245
-76
642
2
393
286
-1269
-569
342
-312
-626
273
379
-675
129
1165
-1247
-366
1274
537
360
1326
1868
-67
-127
1724
1314
1100
1073
1013
1256
792
-298
252
1032
-467
-163
404
539
-1326
-643
727
-1173
-927
329
-193
-674
-139
-912
-976
1048
-30
-554
835
-212
-778
-427
1577
316
-1179
156
-560
-1099
317
152
-840
-703
-522
-1683
-1809
-422
-1274
-1162
-387
-395
-1002
-1169
-679
-1082
-1065
822
357
-298
68
656
-156
-991
1509
964
384
1125
1178
198
-678
402
633
-132
839
301
-508
-498
-119
89
-972
-175
-160
-341
323
-251
-179
749
209
350
970
1251
403
80
866
1350
1016
1010
1070
400
563
708
709
438
593
290
5
-483
-216
-82
-309
-58
-317
18
-387
-460
-283
-179
-217
50
359
742
-261
-1069
471
574
148
455
843
910
-604
-574
364
849
197
-700
498
454
-835
-1136
-734
-420
-159
-292
-917
-799
-605
-957
-1661
-889
916
163
-642
-631
83
604
-562
-675
1531
2030
96
-508
929
1161
-542
291
934
1103
607
-590
-563
526
-226
-980
-330
613
-119
-1818
-746
343
-908
-1109
-37
618
-99
-647
-364
-174
-20
-211
678
535
791
-184
-977
-572
626
601
-700
746
1021
-1527
-1491
887
-283
-1360
-443
306
-727
-1923
-213
491
-957
-1148
-10
348
-37
-454
-556
800
876
-582
-421
841
660
-922
-678
1244
586
-909
-365
313
-281
-958
-175
390
439
220
27
436
582
-24
-64
1271
1129
507
937
934
323
-389
883
1110
760
174
316
1269
895
269
353
1159
1066
241
-106
1135
1160
-225
371
871
665
-90
0
829
591
78
-148
242
159
71
-317
-221
-78
-563
-161
-421
-647
-16
-370
-610
-525
-661
-1100
-713
-308
-121
21
-323
-386
-351
-580
-752
48
122
-455
-415
225
178
-1109
-1390
259
28
-824
-574
248
386
-733
-1104
59
264
-604
-724
217
356
-578
-487
-225
51
-469
-867
-530
15
472
-212
-67
177
-75
93
188
354
602
366
242
171
680
492
-459
1
374
518
144
37
285
269
229
-306
-262
311
342
-506
-209
642
-63
-930
-792
229
423
-70
-266
-212
-85
-90
-582
-23
778
-141
-622
-473
-98
25
-389
-121
326
-83
-644
-416
-72
143
98
-221
-78
-365
-420
-178
129
510
35
228
709
355
-77
46
496
587
238
774
782
424
369
158
620
514
588
899
723
915
442
203
648
493
425
534
488
523
292
287
323
-173
162
275
195
5
-219
-47
-29
-585
-265
177
232
-179
-797
-179
155
-88
-130
84
37
-400
-718
-634
-152
-145
-884
-477
-26
-565
-955
-1237
-201
-181
-579
45
-191
-571
-782
-878
-280
-122
-381
-203
178
298
-99
-123
-93
267
164
60
375
300
473
376
107
103
159
-113
-155
122
523
219
-387
-531
-397
-173
-719
-473
816
601
-30
-335
-457
-61
-35
-441
102
1103
377
-365
0
394
174
-422
-64
793
184
-68
108
83
180
-212
-425
-225
-195
-38
-2
-251
-513
-656
-576
-376
-387
-24
162
-180
-116
-25
315
37
-164
484
437
305
470
191
103
34
247
113
-112
98
74
162
7
-84
-84
-497
-220
279
251
47
-266
-168
14
-59
-113
277
632
379
-129
228
631
293
309
724
1155
791
-81
71
679
541
498
518
678
395
-432
-427
-213
67
393
-65
74
214
-525
-878
-408
141
146
250
103
-177
-284
-320
-139
239
610
603
148
126
74
-181
-136
226
571
664
147
-307
-247
-451
-414
-382
-173
16
-652
-694
-325
-746
-906
-887
-465
-459
-443
-274
-347
-406
-198
-88
10
41
9
148
-85
-136
44
-130
-323
-192
-124
-134
-307
-383
-437
100
0
-442
-433
-93
-146
-105
265
76
149
219
352
348
298
358
386
407
571
700
446
-50
24
636
231
-338
123
156
13
-260
-110
171
-308
-694
-147
103
-91
-287
-225
-10
-120
-191
-115
24
-209
-282
-166
122
202
-9
-50
-329
-465
135
181
18
-106
145
222
-166
-220
-134
77
30
-40
52
-3
63
33
91
-38
-105
165
116
212
328
145
114
158
168
4
157
483
617
503
447
311
236
234
214
626
605
472
217
128
285
-3
-60
74
321
456
60
34
272
-94
-282
-126
290
182
2
134
239
-213
-290
258
219
222
247
343
391
-126
-574
-399
141
214
-137
117
96
-274
-500
-310
-251
-234
-243
330
501
-111
-353
-304
-300
-376
-152
122
80
-194
-166
-55
-214
-777
-764
-197
-94
-118
-322
-254
-304
-581
-227
142
35
-236
-142
178
347
-336
-372
-152
-209
55
107
3
-96
-425
-383
-365
-446
-130
-126
-97
-46
-74
-389
-297
79
139
-326
-66
351
133
-138
-328
65
-70
-280
335
858
497
-161
-458
-192
-57
113
21
96
224
-393
-550
-180
-89
-261
-161
72
310
-83
-431
-387
-320
-161
24
336
422
54
-129
110
304
383
126
287
536
294
-257
6
329
-40
-54
214
465
202
-69
-148
-84
81
125
145
84
178
89
-33
22
267
186
335
362
262
448
274
124
339
555
504
442
361
499
537
436
445
420
284
360
459
322
168
63
169
362
474
389
183
477
491
-16
99
514
422
34
250
387
18
-335
-67
78
-22
-92
-254
33
208
-248
-389
50
-145
-735
-549
-346
-523
-471
-474
-347
-312
-725
-702
-470
-464
-627
-428
-187
-509
-833
-786
-595
-477
-434
-274
-81
-388
-575
-526
-106
-168
-509
-314
90
-93
-166
-103
-251
-48
-269
-260
54
217
-87
-346
-99
18
-55
-70
252
512
169
-294
-263
92
18
65
192
296
215
-45
-48
-17
14
-127
52
473
431
23
-5
141
126
11
284
281
105
20
-230
-247
-196
-277
-177
87
104
-48
-274
-283
-380
-372
-300
38
178
-34
-167
-70
28
18
131
217
294
321
328
340
432
309
183
365
433
267
279
554
500
23
-20
227
183
189
154
72
30
141
194
217
154
174
288
371
364
283
278
252
509
747
494
458
445
272
512
544
435
380
549
366
169
143
158
15
-342
-234
-91
-210
-334
-428
-467
-438
-453
-509
-110
26
-34
-92
-162
-141
-91
69
69
183
103
-70
66
27
59
98
47
-197
65
170
-274
-389
-210
-381
-484
-204
-469
-630
-587
-445
-331
-402
-354
-401
-367
-152
-222
-207
-88
-182
-131
93
4
-104
37
250
224
140
42
21
-12
-49
-25
-249
-490
-563
-414
-469
-440
-424
-414
-407
-361
-323
-427
-415
-333
-60
157
83
-89
-167
0
238
213
125
208
230
177
46
-29
-39
-122
92
317
149
-86
-149
-170
-310
-272
-193
-113
-117
-471
-103
130
-285
-365
