16
15
22
30
40
30
38
45
32
12
-8
1
-1
-40
-72
-77
-84
-99
-120
-116
-58
-53
-48
-79
-110
-113
-120
-110
-105
-100
-117
-123
-121
-133
-143
-122
-124
-125
-158
-159
-182
-217
-182
-150
-104
-102
-117
-138
-158
-176
-177
-200
-184
-173
-185
-171
-205
-213
-202
-186
-123
-101
-103
-87
-83
-98
-90
-112
-96
-86
-23
0
-36
-48
-38
-12
21
75
38
76
100
93
97
95
98
63
52
37
53
75
143
153
135
109
80
90
115
132
109
156
157
132
133
153
148
149
140
128
122
113
141
146
161
161
131
115
137
154
135
136
141
129
102
100
105
107
115
152
181
209
189
158
159
168
136
148
131
137
152
113
116
108
115
134
127
117
88
78
47
57
82
21
25
14
-14
-35
-53
-56
-45
-47
-43
-67
-83
-59
-63
-34
-36
-40
-75
-92
-119
-136
-158
-135
-101
-106
-137
-172
-194
-224
-242
-247
-224
-213
-178
-160
-169
-190
-214
-238
-245
-234
-239
-218
-143
-127
-136
-146
-175
-185
-172
-145
-130
-98
-52
-37
-65
-86
-105
-106
-89
-66
-37
-44
-7
10
-43
-33
2
-2
11
29
51
63
64
76
59
50
55
94
107
118
111
105
121
151
133
139
161
140
111
128
151
130
153
129
137
108
87
60
68
100
98
72
83
61
48
46
13
75
93
75
45
-1
9
43
40
14
22
-3
37
33
3
10
-16
-1
-24
-16
5
-8
2
-45
-68
-63
-62
-49
-73
-63
-49
-10
-13
-10
-38
-31
-47
-57
-22
-20
-8
15
34
35
51
64
70
30
-2
-43
-46
-31
5
28
15
6
-6
-48
-44
-81
-107
-77
-35
-9
16
42
12
-16
-54
-36
-13
29
67
80
96
68
40
48
33
11
4
27
57
53
58
58
8
28
50
44
8
51
77
95
108
52
6
10
14
-24
-64
-68
-37
-49
-18
-63
-89
-36
-22
26
43
33
27
9
-42
-72
-58
-57
-41
-32
-67
-89
-77
-28
-26
-28
-39
-21
-6
-29
-23
-28
-30
-15
-3
-17
-49
-39
-61
-85
-101
-85
-52
-21
13
1
5
15
42
-9
-15
-37
-42
-66
-85
-72
-91
-90
-105
-101
-118
-87
-78
-73
-46
-45
-36
-45
-9
-43
-39
-28
-22
-34
-65
-69
-77
-76
-76
-39
-9
-13
-19
-18
-51
-34
-27
-21
-14
-19
5
13
27
21
44
65
51
17
44
102
150
198
174
185
175
155
154
163
173
196
191
135
132
175
203
232
240
201
191
179
174
166
140
165
124
148
122
98
103
104
99
86
87
35
53
53
75
66
33
4
18
-7
0
24
47
55
-4
-49
-116
-123
-119
-103
-108
-122
-123
-150
-131
-156
-167
-158
-162
-147
-135
-158
-152
-158
-170
-170
-162
-136
-140
-118
-95
-121
-153
-160
-166
-129
-118
-95
-128
-99
-73
-75
-52
-60
-3
-15
-27
-51
-7
38
18
-3
-14
26
42
50
58
82
101
89
67
16
-14
-3
39
29
-9
-13
-29
-28
-12
-18
-14
-9
7
-19
-46
-82
-73
-63
-87
-96
-64
-38
-59
-46
-60
-41
4
6
-19
-39
-35
-43
-66
-58
-68
-88
-71
-38
-35
-17
-20
2
16
-8
-1
-28
-28
-32
10
14
17
37
51
76
80
101
116
122
122
150
132
127
148
154
176
153
159
192
197
180
202
203
182
152
110
94
82
122
139
124
92
69
56
112
96
115
115
64
68
50
65
47
71
89
108
61
15
-26
-61
-67
-59
7
25
33
7
-27
-64
-68
-21
-40
-68
-87
-117
-146
-88
-88
-92
-113
-154
-175
-168
-128
-91
-65
-18
-6
-46
-90
-121
-119
-89
-27
-13
38
54
32
9
-33
-78
-46
-5
15
55
21
11
-22
-46
-42
-36
-68
-86
-73
-50
-43
-24
-27
-40
-23
-1
19
29
1
24
33
1
-15
-59
-24
-15
-16
-30
0
16
32
45
22
5
-15
-18
-34
-48
-63
-70
-95
-50
-61
-86
-97
-113
-120
-104
-80
-83
-85
-114
-151
-196
-147
-119
-75
-61
-88
-108
-130
-131
-130
-100
-99
-71
-77
-58
-55
-17
-6
-12
33
49
83
73
76
127
174
221
268
256
244
225
200
184
192
204
217
192
198
193
175
177
196
186
167
175
139
165
140
142
113
97
107
97
55
47
40
44
46
22
1
5
7
-36
-17
-6
-2
-7
-25
-46
-40
-55
-106
-126
-138
-102
-119
-133
-157
-183
-193
-188
-193
-196
-185
-161
-134
-145
-161
-176
-176
-151
-154
-108
-92
-64
-35
-57
-98
-93
-79
-42
-45
-22
-31
-44
-21
4
-1
-31
5
32
63
69
97
134
142
119
105
104
63
58
88
140
138
145
149
155
189
189
177
148
141
126
148
195
166
137
131
129
84
45
27
25
-1
10
9
25
0
-4
-18
-39
-23
-31
-58
-71
-74
-73
-79
-68
-59
-34
-32
-13
-40
-63
-58
-77
-71
-51
-18
-40
-40
-58
-55
-44
-82
-104
-77
-83
-73
-91
-98
-125
-154
-112
-94
-40
-30
-35
-39
-48
-85
-121
-105
-93
-70
-64
-66
-74
-43
-11
12
-7
-17
-11
4
33
1
-13
-14
-38
-53
-69
-115
-99
-74
-54
-55
-66
-66
-57
-28
-44
-48
-54
-43
-36
-36
-60
-66
-50
-52
-71
-68
-62
-63
-34
-31
7
19
26
-16
-17
-27
-14
9
3
28
27
26
32
49
52
67
107
124
136
147
141
130
130
135
150
144
201
214
217
211
218
237
247
215
201
222
240
229
237
242
233
228
198
217
210
190
215
183
180
201
192
156
159
160
172
203
164
123
101
86
105
98
62
51
33
28
12
-24
-72
-91
-77
-82
-96
-99
-77
-79
-114
-173
-173
-162
-197
-157
-147
-156
-143
-173
-223
-275
-270
-231
-209
-184
-201
-254
-303
-320
-312
-329
-314
-268
-263
-267
-262
-302
-278
-285
-266
-214
-253
-274
-243
-245
-215
-182
-161
-131
-114
-108
-112
-136
-114
-92
-92
-48
-19
-26
-26
-30
-19
-5
36
84
108
73
69
90
151
206
220
253
199
160
140
117
134
174
167
189
171
147
151
113
96
120
132
121
136
109
111
146
133
111
48
28
64
91
87
34
-25
-87
-94
-94
-138
-129
-68
-48
34
61
60
52
63
37
36
60
92
63
54
24
36
79
43
61
15
79
99
90
94
119
125
167
175
138
81
132
134
97
165
42
36
41
-4
13
42
37
47
-4
59
100
102
93
86
72
51
75
32
21
103
83
79
157
131
125
28
-60
0
-10
-17
36
-54
-107
-115
-192
-144
-183
-234
-194
-123
-83
-125
-141
-141
-128
-166
-196
-186
-108
-208
-149
-194
-180
-119
-153
-117
-113
-49
-80
-101
-154
-183
-210
-38
-15
63
61
-18
-104
-134
-144
-135
-12
-212
5
24
-115
-36
-13
-36
64
-37
-49
-22
-49
53
-17
157
181
186
60
190
146
-22
103
34
-27
78
13
-15
49
-45
-14
-64
178
61
129
199
110
149
-23
106
159
-53
229
74
-25
89
-19
32
131
100
-117
41
56
4
152
46
43
47
-109
-62
-18
-217
142
109
-112
174
-122
-26
70
138
45
204
230
-49
148
35
53
-107
41
-60
146
7
130
31
-111
164
-113
-126
-52
-65
-366
-66
-202
-82
69
-88
-34
-61
-229
29
-107
64
59
5
-83
-69
-125
-100
70
-45
-60
121
-181
104
-85
-160
159
-291
-24
132
-127
89
18
-154
101
-241
57
46
-29
-85
-46
154
-119
-12
46
22
161
-44
21
254
-94
193
330
-30
203
-102
-114
246
-132
126
130
80
-183
138
21
-3
261
-103
194
199
-57
379
121
-173
471
-72
157
206
64
198
186
-6
24
187
-80
60
-74
29
-97
35
-209
-3
-141
-233
-225
-31
-223
61
168
-401
124
-253
-209
49
-257
-170
-299
-339
-103
-296
21
-218
-199
-183
-93
-323
-185
-238
-315
-286
-152
-273
-45
9
-117
219
-344
63
-266
-9
70
-42
-84
-103
-159
-27
6
-11
185
-140
225
-44
108
-57
143
-153
-61
230
108
94
154
16
133
128
52
77
250
116
276
402
-19
441
31
156
402
238
288
393
41
372
358
294
234
-24
289
-41
235
89
116
83
90
38
33
39
-129
198
-13
289
-50
312
-195
211
-8
123
-58
215
-167
99
128
-324
222
-430
-73
-86
-213
-92
-7
-307
165
-165
-79
-131
-71
-4
32
2
14
-21
-268
89
-200
-234
25
-124
-159
160
-61
-49
106
-155
17
40
166
76
-34
211
-91
62
-183
186
-181
40
-115
24
-244
-85
195
-210
224
-145
-497
-165
-206
-341
8
-395
-183
32
-363
-196
-256
4
182
-46
-149
-91
-230
-132
6
-316
18
-89
-239
-14
-9
9
-30
96
-213
-116
-73
-106
-316
39
-340
-499
142
-519
89
-161
-29
-53
-13
71
109
262
-44
217
330
-254
407
187
-21
671
-83
244
471
-42
448
-11
10
286
165
415
204
60
117
466
282
264
423
-53
75
-115
104
-82
17
-49
-275
176
-98
-109
41
-35
-95
109
91
-100
-63
-262
-247
-234
-289
-125
-98
-470
-335
-292
-481
143
-291
-188
-26
4
-79
-172
157
-180
328
67
190
115
367
760
309
297
175
551
324
566
190
16
623
486
536
634
317
535
409
309
600
215
79
669
-28
363
-65
-11
2
-278
231
-291
10
42
-180
-420
60
-409
-228
74
-380
-252
-177
-765
41
-579
-495
83
-854
-76
-138
-544
-79
-384
-599
-183
-481
184
-307
-18
-415
-653
228
-434
269
-111
-108
-59
43
-236
339
122
98
156
-370
-62
-449
126
-129
-154
-487
39
-406
34
-102
-249
4
-62
-178
-42
-323
-156
-6
-189
58
-603
-325
-88
-176
-321
38
-643
-247
-182
-560
-68
-184
-172
6
-441
159
236
-107
352
65
68
392
189
183
638
23
680
127
598
781
340
724
683
443
492
818
503
731
747
898
561
883
689
266
1056
678
498
419
387
311
247
286
242
170
115
275
63
111
-89
-218
-181
-200
2
-258
-221
-388
-561
-639
-352
-343
-1098
-124
-448
-1051
-147
-830
-994
-79
-1019
-48
-587
-674
-341
-905
-807
10
-703
-393
-323
-923
-158
-415
19
-502
127
-48
-156
54
-172
-230
-86
-181
186
61
-390
143
-637
-74
359
-66
191
-50
72
-330
160
222
-209
241
269
-534
131
-208
-71
239
7
332
354
13
543
295
167
727
15
125
476
471
143
444
133
397
313
776
486
486
617
637
386
601
930
272
438
981
-356
1103
351
116
927
19
476
278
-57
809
32
-191
46
-220
350
-93
199
-614
-205
-158
-350
-474
-504
-702
-867
-323
-483
-892
-117
-967
-322
-967
-984
-28
-1291
-126
-592
-1032
-99
-950
-385
-142
-739
237
-878
26
-226
-592
473
-537
166
-192
-61
140
-413
24
-61
-128
346
-689
152
-357
-291
324
-585
599
-189
158
126
184
496
440
890
154
-107
917
-355
516
808
-509
1012
-429
-346
627
-438
137
-71
-210
-209
322
-100
53
602
-222
83
321
187
418
396
-301
421
-310
416
305
30
406
273
599
590
-122
781
687
482
895
-89
553
125
830
1065
285
537
508
157
1220
84
427
589
213
1103
601
626
204
492
266
580
223
-450
160
-219
-457
-435
-612
-764
150
-681
-218
-860
-634
-709
-804
-445
-489
-1083
-758
-920
-721
-394
-949
-480
-865
-87
-807
-486
-1066
149
-1148
-237
-614
-395
-276
-981
71
-841
-547
472
-477
-116
289
-1039
-326
89
-413
-290
8
-358
-177
76
-421
-207
257
-251
392
-255
20
702
-552
205
276
-324
562
114
291
206
29
139
358
475
659
-72
501
279
513
560
-200
858
82
747
116
396
345
862
752
285
440
1132
-276
1034
374
223
457
314
355
570
659
285
785
-278
636
423
714
574
375
-603
605
-352
580
-393
376
-306
-229
-39
-282
-226
354
-243
-239
-344
-479
244
-1395
1096
-1265
-9
-216
-152
-334
-219
-520
-187
-936
-300
-624
-556
11
-700
-12
-1191
618
-1028
493
-489
-210
-287
-600
38
69
105
-82
-846
619
-410
143
894
-1013
783
-970
144
456
-631
608
-280
-411
767
-558
830
-293
350
224
-213
439
-673
351
-274
103
262
517
-360
349
-113
-74
484
543
-592
1117
-1001
464
380
-307
539
-161
150
-128
658
-403
-31
325
87
68
616
-708
622
-309
816
-227
265
404
-442
728
222
-344
618
-524
274
110
-464
488
136
-33
-371
712
-956
329
403
-185
226
-212
-530
-27
-217
339
-544
-193
-64
-593
209
-581
-246
353
-655
377
-407
-411
95
-729
-19
-709
307
-388
-480
314
-252
-198
568
-609
236
-370
555
-562
457
-358
-237
326
17
205
353
-364
302
176
-426
961
-409
439
79
-42
101
32
-151
825
-302
109
-65
344
-402
719
-554
73
272
-170
289
-93
468
-151
259
-67
181
257
600
36
657
-993
909
-431
220
650
-733
322
-130
-471
491
-65
2
241
-983
537
-474
-8
203
135
-647
74
49
-225
-99
-88
-76
-219
348
-188
-162
323
-421
202
-215
189
71
-521
501
-378
292
189
-483
26
-390
-315
506
-839
359
-302
-319
-92
80
-312
-277
114
-158
-428
396
-556
24
392
-572
187
-406
291
-344
312
-672
255
-527
568
-778
775
-597
845
-315
-332
704
-277
779
-274
282
-147
769
-612
1498
-441
559
165
221
130
236
146
535
155
415
-457
622
559
-827
1461
-665
1070
-490
242
286
180
463
335
-262
922
-129
154
121
-671
1180
-795
816
-903
-57
464
-291
-35
-379
-699
56
-264
216
-172
-469
14
-308
-424
-567
-240
-449
79
-193
-565
-801
245
-736
661
-784
-337
-317
-293
-114
-10
-911
25
-79
-353
591
-1001
745
-544
156
-324
-404
172
720
-1005
532
-531
-508
601
-509
704
-336
45
-228
44
-102
-5
564
474
218
-59
-481
183
128
-95
1100
-514
42
246
-802
842
64
379
766
22
488
414
-142
923
-198
77
329
497
712
382
34
-6
323
732
399
117
1070
-368
211
175
-65
641
289
442
-245
377
-399
503
117
348
374
-35
66
149
-243
-315
245
-95
118
-87
-185
-170
-114
-88
329
-517
248
41
-518
297
-857
35
110
-1206
557
-868
235
-22
-596
337
-168
-297
238
-876
119
-383
-133
-523
-605
62
-545
55
-498
178
-466
-138
-338
-826
-389
-19
-601
312
-1339
696
-1271
121
10
-1103
1039
-830
-201
290
-1160
-99
-430
-330
1015
-1208
125
-501
29
-451
110
134
-314
267
187
-259
86
427
-645
838
171
-345
976
-248
350
810
-320
973
-53
365
1164
-264
659
451
-456
1287
-614
1136
447
-201
1056
-172
-129
1032
-227
857
255
-53
1342
-807
803
51
-98
823
-67
-350
786
-683
746
-156
203
354
-268
367
-21
58
-461
-272
-40
335
-179
105
-452
462
-420
-219
92
-351
-203
114
-332
-553
-91
-682
-294
457
-577
-182
279
-916
518
-655
-443
460
-667
340
-590
267
-118
-148
290
-582
287
619
-151
58
-593
57
-364
-469
663
-256
234
-56
-374
-61
-4
536
148
-457
-395
537
-54
-447
381
-536
451
143
-725
258
-429
335
426
-649
595
-205
167
870
-631
225
85
241
48
133
194
-165
173
34
434
319
-158
207
160
-9
209
-336
-357
15
549
93
-213
107
-455
235
-32
-113
53
-311
326
70
-37
-589
474
-14
-580
1034
-1533
340
677
-750
1339
-1186
-410
1078
-1048
823
-372
-273
832
-1148
1389
-1578
47
883
-943
1389
-675
-371
-282
-386
88
-174
-333
78
-378
-119
-660
307
-1365
789
-29
-1436
994
-1421
256
6
-1377
595
-503
-738
1018
-1065
580
-830
125
467
257
-6
-466
522
-598
-28
-21
89
788
790
-382
1098
-1220
1472
-327
763
261
429
-131
298
26
-185
1075
56
535
-254
711
-436
444
212
931
-549
1390
294
126
681
941
-202
750
-320
668
487
26
24
530
223
666
948
-1104
1089
-214
436
-178
644
-444
606
-508
-152
-242
575
-46
415
-635
-83
-121
-1049
254
-357
-581
-75
123
-1015
-257
-1169
447
-616
-701
-202
-228
-405
-667
-489
-467
-731
173
-922
414
-738
-827
537
-812
-34
90
-991
134
-820
-193
-36
-516
218
-289
458
-282
-337
-46
-409
22
-285
-583
471
-933
432
-106
-264
433
-215
-50
135
-419
-299
170
-167
112
418
-228
369
643
-311
802
-85
640
-179
633
19
27
549
-149
952
144
-171
851
-220
340
986
-265
1021
528
238
574
471
-126
537
494
72
594
234
-477
581
-39
420
351
-350
361
103
-85
-25
-238
307
-157
19
-79
-419
344
-731
179
-30
-835
-22
-127
-377
432
-625
-812
-324
-1072
96
-428
-404
-415
-395
-171
-107
-254
-413
190
-63
-96
-349
-292
-123
480
-82
579
358
533
748
653
767
464
832
974
734
672
936
601
672
606
690
298
373
239
175
-59
-202
-206
-497
-128
-630
-770
-801
-1088
-998
-1508
-1237
-1619
-1946
-1631
-1593
-1905
-1936
-1861
-2079
-1805
-964
-1474
-362
-1007
-58
208
665
2487
2664
3997
3627
4077
4039
4087
4803
4424
4261
4147
3214
3131
2146
1920
1435
610
529
-131
-781
-1643
-2642
-3169
-3481
-3231
-3395
-3696
-3490
-4008
-3390
-4243
-3751
-3492
-3622
-2849
-3168
-3174
-3316
-3668
-3467
-3238
-2731
-2100
-2004
-1711
-1779
-1399
-1251
798
2147
3579
4470
4528
5039
5855
6408
7033
6825
6550
6117
5288
4678
3368
3103
2473
1758
1050
303
-1294
-2476
-3530
-4124
-4225
-3707
-4129
-4214
-4515
-4555
-3997
-4317
-3153
-2708
-2217
-1460
-1743
-2239
-2818
-2537
-2231
-2276
-2355
-2298
-2649
-2731
-2754
-2657
-2568
-1755
-1159
-229
2863
3903
5634
6020
6117
8582
9138
10311
10062
9072
8723
6958
5969
4321
2746
2828
1067
311
-1175
-3173
-4789
-6466
-6692
-7154
-5866
-5152
-5363
-5196
-5104
-4566
-3449
-3329
-1541
-1143
-159
-267
-1801
-2836
-3994
-3726
-3940
-3794
-4241
-4313
-4886
-5029
-5362
-4768
-4209
-3023
-1768
1999
4350
6295
7724
6646
9557
11222
12465
12903
10619
9992
7279
5181
2949
-10
-184
-1652
-2906
-4656
-6797
-8395
-10329
-10592
-9713
-7294
-4847
-4402
-2916
-3585
-2356
-561
151
2208
2941
3913
3410
861
-1588
-4120
-4765
-4346
-4531
-4696
-5358
-5782
-6534
-6468
-5564
-4086
-2027
-669
1445
6567
8150
11306
11092
10212
14760
14833
15583
13189
9749
7768
2965
692
-3060
-5443
-4809
-7102
-8468
-9996
-11509
-11848
-12812
-11362
-8126
-3747
-347
755
881
1384
3380
4557
5328
6390
6662
5844
2677
-2477
-6760
-8748
-8894
-8349
-7975
-7354
-7412
-7903
-7740
-6487
-4086
-953
503
1934
2951
5357
11578
11661
14781
13317
12361
17379
13735
13126
7646
3205
975
-5045
-6450
-10131
-10974
-8731
-11887
-12390
-12822
-11690
-9276
-8563
-5427
-2153
3962
6648
7486
7301
6371
7554
6692
5719
5265
3499
520
-4464
-10313
-14216
-15020
-13396
-11150
-8725
-6847
-5207
-5098
-3669
-1350
1128
4324
5347
5854
7013
6257
11038
15577
14449
17527
12384
13346
15435
8935
7139
-750
-3680
-6438
-11555
-10748
-13984
-10847
-8551
-11683
-9613
-9188
-5601
-2698
-1588
1845
4273
8654
8879
6920
6764
5111
5764
4027
1697
-167
-3567
-6579
-10991
-14980
-15091
-13627
-10601
-7492
-4307
-822
457
1877
3288
5441
7649
8318
6293
4494
2850
3118
1101
5337
11158
10473
13644
7044
6006
10364
4041
4008
-2192
-4990
-4863
-10035
-8334
-11464
-7411
-2622
-5711
-4469
-5747
-5097
-2350
-2923
-1089
431
4977
5578
2996
1670
-652
1772
2292
1983
1225
-1245
-2471
-6267
-10332
-10367
-7947
-3860
-1350
-301
1369
1621
2026
2659
3029
5295
6485
3839
471
-2965
-4862
-4197
-4625
943
9550
10479
13890
8411
7415
13939
9389
10082
4762
1551
1127
-5217
-5836
-10240
-8448
-3502
-7405
-7861
-9972
-9747
-6733
-6805
-4298
-730
4466
6956
4829
2707
1425
3123
4350
3862
4568
2199
999
-4315
-9140
-9205
-7713
-4160
-2568
-2027
-198
-570
-1220
346
1797
5436
6069
2601
-1421
-6504
-8689
-8735
-8541
-5648
4308
9314
9782
10667
3541
11560
13415
9319
9438
2188
2812
-3317
-8062
-9097
-12336
-4396
-4230
-8308
-7166
-9489
-5981
-4822
-3969
1231
6310
11176
9612
5505
3450
3142
5003
5144
5840
5391
3047
-1087
-8184
-10203
-9015
-5100
-445
-794
1266
1060
-892
-590
-1436
1736
4397
3180
-794
-6664
-11254
-13806
-12857
-10419
-5949
7815
11794
12384
11595
5039
13943
14518
11762
10540
4145
3706
-4956
-9768
-12240
-13426
-3886
-4290
-6643
-5826
-8012
-4434
-4058
-2374
3982
9544
14346
11395
7082
4938
3472
3766
3411
2970
2370
-197
-5391
-10945
-11749
-10475
-5999
-2569
-787
1406
1820
-53
-1414
-742
221
1377
-920
-5734
-9763
-12617
-13058
-10958
-8694
-3501
8959
11158
11545
11050
6676
17247
15788
11731
9431
2612
1974
-6280
-9939
-11454
-11164
-1757
-5623
-8259
-7518
-8565
-2888
-2093
1578
8402
13655
16099
10711
6168
4516
3419
3738
2340
2463
-190
-3824
-9942
-15471
-13510
-9686
-4719
-825
188
1440
1212
-1439
-2814
-597
1416
2417
-416
-4736
-8356
-11679
-12047
-10497
-6563
-762
12048
14745
14370
13330
8504
17357
16738
11007
8369
2217
-750
-8408
-12938
-14300
-13094
-4144
-6027
-8634
-5934
-6267
-605
1522
4379
11499
15444
17444
11359
5520
3285
116
-937
-2555
-3368
-5025
-8828
-14270
-18138
-15999
-10056
-4050
13
3239
4223
3434
687
-1606
773
2591
3601
559
-4943
-8370
-12490
-13212
-10680
-6453
843
14443
16494
15048
13907
8355
17872
17863
10361
8537
1402
-2452
-10692
-15798
-16085
-14597
-4159
-6104
-7751
-3956
-4191
1742
3833
7320
14539
17469
18382
10736
3983
1024
-2800
-5049
-6913
-7935
-8311
-11656
-16267
-17075
-13957
-5512
610
5584
8607
9230
8838
4586
3040
3771
3976
3417
-1880
-6165
-9714
-12335
-12565
-10810
-6893
-1238
13208
16018
14174
13734
7772
17804
18133
7826
5817
-1308
-5022
-12275
-18675
-18123
-15760
-4762
-5614
-7703
-1700
-1457
4999
6650
8912
15910
17994
17863
8741
734
-2627
-7799
-10236
-12420
-12217
-10612
-12680
-15368
-16014
-10751
-1498
5972
11040
13403
13723
11279
4700
952
529
632
-16
-4611
-8936
-11111
-14419
-15310
-13589
-8527
-1426
13849
18708
14532
15895
8793
17159
19731
7522
5659
-256
-4764
-12643
-18977
-19119
-16526
-4685
-4584
-4843
1337
2094
7244
7909
9828
16341
18219
18215
8395
-22
-3254
-9844
-12162
-14275
-12300
-9248
-9672
-9524
-10441
-5083
2371
8675
15215
15888
14539
9997
1901
-2688
-5000
-5606
-5562
-8036
-10050
-10776
-13258
-13553
-11473
-6482
-406
14273
23121
18336
18276
10239
14530
20623
7188
2861
-1891
-7115
-13856
-21648
-21991
-19882
-6347
-2081
-3276
3574
4676
8995
9999
9323
14820
16604
17400
7646
-3507
-7089
-14274
-16738
-17872
-15263
-9614
-8057
-6273
-7284
-2861
4563
10294
16064
16086
14845
9544
59
-5443
-8267
-8962
-6722
-7848
-7950
-7281
-9264
-9693
-9496
-6082
-609
4142
19195
22574
15646
14181
5266
12440
15524
1529
-2348
-5915
-10670
-17284
-22703
-21645
-14734
-114
3296
2972
8506
8695
10850
9445
8361
13235
15073
13155
828
-9290
-12900
-18939
-18523
-16501
-10240
-2582
-16
1645
-766
3684
10430
13724
17950
15888
12522
5573
-5117
-10172
-11856
-10005
-8032
-8463
-7308
-6688
-6414
-7456
-7213
-3829
1011
5275
15280
23318
15206
13224
6064
5555
16938
3047
-5501
-6969
-13468
-16625
-22202
-20214
-13913
-278
8676
4578
8522
9720
9657
10606
7825
11917
13152
10728
533
-12179
-15236
-18595
-16823
-12879
-7935
172
2981
3129
127
1316
7956
12656
16644
14555
8145
1729
-8352
-15313
-15086
-12687
-7647
-5782
-5977
-5123
-5174
-5236
-5765
-4934
-446
4758
9790
21588
17986
9641
8046
1699
11643
10860
-3902
-5887
-10115
-15180
-19519
-21190
-14675
-3668
9387
10782
9378
12929
10658
10407
8969
9545
13353
11139
4813
-8685
-15431
-16554
-18036
-13675
-8803
-370
3461
3926
2919
0
5234
9407
11974
13711
10115
3806
-4858
-13217
-15301
-12897
-9076
-6785
-6551
-4555
-3880
-3906
-5287
-4319
-2503
-111
3331
9984
21159
14782
8440
4310
1811
15214
7455
-7196
-7728
-10997
-13967
-18013
-18469
-10925
2683
14289
12224
11456
14439
12372
10255
6091
6235
8512
5701
-3584
-15236
-18304
-18272
-18082
-14182
-8217
847
5165
6304
4518
3929
8889
10195
13345
14019
9266
3289
-5459
-12293
-14763
-12820
-10597
-8994
-6028
-4566
-3300
-2287
-3517
-3989
-3655
603
3364
10274
21910
13287
9319
5383
2216
15492
6188
-5417
-5124
-7789
-10877
-16885
-15835
-8590
4347
14666
11194
11768
11603
7863
5052
970
2992
5265
3395
-5061
-14116
-16166
-16644
-15127
-10240
-2196
6316
8965
9004
5910
4270
7096
9318
11651
10916
5557
-2155
-11551
-17990
-19139
-15794
-10780
-7082
-3863
-774
721
110
-1894
-2085
-1808
1782
5699
12250
21791
11198
5765
2154
1976
15900
4439
-5450
-4064
-9115
-13367
-19339
-16564
-6990
6794
16755
11424
11012
9491
3854
1692
-758
4447
7720
5116
-2373
-13140
-16117
-16290
-13788
-7283
402
8044
9071
6320
1972
232
3612
7365
10132
9523
4015
-4021
-13093
-18581
-17148
-11907
-6732
-1492
2048
4561
3483
442
-965
-2651
-2454
1316
2711
11216
20189
6295
3382
607
2607
18853
4482
-5572
-3148
-8021
-12678
-19099
-14478
-3084
11856
18326
10786
10244
7796
2534
584
-385
5119
10047
5583
-6366
-16404
-16892
-15827
-14799
-8321
198
6973
8128
3818
279
1427
5596
7398
10164
10655
4166
-3871
-12706
-17596
-14332
-8787
-5867
-799
2671
2617
472
-2457
-4074
-5730
-6544
-2943
-916
7409
18609
7537
5381
4829
5766
21044
7343
-4118
-1061
-6269
-11429
-17527
-13870
-3140
9066
14734
7376
7049
6293
1855
1288
77
6091
8744
2674
-6659
-14954
-14813
-14655
-13271
-7162
232
7827
7979
5359
3268
3472
6611
8730
12157
10645
3557
-3953
-12339
-15864
-12499
-10267
-6733
-2027
-710
-442
-1817
-2400
-3956
-4125
-5204
-2517
3311
10338
21204
10738
7115
8125
6906
20161
7096
-5235
-2345
-8853
-14711
-19626
-15022
-3256
7251
13541
7103
7427
8264
2695
2946
2049
7562
9842
2828
-6197
-15257
-14641
-15019
-15726
-8605
-917
6706
5766
2303
2475
2991
6895
7725
9654
10964
3344
-5248
-12918
-15853
-12770
-10631
-8430
-4872
-1532
-839
-1241
-547
-531
-1660
-4051
-2163
2850
6326
19777
14137
5197
9340
3133
15486
10730
-7857
-3701
-6835
-11755
-15682
-15433
-4590
5304
14031
11018
8515
11544
5052
3255
1711
3627
7643
946
-6325
-15437
-16937
-15939
-17607
-9994
-2351
5638
7632
5627
6701
5293
7614
8551
9980
12104
5714
-2654
-9602
-14372
-14787
-13606
-11536
-6279
-2719
-982
975
2014
2216
-229
-2772
-1973
2901
5173
16569
18815
6438
9279
2163
6704
12766
-5404
-4354
-2413
-8401
-11672
-15274
-7616
1404
11763
12618
7735
12119
5655
1656
634
-515
3971
1176
-4892
-12720
-15366
-14326
-15793
-11531
-3690
4533
7909
6972
6345
5190
5861
6561
8506
10866
7482
-829
-9856
-15859
-18419
-16291
-12321
-7622
-887
1506
3503
4560
3265
1351
-1407
-1108
3177
4079
11966
18165
3786
3809
664
782
15314
1918
-3898
142
-6518
-10438
-15599
-9658
1605
11830
15724
8383
9392
4494
-1858
-1957
-3491
1692
3019
-2184
-10407
-15652
-14842
-14411
-11189
-3420
5516
10166
9646
7158
5027
5231
6411
8455
10870
8468
-981
-10329
-16256
-19417
-16562
-12098
-6653
924
3171
4351
5952
4151
3231
1343
-1472
168
1090
3307
14092
5738
518
5370
910
16336
11458
-3835
1714
-3160
-7541
-12325
-11817
57
8038
12257
6057
3758
3691
-3552
-3838
-3907
-572
3899
-908
-8141
-12637
-11384
-10019
-10247
-4356
3263
7642
6996
4755
3807
2867
4962
6863
7635
6426
-1142
-10469
-15580
-16987
-15260
-10023
-4786
1857
4755
4856
6894
4707
3463
621
-2840
-2178
-2901
1697
12909
7567
3734
7043
4212
17715
14443
-1306
2054
-537
-6805
-11876
-12050
-3284
6237
10213
4510
2566
1691
-3630
-3550
-3093
-475
5157
3860
-4223
-8837
-8112
-8654
-8959
-5605
697
6205
6143
4145
2125
1723
3886
3768
5973
6031
187
-6092
-10911
-13579
-13044
-9566
-5430
-172
3409
3760
5708
4592
2136
-2228
-7192
-5812
-5067
-1043
13791
11122
6314
9353
3261
16221
16206
143
2159
982
-5413
-12645
-14989
-8065
720
7648
2209
500
2965
-3318
-3247
-2930
538
8873
8324
1793
-4932
-5755
-7588
-12018
-9427
-4148
1767
3227
1302
555
-625
1064
1525
5224
8719
4446
-1098
-6833
-10771
-11748
-10718
-8011
-1860
2472
3554
5225
4018
724
-3081
-6797
-6226
-2664
720
14090
15523
7465
10526
3996
13508
18153
1444
1400
1252
-6081
-12874
-16408
-11573
-1129
6065
2948
2791
5096
654
454
478
3219
10102
10101
3507
-4991
-7839
-10862
-15497
-14426
-9364
-2393
1212
423
-432
-1166
936
3739
7921
12265
8599
2456
-2631
-9246
-11479
-11646
-10086
-2694
1136
773
2010
1739
-888
-3230
-6130
-4693
999
4124
17462
15566
7475
11426
4536
15305
16504
-826
-300
-2759
-11067
-15906
-17779
-10090
1713
8222
4570
5076
7074
1523
1708
2189
4693
9997
6946
-1214
-9065
-12551
-15077
-19214
-16127
-9771
-2486
1486
23
178
2357
4861
7944
12208
15132
11763
3575
-4065
-10557
-12357
-11275
-9509
-4426
-1309
-1229
22
443
-202
84
-2163
-1179
3655
3070
14682
18004
7887
12052
6062
11798
18462
-382
-4851
-3929
-11183
-15028
-16876
-11327
958
8239
4691
3198
5521
2789
2951
2904
3478
7926
5547
-1725
-10508
-15170
-14782
-16841
-14586
-8796
-1680
3024
1924
2236
3903
7106
10651
14457
16105
12240
4069
-4261
-10506
-13068
-12918
-11203
-6329
-4193
-3410
-2038
-276
460
255
-20
541
5237
4725
15686
17585
7287
11602
4476
11466
15774
-4557
-7076
-7352
-15218
-16231
-17299
-10985
2540
8144
3436
3339
6656
3603
4161
3777
3868
7341
3462
-4309
-11941
-15146
-13129
-14695
-12804
-6988
-1395
2317
1283
2114
5457
9442
12468
15548
16253
11806
3636
-3657
-9819
-12271
-11124
-10223
-6915
-5405
-5035
-2855
-889
183
2454
1676
1736
5954
4946
16908
16000
6389
10191
3480
12551
12473
-7302
-7144
-8641
-15999
-14990
-16231
-8637
4546
7449
3987
5377
7096
4502
5999
3645
3178
6972
2102
-4465
-9256
-14077
-12033
-12875
-11416
-6971
-2876
1228
1686
4560
6697
9544
12588
15449
14852
10741
4398
-2474
-8148
-11411
-12724
-13155
-10899
-10133
-8635
-5329
-2454
393
1540
57
368
4511
4472
16418
17945
8388
10997
3694
10498
12728
-5676
-5438
-5977
-14292
-13298
-16908
-11307
1736
5549
3249
5420
8360
4789
5811
3192
2403
7665
5177
-687
-4759
-9238
-9554
-11121
-12140
-8788
-3218
1120
1766
3331
4615
5794
8087
11979
12073
10545
6563
676
-4918
-11049
-13819
-13766
-11750
-9994
-7332
-4444
-1602
24
-1360
-2344
423
3457
7439
19874
16101
11421
10245
3171
13187
10288
-4519
-1690
-5359
-14134
-13887
-18592
-11963
705
2653
2352
6017
5465
3343
4900
1652
4337
9451
7192
3916
-74
-6388
-8043
-10423
-10614
-6825
-4041
-2052
-1716
-1592
-1487
-1206
1920
9125
11500
11225
8765
3727
-1341
-7194
-10146
-9619
-7368
-6285
-5643
-4973
-4919
-5612
-6058
-7008
-2080
2270
8367
18214
12923
11969
8508
6569
17609
11260
2247
4634
-2967
-9903
-11486
-16775
-9320
411
-537
-168
1153
-2146
-1987
-44
-2094
2410
8710
7045
6801
3044
-2985
-2784
-3690
-3646
-2260
-2140
-1693
-2755
-5476
-6841
-7191
-2807
4226
6248
6177
6676
3712
1011
-2598
-5526
-2686
-1669
-1843
-2351
-4041
-4583
-6267
-7903
-7143
-4911
1509
8852
8680
8567
6863
5498
11423
13520
7624
7500
6482
1383
-1312
-6008
-5643
-256
893
-758
-1004
-5958
-7874
-7943
-11075
-9408
-4722
-1376
1357
2096
16
751
2204
3934
6796
7115
6364
6933
3642
-564
-3056
-4455
-3817
-1091
-1433
-3322
-1918
-4365
-5188
-6637
-7806
-4073
-2614
-429
1346
1178
1693
458
-1678
-2066
-930
4792
7486
6340
5387
1503
2269
4807
4697
2425
3459
2606
1163
-141
-3103
270
3746
4489
4345
3558
-1564
-3299
-4458
-9767
-8669
-6744
-5355
-2593
-2888
-4389
-3854
-2306
273
3907
5008
6246
8419
6806
4739
3138
1559
1300
1211
52
-1128
-1786
-3362
-4982
-7405
-9009
-7058
-4683
-1915
634
1501
2431
1390
-448
-1189
-1172
1833
5220
5284
4070
706
-792
2409
3817
1597
2273
2801
2635
1637
-6
1771
4796
6357
5743
5366
1591
-549
-2007
-6775
-8695
-8527
-7695
-5467
-5515
-7833
-6550
-4951
-2543
1041
2230
4203
7252
7522
6434
5626
4259
2863
3158
2535
585
-11
-1965
-4512
-6643
-9153
-8740
-6280
-3369
-517
-133
1279
948
-1995
-3144
-3377
-2002
720
3407
2289
1368
859
-390
3948
5259
3506
5676
6103
3811
4206
3616
4514
7318
6646
6020
3767
2090
-1129
-5161
-7798
-9440
-8361
-7573
-6857
-7569
-7176
-5872
-3298
-318
1857
5263
6110
7594
6981
5783
5002
3039
3317
3639
1196
-1468
-2483
-4240
-5540
-8134
-7748
-5159
-2688
-655
-83
1874
1929
-735
-2122
-2108
-1325
-972
-893
317
62
146
-259
183
3224
5103
4947
4514
3303
3401
4151
3838
4899
6442
7687
4940
3305
1160
-3697
-5098
-6699
-8781
-8076
-8420
-7750
-6112
-7243
-4956
-1150
822
3491
4241
4627
5184
4745
3821
2268
2388
3412
2119
-451
-2311
-3434
-3824
-5937
-6052
-3446
-482
775
1525
2870
2604
801
-597
-1209
-1090
-611
-1825
-4073
-3818
-1863
-2225
-38
503
869
4846
4897
2180
2912
3574
4318
6596
6642
7460
8165
6771
3930
835
-1934
-3368
-4814
-6807
-8561
-8620
-7735
-7607
-5936
-3805
-1177
1830
1791
3091
4300
3605
4303
3285
3375
4599
2658
371
-311
-2238
-2974
-4696
-5350
-2850
-1123
-97
979
1506
1513
439
251
320
-197
-561
-2280
-4682
-5598
-4812
-5308
-2093
-188
-49
1241
1406
2795
3927
2872
3860
5830
6729
7935
6835
6942
6555
3695
794
-1137
-3614
-5543
-5804
-7113
-8351
-8443
-6817
-3851
-1945
-719
1231
3374
4814
5112
4299
3624
4262
4227
2609
558
-196
-1392
-2672
-5360
-6744
-4541
-2423
-1392
177
1657
2104
2466
1880
834
1065
1806
111
-2032
-3460
-3641
-4906
-5032
-4036
-2624
-16
454
-454
-317
1516
2272
2999
4044
5201
6804
7657
6117
3972
3601
1941
-252
-706
-1959
-2835
-3987
-6238
-6646
-4586
-2666
-1363
586
1670
3645
4241
2487
1890
1058
966
1251
563
31
-1209
-2016
-4013
-5098
-3954
-1964
492
2557
3615
3618
3335
2293
1129
583
1162
840
-968
-2538
-3731
-6574
-7900
-6992
-7131
-5228
-2457
-1555
-562
148
-109
2277
5424
6513
7510
8588
7963
6215
4539
2364
1256
1016
-48
-1285
-3322
-4647
-3930
-3364
-3550
-2469
-500
1062
3449
2461
1532
1926
775
848
-144
-1189
-1139
-1140
-1470
-2424
-2858
-1835
280
1457
1710
2821
3362
3529
2437
1077
1198
1208
160
-2299
-3352
-3386
-5200
-6833
-6874
-7339
-5939
-4388
-4166
-1636
925
2166
3525
3964
5461
7973
8185
6547
5254
3968
2227
-343
-1476
-1010
-711
-1181
-2103
-2021
-1872
-1005
-72
341
1480
3266
3382
3173
1789
-12
298
-837
-2781
-3516
-4101
-3653
-2950
-3633
-2461
-358
1318
2697
3133
3000
2627
2514
1306
305
854
235
-1535
-2338
-3363
-4943
-5276
-4937
-5816
-5179
-3472
-2554
-1330
-1062
-1379
741
3032
4270
5297
5271
5528
5586
3467
1317
-874
-693
499
167
-32
268
1269
1298
2136
3224
4051
5454
5390
2979
2091
656
-393
-423
-2605
-4365
-4676
-5494
-6392
-6253
-6680
-3814
-790
1178
3043
3736
4164
3557
3172
1383
1496
2530
1835
265
-1351
-2652
-4670
-6298
-6260
-5630
-3794
-1609
-1634
-2078
-2558
-3000
-2374
-1608
63
3493
5216
5694
4030
969
1034
1534
1442
1394
1883
1296
582
-128
-642
2492
5434
6807
7891
7290
5628
4222
1103
-2062
-2443
-2815
-3532
-4528
-6953
-8099
-7720
-7459
-5715
-3000
76
3152
4233
4453
4013
4476
4215
4056
4051
2215
742
-864
-3288
-5809
-6649
-6161
-5324
-5096
-3976
-2439
-1660
-1231
-2220
-1884
-1264
-515
1386
1434
1637
2103
2100
2898
1647
369
1268
2825
1523
-653
-620
352
3232
5039
6313
9114
9837
8124
6308
3740
1704
975
-1658
-4825
-5833
-6708
-7266
-7387
-7475
-6256
-3568
-1226
1078
2144
2885
4013
5073
5021
4738
5069
4007
1920
102
-2994
-5246
-5699
-6253
-5545
-5378
-4223
-2678
-2906
-2039
-1526
-790
77
-368
748
671
1150
653
-1348
-780
57
355
484
-249
-2204
-1754
206
397
2327
5082
6940
8822
8076
6942
7554
6384
4150
3421
1300
-1551
-3680
-6492
-8995
-9295
-8031
-6315
-4547
-3566
-1935
-528
-314
-445
209
1981
4445
5953
5547
4089
3250
635
-1598
-2779
-4031
-2898
-3026
-2770
-1359
-1781
-1471
-1480
-2625
-2544
-1221
1170
1113
772
-93
-951
-615
-2135
-4009
-4321
-1529
-753
-646
-743
-67
4055
7378
8038
7819
8297
8419
8228
6273
5334
6940
5861
2136
-937
-3211
-5207
-6991
-7834
-8443
-6947
-4519
-3533
-3021
-3468
-3038
-745
1394
2084
3338
4565
5157
5035
2322
457
140
-314
-770
-2330
-2658
-1395
-1966
-2735
-2816
-3530
-3717
-3401
-3126
-1788
-115
982
321
-794
-2065
-4167
-4533
-4787
-5473
-4343
-662
2544
4458
4973
5510
8669
10345
8852
8853
9228
8691
8532
5456
2923
2102
-151
-3212
-4924
-4763
-6028
-6638
-7237
-7321
-4727
-3855
-2624
-1632
-1368
-317
1205
1942
1221
2199
2333
2453
1830
-52
-163
-1122
-1852
-545
-760
-852
-441
-2170
-3200
-3186
-2854
-1965
-1760
-1456
-816
-641
-780
-3343
-4862
-5240
-5691
-5191
-4609
-3686
-386
4505
6966
8195
7522
8620
12839
13741
11093
10323
8858
5988
2568
-1684
-2359
-2107
-3985
-6578
-6004
-5682
-5261
-4911
-6602
-4942
-2295
-1222
-428
-554
-604
457
1385
3
-863
-691
-478
891
-739
-1681
739
961
693
1344
-10
1
249
-236
226
225
-142
-1922
-3410
-4151
-4585
-4195
-4937
-5942
-6193
-6523
-6404
-4912
-2874
456
6766
10248
12002
12504
11650
14541
16326
13055
9984
7374
3543
176
-4929
-6553
-5058
-5202
-6400
-4837
-3562
-5061
-5717
-7264
-6018
-1887
-475
693
1394
303
64
-583
-2504
-3255
-1047
-569
340
2368
971
1108
1486
-392
586
1332
1702
2844
1416
304
-961
-2685
-4458
-5669
-5728
-4870
-4108
-4947
-6426
-7662
-6900
-5250
-2764
-153
2010
8316
12601
13754
13792
11490
14661
17255
11649
7402
5760
1358
-1312
-5484
-6850
-2691
-2416
-5572
-6154
-6212
-7401
-6186
-6989
-6853
-2304
-489
-648
-378
-2288
-1969
-210
-1574
-2425
-470
1802
2836
2869
2193
1272
847
-852
-384
1638
449
74
-1327
-3023
-2842
-4139
-5265
-5118
-5045
-4335
-3857
-5039
-5102
-3697
-3212
-2540
-1463
427
2715
8767
12270
13294
13683
10047
11077
13536
9591
6507
6519
3231
1234
-2140
-4452
-1649
-2904
-7085
-5860
-4229
-5670
-6372
-8529
-8411
-4324
-2856
-2814
-1495
-1758
-1147
-333
-1887
-664
2990
4720
5871
5506
3033
1575
420
-1611
-1060
684
301
-313
-1359
-3415
-3717
-4300
-5182
-3623
-3005
-3038
-1771
-2020
-3177
-2939
-4048
-3462
-1529
423
2002
5870
11105
11189
10362
6998
8068
14147
13272
9812
9859
7200
3382
-1005
-6460
-4752
-3001
-6307
-7030
-6579
-9867
-11418
-12446
-13061
-8117
-3711
-2291
-361
-886
-1279
2124
2475
2550
6770
8872
7007
4092
963
-734
-1731
-4014
-3654
-700
-422
-1924
-2624
-3648
-3218
-2121
-2344
-1137
734
1062
544
-1207
-3577
-3173
-2109
-2233
-1365
-758
597
596
3067
7343
8524
9202
7517
11581
17628
14486
9653
8522
4255
40
-5008
-8087
-4305
-5310
-10309
-10838
-10185
-12270
-12227
-11968
-9775
-3801
-1399
-594
2088
2314
3712
6827
5543
4427
6239
5836
3838
1167
-2231
-3128
-4079
-6050
-4071
-848
-1535
-1633
-1005
-1694
-879
-382
740
3073
3187
1052
248
-1205
-2610
-1734
-1337
-1531
-2107
-3094
-3018
-2481
1768
7089
10073
11605
10443
14200
17482
12353
7358
6347
2805
-868
-5691
-8799
-5753
-7654
-12599
-11623
-10999
-13076
-12519
-12207
-8900
-2449
603
2505
5865
6202
5927
6655
5157
5875
7965
6432
3227
-171
-3518
-4647
-5178
-5730
-2676
-175
-1677
-2844
-1827
-540
548
1470
2357
4827
4424
1977
547
-820
-1161
-1277
-1855
-3566
-4053
-5346
-5785
-3868
-1853
6794
11271
11474
11126
9474
14042
14784
8600
7210
6901
910
-4401
-9972
-10107
-8891
-14430
-17461
-13846
-12568
-13936
-11209
-7775
-1686
4107
4978
6987
9813
9449
9015
7762
5800
5735
5260
1643
-1029
-2400
-4751
-6421
-8041
-7358
-3499
-1411
-1992
314
2340
2381
2872
3302
4395
5670
4238
1661
222
-2788
-4280
-4681
-5521
-4827
-4256
-4461
-4213
-2822
-806
6761
10756
11173
12659
10705
13410
13894
7252
4674
3935
-3527
-9235
-13999
-15603
-12435
-15320
-15940
-9865
-6689
-6733
-4240
-1962
2686
8203
8885
9672
10233
7813
6436
5251
2789
2403
3151
497
-3436
-5615
-7663
-6907
-5909
-3446
1076
2269
1428
2247
3116
3289
4195
4287
3927
3526
1145
-1457
-2172
-3770
-4081
-2576
-2134
-1997
-2609
-4995
-5929
-3476
-2109
1101
9259
10792
11269
9088
4674
8891
8009
1971
2181
971
-5117
-9242
-14266
-12283
-7457
-10412
-9359
-2828
-2404
-4671
-4004
-3773
611
4964
5656
8595
10270
7720
5213
2404
511
2387
4179
1413
547
-292
-5262
-7677
-7375
-3868
1150
1617
286
2485
1661
-1018
-305
2205
4989
7038
6200
4728
2924
-1322
-3626
-4196
-4194
-3867
-3797
-5992
-7612
-8069
-6830
-5511
668
7510
8329
8666
4121
7054
12523
8694
6463
7561
2053
-4533
-9997
-13075
-9034
-10614
-12748
-8623
-6544
-8609
-6199
-3460
88
7309
10582
11747
11651
10016
9159
8152
4750
3651
5276
2943
-2912
-5599
-7835
-10806
-10600
-8468
-3821
-385
-653
660
3577
3558
5723
8793
9640
9862
7131
4598
1464
-3263
-6397
-6281
-6220
-6295
-7396
-10244
-11951
-11838
-11213
-8365
-4884
2564
12794
12555
12103
9096
10344
15255
10910
6884
6409
545
-9013
-14506
-16772
-10835
-9607
-10508
-5692
-2362
-3896
-4339
-299
4331
10822
14449
14356
13015
9841
6438
4650
1997
829
1637
76
-5398
-8683
-9998
-12876
-11806
-7604
-1133
3576
3095
3115
4152
3738
4354
6843
9188
9551
6983
3065
-1112
-5984
-9759
-10656
-10526
-9635
-8848
-9669
-10448
-9530
-7206
-4707
-1548
981
9951
15286
12366
11250
6498
9846
12416
7791
5547
4724
-1188
-8680
-13601
-14167
-7838
-6619
-5835
-1582
1315
-326
-334
1372
4933
11225
12912
12057
10965
8177
4535
1133
-1304
-729
-826
-4123
-8601
-10168
-11304
-13188
-10795
-4618
1570
4031
2964
3575
5671
5124
4435
6323
7619
6065
2033
-3076
-5823
-7131
-8785
-9158
-7328
-6864
-6835
-7968
-9949
-8095
-6321
-4852
-1621
1471
5864
13840
12811
11709
10114
7722
13669
12752
8926
7431
3768
-4148
-9677
-12308
-8779
-3899
-4370
-3020
857
1039
-1705
-264
1695
7292
11327
10171
8794
6561
2354
-2041
-4902
-5542
-3376
-3001
-5884
-7469
-7524
-9752
-10081
-7154
-1716
3041
4018
3493
4566
4753
3282
3979
5621
6954
5300
2272
-1894
-5683
-8084
-10991
-11027
-9233
-7831
-6787
-6265
-6175
-4765
-4640
-4273
-1992
1935
5045
12839
15890
12469
12442
7392
11597
13165
8055
6896
4632
-1784
-7489
-9914
-9466
-3834
-3636
-3284
-637
-497
-3612
-2691
-1821
-643
5786
6467
5360
4402
1672
-230
-2461
-4490
-3030
-1564
-3618
-5835
-5971
-7190
-7988
-4969
-806
3363
5898
5826
5065
3431
1967
2156
2290
2211
1253
93
-2270
-5510
-7402
-8249
-7196
-5740
-4201
-2894
-2590
-3376
-3221
-2373
-1137
992
2267
4527
4692
7971
12759
10963
11156
7785
10337
13881
9188
6119
3068
618
-3652
-7433
-7770
-3692
-3429
-6839
-7039
-5504
-5500
-6188
-5823
-3046
1638
2008
1885
1936
1990
2657
1981
1844
3260
3943
3251
1202
-1147
-2051
-4434
-6440
-6427
-4828
-3068
-3123
-3827
-3699
-2521
-1383
-545
2102
4733
5871
5076
2562
1101
-555
-1859
-1641
-1151
-720
-1355
-3123
-4698
-5296
-4526
-2871
-1173
565
3244
4238
7909
9900
9668
10027
7482
10872
11742
9502
5483
197
-2701
-7922
-11519
-11223
-8673
-6995
-7593
-7852
-5852
-5112
-3574
-1761
2920
8404
9970
8992
5286
3104
1098
-750
-1827
-1685
-343
-982
-4738
-7637
-8132
-7720
-6030
-3268
861
3033
1619
-551
-1067
-225
945
2397
5011
5400
3984
1661
-716
-1351
-1646
-382
1338
3026
1506
-735
-2205
-2776
-2645
-2648
-1536
-754
-1244
-2598
-3188
-517
2961
3704
2555
1945
4887
5717
5726
4133
3822
5464
3187
1215
1200
2496
1640
-983
-2728
-2594
-2825
-5093
-6898
-5826
-3967
-3026
-2404
-1980
-1748
-1373
-1251
-1072
578
1837
2546
3392
2790
1260
-21
-1091
-1660
-390
1231
1918
1899
1517
1180
404
-500
-209
790
1363
2097
1167
-501
-1808
-3392
-4150
-3700
-2233
-744
-475
-1763
-2774
-3310
-4236
-4867
-2978
-530
1050
1958
3331
5044
4722
3070
2569
4320
5486
4227
2537
2267
1535
564
-45
459
2348
3144
1444
514
280
-48
-513
-1728
-1999
-953
9
-1516
-2605
-3226
-3183
-2599
-2662
-1530
416
1768
1475
859
567
907
676
-203
66
1190
1067
220
-221
299
943
603
191
228
46
-1210
-1325
-1875
-2374
-2487
-2954
-3323
-3369
-3503
-2781
-1251
-592
883
1122
180
-1001
-1314
-963
-181
721
1737
2352
1447
230
-1055
-1117
-1524
-1592
-773
-602
-505
-775
-448
-242
838
2077
3140
5798
6796
6755
6012
5514
5429
3770
1984
263
-749
-1802
-3687
-4657
-4514
-3098
-2791
-3001
-1650
-456
607
480
1171
2635
3043
2954
2132
1434
508
-666
-1738
-1640
-1613
-1529
-1934
-2959
-3954
-5090
-5021
-4664
-3229
-1163
1473
3233
2538
2372
2252
2149
2109
2025
2218
1429
267
-1835
-3861
-4916
-5585
-5060
-4396
-3532
-1620
-463
-534
-449
1344
2898
2665
2857
4077
4480
3442
2071
2004
2054
1301
857
1707
2785
1810
1371
1074
1146
1177
552
1018
1493
2044
1866
1633
2203
2304
2599
2779
2082
1658
201
-1120
-2222
-3187
-3960
-4594
-4149
-3827
-3936
-4074
-3659
-3319
-2332
-1115
56
438
953
1172
643
255
-783
-685
-1217
-2129
-2130
-2179
-2259
-2284
-1706
-1555
-1531
-1364
-2016
-2148
-1260
-107
730
1060
1383
2064
1950
1299
864
607
1480
2060
2340
1869
1378
1122
799
1503
2366
4366
5099
5382
5698
4956
4526
3152
2181
1765
1197
376
-262
-808
-1063
-1729
-2987
-3432
-3327
-2412
-1620
-1135
-285
71
-250
-1224
-1226
-996
-1518
-2210
-3568
-3153
-2952
-3751
-3717
-2502
-875
-1690
-2656
-2869
-2382
-1719
-1668
-130
1563
1891
962
256
415
240
-195
-232
2
-225
-1533
-3177
-3741
-3263
-2178
-230
1664
3120
4460
5033
4659
5300
5917
6122
5809
4114
2697
1551
430
-603
-959
-1057
-1347
-1410
-1104
-295
850
1757
2616
2989
3130
3307
3645
2949
2033
1310
-400
-1254
-2772
-3569
-3198
-3651
-4526
-4690
-4662
-5156
-4501
-3824
-2938
-1861
-1499
-252
685
1399
1792
1563
1348
525
73
-830
-1128
-1197
-1233
-1310
-1448
-845
-1022
-706
3
1194
1904
2072
2102
1978
1205
255
525
1539
3193
3095
1873
547
-851
-1715
-1830
-875
657
961
-305
-894
-884
-623
91
992
2638
4025
4298
4153
3748
2879
2281
1827
1152
786
822
-82
-1943
-4022
-5329
-5010
-4985
-4836
-2833
-1328
-1317
-1646
-2278
-1656
-1347
-1363
-433
900
1688
989
462
8
182
51
-722
-591
-614
-652
-1103
-1667
-1433
-737
-296
-270
587
1369
1505
1639
1865
2777
3436
2876
1891
1281
-184
-1896
-1862
-1340
-988
-991
-1468
-644
626
671
1490
2895
3540
3379
2929
2731
2891
2046
497
78
261
80
-347
-354
-630
-1320
-2297
-3163
-2816
-1946
-1353
-399
-129
-553
-558
-918
-722
29
1274
2185
2122
1083
-173
-815
-2215
-2856
-2851
-2026
-1224
-1265
-1916
-2430
-2198
-2582
-1330
380
1935
3081
2610
1621
290
-656
-1250
-688
13
353
335
-184
-1111
-1156
-1030
-846
395
705
1666
1976
1038
607
503
266
993
2159
2704
2526
855
-230
-547
-473
-590
146
894
326
413
55
572
1553
2125
2902
3166
3145
2844
3047
2702
2088
1830
665
-955
-2334
-3305
-3394
-3415
-3503
-3122
-2121
-1825
-2345
-2352
-1947
-968
-480
70
888
802
-303
-1423
-1783
-1946
-1461
-806
187
701
-175
-1178
-2017
-2607
-2482
-1379
110
970
1354
1022
165
-548
-869
-400
28
693
915
1148
467
-1049
-1712
-2826
-2324
-350
2022
3868
4333
3487
2641
2594
2254
3310
4839
5228
5050
3914
2377
1069
-568
-1215
-975
-177
300
382
271
-761
-1883
-3111
-3476
-2761
-2078
-1454
-965
-1274
-2042
-2551
-2780
-2389
-1466
-442
-199
-362
-1119
-1982
-1787
-2585
-2293
-1258
-1150
-857
-716
-274
-70
-99
-260
363
957
786
969
1297
953
400
-77
-118
448
-9
-316
-264
-88
-484
-678
377
1346
1900
1523
1657
2089
2504
3225
3651
4286
3881
3164
3568
3649
3466
3073
2130
1275
-21
-1007
-814
-376
-391
-888
-1106
-1303
-949
-539
-574
-225
-234
-584
-961
-1497
-1947
-1693
-1563
-1580
-1971
-2684
-2932
-3341
-3799
-4350
-4251
-3596
-2987
-2528
-1704
-859
-553
-39
923
1998
2644
2634
2077
1748
527
-428
-541
-521
-182
-182
-706
-1282
-1403
-1300
-773
-347
170
1222
2151
2466
2562
2761
2217
1253
1246
2066
3190
3595
3201
2144
1172
576
364
860
927
1084
1328
857
268
-34
-232
-134
-375
-376
-323
-232
-748
-1711
-2281
-3143
-2916
-2882
-2872
-2432
-2308
-2040
-2033
-1965
-1632
-1390
-1013
-616
-927
-1243
-1465
-843
220
663
912
943
379
-484
-707
103
1429
1419
1598
1517
1021
323
-792
-1221
-1073
-317
-152
90
-77
-242
-389
-383
602
2296
4087
4673
4849
4117
2993
1998
1246
1634
2519
2646
1528
-293
-1800
-2475
-2744
-2620
-1928
-489
-210
-468
-508
-526
54
477
1273
2555
2937
2415
1481
255
-1343
-2525
-2909
-2653
-2343
-2434
-2741
-3483
-4291
-4142
-2735
-1401
-99
1290
1954
1547
757
605
575
433
73
43
-280
-1731
-2989
-3365
-3162
-2605
-1451
-303
697
1277
1396
1564
2141
2626
3696
4646
4665
4376
3163
1917
1082
465
101
-203
-889
-1959
-2509
-2309
-1551
-392
200
1078
1579
1171
1315
1825
2340
2632
2723
2724
2631
1986
1189
414
-965
-2166
-2754
-2614
-2169
-1905
-1516
-1931
-2480
-2692
-2167
-1302
-754
51
348
569
62
-562
-1043
-1373
-1513
-1778
-1896
-2165
-2150
-2230
-2066
-1815
-1635
-1100
-474
217
1171
1832
1829
1878
1789
1844
2162
1942
1724
1483
995
281
-31
-281
-314
3
-68
25
218
614
821
757
207
443
1414
2160
2194
1575
1282
900
559
492
959
1402
1544
1104
422
280
-77
-658
-1010
-1146
-758
-523
-774
-739
-600
-886
-1615
-1925
-2005
-1774
-1250
-1126
-1160
-1373
-1494
-2057
-2124
-1740
-1433
-1357
-1705
-2130
-2255
-1921
-1969
-1419
-912
-354
297
375
631
1192
1632
1709
1803
2097
2419
2184
1598
1172
1199
1001
723
665
604
811
688
639
724
883
963
696
1301
2404
3110
2984
1971
1444
1489
1234
1401
1990
2196
1721
674
-268
-788
-1232
-1415
-1137
-778
-587
-539
-703
-1385
-1488
-971
-789
-871
-797
-855
-1105
-2012
-2934
-2970
-2876
-2831
-2543
-2219
-1925
-1726
-1859
-1690
-1244
-820
-422
-256
-141
165
267
398
857
1006
645
115
-604
-526
-363
-566
-154
254
862
1039
890
750
1278
2100
3173
4174
3958
3545
2421
1862
2076
2447
2669
2285
1651
812
185
-182
87
499
757
1021
1244
1087
674
375
241
242
2
-479
-920
-1251
-1762
-2377
-2840
-2965
-3085
-3233
-3439
-3372
-3184
-2928
-2528
-1947
-1109
-735
-647
-912
-1123
-1408
-1499
-1606
-1477
-1169
-1457
-1454
-1708
-1839
-1622
-1383
-1086
-655
-228
-14
163
52
434
1196
1793
2330
2565
2582
2571
2610
3052
3780
3954
3599
2811
2697
2793
2819
2884
2743
2679
2221
1740
1353
1517
1502
1511
1240
979
1061
998
643
394
608
-23
-250
-686
-716
-582
-986
-1630
-2491
-3060
-3712
-3861
-3817
-3494
-2965
-2653
-2772
-2579
-2385
-2082
-1674
-1697
-1444
-1178
-1211
-1092
-1152
-1655
-1970
-2256
-2208
-2073
-2047
-1599
-1218
-1011
-503
4
539
951
1350
1962
2600
2763
2925
2952
2804
2881
2929
3142
2781
2227
1993
2125
2788
3521
3904
3714
3506
3073
2627
2439
2165
2097
1717
1127
712
382
64
-278
-899
-1684
-2207
-2560
-2710
-2658
-2591
-2507
-2651
-3169
-3528
-3216
-2852
-2558
-2398
-2105
-1620
-1753
-1862
-2065
-2044
-2013
-1906
-1513
-1163
-804
-487
-291
-408
-765
-993
-707
-741
-832
-854
-726
-756
-940
-913
-980
-443
74
542
1218
1946
2581
3161
3727
4227
4467
4140
3350
2869
3135
3295
3547
3350
3085
2434
1222
377
377
785
941
1330
1689
1894
1601
774
50
-650
-1104
-922
-1030
-1265
-1825
-2706
-3400
-3885
-4000
-3624
-2612
-1886
-1242
-766
-650
-268
-369
-687
-600
-522
-676
-865
-1236
-1581
-1845
-2478
-2667
-2844
-2521
-1938
-1509
-879
-698
-336
-185
108
540
945
1456
1588
1404
1011
755
336
60
349
1195
2137
2317
1874
1388
819
532
1043
2148
3093
3350
2909
2342
1719
1133
1287
1952
2410
2388
2230
1555
677
-2
-232
-387
-600
-723
-673
-556
-1056
-1572
-1685
-1567
-1676
-1621
-1548
-1417
-1430
-1840
-1952
-1941
-1661
-1387
-1361
-1264
-1103
-862
-798
-634
-301
-13
-5
-126
-109
-223
-182
-460
-393
-26
-263
-548
-1071
-1256
-1103
-994
-996
-589
-346
-329
-195
-155
450
1167
1758
1816
1789
1870
2166
2443
2343
2299
2579
2437
1738
1645
1819
2019
1771
1524
1483
1531
1237
831
866
442
28
-472
-756
-980
-1185
-1350
-1641
-2001
-2322
-2255
-2302
-2111
-1700
-1207
-999
-813
-251
64
245
90
56
264
71
-178
-339
-791
-1423
-1819
-2164
-2240
-2277
-2140
-1978
-1781
-1695
-1480
-1083
-902
-452
-374
-210
-54
19
299
574
886
1339
1781
1804
1628
1333
1169
1463
1916
2555
3192
3284
2881
2349
1944
1977
2209
2273
2121
1671
1205
654
243
235
235
288
214
-113
-290
-821
-1497
-1811
-1929
-1588
-1370
-1169
-806
-534
-634
-1022
-1132
-1140
-983
-1168
-1274
-1315
-1833
-2353
-2670
-2520
-2110
-1837
-1753
-1694
-1653
-1712
-1875
-1712
-1238
-802
-520
-421
-181
101
310
522
736
584
619
957
1085
1330
1532
1658
1813
1683
1489
1696
1662
1911
2250
2401
2755
2776
2906
3079
3224
3130
3011
3075
2717
2239
1673
1182
1003
463
-51
-356
-750
-936
-1123
-1286
-1525
-1602
-1676
-2115
-2223
-2018
-1806
-1560
-1504
-1322
-1124
-1586
-2078
-2322
-2426
-2548
-2516
-2333
-2181
-2067
-2141
-1842
-1484
-1176
-764
-470
-231
-133
-45
-228
-531
-501
-413
-265
-462
-547
-271
-367
-443
-85
468
1257
2127
2752
3062
3079
2787
2465
2622
2992
3524
3751
3596
3370
2622
1712
1266
1645
2059
2156
1887
1424
884
-136
-758
-821
-478
-284
-343
-464
-979
-1447
-2008
-2352
-2325
-2053
-1743
-1934
-2258
-2512
-2583
-2674
-2648
-2221
-1907
-1784
-1922
-2094
-2063
-1928
-1541
-1286
-1151
-1131
-1338
-1438
-1577
-1642
-1391
-960
-660
-524
-469
-575
-475
-298
171
902
1377
1501
1448
1553
1722
1926
2135
2709
3133
2996
2675
2466
2851
2805
2502
2601
2532
2564
2310
1968
1765
1763
1942
1787
1618
1486
1550
1424
700
124
-124
-275
-189
-241
-380
-856
-1327
-1590
-1889
-2043
-1953
-1719
-1944
-2087
-2186
-2243
-2200
-2206
-1998
-1719
-1487
-1506
-1476
-1511
-1626
-1698
-1846
-1817
-1710
-1561
-1347
-903
-528
-261
-129
-104
-34
341
733
707
562
720
638
402
488
783
1263
1235
1070
978
967
1071
1205
1761
2284
2614
2722
2494
2383
2238
2235
2319
2170
1974
1517
1071
703
397
54
-91
-166
-389
-363
-570
-773
-1024
-1498
-1820
-1793
-1752
-1669
-1606
-1896
-1866
-2175
-2608
-2678
-2654
-2462
-2208
-1824
-1412
-1161
-1193
-1197
-1055
-832
-728
-651
-402
-98
-265
-772
-956
-793
-610
-565
-218
233
328
419
336
386
695
979
1539
2132
2521
2743
2844
2458
2178
2097
1858
1782
1939
2141
2015
1863
1682
1776
1892
1800
1864
2082
2014
1648
1255
953
661
285
-235
-699
-816
-1193
-1728
-2388
-2719
-2744
-2570
-2424
-2072
-1544
-1283
-1211
-1329
-1158
-1087
-1256
-1253
-1160
-1269
-1552
-1840
-2054
-2160
-2487
-2592
-2204
-1743
-1630
-1716
-1395
-1245
-1055
-797
-422
303
1035
1472
1688
1748
1591
1610
1573
1887
2462
3001
3057
2822
2553
2306
2341
2422
2677
2681
2596
2470
2418
2606
2583
2552
2477
2128
1732
1279
833
357
-111
-629
-1251
-1809
-2165
-2571
-2771
-2811
-2773
-2799
-2773
-2427
-1966
-1524
-1400
-1340
-1291
-1278
-1350
-1297
-1278
-1294
-1336
-1611
-1941
-2083
-1892
-1743
-1556
-1494
-1326
-1124
-1235
-1057
-495
184
644
922
1209
1370
1439
1396
1461
1570
1545
1469
1169
1039
1120
1303
1458
1484
1662
1739
1621
1388
1565
2002
2067
2241
2395
2587
2266
1733
1410
1313
1501
1346
1076
694
420
-117
-579
-834
-969
-927
-1190
-1455
-1742
-2046
-2409
-2561
-2474
-2287
-1894
-1765
-1854
-1957
-2005
-1981
-2069
-2081
-1946
-1838
-1781
-1899
-2135
-2343
-2337
-2171
-2018
-1922
-1680
-1453
-1242
-1208
-1095
-751
-358
122
429
835
1029
1058
1020
1004
1157
1475
1834
2051
2202
2159
2024
2040
2258
2703
3306
3662
4040
4323
4287
4318
4363
4214
4080
3648
2986
2307
1437
901
545
86
-372
-664
-1000
-1290
-1458
-1424
-1161
-1194
-1239
-1251
-1284
-1451
-1778
-1833
-1843
-2057
-2474
-2766
-3121
-3579
-3812
-3703
-3371
-2960
-2537
-2023
-1819
-1845
-1659
-1363
-909
-652
-710
-803
-994
-1393
-1519
-1488
-1302
-1007
-861
-569
-163
121
411
838
1355
1915
2545
3059
3527
3752
3615
3539
3482
3383
3431
3253
2998
2884
2664
2442
2474
2518
2608
2740
2686
2463
2250
1837
1474
1342
806
270
-199
-673
-1025
-1493
-2071
-2287
-2481
-2740
-2645
-2408
-2320
-2418
-2555
-2689
-2813
-2950
-2960
-2902
-3019
-3302
-3473
-3721
-3895
-3807
-3589
-3156
-2742
-2493
-2239
-1908
-1548
-943
-363
-25
214
250
216
149
432
864
1232
1442
1312
1103
1103
1307
1626
2209
2805
3404
3786
3978
4064
4014
4056
4234
4517
4674
4669
4383
3824
3260
2525
1945
1588
1228
1061
728
302
-112
-520
-935
-1149
-1062
-923
-952
-1340
-1679
-2082
-2677
-3060
-3114
-3114
-3165
-3279
-3512
-3663
-3869
-3948
-3730
-3242
-2781
-2453
-2032
-1898
-1862
-1910
-1585
-1285
-960
-643
-608
-590
-665
-488
-141
327
536
865
1244
1412
1467
1654
2263
2823
3112
3356
3593
3766
3705
3612
3815
3996
3950
3586
3391
3236
2878
2573
2310
2271
2073
1677
1167
602
-66
-711
-1034
-1274
-1266
-1529
-1943
-2336
-2706
-2905
-3194
-3308
-3264
-3057
-3030
-3103
-3176
-3132
-3048
-3114
-2932
-2713
-2454
-2195
-2115
-2162
-2251
-2128
-2023
-1803
-1412
-947
-609
-458
-311
-4
236
372
656
1155
1700
1992
2263
2467
2593
2616
2579
2675
2785
2962
3105
3077
3143
3333
3425
3508
3560
3418
3242
3112
2814
2375
1849
1528
1170
660
79
-510
-1047
-1822
-2414
-2678
-2751
-2788
-2660
-2500
-2271
-2094
-2046
-1999
-2038
-2107
-2081
-2107
-2397
-2664
-2859
-2924
-2919
-2858
-2749
-2659
-2581
-2487
-2174
-1841
-1279
-721
-255
213
556
767
924
1161
1410
1604
1659
1664
1559
1455
1528
1798
1948
2028
2138
2367
2619
2773
2967
3221
3469
3541
3611
3541
3361
3167
2864
2724
2483
1940
1406
832
327
-96
-349
-545
-728
-927
-1218
-1463
-1613
-1712
-1834
-1874
-1921
-1939
-1993
-2192
-2392
-2645
-2891
-2955
-3068
-3241
-3183
-2890
-2783
-2772
-2702
-2725
-2657
-2547
-2329
-1970
-1707
-1516
-1106
-782
-570
-301
-56
296
577
815
1023
1135
1262
1348
1577
1815
1932
2253
2546
2641
2758
2795
2854
2789
2709
2786
2943
2907
2860
2902
2935
2905
2635
2315
2050
1743
1359
1033
811
589
320
84
-7
0
-91
-285
-351
-530
-588
-779
-999
-1118
-1354
-1615
-2001
-2223
-2446
-2679
-2892
-2993
-3009
-3026
-3077
-2924
-2686
-2486
-2275
-2229
-2164
-2143
-2072
-1938
-1733
-1672
-1565
-1523
-1447
-1400
-1381
-1022
-665
-357
-175
39
143
302
648
979
1451
1740
2019
2291
2247
2104
2218
2370
2556
2561
2459
2478
2448
2466
2295
2248
2311
2284
2082
2020
1968
1725
1568
1351
1317
1278
1114
952
702
379
31
-305
-439
-472
-598
-696
-743
-964
-1225
-1495
-1627
-1508
-1552
-1651
-1765
-1984
-2291
-2427
-2413
-2383
-2198
-2092
-2026
-2107
-2294
-2262
-2023
-1728
-1575
-1158
-768
-642
-613
-665
-549
-309
-154
85
423
530
546
651
1018
1418
1644
1912
2323
2517
2556
2663
2819
3062
3134
3002
2833
2572
2370
2222
1993
1771
1533
1244
906
651
593
549
420
308
271
305
151
-78
-254
-390
-616
-933
-1034
-1129
-1313
-1647
-1993
-2231
-2496
-2811
-3037
-3147
-3143
-3041
-2944
-2701
-2364
-2091
-2059
-2061
-1954
-1811
-1641
-1599
-1526
-1321
-1274
-1308
-1267
-1072
-718
-468
-246
141
470
705
1085
1553
1923
2173
2321
2579
2660
2657
2692
2689
2678
2474
2246
2192
2187
2126
1944
1735
1591
1517
1397
1308
1498
1689
1854
1889
1700
1449
1193
974
696
444
70
-231
-670
-1119
-1413
-1624
-1741
-1952
-1971
-1899
-1855
-1903
-1936
-2023
-2083
-2128
-2163
-2152
-2028
-1871
-1825
-1873
-1881
-1794
-1768
-1678
-1460
-1099
-827
-670
-565
-495
-319
-85
103
371
622
811
1023
1185
1281
1489
1680
1711
1798
1941
2090
2129
2130
2151
2033
1796
1690
1800
1868
1736
1576
1424
1147
803
725
744
640
631
552
518
400
162
-41
-325
-576
-666
-723
-873
-997
-1278
-1526
-1759
-1901
-1977
-1921
-1830
-1878
-1832
-1822
-1692
-1611
-1583
-1592
-1577
-1460
-1387
-1223
-1205
-1214
-1148
-1213
-1236
-1170
-952
-746
-497
-357
-223
-20
105
299
542
771
930
1092
1234
1354
1406
1401
1456
1547
1512
1547
1638
1631
1510
1397
1428
1503
1713
1820
1892
1827
1644
1378
1215
1241
1390
1409
1285
1154
897
640
339
174
121
169
-75
-451
-713
-1052
-1313
-1595
-1728
-1623
-1561
-1597
-1798
-1863
-1830
-1935
-1935
-1835
-1591
-1454
-1452
-1511
-1449
-1385
-1309
-1169
-1067
-955
-853
-796
-689
-459
-270
4
182
384
583
580
621
751
992
1172
1172
1297
1452
1445
1190
937
870
841
849
811
814
843
826
801
849
940
1110
1248
1382
1560
1619
1508
1269
1116
895
666
342
80
-202
-581
-966
-1275
-1453
-1503
-1483
-1511
-1513
-1422
-1175
-906
-846
-845
-735
-765
-822
-930
-942
-901
-1043
-1088
-1092
-1169
-1413
-1648
-1618
-1461
-1386
-1172
-793
-489
-284
-192
12
244
542
776
905
1031
1043
1027
1036
1128
1347
1508
1465
1485
1516
1468
1451
1454
1561
1723
1794
1887
2086
2203
2125
1803
1516
1340
1097
910
778
623
241
-94
-413
-648
-757
-789
-701
-627
-758
-986
-962
-995
-899
-729
-581
-641
-882
-1056
-1258
-1447
-1666
-1765
-1800
-1915
-2005
-1959
-1816
-1864
-2011
-1951
-1759
-1667
-1496
-1219
-888
-610
-484
-295
-113
143
380
571
817
1056
1129
1278
1398
1463
1569
1514
1509
1563
1490
1437
1401
1338
1403
1465
1491
1490
1439
1262
1176
1155
1123
1090
999
806
593
403
204
111
-4
-90
-163
-251
-430
-650
-762
-811
-799
-765
-809
-916
-1092
-1204
-1303
-1435
-1582
-1601
-1561
-1687
-1842
-1978
-2057
-2004
-1892
-1738
-1554
-1477
-1394
-1273
-1093
-873
-586
-275
40
247
337
506
715
913
1041
1104
1124
1136
1112
1033
1027
1083
1155
1273
1351
1481
1604
1623
1480
1355
1334
1444
1620
1894
1911
1734
1378
941
848
763
759
729
584
307
63
-225
-448
-522
-527
-496
-445
-411
-459
-499
-597
-599
-555
-497
-512
-598
-786
-954
-1088
-1196
-1252
-1206
-1156
-1217
-1257
-1326
-1308
-1290
-1268
-1265
-1230
-1084
-943
-773
-614
-446
-361
-272
-269
-298
-206
-247
-243
-123
-112
-48
-6
195
556
847
1147
1326
1580
1767
1856
1812
1701
1675
1669
1634
1510
1454
1352
983
570
264
105
75
55
88
98
142
100
3
-6
29
160
393
543
454
326
266
39
-161
-292
-419
-506
-761
-1049
-1354
-1515
-1553
-1498
-1344
-1159
-994
-1005
-989
-985
-932
-846
-779
-671
-655
-716
-855
-986
-945
-804
-662
-561
-444
-374
-280
-159
82
361
632
918
1146
1289
1340
1326
1245
1174
1164
1172
1053
984
889
765
682
437
248
191
301
392
490
543
593
716
777
814
833
857
836
753
567
278
22
-219
-370
-475
-698
-880
-1048
-1102
-1194
-1223
-1121
-1026
-1018
-1116
-1154
-1227
-1188
-1134
-977
-816
-780
-863
-973
-1068
-1152
-1095
-949
-842
-735
-550
-428
-317
-192
-47
49
161
304
502
653
716
934
1023
954
896
949
1051
1102
1139
1171
1256
1302
1223
1168
1158
1075
948
875
831
837
825
824
851
858
840
795
714
726
809
834
814
727
525
176
-153
-496
-665
-625
-637
-733
-868
-999
-1049
-1058
-1018
-829
-741
-727
-703
-678
-744
-888
-965
-1003
-1108
-1258
-1436
-1543
-1558
-1596
-1499
-1341
-1257
-1102
-907
-719
-394
-88
184
529
847
1029
1168
1198
1123
1086
1026
961
925
801
738
772
706
671
685
700
830
1013
1160
1288
1431
1452
1393
1207
1036
961
826
610
347
148
-75
-301
-487
-613
-660
-714
-753
-707
-683
-654
-639
-609
-697
-777
-815
-924
-1053
-1179
-1318
-1357
-1413
-1606
-1758
-1836
-1926
-1952
-1879
-1759
-1633
-1423
-1261
-1126
-988
-788
-450
-197
-63
85
172
254
344
382
568
801
930
1022
1076
1102
1108
1101
1133
1220
1401
1531
1647
1609
1585
1548
1571
1643
1695
1749
1709
1705
1614
1525
1441
1297
1168
992
900
795
609
401
191
89
7
-30
-40
-83
-156
-237
-393
-470
-564
-595
-668
-657
-754
-941
-1223
-1507
-1651
-1763
-1760
-1856
-1945
-2066
-2052
-1890
-1605
-1304
-1082
-934
-794
-607
-356
-196
-91
87
216
288
221
179
172
153
182
199
301
376
481
581
709
893
1074
1290
1478
1661
1807
1845
1732
1524
1403
1383
1386
1349
1198
984
673
410
251
220
165
101
90
74
21
11
17
-45
-92
-150
-248
-366
-584
-855
-1096
-1292
-1457
-1576
-1716
-1881
-2006
-2054
-2042
-1983
-1765
-1540
-1381
-1369
-1291
-1193
-1102
-953
-783
-590
-445
-479
-633
-776
-893
-941
-792
-581
-383
-189
-115
-14
128
266
495
829
1140
1344
1425
1440
1425
1352
1352
1362
1350
1261
1186
1141
1026
993
1052
1078
1086
1083
1117
1181
1175
1085
932
838
806
791
755
646
551
352
125
-81
-214
-241
-254
-363
-466
-562
-664
-691
-651
-604
-598
-616
-670
-646
-676
-776
-852
-843
-896
-900
-920
-918
-857
-891
-844
-844
-862
-749
-551
-369
-180
48
199
241
214
214
258
250
261
394
539
749
801
779
893
953
970
1040
1062
1030
1082
1026
997
878
812
719
549
457
447
476
460
516
521
565
481
447
417
375
296
124
80
-31
-162
-339
-507
-690
-843
-1049
-1168
-1186
-1235
-1245
-1191
-1149
-1204
-1280
-1256
-1183
-1074
-1004
-917
-878
-962
-1023
-1103
-1137
-1097
-1016
-837
-739
-643
-570
-503
-413
-288
-94
79
284
380
504
584
732
841
887
959
893
814
697
572
533
536
599
656
607
578
598
624
641
697
789
847
921
899
746
614
519
457
403
364
277
135
-35
-248
-403
-517
-548
-493
-363
-283
-268
-315
-416
-524
-538
-508
-477
-433
-516
-598
-686
-699
-692
-684
-607
-579
-524
-464
-429
-349
-284
-211
-67
170
499
543
525
542
561
670
772
862
868
841
722
600
634
661
692
823
906
979
998
943
895
833
861
967
1011
1020
923
785
586
396
255
134
79
-6
-142
-327
-514
-536
-538
-565
-695
-835
-838
-986
-1094
-1102
-1113
-1162
-1277
-1338
-1479
-1528
-1582
-1637
-1636
-1648
-1542
-1367
-1284
-1194
-1088
-984
-853
-696
-502
-289
-95
17
62
30
64
149
287
485
608
703
766
785
754
831
956
1098
1245
1342
1441
1514
1538
1502
1549
1554
1542
1527
1425
1263
1089
958
833
757
722
637
569
478
282
76
-47
-98
-134
-162
-206
-355
-627
-870
-1046
-1143
-1215
-1251
-1249
-1318
-1377
-1440
-1529
-1503
-1437
-1370
-1228
-1131
-1047
-1015
-990
-1010
-985
-902
-794
-706
-674
-591
-460
-432
-416
-237
-42
196
379
501
565
681
769
845
991
1149
1346
1476
1524
1475
1411
1346
1314
1319
1319
1331
1304
1252
1214
1150
1019
996
963
891
815
698
611
474
307
129
11
-69
-116
-141
-236
-303
-431
-633
-807
-866
-856
-843
-906
-1006
-1053
-1099
-1192
-1344
-1430
-1471
-1449
-1431
-1418
-1382
-1294
-1240
-1108
-970
-851
-746
-682
-639
-647
-613
-581
-390
-226
-92
63
111
170
202
298
452
570
725
837
870
977
1096
1163
1190
1226
1261
1228
1273
1268
1208
1142
1104
1039
1097
1133
1109
1056
988
896
874
918
898
781
528
405
287
216
118
-40
-160
-330
-451
-609
-775
-883
-971
-1029
-1018
-1024
-1076
-1029
-1067
-1096
-1101
-1138
-1144
-1127
-1038
-997
-1028
-1038
-1086
-1111
-1050
-978
-940
-837
-701
-572
-547
-427
-309
-136
-61
37
166
245
323
377
490
588
647
703
856
975
1010
1060
1095
1139
1188
1243
1182
1110
1025
980
983
960
976
913
835
709
545
346
280
283
260
250
212
71
-100
-244
-337
-450
-511
-485
-544
-610
-725
-789
-856
-914
-971
-1016
-998
-977
-954
-960
-982
-933
-866
-782
-705
-675
-643
-662
-705
-676
-605
-534
-524
-431
-319
-243
-124
-20
73
188
274
331
475
565
609
672
802
864
918
921
904
926
883
934
1037
1119
1132
1091
1115
1108
1066
996
970
964
872
792
721
584
508
368
196
113
1
-186
-367
-519
-622
-676
-734
-784
-791
-822
-889
-877
-911
-822
-823
-913
-986
-1128
-1171
-1200
-1128
-1061
-917
-861
-888
-826
-749
-590
-409
-256
-167
-111
-18
67
168
240
294
314
311
337
335
272
197
267
402
566
703
690
692
717
738
808
938
1049
1072
1126
1102
1045
1051
958
863
724
624
536
368
226
123
64
21
-35
-123
-188
-290
-386
-470
-527
-541
-523
-583
-679
-727
-797
-872
-1007
-1050
-1027
-1010
-1026
-994
-884
-927
-896
-764
-547
-406
-316
-225
-143
-78
-61
4
59
125
109
173
155
90
169
187
294
398
466
481
459
589
769
845
903
986
1055
1045
1010
1027
996
954
880
844
827
806
715
637
508
418
326
238
236
203
127
88
18
-114
-247
-373
-450
-609
-750
-803
-879
-1015
-1077
-1126
-1099
-1110
-1174
-1201
-1155
-1120
-1056
-1013
-969
-845
-710
-657
-615
-534
-460
-392
-378
-370
-308
-331
-310
-291
-245
-200
-130
-65
28
188
280
401
537
593
645
659
752
832
897
950
958
940
893
887
881
937
1004
1047
1041
1051
1031
959
841
780
755
691
552
358
218
26
-180
-285
-368
-432
-483
-534
-596
-649
-770
-833
-798
-793
-778
-788
-806
-832
-888
-936
-882
-842
-758
-660
-585
-567
-568
-606
-568
-485
-425
-315
-191
-132
-145
-118
-116
-60
23
144
288
408
433
498
584
673
717
816
949
1043
1173
1240
1228
1166
1212
1216
1183
1144
1134
1098
1001
940
841
709
611
592
548
519
425
287
249
143
-14
-176
-265
-356
-573
-760
-856
-933
-1089
-1279
-1325
-1369
-1333
-1317
-1291
-1266
-1177
-1172
-1244
-1182
-1139
-1076
-999
-961
-949
-952
-1005
-1058
-1058
-1028
-981
-898
-843
-713
-606
-487
-294
-97
105
325
436
543
697
837
972
1060
1147
1238
1228
1243
1240
1221
1184
1182
1206
1222
1279
1292
1307
1285
1303
1313
1311
1272
1221
1131
1014
897
717
572
384
251
142
-32
-222
-397
-620
-682
-725
-766
-797
-872
-935
-958
-983
-1070
-1046
-1125
-1168
-1223
-1264
-1304
-1299
-1266
-1298
-1294
-1238
-1123
-1089
-1068
-963
-857
-807
-677
-521
-361
-208
-76
83
225
381
477
581
678
716
877
982
1035
1102
1128
1188
1210
1220
1282
1320
1289
1273
1227
1233
1206
1186
1121
1071
1042
941
815
737
663
658
647
500
370
208
-1
-167
-293
-367
-439
-529
-603
-712
-844
-956
-1051
-1050
-1024
-1002
-1039
-1084
-1154
-1262
-1300
-1309
-1265
-1172
-1084
-970
-935
-890
-883
-892
-827
-717
-544
-378
-326
-273
-168
-182
-102
41
243
434
526
526
572
572
610
684
788
818
794
783
758
806
863
905
888
869
887
827
755
723
733
716
691
610
503
404
302
177
61
-54
-153
-246
-291
-379
-531
-655
-742
-801
-848
-891
-852
-812
-790
-718
-733
-725
-713
-703
-745
-716
-705
-654
-550
-617
-572
-579
-543
-431
-314
-216
-84
39
121
168
254
289
326
371
375
497
567
614
613
622
649
651
685
742
821
901
943
947
935
889
879
857
811
773
750
703
622
579
513
433
357
354
273
158
78
-36
-125
-203
-261
-279
-259
-286
-382
-461
-542
-571
-623
-674
-731
-762
-736
-790
-834
-864
-873
-914
-921
-924
-870
-791
-752
-674
-573
-484
-397
-326
-232
-174
-148
-100
67
211
317
410
446
458
524
531
556
691
742
765
792
856
870
845
822
827
800
773
729
638
651
559
429
343
295
234
221
177
133
86
-35
-98
-122
-151
-231
-312
-420
-472
-497
-535
-594
-668
-738
-793
-861
-979
-986
-971
-1022
-1064
-1122
-1147
-1161
-1145
-1087
-996
-887
-816
-775
-701
-579
-432
-269
-173
-65
30
88
112
137
201
297
421
535
666
688
676
680
721
789
832
920
995
1038
1090
1112
1138
1196
1198
1154
1139
1132
1107
1050
1026
957
880
770
670
594
439
326
215
99
32
13
-41
-121
-239
-364
-510
-664
-754
-858
-915
-968
-1041
-1122
-1204
-1241
-1278
-1239
-1198
-1136
-1119
-1060
-963
-944
-853
-779
-648
-487
-317
-183
-150
-121
-97
-91
-99
-40
38
138
194
192
238
339
437
528
653
749
810
887
925
959
993
1079
1123
1175
1226
1185
1067
950
887
784
673
624
621
625
573
468
356
237
157
67
-23
-87
-128
-215
-329
-448
-563
-673
-776
-870
-959
-1018
-1162
-1254
-1303
-1342
-1364
-1374
-1338
-1235
-1143
-1107
-998
-909
-865
-793
-725
-673
-605
-491
-382
-322
-297
-262
-166
-47
45
107
200
316
429
506
649
784
897
991
1084
1213
1240
1212
1187
1193
1171
1143
1024
937
893
915
861
815
741
644
641
554
527
501
452
328
220
134
107
37
-64
-191
-316
-458
-559
-657
-680
-733
-814
-881
-981
-1035
-1074
-1067
-1041
-944
-907
-874
-823
-792
-734
-688
-639
-586
-588
-584
-553
-502
-415
-318
-243
-117
-8
75
149
207
309
473
618
695
775
789
760
803
868
943
1033
1024
996
931
857
850
867
832
753
651
563
506
484
467
539
508
422
328
300
273
192
114
49
-13
-114
-222
-366
-499
-592
-623
-719
-788
-865
-886
-905
-940
-919
-928
-911
-884
-862
-841
-804
-770
-774
-720
-691
-671
-587
-563
-539
-569
-504
-397
-344
-276
-187
-80
16
180
293
385
568
697
774
834
823
835
793
783
783
784
798
788
764
711
664
684
689
719
715
711
659
522
479
473
469
451
460
380
248
156
-7
-79
-57
-117
-204
-234
-314
-447
-589
-649
-616
-616
-656
-690
-777
-810
-817
-815
-794
-724
-773
-797
-828
-886
-858
-804
-747
-657
-590
-522
-448
-412
-373
-285
-215
-125
-16
68
107
143
250
312
386
493
607
686
709
673
638
564
563
611
614
620
587
503
435
381
353
394
442
477
485
457
375
343
326
311
264
189
175
110
-15
-135
-251
-334
-385
-444
-480
-517
-550
-608
-618
-582
-551
-593
-621
-611
-614
-576
-497
-458
-394
-355
-382
-397
-331
-284
-238
-129
-93
10
83
90
141
231
320
375
410
456
514
511
518
516
524
601
639
666
707
687
674
662
638
612
579
641
661
708
738
708
614
478
468
496
525
497
458
369
280
133
-12
-58
-62
-75
-158
-182
-323
-476
-552
-597
-620
-640
-708
-712
-760
-806
-780
-783
-729
-685
-721
-698
-666
-683
-701
-700
-649
-613
-567
-557
-545
-516
-506
-481
-457
-361
-237
-165
-66
37
106
83
75
136
165
254
292
359
354
345
317
293
320
418
457
531
535
504
481
366
351
369
394
419
407
339
262
147
120
87
61
49
-13
-47
-51
-115
-214
-257
-245
-259
-206
-199
-222
-262
-310
-298
-301
-321
-327
-335
-377
-330
-362
-332
-304
-274
-234
-219
-189
-185
-110
-101
-20
28
92
110
150
222
272
324
349
389
426
460
494
491
487
480
433
428
449
493
492
480
451
476
499
529
552
489
455
430
327
279
227
191
187
122
83
-7
-40
-85
-86
-101
-157
-229
-275
-334
-377
-390
-374
-374
-384
-414
-517
-600
-622
-632
-615
-582
-566
-557
-556
-597
-617
-538
-467
-337
-296
-275
-223
-140
-60
17
109
138
146
179
198
203
218
215
169
163
208
296
319
288
286
263
280
319
340
366
357
363
380
348
269
232
203
184
134
90
42
0
14
-1
-38
-24
-72
-116
-120
-140
-181
-193
-198
-169
-189
-275
-319
-365
-384
-411
-381
-367
-351
-338
-353
-385
-333
-280
-227
-204
-173
-178
-169
-145
-102
-50
-20
11
-17
50
85
127
198
247
285
288
306
338
336
321
313
379
466
484
509
494
472
411
351
315
278
293
324
387
377
339
289
195
156
129
122
76
72
54
6
-78
-138
-183
-253
-299
-358
-371
-327
-309
-318
-351
-379
-390
-383
-337
-309
-292
-278
-284
-362
-378
-374
-394
-373
-363
-326
-328
-249
-222
-237
-197
-172
-109
-66
-16
57
75
133
202
272
330
389
391
380
369
371
375
382
406
351
333
342
373
431
457
481
472
479
459
395
320
248
242
262
142
21
-29
-38
-61
-91
-160
-167
-137
-86
-37
-30
1
-30
-82
-131
-141
-147
-152
-174
-209
-274
-348
-428
-452
-444
-443
-437
-456
-443
-417
-425
-447
-392
-312
-242
-245
-245
-250
-184
-104
-83
-54
10
91
51
35
41
95
165
214
275
311
322
334
355
365
375
376
384
397
377
300
240
143
67
30
15
-7
-30
-35
-100
-105
-125
-120
-151
-100
-72
-92
-118
-176
-200
-235
-241
-208
-220
-249
-277
-308
-327
-308
-297
-327
-348
-325
-260
-208
-174
-154
-157
-149
-122
-90
-68
-31
-50
-52
-56
-52
-20
26
91
128
192
201
224
233
235
221
251
314
365
365
385
431
428
450
474
416
365
355
350
378
384
357
304
243
229
221
194
230
243
187
130
105
104
90
33
35
37
55
26
-26
-76
-125
-121
-186
-221
-245
-256
-269
-286
-368
-423
-373
-381
-317
-282
-270
-269
-251
-222
-224
-212
-114
-21
-32
-39
-63
-88
-91
-104
-84
16
84
76
86
124
135
167
217
304
322
313
332
339
326
334
327
343
319
229
145
99
125
106
77
98
80
76
52
56
52
-11
-82
-146
-163
-136
-106
-120
-166
-252
-323
-336
-349
-308
-324
-291
-325
-391
-451
-441
-414
-393
-337
-295
-282
-278
-275
-270
-268
-315
-321
-314
-252
-200
-214
-231
-202
-170
-165
-131
-112
-118
-93
-62
-44
-57
-27
-8
33
106
109
98
45
41
77
76
127
167
202
251
259
222
207
211
292
365
387
383
338
323
311
321
348
327
337
377
352
343
342
331
285
273
280
251
222
229
216
163
144
131
138
106
106
69
56
17
12
54
37
84
74
96
72
24
7
-37
-57
-97
-162
-190
-193
-172
-146
-123
-108
-79
-84
-92
-92
-79
-49
-53
-70
-41
-45
-44
-70
-84
-87
-107
-74
-93
-149
-184
-107
-85
-66
-84
-82
-106
-95
-69
-54
-65
-61
-56
-104
-119
-95
-66
-60
-68
-62
-54
-70
-49
-102
-143
-161
-147
-105
-109
-107
-128
-136
-135
-128
-171
-144
-159
-161
-88
-75
-69
-84
-118
-133
-110
-135
-134
-131
-119
-20
-22
-60
-55
-26
5
30
54
127
203
256
221
148
51
-34
0
-6
6
23
39
46
47
-27
-87
-77
-41
43
123
147
167
188
234
215
209
190
184
196
149
146
114
135
53
-3
-8
-18
-56
-51
-34
-8
54
83
96
97
116
87
132
120
104
83
36
-9
-26
-2
-13
14
46
48
65
83
91
92
101
93
103
141
163
190
209
183
144
110
44
-14
-37
-23
-52
-81
-49
-7
-48
-38
-28
-33
1
27
44
24
-30
-44
-30
16
20
-25
-24
10
-10
-29
-37
-42
-73
-83
-62
-72
-81
-76
-91
-83
-105
-138
-139
-136
-93
-77
-136
-171
-202
-278
-319
-328
-302
-247
-280
-329
-352
-333
-277
-256
-233
-187
-145
-99
-26
-43
-21
-10
2
16
7
55
69
119
137
90
25
-11
-8
-15
30
104
96
62
43
58
109
182
212
274
287
257
246
279
285
294
313
274
250
195
196
174
184
209
181
170
186
140
154
128
112
130
126
108
83
105
83
45
1
-56
-77
-110
-96
-113
-82
-42
-46
-76
-143
-158
-207
-161
-127
-71
-32
-11
-7
-33
-91
-147
-133
-139
-121
-129
-116
-133
-151
-149
-136
-98
-74
-41
-49
-49
-51
-9
23
19
39
5
19
26
55
52
44
2
2
-48
-99
-124
-120
-87
-105
-110
-101
-99
-92
-64
-86
-94
-92
-75
-29
-11
-13
-38
-41
-43
-48
-80
-102
-46
-49
-5
19
-33
-53
-97
-91
-98
-55
-29
-19
33
-11
-39
-78
-104
-87
-86
-61
-31
-9
-6
-29
-81
-107
-54
-20
21
51
50
75
63
81
113
135
147
168
231
239
245
268
286
240
218
191
213
180
203
220
187
181
165
158
173
189
206
192
205
208
214
208
180
159
133
156
134
99
87
71
32
-10
-35
-35
4
-12
-21
13
8
-4
-69
-69
-46
-30
-74
-156
-178
-154
-98
-73
-58
-97
-125
-130
-97
-118
-122
-124
-73
-50
-40
-46
-75
-36
-4
30
31
41
53
51
24
-15
-35
-33
34
26
-19
-48
-84
-112
-103
-132
-144
-158
-132
-109
-165
-180
-164
-113
-78
-56
-61
-70
-86
-99
-156
-197
-203
-165
-195
-218
-180
-183
-165
-174
-149
-110
-110
-90
-77
-122
-186
-255
-282
-307
-303
-318
-302
-313
-275
-224
-232
-249
-231
-196
-137
-140
-102
-40
26
96
145
128
116
136
186
236
308
311
340
349
347
337
322
335
359
442
423
472
467
461
441
430
462
516
508
492
461
408
360
315
306
298
309
274
225
198
155
163
147
96
48
17
-43
-81
-76
-79
-112
-111
-131
-114
-143
-155
-128
-168
-208
-249
-281
-302
-294
-282
-267
-261
-234
-205
-228
-253
-270
-247
-253
-197
-164
-208
-199
-223
-215
-162
-146
-133
-133
-118
-84
-79
-65
-44
-45
-31
-30
-42
-104
-73
-15
35
91
80
95
100
94
50
77
72
65
39
-10
-37
-101
-112
-126
-99
-63
-38
7
-36
-56
-31
-50
-32
7
0
-7
-39
-61
-80
-99
-118
-95
-80
-40
-37
-22
-6
-18
15
13
48
58
68
105
119
143
138
96
81
67
88
67
89
65
39
29
4
10
49
105
148
172
157
152
108
78
59
71
38
57
83
56
28
11
-35
-57
-22
10
8
28
65
40
0
-3
1
30
66
94
89
87
70
76
26
4
-10
-28
-5
13
50
76
70
86
49
-4
32
60
89
119
117
89
62
59
45
0
9
-37
-52
-25
-92
-145
-149
-149
-150
-146
-91
-71
-59
-64
-84
-76
-81
-87
-75
-41
-25
-39
-50
-46
-68
-92
-58
-20
-34
-52
-80
-70
-51
-41
-50
-76
-59
-63
-85
-62
-42
-78
-58
-33
-60
-89
-102
-11
57
93
127
123
95
129
168
212
223
197
191
171
173
161
172
175
225
219
202
191
140
150
150
102
86
90
97
116
123
105
77
33
3
-26
-67
-61
-99
-96
-95
-103
-92
-68
-100
-99
-92
-90
-107
-161
-193
-254
-308
-334
-316
-325
-304
-321
-305
-327
-348
-344
-357
-334
-317
-255
-191
-178
-163
-137
-172
-163
-192
-258
-263
-250
-248
-224
-221
-227
-228
-227
-207
-200
-86
13
85
104
136
139
128
136
105
77
76
147
166
198
215
225
245
297
293
340
401
419
402
434
495
493
506
508
494
452
430
358
271
243
217
197
218
216
219
199
123
67
77
89
117
129
146
127
112
61
39
1
-57
-46
-67
-61
-97
-123
-190
-242
-243
-222
-197
-183
-101
-63
-55
-55
-103
-113
-145
-129
-152
-165
-102
-108
-94
-45
-19
-44
-40
-9
-12
52
130
121
82
64
56
52
85
131
145
111
164
130
94
103
63
33
27
11
-58
-16
-11
-9
-70
-87
-76
-118
-105
-135
-177
-191
-124
-112
-174
-183
-194
-234
-254
-215
-233
-237
-260
-284
-306
-268
-253
-268
-270
-235
-284
-343
-368
-343
-305
-250
-237
-192
-161
-166
-166
-167
-157
-187
-181
-102
-61
-45
-12
18
25
66
121
128
142
140
187
210
236
254
250
260
299
292
288
277
292
297
273
286
269
273
242
234
239
242
236
184
185
138
90
125
128
132
171
162
181
199
134
109
73
42
52
81
66
51
87
18
6
24
23
50
31
25
39
41
4
-8
4
-2
3
4
34
6
8
13
11
9
-23
-53
-83
-70
17
78
94
58
13
-18
-49
-64
-98
-114
