-191
-340
-230
71
57
-57
-172
-255
-289
-367
-263
-256
-189
-52
-133
-116
-216
-152
-10
50
175
273
213
293
326
213
174
237
178
169
269
232
100
28
82
152
133
90
270
321
392
381
197
39
32
2
60
55
8
11
108
209
195
72
-8
-151
-283
-210
-128
-29
92
52
112
-189
-234
-114
64
82
12
80
153
94
-172
-265
-328
-249
-315
-402
-406
-199
-88
-318
-388
-264
-151
-67
59
-41
-114
-83
34
260
280
112
79
-8
39
-18
-11
119
117
259
89
32
58
102
181
167
125
-49
-140
-310
-107
145
71
-48
57
129
70
75
6
50
28
47
-34
36
99
114
114
51
174
55
-24
120
131
-61
64
28
6
74
-117
-173
-104
-116
-250
-403
-392
-208
-139
-166
-188
-259
-197
-187
-245
-199
-99
-162
-105
78
104
-7
-108
-93
-50
62
92
85
40
-13
70
-20
56
94
6
98
57
141
210
231
288
257
178
160
1
-22
14
20
-95
-150
-50
83
60
148
-1
-15
27
37
107
116
-24
-98
-73
-150
-139
-25
59
0
12
91
-77
-268
-380
-244
-111
-25
-94
-32
136
158
41
-39
-80
127
139
194
363
224
73
-99
-77
-142
-162
15
4
-23
112
261
286
146
66
-12
12
-6
68
215
253
137
80
55
96
44
31
252
252
162
171
140
81
129
-64
-135
-42
154
427
160
65
5
-36
-55
-148
-165
-205
-109
10
70
-287
-262
-53
-210
-270
-197
-156
-202
9
156
77
-24
112
60
-42
-219
-284
-252
-239
-215
-301
27
73
144
142
-73
8
-44
-14
-3
-207
-222
-62
67
133
16
-114
-218
-157
-158
-63
-52
-4
157
113
56
-10
-39
-102
-169
-157
-90
-31
107
177
44
-11
16
32
225
126
144
138
0
44
-68
-180
-316
-251
-48
0
85
54
126
175
345
304
191
16
-46
44
-3
173
180
167
28
137
209
139
143
301
288
174
185
206
131
99
152
-13
-67
26
-44
-145
-266
-340
-237
-176
-56
-11
-124
-85
-19
-186
-261
-267
-148
-2
136
62
100
10
6
-82
-261
-198
-108
206
222
168
74
-137
-159
-59
-257
-230
-246
-68
-119
-120
-31
-71
-147
-106
-123
-144
-127
-26
167
25
-132
15
55
-139
-202
66
296
260
174
99
68
14
95
-21
-96
-13
119
152
2
-99
-126
-154
-209
-145
48
114
198
270
152
194
72
147
32
-145
35
176
157
275
334
92
-5
-13
-162
-366
-147
-135
-90
146
88
36
28
-48
-145
-229
-307
-178
-127
-139
-142
-204
-178
-160
-113
32
117
160
316
375
267
40
-26
6
-116
-122
-42
-231
-223
50
44
97
181
164
228
182
157
105
12
55
154
183
119
113
12
-23
-55
-81
-70
-76
181
257
141
228
107
43
16
29
-101
-60
35
153
150
24
77
-19
-122
2
-7
-163
-206
-263
-219
-298
-219
-134
-190
-73
92
226
319
271
-21
-140
-165
-204
-232
-90
-102
36
162
50
-11
-182
-188
5
75
291
417
301
46
7
37
77
16
16
62
-104
18
-100
-152
-149
111
299
176
254
290
276
376
151
60
39
164
208
-35
-40
67
-97
-213
-461
-387
-170
-93
-198
-279
-276
-200
93
84
-42
-143
-206
-154
-9
-7
-105
-205
-76
30
-9
-54
80
192
52
66
-41
-117
-162
-159
-105
59
-3
-37
57
-94
-171
-124
-49
-197
-308
-283
-109
73
51
169
117
56
4
23
2
-159
22
124
165
108
196
268
154
183
171
81
130
175
108
121
117
91
40
-5
199
225
247
13
-57
-254
-267
-208
-200
-88
-200
-49
-61
-37
-203
-195
-134
74
107
119
38
-25
-56
-127
-275
-214
-170
-329
-95
-193
-175
-83
27
-17
-16
74
54
80
20
-65
-81
0
-55
-82
1
61
145
152
83
134
178
25
50
1
-9
167
76
115
201
177
125
155
67
-42
70
153
88
-4
-63
-10
-158
-27
13
26
162
334
249
82
-22
80
-19
19
67
10
9
-105
-201
-215
-141
-69
70
-53
-32
-97
-58
-69
-199
-168
-80
-47
176
140
-5
124
149
176
137
78
39
74
156
183
48
-200
-274
-143
25
87
243
223
308
303
177
62
52
-28
-3
5
-151
-265
-270
-292
-148
-89
-30
-151
-268
-109
-77
25
128
118
164
198
61
-122
-279
-83
33
62
133
44
-98
186
223
67
-33
8
17
85
97
28
-21
-97
101
283
292
205
-64
-242
-300
-245
-81
-61
-78
28
-34
-131
-182
-142
-48
78
176
269
275
177
105
10
129
72
15
36
83
181
263
58
-83
-58
-84
-52
-153
-368
-431
-344
-183
-213
-289
-167
-26
-145
-173
-153
-233
-240
-195
30
-46
84
44
12
-12
98
133
-27
-62
66
134
-55
-39
-15
-174
-85
13
64
139
133
19
-21
8
169
246
48
19
-58
-120
-13
-136
-103
101
80
55
-75
-142
-70
77
8
-106
-81
-131
-230
-274
-175
-221
-46
-25
39
85
-18
-104
-169
-26
-102
-142
144
411
325
209
137
187
210
84
3
76
241
215
250
200
168
224
180
135
121
276
468
344
211
48
-251
-262
-196
-53
-48
-32
113
111
31
118
-18
-86
18
-111
-41
-9
62
93
44
57
95
24
-67
-115
-184
-76
54
-86
-188
22
74
214
219
98
98
-105
-257
-507
-586
-445
-274
-184
155
91
-24
95
55
96
-84
-18
19
67
219
79
-104
-85
-148
-193
-201
-109
-55
-33
144
88
-9
-35
38
110
232
128
94
29
36
60
41
2
20
22
-139
80
27
16
43
118
223
230
152
-80
10
111
224
23
-179
-196
-77
-108
-169
-87
-142
-50
-86
-142
-415
-409
-332
-249
-261
-286
-198
-339
-243
-40
-23
-15
173
155
147
-21
-192
-289
35
-22
-94
89
174
194
55
-81
-143
-106
20
155
13
61
232
269
228
23
115
-37
6
40
117
148
156
189
204
381
257
126
186
359
401
272
316
310
318
247
14
-151
22
8
-98
21
73
54
-59
-274
-437
-456
-257
-166
-116
102
77
-48
-172
-160
-106
-159
-8
-187
73
61
66
107
199
169
24
122
213
180
113
184
70
35
57
70
-38
147
267
362
303
148
143
-93
-55
13
111
-7
89
61
-75
-5
93
28
-22
-14
-90
-60
79
186
96
37
-121
-130
-251
-376
-329
-250
-188
-147
-231
-243
-382
-426
-330
-188
-251
-223
-196
-199
-21
-29
-185
-229
-9
-14
-68
-24
117
46
-122
21
-25
-2
-89
-111
-39
-117
-203
-220
-310
-328
-68
-75
18
-31
-68
-30
-167
-152
-319
-405
-218
-31
27
-54
-153
-109
-95
-73
42
29
50
135
174
178
89
75
134
182
54
-64
-53
63
155
49
65
149
3
-43
-65
46
182
219
278
345
344
360
382
443
396
414
389
213
176
328
481
355
347
334
231
170
78
9
-21
34
120
63
25
76
186
29
73
141
-34
-44
-33
154
100
-132
-85
-72
-52
-74
-224
-259
-37
35
6
51
119
211
267
299
245
29
-66
-197
-371
-248
-309
-315
-241
-331
-395
-381
-395
-248
-66
12
21
63
108
-75
-267
-254
-213
-198
-165
-5
69
-38
-86
-270
-224
-130
31
197
179
145
67
271
203
151
88
-3
-5
-98
-177
-109
38
197
141
-57
-120
-198
-193
-32
87
-21
11
17
-38
-87
-43
-169
-36
58
122
113
95
160
176
131
-107
-211
-195
-65
-222
-69
-61
-112
-104
-214
-277
-394
-500
-286
-105
9
51
73
167
180
40
63
108
162
295
160
-5
46
106
59
43
-72
90
-24
-109
-66
1
95
44
-12
79
15
-55
18
-53
175
366
484
304
122
109
131
238
317
285
432
420
300
134
60
-10
-32
12
-141
-127
-181
-52
91
110
-57
-107
-73
-38
-13
-196
-301
-379
-423
-409
-218
-155
-18
198
218
225
234
108
-22
-7
32
-8
-145
-142
-66
-41
-6
-86
-182
-204
-118
-265
-57
142
-15
-102
-247
-117
-23
16
-46
-25
159
113
62
-151
-245
-343
-313
-348
-456
-207
-131
-251
-200
-164
-36
-85
-44
163
109
138
153
133
26
85
197
266
380
436
413
434
423
153
119
-121
-71
41
23
225
218
302
216
-37
-197
-269
-282
-213
-47
76
268
218
284
208
186
48
15
239
206
264
220
92
119
-137
-111
-158
-283
-63
38
42
-2
-133
-218
-321
-300
-335
-309
-277
-214
-188
-288
-255
-159
98
80
-13
121
-40
10
45
-56
70
159
207
198
88
-97
-62
-7
-123
-199
-343
-238
-162
54
249
162
225
145
64
59
21
28
188
183
247
209
166
194
203
228
86
170
232
308
310
151
73
-14
-142
-235
-416
-466
-308
-347
-225
-151
-205
-118
-79
-71
-99
-88
78
251
277
136
215
85
-61
-23
100
139
87
159
128
54
-98
-227
-237
-331
-398
-484
-490
-419
-459
-589
-452
-510
-375
-66
63
179
245
212
59
270
244
251
331
473
557
462
520
518
479
416
311
169
294
228
57
-47
-91
-35
45
-3
-112
-107
-43
-19
104
-26
-103
-23
70
274
512
504
396
377
240
205
178
128
94
66
71
-122
-161
-133
-256
-280
-347
-368
-448
-588
-640
-505
-553
-588
-722
-783
-490
-354
-215
-105
-91
-77
-105
-86
3
7
21
-31
124
210
147
100
78
123
93
-110
-228
-256
-118
-52
-104
-163
-227
-211
22
168
319
227
1
-31
-30
28
169
296
264
268
326
364
392
302
174
125
292
242
196
93
-15
-130
-252
-312
-176
-227
-243
-297
-263
-103
-136
-241
-232
-66
-166
-5
114
236
195
142
217
323
435
460
559
576
575
352
229
222
31
-147
-86
25
32
-16
182
68
-38
-164
-254
-182
-186
-194
-185
-136
-177
29
80
-179
-356
-295
-213
31
42
-35
-34
-115
-21
-96
-127
-7
168
432
387
486
333
229
74
-65
-89
-129
-229
-141
22
45
104
71
-17
-83
50
44
-14
185
74
132
237
183
159
25
21
184
123
-130
-229
-231
-338
-281
-156
-179
-1
128
86
130
243
168
-61
-140
-219
-336
-151
-74
-305
-304
-449
-296
-227
-293
-245
-158
-3
-36
-73
-219
-125
-195
-121
-10
-37
-8
87
341
258
71
18
7
-14
64
173
321
210
29
-120
-124
-51
16
-56
9
88
8
89
163
203
65
-134
-151
-67
-101
118
287
223
198
153
-1
51
168
134
-52
-14
127
213
243
52
-105
-128
-122
-59
-84
-186
-289
-173
-191
-380
-329
-203
-78
-104
-93
-30
91
133
91
33
-33
119
113
93
113
-26
44
132
30
40
150
232
258
211
39
-36
-69
-41
-193
-231
-348
-268
-48
-143
-92
-73
-166
-95
-97
-131
255
300
302
215
251
393
175
68
150
243
397
314
256
260
212
121
40
-112
-113
7
95
208
108
-78
-191
-284
-199
-133
-155
-130
-19
110
102
-79
-62
21
-164
-47
105
48
107
271
217
175
-10
-105
-32
-211
-132
-226
-198
96
22
-112
-128
-69
-45
-89
-163
-251
-206
-149
-119
-45
-103
23
3
19
-40
29
71
30
-26
-119
-155
-119
-8
-106
-218
-256
-179
-122
-22
45
111
153
59
22
-59
-128
-187
-150
-21
63
172
247
230
223
9
-153
23
193
182
206
341
309
227
100
-50
-238
-283
-244
-173
-159
-122
-158
-94
-92
-206
-254
-392
-372
-256
-195
-96
38
220
248
51
115
47
98
220
215
125
-51
-163
-209
-238
-53
81
75
93
-58
114
68
5
-25
-37
22
141
148
124
-4
13
79
40
201
332
442
356
264
271
137
-38
14
184
269
211
238
336
-126
-132
225
-351
188
139
-340
556
-11
130
-512
-809
308
-403
-105
-65
-418
388
14
-150
112
113
166
290
242
122
349
424
32
193
90
97
91
-300
-284
-161
-116
-51
-30
-236
-223
7
-113
-123
-92
-193
-175
-86
-31
-141
-16
-305
-416
-223
-188
-135
-131
-138
-18
128
77
-94
-196
-190
-63
-42
-85
92
61
164
-13
-179
-134
-211
-125
-148
-33
131
213
333
309
276
267
220
254
-37
-24
87
160
273
340
276
70
4
19
-96
-47
78
88
154
185
222
181
58
-132
-161
-206
-113
-56
-137
-93
-10
-116
-13
-162
-153
-38
23
68
-4
-53
-73
-153
-202
-372
-351
-307
-338
-178
-119
-34
-36
-81
24
83
224
87
-98
-138
-196
-176
-170
-107
-29
32
164
66
-123
-249
-396
-312
-68
-38
122
30
33
233
126
92
-18
76
162
74
76
-15
-114
-18
-61
50
-27
-146
-181
-80
116
195
285
313
434
307
251
41
29
189
255
219
150
143
135
125
72
40
-45
108
212
306
336
276
35
59
-10
-56
-18
74
232
145
97
79
-57
-198
-138
-174
-139
-64
-199
-132
-59
-44
-142
-48
15
188
230
186
48
-20
-163
-80
-154
-368
-321
-293
-263
-277
-96
-19
129
142
237
149
48
68
120
58
-17
-175
-269
-349
-392
-416
-378
-236
-273
-154
-136
-96
-21
-2
-127
-97
-55
39
163
188
145
150
352
521
319
160
198
303
242
89
-90
-59
167
241
139
124
70
-7
-63
-2
-16
-140
-55
-181
-139
-31
-144
-20
7
-52
8
4
120
155
34
-10
19
124
121
108
75
157
298
238
163
70
-230
-264
-170
-185
-134
-103
-145
-128
65
-33
-221
-275
-214
-144
-96
90
-38
-123
53
28
120
130
133
380
348
207
49
-127
-143
-204
-59
44
14
29
-21
-132
-106
-145
-13
-141
-74
44
190
122
-88
-158
-179
-42
-168
52
90
156
125
134
-72
-4
212
140
169
266
89
-11
72
-106
-226
-247
-305
-116
-194
-4
-113
-211
-182
-136
-150
-142
-85
-140
-74
-163
-36
-152
-201
-35
-119
-71
-41
9
144
219
53
-10
-164
-206
-16
12
144
78
-20
-24
225
218
-3
8
-112
34
10
62
222
217
251
58
-14
94
87
248
223
231
65
67
-42
-86
-78
-99
-103
-103
115
102
134
69
-154
-175
-122
-109
-3
188
135
255
191
311
237
209
229
-96
54
-259
-37
115
90
250
10
219
131
58
154
74
178
33
182
3
-13
85
26
-30
-175
86
-45
-209
-219
-299
-276
-389
-175
-167
-206
-38
-265
-49
37
92
227
-152
-38
-259
-198
-231
-167
-293
-220
-192
-76
41
53
21
39
60
190
187
50
79
83
13
-60
-133
-31
30
138
248
124
285
85
152
56
-120
97
-6
116
143
-121
-48
-6
-100
-105
42
-130
-164
-260
-400
-208
-200
-92
-152
-166
-155
-157
-168
-208
-34
82
106
39
-78
-85
-32
2
-75
107
302
517
341
239
300
211
42
-2
108
145
348
377
188
226
189
195
32
-21
131
-55
92
-23
60
-147
-63
-34
-179
133
-4
-168
-52
-65
5
-137
70
79
-56
-83
35
-33
25
151
68
11
-80
-15
-30
225
95
99
-80
-32
-141
-122
-17
-90
-89
-239
-308
-341
-301
-392
-370
-253
-11
65
198
301
92
6
12
-71
-183
24
217
422
377
119
176
-5
-68
-93
-114
-63
9
150
112
115
-5
-107
-119
-9
-40
237
212
127
26
215
-20
-156
-255
-248
15
-54
114
5
-113
-153
-212
-380
-537
-347
-198
-79
38
4
78
140
111
28
-29
-59
-283
-316
-381
-290
-182
-241
-248
31
18
119
132
219
103
73
-73
-190
-205
-207
88
103
380
74
14
20
64
212
184
286
142
272
200
83
113
-82
-46
44
57
122
220
313
280
280
222
-153
-106
-78
-44
185
13
213
-173
85
57
172
95
-37
162
91
241
227
123
62
164
22
203
-89
81
-91
58
121
270
229
194
114
-92
26
233
336
64
182
85
51
68
-285
-451
-385
-434
-306
-199
-409
-214
-443
-185
-465
-547
-348
-616
-303
-401
-354
-219
-218
-425
-326
-401
-351
-139
-41
153
31
410
452
533
631
638
632
706
727
743
792
766
907
874
909
912
896
851
705
662
450
355
203
179
-37
-310
-480
-809
-464
-711
-896
-1117
-1138
-1258
-1386
-1677
-1668
-1794
-1725
-1808
-1902
-1972
-1919
-2098
-1947
-2428
-2064
-2541
-1063
632
-325
3256
-1186
2924
2057
1964
5478
1660
4965
3181
3378
3946
2149
4586
1979
4372
1949
1866
2481
-595
1570
-1778
-1212
-511
-2259
-267
-2805
-2158
-2741
-2900
-2783
-3775
-2494
-3922
-2035
-3648
-3027
-3200
-3207
-2432
-2581
-2883
-2461
-3425
-2789
-3788
-2936
-2889
-668
716
403
2809
-535
4280
2451
4662
5722
4398
6585
4897
5991
4745
5098
5455
4416
5311
2785
3559
2364
1399
1403
-902
-513
-1147
-1217
-1219
-2159
-1900
-3123
-2112
-3895
-3104
-3428
-3986
-2878
-4711
-3912
-4218
-3967
-3541
-3179
-3450
-2933
-3431
-3448
-3825
-3747
-3835
-3808
-2755
-3193
-534
587
906
3631
881
4226
4193
4571
6923
4952
6897
5983
6417
6516
5679
7067
5534
6434
4134
3402
2865
1138
1370
-378
-709
-1022
-1210
-1926
-2405
-3172
-4185
-3484
-4900
-4543
-4721
-5501
-4523
-5816
-5334
-5459
-4947
-4162
-3731
-3851
-3751
-4320
-3872
-4286
-4002
-3815
-3042
-2554
-1436
-2079
1031
1241
2697
4563
2197
6266
4664
6672
6937
5497
6940
5844
6966
6535
6309
6724
5681
6010
3790
3343
2256
1388
1316
-171
-606
-1086
-1258
-2129
-2874
-3946
-4444
-4270
-5445
-5058
-6280
-6026
-5917
-6392
-6300
-6270
-5531
-4714
-4317
-4583
-4253
-4607
-3802
-4035
-3500
-3087
-2162
-1276
-534
-327
1211
2516
3595
5207
4110
5761
5872
6505
7595
7100
7416
7757
7530
8266
7271
7303
6536
6130
4735
3617
2488
1797
1081
461
-544
-1342
-1607
-3161
-3016
-4684
-5027
-5258
-6406
-6392
-7072
-7524
-6873
-7144
-6729
-6532
-6141
-5703
-4755
-5135
-4433
-4538
-3839
-3266
-2825
-1767
-1575
-251
-38
679
1638
2955
4159
4948
5055
4776
6140
5982
7376
7662
7306
8316
7417
8108
7105
6511
6580
5847
5549
3967
3086
1705
1016
41
-1021
-2017
-2413
-3085
-3832
-4697
-6281
-6047
-7074
-7087
-7521
-8150
-7657
-7466
-7241
-7177
-6978
-6412
-5336
-4945
-4397
-3839
-3487
-2155
-2162
-940
-896
112
1038
1367
2196
2161
4193
4139
6024
5082
5576
6523
6510
8220
7198
7650
7439
7311
7919
6438
6942
5873
6116
5193
3805
2494
1308
649
-346
-1494
-2438
-2908
-3542
-3976
-5138
-6341
-6589
-7188
-7484
-7531
-8431
-7485
-7397
-6857
-6522
-6466
-5644
-4614
-4018
-3532
-3053
-2567
-1282
-1034
-538
-312
307
1294
1220
2018
1551
3046
4434
4613
6142
4660
5808
6311
6026
7193
6185
6787
7239
7225
7332
6531
6556
6199
5917
4562
3356
2211
1539
630
-272
-1683
-2229
-2801
-3471
-4393
-5539
-6278
-6451
-6932
-7350
-7552
-8155
-7366
-7107
-6931
-6551
-6044
-4849
-3907
-3358
-2929
-2668
-1746
-1087
-158
-141
821
736
1398
1653
1659
2279
1768
3604
3744
4909
4959
4226
5372
4800
5712
6020
5802
6755
6514
6831
6430
5951
5989
5105
5271
3769
3011
1932
959
671
-390
-1116
-1892
-2413
-3347
-3679
-5098
-5336
-5834
-6816
-6705
-7456
-7559
-7098
-6719
-6392
-5504
-5381
-3958
-3340
-2461
-2469
-2209
-1430
-1642
-420
-1066
-785
22
-189
660
767
542
1661
1142
2202
2538
2551
3473
2484
3902
3945
4513
5331
5003
5550
5351
5758
5712
5738
5991
5714
5611
5004
3988
3458
2347
2194
1673
1093
930
-138
-1020
-1770
-3192
-4105
-4778
-5818
-5799
-6376
-6435
-6256
-6251
-5818
-5354
-5486
-3829
-4122
-3553
-3093
-4300
-2911
-4175
-3010
-2183
-2776
-937
-1693
-787
-431
-664
184
530
-42
1515
1906
1619
3715
2270
3617
3790
3919
5392
4624
5950
5155
5316
5556
5404
5639
5728
6333
6076
6100
5235
4575
3997
3452
3169
2470
2334
1341
844
-554
-2081
-3669
-5292
-5281
-6312
-6029
-7387
-6864
-7346
-6886
-5889
-7376
-5092
-5491
-5081
-5068
-6320
-5551
-4487
-4313
-2307
-3384
-1725
-1536
-1115
824
-1015
1462
755
1442
2119
697
3121
2647
3915
4163
4142
4161
4973
5317
4815
5042
4589
5173
6247
6102
6717
6388
6618
7266
6275
6548
5180
5123
4413
3635
2469
1735
-64
-449
-2161
-3424
-5019
-6413
-6637
-7815
-7878
-8457
-8196
-7878
-7095
-7273
-6344
-6398
-6168
-4369
-6211
-3950
-4366
-3577
-2052
-2893
-1385
-1932
-712
1204
383
2459
1439
1615
3050
1461
3313
2877
3678
4972
5509
5538
4822
5363
4732
5678
5453
6083
6166
6519
6964
6637
6847
6506
6760
6308
6140
4722
4252
2656
2762
957
451
-1342
-2461
-3185
-4795
-5970
-7553
-8105
-8483
-7981
-8439
-8486
-7433
-7769
-5765
-5662
-5642
-4870
-6124
-4020
-5007
-3265
-2966
-2768
-910
-1769
-252
-99
769
1978
2807
2411
3070
2913
3200
3925
2657
3536
3376
4082
5317
4491
5144
4384
4875
5380
5185
5883
5240
5794
5316
5542
4776
4854
4591
4594
4370
3317
2496
1614
692
368
-389
-1198
-1795
-3407
-3736
-5099
-6225
-6832
-7643
-7236
-7411
-7112
-6743
-6992
-5715
-5329
-5124
-4489
-4813
-3995
-2515
-2927
-2267
-1978
-1456
-60
-480
1268
685
1654
2489
928
2779
522
2771
2606
2364
3366
1782
3050
2734
3279
4417
3100
4625
3310
4283
4305
3592
4356
3889
3881
3996
3816
3702
3307
3505
3088
2881
2584
1808
1543
529
579
-422
-1147
-1901
-3341
-3919
-4692
-6024
-6025
-6666
-6180
-6176
-5549
-5176
-4893
-3652
-3882
-2719
-2460
-3107
-416
-2522
-803
-970
-1961
-408
-41
498
1093
709
-116
1619
-558
1716
835
970
2564
409
3333
858
2007
1428
1850
3094
3142
3646
2910
3282
3215
3513
3517
3186
4094
3281
3992
3760
2526
3820
2114
3469
1956
1822
1172
564
261
-326
-855
-1743
-2032
-3153
-3048
-4178
-4258
-4786
-4366
-4510
-3393
-3911
-3158
-3347
-2894
-2101
-2194
-2659
-1691
-3334
-1945
-2605
-2818
-1657
-3742
-894
-1316
-905
-616
-1472
634
-774
1848
167
2712
2258
1778
3228
1185
2701
2912
2308
4079
2959
3944
3152
3478
3403
2445
3264
2218
3376
2057
2882
1760
2625
2131
2106
1855
1609
1693
1154
780
-224
-876
-1163
-1349
-1951
-2415
-2775
-3010
-3434
-3827
-3974
-3703
-3984
-2557
-3447
-2518
-2702
-2312
-1047
-1650
-1752
-1769
-1783
-2027
-505
-2257
633
-115
-31
992
329
91
2150
1443
1052
1881
-253
2027
954
1148
1145
130
2000
736
2212
1927
1254
2168
793
1841
1541
1247
2213
1244
1336
489
980
748
972
1079
638
1085
388
808
-369
-303
-379
537
321
733
-139
139
-526
-799
-972
-1618
504
-1063
318
-630
-930
-685
-922
-512
-40
-540
-888
-374
-1139
-1136
-1808
-1924
-1852
-2187
-1418
-2385
-1563
-1397
-2346
49
-1597
-163
354
-621
283
-883
-1407
-280
-721
-745
-134
-826
299
-193
-311
-303
-1044
-237
-118
51
860
475
1699
2217
2084
3644
3243
3938
4388
4516
3974
3922
3224
3742
3406
3762
3784
2498
2108
1264
631
-316
148
-496
-277
-952
-1981
-1318
-2544
-1395
-2332
-1964
-1903
-2853
-1681
-3863
-3371
-2978
-3850
-2580
-3067
-3354
-2412
-2788
-3410
-1343
-2848
-2096
-1624
-3358
-157
-2821
-1833
-1295
-3055
-599
-1706
27
37
104
2591
891
2342
2135
2828
3641
4151
4320
3978
5491
4741
6253
5724
6198
6059
5866
5946
5380
4542
4489
3049
3822
2731
2473
1876
339
400
-1243
-959
-1650
-1777
-2980
-2918
-4154
-3574
-4051
-4293
-3493
-4723
-3780
-5021
-4436
-5089
-5536
-4570
-4514
-4009
-4020
-4018
-2922
-3567
-2639
-3124
-1057
-820
-1201
-676
-1575
-329
-532
-127
114
886
1112
1467
2258
2113
3122
3856
3587
5130
4661
5381
5576
5086
5478
5146
6549
6346
7001
5751
5322
4733
4486
3546
2620
2089
1310
1312
89
-722
-1608
-2316
-2644
-3023
-3432
-4510
-4342
-4629
-4774
-4489
-5254
-4438
-3906
-3538
-3329
-3051
-3485
-2471
-3559
-2670
-2508
-3472
-1582
-3480
-2174
-1486
-2228
-1466
-1253
-1942
618
-420
-1095
389
38
976
1769
1056
1837
1624
2613
3601
2671
4294
3771
4160
4434
4212
4541
4779
5758
5325
4999
4083
4828
3915
4135
3405
3064
2457
2085
1343
298
-384
-893
-656
-1292
-1663
-2660
-2264
-3066
-2640
-3749
-4654
-3441
-4666
-2576
-3566
-3183
-3395
-3639
-2134
-2650
-2093
-1598
-2525
-1260
-2239
-1518
-2210
-1053
-2929
-941
-642
-2169
-721
-2288
302
164
429
646
345
1295
1381
1260
2293
587
1683
2478
1452
4150
1514
3900
2318
3313
2274
2951
2624
2842
2917
1523
2674
1280
1903
2359
1784
1542
1449
451
757
-413
-213
-765
-587
-459
-1081
-1419
-1799
-1681
-1514
-968
-1427
-1567
-1907
-1616
-1791
-1873
-883
-2087
-432
-2342
-834
-2015
-1817
-1050
-2700
-867
-2930
-142
-2051
-2173
-817
-2305
-898
-1592
-793
-216
-986
-330
-209
-35
693
613
-231
336
-466
1406
-30
961
1240
359
1768
1689
345
1918
1051
1425
2182
1223
1606
1667
2134
2793
2458
2838
3025
2754
3547
2254
1738
2067
1305
2007
985
961
359
938
-51
357
-1388
-1519
-711
-2019
-748
-2215
-1673
-2315
-2429
-1748
-2336
-2112
-703
-1753
-1177
-2506
-2501
-1377
-3295
-1461
-2602
-2913
-779
-2943
-877
-2777
-1390
-1081
-1708
57
-2385
35
-955
-1295
-313
-1379
35
1414
749
1284
2015
868
1626
2433
2342
2840
3737
3030
3978
4112
4748
4461
4560
4399
4275
4564
3532
3148
2344
1686
2068
1705
933
689
-734
650
-1472
-248
-1438
-1703
-1187
-2760
-1469
-2615
-2941
-1493
-2845
-2037
-2597
-2684
-1949
-3916
-790
-3175
-918
-2338
-2549
-761
-3723
28
-3609
-578
-2288
-2033
604
-2141
620
-1616
-284
-352
189
447
171
1098
-119
2495
1019
2569
2587
1643
2849
2154
3610
2897
3036
4440
2260
4026
4119
3484
5111
3627
4477
3842
3363
2572
1944
611
1218
199
-211
-429
-2270
-1749
-2358
-2718
-1627
-3259
-3024
-2278
-4080
-2088
-3855
-3370
-1552
-3972
-1168
-3205
-2119
-1358
-2086
-798
-3106
-438
-3405
-213
-1506
-2301
631
-3402
341
-1363
-852
-557
-751
-154
320
-104
-256
236
-882
1929
-713
2753
716
1930
3142
991
2155
2630
2323
2741
4289
2115
5084
2084
3788
3106
2871
3451
2052
2526
1655
646
324
-301
-1188
-253
-1194
-516
-1197
-1264
-1178
-1535
-2278
-540
-1466
-581
-592
-2181
-810
-2084
-43
-1374
-600
-1283
-1616
-220
-1607
-281
-434
-2041
549
-1539
-331
130
-1518
-168
-1287
-332
-891
-1347
-241
-1154
-380
206
-517
-325
-183
-146
-229
698
-699
2673
-181
1275
719
-486
1484
729
1633
1133
1604
740
2907
1970
2757
1278
3325
2289
2290
2657
1103
1322
1077
1477
944
1098
-31
761
-1246
367
-687
-188
-548
-663
-900
-963
-725
-353
-1133
-1079
-94
-1807
718
-1801
983
-946
-606
-39
-3218
-21
-1646
-1424
-1528
-2288
-1588
-2664
-2828
-1142
-3547
-2900
-2288
-2958
-1271
-2793
-3383
-324
-2355
335
-181
-1343
-153
-710
1817
1074
-109
2592
785
1730
5327
2458
4620
3202
3711
4657
3733
3424
3375
2336
3128
3148
2716
2037
950
2198
1460
1211
1266
584
625
2003
105
1730
-977
10
862
-929
-174
-1490
-1855
-2377
-2274
-1158
-2125
-2395
-1960
-1887
-3456
-3885
-3064
-4940
-2436
-3901
-3473
-3840
-5662
-1487
-5058
-2024
-3383
-2296
-3002
-2476
298
-1400
20
-2236
1241
-268
1654
2038
1812
3273
2303
4662
4265
4854
6040
5263
5570
6514
5529
5715
4564
5296
5553
4449
4372
2869
1983
2466
2821
1954
1556
1105
-65
359
-459
-1533
-876
-2195
-1422
-2334
-2228
-4280
-2684
-3842
-3297
-2965
-5156
-3506
-4804
-3847
-4848
-4659
-6193
-3742
-5637
-3739
-3662
-6741
-2486
-6396
-654
-4320
-2371
-2879
-2636
961
-414
1687
-1041
2626
2413
3884
4968
4724
5103
4705
7647
6544
8107
7862
7799
8925
8224
7959
6943
5496
6363
5457
5311
3589
2136
1682
1567
270
718
-711
-1681
-1469
-3159
-1581
-4415
-3380
-4359
-3398
-4344
-5624
-4423
-7431
-3362
-6016
-4860
-5312
-6461
-4708
-6109
-5832
-6479
-3497
-6572
-2830
-4856
-5020
-2279
-5333
695
-3388
-372
2832
-731
4931
2031
2867
5281
1848
8028
6341
7096
8368
6184
7927
8859
9551
9326
9027
7885
9409
6650
6215
5760
2818
4713
3596
1558
825
-3400
-1346
-2288
-3633
-2171
-5975
-3473
-5327
-5218
-5414
-8145
-5237
-5918
-5089
-6156
-7426
-7371
-6227
-5425
-3801
-4663
-5447
-3642
-5857
-1726
-5817
-3965
-3229
-4734
2253
-4607
-230
-1817
-627
3712
1352
5882
3830
5863
3149
6625
4305
8529
7935
6079
10031
5683
9981
6825
9338
9031
7057
8527
5762
4964
3953
2408
2298
1071
-65
-1417
-3265
-4649
-4296
-5483
-5199
-4965
-7267
-5284
-9109
-6828
-8430
-7356
-4810
-8400
-4411
-7906
-5555
-5576
-6240
-2946
-4106
-1919
-2895
-4277
-2873
-1164
-1412
-2789
-60
-1996
2285
-681
-21
3473
137
8093
3464
7111
3614
4275
6478
7275
8368
6067
8710
4294
9814
7804
8677
9635
5851
9260
5989
5734
4481
1399
2240
580
-118
-1548
-4988
-4867
-6374
-5608
-6061
-6445
-8451
-8437
-9020
-8625
-7586
-9062
-6790
-6726
-6739
-4642
-6612
-5123
-2240
-3066
-1003
-2116
-2338
-180
-2614
-1189
-427
-2084
348
-125
-1064
2791
-2517
3168
4673
3437
8386
1684
4285
4922
6423
7825
7113
7616
4889
8724
7666
9007
8204
6837
8620
6075
7461
2718
1652
2413
-805
2384
-1119
-5074
-3389
-7537
-4388
-6604
-6521
-7682
-8907
-6990
-9229
-7250
-10430
-5975
-7071
-5029
-5445
-7198
-3435
-6589
932
-3174
-1579
117
-3938
1530
-1274
-1827
-549
-1188
-2216
2321
-408
972
7080
-847
8769
3445
1379
8673
2871
10875
5006
6357
4440
6743
10465
8296
11627
5162
8482
7133
6191
5913
768
3909
199
1280
569
-6627
-3251
-6695
-4760
-4157
-8094
-6846
-10028
-8042
-8229
-7816
-7790
-7770
-5131
-6552
-5113
-7269
-5885
-1721
-2373
298
-2082
-3693
-641
-2286
-423
-7
-1900
-1732
-409
-2101
-700
6731
628
7954
1562
1109
7358
3183
10855
5563
5324
4676
4059
11218
7338
11618
8251
5711
9581
5121
6209
2454
3406
2474
1028
1408
-5102
-3541
-5573
-4707
-3031
-8119
-7433
-9941
-10148
-7794
-9952
-8025
-9572
-6710
-6232
-7840
-5886
-7754
-2113
-3292
-799
-1797
-2381
-565
-1316
1148
-1719
-648
-776
966
-828
3943
4121
2363
7229
-1416
5912
5048
5567
9465
1692
6388
1846
9082
9586
8165
11905
3098
10364
7117
5949
7077
555
6237
431
1963
-1306
-5700
-1091
-5569
-2050
-6238
-8501
-8360
-11284
-6171
-10256
-7856
-9397
-9633
-5763
-9410
-5850
-6776
-4608
-2372
-2551
-2231
-4087
-2927
-659
-1419
860
-1656
-869
-799
434
7736
5224
7938
4485
1224
7959
5644
9172
8345
4094
6474
3548
11288
7561
9571
10022
4134
10317
4734
4324
3955
1725
4602
-107
318
-4962
-4754
-2534
-4647
-2756
-7210
-8511
-9202
-9914
-8300
-9492
-9171
-8089
-8003
-6528
-9075
-8118
-6628
-3634
-1879
-1930
-4199
-3571
-3027
-1825
-1019
-1788
-2539
-975
-1232
2317
8014
1920
8934
1186
4667
11028
4766
13375
2688
6698
5564
6085
13665
5131
12004
5999
5296
10027
2079
5014
2087
2155
2040
-2126
-1139
-7380
-2717
-3901
-5131
-4442
-9401
-7325
-9627
-8046
-7832
-9838
-6478
-9260
-6082
-8468
-8665
-6184
-5178
-1894
-2833
-3601
-4799
-3468
-976
-3168
-1014
-3261
-2741
-795
520
8161
1564
6503
2079
4268
11913
6423
11469
3659
4947
7500
7844
14034
6453
10681
6797
5079
11305
1551
5112
1057
1674
1400
-3919
-2952
-7517
-3238
-3427
-5975
-6261
-9983
-8156
-7678
-7601
-6528
-9454
-6505
-8071
-5055
-6027
-7640
-3333
-4380
-1167
-3577
-4342
-3485
-2010
-155
-2982
-2263
-4912
-2541
-849
5300
5298
1862
4244
-2515
9780
8507
8907
9635
250
7605
5375
12451
11873
7504
12150
3497
9695
7990
2183
7310
1124
4383
-1847
-4439
-5049
-6526
-1049
-5275
-7132
-9383
-11521
-7515
-8575
-7367
-8821
-9685
-7101
-7790
-4607
-7157
-4023
-1955
-1182
-1084
-3409
-3157
-1265
2156
-132
-2370
-3560
-3158
-1258
4266
7988
1544
5018
-1816
3866
11287
5361
11031
683
3577
4984
7256
12968
5349
11850
5997
5351
10931
1750
6628
4219
3616
2036
-4818
-3171
-5769
-1963
-1550
-7800
-7612
-10837
-9398
-5834
-10006
-6461
-11112
-7828
-7188
-7179
-5033
-6835
-1361
-2345
-2192
-2178
-4305
12
1294
821
-1171
-3775
-2706
-1504
1126
8267
3165
3316
1710
-1744
12012
6254
9601
5079
-1943
6612
3420
13210
8448
5999
8375
520
9642
4528
3468
6220
806
3139
-4239
-4637
-4209
-2898
958
-4598
-8822
-9612
-10519
-4414
-4909
-6054
-7878
-10240
-5478
-6089
-3477
-5192
-2873
-1295
-2134
-2062
-3978
-1016
1381
2830
-1531
-4024
-5369
-2650
177
5690
6608
-1483
2006
-4183
6500
11276
5399
9600
-4157
2966
3631
8289
13840
4186
9278
1733
3477
8561
988
7215
2306
1334
-1062
-7999
-3009
-4120
-47
-1798
-8328
-10097
-9704
-6745
-2220
-5347
-6421
-8684
-6899
-3923
-1806
-1959
-1888
1294
-37
-664
-1196
31
2899
5117
901
-3134
-4501
-3352
587
2919
8666
-2349
1423
-4009
-39
13581
2033
10389
-2523
-3235
5031
1625
15772
4037
6907
4608
-1950
10940
479
4948
4366
-2106
985
-8697
-4196
-4384
-2235
-911
-10299
-9652
-12530
-7457
-2296
-4878
-4365
-12055
-6835
-5331
-1430
2783
-2709
2800
488
99
2109
1406
6296
6050
4267
-1267
-3498
-470
883
4397
7911
2371
-1496
-412
-4516
11613
7326
6084
3879
-8280
2884
659
11979
9790
2283
5101
-4239
6514
6346
2689
6457
-2540
-545
-6529
-6572
-2323
-3953
739
-8575
-12237
-12434
-11495
-3485
-3554
-5229
-11195
-12052
-6809
-4490
2257
-1352
-1262
1014
-1471
1948
2386
5568
8059
5232
1563
-2013
-360
2719
5511
6542
8188
-2132
2421
-1989
5061
15288
2424
8993
-6444
-1728
4759
5374
16402
1044
4995
-1295
-953
11119
1128
6255
105
-3795
-3039
-8785
-2098
-3459
-1354
-3691
-13161
-11864
-11790
-7361
-1468
-7145
-8140
-14429
-8301
-4586
-896
1011
-5359
-1564
-2838
-499
2689
2996
5434
3586
1143
-2071
-1358
1516
4366
4064
7059
2304
-1106
4341
-289
15042
8775
4967
4437
-7290
6549
4929
14263
9815
-621
4961
-3691
9535
8466
2434
5605
-5208
-1309
-5838
-3889
-168
-3303
-1396
-9903
-12847
-9593
-8756
-1421
-3742
-9351
-12448
-13637
-3017
-2096
1481
-2838
-7430
-1742
-3131
2570
2916
3143
2944
-301
-1856
-2751
-584
2044
1775
3456
5140
-3587
3540
-1692
6505
14520
2185
9076
-5540
1021
6979
8984
17228
146
5191
-582
3617
14730
2986
6636
-1521
-2821
-1095
-5216
983
-2925
-2364
-4662
-12564
-9748
-8436
-4917
-619
-7711
-10538
-14862
-6410
-1136
-111
599
-8531
-3735
-1839
-108
4342
1786
2830
434
-1304
-3500
-1445
117
1448
943
3292
-8
-2449
3381
-1661
13874
6562
3745
4209
-6700
6928
5973
15326
9657
-48
4742
-1113
11753
11534
3765
4590
-3708
-886
-2506
-1656
1029
-3790
-2765
-8702
-11505
-6831
-6990
-2314
-4121
-9897
-12963
-10181
-2652
-387
9
-5136
-6818
-1765
-12
2811
3453
1872
856
100
-2148
-1122
-82
-146
566
-1732
5304
-3861
3471
219
1403
14124
-790
9175
-3504
-1427
8303
5282
17404
805
2856
2858
1625
16251
4380
4577
943
-3983
1195
-3242
1077
-1162
-4661
-3878
-10767
-8066
-5836
-5980
-1639
-8016
-10264
-11353
-6167
75
-1226
-893
-6693
-3585
832
685
4152
2595
1449
474
-542
-1753
-425
-227
737
-784
4805
-793
-905
1904
-1565
14493
4224
4947
1249
-6309
7984
5688
16465
6775
91
4120
-154
13256
8121
3045
2548
-3995
-72
-2700
-2011
382
-4628
-3994
-9689
-11498
-5277
-6432
-2357
-5786
-11491
-11434
-7900
-490
460
-1087
-4198
-5823
1031
1127
3729
3662
2231
1653
176
-1047
-426
657
371
431
1454
4540
-3542
4088
-2310
7285
11140
-161
7060
-8555
2956
6488
9943
14474
-3187
3974
-129
6838
14811
1079
3869
-3229
-2488
13
-4060
484
-4226
-4601
-6737
-12185
-7238
-6399
-3151
-4154
-9770
-12890
-10417
-748
288
-132
-4191
-6787
137
3226
4233
3190
1905
1973
1665
1746
-964
1159
-321
1983
273
5275
527
1580
4419
-583
14488
2351
7142
2007
-4740
8672
3595
15835
4648
95
4742
-680
13160
5528
608
1000
-6086
67
-4043
-2879
-2872
-8689
-6021
-10913
-10428
-6740
-7955
-5386
-8373
-13057
-10811
-6224
-263
-485
-3585
-4903
-3540
3380
4151
4710
3756
2389
2876
3193
1632
2038
-46
2098
118
4891
5999
-1156
7108
-3407
11499
9454
4599
9046
-7357
6367
4133
12474
12868
-2150
6415
-2349
8639
10227
-526
3257
-5606
-1844
-2616
-5589
-1493
-7464
-5874
-8453
-13630
-8267
-9601
-5381
-7411
-12071
-13335
-11129
-1369
-2463
-2310
-5726
-6803
694
2445
4174
3303
2198
3190
2405
3025
596
1683
985
3056
1110
6844
2444
3275
5987
51
15380
4301
9364
4259
-2800
9960
4931
17142
6006
2111
5920
264
13438
5011
1500
1396
-5588
-306
-4998
-3840
-4113
-8839
-6139
-11731
-11606
-8504
-9335
-5906
-10885
-13003
-13053
-7459
-1874
-4469
-4727
-7972
-4694
1466
1620
2454
1073
1299
1936
2758
1267
-67
605
274
1703
4753
5589
1914
5601
495
10596
11359
7054
10169
-2794
6028
6755
14093
13874
3008
7049
782
9481
10545
2892
4423
-2336
-612
-2603
-4975
-2169
-7256
-5374
-8434
-13212
-9328
-10331
-7286
-7893
-11502
-13474
-11215
-4200
-4302
-2997
-6356
-6577
-1796
-523
2034
1109
1832
1336
769
1007
-1273
814
-913
841
-646
6591
2142
2588
4105
-2190
15274
4743
10864
3762
-2961
9398
5715
19170
6675
3578
5964
986
14833
6181
3748
3361
-2562
1809
-4045
-2061
-2691
-5433
-2588
-10172
-10824
-8883
-7519
-4390
-8224
-11850
-14246
-7002
-3485
-3311
-4591
-8991
-5068
-1505
321
231
-383
373
-443
1351
-2554
-2263
-1700
-331
966
5460
2104
-69
3993
-771
15006
7181
9038
5802
-3565
9106
5785
17895
10031
4338
6667
291
12440
7528
4557
4778
-2107
627
-4012
-2937
-918
-5093
-3468
-9384
-11670
-7880
-7806
-3832
-7432
-10560
-12952
-9215
-1877
-3592
-2588
-7280
-6011
-1574
-1300
1540
-328
862
16
-982
-1617
-3562
-2110
-2074
-1465
506
3825
-2452
4051
-1831
5388
12004
2741
11623
-4168
4258
6607
10582
17133
2427
8607
2015
7691
13455
3355
7223
240
723
605
-3796
1032
-3309
-2299
-3901
-10790
-7448
-6990
-4439
-3122
-9361
-10825
-11454
-3597
-1667
-3133
-4395
-7098
-2148
-1160
157
-514
-573
116
-952
-1919
-5296
-3929
-2621
-1477
547
3543
-4172
2354
-1520
3208
13535
1006
11411
-3304
2063
6753
7652
18519
2948
9456
1667
4776
13837
3052
8610
477
45
49
-4529
1466
-2326
-2183
-3149
-9750
-7356
-5636
-4234
-2294
-6944
-8567
-10238
-3443
-852
-993
-1830
-4993
-1107
-1175
817
1622
813
1824
-388
-2129
-5111
-4283
-3022
-2640
-1495
3240
-4705
-510
-2156
-2151
13696
120
9840
-2910
-3769
6309
3466
18922
3498
6337
2922
295
14686
2740
7116
1361
-1652
1183
-5723
318
-2591
-2164
-1726
-9156
-8611
-6180
-4447
441
-5564
-6945
-10889
-4635
1971
-476
987
-5480
-295
729
2258
3801
1228
2792
1715
418
-4000
-4638
-1887
-2425
1272
4889
-5081
624
-3405
407
14393
583
9857
-4075
-2254
4686
3772
17562
1931
8100
1142
228
13283
1636
7898
-322
-2218
-933
-8361
292
-3908
-2896
-3549
-11403
-9150
-7380
-4272
-1400
-5444
-8435
-10860
-4997
83
1036
670
-4356
194
1519
2063
4990
2741
4015
3164
1550
-3750
-3089
-1731
-1202
2371
6118
-2802
155
-2630
910
15205
2862
10658
-3720
-2163
4721
5042
17452
3260
7399
59
661
12191
2175
7682
-1090
-3277
-2103
-9330
-191
-5362
-3003
-4679
-13103
-9777
-9348
-5956
-792
-5809
-8069
-11594
-8418
446
664
2818
-4107
-1655
-158
760
5269
3687
4801
1692
1625
-4275
-2619
-1187
-1577
1124
6113
-2084
-204
-1876
-1192
15620
3545
10742
-1236
-3308
5261
5138
17884
4616
8183
679
602
12505
2544
8718
-501
-1900
-1509
-9522
109
-4959
-1720
-2610
-12517
-9712
-10268
-5337
-516
-4452
-7016
-12564
-7162
-2129
490
2311
-4872
-402
-856
888
2299
1929
4522
1898
1815
-5659
-3866
-3000
-1094
1318
5299
-2307
-924
-1854
-369
14789
2326
10909
-2114
-2009
5293
4648
17000
5652
9619
1333
1504
11071
2857
10426
252
-1050
-3056
-9325
-42
-4724
-786
-3358
-11862
-9519
-10742
-4254
-1550
-2436
-5719
-12348
-4686
-4124
3529
3131
-2503
828
-1298
3147
3027
3994
3967
2963
1049
-4121
-4185
-3381
-2584
2015
5414
-3743
923
-7651
3054
12002
1847
11575
-7843
-481
1976
5999
15222
3068
9949
-1641
3022
7794
1290
9818
-562
1143
-6313
-9596
-1440
-5502
1767
-3828
-12161
-10863
-10445
-4040
-660
-2220
-7364
-9626
-5192
-2703
3136
1481
92
2115
1038
2766
2894
3615
4883
6073
737
-3488
-3004
-3136
921
7513
1918
67
-1446
-6191
12247
4836
9122
4365
-5336
3089
-51
11922
6570
7313
7169
-2217
6542
-714
4102
5074
89
-348
-13582
-7106
-7524
-3956
789
-8945
-12041
-11843
-10696
-4251
-2641
-4791
-6313
-7309
-4543
-3004
1287
1182
3952
2979
1851
2776
3078
5427
5991
5575
499
-1860
-1089
-1588
935
8363
472
4143
-2548
-2592
11569
2709
13151
588
-934
1762
1362
14049
4469
10339
4486
424
8238
-2248
6439
1541
2572
-1667
-12925
-5571
-10497
-2632
-1181
-9478
-11523
-13664
-10942
-6103
-3815
-5804
-7995
-5793
-6199
-2184
-1169
78
4240
2073
2434
892
2401
4024
6075
3671
534
-2123
-2512
-129
181
9386
-1681
5197
-4183
1181
11328
1561
13997
-2955
2497
846
3240
13555
3249
12200
2789
3233
7173
-2941
6983
550
4879
-3169
-10856
-5795
-10770
-799
-2142
-8911
-8977
-12498
-9684
-5063
-6252
-4880
-7486
-2979
-5017
-2844
-2882
-583
5310
3139
3753
565
1793
3723
5335
2220
364
-1784
-553
-1584
5965
3560
130
4836
-7505
11551
2264
7409
7451
-4868
6433
-3026
10711
5953
5779
10072
-1201
9706
-598
2000
3923
-193
6224
-10086
-4786
-9312
-7818
287
-6989
-7489
-10348
-11611
-6894
-5804
-5543
-6007
-6858
-1555
-3212
-388
-2801
1955
4093
3454
4369
1499
3574
5012
5116
1246
-599
-777
-294
335
9572
-1320
4032
-2318
-3014
12243
184
11343
20
-1657
2407
-743
10933
2989
8948
5079
775
8480
-4350
4611
-30
3476
2031
-10364
-4289
-12264
-3854
-1510
-7706
-7344
-11504
-11287
-6701
-7970
-5569
-7331
-4592
-2862
-3473
-1891
-3681
5035
4487
4528
4372
711
4123
6621
4754
2317
-422
1400
-69
5400
9800
-835
6958
-5146
5189
8580
1375
11088
-3716
3063
469
3068
8621
2246
10830
1220
4828
4381
-4214
4052
-1247
4110
-3713
-7529
-5443
-11125
-2513
-5360
-8778
-6745
-11835
-9321
-8059
-9270
-5909
-7770
-2939
-3722
-3630
-2647
-2833
4512
3113
3321
4335
1201
5095
5931
3717
2479
-978
1564
-35
7817
7974
1126
4158
-3931
4928
6743
3332
7121
-2134
216
406
3050
7053
4569
9165
3268
5145
2698
-2037
2761
2276
4618
-2510
-5135
-4859
-7788
-1492
-3899
-6810
-5338
-9895
-8697
-8852
-9099
-7655
-6263
-3629
-4994
-5588
-5160
-2613
3344
2615
2503
2579
622
4857
5220
4050
2571
1053
1918
2257
8002
7050
4532
3021
-724
2811
3789
2912
4233
-194
-2412
-1965
96
2944
4699
6166
2644
2871
1087
-2265
1195
1756
3409
-956
-1389
-2869
-5427
-440
-3061
-1160
-2719
-5590
-6871
-7604
-5151
-6098
-3149
-4091
-3685
-3508
-4189
-350
954
1723
3191
2996
2914
4793
5225
7305
5418
4957
2843
2139
6091
4925
5889
1076
-3519
-3252
-4696
-1513
-3085
-3172
-6522
-8829
-5257
-4647
-1408
-77
-830
167
-1423
-1434
-966
210
3238
1749
3062
1488
1340
2550
2038
3185
1548
431
-1414
-955
815
467
1841
234
-136
738
941
3992
3774
3842
4705
2300
2727
3688
4046
6651
4870
3222
-330
-1739
522
-975
-258
-4147
-8561
-7750
-9676
-6406
-6744
-7352
-9071
-10602
-8077
-7208
-4080
-2880
-4685
-1117
-3693
-793
-346
2212
3972
4056
5651
2689
4227
4282
5373
5736
5567
2581
592
2189
2950
4421
5034
2697
2238
2302
2920
5751
5143
6312
5652
3582
3503
3065
5043
6146
5915
2879
-632
-1408
-457
351
581
-3319
-7096
-8860
-8693
-7791
-6024
-7638
-9259
-10017
-9621
-8263
-6068
-4808
-5792
-3544
-5951
-3465
-4466
-1320
-984
350
1850
-952
2077
1753
3744
4354
4314
2716
929
3679
4036
6126
6988
4153
4820
3688
5175
6700
6621
8472
6912
6270
5000
4092
6337
6621
6039
3491
-18
-183
-714
810
534
-3676
-4740
-7875
-5927
-5542
-4359
-5408
-7303
-6534
-6965
-5534
-3202
-4151
-2973
-4648
-5147
-4574
-4818
-2733
-2882
-2104
-2463
-3743
-2912
-1942
-1201
-48
-790
-2234
-3343
-1732
-781
1507
2876
882
2255
1672
4015
5970
7294
8933
8097
7512
7130
6312
8603
9099
7706
6309
2579
2994
1504
3923
3451
-913
-786
-5132
-3471
-2663
-2807
-3108
-5365
-4271
-5152
-3606
-1154
-2342
-306
-2678
-1998
-2785
-2267
-416
-787
715
-1275
-1813
-2490
-1391
-1413
-735
-2323
-4374
-5000
-5886
-4226
-3354
-2227
-3802
-3232
-4042
-2540
-768
1131
2836
2198
2526
1869
2242
4633
6249
5192
4460
3204
3312
3421
5666
5707
3169
2942
262
-246
1731
1041
1186
126
324
-750
-218
1395
819
2398
719
834
142
553
1403
363
1573
-1065
-527
-894
-877
357
-467
-1192
-2398
-2588
-3027
-1957
1189
4191
1166
-6922
-10668
-4952
303
-2623
-7359
-7761
-5578
-3402
590
2935
-196
-1238
-1331
-112
-2540
-2732
-253
-471
1775
113
-162
-256
2872
3087
1992
3148
2647
2709
4323
4771
5880
5237
5499
5835
5198
6744
6278
3968
3280
300
245
-261
-377
1667
-883
-818
-3211
-4766
-5439
-5234
-1784
-3111
-1416
-2980
-5409
-4216
-3994
-1335
-877
-1109
-2102
-3690
-1949
890
2702
1809
-3966
388
5375
3299
-5088
-8237
-2112
-849
-3207
-8068
-7029
-4278
-28
5137
3684
-1274
468
2404
5614
3303
574
93
3005
7079
5486
5096
6057
5553
5711
6506
3094
2778
2452
5754
3628
-164
171
-1039
1072
169
337
-3884
-6469
-3902
-4444
-3651
-4977
-3855
-3036
-3295
-758
-2847
-3472
-1328
-1867
-2206
-4688
-3873
-1999
114
909
-323
-2205
-1643
-264
1577
-666
-2528
-846
-1157
282
-2683
-1762
523
3323
5387
3644
1950
1001
4353
5552
3212
29
-1315
1623
6554
4263
3191
2711
3725
6934
6238
2846
-1772
-56
2603
1798
-2050
-4574
-3009
-1845
202
-4202
-8352
-6334
-3000
610
-2161
-5064
-6646
-3934
802
1732
1190
-1937
2258
1307
86
-2255
-2591
1606
3859
2900
-1108
-3310
-3081
462
-1502
-3600
-5174
-5120
-3142
-889
-57
338
-1516
-328
2578
3327
4648
3076
5171
3496
2927
3945
6847
6715
7200
6902
5334
5004
1903
856
372
904
1599
-2203
-3848
-6087
-6674
-4457
-6983
-5192
-7470
-5957
-3968
-2205
509
-1499
434
-24
2408
2699
1731
2546
2599
1612
1537
461
2231
2843
1389
-332
-3648
-4608
-7659
-9342
-8875
-11056
-9191
-5376
36
2013
-1034
-869
3746
10982
11102
9619
6564
5883
10328
12439
10280
9381
8451
9970
10341
7061
612
-5798
-2429
-1202
-2980
-8119
-12568
-11702
-11103
-11028
-12710
-11547
-7382
-2873
-1243
-3671
-5965
-4078
1127
6978
8490
3627
3434
4799
6245
5147
1284
1718
1585
3601
-866
-7572
-11084
-13612
-9904
-9987
-3928
598
3179
2649
-12
2745
5718
9476
10770
8796
7372
8399
10041
10349
8700
8645
9764
11952
8408
287
-4581
-5490
-3122
-4744
-6555
-9018
-9824
-8624
-9559
-10172
-11947
-7257
-3592
-863
-2083
-5608
-4248
77
4613
4694
3177
3422
4765
4993
2159
-1418
-3259
-1133
-636
-3339
-7429
-12406
-12130
-13817
-7043
-601
5556
5483
2825
3870
7406
12120
10451
8628
6673
10604
13340
11891
9263
5817
5746
9286
8532
3500
-4606
-5109
-4121
-5135
-8486
-12612
-11206
-8030
-5758
-6302
-9199
-7352
-5028
-1833
2274
979
1089
1924
4155
5075
2968
3595
3781
2175
1499
-834
-1866
-2845
-4368
-4040
-7142
-9578
-13306
-14757
-14268
-8925
-1287
4507
4569
2743
3613
9969
15665
13702
10351
6630
10518
12978
15086
10128
6040
4687
6512
6789
415
-5403
-9201
-7546
-6891
-10119
-12488
-13495
-8701
-5249
-6305
-8650
-8648
-4926
461
5974
5547
5244
2727
6188
8108
9257
7016
3623
2013
-101
-891
-3877
-5686
-4893
-5205
-6714
-10390
-15319
-16777
-16656
-11774
-3618
1798
5874
3295
5028
8999
15129
16262
14135
11113
11591
16220
16268
13227
6531
4353
5350
6364
3263
-4994
-9982
-11228
-10656
-11846
-15135
-13595
-12012
-5976
-7337
-8892
-9111
-5995
807
5674
9509
7429
5873
7338
10473
11985
9747
6250
2639
726
-233
-3477
-5448
-7214
-8244
-8046
-11076
-14243
-17799
-17483
-15196
-9596
-3231
2123
4535
3954
6736
10993
16442
13900
13571
10832
14843
16845
14964
9621
5503
5757
6299
5161
-398
-7746
-10737
-10466
-10731
-11540
-13021
-11226
-8946
-6705
-7200
-7460
-4631
446
5086
9182
8946
9257
8127
11162
12843
11442
7358
2796
-18
-2103
-3041
-5627
-9011
-9168
-9594
-10068
-11942
-15274
-17819
-18256
-15992
-14331
-7607
-804
6807
6327
8422
9326
16158
18154
16485
14120
11640
15627
13333
12975
7218
6163
4579
4099
683
-6240
-11009
-11871
-10378
-10240
-11719
-12532
-10956
-7368
-5023
-4054
-3102
269
4090
8829
12201
11960
12462
11625
13558
11879
8187
2605
-1021
-2645
-5086
-7100
-10854
-11764
-11118
-10040
-10644
-11804
-15282
-16901
-17687
-15122
-14398
-8614
386
7265
11716
9832
13634
16441
21289
16649
13089
9489
10658
11741
9759
7217
3176
1590
-615
-1078
-6546
-10862
-14790
-12890
-11885
-11359
-11283
-9961
-6427
-3908
-1491
148
3470
6950
10258
14226
15322
13435
10577
9746
10232
6773
2081
-3161
-5645
-8565
-10011
-11713
-12236
-11056
-10482
-9753
-10517
-11982
-15639
-15150
-14939
-12411
-10368
-4295
4834
11867
16422
14104
18287
20074
22202
15935
11297
8033
7412
8940
5978
5130
553
-134
-4699
-5265
-11196
-15139
-15898
-13484
-9757
-11347
-9586
-7701
-2492
431
2024
4004
6997
10364
12770
14504
15080
12897
11107
9323
6741
2600
-3845
-7488
-10609
-11654
-14037
-14397
-13299
-10945
-10045
-9180
-8965
-9156
-10122
-10724
-10292
-9924
-7483
-4237
4943
11615
16928
17781
19057
22327
21971
19169
10937
8147
4702
5313
3083
784
-1670
-4347
-3335
-6218
-7621
-14191
-15932
-15639
-12316
-9439
-8927
-4650
-521
3745
5005
5483
6358
7381
9600
10698
10921
9896
7914
7192
4791
2592
-3461
-7217
-10600
-12072
-14354
-14069
-13364
-10912
-8122
-6708
-5496
-4761
-4303
-4920
-4959
-6494
-7005
-5325
-321
7370
13976
17653
18497
18888
21873
20948
17663
9543
5315
763
1247
-316
-2073
-3289
-4194
-2526
-4745
-6634
-13278
-15332
-14721
-11259
-8942
-7410
-3946
121
4892
6450
4705
3212
3329
4737
5837
6375
4673
3773
3883
3435
1964
-2050
-5152
-7230
-8209
-9750
-11210
-10102
-7619
-2715
-794
363
-109
-596
-595
-2542
-4377
-7563
-6094
-2724
4392
10084
13237
14648
15268
20489
19528
16031
6951
1891
-1169
-1088
-787
-1867
-1011
-1069
361
-2099
-5394
-11130
-13539
-13390
-10687
-10177
-9682
-6528
-2581
1501
2308
1687
706
1409
1256
39
816
1666
3219
5234
6389
6422
3390
1304
-680
-1335
-3935
-6446
-6137
-3085
565
1401
2243
1616
1649
-739
-3291
-6951
-9995
-11593
-10103
-5997
2219
7899
13308
14370
17783
19118
16540
12364
5477
4038
690
2431
830
1303
484
998
460
-1787
-6859
-13405
-16352
-17373
-15652
-15503
-12604
-7834
-4217
-1047
-1163
-1639
-1361
-548
731
1600
4260
5683
8633
11397
12853
12090
9377
8618
5913
2847
-1379
-3810
-3542
-2139
-518
-359
-431
-1551
-3291
-6326
-9244
-12771
-14666
-14481
-11450
-7786
596
5848
12139
14263
18056
20670
18442
14876
7185
5326
2225
3518
1840
1315
110
-481
-1810
-4976
-10587
-15871
-18427
-17804
-15251
-16145
-14413
-11507
-6086
-1492
324
959
2863
4896
6409
6080
7263
8940
10850
14190
15529
16227
12469
9889
6944
3576
-1349
-5606
-7439
-6785
-5032
-5807
-5601
-5446
-5831
-8418
-10458
-12175
-13849
-13933
-11506
-7419
1257
6487
12514
15886
18789
21477
18300
16172
8682
6295
2948
2123
454
-1914
-3154
-3592
-3703
-5656
-9044
-13662
-15228
-16099
-15501
-16814
-15219
-10732
-5136
223
3149
4908
6853
8207
8286
8592
8861
9822
10824
13393
14860
14593
11909
7880
5069
644
-3461
-6969
-10113
-10573
-10699
-8812
-6832
-5591
-5348
-6920
-6815
-8493
-10998
-13122
-12963
-9621
-2072
5490
10693
14813
15861
20610
19822
18284
11120
6628
3997
1742
-263
-3710
-3729
-2626
-939
-612
-2684
-8145
-11117
-14108
-13927
-16210
-15854
-12865
-7246
-584
3407
4991
7556
9101
9230
8028
6571
5922
6064
7881
9887
11798
11115
8873
6163
2836
-1672
-7286
-11394
-13660
-11931
-10704
-8569
-6739
-5985
-4598
-5283
-6217
-9121
-10715
-11281
-9154
-6839
-597
4435
10572
15559
17218
21886
20096
18244
11874
7649
4266
1241
-114
-1677
-1843
-876
-267
54
-1844
-6690
-10300
-14013
-15230
-16056
-16066
-12403
-7556
-1970
2634
5495
8590
8915
8869
7429
6066
4779
4015
5015
7440
8887
8409
6640
3567
1661
-3258
-7863
-11913
-13497
-13097
-12229
-9955
-7477
-5418
-4053
-3837
-4565
-4759
-5540
-6267
-5530
-4474
-453
5398
10644
16239
17153
21627
21538
20461
15989
9178
4827
617
-1944
-4404
-4704
-4204
-2627
-2426
-1832
-5366
-9064
-12644
-15234
-16681
-17790
-16075
-10528
-4354
2835
6878
9894
11762
10822
9645
7250
4609
2828
1430
2896
3939
4132
3841
2644
2094
-543
-5146
-9446
-13043
-13503
-12421
-11027
-8595
-5707
-1885
1077
2234
1834
108
-1079
-2049
-2684
-2650
1200
6063
11509
16105
18006
22567
20713
18718
11654
5359
-62
-4951
-7399
-7790
-6387
-4198
-2315
-2247
-2808
-7554
-10614
-14265
-15872
-16947
-16927
-13028
-7520
-1079
5238
8481
11730
12530
11282
8422
4556
1662
-609
-1240
459
1194
3297
4126
4749
3566
326
-3962
-8142
-10161
-10751
-10402
-9266
-6040
-2456
2124
4224
5104
3775
1725
-803
-3365
-4788
-4401
1474
6290
12790
16126
18525
22350
19750
16713
8171
1602
-3198
-6479
-8319
-9093
-9295
-6852
-5377
-4020
-5346
-9174
-11439
-14406
-15505
-17274
-16988
-12841
-6040
1484
6711
9536
11809
12509
12387
9531
5909
1718
661
-630
1068
2622
4762
7285
7880
7243
3720
-689
-5298
-8990
-10622
-10841
-10278
-6220
-2621
2172
4479
4579
3415
1506
-542
-2493
-4041
-4181
-1048
3483
8744
12840
14286
18238
18431
16365
10917
3059
-2559
-7020
-10291
-12782
-13869
-13225
-10680
-8190
-5480
-5931
-7953
-9883
-11758
-13061
-13482
-12668
-7797
-2285
4586
8642
11898
15018
15958
14720
11488
7029
3863
1844
1449
3206
3702
5914
5997
6216
5113
1691
-2085
-6279
-8968
-10599
-11827
-10615
-7704
-4023
-552
2039
3475
4015
3297
1058
-1190
-3658
-4903
-2938
-465
4749
9277
11903
17981
17182
15271
8232
1242
-3620
-8937
-13695
-17087
-17279
-13626
-9011
-5847
-2794
-2806
-2735
-4529
-6221
-9229
-10812
-10636
-6342
-151
4884
8943
12767
17646
19973
17900
13710
8446
5328
2335
-187
-1261
-1610
954
3456
4382
4230
735
-2557
-5548
-8521
-10564
-13262
-12588
-9275
-5537
-2062
815
3424
6500
6473
4377
-121
-3957
-6864
-6476
-2486
339
5520
6582
12928
15846
14469
10541
2981
-1109
-4978
-10121
-13738
-14924
-13093
-8405
-5553
-1063
477
1431
512
-245
-2886
-6237
-8216
-6779
-2057
2177
5395
8896
13305
17313
17257
14502
11532
7160
2770
-1894
-4773
-5519
-4200
-1970
341
1379
1178
-1403
-3597
-5516
-7885
-10535
-11891
-10042
-7059
-4111
-504
2146
4896
6261
5215
2479
-1402
-4411
-7280
-6932
-4068
-1881
2973
6173
13967
16122
15306
11930
5945
2852
-2982
-8618
-13157
-12943
-11234
-7054
-3623
864
3003
3481
2957
1458
-2266
-5527
-7654
-7620
-4674
-1796
2685
8069
13817
17630
17317
15089
10932
6081
697
-4325
-7296
-9112
-7990
-6544
-4196
-2033
-742
-450
-1117
-3610
-6367
-9337
-10529
-9592
-8722
-5901
-2064
2067
5630
7277
7084
5345
2877
4
-3329
-5023
-4371
-3367
336
3535
9741
14681
15667
15091
9887
5009
-736
-7346
-12221
-12876
-13085
-9842
-6253
-748
3466
4888
5322
4565
2395
-900
-4270
-6039
-4213
-1770
876
4848
9568
13376
13956
12538
9513
4469
-1428
-7951
-11808
-14284
-13294
-11632
-8539
-4257
-1180
1756
2754
2276
571
-2688
-3861
-5025
-4580
-3218
31
3626
5868
7346
7323
5982
3803
-198
-4416
-7981
-7943
-7258
-4848
-290
3539
11005
12614
13921
12250
8116
5110
-442
-5306
-7778
-9259
-8041
-4613
-475
3415
6150
7537
7891
6542
2225
-1990
-6433
-8227
-8521
-7682
-5293
-1172
2060
4826
5621
4821
2939
-502
-4535
-7953
-10510
-11541
-9529
-6394
-1067
3441
6729
9173
10216
9356
6281
2920
-553
-3157
-5190
-6072
-5089
-2945
26
2096
2603
1929
446
-3003
-5319
-8908
-8832
-8002
-5206
434
4570
13679
16786
19087
17633
14191
9951
4890
-1335
-4701
-6910
-6638
-5024
-3024
-81
1743
2374
423
-1056
-5860
-9139
-12823
-14308
-13528
-11668
-8463
-3062
2750
7436
9861
8859
7391
4955
1602
-1515
-3792
-4427
-2613
-267
2863
4835
6872
7720
7703
5718
1878
-2097
-5162
-6146
-7020
-7442
-6963
-4597
-639
2043
2921
2360
432
-1374
-3322
-5546
-6119
-4392
-3175
1301
4184
9351
13709
14846
16096
14319
11822
7432
1276
-5050
-7703
-10142
-9315
-8337
-6791
-4630
-2561
-1775
-600
-1311
-3283
-3957
-5867
-5558
-5816
-6528
-5576
-2079
1708
4524
6830
6847
7725
7376
4853
2050
-1078
-2180
-1867
-936
573
2374
4863
8014
9913
9604
7494
4346
1018
-3113
-7509
-10552
-11987
-10545
-8523
-5728
-4039
-2154
-2598
-3185
-4515
-6873
-7972
-6309
-5039
-908
2422
7083
14651
17862
20592
19353
16172
11592
5366
-2037
-6495
-9985
-11396
-9982
-7051
-4009
-1125
-507
519
337
-3430
-7375
-11683
-13790
-13158
-12181
-9615
-3260
2808
9137
12863
15065
15394
14632
11780
8400
5540
3317
2823
3225
4365
5254
4860
4561
3357
846
-2963
-7633
-12006
-16096
-18480
-19491
-17882
-14971
-9920
-4905
-655
2793
4180
4459
3707
2390
264
458
2162
3819
7545
9787
15395
18077
16974
14617
9826
5302
541
-6374
-10680
-13123
-14046
-13143
-10575
-7332
-5136
-2144
-1565
804
249
-2252
-3741
-4412
-3104
-649
869
4428
9248
12929
15316
15898
14981
12787
9578
4914
737
-3546
-5910
-6981
-7040
-6692
-6386
-5778
-5091
-5483
-6692
-7541
-8063
-8120
-8180
-7536
-5472
-3167
-373
2115
4376
5711
6191
5179
3107
859
-1950
-4346
-5074
-3087
-1611
1060
2826
6981
10999
11077
10731
8373
5676
3642
-1165
-4800
-5419
-5995
-4959
-3963
-1591
-902
1710
1101
1975
2170
118
-203
-2182
-1866
-1651
-1477
-865
1234
3622
5350
6624
6544
5304
3992
1593
-535
-2718
-5069
-5974
-6232
-5195
-4297
-3260
-1813
-402
560
227
-1195
-2598
-4121
-4965
-6028
-5661
-4985
-3468
-2544
-1501
-624
605
1512
1965
2013
476
23
234
1975
2185
4315
5217
9983
13345
13036
12111
8638
5906
3306
-2079
-5362
-7009
-8336
-7191
-6514
-4366
-2535
-377
-273
1445
2164
983
-417
-1469
-1198
-914
-1000
-1326
630
2185
2749
2289
1101
967
710
24
-778
-1925
-2543
-3144
-2919
-3472
-4358
-4290
-3803
-2567
-1974
-1337
-841
-98
545
641
826
732
928
752
375
489
196
30
368
1041
1184
716
57
-517
844
-180
468
202
2229
5971
5923
6945
6803
6532
5685
3016
-825
-1746
-2788
-3542
-3412
-2713
-1616
217
1003
1709
2519
782
-1197
-3646
-6086
-7631
-7781
-8367
-6462
-4308
-1575
1665
3885
4843
5473
5023
3401
1755
-304
-985
-1519
-1942
-1497
-157
1820
3322
3383
2997
1974
1408
-146
-2362
-4352
-4710
-4168
-2875
-2430
-2222
-1519
-452
459
1089
683
-495
-1495
-2651
-2655
-694
-422
836
3326
5543
10381
10174
9143
8725
7740
6792
4266
218
-1509
-3260
-5234
-6644
-6415
-5196
-3705
-2212
-2870
-1586
-1783
-2377
-3028
-3628
-4338
-4846
-5137
-4541
-2607
-647
1295
3409
4864
6153
7278
5600
4012
1501
-299
-1442
-2480
-3415
-3942
-2763
-738
1002
2632
3382
3458
2973
1575
118
-1959
-3280
-3786
-3189
-1839
-1314
-599
-749
144
524
-216
-1049
-2566
-3644
-2805
-982
-304
2264
3624
7159
10388
10259
9630
8522
6593
4591
268
-3840
-4658
-5335
-5787
-6530
-6101
-5522
-3848
-3908
-4125
-3538
-4082
-3798
-3693
-3542
-3106
-2562
-2111
-307
1205
2003
2929
3391
4043
4844
5546
4741
4463
3681
3744
3418
2720
1166
-69
52
288
625
43
326
792
1302
34
-1315
-2835
-3418
-3895
-5106
-5322
-4685
-3499
-1850
707
2666
3416
3456
3055
2431
1025
-1146
-1608
-2456
-1516
-1547
-443
2431
3082
4009
4354
4137
2926
83
-3351
-4372
-5518
-6750
-6979
-4900
-2173
727
2177
2213
3989
3548
1785
-51
-1549
-2882
-3173
-3866
-2837
6
3027
5674
7145
7347
7193
6551
4822
3091
1413
-219
-1605
-2033
-2429
-1443
-672
558
1073
1913
1509
665
-190
-1838
-3370
-4577
-4639
-4930
-3720
-3124
-1411
-416
-283
-797
-1335
-2439
-4338
-5770
-6760
-6933
-5701
-3724
-2320
797
2203
5069
7096
6826
7249
6784
6032
4694
2229
-242
-487
-1219
-1588
-1014
456
582
1524
1273
1173
1964
472
-855
-1051
-544
-328
232
-251
987
2065
2350
2697
2954
3156
3542
3056
2023
792
-823
-1844
-2767
-2964
-4101
-4277
-3892
-2569
-1448
-859
-99
-120
-217
-1567
-3060
-3553
-3804
-3681
-3059
-2486
-1270
-457
-514
-740
-1247
-1687
-2759
-3843
-4878
-4614
-4142
-2983
260
1875
4953
6516
8744
11776
11313
10300
8744
6844
5165
2995
-78
-1009
-1632
-2214
-2461
-1343
-1020
-712
-609
-1191
-312
-1401
-2363
-2280
-1836
-1936
-2310
-2947
-2577
-1290
-388
24
1570
2707
3737
3913
2884
1902
-211
-1854
-4120
-4748
-5182
-4903
-3534
-1474
66
806
523
524
340
-803
-2700
-4488
-5216
-5571
-4605
-4064
-2104
-542
1200
2205
3662
4540
3860
3089
1646
1009
222
812
2255
3702
5419
5847
7307
7948
6993
6087
4319
2728
1247
-1340
-2890
-2356
-2297
-2672
-3002
-2834
-3095
-2848
-4503
-5047
-4564
-4903
-4851
-4549
-2849
-1301
524
1072
2396
3780
3784
4262
4242
4077
3922
2738
1312
365
-976
-2316
-2905
-3513
-3984
-4592
-4723
-4178
-4002
-3143
-3191
-2298
-1215
-657
-250
571
1327
2218
2757
3063
3959
4291
4318
3890
3552
2582
1224
-166
-1252
-1641
-1693
-736
221
1751
2954
3515
5267
4656
3768
2764
1512
573
-745
-2712
-3810
-4675
-6033
-6237
-5876
-4087
-2843
-1861
-1875
4
1527
1907
2580
2046
2043
1969
1401
375
234
317
1026
1573
1615
779
-24
-755
-1938
-3079
-4125
-4560
-4236
-3750
-3361
-2676
-1789
-523
919
2822
4327
5531
5535
4620
3633
2846
2024
970
230
229
265
-100
-1339
-2444
-2865
-3425
-3763
-4671
-4710
-4182
-2904
-750
595
2641
3709
5413
7549
7804
7845
7128
5719
4216
2115
-415
-1521
-2774
-4511
-5947
-6056
-6276
-5576
-5195
-5054
-3435
-3284
-3252
-2869
-1872
-685
746
1172
1394
2637
3310
4151
5043
5119
5059
4615
3988
3722
2612
586
-1604
-2912
-3306
-3892
-4395
-4261
-3250
-2002
-1568
-1435
-1028
-951
-1276
-1249
-1539
-1687
-1709
-1864
-590
1341
2646
3080
3432
3728
3629
3186
2350
2608
2115
2771
2430
3156
4395
3409
2565
1379
500
-631
-2864
-5647
-6067
-6255
-6282
-6537
-5755
-3646
-425
1230
980
1692
1753
1996
1627
953
331
728
1414
2159
3213
3780
4082
4031
3188
1490
309
-1619
-3074
-3754
-4156
-4281
-3673
-3387
-2301
-544
402
1113
833
507
452
512
384
-53
155
365
561
979
1062
1194
907
-207
-1522
-2791
-3467
-3915
-4099
-3793
-3624
-1997
78
1822
3778
4759
5650
6924
6811
6187
5379
4183
3157
1435
-777
-1829
-1919
-2354
-3256
-3909
-4604
-4249
-4165
-4381
-3453
-2414
-1314
-269
696
1241
2261
2590
2385
2534
2227
1593
1784
1893
2519
2311
1886
1378
1069
879
-30
-1023
-2450
-3947
-4846
-5015
-4066
-3234
-2424
-1359
-432
487
-204
-737
-1161
-1183
-1904
-2874
-2968
-2212
-889
78
741
1454
1878
1640
2272
3589
4264
4791
4378
4908
6315
6081
5318
4269
3776
2779
991
-1660
-3046
-3070
-4354
-5304
-5311
-4824
-3244
-1842
-1899
-886
-882
-1296
-1660
-1534
-1529
-835
-122
482
1750
2453
3672
4365
4585
4777
4274
3378
2348
1368
737
-282
-1705
-2977
-4467
-5021
-5390
-5409
-5290
-5042
-4619
-3934
-2907
-3024
-2489
-2043
-1486
-405
194
987
2032
3176
4044
4188
4153
4320
4266
4357
3389
2927
3196
2915
3358
2959
3058
3744
2972
1776
325
-1596
-2937
-4475
-6096
-6712
-6521
-6486
-6044
-4454
-2639
-406
833
1296
1925
2439
2749
3053
3161
3206
3790
4363
4492
4579
4267
3268
2480
1161
-666
-2458
-3612
-4936
-6000
-7037
-7812
-7361
-6715
-5563
-3995
-2557
-1017
544
1574
2674
3821
4194
4202
3768
3605
3416
3430
3100
2404
1649
747
-394
-1610
-2785
-3916
-4688
-5412
-4550
-2636
-1135
918
1977
4075
6166
6529
6268
5191
3876
2198
143
-1985
-2506
-2293
-1613
-649
-101
-267
38
-184
-1052
-1525
-2821
-3241
-3393
-3332
-2846
-1146
679
2174
3241
3434
3427
3069
2393
1377
770
106
-296
-489
-492
-51
-181
-918
-1869
-2176
-2194
-2278
-2650
-2780
-2252
-1398
-1019
-887
-250
-4
86
-205
-1195
-1666
-1498
-1302
-1005
-13
367
1252
2047
2586
3615
4454
5030
4836
3999
2837
2580
2265
1459
789
-56
-1165
-2212
-3173
-3885
-3674
-3666
-4108
-3784
-3101
-1869
-415
547
1204
2369
3666
4302
4858
4400
4126
3969
3111
2622
1824
1270
257
-607
-1482
-2207
-2816
-3520
-4001
-4419
-4876
-5486
-5664
-5394
-4655
-3810
-1879
-514
490
1162
1337
2516
3453
3853
3327
2780
2077
1572
764
20
-411
-698
-881
-1359
-1419
-2168
-2341
-2792
-2721
-1791
-684
326
787
1512
2021
3195
3647
4116
3980
3587
2648
1870
1280
833
1125
1119
1165
954
876
1027
1135
698
463
587
410
44
-535
-774
-611
-1016
-1948
-2235
-2469
-2361
-2857
-3445
-3466
-3445
-3226
-2968
-2245
-1491
-967
-583
-132
1043
1660
1785
2151
1736
1723
1137
389
39
-242
-447
-842
-1375
-2319
-2706
-2731
-2512
-2110
-1878
-1668
-1022
-303
-145
434
877
1395
2746
4045
4977
6077
6733
7432
7528
7157
5852
4708
3651
1805
296
-1177
-2256
-2773
-3362
-3776
-4059
-3964
-3999
-3721
-3632
-3917
-3368
-3595
-3008
-2375
-1820
-1278
-502
518
1142
1773
1814
1882
2137
2108
1582
1082
532
-204
-846
-1735
-2242
-2370
-2887
-3024
-2961
-2376
-1747
-1212
-1016
-380
423
324
214
227
719
1417
2019
2667
3066
3622
3209
2286
1784
1067
880
704
623
1616
2339
2667
2686
2550
2504
2089
1266
-166
-1392
-2776
-3975
-4537
-4788
-4127
-3607
-2738
-1506
-551
86
488
857
685
665
463
469
986
1234
1890
1902
1484
797
-39
-870
-1637
-2730
-3723
-3905
-3451
-2741
-2107
-1409
-561
463
984
1311
2079
2737
3191
3555
3444
3087
2744
2309
2310
2053
1372
446
-413
-966
-1668
-2384
-3312
-3724
-4123
-4293
-4100
-3355
-2737
-1569
114
1648
3076
3814
3865
4272
4568
3632
3059
1983
1115
350
-89
-396
-436
-835
-1381
-1053
-1256
-1211
-2068
-3213
-3072
-2913
-2762
-2124
-1606
-512
822
1557
2377
3059
3388
3529
3103
2450
1699
827
345
484
524
541
430
232
265
-43
-616
-1167
-1401
-1947
-2443
-2949
-2863
-2665
-2621
-2284
-1866
-1324
-1218
-1257
-1411
-1751
-1879
-2314
-2334
-1930
-1193
-324
987
3034
4892
6245
6660
6318
5974
4964
3526
2129
737
-87
-1337
-2426
-2620
-1914
-1148
-826
-908
-1123
-1167
-1117
-1477
-1843
-1603
-975
40
972
2132
3056
4035
4591
4409
3490
1850
701
-759
-1838
-2588
-2923
-2774
-2347
-1928
-2108
-2233
-2818
-3318
-4109
-4284
-4229
-3559
-2753
-1802
-514
280
1060
1286
1181
770
54
-983
-1730
-2288
-1977
-1352
-389
565
1370
2621
3464
4089
4463
4733
4881
4684
4120
3442
3057
2847
2151
1358
302
-274
-867
-1677
-1970
-2147
-2160
-1836
-1327
-494
197
377
505
735
525
352
334
292
631
707
515
589
861
587
532
-453
-1566
-2606
-3989
-4663
-4954
-4880
-4608
-4057
-3457
-2442
-1698
-1200
-610
-15
453
875
1219
1380
1793
1582
1463
1369
1156
683
265
-2
-202
-450
-974
-1056
-626
428
1354
2409
3441
4152
4343
4110
3597
2933
2346
1705
1183
1179
1409
1589
1409
1392
1422
1150
625
-421
-1300
-1904
-1943
-2171
-2315
-2184
-1838
-851
-617
-859
-841
-998
-858
-1158
-1763
-2007
-1971
-1960
-1768
-1223
-953
-583
-470
-465
-544
-942
-1170
-1424
-977
-717
-548
-257
25
539
548
442
152
-439
-1128
-1666
-1916
-1926
-1679
-1090
-173
685
1662
2334
2894
2872
2701
2934
3087
3585
3925
4232
4803
5152
4818
4002
2828
1704
550
-941
-2299
-3370
-4006
-3942
-3414
-2995
-2467
-2094
-1636
-931
-605
-643
-884
-909
-433
-63
319
383
710
1057
1251
1070
451
-190
-725
-1061
-1561
-1863
-2239
-2371
-2522
-2374
-2324
-2341
-2229
-2098
-1578
-1008
-399
211
950
1621
2162
2537
2614
2142
1659
1021
829
519
114
98
-198
-235
-139
44
288
594
1166
1612
2153
2294
2278
2434
2562
2524
1958
1430
1020
585
122
-514
-1128
-1449
-1560
-1469
-1497
-1490
-1344
-1169
-1332
-1814
-2137
-2034
-1476
-1028
-480
125
1059
1877
2085
1969
1564
918
-81
-926
-1637
-1856
-2164
-2366
-1891
-1713
-1161
-738
-477
81
358
349
-163
-584
-714
-813
-590
-220
132
722
1235
1388
1142
463
-221
-999
-1543
-2093
-1969
-1270
-135
1128
1939
3023
3861
4243
4368
3857
2918
1664
435
-671
-1209
-1306
-1351
-804
-259
266
595
455
218
-205
-589
-977
-1055
-747
-581
-376
-41
615
1394
1948
1657
1276
683
56
-577
-1053
-1382
-1435
-1215
-1273
-1411
-1829
-1952
-1970
-1725
-1276
-1169
-1076
-355
248
552
732
576
658
337
-327
-1131
-1964
-2308
-2390
-2247
-1806
-1069
-648
-295
-170
9
91
540
1123
2132
3188
3649
4121
4291
4437
4576
4621
4040
3514
2293
1135
145
-770
-1507
-1821
-1964
-2102
-1787
-1921
-1822
-2036
-2510
-2510
-2563
-2403
-1780
-892
-105
1302
2340
2803
3300
3164
2779
2327
1141
-80
-861
-1676
-2395
-3086
-3382
-3457
-3567
-4114
-3985
-3466
-3036
-2590
-2172
-1582
-779
-168
237
832
1275
1427
1605
1746
1871
1789
1403
1272
1283
1666
1814
2048
2409
2614
2510
2129
1864
1506
1509
1118
814
755
464
376
-148
-789
-1038
-1261
-1590
-1670
-1857
-1756
-1426
-1149
-551
3
624
1074
1316
1425
1440
1094
728
832
819
687
391
-29
-485
-874
-1462
-2229
-2607
-2813
-2911
-3255
-2903
-2511
-1680
-954
-211
597
989
1381
1423
1353
1117
821
483
499
555
788
1271
1360
1288
1040
393
-237
-937
-1554
-1670
-1338
-987
-416
-11
787
1369
1793
1498
1103
1048
815
887
557
456
689
1076
1050
1173
894
722
334
-171
-454
-764
-811
-779
-474
-215
226
421
701
847
598
566
169
-358
-494
-729
-766
-582
-538
-264
-135
-677
-956
-1393
-1838
-2094
-2499
-2707
-2276
-1699
-946
-335
0
391
910
1111
1100
870
597
604
488
313
-99
-341
-535
-926
-1279
-1511
-1500
-1277
-1161
-825
-387
136
665
1323
2215
2934
2907
2782
2531
2342
2131
1484
1148
715
457
234
172
70
-7
-261
-258
-221
-120
-490
-513
-100
28
391
-9
-35
257
261
329
293
210
307
461
447
363
-79
-916
-1866
-2416
-2746
-2897
-3125
-3021
-2477
-2007
-1668
-1363
-820
-236
237
225
-204
-451
-403
-237
40
84
183
296
474
847
1209
1541
1547
1643
1635
1670
1672
1681
1701
1670
1625
1579
1465
1358
1073
561
400
-103
-417
-563
-675
-455
-316
-181
-221
-96
206
625
800
851
511
268
15
150
486
480
522
464
607
388
-156
-867
-1591
-2084
-2610
-3209
-3573
-3558
-3243
-2935
-2591
-2142
-1487
-1102
-762
-601
-513
-246
201
908
1793
2815
3083
3283
2974
2431
1571
390
-670
-1528
-1675
-1801
-1634
-1220
-438
341
1256
1531
1432
1574
1372
1161
810
667
778
1362
1951
2495
2864
2711
2187
1458
567
-413
-1279
-1906
-1781
-1224
-573
195
910
1607
1931
1474
661
-306
-1109
-2015
-2252
-2188
-2240
-1997
-1906
-1601
-1373
-1398
-1586
-1756
-1886
-2310
-2519
-2482
-2092
-1216
-329
521
1534
2388
2602
2328
1414
363
-389
-953
-1293
-1235
-1021
-571
9
289
669
890
967
1177
1117
923
916
981
1580
2239
3015
3494
3752
3675
3199
2447
1147
126
-826
-1364
-1782
-2164
-2260
-1902
-1236
-892
-988
-1233
-1366
-1499
-1720
-1838
-1644
-1243
-669
260
819
1351
1601
1367
1096
702
139
-431
-842
-1599
-1926
-2041
-1784
-1327
-933
-743
-644
-569
-960
-1020
-1275
-681
-250
98
618
1142
1717
2057
2251
1904
1829
1334
918
437
45
-264
-280
-344
-104
297
370
859
1009
889
681
493
543
312
28
-287
-626
-940
-1239
-1493
-1683
-1184
-781
-609
-270
-112
228
653
1011
1257
1354
1393
1433
1561
1616
1585
1560
1458
1015
553
-30
-529
-1147
-1985
-2687
-2948
-2755
-2494
-1983
-1428
-979
-636
-301
-102
211
335
360
574
819
1229
1420
1596
1583
1410
1120
537
136
-670
-1588
-2267
-2732
-2676
-2240
-1750
-968
3
626
981
1188
1070
977
853
623
417
310
281
580
1117
1768
2298
2166
1950
1585
1002
345
-130
-402
-451
-466
-92
397
900
1095
923
764
467
133
-410
-832
-1155
-1481
-1736
-1790
-1722
-1548
-1468
-1336
-1323
-1513
-1698
-1800
-1715
-1455
-1035
-628
-226
507
835
1283
1534
1569
1480
1123
595
105
-318
-697
-849
-959
-900
-686
-303
-96
123
-89
-203
-78
368
800
1185
1594
1859
2025
2028
1895
1751
1588
1280
1194
1021
1039
1062
926
901
797
427
244
48
-255
-654
-975
-1343
-1463
-1331
-1234
-923
-498
-104
24
-214
-481
-956
-1392
-2022
-2513
-2650
-2501
-1955
-1256
-378
-6
485
938
1009
814
603
388
388
452
301
385
356
445
318
-15
-302
-564
-1088
-1458
-1602
-1651
-1438
-983
-240
558
1335
1815
2132
2335
2349
2415
2118
1946
1865
1888
1899
1613
1307
708
261
-298
-1030
-1824
-2283
-2383
-2369
-2112
-1998
-1646
-1244
-753
-259
259
686
934
1064
907
693
375
147
-109
-86
-31
-69
-144
-94
-77
115
-216
-672
-933
-1239
-1151
-1282
-1128
-835
-504
-192
256
498
585
384
-1
-417
-689
-793
-881
-416
-16
426
656
1019
1357
1625
1503
1110
635
189
-154
-441
-284
-11
295
625
710
448
218
-116
-447
-749
-1157
-1201
-844
-514
10
569
965
1643
1827
1859
1705
1459
1253
996
782
446
492
557
645
370
12
-358
-784
-1016
-1296
-1599
-1616
-1666
-1617
-1227
-1020
-637
-415
-328
-62
-251
-426
-611
-707
-539
-431
-192
361
733
1028
966
798
534
74
-225
-689
-847
-1314
-1424
-1448
-1459
-1137
-934
-455
-100
410
885
1303
1551
1693
1883
1980
1911
1633
1249
1103
1045
808
666
583
531
461
207
-60
-92
-3
-178
-347
-351
-410
-509
-741
-865
-598
-503
-275
67
-9
-65
-293
-419
-192
99
227
173
339
447
272
-71
-492
-839
-1039
-1175
-1396
-1609
-1660
-1501
-1207
-915
-689
-775
-847
-733
-865
-1043
-1111
-1013
-674
-195
230
725
1423
1828
2113
2181
2071
2082
1812
1486
1125
695
425
276
117
8
-368
-776
-854
-934
-862
-837
-707
-591
-577
-394
-85
166
483
799
1122
1426
1431
1399
1500
1590
1776
1440
1039
750
457
176
-236
-654
-1108
-1394
-1603
-1686
-1829
-1834
-1783
-1663
-1739
-1772
-1661
-1413
-1121
-874
-539
-5
703
1177
1732
1827
1708
1493
1192
974
718
431
94
112
-112
-119
-300
-319
-28
64
-151
-439
-604
-672
-602
-724
-628
-557
-154
132
317
316
331
437
423
376
364
435
441
662
932
1150
1353
1757
1926
1968
1422
825
204
-454
-909
-1198
-1373
-1305
-1213
-1164
-1109
-961
-717
-890
-878
-1024
-1172
-1265
-1224
-856
-307
263
750
1208
1583
1685
1364
1004
626
300
13
-317
-611
-721
-940
-1035
-931
-1049
-934
-772
-888
-597
-463
-520
-347
-92
278
586
545
441
594
586
766
737
725
684
511
436
346
384
464
342
81
141
-92
-132
-38
141
382
482
568
733
818
661
391
139
-110
-142
-295
-335
-366
-333
-298
-268
-24
31
-15
-307
-446
-743
-743
-721
-599
-357
-200
-141
-176
-295
-448
-585
-541
-315
-114
-42
-78
12
-27
53
95
198
156
156
89
-7
-85
-410
-549
-598
-582
-451
-418
-355
-123
-69
-117
-286
-425
-356
-415
-403
-199
125
688
1144
1439
1968
2413
2754
2845
2803
2698
2509
2086
1636
1102
473
-262
-850
-1359
-1761
-1898
-2057
-2202
-2117
-1885
-1636
-1438
-1430
-1049
-505
-198
156
352
473
767
942
1016
1201
1158
957
879
578
98
-219
-780
-1200
-1559
-2034
-2332
-2579
-2415
-2177
-2003
-1650
-1273
-920
-588
-264
150
528
515
782
1028
1354
1672
1766
2067
2488
2849
2977
2913
2606
2394
1914
1358
953
571
505
360
338
196
84
-31
-87
-207
-608
-1081
-1352
-1619
-1835
-1935
-1861
-1571
-1100
-754
-305
246
587
842
874
737
595
349
8
-202
-470
-600
-629
-848
-1195
-1479
-1826
-2322
-2660
-2969
-3131
-3176
-2866
-2068
-1386
-839
-340
282
894
1407
1747
1863
1777
1673
1623
1506
1703
1914
1927
1965
1932
1723
1418
1138
881
578
125
-76
-338
-505
-392
-243
292
947
1186
1375
1385
1386
1323
1088
597
178
-89
-426
-778
-1094
-1459
-1466
-1232
-1004
-787
-881
-802
-660
-619
-556
-598
-595
-456
-278
-332
-708
-977
-1074
-1098
-1276
-1775
-2179
-2348
-2162
-1987
-1568
-1135
-453
302
849
1103
1298
1365
1255
1265
1197
1190
1336
1470
1514
1730
1777
1739
1554
1202
849
525
216
45
168
278
510
765
1030
1152
1211
1225
1252
1229
1017
780
583
399
391
307
255
146
-93
-499
-1032
-1593
-2213
-2639
-2820
-2614
-2104
-1520
-1020
-474
-93
-47
-155
-235
-602
-965
-1289
-1449
-1338
-1076
-558
-152
149
409
276
-16
-105
-360
-450
-331
-266
-65
181
406
692
978
1065
1100
1088
898
703
515
294
341
357
567
969
1245
1308
1094
789
739
627
500
226
145
305
431
764
1008
1219
1417
1281
962
320
-456
-1217
-1620
-1836
-2051
-2354
-2704
-2559
-2204
-1906
-1539
-967
-333
250
598
926
1048
1177
1223
1132
1094
779
495
290
-9
-337
-723
-1086
-1167
-1165
-1213
-1326
-1346
-1272
-1102
-835
-533
-157
190
608
1038
1267
1444
1450
1591
1577
1542
1383
1240
1087
959
988
989
805
512
346
209
126
-178
-398
-502
-464
-323
-362
-267
-91
-96
-141
-356
-416
-378
-467
-492
-223
83
298
423
473
693
813
659
620
559
493
230
-77
-334
-579
-769
-1038
-1301
-1478
-1861
-2157
-2330
-2513
-2476
-2352
-1915
-1368
-847
-273
156
491
666
836
884
966
1007
1085
1095
1057
1042
910
748
452
165
-11
-125
-384
-556
-539
-653
-672
-537
-370
-177
141
391
539
873
1353
1957
2290
2485
2652
2634
2441
2194
1854
1331
838
395
128
-77
-378
-722
-818
-1039
-1275
-1396
-1714
-1800
-1853
-1766
-1617
-1435
-1272
-1123
-971
-806
-660
-802
-902
-896
-838
-851
-765
-732
-544
-121
175
455
568
519
433
278
61
-241
-470
-641
-566
-587
-543
-408
-106
259
326
359
381
508
734
961
1195
1418
1760
2104
2304
2317
2288
2352
2027
1632
1244
821
612
451
336
390
280
208
137
-59
-215
-548
-919
-1328
-1464
-1549
-1782
-1893
-1679
-1324
-1072
-904
-886
-797
-751
-669
-772
-1034
-1116
-1169
-924
-658
-427
-341
-208
-29
-99
-32
-157
-317
-526
-626
-637
-626
-569
-508
-419
-181
-16
161
422
655
978
1067
1300
1243
1288
1485
1601
1828
1994
1960
1872
1944
1764
1526
1335
1149
900
718
529
283
159
-31
-197
-364
-530
-466
-332
-367
-480
-547
-596
-666
-731
-974
-1133
-1014
-1070
-938
-610
-449
-250
-1
58
-76
-114
-306
-516
-640
-873
-1001
-1370
-1491
-1500
-1593
-1636
-1590
-1530
-1315
-1076
-699
-312
-162
71
3
124
340
646
1041
1297
1504
1568
1493
1341
1155
1139
1122
1074
945
828
783
608
380
176
27
-23
-122
-14
165
232
255
198
201
421
563
748
941
999
1140
1289
1403
1206
1032
673
76
-394
-995
-1476
-1734
-1974
-2041
-2221
-2201
-1982
-1964
-2004
-1900
-1719
-1491
-1307
-1100
-810
-334
66
169
484
708
772
740
596
457
84
-276
-417
-416
-255
-107
50
114
320
395
406
500
569
476
469
530
617
763
907
1105
1245
1410
1366
1353
1242
1065
840
726
855
924
937
1114
1300
1456
1420
1176
934
617
194
-272
-677
-1031
-1333
-1553
-1731
-1733
-1882
-2016
-1899
-1691
-1584
-1292
-971
-536
-196
0
301
407
463
502
369
156
-46
-361
-843
-1080
-1347
-1557
-1514
-1495
-1204
-938
-768
-366
-15
393
756
947
1257
1330
1335
1293
1104
1071
1201
1167
1049
944
641
313
19
-49
-72
-121
-153
-99
-4
108
409
732
985
1130
1279
1353
1465
1377
1071
878
763
532
428
159
-26
-227
-731
-1031
-1322
-1420
-1556
-1635
-1499
-1278
-1042
-987
-896
-704
-611
-644
-622
-596
-688
-631
-680
-663
-542
-383
-427
-366
-172
-224
-296
-368
-472
-420
-410
-504
-343
-170
19
57
96
292
382
430
376
235
168
205
251
294
440
625
889
1130
1282
1396
1659
1737
1806
1799
1715
1632
1536
1536
1476
1490
1355
960
515
165
-303
-722
-1033
-1213
-1422
-1513
-1586
-1813
-1729
-1619
-1550
-1328
-1164
-849
-663
-490
-321
-164
-53
-134
-138
-355
-675
-1120
-1279
-1256
-1246
-1438
-1736
-1723
-1699
-1413
-1070
-847
-468
77
502
596
773
876
1012
1075
999
1046
1166
1333
1658
1949
1958
1971
1854
1731
1559
1400
1211
987
954
804
784
917
1087
1243
1237
1181
1146
804
520
260
-273
-678
-830
-1011
-1083
-1065
-1195
-1090
-938
-935
-983
-1080
-1095
-944
-1062
-1115
-1149
-1024
-837
-778
-622
-598
-773
-1071
-1432
-1618
-1759
-1928
-1963
-1905
-1480
-956
-508
34
503
830
1003
1179
1191
1297
1328
1393
1473
1473
1437
1399
1279
1236
1071
1027
1046
931
746
610
367
135
115
119
273
301
368
510
550
697
643
673
870
777
648
444
4
-254
-277
-483
-569
-706
-881
-780
-847
-919
-895
-1072
-1269
-1351
-1423
-1338
-1132
-1127
-1035
-1002
-1033
-1051
-836
-860
-884
-855
-900
-895
-797
-641
-453
-63
275
404
477
547
586
686
545
502
437
362
500
654
736
826
916
1017
1059
757
574
434
500
499
473
505
743
1082
1135
1162
1096
1042
891
664
550
527
576
586
537
469
347
190
82
-38
-286
-501
-658
-781
-732
-694
-716
-502
-362
-282
-324
-507
-690
-848
-1049
-1435
-1500
-1410
-1355
-1375
-1223
-815
-461
-242
-343
-491
-522
-618
-548
-438
-234
-63
273
628
817
937
837
799
703
393
202
82
125
273
218
333
530
640
782
915
923
904
801
812
803
799
843
1009
1122
1171
1098
990
1089
1151
1037
721
518
226
75
-140
-270
-187
-281
-302
-597
-828
-949
-1170
-1341
-1576
-1729
-1684
-1421
-1333
-1152
-858
-614
-159
-151
-289
-382
-500
-668
-775
-954
-1048
-1044
-1023
-888
-806
-605
-463
-285
-304
-341
-433
-554
-466
-496
-242
59
441
796
1151
1306
1399
1480
1378
1267
1074
910
879
940
936
980
1053
936
837
867
894
762
560
378
254
96
10
-106
-42
101
268
437
378
313
198
-114
-397
-703
-939
-963
-968
-840
-655
-547
-458
-516
-746
-1004
-1317
-1561
-1692
-1820
-1963
-1764
-1464
-1147
-972
-585
-237
-227
-365
-300
-83
11
204
235
485
843
1276
1445
1545
1653
1658
1462
1169
866
464
369
484
515
608
789
1001
1185
1160
1060
793
569
362
144
61
239
487
818
1120
1272
1279
1298
1229
1038
616
332
8
-223
-288
-411
-605
-741
-828
-894
-1120
-1542
-1699
-1902
-2104
-2155
-2052
-1900
-1608
-1272
-1051
-840
-757
-692
-617
-546
-528
-432
-235
-20
91
131
373
597
656
711
637
436
346
349
301
329
511
564
587
703
804
878
696
672
550
406
229
-90
-281
-120
312
600
691
796
941
824
867
685
398
226
238
185
149
99
-25
-165
-297
-451
-725
-1049
-1183
-1180
-1342
-1433
-1365
-1321
-1124
-851
-667
-562
-366
-213
-222
-52
89
66
-40
-114
-239
-255
-168
-260
-233
-200
-220
-239
-237
-148
-107
-12
-12
4
164
230
316
510
848
1067
1230
1467
1527
1439
1265
1134
907
645
419
201
81
253
435
392
474
589
596
446
210
103
-166
-320
-380
-304
-165
34
257
531
675
580
480
314
174
75
-36
-176
-307
-300
-352
-406
-447
-378
-474
-650
-759
-974
-1323
-1583
-1684
-1708
-1575
-1281
-1234
-1113
-892
-693
-491
-268
-91
133
443
502
493
547
786
891
1064
1150
1109
1012
764
488
167
-51
-107
-207
-321
-264
-170
-114
31
80
-36
-128
12
6
28
108
288
696
934
1201
1262
1412
1479
1510
1346
1003
721
321
-3
-397
-724
-795
-888
-1006
-1159
-1367
-1481
-1656
-1874
-1887
-1704
-1526
-1324
-1030
-780
-564
-328
-248
-284
-314
-316
-337
-271
-221
-137
-91
63
193
194
158
324
512
402
371
426
433
441
443
498
487
643
790
690
615
475
446
613
614
575
580
840
1111
1037
1106
1117
1185
1304
1282
1185
958
870
908
922
731
705
508
156
65
-349
-702
-870
-973
-1008
-1122
-1218
-1212
-1035
-932
-898
-781
-734
-787
-711
-750
-905
-1022
-1069
-1048
-926
-821
-878
-982
-1130
-1047
-1017
-934
-764
-518
-130
276
491
711
833
816
866
924
933
788
651
579
533
558
648
788
746
749
734
749
558
387
207
194
437
669
667
751
903
904
870
767
735
680
648
558
373
231
121
-51
-205
-339
-479
-764
-879
-961
-1143
-1409
-1558
-1697
-1552
-1537
-1484
-1353
-1188
-1018
-889
-827
-776
-777
-753
-567
-398
-297
-227
-61
31
123
139
-43
63
257
310
467
517
598
641
754
740
732
761
760
680
514
349
350
81
-156
-53
-32
119
430
639
815
899
1044
929
710
782
929
1103
1233
1302
1082
927
770
710
316
-24
-400
-611
-802
-1138
-1247
-1288
-1254
-1155
-1110
-1089
-1096
-959
-747
-835
-860
-791
-499
-119
71
198
176
278
224
105
-67
-353
-446
-495
-529
-616
-663
-521
-266
-58
164
156
204
250
267
401
231
260
375
449
453
502
685
827
868
746
736
829
730
681
707
775
817
863
960
824
766
629
364
40
-172
-269
-481
-566
-559
-607
-540
-626
-723
-666
-691
-444
-334
-389
-334
-373
-527
-620
-682
-579
-505
-255
-146
-154
-335
-467
-407
-608
-774
-859
-702
-813
-821
-774
-711
-598
-324
-114
51
239
466
634
676
551
577
862
1006
1091
1136
1194
1107
851
612
370
140
26
-17
-131
-150
-177
-129
-81
89
248
334
361
365
405
366
291
268
272
346
426
242
209
250
187
72
-49
-261
-467
-587
-724
-899
-957
-877
-812
-746
-688
-663
-641
-723
-751
-798
-726
-593
-362
-195
-113
17
36
119
1
62
82
206
325
522
673
687
591
585
611
527
492
413
411
428
369
249
256
134
-6
-88
-198
-183
-183
-77
104
224
468
574
742
858
962
1033
904
807
705
407
134
58
-30
-187
-202
-224
-325
-362
-302
-314
-449
-641
-705
-811
-851
-818
-874
-995
-1038
-979
-902
-692
-475
-306
-207
-140
-98
-153
-108
-118
-109
-78
-35
-83
-32
9
35
28
43
4
-1
-29
-165
-191
-197
-151
-39
144
307
525
566
675
540
511
634
801
876
1062
1190
1087
945
774
785
789
925
852
807
623
393
106
-279
-511
-730
-860
-867
-818
-807
-665
-461
-569
-540
-524
-599
-723
-789
-575
-428
-400
-324
-171
-21
118
141
162
52
-132
-236
-410
-429
-564
-602
-550
-576
-520
-436
-340
-340
-388
-483
-398
-373
-248
-77
403
811
981
1157
1243
1304
1205
1103
909
645
632
581
469
429
391
423
442
431
288
154
16
-160
-344
-374
-231
-203
-190
-87
-183
-338
-315
-333
-368
-264
-146
58
226
409
477
361
273
240
27
-234
-398
-551
-836
-928
-745
-682
-576
-479
-608
-684
-728
-831
-815
-826
-720
-501
-405
-201
-98
-50
128
281
430
427
493
411
330
306
208
270
295
383
724
879
799
701
574
288
133
-80
-200
-179
-185
-120
-130
-34
52
111
222
206
118
82
50
8
-128
-57
65
144
238
319
403
458
432
315
235
37
-97
-203
-391
-514
-485
-400
-362
-419
-460
-312
-254
-254
-345
-458
-514
-491
-377
-165
-93
-24
162
255
348
485
548
422
373
369
394
492
432
460
485
412
408
404
359
316
358
245
110
27
2
58
-3
-169
-186
-263
-111
27
190
294
310
318
310
351
325
263
172
172
317
403
246
151
65
-65
-309
-470
-647
-677
-719
-677
-571
-513
-443
-381
-416
-341
-292
-332
-338
-367
-230
-162
-140
-297
-391
-406
-414
-467
-495
-405
-280
-474
-525
-398
-240
12
-17
138
233
318
502
635
628
619
705
741
579
207
91
39
-107
-36
-37
-217
-313
-225
-278
-301
-327
-188
-104
-76
113
222
355
336
439
395
350
362
210
95
-63
-164
-123
-77
-105
34
-39
-163
-131
-191
-366
-592
-727
-709
-658
-562
-417
-143
-24
-13
-2
33
-57
-184
-131
-115
-21
-41
18
40
333
545
527
507
560
681
770
746
732
438
278
287
283
261
162
196
138
122
19
-15
-113
-223
-282
-340
-248
-154
77
152
194
321
465
537
533
434
184
180
88
-224
-526
-532
-357
-308
-336
-422
-492
-457
-421
-404
-410
-340
-239
-242
-70
152
222
294
379
293
149
167
183
111
111
205
175
108
113
-6
-56
-36
-92
-87
36
145
65
25
56
189
226
169
277
363
390
408
288
49
-37
-116
-138
-221
-287
-267
-227
-182
-296
-358
-200
-44
-121
-108
-28
136
239
192
76
-27
-41
-52
-125
-150
-94
-213
-85
-140
-273
-188
-147
-49
28
57
111
105
53
-18
-103
-167
-312
-364
-352
-387
-379
-332
-381
-438
-428
-382
-297
-201
-112
-143
-150
-158
-22
171
223
268
248
443
567
690
800
784
701
576
347
104
-82
