-112
-129
-130
-128
-142
-122
-146
-143
-158
-185
-152
-137
-166
-183
-212
-180
-146
-150
-146
-129
-85
-54
-10
-10
11
2
33
81
67
89
125
148
158
177
196
155
174
195
196
229
239
257
201
187
176
168
137
174
216
243
285
269
245
229
225
168
147
140
175
201
206
206
186
200
207
160
121
89
85
74
118
124
86
83
52
62
58
40
45
49
71
72
34
-11
-22
-24
1
1
-15
-24
-50
-60
-85
-102
-82
-97
-140
-152
-164
-149
-148
-162
-159
-162
-140
-143
-158
-184
-192
-171
-198
-218
-227
-241
-218
-198
-195
-178
-167
-132
-116
-117
-131
-122
-130
-112
-105
-93
-62
-73
-64
-38
-45
-54
-90
-93
-64
-47
-64
-49
-5
49
53
21
-1
-27
-21
15
19
30
67
105
128
93
52
8
11
50
49
73
99
65
68
58
26
19
4
30
36
37
22
-6
-2
1
-6
20
-6
-13
-26
-38
-5
28
38
2
4
-10
10
-11
-26
5
11
38
66
15
-25
2
8
6
4
36
63
60
50
41
27
37
50
86
109
95
105
105
114
97
96
85
126
125
108
92
94
77
43
42
29
89
80
85
81
57
51
49
11
21
23
32
67
51
33
-2
-33
-59
-36
-28
4
7
0
3
-39
-79
-64
-34
-22
-11
-52
-22
-63
-73
-80
-123
-126
-157
-133
-132
-107
-121
-128
-111
-123
-105
-108
-81
-69
-79
-77
-63
-63
-75
-35
-12
32
46
105
124
115
79
71
67
85
131
143
154
138
151
152
156
149
156
158
178
137
125
103
96
114
94
119
136
139
107
95
65
30
-23
-40
-44
-18
-38
-18
-30
-44
-50
-52
-46
-26
-17
-52
-67
-88
-142
-162
-136
-121
-145
-150
-135
-166
-188
-166
-136
-149
-158
-91
-119
-113
-125
-147
-127
-141
-129
-176
-192
-178
-167
-135
-119
-102
-108
-162
-140
-172
-146
-110
-126
-95
-61
-23
-67
-89
-91
-43
-35
-18
31
43
34
18
1
13
33
48
106
145
149
136
141
114
94
146
154
136
174
169
160
127
141
166
126
132
167
137
110
79
37
46
33
29
53
45
64
95
57
25
12
9
18
2
8
1
-30
-53
-43
-51
-33
-11
-7
-31
-19
14
26
34
21
11
-8
-7
-6
-8
32
29
29
25
49
54
94
109
114
134
143
154
121
126
143
117
100
94
73
56
48
67
58
21
46
43
40
19
-7
10
-10
-21
-41
-43
-45
-44
-39
-37
-97
-83
-36
-26
-17
-4
-7
-37
-76
-80
-68
-59
-55
-47
-52
-64
-73
-63
-40
-105
-109
-121
-117
-101
-124
-128
-153
-160
-171
-167
-164
-161
-126
-119
-133
-130
-123
-109
-120
-114
-89
-97
-79
-49
-36
-9
-2
17
7
18
57
51
68
68
94
103
110
112
80
91
88
79
119
134
99
89
79
56
77
97
110
165
174
144
164
121
98
66
85
90
77
107
82
38
31
56
28
22
51
60
66
85
40
16
-42
-41
-21
-16
-28
-24
-22
-35
-46
-71
-110
-103
-60
-54
-48
-72
-84
-92
-100
-108
-99
-134
-96
-92
-90
-62
-43
-60
-87
-77
-117
-93
-74
-10
1
23
7
-15
-30
-53
-27
24
60
48
72
43
-12
-32
-10
-9
-55
-50
-34
-6
-3
22
-25
-20
-11
-19
-21
-37
-45
-54
-46
-42
-78
-86
-38
-11
-35
-29
-4
-2
18
24
-12
-12
8
-13
1
30
34
45
40
34
17
21
39
60
31
29
51
44
79
83
97
138
139
144
113
111
138
146
124
91
82
70
108
112
77
63
78
61
36
14
49
107
105
79
20
9
22
18
41
57
18
8
-25
-54
-74
-44
-34
20
38
12
0
-17
-18
-41
-83
-92
-34
-40
-30
-54
-54
-88
-82
-85
-131
-148
-159
-125
-126
-131
-151
-183
-166
-117
-101
-135
-101
-97
-109
-112
-111
-141
-122
-25
-34
-61
-74
-47
-21
39
36
39
45
87
67
26
3
18
31
-10
-29
-19
-33
-13
32
57
53
36
22
35
33
11
11
47
83
77
79
94
97
106
106
107
96
111
124
141
150
133
121
95
83
60
67
42
37
42
41
39
1
-12
-4
-4
33
27
2
-8
-37
-55
-41
-40
19
29
28
19
-30
-78
-88
-52
-50
-15
15
35
58
57
26
40
41
62
25
-24
-46
-22
28
-3
49
56
29
34
32
20
42
49
74
43
15
7
-7
35
12
12
16
2
-2
38
34
77
50
61
44
-7
-11
-29
-46
-74
-54
-26
1
-21
-27
-51
-19
-32
-28
-33
-12
-3
-10
-2
-41
-73
-103
-113
-124
-135
-148
-170
-133
-112
-115
-137
-162
-167
-161
-143
-139
-165
-160
-140
-175
-200
-222
-230
-226
-180
-140
-90
-56
-52
-89
-123
-94
-62
-61
-56
-39
-8
52
45
34
13
46
66
92
67
22
32
48
72
85
80
43
32
12
39
28
61
105
124
112
77
65
89
110
131
136
182
179
128
66
54
80
121
145
157
161
159
162
189
151
133
133
124
143
137
154
145
137
115
109
116
107
102
78
90
72
74
73
64
74
45
16
-22
-19
-37
-34
-41
-33
2
8
-21
-62
-70
-80
-70
-42
-5
-18
-18
-14
-50
-75
-102
-122
-81
-69
-54
-26
-17
8
14
-1
-9
-25
-25
-57
-58
-44
-75
-57
-27
-32
-56
-65
-90
-65
-76
-85
-73
-87
-77
-64
-40
-17
9
15
21
-4
-11
-4
-28
1
8
-7
-29
-11
-11
-23
-27
-73
-36
-32
-65
-66
-73
-92
-126
-145
-157
-148
-117
-98
-108
-108
-115
-105
-132
-122
-110
-97
-37
10
40
22
-19
-19
-24
-41
-27
34
89
128
99
90
66
36
42
62
108
160
169
156
140
105
87
95
73
60
81
65
74
76
50
14
11
-5
19
33
27
40
21
1
9
8
6
18
8
4
10
31
-3
-12
-9
27
60
88
94
62
48
28
28
5
-19
14
30
26
56
66
40
78
89
39
58
41
25
4
-11
-25
-30
-41
-18
-43
-73
-69
-89
-58
-77
-75
-77
-83
-75
-59
-58
-74
-87
-71
-75
-29
-46
-81
-84
-58
-21
-1
-2
4
30
27
8
-29
-60
-21
-12
-3
-23
-43
-66
-64
-47
-45
-16
-15
-1
4
26
-8
5
23
4
3
23
58
113
122
94
67
53
39
-3
-47
-84
-52
-29
14
47
40
75
74
62
31
23
-21
-1
-19
-39
-64
-57
-31
-20
-14
-15
-35
-44
4
-39
-48
-8
32
40
29
5
-3
4
9
3
-28
24
13
2
-7
-14
-9
13
19
18
34
38
49
5
-21
12
27
71
85
72
24
45
69
82
86
74
96
133
135
110
28
16
48
12
-6
-2
10
54
49
21
-28
-93
-69
-84
-97
-102
-112
-106
-90
-88
-79
-94
-88
-98
-88
-103
-96
-88
-79
-67
-86
-33
-25
-21
-29
-22
-7
25
53
33
-7
-12
2
-36
-49
-40
-31
-22
16
23
29
18
17
-5
3
13
-6
-12
-13
40
12
21
36
30
29
12
6
40
44
44
32
-9
-9
16
50
51
37
41
26
49
76
63
53
65
34
32
49
83
86
80
63
44
16
-19
2
24
66
94
97
95
77
47
49
46
92
92
75
35
12
36
40
52
33
30
33
12
-2
4
29
62
80
69
37
7
-13
-16
-36
-3
-9
-9
-15
-17
-52
-87
-114
-117
-91
-86
-48
-54
-56
-101
-106
-138
-144
-141
-113
-99
-61
-78
-82
-78
-135
-150
-179
-154
-134
-107
-102
-85
-98
-103
-145
-168
-140
-105
-113
-93
-94
-99
-96
-89
-98
-92
-60
-74
-109
-98
-39
-5
-17
-27
-20
-22
34
35
68
66
71
55
71
67
45
61
51
83
84
105
137
135
126
122
124
115
117
141
163
156
158
147
127
173
156
121
110
72
101
102
92
110
84
92
68
65
87
86
55
44
39
23
39
21
-6
5
-6
-3
-31
-34
-72
-120
-90
-58
-68
-64
-39
-25
-29
-34
-37
-9
5
18
-1
-13
14
-5
12
33
45
36
58
43
24
4
20
23
29
24
22
26
5
31
-5
-14
-9
-7
-51
-53
-68
-68
-23
-41
-20
-15
15
5
10
-14
15
18
5
-8
-21
4
-4
13
-1
15
37
56
29
-9
-51
-67
-72
-56
-34
-61
-33
-1
5
-18
-45
-70
-82
-86
-78
-78
-61
-38
-44
2
-13
-56
-49
-47
-16
-6
-13
-10
-29
-24
-31
-94
-94
-55
-52
-32
-73
-65
-39
-34
-68
-56
-52
-68
-107
-109
-100
-68
-61
-59
-13
-24
-10
-11
-10
29
66
111
106
90
89
92
64
61
67
73
91
88
92
63
74
66
66
111
124
144
113
89
72
66
99
140
162
151
139
134
99
76
16
48
70
78
63
42
64
-8
-18
-23
-29
-70
-60
-49
-71
-67
-92
-83
-102
-117
-153
-140
-128
-95
-97
-95
-79
-100
-115
-107
-101
-89
-73
-47
-22
-9
-33
-71
-114
-97
-88
-98
-96
-102
-78
-57
-106
-115
-90
-65
-37
-33
-47
-65
-71
-39
2
17
27
35
59
60
49
58
93
140
108
71
50
62
93
118
134
147
181
188
182
189
198
195
196
161
144
128
131
116
126
148
177
178
154
116
78
56
20
6
15
-19
-55
-37
-26
-52
-72
-73
-113
-115
-133
-149
-149
-178
-194
-201
-179
-194
-177
-149
-178
-156
-148
-128
-114
-121
-106
-66
-70
-70
-57
-67
-91
-77
-60
-50
-8
2
36
27
18
0
-38
0
20
33
71
78
55
31
34
58
34
18
52
26
42
82
62
91
81
68
52
25
18
21
25
59
68
61
95
49
9
21
11
33
7
8
-26
-55
-59
-114
-89
-84
-64
-70
-109
-86
-109
-132
-112
-107
-90
-62
-24
-15
-52
-63
-68
-42
-21
28
37
50
84
105
58
51
75
43
78
102
171
173
173
128
99
80
44
74
142
169
168
192
149
116
96
144
174
201
238
196
187
198
182
150
162
194
212
224
220
171
108
94
70
72
78
61
65
61
77
32
13
-19
-56
-61
-46
-7
-46
-58
-105
-148
-161
-194
-186
-191
-216
-216
-225
-238
-282
-333
-320
-328
-361
-331
-306
-289
-290
-316
-338
-351
-384
-384
-368
-339
-293
-236
-206
-237
-220
-204
-228
-219
-194
-176
-150
-127
-101
-120
-96
-44
-39
-12
1
19
-3
-14
-13
34
30
20
46
64
97
113
157
146
141
133
134
130
179
232
210
244
268
235
225
217
244
224
243
278
235
220
219
231
232
224
228
216
211
180
131
115
112
121
121
116
132
135
129
100
67
45
64
68
50
36
53
82
68
55
60
52
60
73
69
80
30
-1
9
36
30
38
22
-6
11
8
29
46
43
36
44
65
34
49
64
20
-11
0
7
-30
-13
-52
-34
11
26
55
24
-41
-76
-85
-103
-80
-104
-71
-96
-106
-123
-128
-139
-138
-122
-111
-126
-151
-149
-133
-129
-150
-123
-108
-113
-109
-128
-125
-133
-102
-117
-151
-140
-127
-137
-144
-150
-159
-160
-146
-134
-134
-156
-151
-148
-142
-154
-172
-165
-137
-109
-87
-90
-117
-68
-40
-41
-27
6
17
38
51
35
-2
-14
25
41
94
119
121
115
97
132
154
121
115
128
127
163
136
123
151
154
120
100
95
95
124
110
97
83
69
26
-25
-33
-28
16
60
65
16
38
38
-10
-31
-42
-50
13
-13
-49
-32
-56
-55
-35
-32
-52
-14
18
11
13
21
32
72
57
7
3
0
23
8
-23
-24
10
33
40
31
18
25
37
82
76
92
116
118
82
58
55
70
99
72
118
123
131
164
123
134
154
180
173
165
156
156
137
134
130
114
105
96
115
125
118
92
98
82
64
21
-31
-62
-82
-106
-122
-128
-113
-129
-129
-134
-141
-145
-140
-145
-143
-133
-145
-154
-139
-173
-147
-112
-112
-126
-156
-179
-186
-145
-131
-123
-110
-104
-114
-103
-101
-123
-90
-73
-107
-114
-131
-74
-95
-101
-80
-88
-42
-43
-54
-79
-112
-61
-42
-26
-12
-42
-34
-30
-41
-77
-62
-38
-2
4
42
-11
-25
-7
-16
-32
-42
22
34
36
34
42
6
15
26
24
47
69
77
59
55
52
13
45
49
44
63
77
64
44
27
0
11
43
66
45
11
23
-31
-16
-2
7
40
42
62
59
40
17
0
6
-5
31
21
45
97
157
154
86
61
64
41
47
68
92
98
77
62
61
57
36
27
49
82
100
87
83
79
60
77
108
147
181
159
155
149
131
127
114
84
115
123
130
169
163
149
109
89
81
102
112
91
34
6
10
-39
-65
-67
-62
-47
-38
-68
-107
-132
-151
-163
-172
-128
-135
-131
-141
-132
-142
-156
-173
-152
-126
-95
-87
-126
-85
-108
-118
-92
-130
-147
-138
-125
-125
-131
-142
-143
-98
-56
-57
-40
-42
-36
-50
-81
-81
-68
-31
-16
-18
-53
-76
-53
-20
-41
-44
-61
-48
-13
-6
-8
12
14
5
-6
-19
2
51
61
64
47
13
38
-6
-35
26
77
85
73
62
66
2
28
-17
-78
-75
-79
-53
-33
-34
-25
-28
-43
-16
-33
-70
-75
-67
-70
-57
-62
-29
-30
9
26
-10
-43
-45
-21
-38
-14
9
20
-6
5
21
67
96
98
90
92
87
101
134
124
136
141
107
68
70
74
96
99
88
105
123
144
98
93
87
53
98
119
115
91
94
115
106
103
81
89
111
99
62
27
20
9
20
37
66
80
34
3
-38
-25
-17
2
27
8
11
-13
-3
-18
-26
2
-14
50
53
38
-5
-25
-21
-37
-30
-24
-44
-42
-56
-77
-111
-89
-75
-88
-92
-96
-89
-87
-82
-79
-100
-88
-73
-79
-64
-89
-71
-54
-57
-77
-60
-76
-29
-5
19
35
-10
-46
-97
-98
-76
-90
-95
-71
-69
-45
-46
-80
-63
-63
-68
-50
-24
-60
-65
-70
-51
-49
-54
0
11
22
-44
-75
-52
-31
-21
-9
7
15
26
14
-16
-22
-9
0
41
51
95
83
48
48
36
21
1
47
67
74
110
108
107
88
79
93
105
107
124
122
142
138
144
94
79
99
127
119
126
135
119
122
96
92
75
50
27
8
17
6
30
32
20
29
18
-15
-29
-11
-5
-37
-68
-68
-73
-55
-50
-65
-84
-86
-103
-142
-161
-140
-159
-119
-98
-123
-111
-112
-140
-168
-173
-161
-132
-123
-87
-83
-77
-83
-118
-102
-93
-63
-43
-56
-70
-37
-40
-50
-47
-19
12
4
37
21
-12
-35
22
2
23
55
42
85
74
62
60
66
50
78
112
124
116
114
117
96
109
100
102
99
104
125
110
98
109
104
115
116
120
113
106
117
102
85
76
80
86
67
71
57
29
5
2
7
-8
-5
26
-4
-47
-82
-95
-100
-96
-59
-72
-82
-58
-78
-84
-107
-135
-128
-119
-89
-62
-44
-57
-40
-40
-79
-67
-58
-50
-1
-16
-24
8
-22
8
19
-10
11
21
-19
47
13
17
19
-21
-22
-13
-31
-37
7
38
44
8
-23
1
-2
-48
-8
3
49
136
76
25
41
22
115
115
34
27
20
-30
-11
17
-12
17
-23
-54
-55
-37
-59
-128
-107
-95
-114
-86
-109
-148
-128
-119
-94
-145
-128
-139
-196
-204
-196
-189
-92
-73
-48
-41
-93
-43
-36
3
-17
-10
-12
23
51
26
61
61
77
70
67
49
61
91
130
97
88
86
95
116
70
60
105
120
131
110
75
114
142
128
128
151
144
141
125
163
176
175
131
141
131
173
184
148
207
162
156
142
127
129
177
162
198
168
145
107
66
40
52
44
63
37
58
56
-6
-48
-84
-41
-55
-78
-93
-86
-100
-100
-147
-132
-160
-209
-242
-269
-201
-161
-177
-169
-208
-198
-162
-164
-139
-111
-161
-191
-156
-187
-117
-155
-121
-167
-148
-182
-67
-62
-24
-63
-172
-128
-129
-127
-190
-149
-219
-111
-131
-87
-84
-113
-150
-131
-129
-56
-3
-12
40
-2
4
-54
32
-29
40
22
-22
16
15
-47
36
57
6
63
85
165
170
121
77
85
66
91
82
85
85
149
132
95
113
135
144
152
92
72
58
102
115
97
88
83
131
33
55
-20
12
-9
3
-40
-10
-4
-21
18
-62
-58
-106
-42
-46
15
-52
-94
-45
21
-6
51
24
50
121
24
46
111
161
171
197
159
173
167
212
221
174
162
127
144
198
193
201
203
163
176
99
85
69
152
138
100
88
42
74
118
135
79
32
-93
-47
-60
-84
-100
-91
-84
-76
-124
-173
-155
-184
-138
-218
-202
-225
-204
-196
-171
-177
-189
-186
-202
-183
-116
-144
-87
-27
-56
18
22
47
57
105
132
187
183
230
226
235
210
183
139
41
-10
-99
-129
-214
-277
-334
-420
-494
-554
-582
-594
-596
-615
-654
-627
-660
-652
-720
-719
-816
-761
-984
-819
-1094
-712
-987
1297
2248
871
1273
-62
1873
4401
3234
1207
1427
4
102
1852
687
-307
425
-793
-2051
-477
-1690
-1767
1181
-645
-1826
-530
-1274
26
1911
594
-484
939
236
363
1113
145
332
714
-800
-1656
-351
-998
-851
-535
-1737
-1656
-936
-1187
-602
417
-469
-81
363
-74
557
963
860
1003
871
83
275
501
550
250
-221
-528
-703
-753
-895
-780
-522
-465
-934
-1093
-935
-656
-507
-375
-609
-609
-562
-646
-802
-690
-1047
-537
-576
1187
2736
1083
1499
813
2325
5275
4703
2179
2215
1553
1052
3007
2463
771
1105
370
-1551
-152
-536
-1802
845
-233
-2592
-1269
-1254
-581
1526
497
-1285
253
340
264
1399
689
538
1090
-211
-1187
28
-226
-44
-448
-1701
-2231
-2213
-1972
-1559
-1451
-2107
-2664
-2727
-2334
-2029
-1971
-1904
-2412
-2846
-3419
-3258
-2704
-2044
-2316
54
1719
272
1132
63
3011
7195
5753
2578
2724
2044
2257
4992
3265
794
1368
-336
-2360
-222
-1520
-2816
637
-1932
-4556
-2266
-2362
-532
2203
263
-1715
671
1058
1715
3420
2058
1977
2285
562
95
2035
1306
696
53
-1253
-1340
-1376
-1388
-1140
-957
-1834
-2341
-2532
-1858
-1421
-1259
-1309
-2018
-2827
-2743
-3114
-2361
-2416
-2370
-2968
378
2585
287
1883
585
4026
8476
5812
2471
3400
2533
2651
5144
2642
328
862
-738
-2753
-1135
-2407
-4143
-227
-2779
-6035
-2951
-2694
-757
1826
-465
-2370
1293
2001
2305
4222
2555
2809
3714
1809
1025
3009
1755
1531
943
-1317
-1913
-2091
-1631
-1661
-1715
-3129
-4187
-3434
-2881
-3089
-2838
-3108
-3755
-3303
-4455
-2716
-2164
1041
4996
777
2316
1197
3556
10586
9283
4386
3798
2888
2193
6011
4451
689
80
-915
-4575
-3723
-2729
-5783
-1464
-2920
-9017
-5802
-3397
-2351
1202
89
-3488
90
1686
1691
5096
3736
3216
4083
1410
392
2454
1936
1982
-252
-3565
-4039
-4621
-2434
-2719
-3667
-4989
-6406
-5904
-4198
-4115
-3432
-3908
-4754
-4961
-3816
-2284
2669
6773
2867
2666
1451
6478
12792
12373
6660
4538
4500
3105
5995
6339
1952
731
-463
-5884
-4308
-3007
-5643
-1210
-3329
-10258
-7297
-4220
-1360
1988
839
-2845
234
2692
2984
5679
6231
5637
4299
2273
20
3206
3503
1856
-1464
-4088
-6076
-6444
-4801
-4577
-5554
-7222
-8749
-7983
-6138
-5697
-5015
-4967
-5451
-4140
-3478
3464
8001
3535
5176
2261
8033
15398
11861
6861
6207
4799
4495
6582
4011
1069
257
-1718
-6310
-5092
-5278
-7821
-2673
-6016
-12084
-7337
-5037
-2072
1784
-1444
-3594
2395
3880
5196
8048
7586
7380
6850
3717
3760
7782
5964
3128
-985
-3111
-4552
-4518
-3680
-5202
-6826
-9495
-10227
-8775
-6686
-6852
-6835
-7003
-7045
-4864
-2907
7614
5604
4445
4547
3021
14023
16840
10675
7427
7693
4522
6902
6830
2040
1098
-384
-5023
-8166
-5999
-9229
-7967
-4556
-13228
-13622
-9423
-7539
-2967
-1361
-6394
-3830
2749
2141
6335
8097
7896
9548
7430
4108
8503
9765
6974
3664
-1928
-2918
-4993
-4399
-4725
-7729
-9106
-10944
-11152
-7996
-8125
-8428
-6521
-7937
-4370
-3723
5805
7568
4331
5961
4063
13553
19154
13450
7907
9044
6511
8006
8933
2492
893
-4
-4347
-8064
-7475
-9589
-10531
-6436
-13867
-15752
-10083
-7668
-3992
-2713
-6254
-5628
3655
3623
7541
9913
8658
11380
9522
6872
10463
10623
7741
4193
-3514
-2723
-5675
-6210
-5594
-10142
-10574
-12160
-12469
-8732
-8918
-8812
-6490
-7914
-4963
-4472
4811
8657
5591
5926
3623
12345
19658
14423
8479
8824
6240
8051
9053
3326
1163
-93
-4506
-7468
-8266
-9507
-9515
-6512
-12905
-16278
-12228
-7652
-3256
-2426
-5338
-5804
2049
3848
8121
9370
9643
11430
8889
6937
9885
11004
8488
3403
-3515
-4165
-6814
-6205
-6212
-9957
-10948
-13354
-12676
-9051
-9092
-8526
-8547
-9573
-5065
-3618
4846
8456
3062
5855
4990
12603
20178
15090
8440
7771
6660
8556
9126
4577
1928
-972
-3325
-7357
-7669
-6500
-9103
-8364
-12093
-16808
-11641
-6159
-3647
-2879
-5579
-5961
1318
5321
8062
10828
10159
10465
8897
6721
10288
11871
8592
2597
-5263
-5696
-5215
-5518
-6359
-10465
-11970
-12179
-11788
-8769
-7983
-8882
-8815
-9337
-5867
-3305
7665
7215
4340
4299
4396
15979
20415
13850
7129
6712
6222
8805
7710
2881
-312
-1736
-4920
-8908
-7710
-7580
-8288
-8176
-15017
-16534
-8879
-4205
-2460
-3810
-7047
-3703
3402
6248
9313
9928
10077
10085
7334
6450
10835
10944
7295
-274
-7691
-5528
-5742
-4415
-6557
-11285
-11096
-11369
-9073
-6699
-6323
-6810
-7504
-9139
-4920
-1349
9055
9454
2242
3196
3997
15655
21814
13193
5780
5610
5534
8671
7671
2621
-7
-2356
-4934
-8568
-7886
-5740
-6529
-7878
-15045
-17599
-8330
-1367
-1378
-4266
-8250
-4689
3722
6592
9245
9883
8962
8052
5252
5010
10717
11074
5517
-2871
-9672
-6892
-4600
-3543
-5542
-11212
-12115
-10966
-8016
-5288
-5016
-5799
-7087
-9865
-6187
-2303
9376
11085
1987
1392
1557
14558
22297
14098
4862
4136
4738
8409
7941
2651
-276
-3152
-5307
-8673
-8062
-5141
-5919
-7817
-14994
-18434
-8559
468
588
-3601
-8427
-4981
4404
7443
9925
10229
9536
8060
4155
3960
10655
12429
5748
-3937
-10825
-6911
-3600
-2919
-5898
-11833
-11080
-10941
-7134
-4935
-5372
-5278
-6320
-9358
-6742
-2740
7489
12806
2269
704
949
12721
23014
15304
5227
3490
4640
8521
8708
3504
833
-2580
-4630
-8064
-8567
-5042
-5386
-7696
-14100
-19061
-10697
207
892
-3616
-8642
-6254
4174
8227
9741
10291
9621
7462
4531
4060
9550
12985
4766
-4626
-10668
-8902
-3911
-3742
-5962
-11608
-12703
-11396
-7380
-4471
-4739
-5660
-6784
-9511
-7203
-2526
7158
12894
2104
184
791
12350
23239
16173
5624
3199
4620
8716
9444
4623
1658
-2291
-4266
-7461
-7725
-3634
-4589
-7768
-14027
-19443
-11016
-169
876
-4255
-9442
-7410
2322
7156
8954
10972
9482
6780
3387
3576
10929
13632
4422
-4278
-10719
-8372
-2456
-3977
-4709
-11108
-12718
-10782
-7746
-3686
-3990
-6084
-7275
-9376
-6390
-1457
8470
11786
1907
-105
1151
14018
23250
14701
4248
3176
4763
8868
9143
4422
929
-2619
-5099
-7410
-6098
-3371
-5158
-8566
-15363
-18831
-8840
568
-25
-6107
-10819
-6724
3593
7309
8302
9208
7883
6052
3541
4394
11472
13040
3899
-5689
-10450
-7074
-1072
-2070
-4591
-12273
-12649
-10320
-6710
-2898
-5417
-7770
-8981
-10324
-5997
-1247
9091
9777
276
-153
1900
16134
23285
13134
3503
3303
5016
9991
8775
3734
23
-3995
-5432
-7171
-5391
-2918
-5947
-10261
-16507
-18022
-6065
2645
15
-6953
-11167
-5064
5624
8417
9175
7961
5960
4904
3324
5828
11959
10736
1167
-7145
-9672
-5147
-611
-1714
-5072
-11960
-11447
-8784
-4358
-1250
-5389
-7217
-9481
-9608
-4958
-253
11242
7332
-693
-1381
3468
19470
22270
10209
2326
3695
6547
11498
8107
3145
-579
-4111
-4978
-6174
-3993
-2855
-6592
-11518
-18484
-16345
-2888
3295
-2063
-9534
-11724
-2310
8197
8043
9430
6871
4863
3826
2237
6950
12109
6922
-3671
-10537
-9682
-3634
-1551
-3299
-8150
-13095
-9959
-7211
-2833
-1217
-6823
-7619
-9777
-6917
-3168
6053
11944
1369
-882
-1225
11822
23766
16256
3936
1824
5143
9214
10721
5245
1350
-2164
-4345
-6037
-5081
-1733
-2948
-8429
-14523
-18940
-8793
2400
1644
-6164
-11773
-7469
4088
9432
8204
8045
5487
5220
2847
4506
10438
10866
2222
-7605
-11554
-5213
-1793
-2397
-6443
-11832
-11805
-8463
-4479
-1717
-3824
-7355
-8273
-8617
-3757
-70
11392
7667
-1122
-1203
2540
19645
21840
8691
866
2501
6699
10896
7572
2146
-1081
-4224
-5563
-5994
-3442
-1814
-5246
-10749
-17188
-15286
-1767
3682
-1054
-8948
-11312
-1939
9179
9454
8462
6351
4865
4431
2553
6809
11079
7563
-3971
-11480
-10441
-2539
-2459
-4153
-10136
-12944
-9981
-7033
-2677
-2730
-5474
-7915
-8568
-6000
-2121
5983
12049
2898
-1214
-301
11067
23827
16535
3206
856
4329
9245
9891
4307
93
-2635
-5011
-6578
-5025
-2248
-3597
-7817
-13686
-17031
-8122
2406
1910
-4856
-10256
-7190
4860
10786
9528
8309
5185
5357
4619
4902
9188
8180
1132
-7326
-10809
-7296
-3167
-4934
-7151
-11384
-11827
-7379
-5215
-1574
-4963
-7103
-9189
-5924
-1838
7305
11713
1915
1191
-316
14095
23852
15416
3967
1159
5693
10573
9725
2972
-832
-3278
-3740
-6836
-6122
-3349
-4598
-8213
-13702
-16117
-6297
1881
-13
-5680
-9965
-3912
5619
9484
10031
7173
4959
5461
5367
6413
9094
6905
-1660
-7541
-10257
-5759
-3950
-5698
-11133
-12862
-10730
-7416
-4360
-3629
-5855
-6911
-7807
-6062
-1967
6180
12195
2094
-623
-225
11751
24118
15333
2590
12
4532
10484
10458
3046
-2252
-3540
-3868
-5485
-5810
-3659
-4837
-7977
-13230
-15502
-6076
2895
762
-5959
-9807
-4227
7214
9855
9681
8020
5274
6297
5742
7471
9047
7537
-1040
-6873
-9116
-5617
-2389
-5955
-8940
-14487
-10312
-5870
-3678
-2577
-6606
-7003
-7666
-4208
-1333
7646
11896
2015
-450
385
14297
24018
15495
1745
-467
4641
10885
10288
2787
-3589
-5152
-4012
-5998
-5195
-5186
-6253
-9506
-13625
-14317
-4075
2729
-449
-6967
-10266
-2610
8439
11089
9236
7223
4321
5685
6285
8408
9184
4951
-2650
-8142
-7996
-4665
-2936
-6140
-11053
-14147
-11137
-5005
-3454
-3083
-7015
-7360
-7149
-3682
503
7686
12384
1533
-543
1612
15315
24628
14927
1878
-509
5525
11221
11077
3425
-3218
-5832
-4380
-4770
-4448
-3991
-6670
-10364
-14506
-13888
-3208
3911
-270
-7756
-10725
-2397
8425
11581
9493
6718
4740
5652
6316
8714
10072
5006
-3359
-9120
-9091
-4392
-3057
-6014
-11380
-15673
-12225
-6456
-3011
-3458
-7622
-8079
-7573
-3994
177
7661
12281
2194
-1005
878
14655
25124
15261
1428
-1011
4692
11264
11417
3926
-3220
-5589
-4901
-4586
-3428
-4235
-6301
-10242
-14144
-14322
-3510
4444
191
-6834
-11288
-2725
8574
11225
9988
6796
5154
5544
7194
9018
10635
5835
-3014
-8155
-8496
-3930
-2811
-5811
-10382
-14618
-11880
-6430
-3667
-3518
-7827
-8783
-7922
-3582
55
8724
11392
1598
-779
1218
15958
24801
14101
928
-842
5343
11481
10354
3563
-3356
-5607
-4629
-4831
-3282
-3836
-7094
-10131
-14129
-13601
-3529
3798
126
-7357
-10482
-2339
8485
10465
10009
6355
5162
6396
6443
9496
10148
5385
-2716
-7559
-8072
-4142
-3467
-6167
-10221
-13740
-10556
-6666
-3321
-3975
-7973
-8695
-7637
-3083
1349
10602
9531
1050
-911
3502
19968
24177
10804
22
777
7234
12447
8965
1533
-3678
-4721
-4831
-3891
-3417
-4892
-7734
-11332
-14005
-11769
-1424
2008
-2171
-8459
-9453
446
8784
9122
8366
5452
5596
6677
7266
9630
9134
3688
-3665
-7482
-6198
-3608
-5237
-8618
-11719
-12773
-9248
-6232
-4929
-5643
-8633
-8841
-7581
-2343
1967
11613
7218
788
-453
6600
22992
22533
8351
-882
2759
9559
13601
7583
66
-3909
-3308
-3902
-3425
-3044
-5596
-8384
-11963
-13695
-8959
-273
734
-4304
-9286
-6956
2786
8994
8094
6485
5393
6325
7814
8281
9407
8728
2823
-3709
-5718
-4914
-2390
-5782
-10434
-12005
-11613
-7513
-5408
-6594
-7339
-8567
-8722
-6720
-3722
1658
11042
6535
478
119
7218
23212
21457
6730
42
3359
10906
13347
6576
-1114
-4490
-2430
-2726
-2871
-3668
-6062
-8804
-11733
-13231
-8336
-184
-876
-5737
-9798
-6055
3801
7554
6993
5258
4531
7286
7840
9089
9194
7712
2993
-2506
-3956
-3084
-2125
-5635
-10286
-12256
-9688
-6522
-5211
-6787
-8450
-8075
-7100
-6729
-3628
-1046
8950
8486
202
1152
5723
20779
23201
8279
56
3876
10815
14335
8057
-952
-4582
-2022
-1112
-1454
-3264
-6080
-8389
-10496
-12574
-8801
-665
-330
-5872
-10197
-7356
2890
7872
5340
4300
3425
5570
8528
9250
8954
6451
2136
-1712
-2258
-2660
-2598
-6034
-9442
-11749
-11072
-6149
-5121
-6862
-8731
-9634
-7697
-6711
-4608
-2055
7090
8193
277
549
5454
19971
23428
9331
226
3605
11758
14630
9167
-164
-5372
-1356
-685
-694
-3057
-6258
-7800
-10120
-12073
-9701
-710
49
-5537
-10442
-7719
2856
7773
5482
3674
3570
5786
8607
8921
9389
6986
2791
-613
-1810
-1291
-1364
-5159
-8584
-11645
-10684
-6263
-4401
-6464
-9222
-9660
-7586
-6180
-5402
-3104
5820
8168
-164
-783
4243
19890
23777
8847
-463
3023
12011
15588
9593
-315
-5121
-1344
58
110
-2776
-6314
-7034
-8884
-11571
-9693
-1569
392
-5026
-11030
-8647
2377
7701
4596
2485
2520
5828
9009
9045
8412
6432
3213
-97
-412
-561
-2365
-4860
-8535
-10360
-9464
-6861
-4706
-6817
-9006
-9684
-7361
-5748
-5839
-4930
3608
9308
175
-925
2289
17744
24817
10463
-672
2291
12325
16061
10691
169
-5026
-1005
1332
214
-2657
-6456
-6885
-7432
-10362
-10068
-2697
353
-5054
-10383
-9418
1139
7423
3863
1753
1572
5121
9170
8392
7696
6275
3654
1598
-809
-937
-1225
-4393
-6763
-9929
-8943
-5473
-4546
-6674
-9256
-9744
-6838
-5205
-5774
-5722
1841
8993
1375
-1229
1507
16305
24722
11882
-442
1777
12762
16324
11780
256
-5095
-47
2242
1243
-2738
-6945
-6796
-6590
-9692
-9178
-3303
222
-4985
-10578
-9283
179
6983
3872
1297
559
4795
8697
9293
7071
4743
3128
1257
568
-1170
-2695
-5017
-7154
-9373
-8497
-6358
-4795
-7607
-10102
-9496
-7156
-5315
-6136
-6493
2675
7392
647
-838
1496
17701
23860
10136
-123
2806
12880
16890
11057
223
-4730
681
2784
1105
-3373
-7601
-6476
-6310
-9406
-8862
-2131
-651
-5602
-10520
-8106
2325
5850
3144
1546
924
6122
9238
9121
7801
4751
3742
2688
1680
169
-2935
-5109
-6919
-8643
-7228
-5068
-5311
-7926
-10802
-9599
-5780
-5080
-6674
-7128
2978
6447
924
-436
2405
18536
23032
9559
1204
5129
13300
16392
11007
51
-2915
1700
2347
1455
-4014
-8536
-6787
-6943
-9801
-8752
-3063
-2172
-7334
-10847
-7503
2592
4393
1103
1039
1878
6538
9429
8318
7386
5293
3855
3133
1827
332
-2445
-5760
-8007
-9022
-6734
-5014
-6696
-9691
-11438
-9269
-6122
-5516
-8031
-7987
2567
6094
898
-1051
1582
17574
23323
10031
1131
5026
14320
16924
11663
387
-2687
3278
3149
2101
-3650
-8387
-6610
-6432
-9114
-8877
-4323
-2923
-6846
-10833
-8128
1483
3754
779
332
1624
7184
9618
8469
7124
6081
5304
4177
2954
997
-1626
-4808
-7035
-8265
-6289
-5475
-6806
-9468
-11204
-9401
-6637
-6433
-7723
-9035
1398
6566
701
-898
-14
16098
23537
11838
1446
4246
14246
17777
12853
1525
-2339
3631
4322
2793
-2445
-7898
-6682
-5935
-8203
-8484
-5413
-3677
-6654
-10079
-8801
-283
3009
-162
-415
795
6370
9644
8087
6625
5381
5732
5523
3731
1555
-1592
-4334
-6059
-7139
-6303
-5749
-7276
-10037
-10881
-9595
-7887
-7542
-8089
-8816
1514
4351
-649
-1066
242
16698
21938
9505
1259
5443
15372
17496
12089
689
-1137
5648
4551
3600
-2431
-7671
-5703
-5746
-7353
-7350
-5127
-5254
-7668
-10233
-7412
307
1040
-1510
-2062
685
6300
9363
7816
5775
4949
5577
6457
5033
2489
-933
-3956
-5120
-5539
-4639
-4297
-7652
-10112
-11266
-8377
-7247
-7085
-9228
-8233
2354
1270
10
-2414
2535
16804
17860
6429
1980
8131
15576
16892
10045
104
1617
7677
5324
4357
-3437
-6599
-3458
-4867
-6829
-6099
-4832
-5955
-8382
-10520
-5666
268
-1272
-3445
-2935
621
5621
7864
6336
4868
3527
5230
7069
5665
1991
-2022
-3663
-3889
-4239
-3926
-4671
-7801
-10467
-10475
-7835
-8177
-7345
-9778
-2609
377
-2794
-1999
-1220
9888
16351
8930
549
5218
12057
16633
12820
4388
263
5759
8446
5742
2649
-4990
-3935
-2308
-4259
-5303
-4056
-4567
-7602
-9413
-8000
-1475
-272
-4017
-4801
-2768
2495
6244
5531
5289
3130
3783
6266
7229
5245
1379
-1777
-3115
-2729
-2680
-2358
-4858
-8356
-11038
-8459
-5952
-6872
-9027
-7952
624
-2402
-2281
-2897
3024
14563
10926
2032
754
9387
14567
14443
7144
-47
3607
8021
7953
4519
-2344
-4838
-1377
-1945
-3779
-4149
-3749
-5504
-8088
-7981
-3179
431
-3206
-5710
-4792
-625
4092
5366
3683
2925
1454
4205
6833
6401
3258
-809
-1949
-2671
-1999
-1664
-3130
-6078
-9390
-10028
-6538
-4815
-7743
-6819
-659
-2787
-3399
-3858
3667
15057
9799
-153
-1349
7963
14961
13545
6551
-556
3005
6528
7500
5815
-2528
-4019
-1970
-2666
-2996
-2369
-2644
-4115
-8845
-9000
-1514
2395
-1478
-5319
-5843
-1681
4139
4391
3618
2326
1820
2350
4909
5478
4479
853
-1462
-3215
-3778
-1342
-2538
-4235
-8970
-9931
-7718
-5492
-6043
-7994
51
-1771
-3541
-5016
92
14600
14182
1810
-3336
4648
13094
15831
8261
84
1089
6379
6453
5699
-203
-4896
-703
-3018
-4278
-3855
-1845
-1606
-5921
-9613
-5384
2860
1602
-1831
-4590
-3143
2190
5107
4171
2767
2795
3272
3170
3038
3322
2926
1387
-1698
-5397
-4549
-3162
-3182
-5597
-9523
-10135
-8555
-5648
-5834
-124
-2324
-4037
-4320
-1924
11824
13956
5359
-1708
3157
10699
13363
10451
1229
1806
5242
5845
4380
-541
-3960
-1799
-1546
-5224
-5712
-4127
-1901
-4222
-6619
-6395
-602
1256
-88
-233
-1422
2053
3200
4810
3605
3812
5411
5842
2752
1015
1084
3177
2697
-2339
-5406
-6743
-5037
-4941
-5657
-7832
-10718
-10188
-9198
248
1485
-3533
-5486
-5413
7104
14193
8664
1112
1733
9051
12474
10981
5820
1570
6083
5553
4483
185
-4022
-1226
-2289
-4366
-7561
-6623
-3837
-4578
-6989
-6579
-3655
-1394
-1292
-321
63
1898
3087
3193
4079
3634
5881
7529
5800
1483
268
2213
3729
1269
-2774
-5645
-6941
-6534
-6411
-5725
-7870
-11496
-11881
-9392
1504
864
-3342
-6179
-4201
9651
13689
7392
1233
3816
11112
13588
10327
4687
3770
7872
5967
3887
-959
-2569
520
-2549
-5670
-7819
-5646
-3545
-5702
-7670
-6509
-2882
-2695
-2178
-672
290
3041
3173
3438
3039
4257
6876
8288
5851
1087
1669
4034
4104
687
-2252
-4783
-5918
-6751
-7053
-5297
-7966
-11031
-12323
-9319
1165
-208
-3845
-7398
-3927
9462
12818
6513
208
3433
11580
14051
10669
4834
3570
7678
6278
4225
-498
-1524
504
-2467
-5892
-7380
-4880
-3827
-6210
-8332
-6192
-3480
-3414
-2879
-1361
-438
1832
2892
2233
2984
3768
6053
7871
4608
1818
2952
4513
4189
176
-1558
-3225
-4856
-5892
-7275
-5081
-7107
-10773
-11589
-10073
1181
351
-4874
-6994
-4995
8874
12692
6033
-468
1858
10998
14620
11550
5116
1907
6947
7491
5667
1366
-1466
316
-1886
-4331
-5249
-4027
-3202
-6854
-7520
-5387
-3797
-3548
-3884
-1793
-1403
532
1116
1747
2548
2896
4491
5936
3646
1551
3810
3836
3669
118
-1426
-1629
-3563
-5137
-6165
-4654
-6470
-10498
-10290
-9254
-1694
1659
-5706
-6657
-5473
4304
12759
7775
5
-1291
7703
15217
14047
6616
352
4305
8921
8488
5110
-27
-1344
-616
-1111
-2070
-2550
-3730
-5576
-5796
-4202
-4024
-3846
-4058
-2836
-983
-1401
-412
1010
635
1707
2322
3930
3810
483
2749
2848
3050
1525
-1339
-931
-3240
-4383
-3587
-3422
-6224
-9840
-10577
-6512
-4627
-367
-2786
-7191
-5113
-3264
8626
11637
3370
-3678
357
11641
15658
9757
1098
83
6379
10253
8224
3159
-2503
-1421
1682
1586
-1349
-3470
-3331
-3270
-3228
-4230
-4191
-2332
-2713
-2089
-2232
-1762
700
67
432
750
2411
3306
1468
1297
1645
2886
2025
861
-1105
-2208
-2888
-1475
-1453
-4650
-7640
-8389
-6594
-4193
-5125
-1233
-556
-6357
-5391
-1884
9557
11436
841
-4418
1664
12297
13677
6694
467
300
6907
10020
6959
1742
-2431
338
3635
762
-1484
-1133
-1530
-2699
-4938
-4265
-1058
-1019
-3782
-4434
-2811
-1509
-765
-1140
-1618
140
277
65
895
-369
1254
940
1183
-766
-2313
-1289
-504
-377
-3427
-4994
-5227
-3902
-4867
-5255
-4904
-629
975
-4782
-3992
-1482
6888
9656
2471
-2189
86
8364
11265
7175
1746
89
4119
8686
7483
3754
212
-246
2372
3350
2565
963
-1263
-3160
-3234
185
611
-1486
-4384
-4844
-2140
-1486
-1975
-2314
-2139
-2850
-2498
-1261
-321
-1078
-960
-774
-1231
-639
-1580
-111
-592
-2626
-2197
-2449
-1477
-3694
-5164
-3848
-3353
-2277
417
-608
-3173
-2345
-1034
7353
8133
1027
-3066
574
8077
10553
5709
-1016
-1054
4742
9772
8737
1651
-2570
1932
6575
6248
1948
-1892
-1770
371
1935
1058
-1556
-4698
-3902
-1888
-1887
-2839
-3071
-4013
-5504
-4081
-3075
-593
-1851
-4005
-3044
-1533
243
-52
-254
-2001
-1811
-374
439
109
-3027
-3570
-2100
-1033
-1508
-1285
2500
79
-2985
-2563
2573
9381
5609
-3289
-3621
3520
10705
7796
253
-3383
823
9777
10037
5252
-874
-227
6252
7999
4213
-709
-187
2439
2394
1357
-1601
-2452
-3219
-3570
-1351
-2735
-5330
-6813
-6377
-4972
-4201
-4203
-4128
-4619
-5298
-3103
-437
291
-2348
-2834
-1975
842
1670
-649
-721
-1271
-1033
-1648
-1084
-632
649
2840
-1576
-2814
-1869
3260
8466
4171
-3742
-3569
3527
9215
5902
-1120
-2052
2523
9556
9665
5170
-25
1344
6308
8075
5137
1281
1210
2462
3079
1089
-1472
-3122
-2400
-1935
-3528
-6483
-7672
-6081
-6331
-7102
-6250
-5673
-5497
-6249
-4493
-1704
-1208
-1728
-3160
-721
219
892
2365
1657
969
-1152
-304
1099
1568
96
140
2724
-203
-1431
-1171
2590
6374
3330
-2887
-3132
1970
7097
6527
162
-2796
1646
10264
10786
5106
-1161
1126
8539
10308
6443
1353
1094
3288
3744
2051
-816
-2217
-2714
-4621
-4949
-6488
-6909
-6539
-7371
-9002
-8496
-6573
-5014
-4822
-5539
-4435
-2796
-1335
-1738
-427
206
1500
2504
1782
768
1063
2439
1351
241
-314
2539
4913
410
-3072
-2190
4408
8170
2090
-5343
-4287
4085
8619
3726
-2474
-2145
4964
10062
7415
1472
-350
4703
10172
9280
3328
474
2148
4437
3774
1904
-2077
-5317
-5326
-4370
-3087
-5705
-9228
-10086
-9487
-8169
-6593
-5510
-6554
-7634
-6630
-3290
-631
-1092
-1267
-860
1267
1982
2857
3950
3146
2208
931
2007
1707
2214
1420
3485
1995
-2192
-1703
1261
7397
4726
-2859
-5357
-345
7485
7604
1706
-2682
-862
7180
11004
7602
1635
1246
7401
9848
6312
1405
1571
5284
2800
-1204
-4450
-4307
-2342
-4223
-6786
-9725
-10550
-9465
-7548
-7712
-8971
-8510
-8082
-6470
-5739
-3573
-1868
-797
-1372
-1640
1631
3936
5282
2858
2177
2790
3365
4318
1854
1342
1182
2366
4284
-67
-1965
-1023
3557
6415
571
-4739
-2018
4017
7418
3315
-1541
-293
5483
10985
9441
5274
853
3948
9071
10104
6420
-38
-1171
1058
2248
1155
-3834
-7654
-7416
-7019
-6079
-7874
-9348
-9533
-9544
-8999
-7259
-5933
-6188
-5798
-4578
-1514
-781
-750
149
1898
2965
2745
3412
3830
4671
3742
1952
2127
1703
2329
1735
3389
1956
-1386
-870
-403
4504
3919
-1437
-4091
-1450
4838
7044
3518
-248
1508
7345
9707
6897
2571
3088
7388
7866
4579
-133
-586
2283
1265
-1589
-5414
-7934
-6772
-5209
-5362
-8135
-10695
-10705
-7951
-6897
-7182
-6425
-5935
-4717
-4233
-2557
37
617
557
769
2198
3151
5099
5149
4047
3299
2315
3265
3832
1735
1857
977
2128
2971
-1833
-1266
-1156
2739
4859
-750
-3635
-267
5765
8587
3424
-911
478
7102
10950
8589
2319
-1160
4234
6908
6205
1142
-3793
-1666
-2035
-2812
-3792
-6275
-7514
-7517
-7829
-7152
-8649
-9801
-8077
-6702
-5670
-6081
-5777
-4209
-2755
-1369
-639
430
110
1458
3304
3385
5097
4023
3661
3641
3480
4491
4384
2340
-131
68
1145
4725
892
-3220
-2812
843
7416
5439
-1838
-3037
1492
7009
8742
2944
-187
2400
7550
8961
4974
-382
1365
5197
5091
1416
-4036
-3363
434
-1007
-3346
-6920
-8195
-5567
-5404
-5890
-7058
-8731
-8207
-5488
-4168
-4281
-4711
-4672
-3372
-1565
-112
541
629
878
2610
3813
3795
3907
3832
4861
4309
2551
1631
1812
1615
1989
183
800
2505
-310
800
-310
2576
5514
841
-2147
-349
4536
7626
3583
-1486
-1052
4504
7552
6128
487
-3831
521
4692
4556
-1262
-5628
-2727
-834
-1862
-3863
-6581
-5792
-5105
-6425
-5925
-6099
-6049
-5090
-5562
-5729
-4306
-2667
-2543
-2619
-2004
-196
1702
1576
1627
3163
3607
4803
4189
3051
3453
3224
3661
2617
882
1047
2602
2033
3094
1637
-1347
-1203
-1103
3686
6274
-81
-4381
-2659
3733
7521
2458
-3374
-2923
1858
5436
5602
210
-3152
225
3046
4906
129
-4612
-1924
-748
-658
-3284
-5350
-4245
-3460
-4310
-5043
-5899
-5273
-3970
-4301
-4570
-3903
-2211
-1951
-1607
-1240
540
2640
2584
2395
2529
3717
5448
4399
3381
2797
3658
5580
4445
3037
192
939
665
2899
3769
-1268
-2968
-3212
2125
6425
197
-5931
-4748
1031
5785
1965
-3365
-3485
1762
5951
5508
67
-3144
1421
5519
5003
-955
-5440
-1377
2203
1085
-2969
-7022
-6007
-2684
-2204
-3351
-6800
-7328
-4784
-3206
-3342
-3920
-2846
-2478
-921
-545
1218
3227
1771
1342
1830
3840
6088
5503
3927
2974
3490
4273
3633
2038
402
-22
-111
-238
1708
-866
-3191
-4004
-2706
2482
921
-4362
-5373
-1182
3879
4078
-1280
-3338
599
6229
7227
3772
-1978
-1115
4478
6777
3843
-2662
-3501
-120
1252
283
-2830
-5234
-4671
-3608
-2969
-3962
-5349
-5389
-4346
-3332
-3587
-1878
-1106
-1510
-1365
-529
2482
3157
2786
2479
2694
3991
4218
3973
3018
3460
3406
2166
892
-708
-414
-515
-863
-2403
-1228
-4223
-4459
-2591
-526
2179
-1922
-5208
-3586
1944
5779
4007
-820
-2389
2066
6769
7652
3570
-1545
666
4173
5582
3072
-1531
-1563
348
385
-757
-2518
-3841
-3307
-2933
-2802
-3593
-3860
-3477
-2889
-3286
-2604
-1007
-694
-661
-644
904
2835
2569
1794
1318
2855
4277
4102
1841
244
993
1995
2510
-195
-3190
-3985
-2763
-839
-1078
-3239
-3578
-4603
-2555
-2059
187
2229
-113
-2862
-2524
1817
5389
5228
1171
-774
1538
5289
7887
5230
-115
-191
2775
5340
3630
-582
-1302
-177
186
-327
-1753
-2538
-2210
-2533
-2475
-3380
-3444
-2359
-1551
-2177
-2750
-1621
-437
322
-185
25
653
894
1299
1344
823
891
806
94
-336
-745
-392
-233
-1176
-2734
-2931
-2329
-1976
-1694
-1310
-1076
-2023
-2461
-1936
1022
3177
2016
-763
-937
1864
5580
5617
3224
1342
2459
4223
6131
5386
2989
1712
1816
3379
3417
1765
375
-507
-1348
-1187
-1537
-1544
-2362
-3748
-3605
-3262
-2606
-2121
-2024
-2949
-3111
-2513
-1214
8
-506
-1225
-1607
-869
688
542
-956
-1535
-998
399
445
-912
-2000
-1692
-324
-422
-1457
-3711
-2963
-714
618
56
-2511
-1973
314
3218
3148
1360
215
1823
3838
4614
4473
3565
4310
4435
4375
4532
4747
4551
3513
2407
1625
2022
1688
749
-495
-2073
-2177
-2045
-2797
-2895
-2927
-3069
-4107
-4590
-3472
-2045
-1652
-3442
-4441
-3432
-1640
-600
-1331
-3245
-3146
-1536
-196
-744
-1724
-1865
-1147
-619
-1377
-861
-935
-282
-1079
-1270
-726
-54
877
570
-6
863
2240
2331
1864
2357
3919
4675
3667
3230
3921
4767
5311
4711
4506
3800
3620
4479
4008
2715
1407
1490
1581
728
-115
-636
-1007
-1874
-1768
-1965
-2162
-2710
-3224
-2868
-3215
-3257
-3545
-3090
-3020
-2973
-2782
-3004
-3142
-2771
-2080
-2028
-3122
-3542
-2087
-778
-600
-2021
-2283
-1241
71
1008
-119
-1099
-896
767
1862
1265
837
631
1391
1941
2208
2512
2366
2426
2211
2634
3256
3226
3162
2600
2187
1808
2206
2612
2598
1396
686
800
896
1424
350
-177
-444
-832
-836
-1375
-1639
-2136
-1466
-1488
-2154
-2589
-2710
-1445
-876
-1954
-2836
-2941
-1534
-349
-363
-1088
-1811
-1198
-289
600
429
-613
-1005
-496
539
860
577
57
-227
209
571
253
474
305
183
68
189
819
621
753
968
846
404
-246
155
316
261
122
-464
-468
-570
-270
262
-27
-1196
-1709
-898
-64
0
-704
-1436
-610
-164
356
698
506
226
-548
134
1505
2229
2107
1806
1364
1666
2512
3015
3422
2232
1504
1882
2248
1828
1090
1041
1041
564
-435
-616
-279
-460
-1059
-1563
-1205
-1157
-1035
-585
-359
-539
-930
-730
-372
-737
-955
-476
-184
-380
-960
-1307
-951
-675
-1425
-2225
-2666
-2792
-2428
-2435
-3076
-3817
-3478
-2910
-2339
-2267
-3051
-3375
-2975
-1471
-539
-442
-318
45
1114
2168
2759
3409
3196
3325
3974
4567
4368
3718
3525
3863
3763
2604
2234
2019
1865
1449
659
580
402
-332
-186
710
1020
300
-371
271
952
1041
670
994
1280
1244
1355
1063
1218
99
-259
-63
-933
-1436
-1909
-2145
-2670
-3227
-3675
-3119
-3497
-4614
-5224
-4666
-3841
-3809
-4104
-3827
-2842
-2541
-1678
-1051
-252
486
836
1920
2266
1970
2245
2883
3100
2464
2231
2029
2247
1533
1005
725
318
352
-84
-172
-429
-144
-67
515
-46
-101
718
1173
2311
2111
2245
2555
2982
3183
2971
2375
1835
2001
1643
1353
585
-169
-314
-911
-1357
-1873
-2519
-3273
-3476
-3500
-3332
-3811
-3833
-3393
-3313
-2880
-2747
-1847
-1016
-429
318
686
1438
1823
2880
3239
2831
2255
2475
3143
2707
1745
578
685
837
314
-478
-1160
-1165
-1254
-1501
-1691
-1860
-1697
-893
-430
-153
100
174
1094
1314
1502
1408
1213
1131
688
675
401
638
287
-470
-1409
-1534
-1440
-1781
-2308
-3273
-3607
-3260
-2336
-2656
-3352
-3536
-2673
-1254
-1272
-1220
-365
718
1600
1903
2415
3052
3969
4157
4148
4394
4139
4180
4018
3672
3117
2461
2092
1629
1181
570
-222
-905
-783
-496
-549
-628
-989
-591
-140
-8
560
166
224
395
582
354
-27
-342
-418
-384
-940
-984
-1419
-2330
-2955
-2981
-2670
-2893
-3807
-4819
-4519
-3645
-3160
-3311
-4072
-4367
-3093
-1833
-1276
-1512
-1476
135
1405
1884
1731
2364
3398
3440
3164
3161
3964
3941
3531
3035
2483
2544
1604
1691
954
629
781
482
548
75
223
610
1274
1012
726
841
1281
1964
1701
1294
792
1069
1300
1486
1175
7
-837
-965
-634
-427
-677
-1983
-2854
-2937
-2269
-1632
-1802
-2941
-3624
-2950
-2328
-1815
-2131
-2421
-1779
-1010
-489
-358
170
625
424
460
916
2087
1891
1111
701
1166
1598
847
82
-274
-221
95
-32
-536
-785
-652
-615
69
-197
-614
-222
-90
566
178
80
-4
476
464
287
778
599
-9
-703
-580
109
13
-735
-910
-857
-932
-951
-484
-72
-425
-917
-615
56
292
281
474
573
1137
1300
1971
2428
1746
1958
2403
3008
2838
2316
2266
2336
1752
1050
981
1113
711
-87
-133
286
111
-449
-932
-746
-490
-687
-829
-857
-862
-1059
-821
-743
-918
-1231
-1002
-942
-1042
-1856
-2054
-1675
-1754
-2107
-2733
-2492
-2153
-2363
-2934
-2727
-2281
-2166
-2484
-2385
-1907
-1785
-1525
-1100
-783
-746
260
807
909
393
861
2596
3414
2596
1736
2314
3312
3404
2464
2251
2242
2101
2231
2374
2341
1921
1899
2340
2564
2080
1551
1998
2083
1653
1091
1164
1443
1750
1113
414
51
31
-56
-492
-1019
-1926
-1919
-2047
-1834
-2351
-3246
-3541
-3020
-2651
-3253
-3634
-3554
-3458
-3213
-2974
-2350
-2265
-2269
-2025
-1594
-1006
-1205
-568
-233
86
-10
205
882
823
673
393
861
1033
798
751
815
1201
1325
1652
1700
1934
1763
2066
3039
2856
2452
2040
2665
3471
3430
2845
2127
2326
2276
1899
1977
1252
569
-158
-54
190
-462
-1137
-1765
-1369
-1365
-1500
-1766
-2089
-2409
-2457
-2007
-1711
-1608
-1589
-1520
-1870
-1578
-1239
-546
-73
-483
-838
-1207
-483
233
-57
-887
-1608
-1165
-187
-40
-780
-1298
-1184
-338
215
154
-425
-202
630
1168
1205
692
817
1269
2057
2074
1642
1409
1214
1502
1375
1273
1055
323
197
63
463
-37
-449
-763
-746
-463
-655
-405
-1198
-1446
-1207
-301
248
-198
-770
-793
30
687
576
137
226
602
796
704
291
-18
-206
-4
-219
-521
-624
-254
114
-171
-690
-556
-6
131
252
122
115
369
561
674
1019
1161
1201
792
505
683
592
402
-108
-133
-91
-247
-387
-909
-888
-1001
-907
-700
-1259
-1234
-1041
-774
-836
-1046
-613
-318
-129
-386
-390
-12
-115
109
120
439
-81
-506
7
462
222
-851
-969
-693
-73
-147
-615
-547
-407
67
325
399
211
398
1041
1295
1328
1001
1123
1804
2072
2040
1574
1476
1417
1298
1035
688
663
385
140
-442
-330
-292
-407
-791
-1216
-1103
-598
-124
-598
-1213
-712
202
383
-217
-607
-148
130
40
-473
-425
-10
-351
-531
-915
-873
-1013
-1428
-1555
-2108
-1633
-1403
-1268
-1228
-1529
-1216
-789
-164
-125
-4
483
795
1045
1012
994
1510
2011
2011
1866
1651
1683
1367
1260
1260
1018
518
259
450
450
249
-126
-300
-331
-372
190
296
11
-135
464
1331
1528
1116
716
1016
1128
1013
933
516
365
-149
-271
-5
-499
-1864
-2318
-1961
-1886
-2254
-3153
-2687
-2169
-1956
-1953
-2252
-1898
-1441
-467
66
-423
-555
-124
1039
1231
921
973
816
1326
1108
1227
794
449
452
170
414
8
-83
-348
-480
-488
-513
-211
-105
3
129
633
1141
1293
1180
1655
2304
2492
2078
1779
1865
2275
2211
1214
536
110
117
-199
-1019
-1921
-2169
-2105
-2422
-2658
-2889
-2732
-2879
-2767
-2188
-1739
-1119
-1286
-1330
-689
35
618
753
763
838
966
1301
1403
1272
1014
990
680
507
370
83
24
-364
-560
-802
-601
-498
-214
-97
-454
88
645
1303
1234
1134
1614
2327
2700
2419
2188
2379
2708
2339
1640
1060
828
660
-31
-1022
-1785
-2048
-2005
-2082
-2468
-3277
-3398
-3048
-2543
-2068
-2013
-2005
-1919
-1407
-541
-75
2
84
530
1023
1149
1218
1003
1000
1082
1065
1018
562
122
266
231
-189
-589
-728
-734
-743
-458
-140
224
362
60
680
1240
1898
2205
1951
1957
2114
3043
3274
2492
1554
1229
1994
1832
736
-493
-1053
-810
-1176
-1634
-2486
-3095
-2843
-2620
-2456
-2723
-2846
-2399
-2003
-1711
-1665
-1188
-513
-347
-217
-184
350
756
493
247
199
637
897
440
-127
-378
-228
-21
-267
-815
-1264
-937
-444
-162
-76
-158
362
655
1002
1490
1742
2280
2280
2279
2490
3040
3028
2614
2289
1950
1665
1242
743
469
-163
-724
-994
-1262
-1881
-2221
-1931
-1970
-2368
-2642
-2176
-1509
-1268
-1374
-1272
-728
-192
256
272
6
65
308
812
823
444
88
-7
126
30
-327
-640
-843
-926
-1042
-1158
-1059
-1065
-681
-322
-87
-179
-125
695
1578
1939
1583
1714
2352
2954
2645
2558
2567
2220
1852
1349
1279
899
261
-256
-626
-1150
-1722
-1551
-1644
-2077
-2570
-2573
-1848
-1746
-1979
-1891
-1407
-767
-343
-98
178
243
560
618
767
888
714
817
717
378
-32
-132
-23
-300
-770
-1250
-1143
-770
-808
-864
-651
-458
-388
-303
236
906
771
813
1197
1832
2317
2053
2219
2373
2363
2077
1613
1531
1202
1004
623
108
-577
-1048
-874
-1015
-1592
-2300
-2335
-1748
-1837
-2203
-2041
-1779
-1300
-1162
-774
-468
-415
-169
31
565
332
319
625
833
446
-166
-163
136
43
-544
-937
-811
-711
-714
-646
-449
-602
-734
-343
359
811
440
420
780
1339
1907
2139
2067
1823
1712
1879
2041
1854
1445
1150
794
775
460
-74
-381
-853
-1164
-1401
-1362
-1331
-1758
-2034
-1931
-1525
-1398
-1354
-987
-1209
-903
-581
86
451
-220
-148
123
752
705
480
200
88
264
165
61
-177
-304
-260
-382
-399
-147
-64
-63
-405
-23
437
739
684
529
762
1155
1734
1659
1443
1074
1128
1606
1548
1293
692
585
462
519
273
-347
-693
-1012
-634
-872
-1270
-1575
-1533
-1328
-1244
-1130
-1072
-987
-919
-814
-575
-407
-167
-13
23
69
-45
335
257
181
-164
-314
52
311
170
-283
-501
-318
0
93
-32
-212
-80
164
507
435
474
702
718
1074
1233
1392
1113
838
958
1194
1274
886
879
646
621
417
-105
-309
-475
-493
-658
-908
-1097
-1279
-1301
-1105
-867
-912
-1125
-1185
-1012
-694
-768
-734
-506
-382
-122
-250
-215
-222
-6
50
-79
-68
-178
63
141
78
-197
-295
-195
-213
122
-75
-168
-186
-74
603
728
386
262
686
1101
976
874
703
996
1070
1154
1349
1072
812
558
493
457
315
108
-139
-238
-388
-546
-744
-839
-720
-498
-560
-785
-720
-587
-512
-474
-418
-289
-79
1
22
-53
109
131
156
128
148
254
170
61
-102
32
124
99
34
-85
-190
-255
-205
-62
4
-263
-336
-106
45
22
-17
18
51
51
176
461
441
156
113
12
56
-25
-66
7
-276
-484
-584
-568
-469
-431
-611
-679
-646
-421
-411
-299
-167
-90
24
-117
135
476
606
469
295
442
672
1043
924
836
870
875
1059
830
783
829
1006
840
421
268
406
665
344
133
-124
-143
-23
141
140
-71
-331
-383
-39
111
-224
-495
-621
-549
-320
-462
-610
-820
-1012
-1099
-1008
-990
-1288
-1437
-1415
-1277
-1228
-1325
-1302
-1318
-1046
-902
-943
-982
-910
-635
-268
-127
-166
70
500
719
861
807
986
1299
1263
1350
1639
1823
1717
1445
1191
1395
1530
1467
1146
832
721
1018
1229
967
671
535
641
637
471
376
331
96
-102
-34
179
56
-248
-441
-665
-583
-514
-615
-836
-1177
-1266
-1211
-1103
-1326
-1455
-1422
-1617
-1747
-1692
-1444
-1366
-1554
-1585
-1249
-813
-528
-552
-459
-143
153
473
376
505
805
1180
1296
974
796
887
1269
1231
903
600
701
1017
960
636
295
272
371
387
327
184
242
-21
-68
27
227
465
249
138
132
241
217
142
24
-143
-295
-335
-357
-387
-644
-594
-614
-926
-1158
-1217
-805
-760
-1096
-1154
-884
-359
-101
-129
-104
-62
290
738
1179
1242
1076
965
1187
1383
1646
1650
1348
846
675
942
1156
885
171
53
115
116
-73
-369
-486
-569
-738
-733
-570
-502
-632
-582
-410
-501
-364
-379
-294
-163
-461
-473
-649
-488
-479
-603
-858
-1295
-1368
-1216
-861
-995
-1448
-1675
-1451
-1001
-844
-842
-557
-317
-39
258
646
1022
1256
1487
1498
1515
1626
2010
2221
2007
1669
1622
1782
1838
1554
1242
1019
746
611
519
492
295
37
-360
-500
-324
-117
-82
-332
-462
-516
-288
-45
-22
-286
-539
-569
-494
-348
-622
-948
-1121
-1378
-1455
-1473
-1541
-1698
-1862
-2094
-2182
-2058
-1823
-1610
-1490
-1384
-1308
-1013
-560
-81
154
246
154
475
955
1318
1476
1223
1168
1190
1396
1440
1335
1066
856
834
756
706
585
504
291
-53
1
231
373
223
254
362
338
350
484
929
994
828
567
609
822
697
524
180
-1
33
52
-110
-509
-718
-882
-889
-969
-1059
-872
-626
-622
-866
-727
-383
137
371
182
165
364
727
1143
1170
905
671
635
856
927
968
645
339
13
28
237
-128
-520
-943
-953
-795
-640
-727
-1104
-947
-836
-590
-584
-707
-428
-209
-145
-266
-229
-38
3
-61
-290
-504
-375
-346
-345
-681
-836
-1031
-1036
-919
-807
-646
-740
-705
-655
-268
77
337
451
345
460
801
1129
1359
1361
1281
1318
1417
1461
1566
1558
1325
1118
1105
1152
1130
897
630
479
292
232
237
119
-51
72
129
84
-38
-26
158
131
-84
-228
-117
-46
-152
-500
-806
-915
-1048
-1044
-1028
-1303
-1683
-1972
-1967
-1819
-1858
-1904
-1888
-1781
-1671
-1469
-1256
-955
-802
-651
-582
-392
-98
192
397
414
453
533
764
938
998
786
691
715
892
1161
970
837
708
704
835
912
920
806
899
1036
1165
1273
1357
1451
1340
1260
1206
1272
1313
1067
877
660
569
490
173
19
-216
-417
-785
-1083
-1069
-1125
-1150
-1298
-1378
-1379
-1291
-1137
-964
-901
-942
-805
-587
-464
-360
-383
-420
-520
-552
-304
-98
-55
-456
-607
-517
-252
-79
-254
-441
-562
-556
-337
8
-3
-175
-262
88
555
803
737
601
859
1010
1247
1390
1188
974
986
1207
1177
876
601
573
579
345
1
-58
-56
-177
-262
-297
-473
-498
-198
175
211
22
-2
126
364
351
408
414
339
197
121
200
140
38
-267
-398
-390
-327
-399
-672
-802
-919
-1015
-952
-801
-686
-763
-803
-781
-580
-340
-225
-98
-197
-254
-35
253
291
-106
-210
-201
-109
-60
-98
-63
-188
-356
-550
-496
-444
-383
-479
-24
-282
-994
-887
-972
-772
-266
-532
-294
-723
-784
-459
261
1100
1239
1315
916
1175
989
803
1747
2093
508
1442
1070
726
1141
-27
1364
813
606
664
-77
-213
1180
-732
316
2440
-1331
335
1203
-468
-208
876
-884
-17
279
-974
-590
-246
-222
-1564
-890
-255
40
-953
-102
-976
-1595
786
-121
-1179
142
430
-897
519
276
627
546
-231
732
572
-253
318
341
-4
398
-664
405
457
-390
-683
-669
-776
33
-713
-504
-989
-1383
-819
-639
-359
-594
413
254
30
-464
409
751
368
715
171
787
635
-17
497
510
-538
771
-28
-71
-226
-376
-319
-355
311
-434
494
-21
-287
440
705
-340
1344
1198
-552
2176
-209
-127
1260
-371
1064
889
-333
59
-124
-351
450
-422
-474
-136
-807
-674
-433
-407
-1043
161
-646
-942
569
-519
80
97
-231
-79
310
-1062
821
577
-1119
604
-797
-586
-46
-220
-1036
-337
-455
-888
-903
-242
-1099
-761
308
-284
-359
-925
-635
-68
442
-168
134
971
196
821
171
-951
1921
968
124
905
-570
778
994
-455
266
606
-929
515
-546
-553
396
-825
-181
87
-316
-21
1034
-440
795
668
229
933
983
598
912
526
88
1374
1651
-258
-620
394
-148
193
-135
-308
-1124
-1282
-1150
-581
-53
-414
-1059
-228
-303
-152
409
-53
864
578
-181
337
469
-222
1105
681
-316
399
-2
445
-624
-437
-75
-104
-613
-371
-739
-580
-448
-866
16
28
294
-219
-491
235
-5
410
1733
919
709
956
542
576
1225
811
1234
781
375
255
422
-7
785
47
73
168
-370
-311
-888
-43
656
292
-315
856
-57
-78
51
888
-27
-20
1282
510
-135
-198
-5
-823
32
-70
-433
-792
-820
-1789
-1970
-591
-871
-2259
-1136
-289
-2153
-1916
-916
-1040
-1602
-285
-1014
-1071
-821
-272
-752
-615
-214
-333
317
-562
-1025
198
72
-1311
354
274
-948
236
-43
-357
-188
-706
382
1720
824
-659
576
1757
447
589
2145
1985
742
1467
1328
2236
985
1339
1774
1291
1710
619
643
1167
487
-193
1824
843
-871
-45
126
-96
334
410
-428
-307
181
-1271
-464
127
-402
-346
120
-981
-1401
-277
-1005
-675
-644
-796
-821
-1045
-1536
-746
-908
-932
-841
-1556
-1095
-27
-1024
-953
323
-757
-277
782
109
88
223
353
1191
803
99
1564
704
46
1232
1259
914
579
294
137
859
937
836
91
794
177
-292
178
1158
448
100
417
490
391
89
285
86
954
190
-114
-158
158
-50
-592
-568
501
-540
-951
-36
-598
-1405
-1319
-617
-1134
-1475
-44
-415
-1549
-665
-1204
-1049
234
444
-774
-179
-611
-287
538
-396
-348
1024
350
-874
363
239
-294
225
644
1138
540
-381
-174
829
603
465
-127
1455
841
-638
219
946
383
458
443
241
1069
123
157
-41
-65
-52
501
818
462
-278
-399
-537
-349
399
190
-424
-64
-232
-896
-158
-229
-1012
384
449
3
-122
-1017
-513
-1017
536
599
-469
694
-353
-2040
-184
-217
196
394
8
228
-1053
-579
-372
251
-254
845
-46
-56
-155
-221
-409
-190
683
77
201
368
0
-589
-130
-415
-132
733
320
-364
-233
-1422
-297
234
-677
511
858
-1069
-789
-166
-905
667
1205
-585
248
955
-491
298
600
-598
937
1038
27
709
344
-41
-642
-108
678
756
143
382
-176
-378
-1
-363
683
534
209
60
248
-94
-147
774
678
759
868
678
192
-228
297
682
508
-122
878
56
-577
-273
-103
45
264
50
-320
69
-542
-1043
-395
0
606
-429
86
318
-303
-362
279
71
-248
525
-192
-158
-207
124
-493
-402
-40
-159
-635
-714
-466
-653
-1010
-802
-535
-204
140
-1244
-236
302
-745
-814
1131
941
-506
59
371
-34
-239
91
473
1168
332
-139
-437
172
250
300
558
348
-374
-369
-109
114
-264
208
239
-35
634
-96
-536
284
461
376
748
267
419
895
-38
114
606
319
803
431
-390
307
-560
-682
115
-162
-36
-517
-1185
-823
-601
-1527
-652
486
-110
-1044
-449
-460
-857
-574
-540
110
259
493
-386
-949
-230
-406
-169
325
70
-275
-737
-966
-761
-611
59
-10
-682
201
-161
-710
-828
214
367
120
185
586
707
166
707
612
1209
997
1364
904
1102
944
73
873
1812
1423
453
242
716
655
346
649
509
590
259
-168
510
803
223
-215
184
870
433
-295
49
376
140
157
24
804
-309
-466
410
-627
-873
-144
-516
-404
-421
-940
-924
-765
-658
-1238
-565
-410
-865
-889
-307
-541
-807
-637
-6
-263
-474
-210
-434
-509
-245
-285
-501
250
-106
-22
-94
-498
-308
145
494
342
315
103
-22
-2
80
292
577
212
323
416
-261
219
923
546
-203
511
1021
544
91
235
704
690
26
221
861
638
-88
-373
305
238
-129
159
21
-692
-173
-564
-274
51
-241
-402
-498
-209
-756
-959
-272
-156
16
-221
-1005
-654
-335
-393
-147
53
9
-65
-608
-826
-569
-227
61
-33
-690
-401
-413
-537
-485
-175
115
11
100
317
6
-99
211
406
571
561
762
587
292
238
543
988
1007
850
652
516
117
672
655
581
854
862
92
317
624
601
194
262
208
190
236
-247
74
271
51
-352
-72
302
-118
-50
28
12
-369
-546
-216
-29
-3
-630
-674
-526
-558
-1162
-1115
-562
-542
-1054
-872
-501
-1026
-802
-938
-437
139
-461
-721
-70
-40
-315
-443
-283
301
334
118
209
132
-168
-25
381
985
1030
189
34
127
285
342
476
504
771
595
-109
-232
707
520
148
757
1135
585
278
219
218
445
353
376
566
1075
-28
-228
-91
217
244
13
286
115
-31
-595
-930
-944
-45
-366
-602
-301
-163
-750
-1270
-672
-256
51
93
76
399
564
-454
-714
245
607
435
278
401
423
-157
-1047
-293
284
56
-165
-253
197
-334
-1056
-1099
219
611
467
157
149
72
-728
-198
709
1152
666
225
322
200
-42
-425
42
336
291
-339
-474
-485
-836
-1130
-752
-115
-218
-355
-712
-462
-330
-950
-567
38
217
178
24
24
191
-116
-318
328
757
686
17
89
132
58
-362
33
452
288
-278
-256
187
298
-110
-212
533
508
578
342
413
368
212
466
1055
894
134
146
351
414
-84
47
245
117
-106
-366
-494
18
-282
-649
-618
-290
-25
-717
-829
-488
-281
-541
-147
141
-252
-497
-113
36
276
114
-135
435
562
78
-165
169
279
228
103
215
99
187
-43
97
275
314
350
18
143
473
481
145
439
764
571
228
605
711
345
545
553
807
735
137
-304
78
86
-10
153
264
206
-379
-830
-510
-488
-682
-467
-338
-190
-424
-958
-954
-398
-416
-432
-23
-117
-247
-419
-757
-378
80
-30
-203
-247
-580
-779
-912
-697
-442
-347
-440
-372
-209
-389
-632
-481
-11
142
163
215
608
65
-392
177
659
808
696
574
547
650
223
36
459
657
544
263
194
155
130
-106
-291
17
121
48
-169
-179
-229
-539
-270
-98
161
248
-14
-144
-144
139
301
215
212
199
70
59
-105
-40
27
-160
-152
4
-193
-410
-511
-447
-106
24
43
-125
-175
-252
-163
150
481
421
471
385
163
73
12
266
130
568
443
-119
-173
-285
-162
-98
-85
176
113
-7
-82
-232
-299
-236
89
207
151
-95
-36
-251
-340
-5
436
571
378
153
87
-21
-72
212
344
192
176
120
88
-119
-383
-108
354
606
216
-140
218
51
-217
241
357
567
429
463
439
313
346
103
301
699
667
521
206
94
-54
-397
-110
-5
1
90
-128
-325
-480
-791
-432
-421
-269
-429
-388
-344
-456
-1027
-820
-81
-363
-426
-601
-476
-248
-351
-818
-393
-325
-420
-502
-421
41
-369
-637
-400
-180
-54
-223
-449
-100
29
-178
-187
-12
138
152
185
446
556
284
-90
173
493
668
326
213
472
354
68
171
506
596
363
215
253
54
99
22
-140
142
197
84
-213
-148
-33
-135
-49
-5
84
172
-44
-245
-63
101
27
-118
270
347
98
-61
40
-24
18
211
45
319
-91
-340
39
-50
-105
-170
28
202
214
-60
-18
56
-76
-23
-39
461
548
64
-302
156
295
241
337
247
485
210
-218
-262
219
161
35
-76
204
360
-289
-553
-122
0
-413
-324
-50
-59
-167
-157
-182
-90
7
-102
26
78
191
-19
61
-8
-68
44
-44
62
62
198
187
-108
-184
-46
8
92
134
-42
-246
98
-13
-195
-120
68
282
-113
-159
54
49
98
-138
4
318
182
-24
133
82
-20
-187
27
103
193
74
-337
-254
-97
-150
-309
-167
-155
-259
-483
-374
-150
-118
-284
-228
116
31
-20
-218
-143
-20
-168
-236
-155
153
124
-121
-292
-59
-15
-87
19
44
256
-18
-202
-269
67
239
-264
45
351
173
-242
-304
-54
172
69
94
296
300
160
22
219
378
388
314
326
398
160
-140
-1
192
135
-180
-30
212
20
-423
-291
77
-22
-136
-78
152
115
-159
-144
117
136
-55
70
412
272
209
87
16
135
49
-28
66
-105
-104
-228
-386
-224
-246
-361
-227
-18
-53
-401
-522
-246
-144
-214
-64
115
194
26
-359
-3
261
87
-10
197
275
155
-152
-22
136
36
47
229
342
42
-335
-68
51
-3
-107
-50
91
4
-203
-25
288
117
192
128
281
204
14
347
642
401
376
548
358
283
349
438
452
244
303
317
102
273
324
91
-75
48
-17
-56
-132
-218
65
87
-254
-365
-104
-12
-195
-260
2
-99
-254
-183
-224
-269
-292
-276
-335
-284
-297
-403
-536
-316
-379
-383
-376
-382
-468
-344
-361
-403
-221
-240
-245
-198
-5
-27
-10
-44
-55
94
193
75
-8
157
324
37
-17
223
274
115
-1
94
136
29
-23
-13
74
20
-145
-66
19
-14
47
116
84
-20
114
396
256
-127
5
261
59
-39
198
186
-27
-119
-74
5
30
-57
-130
6
5
-234
-327
-215
-139
-299
-345
85
149
-20
-127
-121
-86
-100
80
194
262
7
-15
46
-102
-108
51
196
263
183
-119
-227
-169
-5
138
150
60
182
180
-46
-118
-46
164
416
524
385
531
427
220
331
316
510
557
370
357
296
209
65
14
99
218
102
-183
-65
-32
-197
-82
-85
-85
-80
-255
-212
-130
-142
-5
-69
36
67
-2
-31
-27
23
-117
-98
-187
12
9
-140
-172
-338
-255
-157
-276
-229
-187
-248
-136
-306
-390
-252
-63
10
51
76
30
-14
-169
-45
121
98
2
24
111
118
-87
-154
118
45
-186
-223
-144
-169
-397
-298
-40
-99
-123
-93
-2
-25
-77
-163
-25
62
25
132
188
113
96
132
98
96
333
355
164
-40
19
133
66
163
74
42
-41
7
156
5
-103
-35
217
92
53
1
-99
-72
-143
-38
25
69
-30
-153
-64
-181
-222
-231
-151
-74
-159
-112
-193
-212
-222
-264
-203
-138
-52
-90
-18
24
-138
-123
25
39
94
79
133
40
12
15
139
314
330
287
139
244
345
375
190
166
229
195
335
178
112
77
225
314
283
227
47
188
262
289
122
141
98
137
154
152
100
16
60
33
-52
-21
-4
-48
26
-6
-204
-313
-220
-285
-143
-64
-231
-288
-195
-202
-177
-209
-100
-143
-177
-7
-145
-164
-125
6
-23
33
-5
-16
-15
-205
-176
-154
22
-28
-96
-174
-248
-167
-169
-193
-316
-175
-80
-43
-110
-173
-186
-148
-52
31
-21
32
133
38
-81
-212
-122
24
70
1
-1
63
-146
-205
-81
67
139
-30
-31
141
135
46
77
208
292
184
170
211
98
102
198
207
224
295
280
221
142
158
198
209
180
161
39
113
45
63
180
13
32
15
-11
3
-4
16
98
15
53
5
20
-96
-242
-269
-350
-272
-197
-160
-330
-357
-209
-273
-347
-343
-306
-327
-279
-256
-198
-238
-330
-278
-210
-182
-188
-192
-171
-103
1
83
117
72
75
159
221
264
262
290
264
279
257
224
256
369
446
383
575
518
447
423
360
532
477
398
368
358
268
265
238
187
56
124
206
30
14
87
99
-19
-10
-212
-322
-272
-137
-149
-233
-315
-451
-358
-351
-491
-355
-73
-89
-321
-340
-266
-265
-138
-71
-50
-62
-115
-204
-184
-159
-199
-148
-42
39
-118
-45
79
81
-93
-62
118
47
57
69
39
15
92
72
59
210
264
203
11
-2
131
17
4
168
114
77
113
86
91
39
-36
1
73
-28
-85
53
56
-17
-164
4
77
-141
-85
-118
-179
-148
-70
-2
-6
-147
-191
-252
-232
-257
-154
-12
9
25
36
-84
-220
-172
-151
-158
-67
54
-78
-39
-194
-228
-191
-131
-16
74
79
-127
-243
-166
-41
-89
-73
-35
-98
-163
-57
-160
-106
54
4
-105
-92
-28
-71
102
106
197
171
104
141
88
133
170
225
187
261
379
331
137
54
223
302
345
302
342
294
211
340
436
389
371
449
465
379
304
237
301
278
203
116
137
206
58
-62
-123
4
-67
-163
-206
-235
-241
-331
-325
-381
-433
-442
-355
-271
-275
-295
-257
-330
-384
-326
-195
-163
-261
-164
-66
-74
-157
-63
-1
-121
-114
7
30
-91
-56
-39
-14
-54
0
245
226
68
88
155
167
210
245
341
402
316
161
225
342
300
301
325
271
177
53
17
22
8
-34
-61
-117
-112
-145
-277
-275
-342
-286
-271
-159
-135
-172
-139
-225
-328
-212
-137
-78
-65
-101
-216
-286
-230
-137
-114
-215
-240
-119
-110
-236
-287
-241
-176
-190
-149
-131
-237
-185
-16
-31
23
98
198
199
225
204
214
292
282
343
344
364
285
104
129
143
102
91
54
60
-6
2
47
-19
-127
-87
-4
-4
29
-26
8
2
90
107
154
265
205
109
100
189
231
139
194
159
-17
-30
38
22
-82
-176
-73
-106
-121
-149
-188
-126
-93
31
66
119
241
239
174
152
130
165
226
203
157
155
187
115
65
146
53
-12
50
21
-150
-119
-174
-178
-216
-244
-147
-176
-155
-201
-196
-192
-109
3
163
113
-56
-87
39
110
53
-11
-54
49
83
-116
-205
-200
-108
-32
-119
-127
-169
-145
-211
-130
-53
45
123
134
161
145
87
92
205
246
213
272
321
230
202
176
125
97
110
-76
-116
-37
-62
-109
-129
-152
-222
-303
-360
-317
-289
-260
-171
-72
-49
-167
-252
-225
-130
-61
-87
-122
-139
-148
-149
-177
-285
-345
-246
-239
-293
-261
-199
-275
-305
-255
-255
-251
-243
-18
33
-11
44
173
206
219
239
351
364
380
558
513
443
355
274
310
404
315
259
210
160
67
12
71
22
-75
-71
22
-47
-56
-43
-61
17
-12
52
115
135
117
42
36
40
63
42
-3
36
29
-75
-107
-117
-132
-194
-125
-72
-18
-51
-111
-105
-51
-9
-92
-27
57
122
62
70
137
160
283
283
279
234
159
120
181
223
106
57
56
30
-99
-122
12
-48
-102
-117
-62
-33
-159
-123
-50
-41
-55
26
108
78
49
23
-34
1
111
156
178
141
78
39
72
34
-133
-126
-101
-108
-112
-228
-234
-243
-122
-52
-63
8
15
61
114
94
53
157
196
164
127
100
139
104
48
18
-6
-66
-115
-143
-144
-212
-296
-223
-197
-227
-264
-307
-364
-463
-457
-398
-298
-217
-310
-341
-249
-307
-295
-252
-198
-91
-60
-48
-42
-99
-42
-22
-28
-28
-81
-13
-19
59
95
91
80
230
362
359
307
323
460
511
483
423
487
379
333
380
471
461
396
444
459
372
275
262
281
289
287
231
129
-31
-172
-200
-99
-73
-91
14
-16
-32
-65
-115
-267
-217
-177
-153
-72
-165
-294
-260
-254
-428
-523
-463
-393
-407
-447
-431
-457
-495
-478
-450
-262
-140
-127
-224
-171
-144
-211
-162
-27
-13
24
60
63
62
99
78
72
155
140
94
127
194
105
91
80
70
31
-18
11
50
158
217
206
160
185
163
99
160
239
315
274
236
208
209
232
198
143
94
60
128
163
178
93
50
43
0
3
-69
16
144
127
105
26
111
107
86
26
7
123
114
94
68
43
22
-38
24
8
-54
31
1
-87
-167
-186
-208
-185
-106
-115
-128
-158
-113
-151
-147
-105
-65
-128
-172
-177
-88
11
-58
-102
-120
-4
52
23
-87
-45
-73
-112
-60
-30
-101
-125
-65
-13
65
6
-30
27
70
96
106
178
150
121
105
107
117
84
103
119
107
56
109
121
53
-102
-131
-16
-15
-71
-139
-123
-91
-177
-255
-221
-159
-124
-221
-199
-150
-238
-245
-161
-47
-115
-117
-18
-66
-75
-65
-67
-86
-52
-56
-110
-29
27
29
60
37
-7
60
71
98
139
164
115
72
133
117
57
36
95
89
60
73
22
81
148
201
150
88
69
97
138
113
156
204
249
220
83
-19
9
53
79
102
55
58
58
11
48
-7
-23
-15
0
-8
-51
-39
1
-11
-15
90
150
83
50
102
89
63
-5
-34
23
50
4
-46
0
-93
-102
-25
-17
-71
-104
-53
-31
-49
-90
-73
-31
-57
-33
-53
-20
0
-31
-29
56
33
16
74
78
79
35
90
86
61
36
24
-4
-92
-196
-196
-111
-143
-118
-33
-96
-179
-205
-148
-117
-118
-6
44
-36
-38
32
86
110
81
129
104
128
33
23
40
42
34
53
66
16
-10
-39
1
-43
-158
-180
-213
-266
-211
-147
-226
-268
-211
-160
-210
-233
-212
-229
-207
-229
-232
-252
-248
-184
-206
-242
-240
-252
-284
-313
-240
-252
-306
-308
-261
-195
-188
-158
-53
-20
6
20
70
153
220
286
318
410
451
455
417
439
505
491
423
437
512
489
391
419
435
352
266
300
324
308
291
275
351
334
259
212
233
253
247
211
268
249
216
226
195
147
23
88
171
128
35
-26
-46
-148
-215
-251
-202
-231
-313
-251
-290
-324
-345
-335
-287
-337
-283
-255
-282
-236
-276
-278
-231
-150
-104
-135
-125
-174
-130
-179
-217
-99
-45
-32
-66
-84
-60
-71
-24
25
3
-67
-36
16
43
125
97
87
98
144
156
130
174
199
163
158
193
207
185
122
36
31
84
69
37
49
52
42
-32
-36
-13
61
62
48
95
82
38
-46
-123
-42
41
5
18
52
-71
-139
-150
-131
-109
-111
-130
-132
-114
-221
-292
-318
-250
-277
-348
-294
-280
-275
-255
-277
-219
-214
-253
-234
-160
-79
-82
-39
-48
7
-25
-27
-19
-22
-15
-10
61
63
-4
-17
61
29
34
110
127
68
126
152
167
168
188
175
207
232
218
280
288
237
131
121
165
166
124
98
74
51
47
16
-77
-74
-67
-37
-70
-56
-30
-34
13
41
20
-35
-53
-39
4
14
79
82
27
14
-31
-27
-66
14
2
28
35
19
17
13
45
-1
10
28
-1
-46
-25
-35
-59
-9
48
75
74
20
28
25
91
147
217
198
155
81
33
38
44
24
10
101
111
19
-33
-58
-81
12
58
75
159
152
112
127
121
108
109
159
182
157
142
81
39
45
44
78
114
56
48
-48
-42
-20
-99
-150
-144
-37
-83
-120
-154
-92
-126
-130
-95
-161
-144
-157
-141
-134
-135
-87
-39
-62
-115
-155
-184
-220
-194
-162
-132
-190
-252
-278
-288
-261
-217
-200
-179
-163
-179
-178
-233
-235
-199
-160
-176
-137
-52
-63
-79
-45
37
13
75
82
90
54
42
19
-35
24
94
118
113
111
49
64
94
108
160
195
163
100
94
57
70
117
149
172
161
140
104
86
117
146
121
134
182
109
93
119
125
139
114
109
155
176
121
51
29
76
69
95
93
98
55
38
41
-34
-48
-14
51
42
15
31
-30
-49
-87
-68
16
41
0
-3
-14
13
35
22
11
18
-24
12
75
32
19
63
168
209
181
73
80
90
105
108
90
77
98
147
83
5
-18
-11
12
74
1
-31
-41
-50
-109
-157
-137
-95
-92
-81
-114
-155
-177
-153
-156
-192
-198
-182
-202
-224
-235
-286
-261
-192
-121
-178
-166
-165
-192
-223
-251
-211
-188
-158
-173
-182
-182
-237
-217
-159
-98
-87
-129
-82
-87
-129
-95
-100
-87
-63
-5
1
-37
-57
-2
27
37
92
102
111
144
151
94
110
165
186
126
87
100
86
133
126
110
105
104
151
115
102
105
104
128
152
113
133
171
185
179
143
199
182
113
87
80
49
54
87
177
169
63
32
13
-24
-99
-34
-26
-11
-15
39
51
-35
22
-8
4
-59
-12
41
76
75
38
7
-31
-58
-68
42
33
77
87
79
56
-13
-7
14
-4
20
63
57
65
44
-29
-24
44
94
90
90
57
85
105
43
18
19
29
-8
-12
-24
18
-37
-76
-37
-47
-83
-110
-61
-45
-50
-40
-72
-48
-14
-47
-49
-45
-55
-41
-76
-51
-34
8
18
4
6
-23
-28
-69
-107
-145
-137
-97
-109
-121
-123
-107
-61
-41
-66
-23
-7
-28
5
75
127
119
115
151
28
35
117
117
83
26
23
68
33
-21
-51
-78
-116
-128
-108
-128
-125
-140
-122
-139
-132
-142
-103
-27
-46
-47
-50
-71
-82
-100
-114
-81
-51
-30
2
-64
-119
-116
-131
-143
-103
-12
-20
-55
-97
-140
-132
-155
-160
-106
-11
26
41
39
22
23
42
121
188
220
244
224
198
167
161
168
209
278
249
182
122
65
25
56
17
50
50
34
54
37
-4
-19
2
-12
23
22
10
-12
1
55
55
23
-5
46
43
-42
-45
-51
-42
-60
-36
-4
-44
-78
-92
-128
-117
-86
-76
-52
-31
-19
-10
90
61
43
82
77
85
116
135
126
122
112
96
135
127
95
43
61
47
-11
-11
17
6
-47
-79
-118
-88
-58
-50
-31
-2
-18
-27
-33
-59
-66
-26
-1
36
81
108
114
101
65
10
-36
-13
6
14
22
-30
-57
-136
-161
-162
-97
-41
-84
-71
-24
-102
-99
-36
-63
-101
-75
-58
-83
-99
-104
-47
-5
3
42
15
-47
-69
-49
-10
6
-60
-65
-68
-129
-79
-5
-36
-72
-34
26
-10
-14
15
33
44
9
14
78
103
99
90
83
64
109
127
100
122
133
144
163
122
90
70
60
95
159
134
72
129
126
133
106
87
132
122
141
144
99
59
47
13
1
17
-4
-45
-86
-96
-112
-133
-170
-227
-264
-241
-194
-218
-207
-198
-150
-151
-179
-179
-183
-168
-96
-54
3
-17
-79
-57
-73
-74
-82
-119
-88
-55
-30
-16
-37
-56
-39
-17
56
98
81
81
62
27
29
57
61
74
100
148
104
96
96
96
137
110
113
82
89
95
41
19
72
63
71
86
28
41
75
64
26
53
43
78
89
52
30
60
119
89
103
96
98
56
-40
-38
-60
-54
-4
64
32
-51
-96
-120
-117
-128
-94
-69
-43
-34
-81
-46
-67
-58
-13
22
84
21
62
78
19
-34
-60
-17
-4
45
60
58
11
-24
-52
-35
4
-66
-62
-61
-47
-42
-40
8
-1
2
-72
-118
-92
-55
-3
-17
19
41
-9
-58
-64
-65
-76
-60
-49
-26
-85
-134
-141
-120
-139
-101
-95
-87
-43
-54
-69
-98
-96
-57
1
26
61
58
16
5
-27
-11
-3
46
26
-7
-40
-56
-55
-83
-89
-91
-12
32
50
29
40
-46
-90
-111
-116
-47
-29
0
-7
-42
-81
-61
-34
-20
-7
0
19
50
50
49
34
3
2
-28
17
93
125
116
95
74
71
66
100
102
130
127
166
226
248
247
173
158
144
126
143
177
157
177
156
138
181
206
200
141
126
93
101
103
102
111
139
173
171
117
73
24
33
84
107
151
175
133
86
43
25
12
-8
8
-22
-38
-88
-91
-102
-150
-143
-110
-95
-106
-24
-29
-89
-113
-150
-135
-87
-58
-82
-136
-163
-166
-179
-243
-196
-164
-159
-183
-223
-213
-243
-165
-153
-120
-94
-117
-115
-96
-117
-114
-82
-108
-97
-104
-66
-62
-81
-70
-28
-9
21
38
-1
27
12
27
6
-43
-7
27
27
51
-9
-39
-53
-64
-35
-46
17
41
57
69
51
7
5
-12
9
57
67
103
55
14
-2
-16
-56
-43
-39
-45
-56
-98
-118
-143
-122
-105
-83
-59
-39
-57
-81
-83
-98
-77
-65
-96
-50
-22
28
-1
-19
-6
-2
-2
59
78
96
134
104
111
83
123
99
78
92
81
114
123
110
114
144
210
239
211
211
219
252
203
142
137
153
132
121
157
139
94
53
54
87
88
125
101
62
48
-8
-23
6
75
48
47
36
22
22
42
67
40
31
18
0
10
6
-52
-49
-49
-88
-111
-75
-95
-123
-147
-133
-124
-142
-140
-182
-163
-183
-205
-158
-147
-168
-167
-128
-128
-137
-137
-104
-104
-129
-105
-104
-75
-44
-23
-17
-75
-55
-42
-43
-26
32
23
64
51
48
38
44
75
74
70
59
73
96
115
67
59
31
29
1
-2
33
40
97
104
98
76
59
17
13
31
41
69
97
73
43
19
11
27
75
66
45
50
26
5
-74
-70
-47
-11
-27
-64
-74
