-153
-88
-127
-127
-99
-73
-83
-91
-110
-114
-119
-175
-135
-84
-86
-31
-13
-97
-12
-53
-69
5
-42
94
-25
11
-1
-27
92
93
122
118
147
135
119
230
237
130
119
110
161
18
183
192
115
156
85
108
45
43
147
63
139
201
157
165
128
177
180
124
134
280
165
222
208
257
290
167
232
234
133
134
100
139
179
3
196
134
93
163
95
134
54
-4
142
-26
34
57
-59
26
-33
22
2
-41
-12
-105
-3
-93
-118
-89
-127
-120
-148
-1
-51
-163
-137
-137
-147
-135
-141
-105
-144
-108
-140
-183
-118
-175
-127
-100
-208
-79
-175
-159
-168
-204
-78
-247
-193
-213
-201
-258
-129
-156
-219
-143
-147
-194
-256
-166
-145
-145
-133
-72
-118
-240
-191
-132
-195
-84
-63
-66
-132
-96
-90
-115
-103
-23
-17
-161
110
-70
-78
-36
-127
-111
-103
-5
37
-90
61
-23
-201
5
-58
-27
111
74
114
-42
31
60
-131
95
91
6
45
123
22
53
172
81
242
192
338
318
116
300
56
191
336
244
173
270
44
149
142
66
352
130
256
353
172
305
139
57
285
143
317
187
187
377
114
127
310
86
239
194
154
227
-8
197
-21
3
226
33
62
138
22
-33
-117
142
-26
19
7
33
-97
-159
32
-169
-182
-164
-29
-187
-133
7
-134
-283
-199
-23
-276
-172
-40
-174
-184
-300
33
-233
-257
77
-247
-189
-297
-235
-284
-206
-93
-46
-263
56
-291
-244
2
-214
20
-353
58
-104
-380
25
-205
38
-177
-87
67
-262
60
44
12
-50
-18
29
-69
53
105
45
93
202
-50
27
-45
205
155
149
271
-12
53
-154
120
86
102
146
84
165
-79
122
29
59
267
-62
234
13
102
131
33
76
49
-1
161
-90
-95
-95
-191
48
-85
-3
-101
-385
-51
-172
-297
138
-255
-188
-235
58
-15
-217
124
52
-133
37
39
141
-215
369
-30
-108
313
-142
159
144
-140
322
-154
65
195
-385
234
-153
-31
319
-68
295
118
123
173
146
309
146
210
270
89
117
138
357
-71
71
66
88
52
163
262
11
73
106
103
-74
212
-28
14
15
-53
92
-218
20
-55
-197
55
-143
71
23
-161
140
-139
-98
-175
-84
-8
-360
67
-145
-189
46
-308
-22
-40
39
4
-210
207
-325
-145
-168
11
-40
-452
252
-261
-154
-149
-36
89
-457
180
-234
-37
-64
61
37
-340
266
-74
-162
349
6
-44
-307
-23
22
-491
149
39
-265
-39
33
-187
242
-98
131
-28
-68
314
-289
147
279
-201
71
65
-97
20
-289
139
-315
180
94
-57
91
-142
300
-147
116
215
-198
110
-200
-5
75
-82
63
-124
69
-171
-184
135
5
-27
105
263
-152
223
13
22
-53
80
10
269
219
307
-231
173
150
-145
236
364
115
359
-196
372
-53
-153
345
-260
400
-72
167
245
-117
178
125
-38
241
262
39
236
153
100
70
76
179
91
162
105
235
-228
65
221
-231
393
-393
159
256
-475
344
-278
41
165
-330
308
-219
-103
299
-223
-72
-79
-126
-431
-48
111
-197
-180
183
-81
-291
-31
-287
-118
-53
156
22
-432
10
-525
-252
-46
-262
-56
-447
220
-733
149
-173
-291
-151
10
-248
-136
-164
83
-211
-289
162
14
-590
371
-159
-139
91
-248
308
-566
306
115
-484
376
-223
-39
-39
-16
206
-214
-80
-122
108
-6
356
-84
459
129
-343
625
-270
137
403
-71
556
-233
314
68
-1
320
258
82
34
417
-353
389
-184
461
125
-49
268
78
-292
156
290
-191
420
-142
-84
-144
-176
-30
193
-199
742
-433
251
-5
89
-117
-149
355
52
99
12
-7
-278
-281
381
-191
210
209
76
-22
-125
103
32
-259
-115
395
-341
48
-50
-43
88
-276
501
96
-308
353
-209
35
136
-59
191
-280
-46
21
37
-96
315
-27
-41
-176
-131
471
-340
-92
145
-180
216
-124
177
27
-409
423
-325
-21
182
-677
309
-468
520
-247
-197
147
-748
164
-166
-99
155
-389
365
-632
38
54
-668
635
-693
635
-309
-531
228
-887
211
368
-431
618
-735
228
160
-717
637
-341
-553
546
-790
436
-302
-468
412
-644
285
-147
198
-157
136
-207
64
55
133
555
197
-192
544
-850
308
-29
295
673
-553
651
-524
41
388
178
525
450
-39
823
-520
639
140
217
441
11
571
-225
920
-290
413
-19
-33
229
192
221
47
-380
307
-7
-406
625
-36
-70
-36
88
105
114
-313
791
-877
557
-197
-230
412
-135
133
-17
-1
134
-453
-109
17
-344
292
-253
-119
-375
226
-854
520
-427
40
-335
-228
-56
-381
58
-52
-390
-460
254
-746
263
-728
280
-414
-374
-85
-13
-780
192
-563
187
-343
-23
242
-583
-126
542
-634
481
100
-178
126
-495
670
-576
164
688
-528
15
335
-345
317
-221
840
-598
-152
498
-362
50
-9
292
-47
-400
1143
-787
586
-233
-528
754
-1012
1519
-714
578
-53
-350
533
-97
180
594
-224
24
12
252
141
-104
209
172
105
558
-59
355
-171
119
339
-354
843
-512
105
-119
-304
832
-679
944
-368
-100
0
281
-676
524
-242
632
-686
376
697
-1308
1296
-845
305
153
-162
897
-982
19
811
-1847
1207
-597
-54
121
-524
267
-71
-535
1094
-1080
327
406
-836
429
-419
350
-993
810
-660
-218
-285
37
152
-603
999
-530
-323
15
-58
1
-488
749
-189
-216
249
-241
56
-576
931
-793
652
-461
357
-316
38
637
-827
510
216
-435
574
-153
781
-949
634
219
-846
1115
-441
810
-836
1135
-479
92
537
-84
177
-9
378
-367
493
-444
589
-775
988
-1141
569
-220
62
-132
115
-275
157
-308
342
-250
38
-148
-170
415
-707
530
-744
528
-1318
1015
-870
243
84
-558
192
-888
908
-1146
661
-198
-108
-301
241
-456
198
220
182
-414
385
-653
404
-344
230
226
-693
1443
-1566
601
-411
-265
14
-72
398
-509
479
-168
-275
-159
285
13
-303
650
451
-764
526
-555
52
-431
418
676
-640
339
-4
626
-1281
1369
-425
250
-608
710
431
-1009
990
-426
-357
46
727
95
-79
680
53
-954
1194
-561
826
-942
704
-388
-481
686
-78
15
-129
666
-442
505
-439
812
-458
195
413
-592
724
-648
494
81
122
1180
-956
752
-251
-409
311
448
63
202
-628
384
-449
-118
757
65
-457
795
-626
489
400
-643
1135
-1033
1099
-468
-82
667
-553
215
-436
450
-143
-262
172
-428
-463
446
-266
333
-970
403
-434
-763
664
-539
-348
-25
-833
318
-1048
410
329
-1587
1639
-2113
1324
-888
210
597
-1491
715
-886
19
642
-1308
998
-559
-292
11
-828
1217
-1197
272
239
-1064
743
-927
748
-320
-146
725
-1194
442
409
-843
1302
-1022
921
-625
241
516
-1083
899
365
-1063
1020
-701
679
-123
-332
1323
-1055
1175
-81
-75
612
-405
247
551
-330
782
-489
469
-161
15
155
34
158
176
379
-193
139
-297
453
-131
376
410
90
-212
-19
275
-179
544
-88
-248
-152
313
-322
273
-482
626
-685
-157
837
-532
478
35
81
-98
222
-212
109
29
91
526
-1109
1329
-884
688
-705
176
-129
-461
862
-795
436
-951
521
-11
-1421
1641
-1305
860
-332
-91
659
-1321
1536
-1360
996
-407
51
-14
221
501
-741
599
165
-500
264
208
-192
81
-83
330
-438
108
-179
1280
-1314
1653
-972
165
279
-453
1220
-1170
694
-81
-956
1034
-1047
941
-994
1028
-497
-401
712
-924
162
-133
-317
324
-437
602
-531
-830
1054
-953
173
846
-766
106
-399
-121
320
-1032
526
304
-1472
928
-597
-526
656
-1172
781
-762
-274
734
-1394
1332
-1433
829
-795
585
-113
-737
1045
-944
487
-171
-303
395
-871
806
-498
-203
338
-561
338
-938
1143
-239
-514
798
-239
121
691
-1112
1678
-1389
1631
-617
-359
1627
-1794
1075
-299
552
-273
246
435
-693
255
788
-1248
1150
-633
1242
-730
931
67
-702
656
60
-4
571
372
-406
34
-472
605
-645
1094
-112
161
-114
597
-700
355
-241
980
-267
-6
-104
-33
-19
101
135
-422
376
-38
-405
135
396
-122
-435
1118
-127
-401
701
123
-615
233
456
-410
195
161
443
-1134
1187
-151
-375
710
-196
420
-207
-333
1733
-2215
933
87
-1134
1276
-1480
1923
-1702
434
-58
-262
-751
1622
-1211
654
-384
-208
-283
-383
56
192
-1107
1546
-1732
1083
-622
-1123
1014
-1331
1001
-1140
723
-607
181
-540
78
-786
157
261
-437
-317
3
-903
427
-1367
855
-547
-293
683
-768
-3
-518
339
-717
-3
337
126
-639
410
-291
14
-22
107
312
31
-266
1046
-787
197
308
-354
441
-90
463
299
-358
1068
-479
-59
678
-108
355
508
-557
518
-1034
940
-61
368
886
-184
-260
283
-239
283
283
124
555
-591
467
-513
-294
1051
-412
482
429
-221
-60
-204
181
157
-784
1584
-1058
771
-259
127
-66
-211
652
-745
270
910
-1122
637
-294
-258
590
-996
1576
-1186
497
227
-445
345
-183
-272
894
-1089
1229
-998
657
350
-763
919
-132
124
-5
2
186
-44
-257
702
-406
-605
918
-537
210
-323
402
-370
-606
919
-494
-633
939
-1021
990
-1047
1039
-345
-931
1429
-1462
1267
-1071
709
-969
36
200
-625
449
-462
79
-191
-541
373
-1082
1144
-535
-832
850
-682
345
-248
-157
-378
-268
-704
1111
-1064
1334
-954
-468
285
-624
340
-5
230
-16
-758
540
-1221
606
-325
210
155
-330
763
-1014
85
358
-797
411
-124
431
35
-315
-84
335
-925
1070
-200
187
413
-120
50
-602
363
187
-476
1135
-268
-324
176
-306
564
-772
1007
-139
-1037
1295
-890
238
555
-9
110
-1
161
162
-353
938
88
-271
822
-826
519
-256
190
899
-1503
1977
-1541
509
676
-1071
1794
-1062
474
193
-828
1524
-934
95
996
-1054
150
298
45
433
-714
1437
-1335
361
265
-689
1182
-563
-92
287
-413
827
-316
518
-278
2
-286
252
-75
-12
317
-463
-263
201
-407
767
-251
-797
1577
-1468
827
-135
-424
508
-312
13
-29
-848
1091
-1164
-58
794
-1026
658
-906
-19
418
-636
372
50
-846
1086
-1569
1026
-160
-432
387
-539
719
-156
-967
984
-561
-476
700
-8
-57
-520
-127
335
-1038
1181
355
-1240
1242
-822
298
-816
512
536
-1122
118
366
-859
83
125
424
-309
26
563
-1031
512
161
-231
-247
-315
951
-813
527
199
-377
-241
-206
677
-15
397
-170
-139
-324
-82
144
200
106
146
372
-1123
796
-921
626
-353
979
547
-1237
1312
-1024
247
792
-598
1023
-176
517
-366
-98
213
-206
433
31
245
-96
-56
-269
425
-550
960
-1121
915
-392
-13
-53
480
-519
410
-123
360
-564
360
-53
385
-209
378
-177
-420
195
-108
-96
-179
832
-939
588
-704
876
-665
482
-526
40
-233
463
-8
-637
-23
-191
177
162
-181
176
-406
-219
455
-18
-172
527
-539
363
-270
33
599
-700
543
-308
540
13
-554
894
-52
-470
371
-145
684
-436
376
590
-1312
1252
-497
757
-1080
314
384
-830
199
399
-209
354
225
149
-712
113
513
107
-658
1375
-696
-721
281
-244
220
-562
79
-274
133
-895
480
-764
465
-474
410
153
-575
142
-60
-210
-1151
932
-473
394
20
-319
7
-1785
1135
-172
-144
607
-1152
731
-1587
407
-47
-338
211
-264
607
-436
-263
-441
42
-362
810
-64
139
-307
380
-602
-159
-15
375
-100
50
60
27
-107
374
-168
-131
750
-119
484
-482
1326
-1281
220
212
558
72
0
456
-472
-18
407
321
-790
1390
-99
97
-135
186
76
-14
913
86
-610
1287
-483
413
-340
720
-414
-178
986
-183
-172
386
360
-282
-190
356
190
-529
1156
325
-974
508
349
-1217
1363
-233
58
-44
-669
1886
-1939
890
685
-1162
1137
-1238
924
-162
-221
726
-726
123
-382
228
-81
471
-1469
1021
-1146
1258
-227
-280
1027
-1392
761
-177
-344
868
-1550
782
-371
-907
1288
-1604
937
-409
-1122
56
214
-430
365
-1015
849
-1442
97
743
-1409
789
-146
-801
555
-553
-71
-474
-117
1313
-2154
1376
-378
-597
49
-355
360
-1033
184
1077
-1347
579
-325
213
-374
350
-169
-211
-59
436
264
-1101
1272
-1290
398
511
-300
601
-750
801
-541
-899
1990
-1983
1749
-590
58
268
-1783
1878
-539
-56
1053
-570
-444
725
-612
1309
-1182
1262
399
-1134
1536
-138
-973
1956
-1438
1319
-434
547
719
-1275
1871
-1189
132
268
432
-81
515
-600
538
-802
887
144
-1048
1626
-1028
456
128
-280
89
-571
1124
-583
-337
729
-570
-239
647
-472
286
-293
-511
709
-690
548
97
-869
1412
-1581
739
-222
3
363
-430
956
-1050
737
-361
120
89
-173
257
633
-519
552
-14
-535
904
-420
268
486
-504
986
-551
58
259
-1022
1094
-169
133
94
-489
182
-627
257
-414
-229
-357
5
-360
-501
-767
-272
-528
-563
436
-1202
-167
-725
-534
-533
-202
-528
-767
-386
-569
-85
-838
-52
-253
-417
516
439
474
967
435
880
851
1450
1286
1849
1494
1545
1314
1072
1375
1045
1323
522
1276
-16
102
-122
-674
-1067
-711
-1019
-1499
-2132
-1810
-2324
-2470
-2161
-2266
-1988
-3079
-1464
-2014
-2316
-1402
-1427
-1368
-745
-581
16
1328
735
2769
1756
1644
2388
2049
4513
3447
4572
3890
2416
3605
3086
3367
2887
3498
2914
2350
2607
682
-851
-1012
-675
-1489
-1500
-1762
-3533
-4148
-3974
-4619
-5353
-3834
-3692
-3653
-2863
-3227
-3985
-3631
-2556
-2338
-1853
-638
-1424
-1426
-1385
-1127
-1353
-883
-405
1924
1847
2362
3357
391
2207
1662
4250
5513
5240
6261
3706
3587
4190
4100
4257
5023
5746
4357
3557
3455
-283
-236
647
140
-626
-799
-2470
-4677
-4672
-4461
-6017
-5455
-3730
-4699
-4378
-4028
-4956
-5271
-3585
-2471
-3311
-2465
-1681
-2775
-2267
-1830
-2731
-2667
-1929
-516
-1802
-1507
2259
-269
2588
2826
1395
2053
2462
7030
5669
6466
6739
3561
5144
6942
6848
5737
6475
6205
4536
4720
3300
-48
195
1455
-319
-1465
-2808
-5189
-5918
-5565
-5002
-7055
-6352
-5519
-6386
-5176
-5142
-5594
-5139
-2584
-2477
-3338
-3207
-2802
-2725
-1463
-906
-2028
-2520
-1588
-713
-2323
2717
1792
1755
4605
2214
3153
1946
6847
8104
6706
9457
5316
4897
6988
7665
6926
7089
7342
4951
4571
3850
60
-1634
940
-310
-1913
-2272
-6456
-7688
-7596
-5919
-6863
-7339
-5923
-7324
-6687
-5080
-6302
-5525
-3286
-1804
-2098
-2859
-2844
-3704
-2223
-281
-1584
-1673
-2630
-1903
-2602
-1289
3639
204
3401
3649
1718
2373
2950
8735
6536
8489
8510
3722
5776
7066
7523
6555
7927
6356
3822
4504
1723
-1929
-1627
853
-1905
-2514
-4152
-8569
-8952
-7756
-6424
-7314
-5635
-6459
-7436
-5888
-4950
-5622
-3552
-815
-429
-1064
-2005
-1842
-3164
-470
706
-671
-941
-2443
-2025
-3890
2742
3324
1532
5515
1501
2195
1303
7208
9728
6728
10706
5280
4257
6775
7816
7131
7592
8250
4312
3652
2781
-1621
-3492
-515
-1142
-3745
-3455
-7273
-10300
-8835
-8118
-7917
-6744
-5657
-6663
-6617
-5589
-5466
-5563
-454
388
255
-710
-1749
-1977
-1746
1372
222
-674
-1344
-2464
-2242
-2814
4413
2830
2935
5711
818
2200
2390
9567
10096
8344
10230
3840
4018
7833
8161
7721
8583
6802
2941
2973
1201
-3849
-3458
-335
-2777
-4431
-5669
-10795
-11011
-8730
-5927
-7577
-6028
-5871
-7828
-4788
-2693
-3931
-2034
1300
2194
1281
275
-19
-1402
964
3164
982
-1701
-2997
-5196
-3106
-3264
3582
3376
771
4446
-2074
-325
1177
7677
12115
7996
9091
1559
-92
6178
8325
9165
8520
6323
-7
148
104
-3894
-3475
97
-2075
-5760
-6589
-11805
-12347
-7477
-2772
-4765
-5042
-6278
-9826
-5925
-1371
622
-582
2996
1631
-1207
-202
-546
-632
2184
4515
1536
-2782
-5291
-6147
-3752
-780
2384
6470
994
2586
-168
-2003
2936
7001
14613
10688
8036
3542
-2441
4925
10707
11728
10444
6425
-227
-3242
524
-1270
-2534
-148
-1339
-7525
-9706
-12059
-14597
-7952
-2435
-2038
-5690
-7735
-11598
-9538
-523
4607
4107
4726
1778
-3420
-1531
1053
4464
5931
7597
3333
-3542
-5729
-6388
-3428
1483
1734
5185
3458
-1738
299
-3450
1840
5638
11616
14693
4635
3656
-1968
548
10365
13836
11613
4434
202
-5188
-2622
2459
294
-2288
-2799
-7376
-13657
-11805
-11935
-10228
-3559
-1344
-6341
-9546
-10060
-9867
-1714
6219
8181
3892
2524
-1159
-3100
3047
7170
8158
6939
3164
-3766
-7213
-5206
-3706
-1496
236
-4096
143
292
-2742
434
-1717
2378
3995
11371
12289
2789
4525
726
4142
12400
14104
7841
1198
677
-3547
373
4409
-1927
-6566
-6285
-9745
-13633
-9418
-10368
-10683
-5958
-4646
-9685
-8753
-5505
-6095
938
6014
5124
2589
5054
3172
2431
6322
7078
6063
5581
3859
-2286
-3222
-3615
-3936
-3644
-2102
-5872
-1558
2919
-1457
916
-2278
-644
1452
10337
15535
6125
6126
850
1450
9594
15027
10378
2810
2221
-4402
-1428
3131
-1126
-7122
-6277
-8153
-13812
-9858
-11375
-12574
-6104
-3531
-8340
-8667
-6252
-6773
1070
8629
7127
3471
5783
4587
4376
9196
8563
6409
5706
4977
-1531
-2499
-3402
-4112
-3429
-3110
-6648
-7107
1712
-935
988
-1166
-2801
-1064
5785
16961
8846
5672
1957
-379
8078
15157
13402
2570
1017
-2883
-2295
4404
966
-7152
-9060
-8020
-12778
-10634
-9920
-12418
-8741
-3669
-8128
-10047
-5261
-6216
1426
8858
7312
3549
4441
7056
5883
10167
9183
3755
4862
4166
214
-2116
-2832
-5651
-5637
-4898
-8426
-9165
-439
-267
-250
-668
-4853
-2861
1909
15062
11900
6082
3691
-1420
5111
12966
15381
4548
2097
-1038
-2921
4166
2962
-5008
-10233
-7683
-11833
-10457
-7164
-11781
-10994
-6085
-8337
-11390
-5718
-1990
1010
8145
7829
772
2172
7615
10467
12285
10568
1909
-459
2842
3213
933
-956
-6391
-9445
-7849
-7838
-9268
-2668
2255
-1741
-584
-5200
-5206
-1126
12651
17701
7861
4586
-3203
459
10921
19064
11240
2727
-492
-6087
1275
5908
777
-7962
-8419
-10703
-12620
-6815
-9643
-12012
-7214
-6497
-10807
-6386
-2049
-893
7264
9804
4788
1954
7282
10306
12730
14229
4620
-707
1299
3060
2476
1287
-4349
-11185
-11020
-9657
-8558
-8556
-372
-65
-4022
-2759
-6522
-3115
3727
16692
15685
6155
3338
-2741
5408
16535
19496
9001
1361
-2693
-5410
4736
6449
-1383
-9646
-10479
-13928
-11856
-5420
-10379
-11419
-7959
-9717
-11872
-4748
-1394
1030
7672
8359
2360
3175
9071
10407
14215
11872
2497
-1110
1585
3828
1916
-665
-7428
-12414
-11778
-9076
-8409
-5632
725
-4599
-3978
-4829
-4806
-239
9052
18771
9242
5431
53
659
12117
19581
15862
3598
-194
-5609
643
8795
4336
-6009
-12141
-13448
-13900
-5577
-5400
-11296
-11155
-10675
-12247
-6046
315
622
4448
6313
4185
3614
7825
10981
11983
12950
5537
-901
401
2034
3190
1013
-4889
-12317
-14665
-12032
-9233
-7321
-740
-3183
-6917
-5503
-5366
-960
4393
15841
13941
5864
4438
492
8440
17582
18701
8347
1741
-1075
-1904
7831
7975
-1582
-11932
-13217
-14046
-7697
-1847
-9662
-14215
-13867
-12711
-9245
951
1923
1069
3441
3698
3886
7031
11795
11320
11272
9282
1043
-221
2282
3805
2872
-2908
-9303
-14791
-13320
-9401
-7102
-6567
-1082
-4887
-6364
-3177
-3107
1945
6709
18615
12582
6651
4645
2198
12288
18981
18048
5276
1320
-2046
233
7977
4354
-6882
-15062
-13465
-12635
-5184
-5088
-14600
-16645
-13351
-10172
-4131
2240
211
-574
3098
5139
6836
11078
12618
9883
10913
7679
1302
2501
3820
3198
-60
-4855
-11775
-14308
-11926
-9855
-8606
-9840
-3267
-5507
-5092
-2446
-3143
908
5588
18805
14043
8654
5915
2299
12198
19250
18840
6786
2613
-1537
-379
7460
3717
-6748
-14674
-13260
-13039
-6567
-5592
-15337
-16919
-12304
-9380
-5078
1495
198
-914
4367
6537
6958
10338
12061
9137
10845
7859
1066
1261
3131
2989
-755
-6587
-13544
-14998
-11667
-8249
-9461
-11808
-6308
-7237
-3956
-124
-1243
424
4388
17810
15974
11508
8699
3814
12443
19288
19759
9023
3696
-568
-773
6599
3196
-7029
-15517
-14003
-13534
-7580
-6670
-16332
-18242
-14148
-9103
-3713
1348
-233
-661
2671
7440
8872
11498
12114
8970
11639
9116
4771
2089
2048
2432
36
-4707
-10337
-14163
-13143
-9672
-10068
-12125
-6934
-6139
-4970
-392
-1245
164
2343
16029
17956
13125
10850
3830
9711
17760
21574
12586
5707
575
-3223
4106
4204
-3964
-12747
-13993
-14836
-10385
-5828
-14367
-18067
-14351
-9955
-4155
1189
-72
-4137
161
6220
9636
13563
12573
6390
5684
8969
7276
5077
3324
-465
-2830
-5319
-7495
-11671
-12090
-12005
-11759
-12587
-7946
-3192
-5900
-1031
-1384
-137
2285
12540
19557
12846
13414
5864
7765
16746
20786
14878
6602
2897
-4231
1898
4900
-1427
-10953
-14332
-16320
-14181
-5959
-10965
-17006
-15382
-12076
-8261
-1727
504
-3678
-63
5257
7637
10772
12180
7994
6455
11284
7877
5162
3479
651
-653
-2478
-5534
-11934
-11975
-11868
-10724
-11719
-6893
-3558
-6415
-1705
-2457
282
1507
11806
18196
12650
13365
5396
7546
15988
20256
14919
6754
3211
-2936
3024
5552
-1582
-10590
-13674
-14349
-12577
-4660
-10424
-17656
-15381
-11694
-7664
-1599
263
-4402
-1310
4206
6014
9548
12229
7869
6449
8875
6604
4621
4298
2769
-404
-2585
-6496
-10913
-10852
-9220
-10093
-10961
-3777
-4756
-5266
-2252
-2578
-473
3920
16264
13876
11373
9697
4340
10703
17771
19457
9925
6877
1172
54
6629
4168
-4055
-11378
-10918
-13231
-8351
-5167
-14097
-17522
-14342
-11322
-6513
-504
-3104
-6359
-1664
2744
5534
10041
9951
4138
5214
7463
5776
6254
4763
1853
-1851
-2320
-6070
-8568
-8441
-8567
-10180
-5694
-55
-5238
-3901
-4160
-2642
896
11168
16932
8717
9522
4081
5766
14109
19699
13688
6506
5406
-1595
4056
7130
1207
-8697
-9953
-11272
-11787
-3521
-8848
-17145
-16510
-13243
-10683
-2312
-1
-6600
-6406
-1441
2011
6896
11739
6681
2616
6148
5878
6632
7331
5107
-722
-2130
-2176
-5504
-5970
-6738
-8978
-9784
-308
-1590
-3801
-2898
-4800
-2455
3804
16423
11168
8224
6006
1908
9402
17182
18041
7913
7004
2120
1185
7668
5811
-3724
-9353
-7666
-11484
-5521
-4276
-14462
-16860
-13494
-11679
-6958
-825
-4858
-8788
-4193
-381
3036
9162
8984
3004
4502
6891
5474
7700
7479
2821
-582
-629
-2929
-4912
-4236
-6808
-9750
-2341
1136
-2615
-2427
-4790
-4864
-944
11768
14060
7503
6014
321
3776
13521
19170
10715
5974
4074
-213
5649
8175
296
-8848
-7389
-9757
-7496
-1913
-10061
-18197
-15054
-11297
-9803
-1613
-2431
-9314
-7841
-2665
-456
5972
10658
3819
1293
4957
4788
6032
9133
5579
98
324
-1481
-3662
-2763
-4291
-9064
-7356
1319
139
-1141
-3169
-6969
-4951
2763
13988
11015
6753
1637
-2019
6124
16055
17624
8315
5331
886
1496
8935
7688
-2201
-7568
-6671
-8680
-2102
-897
-12024
-16491
-12613
-10064
-6077
-569
-5969
-11708
-6289
-1856
1006
7721
6571
-659
1565
5977
5253
7785
8108
2226
241
2610
-857
-2411
-1635
-4936
-7498
-1601
3127
-1298
-1171
-4642
-6216
-1912
7748
11546
6760
5560
-970
245
9457
15822
12383
6827
4314
-125
4973
9059
3734
-3900
-5227
-7191
-6215
371
-4816
-14081
-14077
-11413
-9398
-3468
-2554
-10693
-11339
-5271
-2423
2253
7242
990
-3659
2234
4797
5518
8559
4792
-963
1669
3287
-1193
-1356
-2660
-6121
-5519
1746
2824
-1771
-1088
-5261
-3628
1226
8359
9454
5849
4964
-1025
2232
9406
13291
10283
6607
4047
885
4616
6689
2182
-3376
-3988
-5696
-4716
-640
-5689
-13159
-12190
-9817
-7725
-2841
-3222
-10173
-9837
-4022
-1305
3024
6033
531
-2527
3202
5041
6114
7431
3645
-401
1758
3329
-681
-496
-2448
-5738
-4333
-474
1390
-231
-195
-4114
-2765
990
3736
7589
7536
3960
943
1879
5036
9322
10638
6528
3773
2435
1473
2630
3860
-358
-3737
-2671
-4769
-4222
-3519
-7858
-11333
-8385
-6166
-6103
-2953
-5415
-8769
-5618
-789
-289
3349
3983
-960
611
4042
4355
3707
4907
1155
56
2850
717
-1480
-1638
-3405
-5208
-876
-798
-906
422
-453
-1855
-82
2314
1235
5408
6699
3694
2688
3408
3094
4866
8986
5833
3430
3331
1152
760
3228
2546
-1812
-1797
-3053
-5159
-3779
-3803
-7274
-6491
-4546
-6536
-4895
-2504
-3750
-3165
-525
56
329
3219
2269
1060
2393
2468
1522
2707
3202
-109
172
-45
-1410
-1605
-965
-2991
-3638
-1862
-2007
-2323
-488
1092
-221
1364
845
-1189
164
3735
5332
3997
3934
1153
-582
3330
5939
4184
3467
2801
-88
931
2975
551
-2197
-1435
-2346
-2731
-295
-2285
-5906
-5139
-3502
-2983
-918
1118
-2300
-2642
-1056
-1010
302
2089
1207
-1160
405
-46
-896
-175
100
-1271
-1049
-420
-2008
-1561
-1926
-1381
-1432
-227
-515
-1126
-797
-1933
-144
1818
2706
1490
550
-661
-484
2338
4126
3204
1370
438
35
2514
4697
3597
1140
674
238
867
3615
2347
-1036
-1136
-514
-41
2160
1633
-2165
-3323
-910
-723
1397
2003
-1692
-3055
-1424
-123
-311
950
-1194
-2460
-830
650
-1295
-928
-1108
-2150
913
1390
139
-1932
-1239
-2609
-1361
1243
44
-510
-1223
-1801
-2702
-794
-121
-182
406
136
-978
-973
31
1247
2009
1280
1212
-122
1251
2870
3092
2708
2809
3269
3346
4302
3903
1796
1451
2106
1933
2522
976
-1234
-2436
-1073
-438
-1013
-1276
-2712
-2806
-1627
-1248
-2366
-2507
-2651
-2151
-534
-639
-2204
-3192
-2605
-2262
-49
591
-589
-1483
-1856
-1772
-1780
-753
-953
-1058
-883
-1570
-1977
-1408
-682
15
-16
-239
-777
-745
804
1222
1049
473
1089
2418
3420
4048
2851
1564
1797
3502
4540
4630
3157
1517
2102
3082
3510
1987
853
445
930
2580
1454
-471
-1764
-1992
-399
810
118
-2660
-3372
-3004
-1807
-531
-878
-2616
-3404
-2431
-2700
-2305
-1730
-2432
-2579
-1474
-1942
-2563
-1770
-1535
-1037
-415
-478
-2480
-1306
-34
-380
619
158
-667
-462
1466
1122
938
591
-163
525
2113
2568
1146
1389
1455
1943
2795
2839
1944
2267
3159
3086
3375
2402
1369
1671
2596
2540
1490
-125
-1165
-653
-36
31
-822
-2539
-2952
-2516
-2151
-2028
-1908
-2791
-2671
-1418
-1668
-1015
-398
-132
20
520
250
-857
801
855
1123
1256
189
-827
-298
452
87
39
-1534
-2437
-1723
-234
-233
-558
-1067
-1680
-965
-183
224
688
1205
335
1011
1163
651
1248
2114
2421
2142
1690
-168
-380
954
1556
1255
616
-852
-1956
-636
-683
-760
-832
-1803
-1311
-400
593
299
32
78
397
1373
1481
1506
1627
1046
813
349
-195
-232
361
308
-319
-1512
-3289
-3180
-1890
-906
-1127
-1979
-3031
-3344
-1059
-604
-252
194
-306
-184
731
1475
1201
2083
2491
2466
2333
1942
-93
-26
1456
1714
1100
-455
-1867
-2849
-1677
-1656
-1597
-1602
-2305
-1684
-1303
-406
-817
-428
-61
835
1948
1559
1882
1939
2112
2224
1950
1542
1742
2377
1804
719
-815
-1997
-1938
-677
81
-1460
-2765
-3925
-3266
-1500
-430
-747
-1615
-1145
-595
356
1499
1845
1369
2202
2528
2730
2899
2082
1911
1868
2126
1124
-130
-466
-942
-828
-485
-909
-1522
-1416
-1415
-1048
3
-23
-316
436
887
1107
1382
1544
1447
2010
2264
1026
1505
1262
1168
946
39
-975
-1953
-1501
-1905
-1621
-2270
-3552
-4245
-3377
-2160
-1749
-1381
-2007
-1562
-742
648
1539
1962
1804
1509
2273
3025
3219
2656
1995
1538
1131
847
-41
-321
-1186
-1313
-1114
-1985
-1762
-2068
-2317
-1842
-1091
-1117
-1200
-421
-226
-114
474
741
244
1574
1499
802
1514
1204
823
526
607
-554
-1158
-1043
-1612
-1665
-1707
-2585
-3260
-2646
-1995
-1794
-1420
-894
-595
166
999
1647
1770
1928
2446
2793
3236
3366
2389
1668
1725
1498
1197
638
359
-811
-846
-789
-1537
-884
-1036
-1069
-1327
-837
-1053
-1081
-84
447
590
451
273
-92
933
814
1278
1339
771
128
-455
-350
-643
-702
-1232
-2033
-2245
-2257
-3033
-2287
-2127
-2107
-1704
-1590
-913
-390
893
919
1617
2140
2193
2670
3021
3521
2953
3144
2514
2203
2123
1696
890
237
-2
-522
-621
-944
-539
-959
-1013
-1167
-1072
-756
-450
366
658
650
7
-37
84
939
1422
1347
1257
368
-194
-523
-448
-382
-649
-1075
-1648
-2008
-2196
-2522
-2042
-1930
-1558
-1820
-1607
-664
259
1115
818
976
590
1303
2644
3202
2911
1903
1574
919
1902
2156
1275
-75
-626
-985
-810
-363
-1470
-1829
-2083
-1974
-1645
-1232
-1375
-1333
-811
-446
-315
-758
-193
-230
339
934
715
443
-9
1
-62
-53
148
-324
-661
-579
-1326
-1387
-1486
-1007
-661
-861
-1205
-1209
-473
622
950
920
831
44
1202
2395
2272
1932
1302
540
1085
2110
1940
971
-74
-724
-687
371
202
-265
-865
-1385
-1318
-375
47
-360
-126
-941
-618
-548
-484
212
-103
215
-286
-181
-561
-637
-121
-529
-437
-467
-915
-1062
-744
-1039
-929
-677
-365
-382
-420
-306
-115
817
1362
1048
1290
1116
1038
2327
2968
2497
2044
1425
972
1640
2309
1980
1101
-21
-652
-488
-52
-201
-314
-999
-1430
-801
-220
-184
-456
-799
-1388
-11
214
279
622
-699
-948
-638
332
-117
-73
-489
-1654
-1419
-892
-1449
-1456
-1087
-1980
-1581
-1293
-1578
-1439
-936
-852
-275
472
351
40
812
1035
1367
2314
2407
1934
1585
1283
1117
2084
1924
1433
347
-481
-496
-191
306
81
-174
-745
-606
28
460
413
632
342
658
1410
855
725
634
416
710
1125
1020
48
-230
-641
-1310
-667
-869
-1558
-1646
-1993
-2901
-2784
-2678
-2603
-2325
-1936
-1931
-1800
-927
-908
-617
161
579
906
1926
1875
1270
1393
1227
1752
2267
2127
673
-364
-493
-265
463
311
-67
-1037
-975
-620
-59
394
306
-245
-137
510
596
743
863
839
690
1087
1054
681
659
524
41
-54
-18
-490
-852
-971
-1410
-1914
-1453
-1399
-1525
-1639
-1758
-1959
-1256
-512
-770
-569
-241
-148
576
1521
1257
1274
1425
1293
1513
1870
1912
483
453
641
443
629
386
-464
-606
302
166
241
542
-253
-863
263
863
712
840
182
-359
316
1362
837
815
861
140
211
472
35
-566
-395
-479
-524
-432
-1017
-1742
-1368
-1177
-828
-852
-915
-1190
-848
-578
-590
-38
122
789
972
1426
965
864
1325
1680
2029
1187
624
148
635
893
617
130
-163
65
395
668
213
-607
-625
302
477
685
-230
-1179
-969
72
598
-210
-175
-1138
-1320
-400
-598
-1182
-1315
-1288
-1541
-1123
-1297
-2392
-2455
-1628
-1539
-1366
-1345
-2043
-2069
-1157
-661
-627
-113
-201
-162
520
1178
1120
1472
1863
1686
1476
1078
694
1018
1695
1414
825
478
550
684
1363
1225
591
98
409
1063
912
887
-140
-365
396
1306
1126
462
-134
-893
-140
474
238
-152
-605
-1118
-749
-79
-450
-1084
-1113
-1230
-1326
-978
-1134
-1923
-1747
-1277
-1135
-762
-424
-529
-549
342
629
1008
1281
1474
1223
1274
1202
1060
1808
1830
1460
649
609
834
1296
1905
1403
580
-92
590
861
873
715
-353
-580
157
641
458
246
-404
-931
-274
117
-305
-523
-1221
-1634
-1153
-253
-906
-1387
-1733
-2230
-2000
-1503
-1586
-2548
-2238
-2395
-1931
-1127
-916
-1098
-628
25
-86
1134
1353
1329
1496
1650
1361
1402
2360
1750
1599
1516
1512
1595
1861
1817
675
609
622
907
1300
1009
93
-783
-106
183
556
815
194
-313
-365
171
-31
227
56
-571
-580
-467
-587
-1342
-1606
-1928
-2171
-2118
-2288
-2738
-3426
-3268
-3350
-2771
-2395
-2175
-2012
-1470
-907
-484
562
756
1076
1092
1306
1330
1670
2340
2213
2256
2196
1950
1983
1951
2009
1509
1367
1503
1436
1500
1104
545
173
813
1017
1191
1224
666
304
220
827
902
935
746
246
18
69
-134
-837
-951
-1270
-1778
-1937
-2318
-2884
-3221
-3125
-2908
-2676
-2357
-2375
-2288
-1512
-1065
-614
8
259
247
527
1113
1202
1450
1611
1442
1323
1637
1522
1509
1464
1478
1051
1199
1331
886
1108
675
600
881
1206
1085
1010
1165
1068
1261
1367
1598
1220
1306
1115
807
758
503
-32
-791
-752
-1363
-1963
-2281
-2725
-3298
-3314
-3277
-3397
-3100
-2905
-2939
-2583
-1767
-1598
-971
-717
-657
-510
64
205
411
848
609
575
607
1078
835
1138
811
506
591
866
741
820
1073
550
852
963
1206
1108
1382
1680
2058
2202
2251
2250
1937
2161
1943
1796
1658
1244
452
-185
-539
-1239
-1725
-1931
-2316
-2755
-2995
-3191
-3303
-3039
-2599
-2583
-1710
-1452
-1303
-862
-611
-303
-208
451
477
667
951
894
440
683
719
324
527
143
52
-213
-111
-364
-98
113
-209
130
190
669
755
1070
1434
1884
2204
2250
2166
2316
2470
2478
2565
2119
1827
1042
432
-60
-377
-848
-1336
-1720
-2202
-2759
-2990
-2957
-2790
-2143
-1840
-1518
-1286
-843
-959
-761
-34
392
573
523
580
398
556
254
300
152
283
-47
-406
-133
-755
-872
-937
-610
-636
-352
-301
-447
249
652
954
1603
1909
1697
1910
2202
2372
2486
2378
2021
1702
1550
1001
319
-158
-617
-991
-1163
-1570
-2324
-2571
-2604
-2488
-1981
-1540
-1455
-1449
-1012
-700
-349
-50
347
841
1047
1046
834
1046
913
835
675
420
352
-86
-26
-361
-658
-1121
-1256
-911
-665
-350
-578
-695
-358
108
704
1154
1269
1403
1436
1790
1829
1796
1744
1391
1447
1386
964
90
-551
-772
-941
-933
-1370
-2205
-2203
-2305
-2128
-1472
-1267
-1185
-1076
-462
-346
-30
261
253
729
1105
952
942
1230
828
681
719
538
46
136
-17
-582
-613
-1004
-1249
-1076
-411
-631
-638
-243
905
194
267
-129
-876
-349
112
2460
2337
2356
1646
375
669
259
579
21
-8
-65
-161
-97
-852
-1325
-1228
-2147
-2220
-1808
-1856
-1580
-1213
319
108
16
-160
-447
534
983
1712
1840
1424
1321
486
528
382
159
334
256
709
298
258
-497
-1247
-751
-1022
-1019
-686
-213
403
613
1249
645
26
277
61
838
1593
1207
1305
848
1252
475
-164
-387
-1590
-594
-1048
-918
-1157
-1173
-1223
-1079
-377
-1011
-864
-704
-741
279
963
1090
793
953
836
645
1392
1054
1255
714
631
239
237
114
-299
-415
-759
-922
-914
-976
-728
-674
-639
-647
-197
105
392
627
736
576
665
670
290
633
178
-11
-247
-47
-427
-747
-972
-1593
-1506
-1591
-1364
-1692
-1197
-1141
-1079
-373
-380
-13
-496
-230
336
602
1078
806
1197
1063
1397
1600
1341
1096
583
498
369
803
234
187
-332
-410
-158
-139
-61
-301
-17
-449
-232
172
310
907
1042
1005
656
538
419
305
509
311
83
280
-10
-271
-253
-761
-1066
-1090
-1182
-1628
-1470
-1406
-1449
-693
-379
-327
-63
-257
101
422
886
879
913
1073
1011
1195
1605
1179
1156
878
441
679
679
223
-123
-553
-386
-558
-206
-465
-412
-308
-677
-104
-227
142
-94
55
143
-25
560
79
499
876
235
668
268
-151
68
-561
-555
-1375
-940
-1438
-1802
-1108
-1607
-1426
-1116
-1196
-1127
-738
-841
-620
-87
320
293
589
524
152
593
917
517
991
643
507
488
461
102
-167
103
-395
-13
-55
-275
-246
213
169
269
402
579
641
1076
1040
937
892
770
890
1290
1198
957
813
292
338
-298
-279
-912
-1100
-983
-1501
-1187
-1347
-1720
-1550
-1711
-1053
-1036
-1402
-449
-865
154
264
151
118
-428
137
267
449
1024
247
520
221
259
340
-70
-317
-264
119
22
269
209
789
92
453
802
237
1277
829
1264
1049
832
1825
1070
1886
1886
929
1189
316
1048
298
348
36
-706
-492
-1088
-1584
-433
-1513
-1358
-627
-762
-185
-502
-868
-119
-1382
416
-214
-627
551
-1057
608
234
-672
138
-1041
283
-572
476
299
-1521
-1350
-227
-669
-450
215
92
-463
-730
279
-337
790
77
-527
1687
745
1122
1069
1265
396
512
1900
786
135
816
-472
37
70
731
-778
-162
-537
-1405
-660
224
-48
-486
464
-568
-1306
298
-886
-341
-465
-1432
-31
-2434
862
-216
-738
-466
-1335
-584
-899
59
-770
-1106
32
-1670
58
-248
711
-909
-98
-95
221
-209
896
412
769
859
944
-82
1281
-232
1743
14
1606
-467
-774
329
-624
1933
-509
298
-478
-520
608
-486
1462
569
-932
2706
-605
486
-172
257
165
-772
1197
752
-1079
1334
-662
179
-237
-1515
350
491
-475
820
-839
127
396
-918
2048
-563
-90
915
-779
3270
399
-635
2276
-2977
2901
-927
1207
1760
-1482
408
1250
-823
1303
-1334
-8
-306
-1435
1995
71
-707
975
-1014
378
925
-387
-34
-158
-675
732
-550
112
-488
-76
-167
-2725
2117
-1238
-140
-65
-2055
687
-1862
801
-53
167
-269
-2075
-978
2567
-944
-591
2022
-3124
237
856
131
-46
-2282
1369
-1774
-313
1705
-96
-1201
825
-700
93
-363
-2107
1392
-1873
1748
-562
-756
51
-2062
1267
30
-746
3329
-2725
1479
-1169
1086
-1281
1000
577
-1471
-123
173
-156
-306
1820
-313
-1151
-76
1075
-1313
-63
2554
-1814
513
1297
-730
2520
-2465
2845
-1492
-223
2097
-2233
1564
-147
-1328
948
-1085
1214
-57
-1054
586
237
-1627
1903
-1976
798
524
-2514
4673
-4090
2754
-548
385
1875
-458
1927
256
-1165
2384
-1170
1550
532
992
-285
-78
-398
414
315
-1693
1947
-1229
-87
1572
-202
839
-1563
-1094
874
-2120
2652
-1193
527
-1009
720
-1978
2429
-1632
-1475
595
-1015
585
-1282
430
-334
-234
733
-871
-836
348
-995
-352
929
-643
-181
-90
-1668
1869
-842
1274
-858
153
795
-1342
1344
-548
549
658
110
-276
163
1026
-839
1020
296
1627
-508
674
312
-110
820
615
840
1003
-292
723
44
-1022
1586
-1190
-151
-192
-625
-56
-1637
159
-167
-2662
1216
-1358
-2619
44
65
-2533
2211
-1889
754
-2054
-675
1873
-2985
3314
1048
-1385
1129
-25
-874
671
-644
771
1326
-541
1761
-535
-681
-38
-1226
813
-27
3146
-501
635
-71
836
-120
-998
3743
-1495
2198
1243
-1102
1383
-2286
481
-1131
335
1102
-3210
1603
-1413
-729
-1063
187
-3007
541
-653
-539
-1475
807
-1332
-1166
-273
329
-617
-582
393
487
-281
663
-1428
469
354
-887
2486
-604
-189
293
-1437
-110
1731
-1084
2656
-1452
1250
-299
512
1618
1454
-315
3870
-1597
1012
2677
-1234
1903
618
932
1276
-628
-493
1744
-1944
110
178
-1390
1118
-1750
-608
1639
-2561
1724
-2893
-176
622
-2871
1459
-835
-756
-1140
551
-560
-136
-793
-122
-460
-1359
2585
-2049
1663
-2159
-293
-363
-1100
1939
-669
1260
-1726
3258
-3181
3240
251
578
1925
-768
2963
-247
321
3700
-3386
3463
-898
1360
151
-184
-308
-817
-365
260
-666
-534
-1262
-995
-893
-145
-1071
-95
-212
-1116
230
-2388
1600
-514
-224
857
-286
-1286
567
-1770
2482
-1959
2685
-3140
-648
1409
-2363
1764
-789
-209
-210
-1606
1160
299
-180
1264
-86
1008
1920
-990
1825
1808
-1402
3429
-1343
175
3209
-3458
4380
-3727
2380
-240
-3380
2327
-1452
-1453
396
-2116
315
-1813
-714
106
-2324
1217
1139
-2185
401
-75
-1357
440
1124
998
-742
570
967
-1934
456
1134
-2142
689
116
-1492
822
-2825
1492
-2007
-64
1513
-2174
1305
444
-246
2531
-1361
1771
1388
-455
3280
-715
2655
-244
1299
1432
-1237
1232
1142
-2132
886
427
-1023
-432
-131
-224
-832
-1312
204
-1186
-570
2038
-2111
731
444
-2747
2876
-3448
3417
-1076
-491
725
-1559
1376
-1584
640
-333
-233
-1229
1625
-1239
-871
1693
-2687
1045
392
533
-373
-212
2744
-1944
2792
623
892
1921
-1102
3204
-1280
2615
89
1225
990
-984
270
557
-641
65
239
-1639
614
-927
-1073
415
-747
-514
-11
-175
1269
-2171
304
1235
-3701
3037
-2261
1598
-1409
-918
769
-1328
91
-1433
-952
-580
-1309
1399
-1534
237
-3337
738
-3253
1013
1550
-2852
2450
-1141
2125
-1509
2510
-258
-1053
2386
253
1784
-1319
2040
468
-1842
2047
-789
-545
386
124
651
-1429
619
-1475
-865
-904
2117
-1824
1266
607
-36
-722
-354
1187
-2661
1325
1066
-891
-451
-760
-1201
-257
-1552
2684
-2762
-1464
1943
-3939
2448
-2629
2028
-1350
-501
1527
162
-1412
1307
1335
-685
1828
439
513
1962
-429
4281
-2771
2905
1036
-1570
3528
-1164
1337
-732
871
1348
-674
-243
982
-273
383
2326
-890
1262
-1537
1155
628
-1005
1565
-577
-604
168
14
-1121
-1699
204
-643
-914
-72
50
-1966
-844
-280
-1337
-173
-557
-262
-409
-88
989
-176
-739
1591
-582
378
1382
219
559
219
447
1959
-978
1639
-216
475
34
1088
-830
608
-1157
1383
-1030
226
1367
-774
-97
1315
-613
842
-499
1144
12
-1687
487
-883
-1462
2184
-2456
758
-2339
-1745
-461
-1988
1118
-1559
-1299
-502
-2002
308
-2092
-1143
-496
-321
34
-865
2042
-1977
1482
-2501
2200
-697
325
2285
-1465
2215
172
-79
527
-552
1635
410
-792
1533
265
-437
1777
206
-165
2871
-958
993
1517
-61
3518
-1845
2132
471
-302
453
30
864
-582
-1065
324
-128
-976
-1036
-238
-2757
209
-1287
512
-525
-1632
-345
-2938
444
-2615
1723
-1333
854
-391
-557
-880
637
-894
984
-182
1149
-461
-687
1006
-710
677
805
-64
-513
300
-439
2336
15
2718
13
44
2227
-647
1490
1995
-762
1853
270
1354
492
171
1948
-1641
1629
-1041
1478
-2197
1775
-1430
245
-595
-1515
711
-2948
733
19
-1402
746
-1245
-921
-302
-880
1001
-1785
642
-648
-123
-1192
747
-774
149
-1027
38
399
-810
2034
-1118
1623
-1412
970
148
634
293
1594
575
1476
-1064
3259
-1506
684
673
-793
1269
-304
1126
-1034
-459
-560
629
-2356
1457
-1715
437
-2040
371
-812
-409
-708
195
14
-2154
1283
-1655
-1547
1469
-427
-93
-526
138
-1286
-2450
1801
-2062
412
-1043
713
-618
-1381
2254
-2764
972
-400
1029
-299
770
698
813
-351
1522
77
984
662
860
804
79
2229
-1292
1120
-107
319
350
-1399
1480
-1067
-360
1238
-2034
550
-2198
1870
-1671
1058
98
-12
-418
-138
746
-74
130
482
594
-882
-6
1450
-2824
1918
430
-1781
1323
-2226
1948
-1774
414
2087
-1516
690
-350
272
-134
2030
499
1454
99
1327
1095
-1135
823
1796
-1700
1880
70
-535
-306
-765
587
-3270
699
98
-2290
-455
1137
-2651
327
-1356
704
-905
-374
1178
-2372
1505
860
692
-921
-23
513
-184
-547
2526
-1615
-1123
1307
-658
-617
-32
255
-374
-2014
2353
-297
-1632
2388
-911
582
-468
2095
-118
1136
1056
2004
-1102
627
2018
-2199
1676
460
160
-2112
561
-1051
-430
-2117
1059
-1053
-1823
351
-2343
269
-1387
-148
1180
-1886
1558
-1230
-1032
942
-257
1362
-1058
1744
-485
-609
821
600
-379
-745
1587
-1695
1266
-1006
1618
-2810
1205
130
-903
943
-374
308
684
562
1719
685
607
1701
-1627
1802
390
1621
381
619
-268
182
-1446
528
-1481
-8
444
-2319
1415
-2636
589
-1490
-614
-276
199
-347
53
149
-443
1265
-873
1347
436
-199
1420
-539
632
272
-210
853
-1250
955
-1264
527
-72
-793
450
-652
-417
281
-1025
583
-1180
1864
-51
790
302
1004
154
-469
853
161
788
833
274
-587
-1307
1052
-1426
-698
-889
-345
-1142
-2207
632
-1503
-1187
750
-2286
897
-60
341
-414
-394
1291
-216
-784
3147
-619
395
1091
-1084
921
-1221
2567
-1357
225
226
-1153
488
-1391
913
-1496
-694
437
347
-565
1195
-348
1043
-728
1388
1876
