-19
37
20
33
15
31
42
24
-32
-53
-7
7
44
37
66
60
86
29
27
87
131
162
195
164
152
226
214
230
220
168
178
169
181
132
97
129
156
144
134
141
62
58
5
-53
-28
4
34
10
-10
-18
-44
-65
-80
-81
-41
-12
-31
-44
-44
-29
-3
15
-6
-32
-10
3
8
1
-6
-19
-18
-75
-70
-82
-63
-57
-63
-108
-137
-133
-185
-173
-194
-223
-217
-166
-187
-152
-116
-134
-133
-150
-157
-125
-125
-112
-101
-123
-102
-134
-140
-102
-109
-98
-107
-48
-82
-98
-143
-127
-113
-112
-119
-117
-63
-74
-58
-73
-78
-9
28
20
-44
-70
-59
-30
25
53
93
101
100
64
48
48
85
127
113
115
64
71
16
32
72
49
87
105
159
166
154
155
105
95
82
73
51
28
124
171
229
236
228
237
171
179
197
232
263
288
300
274
255
265
245
202
207
248
258
281
263
221
160
121
149
138
99
25
-38
-70
-78
-71
-104
-120
-86
-55
-66
-123
-170
-202
-243
-228
-260
-280
-225
-195
-144
-148
-218
-215
-216
-217
-171
-177
-150
-95
-28
-10
-54
-84
-127
-123
-67
-11
4
18
72
107
112
75
70
66
68
95
116
132
93
70
40
-20
0
-66
-82
-52
-22
-14
-15
-101
-172
-159
-146
-169
-208
-231
-264
-269
-267
-253
-281
-224
-190
-172
-189
-201
-166
-133
-139
-140
-145
-144
-140
-97
-86
-111
-51
-9
1
-2
33
9
25
30
29
0
-32
-3
-37
-33
-47
-17
48
95
101
117
144
140
164
145
150
136
143
62
36
35
12
54
55
47
71
138
112
127
178
165
133
96
107
166
163
159
169
162
140
165
116
156
178
186
193
175
213
272
217
208
199
222
254
190
176
158
162
119
113
102
74
47
28
-20
-40
-32
-22
-17
-27
-76
-138
-147
-135
-125
-104
-119
-103
-109
-49
-46
-57
-67
-32
-67
-31
-72
-91
-128
-163
-88
-117
-107
-54
20
30
42
-43
-120
-146
-134
-122
-172
-163
-157
-123
-111
-107
-123
-130
-122
-115
-58
-34
-38
-47
-31
-63
-73
-7
9
13
7
17
29
22
17
-16
-11
38
63
40
41
35
27
29
26
-45
-30
33
22
6
-33
-63
-84
-56
-67
-64
-87
-92
-49
-30
-26
-72
-81
-109
-132
-130
-111
-118
-74
-36
-76
-81
-98
-121
-144
-84
-41
-46
-74
-73
-93
-121
-72
-48
-10
6
17
59
74
93
53
26
98
172
195
184
167
153
158
139
101
59
102
171
223
186
176
161
140
120
95
108
115
163
174
168
167
164
130
92
124
109
97
97
75
18
32
65
90
85
42
13
5
40
-4
-43
-23
28
43
55
12
-13
-53
-51
-75
-103
-93
-79
-37
2
40
-27
-95
-91
-94
-53
-41
-21
-8
-46
-123
-135
-145
-144
-127
-121
-177
-171
-144
-171
-212
-187
-200
-166
-115
-98
-85
-137
-133
-79
-73
-57
-26
-12
47
62
68
67
82
69
72
50
87
126
92
87
94
63
11
39
62
62
56
98
108
81
107
112
89
93
101
118
147
111
114
101
80
53
34
42
95
101
64
86
89
72
58
4
-1
-33
-41
-83
-117
-147
-115
-113
-169
-166
-198
-258
-283
-283
-249
-203
-190
-184
-173
-160
-136
-146
-166
-168
-99
-45
-23
-79
-146
-144
-107
-77
-79
-97
-91
-23
11
-6
2
23
20
20
35
37
25
36
80
65
52
61
75
54
44
55
81
164
211
234
217
246
234
155
148
145
201
229
234
228
207
178
105
47
14
15
12
24
47
43
74
103
78
80
81
69
75
80
51
31
36
28
55
54
47
54
70
61
33
27
48
72
87
85
50
29
-13
-55
-17
-52
-68
-22
10
-33
-42
-63
-88
-65
-58
-63
-1
12
24
17
26
28
1
-5
8
-26
-24
-9
-41
-35
1
-25
-5
6
-59
-69
-96
-64
-72
-141
-146
-177
-187
-212
-231
-229
-150
-149
-130
-141
-165
-193
-242
-217
-138
-87
-68
-86
-132
-115
-131
-144
-171
-141
-138
-132
-108
-96
-111
-69
-77
-74
-94
-129
-116
-150
-92
-33
-38
-13
22
62
29
36
39
51
57
83
80
59
102
137
167
150
141
97
102
96
73
56
63
83
97
66
29
42
51
90
72
82
117
67
19
17
29
41
85
113
141
179
187
165
131
149
198
163
136
137
152
184
188
187
175
125
109
20
-15
56
106
113
148
99
45
20
-12
-50
-84
-73
-52
6
9
-5
-16
-4
11
70
55
67
48
40
7
-27
-55
-83
-134
-99
-44
-38
12
-44
-55
-58
-76
-64
-53
-81
-57
-77
-73
-74
-75
-79
-70
-26
-23
-10
-17
3
-45
-55
-72
-73
-71
-67
-47
-79
-126
-69
-99
-137
-122
-124
-153
-101
-58
-21
15
-10
-40
-112
-65
-101
-125
-103
-74
-14
34
72
36
8
-4
11
3
-4
-18
-16
58
70
48
7
-29
-2
11
-13
-43
-9
-36
-27
-41
-69
-32
-14
42
-12
12
6
-11
-7
18
-45
-33
16
44
125
140
92
76
60
54
66
44
41
20
5
-9
14
26
56
49
25
-30
-40
-17
27
30
29
42
71
116
145
108
44
7
50
68
76
58
56
121
148
137
78
70
46
42
64
96
86
22
-28
-47
-64
-42
-48
-69
-35
-23
-31
-59
-67
-37
-64
-43
-21
-33
-46
-52
-11
-21
3
37
19
28
-28
-36
-18
8
48
39
47
49
72
53
28
3
1
-11
-17
-16
8
10
12
-38
-49
-30
-65
-27
29
55
18
-5
-31
-48
-90
-78
-79
-69
-89
-120
-128
-81
-74
-99
-109
-129
-168
-199
-196
-224
-185
-159
-142
-132
-157
-148
-132
-103
-75
-62
-47
-13
19
11
57
87
101
144
123
95
89
99
150
165
153
180
145
159
122
109
118
94
74
65
71
22
7
30
20
68
87
55
94
102
48
62
81
101
23
2
-1
32
51
-12
-9
26
61
25
-19
-38
-53
21
60
22
17
40
57
5
21
19
-36
-12
-34
-74
-98
-97
-40
23
74
47
45
92
76
58
60
4
-6
2
-12
-17
-48
-83
-124
-124
-124
-83
-76
-70
-78
-59
-98
-116
-132
-110
-104
-105
-112
-127
-86
-80
-57
-72
-44
-17
-44
-18
43
42
115
74
27
31
-19
19
-4
19
25
43
22
-25
-33
-24
20
21
5
-19
-4
-41
-39
-29
-47
-35
10
-9
-7
26
3
54
74
66
67
39
19
13
20
59
66
57
19
-16
-15
22
28
33
65
63
59
57
42
75
80
57
69
46
73
72
93
104
99
155
118
146
132
114
111
95
58
57
59
-4
7
12
16
-6
-31
-40
-39
-40
-63
-75
-76
-99
-151
-171
-135
-134
-109
-69
-84
-71
-62
-67
-81
-73
-14
-25
-17
12
1
-10
3
-2
-37
-22
9
-16
-10
32
24
7
37
57
65
30
-20
-18
-5
26
12
14
18
72
120
135
116
74
82
77
74
63
76
68
90
111
129
40
5
7
-21
-47
-89
-184
-209
-104
-115
-95
-114
-140
-138
-159
-173
-219
-216
-230
-191
-139
-134
-84
-27
-24
-45
-74
-79
-55
-44
-9
-5
-23
-29
-15
-38
-43
-21
6
61
70
39
13
21
-3
-21
-8
-21
-2
69
104
70
25
-17
-80
-57
-19
16
78
83
62
4
-3
-12
-9
-10
15
25
50
33
27
33
-12
9
-35
-62
-86
-55
-58
-64
-64
-61
-27
33
34
16
-9
-4
38
12
9
11
25
55
29
2
-1
-13
59
94
45
47
70
102
117
141
172
147
170
202
193
121
99
114
101
131
133
147
127
145
135
128
151
135
145
136
89
102
113
123
93
121
133
121
65
-7
-12
-50
-73
-101
-82
-46
-41
12
-38
-104
-102
-66
-46
-54
-55
-93
-14
-18
-50
-66
-75
-43
-7
6
-19
-53
-2
39
26
1
-34
-47
-48
-28
-56
-57
-79
-111
-133
-162
-173
-175
-162
-168
-130
-139
-132
-68
-81
-97
-96
-129
-119
-85
-83
-88
-81
-79
-56
-52
-41
-51
-71
-58
-44
-44
-40
-36
-53
-16
-3
-5
-41
-17
18
-11
-14
-12
-32
-81
-48
-32
-6
21
15
-2
24
39
65
118
106
145
133
156
157
153
126
131
118
97
73
82
36
0
21
-9
-25
-5
47
64
53
21
-35
-67
-62
-82
-78
-58
-48
-42
-28
-42
-46
-129
-107
-109
-124
-116
-145
-156
-154
-133
-117
-130
-108
-123
-59
-37
-6
2
-45
-40
-62
-41
-19
10
25
76
118
156
183
191
207
210
192
200
238
238
243
220
152
131
132
145
110
71
62
139
160
196
117
107
106
85
67
52
53
-23
-5
-39
-9
26
29
9
-4
6
26
-2
17
0
32
50
44
65
44
73
63
44
50
95
68
43
40
31
19
57
19
-44
-83
-59
-32
-19
3
-67
-94
-98
-73
-84
-94
-90
-89
-137
-152
-193
-242
-205
-198
-165
-213
-234
-244
-229
-209
-252
-226
-168
-120
-145
-177
-192
-147
-141
-116
-121
-152
-122
-98
-119
-84
-104
-108
-62
-35
26
32
41
64
44
34
6
-60
-28
7
54
93
82
28
37
25
5
-13
-7
-32
18
60
75
93
112
113
77
46
42
58
7
5
26
36
86
107
159
189
171
187
145
107
67
62
78
37
64
67
49
31
55
91
49
41
76
100
91
57
37
15
24
50
100
168
160
142
161
188
169
166
209
191
211
224
246
234
178
212
142
155
152
111
129
83
61
36
7
-26
0
29
24
-24
-23
-85
-115
-124
-149
-138
-118
-70
-27
-47
-49
-55
-52
-98
-118
-121
-144
-151
-122
-130
-141
-152
-139
-107
-108
-103
-173
-184
-166
-144
-119
-120
-183
-156
-166
-218
-226
-200
-123
-129
-150
-125
-117
-144
-137
-144
-130
-157
-156
-105
-64
-69
-45
-75
-103
-111
-114
-63
-48
-29
-9
1
-7
-7
-38
-57
-40
-14
48
73
38
34
8
39
32
35
39
73
60
45
74
81
52
33
39
19
58
94
107
125
101
23
46
42
35
86
109
60
19
8
-10
22
56
35
43
76
64
73
76
51
101
150
162
175
145
95
62
36
27
20
37
24
-15
-24
-8
13
-1
1
-23
8
44
71
80
66
98
53
47
92
131
128
129
114
122
90
76
61
26
68
131
121
47
2
-7
-10
-16
-17
-39
-37
1
30
12
2
-31
-69
-68
-71
-63
-43
-12
39
86
76
78
46
53
70
71
49
52
49
77
110
55
17
-8
8
26
16
4
5
6
-40
-67
-108
-137
-186
-169
-135
-108
-124
-169
-185
-180
-127
-144
-189
-160
-136
-97
-75
-119
-107
-62
-35
-97
-112
-120
-76
-64
-33
-88
-118
-77
-111
-102
-166
-134
-126
-81
-63
-83
-75
-98
-101
-66
16
12
26
-25
-14
49
52
-7
-18
15
95
102
125
93
59
94
76
39
20
54
75
78
56
18
23
36
-41
-59
3
31
63
78
55
93
99
80
82
73
87
104
49
18
-11
-19
-31
-48
-7
11
81
68
48
18
42
53
36
52
68
39
22
45
23
18
67
66
68
94
136
101
102
91
70
39
25
70
81
100
46
12
-1
31
19
24
5
10
-5
-29
-54
-102
-101
-72
-31
-31
-52
-79
-89
-43
-13
33
59
94
96
94
116
81
75
73
115
70
71
21
19
73
34
60
55
66
61
104
43
-8
-28
-13
5
-43
-94
-162
-178
-175
-178
-192
-143
-103
-70
-51
-77
-114
-161
-151
-108
-66
-121
-150
-203
-158
-177
-183
-143
-156
-118
-165
-184
-190
-162
-153
-147
-141
-114
-127
-136
-95
-71
-36
-3
63
46
4
-40
-6
63
117
117
118
97
49
50
33
115
142
134
100
118
105
131
74
47
59
79
122
96
84
69
50
55
83
123
132
91
125
115
109
90
138
131
68
52
114
123
108
100
118
131
133
87
40
27
54
35
-17
-51
-77
-54
-58
-83
-44
-30
-26
-30
-17
-69
-96
-69
-80
-84
-64
-61
-50
-19
-30
-52
-61
-48
-3
17
31
7
5
67
40
41
10
53
86
68
4
-3
36
33
30
43
49
91
98
88
53
38
11
25
51
16
58
55
33
85
106
91
56
17
45
8
-27
-39
-32
-27
-41
-43
-80
-87
-70
-30
-7
-49
-103
-162
-135
-135
-140
-117
-66
3
8
-25
-95
-122
-118
-112
-97
-59
-46
-49
1
-34
16
17
-55
-92
-165
-172
-130
-138
-125
-109
-120
-99
-93
-67
-104
-78
-65
-71
-45
-99
-114
-85
-43
-7
36
-5
10
35
34
87
83
97
118
101
102
71
40
-5
-16
-14
-51
-1
43
72
76
73
47
23
71
76
87
47
36
26
11
93
140
168
142
128
89
83
135
156
141
168
79
121
113
268
159
218
23
1311
2609
2510
655
-1184
-1518
-603
1963
2736
1987
-1589
-4405
-5167
-3492
-1616
428
-89
-3548
-6230
-5335
-2638
-460
65
-1124
-1698
-366
1939
2446
2291
2859
3177
2208
2108
3504
5232
4199
3441
2659
2497
2030
981
743
396
1857
2418
2665
741
-64
852
333
-741
-168
166
1018
989
-666
-759
-1441
-2598
-2721
-3303
-3106
-518
-1278
-2884
-2977
-2856
-4152
-4198
-4805
-3961
-2705
-3212
-3620
-1843
-2229
-2550
-2572
-3401
-1979
-559
-363
-97
1563
3591
4152
5885
7134
7028
6905
6781
7261
8250
8997
8842
8392
8437
7619
6300
4423
2248
845
-1349
-2635
-4400
-4982
-6945
-8040
-9369
-10529
-10847
-10842
-10390
-10007
-8557
-8023
-7418
-7305
-6692
-5829
-3686
-2690
-1344
-248
-216
863
-854
-517
-373
51
984
1332
1791
1449
2295
4563
7747
9545
8627
9105
7741
8124
8563
9674
10726
12249
12448
11928
10573
8587
5540
2159
57
-2004
-2462
-4486
-4965
-7331
-8279
-9952
-11774
-12428
-12748
-11102
-9482
-7541
-6527
-5674
-5224
-3844
-2719
-1266
-742
413
434
604
553
30
-347
-1411
-1305
-2342
-2449
-2563
-1934
-2320
-2665
-1506
2655
4963
8942
8390
9832
9456
9777
10343
11323
13050
13832
14406
13249
12534
9669
6727
2349
-673
-3726
-5636
-8778
-9543
-11629
-12590
-12339
-13862
-13780
-14027
-13652
-11625
-9505
-7210
-5171
-3737
-992
591
2607
2972
2761
1692
927
285
-321
-97
-1753
-2159
-3837
-3957
-4955
-4982
-5940
-4986
-5112
1046
3496
8457
9679
9964
11273
10820
11790
11910
13988
14253
16006
14595
14224
11437
8455
3508
176
-3778
-6225
-10094
-12063
-13249
-14562
-14245
-14650
-15780
-14614
-14546
-12945
-10962
-9435
-6214
-3880
39
1987
4240
5368
6195
5624
4495
3676
1635
1518
-277
-897
-801
-1450
-2728
-4659
-5694
-6514
-6349
-1770
467
6702
7963
9770
12152
11951
12887
12636
13980
14333
15698
15084
15260
13860
11448
6848
3249
-1292
-4409
-8888
-12478
-14037
-16362
-15206
-15647
-15533
-14746
-15578
-13373
-11957
-10055
-7741
-5770
-1798
905
3932
6610
7969
8103
6751
5361
3698
3194
403
-982
-1234
-1916
-1674
-4048
-5297
-6399
-7445
-2188
-1290
4793
4730
6737
10740
10823
13095
12490
14024
13926
15671
13734
14295
12657
10508
6593
4267
-755
-3419
-7727
-12025
-13021
-16750
-15988
-15989
-16751
-14362
-15096
-12491
-11053
-9705
-7354
-5588
-2434
-263
2623
5130
8301
8370
7781
7046
5139
4628
1699
-231
-697
-2577
-2655
-3746
-3859
-4406
-6680
-1706
-1453
4611
5062
4888
10347
9360
12886
12496
14221
14127
15664
13401
13996
12736
10711
6743
4435
-529
-3914
-6854
-11848
-12028
-15039
-16753
-15473
-16734
-15130
-14295
-13174
-10933
-9867
-7693
-5974
-2163
-1162
2031
3515
7143
7255
7048
6745
5049
5297
1114
363
-576
-1848
-2324
-3722
-4508
-3813
-6209
-4896
86
204
7040
3046
8568
10286
10728
11308
12419
12811
14358
14178
11807
13879
11477
9079
5467
3591
-2633
-3558
-9715
-11873
-13033
-15815
-16026
-15789
-15250
-13824
-12059
-11231
-9989
-8485
-6926
-3749
-1694
5
2318
4484
8502
7278
8191
7120
5849
4808
1351
27
202
-2339
-2416
-3181
-3992
-3265
-6352
-83
-514
5718
4283
4778
9486
8338
11367
10224
12601
12272
15102
12115
13754
12274
10447
6439
4167
251
-3494
-5671
-11529
-11370
-14045
-15724
-15380
-16518
-14188
-13808
-11610
-12215
-9753
-9073
-6345
-4031
-2995
-111
1951
5769
7174
7192
8305
7225
6167
4549
2593
1985
312
-1402
-2320
-1890
-1611
-3177
-1618
2187
689
6739
1245
7392
7844
7437
9392
10123
10996
12749
13329
10710
13002
9240
8003
4813
2833
-2617
-3599
-7968
-11267
-11937
-13907
-14202
-13731
-15343
-12672
-11204
-10120
-9958
-7319
-6836
-3419
-3417
-1951
1864
3325
6632
5329
7801
7524
7830
6530
3721
3202
-339
-1280
-2788
-2692
-3703
-2975
-4287
2443
1995
4813
5315
3022
9332
5529
8952
8786
11811
9901
14136
10976
13308
11791
9246
7153
4577
63
-4206
-4792
-10261
-11476
-15452
-15105
-14548
-14068
-14412
-12968
-9688
-10683
-8634
-7389
-5482
-4015
-3304
-1792
2476
4028
5677
6508
9337
8318
7567
6312
3048
3336
-922
-1762
-2738
-2903
-4783
-3344
-4864
1382
488
3018
4981
2377
8597
5058
8353
8622
11494
8914
13541
11123
12585
13017
9133
7955
5882
1646
-2587
-2722
-9938
-11064
-14358
-15074
-13949
-14327
-14236
-13529
-9129
-10240
-8417
-7245
-6894
-4334
-4253
-2362
933
3625
5089
6919
9430
8614
8513
7611
5746
5471
962
-325
-3033
-1843
-5212
-2972
-5916
1062
-1135
2861
3742
1488
8720
3361
6845
6417
9699
7096
12435
8629
11705
12141
8854
8424
7278
2802
-531
-1537
-8235
-8906
-11958
-14026
-12886
-13667
-13789
-11781
-8865
-8861
-7887
-7401
-7133
-4527
-5430
-3104
-2068
1324
2454
4395
7261
6920
8188
6759
6948
4931
1795
786
-1593
-1419
-4158
-5775
-5653
601
-2213
3972
1005
3323
8133
3958
6698
8624
9039
8200
11487
7483
12667
12219
8799
9694
8212
3907
2899
-355
-5981
-6515
-10935
-13446
-12884
-14098
-13776
-10889
-9314
-10113
-6651
-8067
-5726
-4078
-5279
-2576
-1128
848
2583
4815
5746
6443
7364
6598
7119
4978
1859
1445
-1142
-1938
-4794
-5000
-8440
-873
-5615
-112
-272
-749
6848
3640
7200
8241
11321
8151
13828
8618
12315
13026
9364
9901
9102
5945
3262
1953
-5080
-4753
-9150
-12129
-12767
-14290
-13908
-13106
-10685
-11624
-9342
-8363
-8297
-5039
-5660
-3200
-1607
325
2107
3618
5798
4468
6858
5243
5333
4915
1668
2264
-946
-743
-4207
-3576
-7963
-3237
-5035
-3879
-318
-3764
4641
2287
6159
6171
10805
8276
12846
10384
10980
13531
9889
10176
9090
7966
3907
3587
-2179
-3283
-5716
-10054
-11171
-13583
-12873
-13609
-11835
-11435
-12575
-8979
-10450
-6975
-7199
-4371
-3922
-102
888
2161
6546
4610
6934
6066
5769
5669
4148
2570
1063
755
-2120
-3236
-4989
-6522
-2256
-6299
-537
-4539
391
2800
3438
6597
7941
10029
10031
13435
10740
14739
13171
12391
11450
11278
6745
5461
2234
-1519
-2521
-7199
-9891
-11555
-11560
-12813
-12522
-12037
-14085
-11585
-11442
-10626
-9026
-7547
-5800
-3391
330
74
4474
4710
4923
6309
4914
5285
4349
2748
1560
266
-630
-4476
-3387
-7687
-2833
-6359
-3826
-2693
-3161
3516
1269
5241
5417
10454
8653
13157
11583
12377
15687
12473
12797
11990
9309
5895
5183
151
-2223
-4505
-9042
-10144
-11241
-12319
-13184
-11613
-12978
-12645
-10967
-12370
-10229
-9432
-7043
-5144
-1829
-1012
1124
4765
4154
5954
5773
5398
5302
3982
2447
1018
-422
-4048
-4475
-5873
-7344
-4181
-7806
-2710
-4171
-726
2320
2678
5027
7245
10099
9413
13978
10866
15221
15008
13618
13102
11995
8933
6152
4610
-1616
-1908
-6097
-8701
-9660
-11403
-13210
-14198
-12386
-14430
-12182
-12707
-12690
-9534
-8397
-5933
-4238
-1059
-714
2984
5202
4310
7746
5640
6373
5527
4134
2772
1031
-504
-4635
-4200
-7724
-7544
-4763
-8431
-1965
-4910
971
2324
4161
5872
8555
10838
10747
15125
12708
16955
15698
14875
13562
13434
8577
7481
4169
-1542
-2044
-7015
-7650
-10547
-11318
-14496
-13185
-12389
-14879
-12373
-14330
-11190
-10556
-7909
-7231
-3297
-1449
44
3633
4061
5767
6741
6639
6648
6195
3843
2499
501
-2439
-5523
-7009
-9477
-8631
-7206
-8307
-3433
-4569
221
1750
3986
5566
9815
10614
11531
15128
12690
17488
15540
14591
13475
12634
9279
7067
3811
-1383
-2264
-5632
-8922
-11177
-12905
-14743
-13642
-13871
-15716
-13368
-13344
-11955
-10688
-8933
-7797
-3907
-1922
-1051
2772
3561
5040
6622
6333
5609
5713
3637
2582
-117
-3064
-6847
-6525
-8978
-8945
-6307
-8445
-2723
-3895
103
2624
5135
6541
10038
11886
12114
16399
13463
16936
16006
14844
13257
13081
8807
6415
4277
-1631
-1080
-5968
-8112
-10832
-11247
-13381
-13827
-13081
-14943
-12661
-12095
-11506
-10023
-8259
-7296
-4316
-945
-1349
2811
3583
5028
6925
6427
6370
5664
4752
1424
155
-3001
-4893
-6499
-6798
-9743
-6339
-6627
-4975
-1578
-1932
2710
4306
7127
9157
13842
12946
15920
15918
15824
17640
15753
13326
12260
10683
6140
5258
-13
-2084
-4019
-7188
-9650
-11113
-12001
-14485
-12804
-14878
-14709
-13000
-12797
-11128
-10123
-8194
-6714
-2672
-1266
-16
3695
3903
5441
6400
5077
4274
3709
1407
-73
-1230
-4097
-5597
-6582
-8682
-8225
-5452
-6706
-2997
-2895
173
4220
6450
8008
11356
13209
12990
16976
14589
16433
15809
13344
12099
11079
6856
4333
2620
-1810
-2378
-5847
-8375
-9825
-10801
-13456
-13763
-13896
-14846
-13402
-13205
-12640
-11582
-8375
-6438
-3576
-1231
-386
3123
5139
5152
5644
5163
4966
4367
3224
708
79
-1378
-4243
-5392
-7524
-8682
-8373
-5705
-6363
-3017
-2373
1072
5376
6766
9042
12156
14541
14534
16999
15224
16779
16501
13457
11948
10964
7534
5452
2960
-1395
-2188
-5596
-7943
-10181
-11418
-13601
-13878
-13981
-15207
-14607
-13620
-12614
-10971
-8630
-7714
-4329
-1326
-301
2389
3122
3691
5375
5976
5040
4246
3498
1527
1323
-784
-3293
-4409
-5376
-6700
-6041
-4444
-5593
-1559
-1119
2110
5349
6291
8665
12370
14155
13446
16315
14314
16353
15582
12780
11178
10607
7151
4041
2628
-2338
-2743
-6050
-8770
-10863
-11838
-14040
-14847
-13778
-15578
-13709
-13022
-11713
-10464
-6982
-6551
-3384
-926
-201
2692
3901
4430
5338
5798
4332
4327
3069
1590
79
-905
-3442
-3518
-4879
-6757
-6508
-4506
-4444
-2441
-1057
-180
4737
5374
7542
10347
13287
13258
16208
14896
14715
15976
12725
11531
10260
7006
3548
2105
-2156
-3787
-6139
-9693
-11113
-12478
-13388
-14594
-13463
-14374
-13476
-11625
-11011
-9623
-7742
-5292
-4009
-228
92
2130
4596
4395
5349
5412
4519
3805
3663
1912
324
86
-2215
-2286
-3446
-4850
-6044
-5190
-3746
-5458
-1664
-2660
1978
3876
5448
8193
12258
13343
13364
16080
14042
16040
13956
11515
10203
9153
5023
2718
315
-3715
-4453
-7454
-8727
-10626
-10692
-12385
-12005
-11247
-12650
-11548
-10697
-10028
-9285
-6302
-6266
-2963
-939
105
2691
3178
3374
4344
4855
3838
3938
3275
2831
2005
1394
-453
-891
-2542
-3813
-6069
-5997
-4845
-6406
-1961
-2646
1413
4081
4977
8082
12507
13393
13420
15889
12902
14880
13885
10413
9028
8180
3547
2371
357
-3328
-3333
-5898
-7436
-9336
-8503
-10929
-10569
-9594
-11518
-9991
-9488
-9598
-8813
-6660
-6278
-4783
-2460
-2789
-721
780
207
1531
2159
1500
2663
3159
2571
1715
1989
147
-367
-2470
-4535
-5156
-3983
-3277
-4785
-589
-1575
3183
5606
6582
9615
12622
12633
13110
14999
11760
13515
11244
7855
7161
5424
1791
252
-1548
-4531
-4422
-6504
-8388
-8462
-8497
-9857
-9513
-9071
-10365
-8908
-7734
-8990
-7138
-6174
-5699
-3471
-2518
-2704
-454
265
666
2588
2593
2539
3741
4154
3286
2976
1828
-119
-379
-2499
-4445
-5311
-3773
-4461
-3220
-1241
-970
3840
4996
6958
9947
12167
11624
13857
13451
12348
13191
10336
8870
7705
5886
2261
2108
-1461
-2975
-3610
-5862
-6565
-7453
-7917
-9467
-8583
-9164
-9472
-9244
-8460
-9978
-7916
-7836
-7050
-5199
-3722
-3227
-721
-560
377
2542
2715
3639
3498
4097
2721
3306
2544
698
-105
-2711
-3836
-4775
-3312
-4832
-3868
-1464
-1444
3200
3916
6076
9746
12519
11728
13937
13125
12673
13501
11018
8560
7846
6233
3109
2394
-1305
-2868
-3492
-5322
-7025
-8002
-8015
-9940
-8289
-9833
-10892
-9725
-9407
-9398
-7772
-6714
-6810
-3471
-3277
-2526
-509
-32
947
2413
2505
2618
3946
3872
2896
2861
2095
270
-465
-3136
-5174
-6415
-5285
-6883
-5360
-2870
-2919
2385
3322
5080
9273
11310
11368
13292
13112
12543
14026
12087
10029
10044
7839
4493
3576
-84
-1924
-2939
-5406
-7047
-7985
-8535
-10245
-9845
-10780
-10847
-9671
-8771
-8940
-7240
-5833
-5653
-4072
-3061
-2901
-1097
-254
99
2564
2970
3740
4414
5301
3953
3603
2664
378
-872
-3490
-5557
-6869
-5691
-6269
-6328
-2988
-3232
1059
2981
4172
7278
10314
10968
12339
14038
12355
14222
13628
11455
10490
9636
6168
4578
2045
-1242
-2260
-4240
-7033
-7947
-8186
-9282
-8992
-8150
-8702
-7984
-6437
-7111
-6625
-5146
-5943
-5037
-3917
-4475
-2910
-1401
-1118
739
2054
2013
3019
3667
2885
1519
1362
-469
-1518
-2944
-4907
-6107
-6001
-4963
-6150
-3795
-3408
-1889
1465
2174
4705
8269
10390
10420
13697
13223
13491
14936
12342
11182
10356
8023
4352
3042
-927
-3049
-4322
-6866
-7838
-7422
-7226
-7708
-5993
-6005
-6486
-5176
-5872
-7052
-6013
-6817
-6759
-5919
-5311
-5617
-2950
-2810
-1961
137
256
798
1767
2320
922
1631
299
-682
-1197
-2931
-4146
-4999
-4194
-4975
-4258
-2466
-2359
497
1781
3726
6690
10521
10705
12843
14868
14131
15930
14352
11897
10350
8994
4834
2597
-269
-3336
-3299
-4920
-6220
-6571
-5229
-5935
-5417
-5066
-6490
-5405
-5731
-7043
-7751
-6814
-7617
-6918
-5490
-6552
-3992
-2993
-2737
-1200
-496
-228
796
1757
1140
1876
2441
1503
481
-692
-3011
-3366
-4489
-4164
-5692
-4089
-3078
-2195
1364
1981
5264
9144
11825
12359
15350
14805
14664
15452
12349
9781
8878
6009
3142
2164
-1112
-1760
-1833
-3454
-4753
-4602
-5102
-6172
-5008
-6411
-7279
-6762
-7752
-8608
-8118
-8165
-8781
-7189
-7293
-7324
-5285
-5016
-4008
-2506
-1788
-880
1235
1761
1643
2524
2367
1466
506
-1550
-3164
-3900
-4577
-4567
-5674
-2807
-2139
1100
3378
4945
8956
11833
13469
13735
15484
14101
14671
13853
10897
9629
8558
5799
3939
2145
-395
-1269
-2836
-4300
-5729
-5440
-6884
-7135
-6822
-7584
-7823
-7287
-8412
-9226
-8267
-8972
-9003
-8167
-8121
-7182
-4510
-4340
-2647
-642
629
1852
3719
3379
3644
4477
2781
1244
-448
-2612
-4150
-4769
-6029
-4621
-4634
-2590
-1004
785
3597
4661
7445
9856
11556
11770
13905
13275
13506
13487
11652
10487
10305
7958
4977
4064
735
-188
-1613
-3729
-5021
-4701
-5604
-6672
-5885
-7267
-7525
-7608
-9264
-10587
-10284
-10536
-11486
-9913
-10081
-8870
-5670
-4926
-2853
-99
992
2254
3810
3895
3966
4493
3081
2238
1609
20
-1211
-1254
-2853
-2250
-2289
-2670
-1475
-1332
795
1900
3892
5517
8867
9210
11675
12787
12486
14307
12988
11921
11255
9804
6580
5248
2501
559
-348
-2520
-4149
-4309
-4713
-6663
-6814
-8190
-9605
-9981
-10802
-12024
-12007
-11299
-10924
-9913
-8068
-8011
-5148
-3610
-3268
-1087
-19
923
2050
3493
2857
4035
4085
3195
3230
1878
264
-1005
-1989
-3696
-3352
-4888
-4761
-4074
-2987
-964
448
3338
5995
8929
10255
13170
13614
14609
15445
13982
13329
12438
10213
7620
5722
2321
1468
-512
-3343
-4990
-6318
-7558
-8966
-9138
-10949
-10453
-9999
-10613
-10606
-10194
-8818
-8306
-6879
-6697
-5789
-3563
-3103
-1682
-478
458
1621
3258
4232
4052
5154
4032
3741
2800
887
-1311
-2558
-4543
-5992
-5507
-7203
-5363
-4635
-2747
-321
2356
5259
8661
11528
12740
15169
15326
16068
16098
14633
13082
12154
9060
6497
3953
748
-1306
-3986
-6287
-7714
-8078
-8960
-9493
-9094
-9347
-9126
-8304
-8999
-8674
-7922
-7592
-7616
-6344
-6587
-5442
-3788
-3669
-2044
-605
476
1640
2892
2770
3223
3550
2515
1524
361
-1694
-3026
-4551
-6294
-6500
-5378
-6090
-3643
-2664
-314
2443
4593
7771
10846
13148
14596
16214
15998
16432
15756
13420
11558
9896
6495
4210
1264
-1301
-2978
-5035
-6674
-7324
-7380
-8390
-7939
-8028
-8482
-8074
-7970
-8564
-8584
-8084
-8513
-8011
-7654
-7415
-6260
-5000
-4384
-2777
-1493
-319
631
1920
1628
2421
2487
1858
1534
970
-298
-1414
-2133
-3504
-3639
-2700
-3353
-1457
410
1287
4845
5947
8874
11921
13763
14098
15501
14966
14532
14637
11718
10074
8761
6087
3651
1601
-1210
-2245
-3616
-5513
-6016
-6358
-7102
-7345
-7492
-7921
-8544
-8559
-9346
-9663
-9626
-9987
-10022
-9025
-8743
-8192
-6702
-6649
-4680
-3361
-2008
-485
1558
1892
3448
3865
4370
3857
3275
2175
1361
585
-708
-1399
-1687
-30
-1265
1613
1564
3589
5508
6454
8374
11071
11573
11851
14045
12591
13089
12840
10824
9802
9237
5738
4595
2584
18
-794
-2897
-4601
-5709
-6203
-7677
-8196
-8377
-9669
-10224
-10595
-11874
-12193
-12475
-12892
-13139
-11946
-11646
-10553
-8197
-7542
-4591
-2698
-1125
815
3021
3822
5204
6545
6807
7236
7172
6385
5673
4763
2812
1975
836
1887
-311
955
630
1096
3379
2831
5077
6885
9215
8605
11281
10488
11086
11802
9656
9082
8316
6827
4239
2946
400
-443
-1678
-3928
-5496
-6157
-7513
-9180
-9780
-11400
-12394
-12644
-13326
-14173
-14032
-13315
-13377
-11755
-11390
-10565
-7421
-6044
-3956
-1857
259
2187
5159
6261
7321
8776
9330
9635
9079
8820
6847
6578
4116
2808
795
1291
7
-1027
391
-1135
2120
2121
3388
5309
7608
7617
9583
10584
9752
11607
10695
9291
9338
8457
5786
4864
2001
-351
-1988
-4687
-7009
-8594
-9915
-12039
-12439
-12936
-14140
-13845
-13743
-14708
-13978
-12715
-12456
-10749
-9047
-8348
-5061
-3138
-1668
1059
2860
4967
6872
8625
8993
10730
11403
10887
10736
9737
8451
7304
5213
3471
1312
567
114
-2106
-595
-2289
-971
17
340
1994
4491
5565
6510
9292
8387
9729
10074
9122
8109
7943
5073
3542
1409
-1818
-3463
-5859
-7958
-10350
-10567
-12883
-13257
-13333
-14422
-14588
-13500
-13332
-13235
-11294
-11092
-9220
-7285
-6379
-4456
-1373
-647
2585
4205
6415
8523
10009
10821
11136
12329
11862
12178
10624
9725
7576
6214
3610
1646
-419
-645
-3071
-2641
-2723
-3540
-1316
-1926
-48
1930
3723
3981
6879
7005
7756
8783
7656
6816
6534
4438
2096
519
-2574
-4470
-6666
-8726
-10495
-10745
-12007
-12595
-12205
-12634
-12890
-12089
-11564
-11723
-9678
-8957
-7279
-5281
-3415
-1870
1467
2614
4152
6910
7442
10150
10710
11815
11691
12593
12097
11149
10127
8145
6687
4828
2613
71
-2068
-2594
-4626
-4995
-5056
-5748
-3660
-3665
-1758
580
3102
3529
6558
7431
7691
9240
8026
7126
6413
4769
2253
804
-2126
-3928
-6133
-7968
-9846
-10642
-11467
-12836
-12068
-12525
-11984
-11174
-9665
-9034
-7194
-5163
-4411
-1885
-288
1266
3566
5110
6056
8024
9116
10211
11158
11435
11256
11226
10805
9187
8000
6164
4130
2054
-599
-2473
-5465
-4987
-7171
-8172
-6861
-8027
-5780
-4853
-3394
-1088
2375
2914
5746
7472
7352
8741
8560
7155
6326
5179
1985
693
-1976
-4103
-5781
-7696
-9509
-10045
-10166
-11381
-10313
-9959
-9758
-8263
-6830
-5855
-4031
-2286
-1425
595
2465
3082
5561
6403
7095
8662
8772
9256
8957
9112
8118
8087
7054
5662
4588
3237
1511
-529
-2629
-4759
-6366
-7445
-7397
-9754
-7855
-8305
-6903
-4862
-4024
-1307
1789
3590
4518
7130
6849
8121
8521
7276
6047
6249
3733
2154
666
-1943
-3090
-4563
-6288
-7699
-6996
-8323
-8128
-7069
-7329
-6065
-3947
-3548
-2446
-424
474
1871
3694
3226
4248
5607
4836
5784
5607
5631
6158
6611
5937
5603
5694
4598
3615
2306
521
-953
-2062
-4569
-5749
-7688
-7993
-8406
-9541
-8089
-9184
-6693
-6239
-4497
-2530
705
1438
4055
6580
6254
8722
8887
8369
8210
8115
5184
4766
2597
310
-541
-2570
-4568
-4581
-4564
-5684
-4534
-3971
-4064
-2741
-1849
-1914
-644
-180
-196
656
1164
872
1865
2348
1662
2860
2568
2630
2905
2945
2581
2584
2957
1683
2148
901
397
-698
-2307
-4387
-5949
-7619
-9239
-8898
-11251
-9317
-10064
-8128
-6514
-5228
-2150
972
3279
5155
8558
8584
10922
11405
10589
10362
10374
8030
7275
5336
2544
1941
-17
-1635
-2284
-2296
-3545
-2958
-2345
-2626
-1669
-872
-1484
-314
-42
-667
111
-291
-910
-1280
-1030
-2136
-1410
-1659
-1922
-1295
-862
-553
167
741
1009
1435
923
-12
-334
-1428
-3066
-4791
-5850
-7591
-7699
-8142
-9484
-7613
-8367
-6051
-5258
-3341
-782
2443
4001
6746
9322
10017
12296
12393
12196
12016
11369
9125
8307
5718
4326
3777
1542
316
83
-141
-827
-402
-561
-580
-114
-623
-1327
-2015
-2979
-3792
-4859
-5291
-7043
-6703
-6954
-7659
-6642
-7072
-5987
-4459
-2991
-1934
-319
1074
2311
3297
3379
2761
2728
1185
-518
-2433
-4279
-6473
-7589
-7617
-9895
-7570
-8271
-5603
-3949
-2225
548
4035
5761
7914
10996
11023
13425
13817
13562
13128
13223
11026
10623
8627
7082
6627
4704
3262
2332
1779
135
-388
-1496
-2943
-4291
-5230
-7061
-8038
-9449
-10994
-11326
-11975
-12859
-12425
-11096
-10618
-7999
-6572
-4142
-1524
985
2684
4484
5306
5827
5980
5151
4008
2663
1240
-767
-2568
-4494
-5852
-7433
-6458
-8119
-6863
-5873
-5035
-2309
-1591
975
3758
6381
7519
11241
11988
13599
15150
14933
14667
14820
13530
12301
11178
8118
7331
4982
2714
230
-1511
-3728
-5804
-6977
-9043
-10603
-11710
-12693
-13712
-13520
-13411
-13126
-11036
-10626
-9152
-6860
-5745
-3719
-1557
-582
1363
2675
3332
3866
4313
4190
4091
3608
2755
2040
1556
121
-915
-2025
-3189
-3905
-5026
-3732
-5434
-2934
-2946
-1296
868
1527
4472
6735
8595
9700
12817
12893
14650
15285
14748
14354
13971
11814
9917
7432
3746
2300
-1207
-3880
-6329
-7704
-9710
-10974
-11381
-12508
-12279
-12192
-12048
-11641
-10474
-9852
-8909
-7304
-7077
-5338
-3944
-3663
-2154
-1298
-397
724
1538
1772
2680
3423
3745
4369
4393
4226
4526
3959
3443
2394
1822
612
-85
-1496
-1402
-2115
-2622
-1085
-1928
613
1176
3079
5376
7446
8427
10788
12038
12124
13243
12715
11409
10613
9113
6028
4529
949
-1532
-3584
-6517
-8458
-9349
-10426
-11932
-11415
-11697
-11728
-10385
-10173
-9410
-8238
-7653
-6710
-5819
-5421
-5173
-3849
-3785
-3514
-2013
-1730
225
1135
2856
3608
5677
6382
7747
8303
8199
8543
7707
7247
5611
4553
2833
1424
-242
-1804
-2772
-3351
-4086
-3107
-3504
-1455
-622
1280
3416
5921
6961
8850
10247
9870
11049
10044
8211
6807
4696
1900
262
-2932
-5098
-6009
-7965
-9017
-9089
-9453
-9920
-8935
-8812
-8758
-7774
-7736
-7334
-6449
-6386
-5959
-5267
-4570
-4512
-3133
-2498
-2072
-169
481
2173
3745
5087
6109
8118
8651
9419
9615
9467
8569
8063
6676
4751
3456
1190
-100
-1739
-2744
-4376
-3589
-4827
-3276
-2737
-1861
-216
117
1941
3278
3874
4313
5535
4998
5456
5487
4466
3480
3166
1080
385
-1165
-3389
-3905
-5138
-6243
-6636
-6445
-7438
-6841
-6241
-6631
-6174
-5792
-5780
-5012
-4438
-4411
-3315
-2222
-1698
-460
895
806
2482
3316
3772
4876
5278
5275
5790
6158
5693
6411
5915
5883
5626
5208
4306
3730
2842
1348
253
-1313
-2701
-4388
-4016
-6039
-5646
-5552
-6000
-4032
-4077
-2687
-965
513
937
3340
3762
4409
5524
5122
4631
4577
3124
1857
1050
-1374
-2071
-3295
-4552
-5407
-5399
-5686
-5467
-4312
-3983
-3084
-1865
-905
-146
765
935
1057
1589
628
169
251
-795
-921
-835
-1018
-371
518
1437
2435
3892
4875
5777
6687
6733
7219
6924
5872
4715
3441
1265
-575
-2891
-4691
-7190
-7882
-8452
-9878
-8521
-9229
-6913
-6230
-4488
-2332
197
1574
3249
5376
5136
6663
6339
6065
5615
4880
3481
2837
1595
759
667
-44
-495
-328
-70
-442
186
274
159
318
296
-359
-556
-1155
-2091
-2581
-3450
-4912
-4742
-5056
-5345
-4201
-3687
-2275
-685
1103
2480
4600
5444
6594
7270
7153
6909
6150
4986
2857
1449
-441
-2482
-4616
-6624
-8156
-9584
-9510
-10141
-10271
-8700
-8450
-5624
-4475
-2891
-271
2522
3592
5697
7473
7370
9098
8892
8197
7938
7220
5741
5657
4404
3190
3468
2434
1549
1546
1079
-109
59
-582
-1763
-2017
-2888
-3758
-3800
-4767
-5405
-5065
-5264
-5517
-4917
-4504
-4326
-2843
-2031
-769
734
1965
3164
4199
5044
5215
5934
5263
4591
3770
2543
1022
-611
-2217
-4047
-5237
-6205
-7266
-7991
-8351
-7475
-8041
-6531
-5837
-4261
-2070
-973
1411
3738
5531
6566
9090
9170
9844
10257
9339
8569
8331
6659
5966
5110
3266
3037
2034
807
173
-179
-1229
-1525
-1814
-2732
-2990
-3414
-4297
-4879
-5479
-5994
-6263
-6497
-7028
-6471
-5663
-5718
-4595
-3767
-2439
-1093
60
1253
2517
3567
4195
4820
4651
4090
3475
2814
1371
414
-1291
-2297
-3525
-4211
-4900
-5221
-5592
-4700
-3792
-3922
-2296
-2207
-180
123
1106
2358
3789
4281
6006
6810
7094
8387
8324
8193
8160
7793
6618
6773
5049
4331
3852
2279
1132
408
-880
-2288
-2749
-4129
-5284
-5972
-7012
-7730
-7789
-8554
-8369
-7796
-7562
-6846
-5420
-4973
-4084
-2552
-1924
-823
38
1303
2029
3266
3615
4217
5054
5055
4992
4818
4254
3274
2768
1477
327
-859
-2175
-3359
-4294
-5089
-5917
-5034
-5631
-4579
-3723
-2760
-696
453
2327
4158
5879
7231
9100
9604
10564
11016
10653
9964
9244
7442
6020
4305
1950
529
-1345
-2991
-3935
-4978
-6027
-6309
-6742
-7504
-7669
-7518
-7749
-7619
-7691
-7413
-6985
-6426
-6023
-5218
-3956
-3756
-2013
-1058
121
1656
2678
3592
4941
5418
5631
6350
6407
6262
5968
5323
4132
3229
1770
167
-843
-2105
-3460
-3918
-4799
-4847
-5059
-3911
-4010
-1996
-1300
-188
1802
2298
4131
5313
6301
6448
7724
7249
7228
6750
5485
4716
3831
1946
1111
267
-1192
-1849
-2762
-3496
-3998
-4066
-5053
-4720
-4879
-5605
-5520
-5550
-5742
-5778
-5575
-5593
-4550
-3991
-3586
-2438
-1193
-641
787
1649
2218
3465
3622
4249
4314
4148
3474
3492
2857
2102
1595
990
552
103
-310
-593
-494
-600
-466
-665
-391
-137
-121
548
-246
293
219
-48
162
-565
-185
385
954
881
1735
1962
2661
2930
2764
2838
2990
2313
1750
1253
43
-575
-1363
-2058
-2187
-2770
-2888
-2910
-2318
-2415
-2074
-1226
-1318
-401
-178
188
265
-5
-375
-715
-1119
-2366
-2765
-3257
-3744
-3676
-3775
-3140
-2361
-1510
-634
935
2152
3315
4248
5038
5503
5669
5481
4921
4405
3136
2155
794
-144
-1529
-2418
-3311
-3584
-4375
-4278
-4147
-3939
-3234
-3277
-2078
-1098
-310
435
1333
2007
2747
3336
3550
4160
4507
4347
4750
4622
4450
4346
3970
3588
3382
2307
1376
715
-224
-1746
-2975
-3988
-5194
-5791
-6838
-7165
-7420
-7388
-7198
-6362
-5782
-5244
-3734
-2858
-1271
-50
1225
2490
3785
4686
5621
6299
6446
6767
6617
6375
5681
4954
3854
3077
1877
737
-542
-1787
-2819
-4128
-4844
-5639
-5705
-5393
-5809
-4733
-4619
-3496
-2388
-1629
-357
1216
2132
3511
4845
5203
6146
6016
5880
5667
5360
4263
3900
2907
1818
924
-416
-1084
-1960
-2890
-3871
-4131
-4811
-5309
-5480
-5437
-5335
-5062
-4503
-3718
-3019
-2425
-1793
-679
23
341
1118
1531
2223
2570
2835
2901
3101
3142
3129
3144
3295
3236
3351
3114
3134
2865
2595
2396
1886
1388
475
-90
-951
-2026
-3382
-4344
-5279
-5694
-6834
-7032
-7335
-7095
-6353
-5833
-4628
-2940
-1319
339
2231
3247
4729
5643
5962
6083
6035
5217
4813
3946
2766
1821
706
-87
-501
-1005
-1319
-817
-694
-887
-415
-231
-143
300
260
395
633
469
207
221
85
-253
205
75
137
922
887
1919
2259
2726
2829
3445
3595
3335
3126
2289
1768
847
-31
-1394
-2246
-3553
-4382
-5100
-6061
-6572
-7201
-7395
-7721
-7360
-7020
-6821
-5571
-5390
-4027
-3198
-2590
-1241
24
837
2184
3653
4442
5965
6556
7336
8268
8441
8190
8435
8080
7450
7025
6136
5434
4704
3570
2606
2263
1412
492
177
-336
-845
-1321
-1685
-1840
-2028
-2641
-3154
-3284
-3811
-4527
-4652
-5230
-5266
-5471
-5583
-5167
-4832
-4042
-3613
-2540
-1896
-855
-141
472
884
1018
824
477
154
-915
-1710
-2660
-3589
-4479
-5465
-6020
-6297
-6501
-6510
-5525
-5074
-3569
-2191
-351
1680
3496
5665
7524
9352
10165
11526
11869
12311
12356
11751
11166
10483
9332
8349
7161
5668
4623
3276
2187
1175
61
-1062
-1747
-2780
-3959
-4852
-5868
-6702
-7599
-8351
-8642
-8848
-9218
-9291
-8871
-8500
-7968
-6971
-6458
-5621
-4802
-4092
-3171
-2441
-1928
-1317
-501
-309
131
260
584
1079
1426
1741
2395
3085
3437
4187
4374
4635
4713
4542
4371
4135
3552
2833
2710
1868
1870
1374
1443
1613
1884
2631
3718
4463
5182
6388
6888
7744
7784
7935
7640
7209
5847
4560
3250
1150
-541
-2685
-4550
-6105
-7748
-8942
-9746
-10138
-10603
-10380
-9859
-9448
-8763
-8240
-7683
-6832
-6397
-6026
-5342
-4913
-4704
-4243
-3674
-2987
-2043
-1297
183
1674
3135
4413
6049
7221
8226
9197
9636
10028
9814
9347
8822
7877
6710
5502
4413
3184
2170
975
-121
-821
-1610
-2250
-2291
-2725
-2760
-2593
-2644
-2039
-2248
-1827
-1466
-1101
-1024
-603
-203
222
459
376
351
344
-205
-823
-1154
-2075
-2726
-3504
-4333
-4784
-5349
-5975
-6111
-6063
-6020
-5743
-4932
-4474
-3732
-2735
-1772
-468
390
1200
2233
3269
3530
4086
4538
4687
5004
5079
5340
5653
5894
5920
6415
6471
6540
6629
6561
6484
5933
4944
3823
2927
1392
-165
-1750
-3266
-4728
-6252
-7306
-8453
-9111
-9750
-9809
-9623
-8843
-8166
-6645
-5003
-3805
-1678
73
1704
2955
4353
4978
5828
5875
5404
5187
4611
3470
2510
1609
665
363
-475
-796
-801
-708
-543
266
798
1044
1800
2329
2723
2855
2810
2769
2820
2483
1854
1547
1050
247
-164
-675
-946
-1070
-1174
-964
-747
-530
-429
-235
-102
-159
-237
-499
-751
-1144
-1724
-2224
-2968
-3652
-4492
-4889
-5383
-6004
-6324
-6672
-6312
-6546
-5987
-5679
-4873
-3964
-3165
-1931
-991
724
1606
3105
4416
5772
6835
7961
8786
9300
9977
9927
10071
9938
9418
8644
7821
6664
5412
4097
2502
1327
-13
-1375
-2259
-3072
-4006
-4724
-5061
-5649
-6004
-6270
-6422
-6327
-6349
-6170
-5779
-5188
-4928
-4451
-3963
-3594
-2824
-2406
-2063
-1499
-1105
-868
-718
-531
-650
-485
-370
-351
-253
-255
-17
262
436
421
738
897
1045
1220
1260
1561
1501
1776
2189
2462
2914
3368
3927
4416
4916
5370
6215
6432
6924
7195
7175
7260
6676
5973
4982
4188
2814
1540
-3
-1564
-2896
-4621
-5774
-6952
-7824
-8532
-8830
-9050
-9158
-8785
-8317
-7666
-7040
-6116
-5259
-4350
-3411
-2727
-1922
-1198
-581
288
876
1577
2261
2758
3361
3850
4143
4360
4744
4823
4840
4584
4411
4045
3594
2900
2354
1908
1349
1031
696
513
382
277
115
303
221
327
378
537
874
823
1260
1112
1390
1308
1473
1734
1671
1478
1354
1258
857
488
-262
-954
-1740
-2556
-3651
-4414
-5356
-5836
-6433
-6729
-6647
-6206
-5525
-4727
-3577
-2592
-1258
81
1283
2269
3153
3888
4481
4738
4384
3988
3312
2452
1415
573
-259
-796
-1145
-1664
-1502
-1331
-1064
-612
-43
507
1138
1620
2010
2568
2733
2684
2704
2458
2027
1513
847
101
-581
-1157
-1868
-2145
-2457
-2825
-2705
-2675
-2297
-1963
-1544
-895
-311
182
714
1114
1463
1688
1816
1695
1630
1389
1131
892
478
9
-514
-740
-1113
-1420
-1866
-1918
-1726
-1748
-1626
-1260
-963
-550
-176
22
492
668
959
1088
1390
1411
1314
1395
1098
1096
674
504
429
238
137
70
110
19
-84
-236
-65
88
94
211
210
170
129
13
-239
-369
-833
-1358
-1635
-2082
-2268
-2422
-2392
-2395
-2342
-1970
-1648
-1151
-892
-569
66
666
990
1543
2119
2499
3079
3278
3521
3818
3720
3559
3361
3142
2802
2764
2375
2200
2094
1783
1601
1520
1284
867
670
162
-288
-714
-1304
-1840
-2382
-3066
-3598
-3967
-4439
-4734
-4833
-4950
-4938
-4586
-4328
-3725
-3125
-2510
-1679
-894
-404
75
724
1000
1220
1390
1267
1222
1167
867
633
444
256
165
180
108
154
148
285
411
667
1082
1514
2025
2648
3002
3526
4219
4529
5016
5227
5373
5211
5098
4424
3789
3059
1873
990
-325
-1586
-2674
-3800
-4828
-5402
-5847
-6295
-6386
-6407
-6187
-5774
-5323
-4732
-3749
-2900
-2076
-1296
-588
-334
-119
2
13
170
69
79
91
274
273
562
946
1344
1775
2204
2557
3038
3455
3661
3954
3828
3471
3056
2356
1684
875
86
-567
-1103
-1758
-2218
-2390
-2473
-2321
-2164
-1704
-997
-252
453
1093
1795
2636
3281
3896
4130
4231
4276
4118
3574
2925
2160
1259
456
-401
-1238
-1956
-2408
-2965
-3337
-3562
-3642
-3564
-3335
-3086
-2786
-2346
-1960
-1497
-1157
-941
-724
-500
-284
-269
-242
-349
-353
-282
-425
-498
-460
-352
-166
-13
157
375
533
675
775
761
729
814
740
771
726
541
421
280
270
40
-33
86
280
590
843
1188
1509
1770
1984
2262
2449
2402
2255
2086
1799
1368
870
393
-63
-606
-1157
-1717
-2186
-2570
-2749
-2908
-2859
-2635
-2523
-2232
-2024
-1666
-1277
-949
-579
-192
-74
60
239
346
160
-3
-183
-387
-584
-761
-734
-647
-472
-303
-65
163
541
816
1077
1346
1796
2144
2390
2529
2379
2245
1997
1645
1078
523
-27
-609
-1275
-1996
-2640
-3148
-3589
-4096
-4304
-4427
-4189
-3837
-3292
-2486
-1661
-594
478
1581
2755
3935
4945
5823
6470
6979
7285
7348
7145
6688
5973
5024
3972
2723
1518
373
-724
-1644
-2420
-3117
-3690
-3837
-3924
-3869
-3673
-3229
-2811
-2363
-1862
-1358
-925
-789
-570
-584
-571
-704
-897
-1241
-1567
-1913
-2239
-2422
-2673
-2833
-2819
-2774
-2744
-2848
-2720
-2485
-2202
-1848
-1590
-1321
-1031
-598
-427
-27
364
717
1188
1521
2014
2377
3005
3516
4097
4566
5043
5595
5940
6110
6096
6074
5818
5521
4906
4054
3182
2304
1360
281
-799
-1839
-2728
-3520
-4193
-4654
-4963
-5065
-5068
-4833
-4531
-4153
-3673
-3150
-2703
-2328
-1867
-1657
-1436
-1342
-1186
-1232
-1405
-1714
-1842
-2039
-2293
-2313
-2425
-2334
-2097
-1740
-1355
-806
-285
203
761
1130
1571
2022
2333
2633
2834
2931
3051
3154
3094
3063
3091
3059
3172
3203
3120
2940
2968
2984
3006
3047
3021
2969
2954
2776
2429
2077
1603
1158
835
316
-293
-563
-1042
-1317
-1666
-2080
-2282
-2426
-2604
-2770
-2941
-3131
-3289
-3337
-3356
-3279
-3123
-3022
-2842
-2683
-2525
-2304
-2017
-1750
-1462
-1188
-844
-521
-214
9
184
405
731
886
1011
1279
1377
1518
1689
1763
1836
1992
2075
2206
2267
2174
2149
2072
1636
1309
1028
516
218
-167
-480
-654
-803
-972
-1006
-886
-878
-586
-359
-14
417
681
959
1254
1439
1445
1426
1235
894
603
18
-540
-1033
-1543
-1901
-2188
-2392
-2603
-2580
-2520
-2356
-2217
-2019
-1554
-1184
-809
-424
-158
114
337
449
584
654
666
712
702
536
500
505
332
363
220
182
227
235
246
268
206
158
113
-132
-414
-603
-741
-946
-873
-956
-892
-729
-619
-398
-341
-191
-156
107
338
475
806
1156
1496
1747
1966
2210
2367
2508
2636
2627
2524
2421
2237
1855
1346
901
374
-56
-564
-963
-1268
-1467
-1618
-1854
-2087
-2110
-1878
-1722
-1406
-1043
-724
-305
80
418
752
934
1085
969
851
627
266
-79
-410
-641
-724
-840
-867
-920
-901
-866
-941
-869
-837
-657
-637
-588
-539
-479
-354
-252
-58
59
322
503
684
890
975
1141
1407
1690
1897
2088
2076
2067
2113
1924
1714
1513
1153
713
248
-319
-798
-1332
-1677
-1858
-1946
-2040
-2012
-1790
-1568
-1390
-1233
-1121
-988
-746
-621
-543
-395
-271
-332
-444
-683
-942
-1068
-1155
-1345
-1449
-1479
-1418
-1344
-1107
-816
-372
-44
141
522
651
861
913
1008
1114
1230
1315
1367
1415
1363
1398
1542
1625
1599
1629
1599
1519
1458
1182
818
497
170
-254
-471
-751
-946
-971
-1103
-921
-723
-629
-453
-113
125
330
590
682
823
976
893
821
601
266
-119
-433
-799
-1155
-1493
-1835
-1996
-2015
-2029
-1988
-1738
-1567
-1272
-893
-767
-540
-327
-222
-51
4
-5
43
234
433
672
1001
1183
1463
1758
1887
2030
2148
2151
2202
2170
1989
1668
1394
1083
690
342
-45
-345
-573
-839
-847
-847
-756
-535
-357
-28
123
329
253
257
262
110
62
-94
-165
-253
-257
-346
-383
-374
-117
114
284
454
596
702
665
642
393
184
-193
-447
-785
-1136
-1381
-1722
-1854
-2065
-2090
-2216
-2138
-1999
-1914
-1609
-1291
-967
-601
-256
-44
177
279
307
338
273
161
73
33
-85
-99
-85
-99
-99
15
186
450
667
833
1103
1216
1230
1176
1045
898
893
806
712
578
318
201
206
121
138
203
420
847
1244
1569
2030
2497
2725
2813
2742
2627
2282
1899
1407
764
1
-749
-1411
-1951
-2579
-3037
-3367
-3612
-3641
-3821
-3793
-3717
-3443
-3193
-2848
-2668
-2485
-2317
-2036
-1840
-1767
-1456
-1216
-861
-429
-102
225
572
991
1453
1769
2000
2185
2461
2598
2765
2756
2561
2389
2180
1957
1808
1642
1521
1413
1423
1420
1296
1426
1532
1616
1741
1874
2044
2084
2031
1849
1833
1745
1594
1357
914
480
-70
-465
-801
-1123
-1411
-1724
-2168
-2515
-2688
-2783
-2940
-2937
-2830
-2948
-2797
-2701
-2582
-2361
-2213
-1934
-1557
-1282
-1203
-979
-860
-672
-419
-280
47
283
449
562
603
707
714
820
855
1015
1133
1305
1413
1599
1710
1765
1906
1787
1798
1706
1649
1581
1602
1738
1697
1557
1395
1270
1073
808
552
152
-46
-338
-615
-920
-1273
-1442
-1531
-1597
-1809
-1908
-2094
-2242
-2257
-2369
-2303
-2118
-1873
-1674
-1571
-1436
-1293
-1073
-1025
-838
-736
-566
-307
-174
19
111
272
346
301
372
441
412
501
533
546
558
605
593
689
719
773
959
1076
1240
1448
1624
1660
1825
1901
1892
1730
1471
1196
880
536
282
285
154
23
-172
-271
-492
-601
-648
-700
-692
-739
-707
-739
-802
-955
-888
-942
-1104
-1187
-1336
-1379
-1379
-1278
-1174
-932
-729
-504
-318
-140
221
475
636
735
791
860
906
912
1067
1007
892
807
711
762
895
965
1008
1258
1329
1363
1472
1444
1375
1245
1016
956
924
754
500
289
21
-299
-438
-563
-754
-895
-1021
-1030
-1067
-1040
-974
-1075
-1148
-1119
-1030
-949
-837
-724
-680
-642
-583
-663
-605
-620
-689
-661
-677
-790
-907
-1025
-983
-849
-727
-668
-633
-617
-517
-373
-206
13
198
524
681
933
1098
1229
1351
1450
1605
1753
1854
1857
1908
1898
1870
1695
1473
1265
1011
725
338
120
-161
-533
-701
-844
-954
-1069
-1133
-1204
-1290
-1277
-1407
-1458
-1446
-1420
-1380
-1371
-1374
-1427
-1494
-1574
-1699
-1754
-1822
-1802
-1686
-1621
-1224
-171
323
465
431
-108
22
357
373
562
906
1539
1256
1049
1182
1086
1018
563
1087
730
907
1096
1180
1474
1586
1671
1520
1792
1619
1418
998
790
615
94
-320
-345
-390
-355
-169
-325
-474
-532
-539
-452
-353
-189
90
240
522
709
694
452
262
-67
-564
-852
-1148
-1521
-1709
-1777
-1696
-1596
-1389
-959
-638
-154
281
701
995
1402
1663
1849
2051
2093
2113
2062
1983
1833
1702
1410
1170
1028
758
434
235
-15
-200
-238
-249
-341
-462
-576
-696
-891
-1021
-1123
-1139
-1087
-1113
-1221
-1223
-1235
-1433
-1440
-1449
-1450
-1536
-1465
-1398
-1284
-1155
-1173
-1036
-1000
-903
-795
-842
-892
-857
-894
-789
-627
-548
-465
-386
-382
-363
-42
-104
-38
63
57
334
496
712
779
934
941
946
1059
962
1098
1228
1456
1588
1634
1614
1664
1691
1685
1670
1460
1467
1133
845
573
246
-144
-521
-586
-878
-992
-1182
-1331
-1531
-1611
-1574
-1494
-1312
-1014
-872
-776
-573
-411
-305
-301
-200
-274
-113
-34
-3
91
305
425
611
889
935
1085
1197
1301
1261
1236
986
873
775
557
335
58
-176
-423
-593
-795
-771
-598
-408
-230
-18
296
665
1085
1327
1583
1801
1884
1916
1835
1667
1291
1009
789
312
-96
-490
-779
-908
-1107
-1279
-1381
-1332
-1276
-1268
-1370
-1381
-1364
-1360
-1316
-1318
-1304
-1260
-1200
-1193
-1170
-985
-778
-543
-263
-64
232
431
603
525
641
831
1031
1039
968
977
769
586
400
223
52
-51
-178
-371
-506
-582
-685
-613
-488
-623
-659
-543
-494
-429
-394
-360
-262
13
230
416
607
762
757
680
813
832
793
818
812
867
860
873
693
624
361
-32
-330
-523
-776
-983
-1071
-1127
-1102
-1161
-1032
-911
-680
-459
-271
-121
125
366
493
685
747
804
628
545
386
160
37
-155
-254
-362
-319
-190
-26
114
139
148
267
177
14
53
77
-40
-85
-334
-566
-580
-737
-920
-885
-717
-659
-424
-223
92
275
550
902
1128
1306
1493
1413
1327
1262
1019
780
377
107
-239
-536
-625
-709
-794
-793
-733
-708
-507
-237
-13
252
442
546
540
529
389
194
114
-37
-325
-571
-827
-982
-893
-851
-812
-502
-197
98
468
579
682
833
901
918
969
934
852
925
733
540
427
263
196
172
83
-9
16
-58
-228
-269
-405
-498
-640
-689
-782
-1010
-1157
-1253
-1176
-1118
-927
-808
-643
-437
-306
-185
-26
168
284
451
611
816
914
971
1071
1041
1022
909
797
612
485
412
257
83
-161
-354
-531
-651
-805
-997
-997
-990
-1075
-993
-926
-832
-661
-438
-333
-110
93
235
399
388
451
506
497
490
458
387
398
207
-3
-211
-306
-381
-441
-476
-534
-616
-641
-625
-550
-527
-523
-517
-417
-212
-120
35
171
361
503
606
789
949
1051
1101
1230
1429
1527
1616
1597
1461
1390
1322
1157
973
778
483
97
-49
-332
-479
-637
-748
-954
-995
-1039
-1311
-1310
-1334
-1351
-1275
-1176
-1114
-1006
-879
-802
-639
-480
-449
-377
-263
10
126
195
351
399
513
564
533
426
348
283
223
163
-44
-218
-320
-397
-464
-538
-577
-460
-290
-142
-11
221
407
505
688
808
967
1141
1310
1414
1493
1453
1565
1604
1527
1460
1245
1097
941
848
592
306
175
0
-165
-424
-684
-967
-1248
-1513
-1741
-1912
-2046
-2113
-2104
-2058
-2015
-1872
-1702
-1588
-1378
-1188
-873
-540
-220
102
257
411
585
775
786
779
605
540
447
410
334
215
321
310
325
340
306
207
214
129
18
-2
-30
-35
75
276
333
494
618
723
741
746
837
916
942
884
806
807
802
862
833
682
562
462
381
356
136
-35
-129
-300
-461
-668
-826
-1071
-1226
-1410
-1600
-1699
-1797
-1790
-1735
-1693
-1518
-1250
-1054
-873
-644
-394
-138
220
472
696
844
910
928
1058
1124
967
965
954
828
674
513
275
38
-107
-309
-269
-330
-231
-106
-27
117
102
172
238
452
543
713
893
985
1079
1051
1048
1018
1057
1025
913
931
953
909
738
577
373
306
206
-2
-129
-269
-404
-627
-768
-893
-1087
-1222
-1366
-1450
-1466
-1455
-1319
-1227
-1125
-984
-1066
-1081
-990
-853
-720
-558
-450
-308
-143
-23
95
161
241
260
229
138
77
-53
-43
-13
-39
-24
31
-43
-165
-205
-196
-172
-136
-58
3
62
109
108
152
233
334
512
563
593
568
546
627
721
785
722
703
778
808
711
673
638
589
527
477
457
357
263
98
-65
-195
-207
-269
-436
-569
-756
-863
-974
-1075
-1130
-1153
-1053
-986
-930
-1028
-1043
-922
-772
-547
-422
-267
-27
108
196
267
313
400
564
651
621
623
581
617
585
550
477
415
409
491
495
535
576
677
825
823
898
974
984
1053
1079
989
987
1015
1044
979
877
781
726
635
493
383
369
309
294
215
48
-77
-328
-453
-489
-690
-833
-1022
-1155
-1356
-1532
-1665
-1713
-1765
-1830
-1910
-1879
-1892
-1913
-1734
-1678
-1533
-1282
-1094
-915
-679
-506
-233
47
363
521
655
765
887
1047
1063
1040
928
899
797
673
639
525
439
401
401
453
513
577
592
684
757
788
775
757
674
578
532
433
292
90
-34
-266
-555
-739
-942
-987
-1062
-1064
-1005
-846
-632
-445
-358
-300
-226
-166
-152
-254
-314
-355
-438
-491
-618
-731
-827
-991
-996
-925
-839
-825
-795
-671
-508
-361
-152
74
294
601
752
922
1046
1142
1113
1174
1257
1387
1577
1689
1834
1832
1811
1789
1677
1550
1425
1374
1288
1101
900
659
446
267
-4
-253
-406
-501
-674
-831
-852
-805
-806
-808
-804
-832
-756
-710
-694
-679
-642
-601
-568
-575
-560
-585
-537
-505
-536
-583
-622
-674
-755
-740
-702
-716
-692
-676
-661
-603
-520
-476
-277
-201
-102
73
196
378
551
672
813
971
1087
1206
1290
1385
1385
1409
1303
1163
1026
932
807
725
581
446
285
126
34
-117
-240
-280
-214
-293
-399
-350
-374
-430
-481
-583
-719
-789
-872
-949
-1096
-1166
-1243
-1296
-1271
-1220
-1075
-943
-857
-702
-615
-544
-390
-259
-9
166
398
544
604
657
559
428
295
175
174
101
25
-54
-178
-238
-272
-308
-353
-296
-208
-36
21
63
107
232
289
339
369
366
349
364
392
425
390
325
318
329
415
426
375
342
195
134
62
13
-13
-26
-85
-128
-78
-118
-99
-103
1
163
340
484
605
697
778
837
884
1006
1019
1011
961
880
753
635
508
354
272
97
-11
-24
-74
-110
-240
-407
-492
-561
-664
-708
-727
-782
-669
-736
-816
-858
-976
-987
-1021
-1069
-1085
-1075
-1091
-1020
-912
-792
-630
-396
-247
-136
-24
129
313
435
594
635
667
757
785
787
632
544
596
693
778
778
721
727
730
730
710
622
595
639
646
616
661
558
458
322
188
18
-94
-204
-341
-374
-419
-361
-370
-423
-531
-688
-848
-925
-1045
-1148
-1158
-1232
-1239
-1265
-1268
-1236
-1169
-1115
-1144
-1150
-1115
-1112
-1051
-899
-773
-597
-399
-276
-130
38
209
362
530
678
794
874
930
1066
1276
1390
1437
1463
1444
1371
1316
1256
1177
1089
979
877
728
656
551
502
404
378
377
348
408
396
336
186
145
87
131
105
45
-53
-236
-399
-631
-873
-1216
-1435
-1612
-1693
-1656
-1626
-1476
-1224
-1029
-857
-641
-515
-428
-323
-277
-94
30
48
157
206
251
246
248
156
128
161
152
276
389
528
794
946
1103
1203
1235
1312
1294
1219
1157
1089
952
806
629
393
192
61
-6
-44
-113
-148
-175
-173
-213
-239
-229
-117
7
-43
-27
-74
-199
-311
-480
-625
-789
-1022
-1206
-1299
-1459
-1434
-1452
-1437
-1332
-1070
-786
-547
-291
-45
179
280
390
583
816
940
991
1018
982
1011
994
922
822
794
711
618
527
342
178
-5
-158
-207
-280
-321
-307
-233
-205
-213
-167
-67
42
118
241
240
212
274
196
62
-47
-205
-337
-416
-500
-599
-782
-894
-960
-1122
-1218
-1273
-1281
-1275
-1163
-951
-802
-643
-499
-334
-213
-7
127
255
435
544
622
643
655
712
746
719
688
682
707
654
578
582
524
504
533
424
304
257
169
174
83
-55
-119
-138
-170
-146
-129
-131
-120
-118
-117
-57
-37
-13
61
56
58
-50
-82
-107
-108
-31
-83
-41
-26
5
-15
-29
29
84
80
116
226
386
484
606
671
704
742
743
791
816
793
720
575
351
179
84
-60
-221
-396
-491
-487
-508
-468
-493
-478
-496
-488
-419
-325
-226
-75
0
94
132
202
194
125
72
-28
-155
-296
-351
-465
-582
-760
-888
-955
-1005
-982
-865
-701
-543
-393
-274
-119
93
361
578
756
977
1226
1304
1314
1258
1133
998
896
744
580
327
114
-91
-230
-342
-436
-445
-415
-317
-318
-365
-389
-345
-330
-357
-393
-292
-201
-113
-118
-186
-272
-346
-461
-560
-671
-700
