14
-24
7
8
13
0
-8
-79
-69
-50
-29
-22
-35
-59
-78
-39
-12
-22
-47
-38
-58
-33
-44
-112
-109
-96
-64
-21
-12
-29
-46
-11
2
-25
-86
-111
-90
-51
-25
-45
-52
-31
-44
-49
-40
-71
-94
-87
-84
-26
11
-4
-43
-63
-53
-59
-45
-57
-47
-20
-34
-60
-84
-143
-117
-50
-23
-19
-37
-66
-97
-73
-44
-32
-42
-30
-11
8
47
-17
-36
-25
-8
1
-30
-40
-38
8
24
25
-7
-1
17
-15
34
57
58
41
22
20
50
30
32
64
47
61
106
88
82
86
85
111
62
85
36
96
107
114
167
147
199
192
155
161
174
158
139
114
140
167
140
178
152
151
85
31
38
45
74
59
72
47
48
-4
-32
-39
-8
8
16
20
20
-3
-45
-40
-73
-82
-90
-69
-5
5
14
-17
-38
-52
-96
-111
-96
-52
-31
-67
-127
-112
-136
-109
-115
-124
-85
-67
-39
-59
-48
-70
-80
-105
-131
-102
-92
-73
-53
-93
-100
-122
-81
-53
-56
-1
-33
-41
-36
-50
-57
-34
-24
-44
-37
-81
-68
-47
-26
15
10
15
14
23
-3
5
14
31
11
15
-30
-11
24
39
-13
-21
-8
-16
11
-43
-32
-9
-13
21
-3
-19
25
68
81
78
52
30
45
49
63
67
71
82
94
90
66
77
65
78
75
85
62
11
3
27
-12
-56
-48
-11
-15
7
-2
-46
-69
-103
-94
-72
-70
-65
-23
-21
-40
-50
-54
-40
-15
3
16
27
46
47
38
57
57
27
27
12
2
25
39
92
91
79
50
86
46
71
68
27
36
69
85
78
66
30
45
48
59
64
70
36
35
29
36
84
86
64
80
62
83
95
104
79
67
67
91
75
40
-16
-29
-20
-98
-67
-33
-27
19
-10
-55
-90
-105
-80
-73
-50
-40
-47
-24
-48
-107
-128
-139
-113
-128
-86
-75
-90
-71
-63
-71
-116
-81
-79
-75
-28
-42
-89
-99
-97
-107
-127
-121
-79
-42
-19
-9
-50
-95
-98
-111
-99
-90
-44
1
-25
18
5
-32
-28
1
-10
41
43
-30
-36
-39
-5
-39
-25
-28
-32
7
0
-7
-10
-10
0
-9
5
31
-5
-23
-28
-1
6
49
47
73
65
61
70
26
19
30
40
37
57
48
40
40
40
56
35
-16
7
-1
5
113
110
110
105
57
0
17
18
64
150
165
149
130
119
59
54
83
113
104
135
131
105
80
23
18
62
91
95
80
82
78
51
14
-13
7
20
15
42
39
7
39
36
37
31
28
37
62
47
32
-6
-24
-38
-70
-115
-95
-93
-30
2
-6
-31
-93
-89
-115
-76
-59
-35
-6
-40
-103
-126
-116
-85
-108
-75
-68
-66
-61
-38
-10
-21
15
46
47
53
-12
12
82
64
5
-25
5
-20
12
25
-12
-19
-30
-40
-24
-47
-46
-97
-98
-84
-65
-20
-44
-79
-148
-175
-152
-131
-106
-72
-71
-93
-98
-108
-136
-134
-96
-71
-50
-63
-73
-77
-70
-87
-102
-75
-73
-52
-46
-77
-71
-46
-21
5
14
30
42
35
11
16
27
22
24
0
9
49
48
66
75
75
76
46
-22
-15
23
29
47
52
53
64
76
61
54
82
96
152
169
133
59
52
71
104
172
188
199
209
201
173
152
151
129
118
109
84
117
183
204
194
129
81
63
65
75
55
70
60
63
21
15
-9
11
84
89
66
39
42
-3
-19
-36
-72
-44
-8
6
17
19
-45
-97
-121
-115
-101
-58
-76
-92
-90
-127
-134
-152
-152
-134
-105
-83
-129
-139
-111
-108
-120
-87
-39
-48
-33
-45
-60
-54
-28
-3
24
26
15
-3
-60
-76
-74
-105
-98
-88
-126
-133
-84
-61
-19
-33
-71
-75
-82
-84
-79
-85
-104
-91
-66
-18
-23
-77
-105
-137
-115
-113
-70
-58
-93
-47
-57
-85
-79
-66
8
-13
-7
25
-14
-4
4
5
9
3
0
15
21
18
45
75
71
55
50
-5
1
74
67
45
21
23
0
23
27
62
118
92
128
107
80
102
141
160
141
168
140
162
132
108
166
178
212
236
249
181
149
195
186
147
163
160
135
102
93
86
59
80
125
123
32
13
-8
-66
-11
13
5
18
-6
-84
-84
-48
-39
-13
19
-9
-60
-53
-64
-118
-137
-111
-104
-62
-99
-110
-75
-47
-48
-23
-76
-157
-127
-118
-50
0
-4
-31
-59
-67
-84
-116
-118
-102
-63
-61
-33
-30
-18
-47
-52
-29
31
-16
-28
4
-44
-51
-74
-88
-132
-83
-73
-47
-31
6
7
-69
-85
-96
-118
-59
-43
-46
-68
-6
5
34
73
5
-60
-66
-13
27
24
8
20
-27
6
77
57
56
0
-23
-17
-5
93
101
72
28
57
37
51
30
-18
-9
-25
24
-15
-41
-64
-21
18
-29
-75
-30
18
-1
63
92
10
26
69
7
-43
21
25
-41
-26
-3
9
36
68
46
-7
-18
-3
-49
-78
26
47
-32
-97
-102
-163
-81
27
14
42
60
9
-45
-7
-36
-32
-27
-3
30
-45
10
85
11
-43
-20
30
76
104
90
-16
-12
-26
-34
-11
102
103
44
-15
-68
-62
-74
-25
-36
61
35
90
150
56
10
85
47
42
178
187
133
143
95
32
57
23
114
158
128
115
124
22
4
90
75
75
110
110
55
78
95
95
122
132
42
10
27
47
79
-42
-95
-39
-70
-62
5
-58
-26
18
7
-17
-12
-146
-66
-25
-98
-80
-47
-92
-85
-42
-221
-216
-155
-182
-165
-117
-99
-62
-41
-105
-85
4
-79
-109
-46
-79
-68
-41
-104
-103
-116
-115
-92
-94
-118
-69
-104
-71
-41
-67
-68
-51
-3
-11
66
-10
-125
-44
38
4
30
31
-65
-19
15
45
47
58
103
34
72
97
95
102
143
49
-23
139
73
137
80
6
30
144
116
119
155
97
112
19
-25
47
115
22
-17
8
34
6
97
78
5
57
-11
-47
67
-2
-89
-73
-116
-81
-9
-34
-36
-53
-135
-148
-33
-83
-84
64
-68
-108
-42
-131
-90
-19
-111
0
70
16
-68
-135
-90
-31
13
-18
3
136
37
89
113
-43
20
44
-32
90
42
-30
37
-47
43
107
8
120
305
-134
-4
43
-76
110
231
132
22
160
-69
6
86
92
167
78
-21
-74
-44
-129
-22
17
-33
24
-46
-13
-31
70
-97
-99
5
-27
-157
-18
-53
-96
107
-71
55
-82
-56
-9
104
-52
-90
1
-36
55
13
-42
-34
86
66
-27
10
59
55
69
-42
-12
64
-25
-3
87
-189
-1
143
-2
27
-5
-39
-111
-1
-71
-16
-10
25
-71
-108
9
-6
54
78
92
79
-55
-37
-45
-102
-29
-21
-61
-64
-90
-50
-83
-118
-178
-29
-92
-139
-35
-80
56
-52
-118
-200
3
-103
-40
123
-107
-32
-56
-161
-117
73
-203
-126
3
10
44
53
-101
75
39
-14
151
65
24
166
88
-37
78
63
120
127
201
45
78
164
76
96
6
213
80
184
142
98
172
227
333
25
199
68
184
334
276
44
-51
211
39
248
119
79
99
-32
-39
42
230
-46
391
163
-31
-140
-84
-158
7
83
-164
-93
-67
1
-56
-123
-64
-111
-178
13
-147
-172
-110
-172
-284
-158
-139
-234
58
-91
-48
-63
-165
-218
-321
-211
-219
1
-107
-157
-30
-241
-116
-77
-114
-32
79
29
-32
-202
-162
-23
-82
-128
143
-107
-206
6
-133
-63
-58
-36
-52
59
-10
16
122
12
216
38
104
-73
116
-132
191
23
170
218
-43
87
-61
224
300
207
-40
-35
12
116
0
-106
-3
27
176
106
87
-251
-83
29
123
0
77
107
-31
123
118
-43
-21
225
-14
-91
-38
118
46
-85
109
-222
-117
70
17
13
-214
-45
-391
49
100
2
-201
-144
-73
-300
106
-201
16
103
-43
113
-95
36
-91
83
-29
43
57
170
155
-69
54
-52
70
276
195
191
108
-49
-251
66
-118
19
418
294
79
-19
45
-130
328
70
29
-156
-129
-121
151
198
113
239
-101
-67
-60
-34
-78
232
76
4
91
-213
-247
-28
12
111
-30
-56
-256
-156
-21
-121
-88
7
-31
-105
24
-87
77
-41
64
-38
-87
12
5
2
37
11
-104
-103
-139
-20
-51
66
131
186
-76
84
-150
-210
363
202
101
-275
223
143
-30
314
-56
-102
-108
324
-164
23
308
225
41
-35
215
37
132
252
202
-483
73
72
58
-10
18
9
-67
-86
-159
314
-438
-53
39
-56
-115
-53
-302
-21
140
46
83
-269
-38
-291
-7
-126
326
-345
-26
21
-450
-81
462
-107
-231
-421
-521
-1
359
32
121
-86
-863
-189
175
-56
116
401
-469
-225
-152
-121
144
221
-228
-80
-43
-539
559
63
-55
87
-73
-208
218
369
145
-8
-295
98
-10
238
-3
299
123
179
179
70
-347
102
44
68
285
-75
55
80
133
-44
72
211
364
181
163
-46
33
74
28
-9
350
4
-301
226
-48
-163
335
-20
-533
188
93
84
84
150
-312
-273
78
-123
78
69
160
-402
-129
174
-184
523
133
-252
-151
83
-141
205
275
-514
173
-69
-124
276
331
-206
142
14
-76
-1
132
54
-31
-9
-17
-21
-211
3
260
229
44
-83
14
1
48
-181
183
-105
-471
370
-321
29
211
305
-337
-164
-149
-65
156
72
-159
-284
359
-18
130
-282
-195
-175
-190
-61
-71
122
-162
-255
-338
59
-193
-5
42
-595
63
82
183
-134
180
-419
-98
14
-98
192
163
-46
-534
-31
-304
172
333
360
-247
-390
-46
293
154
70
-55
-335
146
120
-36
272
194
46
225
-195
-207
196
145
72
189
-269
6
84
-1
99
145
-323
239
586
-489
7
564
-80
-75
157
215
-25
264
52
-167
-122
-362
622
481
157
533
-133
-656
285
491
-92
386
327
-914
284
277
-247
-73
101
-28
211
272
-277
357
-89
-126
-104
201
26
213
213
-643
-399
452
-124
-203
398
-46
-533
382
-86
-252
75
-52
-292
292
-27
-290
61
-220
25
-199
407
-232
68
30
41
-40
-446
-74
139
-197
20
-101
114
-237
-213
362
-438
-329
106
256
-257
716
-180
-333
217
-467
394
604
-381
-10
151
-473
-409
290
-351
-78
340
-490
-717
-353
-172
602
518
-36
-477
-339
-288
263
223
204
196
-74
-115
37
49
141
381
156
218
-128
-110
-145
184
307
26
-109
105
-172
376
272
-226
-235
154
-643
-214
600
-54
197
-7
-366
-21
298
193
238
88
-173
-220
203
296
-322
293
-90
-134
-260
442
254
-31
313
-401
-176
-109
17
354
26
336
-452
-216
-47
-59
-39
45
336
-422
253
-140
70
-227
-158
158
-96
93
135
608
-308
179
139
-532
-248
-119
367
-25
384
-417
167
-544
-245
295
264
35
172
419
-375
-217
-397
134
-91
300
206
206
-51
-416
-119
-76
-148
720
567
-478
-232
-249
-490
329
393
-389
-99
483
-131
-195
198
-189
52
547
-341
-487
-344
157
354
358
-143
-21
52
-209
732
-49
-429
193
36
-396
215
-75
-279
67
47
-318
397
418
-332
110
89
-567
-153
82
-299
207
537
-144
-59
-314
-246
178
292
280
-88
-58
-72
100
-39
-20
232
168
-89
-29
117
-91
154
340
243
60
-260
229
-230
133
118
-61
-63
-137
-61
-307
285
210
267
-122
-190
94
-26
-142
371
158
-276
-35
-196
137
-141
281
-410
316
-150
415
225
-414
107
-172
-89
134
426
-459
180
-381
352
-190
214
-154
77
-57
-284
351
-352
-184
-132
617
-562
187
121
-209
97
426
-213
-138
65
-920
-203
166
125
-54
-22
-669
-312
166
-230
150
-249
88
-172
-223
-144
333
-222
-247
-346
-107
-312
338
-36
-101
135
208
-142
-73
42
181
624
-559
50
43
-39
336
268
-203
431
-59
-132
154
-116
-283
455
-517
-250
707
336
-164
309
-37
-767
134
626
62
-282
414
-274
89
434
24
-99
434
-248
195
479
-469
7
375
-335
-69
657
-256
-183
529
-167
-78
620
-432
-449
789
99
-126
599
-465
-909
222
128
225
506
-6
-79
-424
79
-223
478
22
529
68
-151
-420
-210
471
206
376
78
-452
104
-34
-10
248
-93
68
-3
13
-634
436
68
38
36
-95
-408
-128
732
-469
79
221
-649
-627
619
-35
-194
360
-443
-563
263
259
-48
187
-536
-449
-323
-434
300
600
-65
-304
-3
-686
-24
679
95
-318
247
-316
-611
272
-80
160
-152
-404
-129
-246
73
252
-168
-351
96
-257
-35
44
61
-168
444
-81
-402
470
-87
34
31
-65
229
252
7
210
-503
-159
-89
354
225
477
211
-361
178
-159
409
-101
30
409
29
136
-120
-170
-432
410
164
-110
-65
-5
417
585
257
-171
-24
-305
752
-291
-250
169
133
-103
318
-161
-113
123
-72
339
156
-298
159
303
-505
248
-40
108
256
-193
11
-15
-227
500
166
-142
-254
40
-188
515
-141
-369
140
-514
119
218
575
-483
297
155
-274
797
-314
-62
-117
48
-358
782
46
-185
161
-333
-391
206
0
137
155
125
-419
-51
30
-115
421
-575
41
-541
106
-526
158
-39
-130
209
-240
234
1
212
-132
-337
-88
-421
-1
-84
-374
-269
468
-275
-205
426
-137
-154
27
-103
-443
94
-410
-338
-363
-515
179
-20
332
-1
234
-227
-213
-278
35
-33
2
265
-234
-55
-45
-298
109
566
-47
321
-75
-601
-260
724
-146
-23
239
131
-66
362
212
-213
613
174
-153
-265
-5
0
392
624
189
168
-14
325
-199
209
44
290
-54
448
973
-219
-127
-451
145
-53
385
75
-189
157
35
86
-233
254
8
174
488
405
-185
172
-102
-471
22
147
-360
322
-530
48
61
187
-169
128
485
-542
45
-54
10
-374
157
-605
-427
713
-49
192
224
-185
-180
-391
-207
-157
-115
-665
145
4
500
101
-254
-331
404
656
144
-86
-1017
-855
-198
296
-153
-66
59
406
117
117
-275
20
-245
447
-327
8
207
-223
-162
-161
96
-133
603
-447
609
87
317
-122
-45
-205
150
-235
-255
343
-136
94
63
214
351
550
31
-721
-286
-335
257
364
-462
-195
-479
-30
169
231
329
304
204
-57
-137
-597
99
-45
431
-119
-73
-396
-539
42
-29
70
0
603
-495
-77
-82
-122
-259
568
353
-128
170
-772
-466
-12
631
658
882
-51
-480
-445
-347
409
343
331
-28
19
-738
-4
-141
374
496
224
-173
-376
-48
81
325
-132
87
-410
-154
-352
-60
-14
25
-12
-180
12
-14
24
482
202
-242
0
62
-483
-114
150
26
63
604
-218
-137
-164
-193
391
253
180
-74
87
-397
507
-180
-199
-340
154
10
57
152
221
272
99
158
-681
153
186
-245
285
-119
-729
-27
170
-347
86
681
472
173
259
-94
-72
-82
-95
96
18
-5
28
-111
83
249
202
-5
-58
-346
241
428
-40
-495
-117
-94
55
174
-41
199
143
461
-82
-381
-381
346
-110
388
-133
-352
206
22
355
-97
-311
-243
578
-125
334
-102
4
-497
-159
-108
28
-2
-104
-185
-248
161
-245
484
-6
458
-512
-383
-87
174
288
-429
176
-755
-9
99
-87
-86
135
-203
374
-214
-627
166
-471
-64
53
-88
-27
375
-130
147
-46
-168
135
470
110
35
-396
-439
-334
-74
-86
395
28
-299
194
93
-140
39
258
-215
84
392
-320
-222
168
-309
149
47
201
0
32
-127
658
-336
66
82
-466
151
58
80
-24
79
46
754
-262
-279
196
451
-41
2
-312
-143
-60
-319
270
185
251
120
-72
-488
323
200
-113
-75
-118
79
230
20
-50
336
74
229
229
-37
-215
-68
382
266
312
-140
-36
-159
-83
328
216
203
-9
252
229
87
151
-246
218
-142
150
217
3
50
274
-410
-327
-65
229
398
235
-236
-98
-196
-270
327
-114
-54
47
-94
-454
-121
247
-284
-197
-223
63
-294
396
-195
19
-135
-302
-194
-177
84
-84
89
-460
-115
-305
80
-3
333
-473
236
-262
-854
-298
-61
244
195
168
-384
-321
-146
-1
306
89
180
-132
-92
-186
-244
-284
-177
189
-272
61
-32
-94
0
14
279
30
-80
91
-102
-160
-126
305
269
28
212
-82
-112
-308
245
-143
-15
73
115
-134
-429
172
151
432
177
373
-282
-123
342
46
35
129
-172
-250
367
259
442
493
177
-92
-81
158
393
478
343
181
134
-71
98
115
180
414
525
-134
164
18
257
-70
207
193
-169
-271
45
-58
-177
203
-211
-128
-110
-237
-320
-176
-183
-34
-93
257
-217
-282
-550
-285
-62
-291
-323
-264
-814
-628
-154
-608
-133
70
-259
-36
57
-291
-125
273
230
381
195
391
460
488
383
680
455
514
821
565
569
647
637
499
597
219
284
-139
102
149
-39
228
-201
-263
-449
-580
-258
-316
-676
-621
-528
-995
-787
-1039
-1318
-1103
-996
-1064
-773
-849
-1016
-843
-1084
-832
-662
-520
-464
-434
-250
-193
-190
380
952
1053
1925
1984
1854
2104
2237
2025
1538
1502
988
1161
925
788
872
846
967
860
1181
863
694
366
-75
-375
-877
-1040
-1110
-1080
-1132
-1008
-1008
-1449
-1378
-1609
-1817
-1842
-1878
-1922
-1650
-1407
-1711
-1689
-1767
-1404
-1426
-875
-1029
-1018
-652
-711
-259
831
1818
2854
3302
3081
3428
3745
3425
2858
2555
1942
1223
1106
949
449
748
844
653
1029
1006
762
655
355
-385
-310
-577
-1167
-1353
-1266
-1449
-1375
-1603
-2221
-2268
-2297
-2787
-2940
-2928
-2809
-2373
-2099
-1904
-1973
-2081
-2308
-2217
-2488
-2343
-2034
-1733
-1644
-1606
-996
-840
849
2552
3702
4630
5070
5497
5820
6353
5382
4867
3818
2985
2339
1716
1190
586
1046
720
807
1180
1300
1003
567
-388
-819
-333
-643
-646
-637
-756
-944
-1261
-1963
-2620
-3010
-3621
-4125
-4448
-4749
-4612
-3447
-2804
-2150
-1913
-1989
-2226
-2492
-3117
-3131
-2707
-2428
-2168
-1537
-1274
-67
2498
4226
6057
6950
7417
7708
8564
8001
6525
5724
3986
2501
1136
241
-1057
-903
-831
-1467
-713
-353
-428
-818
-1181
-2148
-1714
-1417
-1020
-52
569
857
415
-158
-1874
-2953
-3826
-4911
-5889
-6398
-6583
-5729
-4323
-3356
-2195
-1160
-938
-1180
-1522
-2665
-3291
-3089
-2894
-2535
-1500
-1049
1039
4748
6683
8687
9310
9543
10148
10678
9293
7070
5389
2533
583
-1526
-2961
-4245
-3815
-3718
-4418
-3132
-2504
-1785
-1305
-1819
-2400
-1522
-684
63
1799
2680
3410
3249
1750
-1059
-3145
-5141
-7065
-7841
-8976
-9009
-7522
-5350
-3406
-1335
282
769
1047
45
-1311
-2299
-2684
-3269
-2913
-1959
-1809
774
5216
7812
10809
12002
11785
12547
12889
10616
7305
4855
741
-2177
-4607
-6775
-7790
-6543
-5737
-6208
-3838
-2905
-2227
-1202
-1180
-1605
127
2038
3018
5421
6057
7052
6517
4281
703
-3324
-6399
-8998
-10347
-11408
-10418
-8435
-5264
-2561
-384
1659
2922
3299
2284
902
-821
-2257
-3895
-4701
-4929
-4285
-2132
3135
7284
10951
13379
12974
14063
13913
11815
7233
3619
-979
-5279
-8223
-10804
-10920
-9647
-6654
-6588
-4525
-2473
-1984
-1097
-787
-905
305
3488
5075
6863
8068
7974
7448
5336
743
-3946
-7494
-10950
-12428
-12274
-11420
-8028
-3958
-1169
1089
2881
3692
4114
3652
1850
46
-1678
-4083
-5864
-6632
-6397
-6074
-1171
5007
8527
13581
14288
14818
15933
14881
9847
4632
459
-5453
-8250
-11537
-12002
-10818
-6878
-5020
-4329
-1210
-899
-30
205
-238
-153
3554
6225
8287
9763
9069
8263
5176
994
-4680
-8827
-11879
-12800
-12273
-10249
-6933
-3064
531
2031
3039
3077
3653
3250
2403
771
-1183
-3526
-6206
-8133
-8712
-8704
-5842
2821
8040
13613
16244
15941
17272
17016
12184
4697
233
-5819
-9968
-12969
-14181
-13092
-8896
-4554
-4510
-1637
625
1146
2304
2297
1522
4171
7959
9443
9920
9397
6489
3435
-584
-6810
-10511
-11903
-12696
-11195
-7909
-5131
-610
3154
3679
3387
2555
1613
1141
694
-451
-2019
-3750
-7129
-9952
-11134
-10782
-9748
-1232
7362
12560
18300
18019
18056
18901
15291
6893
977
-4498
-10540
-13223
-15719
-15134
-11437
-6149
-4017
-2789
1332
2419
4215
5627
4622
5692
9169
10948
10555
9132
5305
1990
-2542
-8124
-11963
-14147
-12745
-11038
-7671
-3343
1184
4204
5850
4782
3197
2048
880
-339
-1167
-1875
-3687
-6259
-9606
-12121
-12284
-10205
-7998
2459
11052
15599
20442
19138
18450
17885
13481
4553
-711
-5874
-11863
-14075
-16476
-15912
-12178
-5861
-4190
-2501
3156
4288
7101
8653
7175
8420
11522
11703
9169
6731
1477
-2838
-6815
-11595
-14300
-14923
-12087
-9948
-5278
-1194
2303
5597
6531
4858
2836
1262
-346
-1387
-2483
-4460
-6218
-9087
-11819
-13064
-11116
-9218
-2204
9861
14436
19863
20904
18288
18405
15938
7584
2
-3940
-10686
-14581
-16941
-18222
-15061
-8801
-3766
-2959
2524
6326
8155
11296
10086
8899
10879
11987
9288
5855
1554
-3910
-7445
-12766
-14862
-15571
-13479
-9742
-5894
32
5045
8092
8996
8542
5233
2476
-72
-2891
-4035
-4771
-6450
-8473
-10958
-12513
-11476
-8480
-5468
6460
15060
18688
22464
19276
17594
17036
11113
1451
-3751
-8802
-14558
-16903
-19440
-17998
-12580
-5003
-2461
494
7506
9635
12757
13193
9919
9279
10257
8381
3724
-89
-5376
-8984
-12800
-16493
-16687
-14788
-9956
-5933
-268
5249
9764
11689
11229
7386
2873
-239
-3972
-6697
-7430
-8214
-8647
-9755
-11172
-10738
-7246
-5517
4617
15897
18005
22437
19995
16538
16877
11958
1571
-4554
-8910
-15476
-18483
-20818
-19859
-13783
-4999
-249
1599
9053
12312
13895
14813
10217
7461
7878
6152
1113
-2881
-7046
-10931
-13788
-17217
-17101
-14322
-7837
-2766
3375
10076
13960
15096
13252
7711
1778
-2416
-6788
-9777
-9754
-9269
-8640
-8238
-8982
-9241
-5551
-3941
1710
15612
18461
21548
21502
15527
14836
12520
2533
-5818
-8918
-15049
-18948
-20636
-20849
-15381
-5641
2033
3848
10165
15700
16115
17427
12694
6800
5353
3244
-1630
-5619
-8845
-12734
-13992
-16066
-16739
-12890
-6376
486
6854
13027
16029
17360
15369
8503
1125
-5123
-9967
-13109
-13461
-12059
-9544
-6982
-6286
-6843
-4708
-1927
-560
12574
20442
19839
23126
16355
12529
12862
5006
-6465
-9849
-14316
-19968
-20993
-22014
-17712
-7295
3097
6876
9871
17368
18183
18257
15035
6407
2115
83
-3999
-8814
-11110
-13493
-14727
-14861
-15744
-12116
-5468
1993
9386
15487
18667
18624
15974
8489
-114
-7683
-12959
-15817
-16081
-13280
-9367
-5434
-3368
-3981
-3505
-1607
-879
4312
18899
21360
22054
21013
11916
10729
8317
-3198
-11556
-12732
-18088
-20924
-20838
-20516
-12071
399
8505
10496
15413
20620
19411
17307
9523
580
-3409
-6091
-9996
-13161
-13105
-13552
-12980
-12967
-10426
-4533
2195
9834
14099
18728
20703
16841
10060
1433
-7827
-13034
-16676
-18428
-15131
-9299
-4269
-629
-88
-1578
-1563
-153
345
5317
21018
22014
20882
19347
8691
6804
5558
-6194
-13798
-13109
-18249
-19860
-19059
-18126
-8773
4014
12025
13428
17756
21860
18432
14284
5129
-4659
-8594
-9974
-12384
-13721
-11644
-11127
-9953
-9324
-5790
-412
6470
12979
15985
19799
19133
12823
4673
-5143
-13404
-17120
-19214
-17524
-12082
-5021
584
2998
2836
-110
-2240
-1459
-1249
2969
19803
21770
18089
18392
6697
3703
4903
-5972
-13750
-11372
-15622
-18051
-17434
-16617
-8768
4119
12761
13939
16922
20843
16575
11080
2203
-7974
-11759
-11541
-11791
-12239
-9248
-7616
-6870
-6489
-3350
1020
7320
13449
15132
17341
18408
10189
1845
-7414
-16823
-19316
-18441
-16594
-9912
-1261
3789
6870
5321
458
-2272
-3293
-3439
-2505
7728
23082
18071
18921
12527
1365
5355
2664
-9485
-11100
-9788
-14755
-14454
-16587
-15447
-3842
8814
14281
13803
17081
17714
11959
5744
-5389
-12171
-11860
-9210
-9264
-7688
-4380
-3657
-3431
-4470
-1502
2797
9537
13845
14194
15593
12363
3592
-5277
-14926
-20666
-17730
-13703
-9972
-1712
4992
8482
7563
2706
-2980
-5375
-5802
-5301
-3155
8789
22471
17280
17456
10133
387
6533
3923
-8237
-7835
-8376
-13218
-15113
-19053
-16036
-3913
9757
13159
12856
16254
15789
9728
2424
-7303
-11862
-9299
-5790
-5296
-4643
-1486
-1818
-4887
-6419
-2733
1914
9613
12700
11858
12598
9047
-908
-9480
-16755
-19180
-12626
-7905
-4261
3403
8398
8461
5537
-918
-7154
-8323
-7719
-5909
-2738
9117
22704
16975
16723
9899
765
8221
6810
-4393
-6346
-7227
-15078
-17849
-20657
-17852
-4809
9093
14032
14195
16962
15373
8916
2529
-5578
-9771
-6402
-2762
-3086
-1962
-1053
-4486
-7145
-9359
-5342
920
8142
12955
12228
12553
6616
-3350
-9684
-16057
-15570
-9086
-3893
650
5602
7632
6047
1655
-4989
-9445
-9528
-8265
-4197
-1556
10000
22804
16111
15617
9602
1817
10009
8385
-4039
-7199
-9373
-17030
-19039
-21178
-17922
-3426
10868
15522
14789
15567
14261
8829
2393
-5422
-8528
-5331
-1979
-2263
-4545
-4597
-6865
-10165
-10054
-4999
2906
11183
14076
13032
10089
5069
-5052
-11568
-14289
-12459
-4098
212
1530
5355
5632
2140
-1981
-6914
-10344
-8158
-6811
-4169
-1457
10644
22489
15172
15187
10244
4351
12891
8793
-6718
-8516
-10679
-18736
-19738
-21792
-15206
827
12955
15002
13321
14768
13738
8890
922
-5377
-6346
-3881
-1711
-4897
-7078
-6047
-8499
-11567
-10311
-1887
6637
12919
15240
11816
8533
3970
-5474
-10978
-10932
-8432
-2098
859
-357
1382
1769
-1345
-4010
-6132
-7312
-5039
-6031
-5660
-2243
3912
20780
17981
15022
17178
7729
11324
11454
-5138
-12120
-10766
-18517
-21202
-19549
-16817
-2803
10949
14284
13623
15595
15425
11558
4262
-1611
-4701
-5666
-3915
-5616
-9084
-7833
-8593
-11766
-9080
-778
5802
12494
15042
10470
8829
6153
-4062
-7945
-8737
-8618
-1607
-1360
-4568
-1929
-673
-2153
-2847
-3674
-4760
-3480
-5434
-6373
-2969
3330
20780
18533
15363
16776
5099
8860
9615
-7379
-12745
-9555
-16644
-18834
-17803
-16910
-3383
10118
13779
13019
15223
15301
11771
5345
-3004
-6596
-6900
-5019
-5957
-9220
-6936
-6337
-9364
-6992
-59
6110
12392
14442
10550
8773
5115
-4610
-8871
-9792
-9162
-3780
-3255
-5631
-2154
379
-545
220
-354
-1842
-2229
-6144
-7510
-3741
3295
20061
17527
13051
14868
5206
8579
9465
-6464
-10920
-7114
-14904
-19444
-18369
-16413
-3639
10066
12961
12508
16105
16006
11349
4051
-4029
-7245
-6714
-5110
-5580
-7162
-4700
-4594
-8533
-8143
-467
6220
10619
13363
9458
7258
5364
-3536
-9283
-9355
-9281
-4449
-3111
-5965
-3106
2496
1847
1359
827
-2373
-3476
-7663
-10612
-4978
-2253
12542
21177
13524
17077
11459
4951
11733
4061
-10597
-7067
-10355
-20662
-18621
-18626
-12967
3545
13186
13177
16696
18075
14287
8813
-1342
-6326
-7437
-5456
-3073
-5972
-4971
-4373
-8081
-10127
-5141
1768
6638
12933
12341
9963
8624
890
-8657
-10482
-10826
-7894
-5083
-4869
-2746
2969
3680
1540
623
-1451
-4922
-7522
-11815
-7774
-4176
7639
22248
13893
15300
13462
5713
12349
7381
-7947
-7930
-8359
-19713
-20833
-19545
-14764
1961
13175
14320
15625
18067
14526
8313
-633
-6791
-6017
-4320
-2253
-4068
-6256
-4393
-8819
-12242
-8307
426
7767
13811
14511
8628
7655
2277
-7783
-9837
-9136
-6547
-1563
-1761
-2765
917
2261
18
-318
-2134
-5339
-7569
-10587
-10088
-4699
1170
18134
18847
13640
18285
9705
8432
10634
-2587
-10214
-7603
-15970
-21946
-17509
-15514
-5463
9582
13243
13354
17020
15056
9852
3767
-3092
-4531
-3344
-3695
-4059
-6797
-6994
-8688
-13063
-11104
-1804
5426
11599
14603
11589
10335
5445
-3966
-9099
-9237
-6261
-4496
-4726
-3802
-2445
889
-363
-1728
-1809
-3576
-6195
-8919
-8268
-4499
796
17962
19852
14050
17964
8453
7271
11554
-883
-10808
-8313
-14373
-20932
-18064
-16763
-7109
9514
15734
14481
17691
16919
11510
5451
-3012
-5870
-4952
-4619
-4057
-7244
-7825
-8656
-12598
-11309
-3097
6335
12267
17521
13191
10792
7952
-1215
-7675
-9820
-8769
-7013
-5393
-6070
-5378
-466
-309
-1238
-958
-2888
-3906
-5996
-7766
-4880
-2023
9249
21913
15294
16491
14510
5048
9856
5919
-9179
-9837
-9549
-19014
-19808
-17083
-13082
2336
15156
14663
16358
18830
13900
8011
-972
-7173
-5925
-5502
-4680
-7348
-9933
-7457
-11341
-13108
-7225
4035
12109
18643
17378
13271
11981
2780
-7122
-12100
-13437
-11112
-7793
-6894
-6209
-1777
1785
-5
820
-535
-2075
-3261
-6575
-5825
-2683
1949
16719
17844
12907
16114
6731
4825
10252
-2117
-11102
-7996
-15111
-20652
-17575
-14956
-5036
11512
16478
14687
17446
14901
8269
1022
-6093
-6646
-6210
-5134
-5388
-9230
-8614
-9794
-12190
-8281
3879
13127
19565
21293
14587
10957
3016
-8269
-15418
-15683
-12707
-8580
-4945
-5185
-1619
2533
1170
2171
1248
1106
-1185
-3755
-6725
-5504
-2921
8379
19024
10695
14631
11877
4421
12072
5258
-9260
-7399
-10066
-21189
-17902
-14886
-10143
7317
16410
13404
14848
14808
8765
3194
-4358
-5867
-3695
-3318
-3075
-8264
-9121
-7888
-10793
-8457
1650
13859
19375
21004
14054
8023
1400
-8897
-16332
-16981
-11770
-7439
-3671
-3002
-2639
1298
1340
1318
2729
2379
865
-3201
-8197
-9392
-6467
1502
15994
12528
13019
16507
6613
10364
9862
-6726
-9821
-8947
-19572
-19593
-15139
-12262
2138
14623
12783
12335
14354
9381
4397
-1330
-4021
-2020
-2422
-2500
-5698
-8337
-6944
-8742
-8349
810
12253
17377
19161
13626
7092
412
-8065
-14878
-16648
-10523
-7418
-4606
-1349
-3225
132
2330
1762
4402
4167
755
-4294
-10007
-13373
-8454
-3537
13296
16898
12504
19765
9693
7139
11341
-2747
-11186
-6985
-15174
-19020
-14331
-13878
-4504
9778
12045
9227
13302
12051
8641
3977
-1419
-667
-2185
-2009
-4545
-9758
-6847
-6516
-6439
-1148
8600
14898
15924
12390
3323
-989
-7212
-11848
-13885
-9728
-5803
-3471
-268
-2876
-1147
1978
2892
5298
3169
-60
-5482
-11869
-15678
-11246
-5746
10905
21247
13732
20491
13320
3993
10777
1764
-10379
-5291
-9610
-18847
-15503
-16379
-11756
3996
10793
9022
14711
17700
13012
7889
959
-1787
-2739
-3704
-4181
-7984
-4981
-3226
-7153
-3997
3249
10262
12642
11195
4851
654
-3489
-9268
-13025
-10233
-5878
-5026
-1706
-2877
-2738
1732
2620
4201
3695
-168
-5689
-11557
-14907
-12038
-5856
10194
21239
14953
18668
12780
4560
12172
4037
-8813
-4778
-8805
-18750
-18292
-18776
-13942
3530
13190
12090
17951
20081
14430
8185
-400
-4453
-4166
-3544
-3020
-5123
-4123
-3314
-7702
-6792
-1178
7451
11621
11074
5878
1431
-730
-7370
-11836
-11232
-7156
-4406
-2471
-3677
-3412
1291
2097
3099
3145
-139
-3475
-10069
-14764
-12073
-6530
3623
20556
17013
15952
17692
5713
8694
9465
-5153
-7436
-6279
-18017
-20385
-18098
-15902
-1780
14293
16564
17142
21098
15543
8342
246
-5985
-5069
-2585
-314
-2892
-4618
-3162
-8725
-11084
-5723
1837
9657
12838
9829
5533
2185
-5488
-10729
-11806
-9211
-5318
-3953
-2704
-3824
-1713
644
1259
2734
1904
-1434
-7889
-12434
-12860
-8028
-2616
15000
19933
14871
19835
7918
5752
12107
-590
-9956
-6154
-13044
-19017
-15839
-15726
-6261
12843
17981
14601
19316
15577
8239
1816
-5824
-5093
-1546
1312
-446
-3991
-3940
-7972
-12320
-9168
-1968
7286
14009
12128
6515
3259
-2530
-8307
-10604
-10950
-6309
-2856
-1772
-4260
-3143
-86
1007
3627
1351
-223
-3646
-10173
-13065
-9533
-5242
6370
21227
14156
16273
13234
3087
8344
5145
-6640
-6162
-4228
-14467
-14868
-13015
-10669
4234
15659
12845
13749
15780
8556
3069
-2447
-4945
-1306
1889
1854
-2451
-4406
-5542
-11702
-11307
-5068
2610
11135
12915
7546
4923
668
-7308
-9978
-10823
-7774
-3222
-2366
-3666
-3864
-1436
-1215
1137
2313
669
-1274
-7559
-12336
-10609
-6515
-805
17458
17287
13542
15324
2855
4937
9295
-1459
-5746
-1276
-9347
-13954
-13328
-14294
-3308
12323
13789
11246
15337
10479
4756
173
-4526
-1865
2135
3513
107
-3513
-4911
-10717
-13438
-9474
-1117
7427
14377
11104
5726
3994
-4661
-9604
-9713
-9906
-5345
-130
-2551
-3760
-851
-2343
-261
2892
-1203
-164
-4042
-11511
-11847
-7747
-4309
5853
20551
13143
14281
11328
2150
8950
8680
-1989
-2870
-1689
-13075
-14962
-14750
-12395
2243
13314
10540
11765
13465
7235
3668
-948
-1279
2707
5233
3631
-2760
-6514
-9307
-14895
-13969
-6040
3599
12772
13456
7933
5082
-263
-7902
-10491
-9387
-5173
-537
654
-2192
-2496
-3118
-3913
-1383
-1111
-795
-1581
-6938
-11035
-10865
-5333
-2186
13417
19348
12007
16809
6746
4730
12445
5828
-3488
164
-6494
-16141
-14827
-17339
-9222
7872
12878
9821
15032
11879
6259
3571
126
1432
3986
5158
-652
-6865
-9258
-13559
-16155
-9867
-483
7327
15359
10954
5114
2668
-5567
-10647
-8109
-6348
-2588
3484
-305
-3105
-4530
-7860
-4454
-1293
-1981
-169
-1538
-6995
-10914
-8374
-6240
1520
19611
15980
15248
15088
4972
9607
12627
1175
-3039
-319
-11999
-17156
-18131
-16031
-2104
11543
11102
10667
14183
9506
5253
2299
2072
2951
5549
2613
-5934
-8777
-10547
-14871
-13950
-5780
2414
10656
12179
5897
2576
-1291
-7858
-9408
-4538
-2153
2332
3669
-2540
-5535
-8335
-8171
-4366
-1702
415
1763
-2254
-9533
-11694
-8878
-4777
4640
20455
16855
16685
15192
4838
10377
11782
218
-2726
-2479
-14244
-17333
-17024
-14001
-1238
11085
9722
10092
13566
8491
6579
5874
3687
4462
6427
898
-6070
-9508
-11967
-15290
-12086
-5079
2320
9121
8354
4355
1114
-1733
-5726
-3456
823
1182
4121
2452
-4108
-8907
-10687
-9022
-4736
-1002
-384
1119
-2563
-9214
-11998
-8205
-2667
5917
21764
16774
16348
15337
4467
8414
9664
-1136
-3615
-1912
-13927
-17107
-15718
-14252
-2743
9299
7586
9479
14937
10104
8854
7713
3988
4925
4194
-2085
-8097
-10453
-10870
-13938
-11168
-4837
840
5759
5753
2468
808
371
-1686
1789
3852
3459
4571
1127
-7199
-11260
-10608
-9159
-4789
-2038
-728
360
-4294
-10451
-10765
-4761
644
8421
22894
17974
16726
12605
444
5528
7225
-2041
-3058
-2744
-13746
-15123
-15640
-15091
-2984
8687
8639
12004
15177
10462
9889
6192
2304
2001
841
-3045
-7827
-8807
-9467
-12809
-10050
-5608
-757
3152
4857
3761
2759
3710
2338
3931
4729
3369
2237
-735
-8736
-11014
-10263
-9881
-5343
-2393
-1283
-456
-3644
-8819
-6776
-1772
2298
9225
22833
17696
13635
9586
-1806
4701
7643
-1289
-3248
-1837
-12324
-14414
-16287
-15363
-1983
9295
9681
11280
14588
10772
8362
4497
1840
1047
1533
-2079
-6843
-7360
-9176
-12056
-10894
-6708
-2582
2834
5506
3011
4364
5402
3801
4064
4004
2944
2424
-1851
-9876
-10070
-10643
-10685
-5189
-4281
-1452
160
-3547
-6529
-3953
-796
3460
7509
20562
19009
10692
9164
-1989
2642
9065
2047
-3864
23
-9627
-16130
-16613
-17760
-5138
9345
11268
9246
14720
11657
7560
4892
1292
1249
3717
399
-5270
-7427
-8567
-12456
-13389
-9049
-5399
2261
5366
3384
4384
6460
4504
3262
4567
3510
3002
-224
-7183
-9505
-10683
-11369
-8365
-6271
-2797
-1103
-1399
-3116
-2899
-1235
2388
4910
14244
20745
10401
10397
2960
377
9230
6204
-3339
-705
-6244
-18295
-16655
-18361
-9743
6674
11565
8584
14721
13861
7778
6552
3153
2965
4584
2677
-3897
-7984
-8495
-12809
-15839
-12042
-6900
430
3489
3370
3615
6993
6269
2663
6165
6657
5318
2270
-4581
-9713
-10210
-12637
-12357
-7485
-4423
-2151
-907
-3084
-3407
-2146
838
4072
9278
22330
13903
10938
7785
-873
8124
9003
-2238
-2903
-3970
-17672
-17386
-18496
-13406
3773
11887
8844
13606
15582
8690
8036
4748
4051
5401
4085
-3061
-8571
-9537
-13394
-17402
-14065
-7849
-2151
2325
3669
3522
7245
7171
4122
8282
9820
7603
3959
-2854
-9271
-10941
-14680
-15140
-9416
-6760
-2859
-1305
-1915
-1822
-2284
-1045
3235
5473
15584
22332
11593
10342
2831
966
8209
3984
-4845
-2575
-8175
-18530
-16474
-17043
-5097
8620
10893
10731
15557
12654
7509
5590
3666
4701
4223
-172
-6420
-9476
-11609
-14983
-15500
-9845
-6194
-460
3142
2771
5266
8830
8327
7755
9967
8302
4468
-488
-6819
-11615
-12646
-15455
-13241
-7514
-4671
-2365
-1636
-1155
-2291
-1313
888
5452
8611
20985
18248
8220
8847
-1461
1586
7780
371
-4811
-986
-13490
-18182
-14814
-13167
1279
11296
11331
11266
14480
7276
4464
4244
3475
4721
3057
-1367
-7955
-10130
-11334
-14013
-12750
-8342
-2902
2596
2625
3074
7223
9279
6143
7123
8529
5066
2194
-3679
-9481
-10586
-12827
-14688
-8647
-4992
-4682
-1830
-2033
-2138
-1249
14
3414
8139
11948
20695
14225
7058
5352
-2541
3254
8896
673
-2892
-3082
-17306
-15897
-13294
-9284
6267
13210
9224
9291
9968
2787
3693
3641
4958
6542
3963
-3659
-8890
-8747
-12260
-14597
-11015
-4667
-943
1095
2205
3566
6356
5503
2852
7265
8083
4253
1465
-4105
-7287
-9326
-12674
-10946
-6566
-6467
-4355
-3259
-2552
-1582
-621
1557
4796
7753
8842
20568
12368
6551
5709
-1706
7783
11109
59
-3210
-3739
-18062
-14513
-12502
-6651
7839
9156
4542
6273
6678
1684
3762
5678
8980
7319
2657
-5130
-8057
-9290
-11983
-11738
-8542
-3592
-2812
168
-87
-252
3870
2893
3591
8935
7267
3746
1897
-2754
-6229
-7756
-10046
-9018
-6018
-6636
-5157
-4131
-3060
-2199
-65
1988
4686
4136
11413
21121
8198
10117
6013
2826
13603
10104
-3610
-1154
-8744
-20442
-10637
-12404
-2341
7773
5068
365
6214
3666
787
7047
8591
9852
6950
649
-7251
-7729
-8445
-8763
-10300
-5904
-3875
-3655
-1570
-3975
-334
3008
3082
4519
7696
5088
3053
1107
-2683
-3726
-6060
-8264
-7735
-5924
-6399
-4808
-4147
-2702
-2134
-734
-462
1344
3079
14012
18368
10194
13834
5207
5540
12918
5809
-4600
-471
-11638
-14592
-7019
-10609
225
4483
-277
-1534
4108
129
2713
7995
8872
8617
4477
-2617
-6105
-3684
-4145
-5721
-5448
-2881
-4238
-3646
-4804
-4627
-1718
1161
-835
1773
4287
985
2250
1390
1541
-532
-2580
-4577
-4295
-3528
-4612
-4824
-4496
-4244
-4217
-4378
-2891
-1621
11749
19679
11038
14557
6647
5508
13282
7723
-1264
3738
-5156
-11484
-4184
-10837
-3447
1090
-5206
-5787
1444
-2218
-442
5782
7041
8504
3712
-1546
-2596
1345
1347
-1468
-1859
-1039
-3375
-4723
-6955
-7495
-5030
-4106
-5497
-2465
-74
-632
2480
3609
5844
4450
1790
-91
-868
-2582
-3869
-5303
-6062
-6109
-6913
-6888
-4580
-3646
8480
19297
10643
13548
6399
5797
14119
10049
3512
6423
-366
-7457
-2871
-10370
-6279
-1739
-6335
-8474
-1022
-3390
-1736
3733
3982
6125
2865
-479
367
5243
5660
3174
-33
-161
-3772
-5414
-7323
-9093
-6094
-6826
-8202
-5486
-3536
-1572
2561
4571
7508
7691
4101
614
1036
-1839
-4179
-5180
-7474
-7341
-8408
-7302
-5297
-2902
10513
14472
10451
13025
5686
8229
15008
9099
3809
6977
-2599
-4987
-2258
-9356
-5314
-3440
-7869
-7045
-1118
-4197
-680
3069
1683
3455
1950
-517
1858
6672
5750
3371
-260
-1151
-3155
-4413
-5141
-6164
-5467
-6061
-8276
-6605
-3362
-2159
2820
4484
6246
6363
3015
196
28
-307
-3131
-4558
-5453
-7627
-7092
-6944
-4774
-1458
10832
15342
10333
12894
4234
5626
12869
10100
2535
5729
-766
-5953
-1293
-8505
-4820
-1724
-6527
-6330
-982
-4095
-1999
1838
380
1530
1731
-355
433
5060
4886
2269
-785
-2071
-2747
-2535
-2868
-3165
-4214
-4679
-6939
-6872
-3693
-3400
877
3546
3862
3217
1847
474
658
677
-1406
-3421
-3704
-5656
-6855
-6290
-4414
1230
5593
15109
11877
9214
7244
477
6717
11697
6107
3418
5094
-4196
-2693
-2831
-7549
-1061
-2810
-6591
-3666
-1492
-4701
-2153
283
-743
1732
1173
-1181
2522
6181
3151
51
-1317
-1225
-282
299
-2115
-3525
-3841
-7064
-8168
-6530
-4366
-925
3368
2699
1953
2085
399
957
1239
999
-577
-3382
-3649
-6449
-7291
-4589
-171
3209
6889
12564
6277
5208
2678
-439
10222
15083
7828
6289
3566
-5932
-2479
-4673
-5726
683
-2486
-6856
-3818
-3777
-8412
-2302
-391
-423
2763
1169
-41
4140
5598
1924
177
-544
161
1603
-143
-3528
-5490
-5797
-8555
-9000
-3451
-339
2659
3522
2492
1876
1495
-147
93
3140
902
-2380
-4971
-5488
-6639
-5671
-2398
418
1767
3172
9387
5530
4872
3749
2547
13544
18561
8634
4550
2115
-7352
-4546
-3999
-4123
2149
-843
-8827
-7059
-5944
-8684
-2412
359
1678
5675
2840
-1182
2526
5199
3279
1137
-560
417
394
-2238
-5367
-6155
-5688
-7063
-4887
1534
3112
3888
4215
1473
1042
-178
-2228
980
2365
-1485
-4476
-6882
-6167
-5604
-4871
-1906
113
1333
-327
7206
7835
5897
8019
5693
11536
16107
8982
870
1384
-6529
-5171
640
-2771
311
-2176
-10747
-11906
-5892
-7393
-2605
4600
3729
5442
2184
-3188
-558
3815
2892
436
246
-1132
-3560
-3005
-4568
-5309
-2236
-2124
-666
4034
5169
3488
3729
428
-1695
-1176
-2357
-1813
-1334
-2917
-5394
-5714
-6237
-3738
-1226
-1200
-756
410
2029
2506
10715
9755
6408
7437
2991
7293
13423
7187
815
2114
-4821
-4027
477
-4736
-3895
-5018
-11217
-7628
-545
-651
4186
4393
26
-1362
-2756
-4278
-1718
3312
3730
2569
-4283
-7515
-4121
-993
1371
2708
3097
3785
3781
1769
2062
952
-1125
-3221
-3025
-3431
-5136
-3480
-3848
-4200
-4485
-4298
-1367
1881
1546
386
1897
61
236
1374
8116
9615
5412
3912
905
5849
13041
9558
2602
749
-4221
-5381
-2496
-3694
-1360
385
-4644
-4922
1259
-1607
-3168
-614
-3604
-2216
-3248
-5534
-2431
2526
2624
-3192
-3623
-3449
1176
5768
7471
6730
4841
1685
-2901
-498
539
-607
-1595
-2308
-4774
-5676
-5386
-5901
-2477
-593
8
168
1751
1152
1553
897
-3818
-4271
-1599
-172
4345
10529
6666
4549
3025
1086
8780
12700
5732
2396
-1019
-7537
-1788
2412
478
2478
-1418
-7263
-6894
-4429
-5470
-2550
-661
-5297
-4340
-5448
-7043
-2339
3444
3726
2375
878
403
5354
6779
4861
2145
1937
-817
-1917
280
-70
231
-2719
-6720
-5641
-4306
-3749
480
2321
1476
-619
-3671
-3560
-2575
-1809
-2731
-1689
-582
760
2998
8324
9419
4132
3178
1089
3227
11468
11715
2830
536
-1730
-4426
1848
1900
1611
1437
-5574
-9842
-4830
-2581
-5198
-2643
-4931
-7322
-6654
-6480
-3208
3105
6250
2154
-459
-805
1766
6626
8614
7017
4136
2221
-1149
-1527
866
-147
-410
-2003
-5696
-3954
-2652
-2300
-830
-1080
-4152
-6381
-5712
-2229
2130
3636
1002
-699
16
995
1100
5660
9098
3309
548
-173
627
10336
14137
6814
3308
418
-3844
2233
4879
49
1100
-5374
-11492
-7192
-4294
-6428
-5862
-4905
-8054
-5810
-6097
-4672
2239
6649
3551
678
3197
3800
9314
10215
6691
3330
-249
-1855
-1798
2531
1236
-1215
-2394
-6238
-7218
-5584
-4433
-3997
-1254
-2870
-4615
-1664
763
3149
4497
-302
-3647
-4021
-2817
-1414
2614
8412
3851
937
1089
3331
11000
17752
10952
3222
502
-5226
-2349
3909
1894
-1381
-4584
-11657
-11510
-4918
-5399
-4874
-3154
-6880
-7999
-5355
-3210
2141
9367
6883
1852
1551
2019
6372
9435
7872
3955
1474
-86
-711
2132
1885
-1388
-4501
-6454
-8452
-7285
-3592
-1725
1713
96
-4653
-4382
-2699
266
2839
274
-5119
-4858
-2973
30
2859
6239
9734
5967
1693
1561
4530
12044
15226
5650
-367
-2326
-5601
261
6036
2324
-2092
-6588
-12396
-7348
-1450
-5945
-5558
-5460
-9716
-7366
-3634
-985
5780
9162
4021
627
2486
5337
10763
12984
8260
3363
-832
-3605
-1661
749
-755
-4664
-5987
-6329
-4735
-2234
-1572
77
-1366
-4669
-6008
-4461
-658
3407
3466
-38
-4804
-7235
-3789
2378
3128
4444
6880
2463
468
584
3794
12565
17220
7794
-3
-1955
-2612
4081
8651
3115
-3133
-9993
-15438
-11883
-4927
-6500
-6841
-5979
-8578
-5058
-400
3072
7771
11362
6988
1917
2903
4619
9335
10302
3251
-2516
-5321
-5450
-1534
2730
3580
-649
-4494
-5130
-4697
-2406
-201
-385
-319
-1432
-4884
-4076
-2280
-1785
-1097
-3298
-6601
-6602
-2250
557
3243
2831
4824
5527
2768
2570
5796
10588
17902
15279
4184
-443
-2967
-2946
2778
-758
-9871
-11911
-13744
-10825
-2801
-1081
-4700
-2331
-2185
-2950
2633
2678
4148
7899
5634
-549
-2250
50
3203
6977
4143
-1314
-2023
-737
1973
5488
3967
-1359
-2912
-2029
-620
2012
1190
-1940
-3982
-6833
-8969
-7618
-4800
-2129
483
-717
-4667
-6828
-4671
-882
3050
3754
4032
9298
9377
8749
7825
7523
9278
13076
6673
-3006
-6568
-7572
-2080
3148
461
-5851
-8255
-9024
-4873
1944
122
-1708
-1919
-3401
-3410
-1461
67
1626
4362
900
-2419
-2455
-1246
4171
7670
5267
715
-700
586
5166
7296
5458
2203
-1078
-2428
-2490
-2980
-4260
-5117
-5277
-6183
-8379
-7079
-6163
-4950
-3329
-4332
-3493
-1769
1694
4846
7148
6815
3713
8452
7999
4413
2029
1174
2557
9960
9159
-1060
-3582
-4755
-1544
4746
4648
-2238
-4159
-4245
-5363
1056
1347
-3736
-3471
-3897
-5709
-3707
-3017
-4433
-895
1930
-2992
-4397
112
4525
10674
10011
4236
2071
3355
5195
7067
6618
283
-4045
-4483
-3962
-4366
-6074
-7942
-10336
-9325
-8410
-6543
-3282
-201
2817
3433
2195
-166
1201
2755
2395
2119
274
1085
5807
5236
850
-965
-236
5204
12928
8765
2701
-134
-918
2975
7449
5172
-311
-3019
-5846
-3870
-1108
-4726
-8426
-8656
-8200
-8145
-6834
-4315
-124
4589
4317
628
2102
5163
8321
11907
8957
2820
-13
835
2950
3992
-1111
-7219
-7927
-7851
-5517
-2685
-2740
-3519
-2372
-1695
-2273
-882
-898
291
625
-756
-1877
-1700
-383
-886
-1301
-3496
-3934
-1039
6522
8513
4134
1463
1539
7104
15692
14397
5660
2211
-380
-298
4816
1654
-5448
-8231
-11126
-10248
-4537
-4380
-5432
-2615
-3012
-4438
-2013
-232
2667
7137
6529
1478
-2027
491
5060
6086
2536
-4032
-5085
-2276
-172
3641
4186
731
-1747
-810
-174
1201
900
-1591
-942
-2180
-3134
-3010
-2305
-1628
-1088
-3690
-6077
-4867
-2363
601
1134
-1441
-1513
-765
6311
11993
9080
6503
4529
4383
8858
10140
1126
-3930
-5659
-4444
1306
3577
-815
-3403
-4685
-5761
-336
2955
-7
-1305
-171
-2409
-4293
-3159
-2338
-55
-460
-5510
-8667
-5171
-1807
2708
6296
3221
-426
63
2225
5146
7820
4727
1401
479
352
1713
1037
-1137
-3490
-3822
-4989
-5989
-3584
-1884
-2293
-3491
-4187
-3617
195
3668
3512
4201
1421
-341
-1794
2876
3070
-592
-2168
-3689
1863
8392
8984
3088
-51
-1302
2796
8593
9801
5650
1425
-1138
-3735
-609
770
-2401
-4582
-8087
-11503
-10281
-8111
-6459
-1200
-108
-3401
-4329
-1846
3174
7751
6379
2273
1651
3140
5398
7274
5190
1139
-1912
-2458
-463
2153
2303
-27
-3715
-4325
-2883
-1240
2834
3779
3059
415
-4210
-5698
-3855
-2796
-5073
-6210
-8659
-7032
-4307
42
4147
2556
679
1056
6093
13133
17774
11866
5608
2799
2375
6178
8723
4836
-1205
-5476
-8854
-7129
-4768
-6125
-6688
-6847
-6676
-6774
-4861
-3054
-1172
1097
-130
-3009
-1813
1365
3341
2670
-494
-1816
942
3350
5695
7040
4124
727
1364
4690
8127
9017
5852
2221
-618
-2230
-3280
-3839
-4431
-6003
-7303
-9302
-10505
-7685
-6397
-5651
-5397
-5105
-2970
641
2837
7117
8759
4461
1876
4669
9859
16185
15268
5425
-216
-1816
266
3947
5819
1902
-3200
-4526
-4843
-1033
-70
-3365
-5062
-6296
-6784
-6597
-5937
-4856
-4780
-4661
-6098
-6788
-3296
1978
4689
3212
1158
1146
5180
10626
13548
11810
7260
2775
2389
4754
5525
3860
164
-3202
-5911
-6439
-6213
-5630
-5592
-6354
-7281
-8730
-7451
-3952
-2907
-3347
-5624
-5988
-2211
3089
4305
6490
5455
303
-1008
1864
7125
14171
15241
5923
770
411
2538
7836
10339
4118
-1434
-4454
-5950
-1588
210
-4574
-7914
-9840
-11342
-9678
-6072
-4985
-4324
-4338
-5987
-5236
-108
4992
7350
6686
2993
1398
4155
9300
12924
11872
7186
757
444
2938
4446
4034
82
-3920
-6876
-6627
-5852
-4360
-3585
-5454
-6339
-6403
-5508
-3399
-2367
-4164
-7244
-7660
-6737
-2587
2148
3278
5542
2440
464
3577
9644
13652
17862
13515
4718
1587
2218
6862
11006
7348
-2061
-6100
-7576
-6716
-2746
-3916
-7416
-8915
-9696
-9486
-5317
-3748
-3294
-2192
-3527
-2640
677
4521
7121
5842
1883
-891
947
4997
9561
10905
5921
550
-1756
650
5064
7825
5654
529
-3686
-6022
-4809
-4195
-4447
-6352
-9309
-11102
-11598
-7944
-4776
-4099
-4377
-5765
-4593
-1454
3888
6357
7817
8326
4538
3832
4984
8687
12170
13426
6899
-249
-1588
708
5381
8808
4048
-3019
-5983
-5341
-713
1801
-1835
-5689
-7049
-7048
-5456
-4482
-4993
-4738
-5195
-5829
-5182
-2775
851
4658
4156
2020
931
2733
7161
11209
10794
5911
1219
-1020
1452
4412
3330
-1111
-5426
-6558
-5763
-4334
-3935
-4226
-4126
-5077
-5274
-4295
-2544
-1199
-1629
-2254
-3901
-3744
-3138
-1123
583
557
2725
1568
1625
3401
7369
10474
13112
10633
5387
3492
4081
7431
10266
7859
1152
-3456
-5050
-3650
-1269
-2947
-6516
-8821
-9592
-7896
-5570
-3855
-2362
-1924
-3015
-3564
-2640
-1024
1668
1885
484
-1179
-1584
1373
5278
6852
4784
1459
-201
1317
5315
6630
4908
1183
-862
-329
-39
922
211
-1754
-4662
-7398
-8142
-7467
-6269
-5711
-5825
-6017
-6214
-3974
-492
3570
3593
3676
4487
4989
7199
8399
9875
11602
12238
6850
2624
1580
3276
5649
5090
1799
-1813
-2368
-1793
545
1382
-3096
-6597
-7508
-6675
-5725
-5252
-7078
-8411
-8229
-8076
-7273
-5750
-4278
-2002
-946
-1405
-783
2118
5156
7672
9506
8243
6838
7188
7974
8318
5300
184
-3846
-4378
-3383
-2865
-2760
-4150
-5644
-6242
-5988
-4916
-2958
-1849
-1950
-1946
-2499
-2136
-442
169
883
-1257
-538
1694
2945
3434
3688
6161
9533
12352
8390
5507
4455
6362
9127
9613
5362
-88
-2477
-3313
-1459
-2828
-6871
-10198
-11277
-9595
-8987
-9349
-9909
-7773
-5594
-4317
-3670
-2106
1551
5078
5417
3300
938
-529
1871
5576
6814
6065
3247
2807
4256
6121
5060
3575
2630
2884
2852
1916
883
-791
-1712
-3973
-5610
-7193
-7333
-6231
-4771
-4668
-5875
-6159
-5623
-3830
-340
863
2352
4624
4415
4777
5785
6975
9031
11759
8652
4109
1411
1496
3369
5966
3860
-2423
-5447
-6020
-2964
506
-411
-4390
-6042
-6102
-7160
-5973
-6022
-6916
-6689
-7131
-7831
-5999
-2872
-128
2342
2284
568
1718
4885
9408
11663
10806
8043
5257
5201
6507
6726
5158
2537
764
-502
-1693
-1720
-1628
-2919
-5585
-7046
-7210
-5837
-4732
-3884
-4314
-5751
-6622
-6012
-3732
-1389
-470
-1641
23
1651
1582
1748
3182
5667
10204
9607
5223
3892
4439
7556
10258
7920
2096
-2294
-4163
-2739
-65
-1482
-5988
-8380
-8903
-7859
-6820
-6873
-5470
-3551
-3332
-3777
-3158
-1354
878
3034
3666
2829
2042
3179
6995
10588
9596
5934
3152
2807
4641
6461
5654
3735
2159
363
-479
-1351
-1367
-1876
-3257
-5671
-7731
-9085
-9434
-8076
-6660
-7171
-8966
-9626
-7570
-3668
-1333
-516
-701
2225
5019
5794
5173
5153
6872
10161
11276
6565
3565
1556
3358
6389
6031
1810
-1576
-2403
-1563
1700
1594
-2399
-5006
-5441
-4251
-2847
-3264
-3965
-1977
-1945
-4003
-5439
-5440
-2767
279
1998
2004
1025
1563
4581
8049
8868
7603
4684
4564
5482
5730
4281
1521
-1211
-2873
-3428
-4915
-4306
-3901
-4185
-5155
-6970
-7985
-7315
-5304
-3510
-3599
-4731
-5654
-5393
-3676
-2306
-1345
-1157
1470
2594
2767
2405
3416
6677
10482
11133
7602
5017
3735
6515
10853
11075
6129
1848
575
1338
3024
107
-4125
-5587
-6403
-6860
-5865
-5414
-5504
-3928
-4564
-6439
-6357
-5167
-1324
2623
2970
-6
-3055
-3091
364
5342
6605
4799
2395
1855
3195
4605
4937
4195
2588
629
-911
-1686
-1366
-1609
-2571
-4074
-6791
-8512
-8669
-6899
-4357
-3812
-5845
-7413
-7142
-5088
-2231
-133
135
2636
4898
5722
6159
6768
8426
12290
12822
8236
5694
4945
6843
9816
10090
5963
1130
-1464
-1470
1412
1044
-2845
-5120
-6189
-7493
-7910
-7635
-8067
-6949
-7118
-7896
-7321
-6548
-4144
-834
502
-1421
-3198
-1618
2233
6934
8391
6547
3444
3208
4791
6778
6879
4519
2625
1605
-521
-2274
-2782
-2858
-2758
-3650
-5775
-7605
-7774
-5626
-2665
-1579
-2713
-4950
-4639
-3576
-1119
-698
-86
119
3234
5502
5684
4979
4207
6421
10130
12320
9342
6506
4515
5838
8074
7346
3037
-988
-2627
-1909
125
-1326
-5179
-7063
-8384
-9474
-9284
-8229
-7686
-5812
-5339
-5753
-5584
-5146
-2991
811
2873
1430
-162
346
1840
5268
6464
5364
3563
3600
4077
5145
5405
4252
4550
3881
2878
1600
124
-1216
-1205
-1540
-3398
-6072
-7468
-6543
-4942
-4481
-5045
-6157
-5472
-3730
-1707
-879
-204
-426
2513
5002
4589
4390
4313
6246
9969
11294
7442
4022
1450
2078
5087
6154
3655
177
-2071
-2357
-819
-1128
-3329
-4013
-4154
-5250
-6849
-8160
-8959
-7000
-5611
-5673
-6342
-6600
-5311
-2345
628
1736
1708
2379
4281
7289
8858
8529
7285
6542
5866
5155
4541
3231
2620
2263
1165
-537
-2124
-2748
-3176
-2794
-3876
-5341
-6566
-7200
-6054
-4297
-3996
-5190
-5940
-5446
-4693
-3775
-3213
-1804
300
3179
4233
3962
3212
4394
7323
10837
11813
8228
5074
2832
3790
5784
5886
2560
-807
-2438
-3518
-2180
-2165
-4389
-5411
-5851
-6255
-5683
-4539
-4489
-2729
-1672
-2708
-3526
-3618
-2469
599
3484
2899
1322
892
2279
5516
7159
6567
4325
3731
3567
4504
4942
3441
2858
1648
271
-1578
-2899
-3760
-4286
-3959
-4646
-6053
-7064
-7534
-6083
-4000
-3784
-4108
-3834
-3222
-2077
-959
-332
130
1352
4063
4528
3900
2823
3142
5631
9178
8390
5521
3239
2331
4678
6744
6726
3740
1405
-426
-586
394
-1100
-2338
-2781
-3866
-5541
-6781
-6955
-5041
-2887
-3081
-4804
-6258
-6361
-3814
-250
1454
1476
278
-122
1298
3690
5148
5118
4346
4325
3749
3141
2161
1768
2662
2661
1195
-590
-1934
-2202
-1393
-1614
-3041
-4568
-5612
-5807
-5434
-5302
-5320
-5489
-5149
-4316
-3405
-2766
-2492
-816
652
3233
4994
4575
4101
4946
7313
10171
11275
8549
6109
4214
5010
6887
7175
5236
2318
-63
-1684
-2121
-2755
-3321
-4218
-4826
-6025
-7964
-9352
-9418
-7540
-5634
-4970
-5604
-6006
-5042
-3435
-1171
691
2176
3029
3716
5072
6106
6769
6419
6167
6048
5588
4403
3031
2496
2026
1162
-292
-2204
-3630
-3690
-3592
-4191
-5324
-6782
-6948
-6131
-5094
-4073
-3357
-3399
-3491
-3255
-2153
-1067
919
4796
6810
6718
4376
3591
5978
10067
11810
10279
7215
4557
4773
5643
5718
3690
1453
-630
-2550
-3437
-5246
-6550
-7184
-7209
-7356
-8829
-9788
-9104
-6426
-3918
-3244
-4357
-5033
-3730
-1288
1104
2396
2978
3524
3935
4587
5318
6379
7107
7814
7425
5794
3705
2544
3614
4664
4217
1653
-1817
-4479
-5394
-5016
-4818
-4849
-5789
-6753
-7714
-8029
-7836
-6512
-4448
-2808
-1917
-1766
-1105
879
3572
5922
6667
5891
5610
5693
7390
9278
9665
7610
5220
3262
3205
4219
4500
3700
1753
-946
-3582
-4692
-5600
-6065
-6063
-6914
-7856
-8963
-9717
-9112
-6790
-5109
-4254
-3940
-3729
-2501
-148
2219
4494
6226
6802
7453
8252
8459
7952
7699
7485
7250
6153
4075
2030
163
-1235
-2549
-3511
-4198
-4645
-5491
-6511
-7521
-7988
-8160
-8285
-7730
-6733
-5753
-5306
-4381
-3423
-2249
-1177
1138
5270
7542
8404
7252
7390
8526
10814
11752
10479
8283
5833
4937
3998
3881
2499
551
-1119
-3082
-4858
-7123
-8950
-9130
-7583
-6680
-7407
-8172
-8017
-6287
-4090
-2660
-1934
-993
-370
439
2212
3803
4498
5075
5618
6526
6787
6236
6570
7498
7424
5900
3422
1449
206
-586
-1590
-3266
-5202
-7201
-8528
-8914
-9258
-9199
-8413
-7423
-6310
-5217
-4595
-3832
-2559
-920
665
1995
2861
4239
6036
7894
8617
8529
7553
7203
7641
8602
7828
6105
4640
3662
3913
3284
2359
1217
177
-828
-1935
-3596
-5841
-6960
-6796
-6186
-6004
-7068
-8418
-8064
-6125
-4060
-2097
-772
-186
471
1674
2707
3977
4617
5076
5529
5469
4763
3625
3071
2738
2767
2668
1767
-9
-1436
-2059
-3262
-4297
-5535
-6204
-6189
-6290
-6274
-6022
-5989
-5755
-4692
-3495
-3008
-2727
-2465
-1637
-11
1679
3481
5964
7097
7949
8287
8268
8749
9948
9609
8474
7105
5835
4846
3240
1236
17
-571
-1133
-1772
-3146
-5000
-6606
-7399
-7031
-6486
-6257
-6948
-7174
-6988
-6257
-5413
-4772
-3364
-1187
562
1969
3318
3850
4206
5006
5697
5951
5918
5162
5121
4383
3544
2423
1889
1085
243
-625
-2153
-3881
-5268
-6143
-6573
-6040
-5557
-5353
-4885
-4463
-3780
-3357
-2706
-1212
405
1777
2076
2506
2896
3840
4762
6362
7755
7865
7458
6079
5912
6008
5708
4996
3850
2591
1234
79
-1224
-2469
-3770
-4907
-4716
-4038
-4143
-5059
-5760
-6204
-6146
-5604
-4738
-4089
-3843
-3994
-2977
-1311
12
1160
2657
3543
3928
4226
4406
4575
4659
4445
3883
3226
2282
1725
1653
981
-375
-1905
-2845
-3262
-3012
-3098
-3811
-4099
-4134
-3850
-3274
-2741
-2122
-2105
-1509
-1318
-629
-291
435
2519
3875
3927
3325
3284
3764
5129
5356
4768
4351
4123
3867
4160
3168
1528
95
-469
-1023
-1344
-2767
-4601
-5379
-5051
-4557
-4445
-4516
-4798
-4149
-3245
-2784
-2241
-1910
-1299
-268
985
1506
1774
2110
2920
3851
4155
3724
3444
3624
4114
4516
3891
2891
1857
1367
1193
1046
242
-1269
-2361
-3209
-3470
-3813
-4170
-4212
-4334
-4093
-4120
-4349
-4488
-4037
-2593
-1521
-847
-304
476
1459
1642
1567
1771
2265
2722
3347
3717
3521
3352
2895
3051
3241
2879
2278
1828
1628
1151
363
-723
-1167
-1044
-1010
-1493
-2252
-2994
-3434
-3243
-3019
-2821
-2875
-2853
-2024
-1266
-767
-247
368
1451
2568
2712
2124
1875
2068
2941
3263
2746
1766
726
-73
-302
-303
-759
-150
-58
786
639
465
122
726
1021
88
-395
-844
-659
-339
-359
-1053
-1498
-1382
-962
-46
-11
-395
-231
-448
-280
-100
-37
-38
317
498
489
59
-808
-965
-597
-779
-1234
-1992
-1985
-1637
-1300
-1295
-771
-187
293
539
968
1062
954
839
867
981
1031
968
725
595
305
-213
-283
-67
424
1033
1079
545
-30
-232
-206
-207
-615
-952
-954
-1103
-1331
-1768
-2451
-3000
-2947
-2419
-1994
-1805
-1768
-1388
-565
143
497
628
1152
1867
2669
2955
2900
2737
2594
2590
2252
2037
1573
1379
1417
2094
2355
2150
2066
1968
2075
1706
1027
11
-160
-274
-654
-1036
-2245
-2968
-3329
-3159
-2613
-2295
-2144
-1632
-822
-594
-786
-1015
-640
-83
277
664
851
948
773
243
-144
-381
-542
-184
647
788
1070
606
537
629
1013
1098
1016
1286
633
560
627
738
265
-171
-858
-1431
-1427
-1236
-584
274
172
3
-13
-79
-210
-111
286
268
56
-108
-400
-515
-852
-1022
-1001
-852
-1095
-1141
-653
93
484
532
155
-454
-588
-388
184
387
163
-418
-1109
-1355
-1159
-1028
-1022
-1157
-932
-595
-602
-489
-223
268
142
-224
-142
344
972
1177
645
-213
-795
-968
-353
138
-54
-689
-1239
-1032
-80
627
1049
1291
1282
923
1032
1305
1709
2159
2083
1745
1753
1255
1037
1550
1795
2081
2169
1865
1352
1614
1683
1430
1246
741
479
263
86
-290
-609
-1093
-1622
-1873
-2105
-2266
-2319
-1969
-1791
-1901
-2128
-2106
-1872
-1346
-478
-226
-26
-196
-276
-320
-388
-163
254
1314
1528
1573
1391
1361
1389
1847
2215
2039
1681
1381
1354
1256
591
-445
-750
-569
-846
-1243
-1919
-2370
-2581
-2914
-3042
-2877
-2846
-3141
-2852
-2414
-1937
-1561
-1124
-278
441
309
144
407
874
1385
1709
1717
1543
1010
808
1016
1499
1737
1659
1707
1790
1867
1570
1378
877
352
36
-776
-1345
-1873
-1817
-1474
-1458
-1817
-2687
-2717
-2419
-1603
-848
-556
-230
-141
98
428
997
1405
1444
1829
1956
1733
1355
1055
1142
1041
887
336
40
-49
179
758
913
937
460
274
345
566
628
47
-103
-270
-485
-929
-1172
-910
-626
-410
-150
275
500
1039
1554
1756
1611
1265
1512
1512
1345
778
24
-278
-483
-372
-746
-1163
-1633
-1730
-1819
-1990
-2020
-1995
-1822
-1786
-1384
-1091
-876
-685
-397
-376
-202
73
422
947
1124
1185
1167
1676
2320
2672
2946
3011
2887
2774
2544
2146
2019
1469
388
-108
-906
-1719
-2219
-2709
-3173
-3564
-3738
-3456
-2942
-2550
-2444
-2254
-1918
-1520
-986
-526
-395
-280
-113
202
745
1468
1698
1915
1902
1715
1756
1667
1728
1678
1561
1347
1363
1215
845
538
-64
-714
-1360
-1906
-2218
-2314
-2364
-2627
-2336
-1994
-1735
-1507
-1290
-776
-198
468
823
1527
1957
1974
1670
1465
1208
1150
1541
1455
1160
717
383
359
571
545
506
278
56
-67
-228
-320
-266
-9
11
-383
-765
-661
-289
94
194
-115
-758
-1045
-1022
-364
260
256
324
365
276
416
449
407
295
-107
-334
-541
-798
-1213
-1439
-1446
-1435
-1545
-1725
-1627
-1489
-974
-848
-807
-714
-485
85
511
913
1058
1384
1603
1941
2335
2767
2843
2590
2405
2503
2729
2724
2713
2419
2067
1826
1149
815
427
-62
-263
-684
-1167
-1987
-2504
-2895
-2878
-2843
-2858
-2616
-2649
-2402
-2190
-1930
-1581
-1185
-713
-163
127
171
394
782
1007
881
1081
1242
1205
1214
1347
1251
920
364
27
362
479
5
-538
-784
-888
-1074
-1294
-1446
-1471
-1390
-1504
-1892
-1951
-1716
-1009
-339
-98
-85
11
498
1038
1694
1974
1901
2187
2432
2521
2502
2005
1429
1055
916
719
643
457
359
229
-250
-545
-576
-744
-524
-127
-147
-497
-951
-963
-657
-491
-880
-1117
-1097
-965
-758
-639
-506
-507
-149
188
299
447
324
643
1073
959
510
-238
-617
-278
-61
-665
-1337
-1753
-1999
-1469
-1311
-1499
-1731
-1734
-1298
-513
192
598
959
1090
1434
1757
1845
1847
2011
2425
2621
2381
1887
1808
1742
1715
1435
800
510
410
448
176
-166
-1192
-2141
-2459
-2424
-2039
-2032
-2441
-2969
-2794
-2536
-2304
-1871
-1520
-1071
-558
-142
27
437
907
1404
2104
2256
1912
1930
1787
1700
1700
1188
886
681
456
103
-275
-440
-677
-578
-575
-795
-1030
-1338
-1207
-901
-775
-906
-1048
-871
-433
-161
-171
-130
-69
247
742
931
1087
1563
2018
2401
2272
1781
1382
1265
1577
1783
1620
610
-154
-188
202
434
174
-362
-713
-695
-669
-649
-444
-382
-632
-735
-981
-1134
-960
-640
-192
-169
-485
-805
-610
122
767
821
270
-522
-655
-55
442
538
110
-288
-661
-825
-829
-910
-952
-1137
-1337
-1618
-1785
-1854
-1251
-488
27
120
-187
-69
283
928
1238
1180
875
812
1002
1156
1156
1069
1146
1440
1436
1142
895
480
533
241
-150
-716
-1406
-1427
-1274
-1154
-1404
-1803
-2220
-1965
-1546
-1443
-1268
-1198
-916
-518
-126
-186
-128
228
539
977
782
281
323
651
945
1003
770
507
417
321
411
615
470
351
293
7
-472
-732
-730
-369
63
-220
-726
-812
-509
-20
161
213
211
324
389
774
1516
1899
2172
2115
2106
2282
2313
2270
2343
2379
1943
1671
1535
1574
1660
1285
709
230
-285
-533
-604
-961
-1441
-2042
-2424
-2482
-2340
-2213
-2171
-2141
-2154
-2020
-1947
-1826
-1502
-1182
-578
-191
-118
-9
217
488
786
731
439
387
305
373
329
127
-259
-368
-634
-912
-979
-1082
-913
-806
-484
-276
-134
-498
-767
-714
-670
-587
-732
-595
-202
376
786
1014
1268
1419
1525
1612
1768
1772
1578
1360
1329
1521
1605
1554
1339
980
574
238
-109
-567
-1042
-1553
-1965
-2087
-1879
-1593
-1250
-1175
-1312
-1311
-1333
-1280
-879
-532
-192
-25
54
29
126
508
725
743
429
171
345
726
1041
1088
915
478
159
130
148
158
-133
-562
-641
-336
44
397
560
602
443
525
742
966
1332
1522
1487
1455
1417
1600
2031
2184
2017
1519
813
14
-267
-285
-381
-476
-833
-1021
-914
-817
-949
-871
-817
-1131
-1392
-1402
-1285
-1089
-1252
-1625
-1831
-1935
-1924
-1603
-1304
-1191
-1005
-862
-447
3
433
628
635
592
364
152
-68
-78
42
172
-2
-131
-281
-324
-189
-153
30
20
77
67
136
164
289
421
512
688
547
309
212
100
-141
-152
-197
-191
67
287
619
855
788
872
1255
1424
1430
1481
1552
1491
1258
854
591
375
177
-171
-258
-336
-409
-303
-522
-676
-957
-1102
-1384
-1322
-1441
-1652
-1781
-1899
-1546
-1133
-971
-1053
-864
-791
-587
-329
-207
68
584
964
1171
1307
1179
1391
2056
2562
2571
2193
1651
1202
1033
790
545
394
186
88
59
-116
-477
-635
-593
-646
-628
-930
-1228
-1307
-1287
-1242
-1236
-1186
-985
-696
-272
37
151
444
563
764
1049
1009
705
342
58
-128
61
16
-115
-39
-257
-467
-908
-1174
-1213
-972
-775
-812
-618
-481
-208
36
162
118
206
475
677
939
906
758
766
727
924
1190
1209
880
818
682
412
360
181
66
2
-158
-495
-610
-800
-880
-827
-825
-872
-962
-1010
-814
-224
269
346
379
547
727
645
489
357
257
279
399
487
538
417
169
5
-104
-369
-678
-932
-1164
-1154
-1216
-1274
-1171
-1119
-1033
-756
-514
-482
-457
-492
-450
-378
-469
-551
-169
404
635
974
1073
1291
1578
1826
1797
1857
1958
1817
1707
1349
921
644
378
163
117
-159
-338
-525
-504
-530
-741
-1085
-1416
-1438
-1344
-1170
-1097
-917
-664
-553
-484
-338
-445
-663
-690
-626
-491
-676
-777
-610
-107
216
340
390
591
669
790
806
604
472
422
467
497
454
245
309
359
329
318
388
647
1113
1531
1741
1925
1839
1682
1573
1465
1279
1013
680
280
279
189
14
-153
-408
-838
-1150
-1488
-1662
-1513
-1484
-1556
-1531
-1444
-1364
-1227
-1146
-1021
-1037
-1059
-1030
-949
-890
-857
-737
-534
-335
-235
-110
-6
28
-54
-295
-425
-378
-249
-191
-380
-453
-455
-237
100
276
130
115
49
158
372
443
291
266
359
661
1003
1189
1377
1314
1354
1497
1786
1918
1918
1469
1120
559
108
17
217
298
269
223
-59
-224
-348
-404
-378
-405
-670
-996
-1147
-1160
-1016
-1029
-1048
-1010
-959
-851
-794
-839
-1047
-1300
-1422
-1362
-1286
-1263
-1091
-916
-845
-897
-944
-717
-331
-2
115
362
478
702
813
1018
1159
1228
1462
2014
2685
3323
3685
3934
3863
3674
3395
2973
2621
2020
1436
715
357
-51
-56
-286
-456
-811
-963
-1154
-1280
-1378
-1587
-1886
-2197
-2137
-2122
-1941
-1829
-1431
-1098
-773
-879
-1094
-1190
-1140
-940
-782
-845
-900
-627
-572
-602
-793
-859
-776
-633
-608
-542
-535
-615
-683
-666
-739
-816
-644
-347
141
328
507
755
1048
1500
1959
2055
2242
2325
2497
2673
2553
2491
2291
2340
2171
1902
1255
834
623
567
414
-8
-503
-1088
-1388
-1477
-1350
-1499
-1474
-1459
-1497
-1751
-2024
-2081
-1882
-1780
-1611
-1350
-1146
-885
-726
-591
-616
-703
-733
-445
-217
-32
-40
-299
-652
-854
-920
-926
-884
-885
-755
-774
-739
-584
-338
34
272
302
328
538
922
1339
1649
1966
2157
2296
2381
2667
3024
3297
3408
3294
3082
2730
2300
1989
1803
1449
1138
874
624
289
-171
-835
-1569
-2209
-2621
-2699
-2796
-2899
-3131
-3239
-3277
-3215
-3009
-2842
-2580
-2347
-2111
-1936
-1777
-1644
-1350
-1111
-833
-535
-353
-28
359
757
1011
1200
1159
1398
1692
1839
1843
1906
1902
1872
1771
1710
1693
1648
1625
1595
1695
1749
1793
1740
1813
1650
1715
1610
1593
1503
1564
1371
1242
1171
1074
1016
558
-6
-403
-507
-703
-803
-1113
-1467
-1722
-1858
-1977
-1884
-1864
-1840
-1925
-2049
-2230
-2375
-2580
-2634
-2644
-2673
-2582
-2313
-1877
-1501
-1248
-1134
-952
-669
-287
115
344
534
637
679
700
776
846
859
800
615
586
555
591
542
611
640
695
762
832
991
1056
1112
1163
1270
1251
1062
862
650
798
904
1024
1130
1196
1268
1338
1336
1168
1124
1069
1200
1174
867
495
91
-372
-793
-1242
-1671
-1928
-2146
-2298
-2321
-2445
-2517
-2433
-2250
-1992
-1645
-1418
-1338
-1262
-1167
-1099
-977
-663
-369
-13
289
452
690
976
1229
1447
1775
1861
1811
1825
1861
2006
2105
2033
1735
1400
1038
697
544
416
192
-60
-355
-584
-735
-736
-744
-578
-548
-444
-327
-264
-351
-331
-224
-388
-576
-630
-519
-291
-87
-202
-298
-341
-380
-445
-391
-336
-428
-625
-808
-858
-802
-812
-957
-939
-777
-686
-713
-832
-707
-547
-362
-184
-26
251
418
692
1082
1595
1748
1840
1899
1743
1666
1457
1162
1049
986
759
509
238
128
124
111
78
-36
-161
-275
-406
-399
-406
-317
-245
-141
28
210
291
285
302
291
313
242
270
312
377
343
186
23
-78
-114
-84
-210
-489
-696
-844
-942
-909
-980
-1051
-1051
-1215
-1290
-1068
-853
-654
-575
-612
-610
-449
-360
-153
199
315
380
372
402
402
482
406
454
513
378
264
318
501
649
721
497
262
242
281
336
450
394
133
-181
-470
-511
-470
-568
-663
-616
-656
-735
-776
-816
-656
-559
-446
-447
-416
-263
-104
-41
-129
-302
-425
-550
-508
-391
-310
-332
-370
-359
-273
-74
54
214
272
371
422
432
574
527
433
258
112
7
90
274
460
700
752
779
705
677
691
919
1044
1147
1077
989
851
710
667
647
577
556
472
313
338
259
239
138
50
110
310
439
477
487
496
424
394
357
227
183
103
83
-35
-151
-153
-130
-187
-199
-238
-140
-185
-211
-249
-301
-426
-694
-878
-931
-990
-1154
-1175
-1127
-1052
-1212
-1307
-1443
-1454
-1448
-1433
-1256
-994
-792
-631
-493
-316
-287
-266
-87
308
673
671
579
572
830
971
1109
1127
1132
1042
913
692
598
550
455
434
357
129
-215
-347
-461
-454
-479
-658
-813
-800
-720
-599
-405
-281
-163
34
243
368
504
485
409
437
421
321
271
267
113
145
-24
-236
-258
-364
-289
-148
-56
-67
-106
-255
-216
-218
-322
-302
-290
-274
-237
-179
-207
-301
-336
-286
-255
-75
56
120
253
244
335
324
365
392
626
629
501
439
388
399
375
314
312
229
102
135
246
441
445
444
381
460
497
521
588
499
461
384
270
52
-96
-133
-145
-30
-92
-190
-228
-161
-150
-36
-102
-289
-312
-326
-206
-30
-119
-335
-465
-545
-628
-735
-664
-647
-594
-652
-744
-812
-710
-570
-492
-475
-403
-282
-158
10
259
513
614
662
593
415
270
308
514
719
724
622
614
698
715
676
539
329
126
6
-36
-100
-274
-432
-527
-421
-224
-176
-229
-194
-242
-421
-485
-551
-390
-229
-155
-102
-128
-223
-249
-79
-14
23
18
-29
105
336
355
278
204
229
154
123
25
30
-73
-208
-348
-434
-397
-424
-469
-568
-575
-572
-426
-308
-193
-147
-106
-73
36
7
-1
28
-9
1
-36
-108
-189
-149
76
385
508
514
567
646
698
651
561
575
489
394
344
360
390
382
258
152
91
87
131
206
245
302
330
223
247
351
283
342
348
276
200
42
-107
-193
-196
-252
-347
-464
-365
-195
-92
-12
-93
-165
-248
-229
-64
-42
-125
-256
-245
-382
-346
-326
-403
-400
-361
-160
-121
-23
-38
-13
-14
-197
-198
-128
0
20
0
-190
-358
-349
-306
-199
-73
-11
-96
-136
-115
-13
104
320
328
403
532
509
479
395
335
312
163
114
88
137
52
2
-62
-57
-39
-75
-26
-31
1
1
2
-33
-87
-140
-201
-316
-457
-502
-580
-658
-576
-467
-451
-489
-524
-457
-305
-272
-182
-77
33
77
8
-192
-278
-286
-291
-167
-59
-142
-295
-316
-210
86
364
530
633
809
946
1038
1106
1102
1093
1058
865
731
670
764
852
856
662
468
399
459
574
584
511
388
229
188
210
272
232
-138
-483
-619
-556
-536
-519
-656
-787
-905
-957
-875
-664
-495
-490
-504
-560
-487
-414
-416
-365
-353
-471
-640
-751
-799
-761
-837
-976
-1009
-932
-834
-702
-529
-319
-210
-147
-181
-118
-10
71
178
321
463
533
635
756
854
929
949
934
1036
1095
1113
1049
1027
939
804
626
514
426
333
164
5
-49
-42
-131
-153
-177
-190
-162
-186
-226
-245
-163
-156
-178
-248
-264
-303
-283
-254
-303
-375
-530
-626
-762
-866
-884
-825
-807
-699
-599
-419
-319
-365
-344
-229
-137
-36
-65
-123
35
246
359
457
677
781
870
882
980
1159
1311
1276
1266
1346
1273
1112
1039
984
906
888
715
626
545
363
252
169
92
22
-72
-229
-278
-390
-468
-405
-321
-260
-334
-565
-770
-821
-850
-958
-1078
-1159
-1058
-972
-999
-971
-927
-828
-775
-699
-556
-423
-343
-392
-402
-518
-507
-456
-426
-288
-331
-429
-461
-412
-313
-209
-125
-28
-1
32
111
300
354
439
566
715
910
978
1049
1051
1058
945
879
938
947
910
864
724
639
601
603
648
554
353
76
-119
-196
-251
-426
-551
-718
-762
-767
-739
-669
-631
-657
-672
-602
-532
-454
-493
-437
-392
-325
-239
-218
-170
-104
52
133
116
74
133
140
104
43
-23
27
90
123
150
184
215
208
175
118
72
-22
-27
190
262
310
173
128
241
482
528
554
604
712
668
530
317
169
148
-71
-75
-35
-144
-254
-301
-450
-573
-607
-604
-440
-258
-310
-464
-636
-675
-580
-300
-19
118
102
69
132
240
261
244
302
276
293
311
353
431
417
385
349
299
255
234
270
263
109
-100
-165
-186
-172
-220
-370
-432
-415
-287
-91
47
141
116
102
20
-46
-104
-59
93
198
236
131
146
113
60
88
-80
-265
-303
-335
-312
-288
-381
-379
-250
-196
-161
-141
-182
-250
-175
-127
-137
-87
-15
73
229
251
215
176
124
186
229
387
416
503
472
350
194
195
273
271
296
210
88
23
-19
-108
-117
-139
-228
-337
-374
-450
-473
-475
-544
-535
-466
-537
-643
-629
-648
-670
-638
-701
-629
-535
-527
-390
-306
-317
-281
-139
-37
88
92
12
64
177
234
260
349
412
467
583
664
702
684
694
722
814
832
807
788
701
607
569
673
649
667
615
612
634
592
549
452
436
446
408
256
114
37
46
-15
-145
-314
-409
-499
-550
-590
-676
-678
-687
-764
-827
-832
-814
-704
-563
-512
-386
-270
-277
-336
-300
-297
-312
-357
-415
-271
-203
-156
-102
-46
71
112
165
242
260
251
249
267
318
349
376
418
428
453
454
490
487
475
482
454
415
350
322
315
302
174
-7
-116
-183
-264
-359
-368
-398
-468
-574
-671
-706
-789
-727
-703
-706
-665
-589
-473
-296
-249
-345
-404
-482
-499
-427
-378
-394
-350
-296
-170
-46
4
52
138
191
258
393
457
526
486
395
424
420
474
532
565
578
498
430
502
695
808
863
838
861
916
949
887
846
870
833
732
638
560
454
280
60
-132
-343
-437
-461
-504
-719
-885
-1071
-1160
-1160
-1154
-1120
-1128
-1177
-1219
-1163
-1120
-997
-941
-877
-765
-699
-550
-386
-227
-50
104
254
388
493
593
653
645
592
508
383
322
396
429
325
294
210
136
149
179
158
220
221
91
68
72
168
343
523
620
641
516
342
333
335
312
272
187
146
301
333
252
190
48
-13
-64
-148
-328
-445
-518
-565
-629
-751
-890
-958
-910
-792
-760
-660
-521
-409
-284
-169
-137
-38
142
352
530
684
776
835
852
846
844
836
822
816
765
721
629
472
302
215
135
72
137
109
37
-36
-159
-334
-458
-473
-466
-390
-351
-351
-292
-279
-127
-64
-59
-37
58
174
237
265
192
128
99
40
-7
-104
-296
-441
-598
-812
-1016
-1136
-1199
-1148
-1098
-1205
-1266
-1200
-1036
-809
-643
-580
-576
-510
-367
-121
120
344
536
666
828
941
1067
1171
1241
1225
1259
1250
1198
1122
1011
845
668
493
337
163
1
-112
-199
-281
-464
-609
-679
-631
-563
-471
-355
-320
-217
-176
-132
22
165
314
411
400
387
453
493
511
524
495
430
292
242
158
124
63
-76
-202
-319
-441
-579
-607
-630
-614
-533
-445
-465
-421
-404
-354
-237
-93
54
203
396
523
600
583
537
553
629
621
550
468
414
316
164
6
-190
-276
-330
-387
-390
-499
-640
-770
-848
-835
-758
-649
-596
-563
-541
-524
-536
-546
-406
-217
-87
67
150
278
447
563
589
565
481
478
581
536
455
432
317
196
124
37
-59
-176
-309
-394
-404
-456
-398
-249
-191
-188
-213
-200
-67
181
344
444
416
362
300
420
557
663
736
732
723
665
546
411
393
342
289
139
-8
-181
-281
-347
-413
-557
-771
-878
-878
-848
-831
-862
-784
-730
-649
-587
-456
-380
-232
-92
-13
222
344
444
543
657
667
605
540
522
595
609
532
425
376
295
252
227
206
204
126
-47
-221
-344
-447
-541
-514
-425
-359
-381
-404
-415
-452
-406
-349
-194
-24
129
175
167
152
166
236
256
296
355
335
286
292
250
116
-40
-140
-145
-166
-224
-359
-495
-570
-664
-643
-611
-503
-360
-226
-207
-227
-191
-192
-33
150
292
401
467
620
796
900
959
980
957
852
716
613
514
430
366
303
171
2
-125
-256
-297
-333
-387
-457
-510
-457
-442
-392
-340
-343
-317
-267
-188
-108
43
184
312
348
258
208
271
328
333
253
115
15
-83
-118
-123
-215
-337
-528
-704
-783
-868
-903
-864
-829
-764
-665
-611
-470
-367
-383
-356
-190
-14
123
279
430
547
639
641
703
809
915
903
918
926
834
662
622
596
546
466
304
221
150
-8
-158
-199
-302
-424
-481
-472
-446
-420
-377
-327
-256
-224
-158
-24
93
144
177
302
395
477
523
463
430
384
235
136
46
-52
-129
-219
-329
-417
-483
-546
-579
-579
-604
-629
-666
-717
-743
-726
-555
-417
-351
-303
-272
-234
-186
-99
93
267
348
406
394
365
311
265
220
239
210
128
55
-56
-157
-241
-353
-336
-308
-315
-248
-190
-229
-294
-332
-287
-150
-161
-208
-193
-161
-156
-50
132
157
127
140
197
363
496
540
503
536
537
546
572
528
514
391
290
206
181
158
122
84
43
20
56
95
168
199
227
173
111
83
26
120
198
224
202
176
185
130
79
45
68
129
140
159
214
337
327
326
273
226
191
51
-58
-77
-126
-182
-139
-143
-189
-220
-228
-257
-251
-207
-162
-164
-194
-161
-184
-150
-104
-53
0
2
-3
-35
-113
-224
-219
-106
-48
9
2
-26
-37
-86
-123
-69
-44
-10
-47
-94
-137
-167
-208
-209
-194
-172
-139
-163
-117
-81
-36
-29
-80
-106
-100
-130
-107
-84
-42
-79
-157
-188
-141
-91
-100
-154
-217
-236
-139
-53
-12
-55
-178
-265
-303
-319
-298
-286
-297
-422
-487
-481
-454
-355
-207
-84
-32
85
122
165
208
204
202
222
280
332
362
368
349
291
250
232
286
317
324
327
284
173
129
157
203
183
195
197
172
142
85
39
-20
-6
-11
49
151
165
189
199
220
259
309
267
309
358
358
368
290
218
187
201
138
72
-9
-81
-137
-222
-325
-327
-315
-251
-215
-260
-305
-339
-312
-282
-243
-237
-262
-255
-210
-124
-66
-85
-7
63
63
71
74
80
125
150
149
191
160
140
213
236
203
129
26
14
-9
-36
-112
-207
-173
-101
19
71
82
133
108
124
79
33
1
22
-13
-37
-28
-63
-88
-89
5
121
200
177
210
156
116
58
-21
-2
-32
-91
-126
-212
-170
-127
-120
-58
2
11
-53
-102
-94
-26
-23
7
57
112
137
92
86
83
68
34
-43
-92
-87
-37
-59
-81
-117
-149
-188
-185
-171
-213
-218
-295
-375
-462
-561
-578
-556
-547
-528
-530
-541
-489
-432
-402
-363
-230
-211
-104
-49
16
66
57
108
31
53
102
138
172
198
183
183
215
186
192
160
160
156
150
272
311
350
317
297
360
397
405
409
397
390
388
409
434
491
483
502
556
513
492
480
454
373
301
190
132
120
103
78
102
98
6
-33
-47
-98
-109
-176
-243
-214
-276
-368
-374
-329
-334
-354
-371
-314
-245
-262
-272
-227
-189
-149
-155
-136
-98
-90
-65
24
83
52
111
177
176
194
166
134
167
198
275
328
294
248
196
137
110
117
121
194
160
90
9
-75
-78
-141
-133
-108
-96
-121
-139
-171
-163
-153
-178
-179
-187
-209
-236
-280
-332
-405
-485
-494
-492
-416
-350
-356
-373
-450
-450
-457
-429
-414
-357
-364
-351
-287
-196
-87
-32
-12
-35
-20
50
106
147
202
306
341
355
354
337
389
423
459
372
334
290
252
217
232
171
127
127
47
41
54
51
55
62
-1
-1
16
-6
10
15
-24
-102
-105
-91
-114
-92
-22
-7
50
27
-1
18
-23
-105
-149
-99
-118
-110
-140
-96
-50
-95
-191
-200
-182
-149
-99
-44
35
31
22
28
141
208
272
287
354
472
482
502
502
445
391
370
333
332
336
342
301
243
154
18
-9
33
64
103
17
-160
-252
-289
-249
-207
-208
-211
-201
-152
-174
-204
-151
-150
-120
-84
-38
-51
-14
48
30
26
-22
3
51
70
-25
-116
-166
-202
-231
-225
-197
-168
-137
-130
-126
-140
-93
-56
81
163
175
102
7
50
113
219
222
154
110
126
153
117
108
116
158
177
220
166
151
78
-9
-38
-76
-132
-143
-221
-261
-314
-380
-395
-342
-343
-419
-429
-438
-442
-408
-266
-169
-154
-116
-51
-4
26
-14
-16
-3
67
121
118
106
119
164
205
214
209
119
129
102
26
55
15
-6
-110
-161
-177
-210
-180
-121
-38
72
115
63
109
112
52
91
106
44
52
78
126
161
204
146
100
126
140
142
87
54
-33
-15
-9
-22
-17
-25
-55
-40
-34
-115
-112
-98
-51
7
59
89
164
208
188
197
197
221
275
309
345
316
333
362
324
251
210
164
142
137
79
70
9
21
-20
-73
-141
-199
-258
-269
-231
-148
-185
-197
-197
-224
-207
-257
-215
-194
-176
-152
-124
-196
-185
-189
-139
-71
-63
-11
-60
-96
-74
-19
-46
-88
-134
-144
-113
-96
-148
-184
-168
-219
-212
-144
-92
-75
-21
45
60
75
93
193
279
286
240
199
242
323
349
367
327
260
173
69
18
-69
-36
-43
-123
-132
-204
-208
-226
-256
-295
-370
-417
-426
-382
-377
-365
-324
-319
-219
-138
-91
-13
14
-11
-2
69
158
192
211
251
285
294
316
337
349
382
382
375
385
398
360
339
380
349
325
333
279
193
193
219
271
280
185
128
157
275
322
320
302
292
267
228
129
74
30
-3
-72
-194
-245
-319
-344
-366
-443
-545
-634
-719
-705
-714
-703
-740
-753
-776
-747
-695
-595
-519
-535
-474
-386
-286
-207
-137
-115
-52
7
29
49
130
210
242
251
246
226
223
257
246
269
227
209
202
193
177
160
206
240
289
274
293
345
369
387
401
357
378
379
402
482
463
423
417
351
295
254
217
199
79
-7
-137
-217
-244
-348
-354
-388
-385
-412
-403
-448
-469
-431
-415
-439
-425
-402
-372
-312
-278
-155
-125
-92
-68
-43
41
78
149
213
255
270
226
215
179
205
222
303
395
420
402
332
275
222
201
213
172
185
206
211
261
226
226
149
128
129
158
208
205
191
161
127
100
103
53
14
-6
-71
-122
-248
-308
-348
-370
-406
-443
-430
-488
-493
-617
-675
-680
-674
-630
-609
-624
-600
-542
-540
-552
-585
-514
-415
-321
-231
-111
-27
16
79
62
88
142
204
221
299
326
244
218
203
143
148
175
201
253
306
326
253
217
237
257
241
275
318
329
335
327
333
382
391
444
484
473
459
444
421
353
301
203
195
182
150
169
121
61
-16
-70
-158
-205
-248
-238
-269
-289
-294
-335
-307
-227
-200
-170
-157
-179
-155
-140
-135
-108
-59
-45
19
54
35
26
9
-19
-43
-55
-15
41
32
-15
-89
-97
-46
-42
-74
-102
-72
-21
44
47
-19
-37
-76
-147
-184
-132
-90
-23
9
-13
6
51
85
76
55
-54
-145
-163
-105
-84
-70
-90
-152
-201
-252
-259
-223
-171
-104
-58
-94
-123
-106
-51
1
10
-12
-26
-9
37
103
90
112
145
147
186
190
188
213
257
167
124
132
110
138
213
250
191
138
106
61
73
72
73
99
84
86
121
149
125
113
114
117
130
184
159
91
59
14
-49
-67
-40
18
46
76
35
11
-15
-16
-5
10
18
-28
-51
-68
-84
-124
-140
-128
-83
-93
-72
-68
-66
-110
-170
-187
-251
-260
-232
-140
-60
-29
-48
-78
-115
-131
-110
-92
-93
-124
-122
-108
-103
-158
-192
-167
-110
-44
-6
37
4
-8
-32
-97
-105
-99
-76
-70
-18
58
55
80
110
95
92
33
23
46
53
100
132
140
141
149
164
141
116
54
55
1
-45
-18
-2
-11
-66
-102
-89
-63
-23
-10
-32
-3
-34
-92
-92
-49
-65
14
-12
-15
-58
-89
-23
-11
52
101
84
119
95
129
146
83
73
16
46
98
122
110
99
76
43
-9
-21
-22
-14
24
112
132
144
157
126
74
59
65
98
133
136
156
180
155
128
149
158
169
140
134
173
215
235
190
151
139
111
78
11
-77
-99
-131
-154
-162
-193
-222
-219
-209
-179
-220
-232
-242
-285
-296
-304
-292
-296
-296
-263
-257
-210
-221
-241
-204
-195
-189
-220
-224
-209
-170
-179
-144
-95
-82
-78
-85
-42
-84
-103
-84
-48
11
87
178
225
279
301
243
205
213
244
305
370
369
321
283
255
198
151
155
122
133
138
115
99
75
69
27
-33
-45
-102
-126
-88
-89
-119
-147
-199
-223
-246
-239
-239
-259
-292
-298
-262
-247
-215
-218
-215
-159
-146
-108
-91
-114
-124
-120
-85
-85
-122
-86
-37
56
92
97
129
163
183
213
245
294
318
310
346
316
347
343
335
371
380
410
444
467
490
459
432
400
352
358
379
353
331
326
268
232
204
