-34
-15
-8
6
-11
-22
8
14
-5
-10
5
23
-4
1
-45
-41
-10
22
32
-11
-63
-86
-49
-31
-6
14
10
30
34
15
1
-10
-22
-2
37
38
59
12
-14
-51
-72
-34
-4
32
54
29
52
87
69
62
41
14
29
2
1
-11
3
1
-30
-52
-85
-85
-59
-28
-55
-72
-61
-26
-66
-91
-89
-105
-70
-98
-85
-59
-45
-65
-64
-60
-80
-71
-45
-7
-2
24
30
50
70
78
40
27
87
98
68
78
44
54
69
80
45
38
32
41
40
50
30
21
43
38
33
8
10
-12
-11
-40
-60
-31
23
21
-4
-1
-27
-89
-106
-94
-79
-63
-30
-13
-20
-96
-120
-115
-96
-50
-22
-11
1
15
18
-13
-40
-92
-107
-34
-39
-5
22
-24
-32
-34
-28
-30
-7
18
35
26
18
27
-8
-40
-64
-37
-47
-18
2
10
36
68
99
97
71
45
67
66
90
69
35
53
84
80
56
49
72
117
124
102
97
80
104
131
114
119
127
85
81
84
81
85
76
101
52
30
10
-3
31
61
71
54
39
27
52
34
1
-3
-31
-61
-58
-61
-78
-78
-67
-8
-38
-50
-61
-91
-68
-74
-63
-56
-42
-65
-79
-117
-78
-81
-49
-26
-11
-32
-54
-47
-64
-56
-84
-63
-73
-78
-82
-92
-85
-37
-44
-33
-38
-58
-86
-87
-51
-37
-17
-11
-8
-20
-26
-25
-17
5
50
63
64
70
76
42
2
-13
-45
7
20
22
-10
-18
-54
-68
-76
-91
-55
-29
-17
-36
-58
-60
-34
-42
-33
-5
-10
-27
-22
-17
-19
-52
-16
61
67
105
54
61
36
42
72
44
58
40
39
16
56
95
66
16
-51
-45
-34
-26
-1
39
55
54
7
-19
-3
12
33
63
62
66
87
72
58
37
28
27
59
51
51
68
87
92
78
46
28
17
43
56
71
18
-15
-6
-71
-76
-122
-122
-53
25
40
19
17
-4
-59
-66
-40
-18
14
31
29
-23
-18
-8
-57
-59
-79
-59
-29
-35
-42
-81
-71
-73
-38
-37
-10
-23
57
66
48
42
29
26
11
-1
-72
-96
-40
14
36
40
-9
-34
-1
29
26
61
52
44
25
-6
23
4
52
95
84
45
4
-5
2
34
37
53
64
103
65
47
29
61
75
97
69
27
0
5
-38
-84
-28
-64
-17
-11
20
-63
-72
-84
-40
-16
-58
-74
-68
-69
-79
-84
-104
-59
-46
-25
8
21
12
36
-5
13
-69
-59
-97
-95
7
-51
28
17
10
-6
36
32
-37
-44
44
53
-3
53
21
36
-1
16
16
0
45
85
125
50
56
22
57
-19
18
69
95
91
-8
21
-15
-6
17
-5
-51
-8
-39
10
-67
-55
-57
7
14
-28
32
48
-25
-52
-76
-46
-61
-89
-39
-118
-32
-46
-69
-10
34
-13
-34
-105
-35
-27
-28
-48
-68
-104
-44
-122
-157
-152
-169
-106
-243
-137
-257
-104
-73
-79
-82
-160
-40
9
38
47
23
170
136
119
108
80
131
140
101
73
129
194
59
196
137
152
184
199
315
74
141
48
102
16
54
-2
11
5
99
47
-40
152
-2
117
11
21
-51
15
46
-47
-28
82
34
30
-42
12
7
-48
95
16
67
111
114
29
-84
14
-55
80
137
-62
17
-143
97
-62
-208
45
-86
89
-64
-28
-39
-50
-4
-79
-190
145
-145
95
-84
31
-24
-139
45
-260
97
-81
42
21
104
-49
131
-167
172
-263
94
14
-50
80
-135
85
25
-98
134
-101
138
107
-42
71
-373
289
46
-18
21
104
-98
-270
113
-167
-128
4
-374
29
-295
-81
-186
-225
-39
-232
-59
-75
-140
8
-6
-44
-149
-157
61
-196
256
-126
-35
-11
-177
-189
-83
0
-44
-204
-9
-7
-46
33
-66
-108
-190
-91
29
-115
56
-40
153
221
145
98
227
20
406
-204
533
136
269
374
119
347
207
256
387
192
142
252
-204
461
-446
707
-437
529
-227
34
222
-243
285
-88
112
126
-64
199
60
-94
282
-301
267
-152
241
21
21
-178
139
-66
-59
80
-111
-12
71
-218
4
-230
79
-167
-98
-338
-121
-47
-156
-10
-357
300
-426
230
-375
256
-248
118
-93
-63
-322
148
-136
1
-80
-161
82
-213
143
-625
453
-256
228
-367
131
-73
22
-159
174
-491
222
-126
125
36
-166
362
-197
217
80
-49
103
321
-261
287
-211
245
-268
-43
33
-232
-186
178
-132
-69
234
-239
-90
-126
180
-363
-314
200
-180
-221
-48
-23
6
62
53
25
-119
-12
-59
-76
-95
88
-140
134
-9
144
84
-117
13
122
-258
167
-174
207
-259
34
279
55
176
43
222
45
216
-2
-132
432
171
239
168
-106
202
-280
402
78
-284
234
-190
-1
13
-226
477
-270
401
-122
169
324
80
-37
-54
-85
421
-180
542
-195
265
-58
153
216
-172
293
56
-203
214
-411
250
10
-299
426
-79
326
-69
-171
20
-73
-54
13
-254
65
-11
-74
-94
139
-228
188
-226
34
-89
-97
172
-215
75
-239
-12
309
137
-16
83
121
-35
-153
201
-368
-188
-286
38
-388
-68
27
-223
-29
-81
-236
133
-199
188
-119
-218
106
-571
595
-281
136
70
243
25
-273
332
-337
-256
-135
171
-310
14
-190
246
-278
265
201
-474
304
-398
159
-114
-130
10
-404
253
-103
187
-69
-57
-143
-162
131
-8
-291
117
-111
-318
6
-109
461
-420
163
-244
1
-340
195
6
135
229
134
37
218
503
-395
404
-373
463
-380
439
-9
-202
345
182
-227
439
-313
414
-311
274
322
-352
664
73
-173
56
87
21
381
-505
555
-643
738
-316
146
200
-177
19
-78
26
-136
76
129
-317
49
176
309
88
-454
373
-442
73
116
-39
421
-478
462
-361
288
-52
260
-216
339
-31
-128
239
-404
425
-303
2
-38
-266
79
-22
-514
474
-479
329
27
165
141
-292
122
2
71
110
148
-65
-110
135
5
23
298
-127
508
-369
208
25
-479
770
-475
454
-266
-247
199
-490
302
-353
14
302
-243
-149
-317
173
-126
-220
-286
143
-329
-25
-608
505
-79
69
-216
450
-230
222
-467
16
23
-404
26
-441
74
-403
-32
35
-462
240
-211
254
-484
180
-485
220
-483
512
-531
320
-52
-389
93
93
-316
809
-463
281
362
-497
1117
-862
1003
-162
250
400
-334
424
46
-216
679
-666
600
-184
107
219
-859
839
-934
824
-481
115
289
63
463
327
-315
767
-680
426
1
-230
588
-619
765
145
91
98
-299
509
-155
-154
-85
80
-22
-318
-192
49
-283
197
-32
224
-160
-233
689
-1003
1230
-1386
938
-479
-22
622
-823
822
-617
127
9
-496
-7
-18
-313
898
-1472
1033
-1001
-138
81
-164
354
-945
1153
-675
473
-466
939
-778
421
164
-413
607
-726
810
-448
322
84
-618
201
222
-398
216
114
-505
868
-740
886
-796
569
-146
153
-18
69
-255
-136
-42
102
228
-453
479
-329
424
-188
-356
587
-46
206
188
-339
1219
-1116
921
-651
518
-388
380
-203
-375
257
-402
414
-91
-284
848
-923
1065
-965
205
200
-390
354
-370
139
450
-870
253
528
-1045
1103
-1142
776
-561
-84
669
-615
4
14
-72
287
-572
516
-580
85
22
228
-577
234
157
9
-439
-178
-297
49
-194
268
-843
477
309
-276
-280
206
-294
-267
199
262
-717
-325
687
-278
300
234
370
-667
1258
-550
318
-592
911
-341
-840
1590
-1129
687
-389
257
54
-159
385
-287
29
204
-691
787
112
-298
392
-465
789
-1292
937
-486
888
-1061
1001
-881
826
-819
773
-677
1022
-537
27
362
-177
373
-632
1012
-1129
843
-912
1014
-1336
1415
-677
270
279
14
62
154
741
-710
702
-419
835
-682
250
80
-58
-174
138
156
-275
293
-748
598
-978
1119
-918
299
196
-342
480
-287
578
-542
214
74
-215
99
-84
-512
265
-52
-200
-370
403
67
-411
434
-232
-24
-153
224
-436
-347
856
-915
-230
325
-483
654
-1031
900
-1188
905
-572
-366
472
-359
734
-1172
958
-278
63
393
-215
378
94
-16
619
-1140
929
102
-439
271
-96
674
-753
540
-216
-374
123
-184
527
-809
1107
-980
273
335
-172
-284
459
-369
243
-650
1103
-1072
742
-323
10
191
-958
785
-1285
261
309
-415
-36
134
51
-215
-827
1500
-1570
366
418
-718
959
-1103
1166
-389
-484
1378
-1657
1626
-843
274
-48
38
567
-452
-361
1639
-2179
2091
-1462
883
-362
64
-57
-125
66
979
-1515
1772
-1240
714
-476
31
838
-1449
1006
-578
567
-83
767
-922
1164
-255
-176
140
164
665
-397
222
667
-1218
819
-312
162
27
-227
575
-435
592
-775
216
-679
1467
-1896
952
-495
-173
283
-1151
1209
-638
444
-83
-185
-32
603
-1802
1676
-1996
1658
-1601
712
488
-1803
2136
-1581
1364
-1609
692
-255
-210
395
407
-509
602
-1107
1324
-1665
1713
-971
694
-175
62
-87
314
-23
767
-1469
1904
-1188
287
284
-1123
613
-199
189
-566
154
660
38
-651
1200
-1138
79
737
-631
920
-1112
1243
-96
-59
491
-812
158
688
-641
645
-882
871
-429
174
559
-1445
1252
-303
217
155
-479
924
-1426
661
32
-614
181
388
-616
-310
502
89
-255
419
-387
133
-592
802
-786
504
-15
-517
-161
-388
618
-1010
1317
-1378
1261
-340
110
267
-1076
1433
-1481
678
-243
330
276
-1262
910
-421
-37
-241
205
-353
-452
-18
732
-1076
894
-774
994
-731
-225
1059
-1239
1226
-1129
1264
-786
-231
850
-849
773
56
-437
394
-379
344
-426
397
375
-260
320
622
-708
526
105
-729
1044
-1182
1394
-1315
447
351
-535
-111
387
-175
-300
-41
220
-460
-385
1541
-2262
2381
-2082
2178
-2124
1676
-706
-529
1064
-645
109
44
-357
677
56
177
625
-1658
2470
-2683
1542
-580
585
-61
-490
1722
-2472
1910
-317
-235
-177
295
366
-467
431
424
-1159
1129
-1021
1279
-1560
1232
-555
-285
1188
-1606
2639
-2205
1976
-1948
449
575
-440
-162
902
-1238
935
-942
1844
-1516
380
803
-885
1539
-1730
1383
-1068
1705
-1242
-367
589
235
-608
298
-476
135
551
-1170
1892
-3674
3669
-2860
1327
-1111
444
109
-324
928
-811
302
779
-773
-631
459
-344
75
-275
-35
-816
303
802
-1142
1028
-1020
1359
-1217
1149
-1582
978
-898
1166
-1396
-216
500
-327
131
135
218
-205
47
-80
248
-1033
967
-2018
2625
-2415
1741
-1670
640
770
-489
739
-608
444
-19
-818
699
-579
-200
351
-82
637
-991
863
-142
640
-761
789
308
-1284
2489
-2519
2580
-2252
1989
-2077
1951
-1004
347
6
70
-14
-340
511
-128
-1208
1141
-425
1043
-275
-285
1200
-1761
2227
-1741
1174
-38
-950
1007
-659
808
-214
-457
1123
-1241
-220
1571
-1585
1577
-1421
1990
-1589
947
-255
459
-723
818
-1544
1079
-105
228
-978
1023
602
-1433
1326
-206
149
-32
-38
-377
-583
515
457
-413
493
532
-711
-73
598
-998
1173
-1549
1954
-2964
2479
-1432
742
-7
35
-311
-13
214
-22
-1281
1309
-1215
489
5
-325
-21
-586
1359
-1329
29
466
-220
-184
352
-746
263
-436
473
-745
504
-595
648
-357
-155
7
-497
889
-399
-629
92
412
-1087
501
-586
1316
-1788
1163
-479
527
-412
614
-1129
2161
-2866
3100
-2915
2673
-2188
1969
-1231
437
-221
619
-386
-571
897
-1509
2118
-1678
1453
-1547
1184
-168
259
-34
-309
1011
-1195
847
10
235
89
-173
117
-41
-138
553
-635
630
-65
252
-361
-630
1333
-871
64
823
-512
329
-338
719
329
-607
327
-564
366
114
-865
1137
-1659
1316
-889
-314
459
-243
524
-718
568
42
-510
468
1288
-2971
3713
-4208
4043
-3805
2537
-1418
688
215
-409
288
264
-963
934
102
-703
1575
-2046
2477
-2339
1769
-328
-961
1474
-1847
1506
-1017
387
-361
-455
558
713
-847
1041
-641
-473
425
-112
618
-154
-1018
1025
-424
-242
49
474
398
-1805
1390
-927
465
-689
907
-1545
1966
-1467
-131
233
35
484
-592
406
-57
-844
1123
-819
22
530
-22
109
35
284
-267
-529
1897
-1625
563
-372
729
-1074
2208
-1800
709
-279
605
-616
784
-468
1230
-1796
2343
-1894
484
512
-1070
888
-775
698
-60
-828
1801
-2226
1626
-624
-394
502
-1377
1894
-2303
1338
-489
66
-94
114
-288
-468
199
-335
531
-819
1112
-1042
-633
1050
-638
-116
-666
516
-285
-159
-276
836
-1784
2070
-2102
1721
-420
-723
1596
-3284
3687
-2843
1339
-584
-322
595
273
-1351
2015
-1731
1928
-2217
2410
-1466
318
-68
29
79
311
649
-547
522
172
-331
224
786
-435
685
-961
1852
-2378
2458
-2022
1566
-1044
1332
-536
464
-200
726
-1632
2376
-2014
365
-219
496
810
-944
780
-220
-105
633
-379
-133
-21
-819
1638
-1589
1258
-863
780
56
-775
772
-646
553
709
-1649
1075
-906
1725
-1042
175
-195
-38
196
-545
483
11
-468
-36
-14
287
197
-821
1166
-711
167
-849
867
-71
-634
794
-478
114
316
85
379
-1492
1014
-71
-762
1109
-1972
1531
-1835
1995
-876
-735
1029
-1104
338
65
-315
-75
122
-231
222
-990
997
-1054
393
-689
130
-140
-33
50
-94
-158
106
374
-655
349
-39
322
-1468
560
-72
-113
-293
663
-521
1011
-753
665
-1009
1274
-694
251
-41
-304
227
51
694
-702
-143
140
1011
-1045
960
-645
540
-110
359
-554
-857
2474
-2203
1244
-947
1734
-1064
82
953
-1168
464
311
100
-649
741
208
-1024
805
-321
248
-154
307
429
-944
1681
-805
-449
780
-192
1009
-1537
1529
-548
-539
1383
-1252
519
-1090
1664
-1828
301
480
-398
-409
914
-427
271
-797
1703
-790
-115
-122
-946
433
130
-380
-1044
1193
433
-1152
790
-24
-88
102
564
-813
-395
44
1280
-1121
-142
941
-686
549
-228
914
-1503
178
2080
-2066
945
-910
813
-939
849
1006
-1639
1235
272
402
-1837
2014
-1470
1643
-1674
1265
-1333
544
863
-1683
1043
-141
507
-770
1026
-567
-252
-704
1402
-743
-177
643
-259
-559
451
845
-602
-495
758
-157
-573
21
-238
-60
-60
1063
-2499
2010
-1085
1069
-1484
1195
-146
-1319
1421
-1314
435
-929
1756
-1475
1654
-2211
1267
-486
509
-554
-782
1174
71
-650
526
-543
1065
-980
862
-491
-392
1110
-783
471
-1000
1236
-1103
280
128
131
-671
261
225
-57
-698
-114
300
94
497
-1171
898
-314
102
252
-609
629
-890
917
76
-1100
1748
-1652
1322
-1494
1641
-1272
933
-268
109
-65
984
-1003
631
-574
799
-399
-745
1582
-1808
1405
-1702
1631
-1265
146
-7
324
-576
791
-569
170
493
-680
1449
-899
686
-1044
646
14
-616
1311
-414
-188
148
243
-725
719
-575
1381
-1508
928
112
-521
612
-438
459
-308
658
-308
321
98
52
-101
306
80
611
-885
739
95
-496
183
-570
1191
-1371
1642
-1280
822
-204
-119
-313
529
-777
513
-671
1217
-1303
297
920
-1426
940
-470
-664
1229
-1604
1382
-640
-924
1931
-2220
2062
-1638
553
609
-688
1614
-1769
290
263
-612
997
-1457
1102
-204
-243
207
-953
556
-778
205
63
-478
21
-14
-134
64
-657
859
-755
518
-249
-243
-295
-128
-122
357
-1090
1050
-480
190
609
-863
1443
-1787
1489
-609
-142
268
-816
876
-244
-622
1394
-1318
706
-367
-269
320
-377
1269
-1136
271
459
-827
964
-147
-1011
1290
-1795
2687
-2112
1638
-1204
1321
-329
-320
1336
-889
364
162
-160
-243
84
-6
820
-1188
1418
-987
566
-677
533
-91
-268
6
951
-1032
548
-1178
1579
-906
1463
-1619
712
216
-57
-323
481
364
-539
263
-108
-194
-800
1452
-1484
1101
-1378
1472
-768
162
-71
317
-374
771
-92
335
-518
141
402
-218
686
-636
951
-1077
1756
-2080
1490
-1033
1126
-682
555
-321
-108
653
-446
138
-806
151
-314
318
-473
625
-1306
1842
-1781
856
-524
-285
0
-664
1025
-909
466
404
-644
204
369
-381
358
-678
1608
-944
669
-127
-79
440
-234
-54
-505
686
-227
113
-18
673
-1252
1238
-2
-933
-29
118
-72
-755
202
-220
-482
487
-85
-663
178
-474
317
-1693
-31
-119
-1231
-43
-56
-299
15
-898
594
-1654
825
-481
-715
-148
-195
43
-177
366
597
-551
1859
-421
1506
556
1467
1205
1369
1895
1341
1651
1290
1385
591
1831
785
480
322
299
-220
-394
61
-950
-511
-1283
-1125
-2033
-1768
-1317
-1715
-2671
-957
-2342
-2063
-1905
-2026
-1593
-2700
-851
-1737
-1262
-1387
-328
-964
-523
-440
1095
1400
2559
2750
2472
4124
2763
4845
2895
3431
3830
2732
3823
2788
2891
2352
2046
1693
1060
457
343
-1342
-887
-1984
-2064
-2730
-3338
-2968
-3705
-2842
-3268
-3101
-3411
-2588
-2846
-2701
-2665
-2578
-2750
-2123
-1732
-2505
-1506
-1969
-2156
-2007
-793
-1670
-1175
-542
-1086
108
2290
1897
3935
2608
6190
5221
5584
6642
3379
6817
4400
6378
4808
5278
5421
3616
3187
2092
798
852
-56
-1126
-1941
-2678
-2256
-5495
-3559
-6111
-4390
-4736
-4739
-4118
-4547
-3288
-3381
-4010
-3340
-3158
-2489
-2664
-2666
-2549
-3148
-2468
-3324
-2717
-2898
-1448
-1927
-1615
-1044
-2309
1338
2010
3399
3752
5369
8219
5509
9588
5329
7317
7632
6246
8211
5078
7825
4478
3843
2854
135
679
-1263
-1776
-2996
-3738
-3655
-5816
-6133
-6541
-6866
-5877
-5942
-5000
-5453
-3327
-3582
-3436
-3249
-2702
-1687
-1792
-1286
-1625
-2479
-2436
-3248
-3899
-2559
-2904
-1802
-2225
-2064
-2017
-1525
2992
2013
5682
4325
9919
8036
9116
10246
4949
11275
5700
9195
5688
5355
6783
339
3285
-2976
-2816
-2839
-5908
-4828
-8054
-5869
-7595
-7792
-7220
-8703
-5790
-5329
-3329
-4142
-2247
-1116
-1186
-631
-1115
-72
-226
384
-686
-2153
-2122
-3463
-4493
-4582
-3747
-3650
-2938
-2660
-2509
-3184
-633
4388
3300
7717
6479
13109
9760
12471
11399
5648
13356
5448
10007
3664
4991
3840
-2473
756
-7581
-6162
-5914
-8811
-8296
-10815
-7658
-8928
-9125
-5814
-7884
-2948
-1469
179
395
2134
3212
2334
1648
2109
837
734
1238
-1674
-2784
-4172
-4853
-7367
-6197
-5339
-4165
-3712
-2580
-3059
-2527
-2003
934
6258
5470
11445
8314
16099
10211
13728
9738
4928
12097
1699
7574
-926
785
-2003
-7990
-3697
-13543
-8462
-9089
-10513
-8887
-10977
-6484
-7662
-4517
-1867
-3019
2484
6282
5901
5671
6830
5758
4138
2210
722
-2682
-1807
-2121
-6791
-7234
-7034
-7778
-8047
-6241
-4449
-3095
-759
-1021
-1401
-1520
1532
-459
5846
9940
10078
13315
11193
16748
7857
12697
4880
1774
5148
-3202
620
-8650
-4455
-9099
-11618
-7364
-14599
-8172
-8465
-7287
-5795
-6553
-189
-1699
2728
5196
4215
8935
10774
9942
8064
6704
4219
-258
-2893
-5280
-9150
-7174
-8285
-8779
-8990
-6852
-6346
-4708
-1628
768
2567
3485
2572
361
-1205
1515
-848
3748
11261
9985
13787
9598
14998
5779
6925
2814
-6059
2423
-5541
-1845
-8333
-6393
-5859
-10945
-2636
-9533
-4773
-892
-1522
418
-2197
3506
3136
4119
7925
3102
5876
6353
4376
1058
-322
-840
-5986
-5928
-8258
-7137
-8141
-3374
-5868
-4381
-1262
-570
1581
2759
5548
6005
4282
2408
-3074
-5548
-4505
-4892
-4506
4808
7537
8662
7306
9988
9184
3080
8380
-4572
1797
632
-2185
-1194
-7805
-99
-7345
-2222
-3133
-8147
-1836
-4562
-2915
-5296
-1729
2148
66
4697
1687
-199
3903
2318
2260
939
4455
1061
-355
-2458
-3129
-3151
-385
205
-2103
1549
-942
179
-1693
-530
803
-4
-804
-4679
-7859
-8507
-9178
-9396
-7713
4782
5553
9386
8528
12391
10944
7258
9117
-3474
5743
2106
901
-1218
-6126
-818
-8091
-2842
-6416
-10342
-987
-4449
-1642
-3171
-239
4833
1984
7970
2479
3464
9031
5967
6042
3036
4197
982
-2428
-2206
-5206
-1070
913
-358
-3017
-3021
-2393
-3719
-3101
-1962
-682
-45
-1841
-6223
-10721
-10505
-10409
-9996
-7509
6083
8115
11583
10191
11763
12711
6930
12043
-2398
6538
4558
232
-618
-10180
-2136
-9580
-2498
-3990
-9898
695
-3470
-557
-3844
22
5930
3692
10387
4508
3788
9066
6074
3188
-167
177
-1613
-3778
-3488
-6256
-3464
62
-2122
-3935
-4962
-3186
-3385
-3160
-2879
-1773
-2058
-3029
-7092
-11866
-10778
-9790
-7393
-8197
4267
10547
11239
12696
11136
16832
10540
14974
3486
1712
6367
-2251
-1108
-10830
-5063
-6667
-5709
-1471
-12627
-3334
-3350
-2600
-1024
-625
8459
5828
11466
8011
2956
8242
7013
2958
-566
-2160
-3066
-5793
-5839
-8204
-8856
-2067
-2586
-4086
-3501
-3253
-3383
-3895
-3163
-3393
-2713
-2319
-5566
-9453
-8429
-8694
-6540
-6128
-49
11086
10207
14650
10958
18362
13632
12468
8918
-2704
5473
-2177
-2248
-7865
-9459
-4533
-9748
-2065
-11075
-8834
-699
-2955
3353
1367
9527
10722
10236
13291
3213
6754
7710
2217
-377
-5772
-5310
-9282
-11332
-10575
-14246
-4037
-2826
-2873
-2743
-2760
55
-2994
-1204
-2052
-580
1393
-1596
-5797
-8225
-7634
-6796
-5038
-4599
7666
14724
15484
14962
13255
17852
10419
12592
-1543
-2820
1122
-5597
-6318
-14589
-9768
-10918
-7010
-6128
-12335
-2115
1818
4415
4933
7398
12383
11746
14750
8699
3086
7262
3599
-3059
-7711
-11022
-12003
-14218
-12335
-13414
-9526
154
-1302
1088
1062
2201
2473
864
2903
384
3081
410
-4426
-8099
-9694
-7602
-6195
-5452
237
13919
14004
15301
11354
17295
14750
11332
6922
-7682
325
-5507
-7959
-12824
-14782
-7967
-10039
-2506
-8592
-6225
4444
3632
8409
7194
13090
14442
12057
12446
802
2176
1603
-5004
-8833
-13683
-11250
-15398
-13108
-11686
-10524
-533
2440
4634
5847
6471
6016
3044
2399
1810
1665
708
-3267
-8390
-10524
-10304
-9070
-8021
-5584
10592
12800
14578
12109
15391
17263
9650
9719
-7310
-2076
-3073
-8792
-10562
-16108
-6514
-9999
-3101
-4717
-7640
5290
5833
9984
9032
12864
15210
10607
10746
303
-2223
-334
-5858
-10579
-16127
-13680
-16195
-14278
-10039
-8054
2184
6404
8986
7538
8210
6797
2773
1990
422
15
-729
-4521
-8852
-12232
-12071
-9844
-7520
-6796
7098
15604
14986
13227
13881
19598
11486
12558
-2046
-5682
-1326
-9429
-11056
-16585
-9613
-8088
-4542
-673
-6706
2856
8887
9273
9856
11081
15438
10562
8905
1061
-7253
-3397
-7119
-12072
-16822
-13818
-12185
-13344
-6303
-4648
3981
11602
11788
10863
8656
8884
2362
-807
-1832
-3717
-2012
-6028
-8929
-11901
-11466
-9243
-7667
-5845
-141
15534
15548
15616
13405
19518
16793
10214
4352
-11027
-4605
-8952
-12797
-15764
-14521
-7066
-6896
-666
-4075
-1531
9380
10622
11429
10917
14621
12104
5747
1409
-9290
-8572
-5998
-10777
-14296
-15123
-10195
-12125
-6100
-1801
3381
14152
14650
14121
9653
8569
3331
-2668
-3558
-5632
-4441
-5210
-8686
-11099
-12473
-9839
-8646
-5392
-3961
10286
19537
17026
14575
15859
20172
10426
7822
-8418
-10701
-6563
-13063
-14446
-17900
-9748
-7122
-2566
319
-2740
7625
13399
12697
10989
10943
11917
5618
1659
-6567
-11452
-6597
-8212
-12588
-15375
-10226
-7995
-4482
3148
5949
14800
17393
15139
10026
5707
3096
-5376
-6719
-9174
-8090
-5984
-8745
-8581
-10458
-7814
-6854
-5300
-2305
-157
17124
18920
16232
13328
17822
18830
6652
2060
-14712
-10675
-9358
-15419
-15799
-15827
-6058
-4341
973
2037
2470
13931
14802
12332
9160
10175
8812
1513
-2406
-10675
-10731
-6323
-8847
-11639
-10915
-4090
-4517
1274
6577
9411
16203
13886
11468
4373
2424
-4262
-10372
-11220
-11192
-7942
-8030
-8448
-8905
-7835
-5796
-5282
-3187
-760
2563
17843
20171
17365
13924
17691
17528
4379
-805
-17558
-13650
-11711
-16615
-15793
-14830
-5664
-2895
2580
3947
5456
15074
15866
12007
9094
8507
6062
904
-3311
-9770
-10002
-6606
-7498
-11850
-9372
-4728
-2656
5173
7352
10056
12817
12758
7326
1048
-1844
-7018
-9971
-10783
-10177
-8277
-5832
-5694
-5184
-4416
-1733
-1475
-2758
32
17
12977
20032
15431
13482
14623
18705
3473
-3300
-17499
-19210
-11780
-15999
-13822
-12906
-4158
720
3139
6675
7595
14877
17586
12841
9053
7124
5944
848
-4571
-9905
-11354
-8327
-7568
-11403
-10438
-5285
-1577
1083
5404
8270
11330
11619
6588
4114
-766
-1045
-10732
-10313
-10940
-7931
-3710
-4043
-2001
-2703
206
-3690
-5444
-4040
-2280
3666
18571
18158
15210
12524
18201
8634
-3352
-9955
-21476
-11838
-11898
-12282
-11759
-7618
141
2598
9585
11905
13591
18598
14006
7563
3922
3259
10
-4166
-7616
-12583
-13271
-11617
-12101
-13483
-6531
-1404
1726
6838
9454
10348
11165
9430
8000
4233
2675
-4649
-9530
-9388
-10931
-6613
-6434
-3448
-3997
-2614
-5324
-7599
-6288
-2818
-1240
11517
22552
18303
15594
14361
15554
1719
-4417
-15402
-16921
-8131
-10823
-11815
-10422
-4269
1982
7922
11529
10833
13498
15482
8030
3451
3037
1265
-1156
-6226
-12437
-16248
-13479
-9587
-11925
-6985
-561
3807
8119
9253
11567
11955
14635
11401
8032
2250
-4195
-13423
-15715
-15768
-12436
-7073
-5035
-2209
-3174
-1753
-4649
-4291
-2830
182
5481
19879
20502
15400
11086
14149
9281
-3283
-7842
-18639
-10239
-10016
-13765
-13311
-9528
-426
5850
9943
10925
11581
14760
10445
3865
2816
2472
2554
-3417
-9550
-15294
-14891
-10532
-9811
-7245
-1075
4417
6570
8350
7801
9523
11854
12025
8502
3102
-3821
-12254
-15690
-16748
-13997
-7309
-4230
-1184
-1373
-1784
-1854
-3041
-2616
1181
5086
8223
21026
18539
11892
8128
9738
5230
-5170
-9850
-18379
-12740
-12296
-15499
-11233
-5302
5047
10850
12278
13577
11138
13871
9554
4741
4813
3551
1782
-6562
-13405
-16881
-16069
-9121
-5680
-3255
1855
4212
5291
5945
8043
11004
11851
12632
6300
-661
-8034
-15075
-17815
-15329
-10712
-4445
-1563
-55
-765
-402
-238
-1921
316
3400
3544
9487
20796
13773
8851
6906
10659
800
-6777
-14867
-20444
-11469
-13034
-11903
-6105
1673
9763
13223
13382
13359
12951
14639
9236
4518
2673
821
-5378
-14052
-18244
-19277
-13283
-5722
-3321
-2871
2691
4275
5331
8862
10287
12104
12968
9975
801
-4923
-12327
-14884
-15088
-12976
-7777
-3983
-2036
-1029
-1550
-1277
-145
-13
16
1462
594
9971
19358
11745
8111
7717
12190
154
-6975
-16229
-17035
-7945
-10246
-8193
-3284
3654
10944
11569
11958
11831
12607
14277
6779
2067
577
-3085
-8998
-15321
-18279
-15750
-8365
-2404
-3843
-515
3879
4914
8218
8815
10357
13404
11804
4708
-3012
-6386
-11890
-14156
-15786
-13267
-7484
-4652
-1997
-1641
-1093
2309
1101
170
-352
-127
541
13949
19052
9956
8593
10119
11229
-2231
-8079
-17952
-13001
-5899
-9251
-6686
-1912
4564
9400
9813
10811
11530
14409
13892
4936
788
-1462
-5363
-11298
-16104
-16177
-11632
-4795
-1603
-3690
544
4098
6162
8367
9153
10778
10447
8896
1472
-4225
-9105
-12723
-14358
-14135
-10680
-5038
-2306
-869
-1252
54
605
87
-581
-474
800
2808
18984
16309
9167
6510
10409
7799
-3240
-8576
-16801
-8367
-6377
-10404
-7267
-2194
4290
10089
9770
13141
12388
15111
9721
485
-1578
-3625
-5879
-10676
-12954
-13658
-9133
-3603
-2849
-4019
2758
6551
6144
9657
8007
7486
8130
4407
-1945
-6005
-7097
-13087
-13424
-13437
-10545
-5597
-3783
-1279
-1092
1667
1898
-209
-1415
-188
-1238
7135
21149
14212
8944
7676
12252
3840
-4610
-12557
-16592
-6091
-8510
-10304
-5853
-907
6326
10793
11233
13471
13695
14160
7199
-1003
-2166
-3277
-6495
-9848
-12890
-11438
-7079
-2150
-3174
-1166
5358
5152
7191
7129
6316
6825
7853
2198
-3186
-4097
-10506
-12103
-12937
-11738
-7767
-3651
-2035
-1124
581
1987
-164
201
265
158
620
15358
17745
9391
7189
9084
11245
-70
-7319
-16168
-11204
-6012
-10302
-8651
-3941
930
9252
8677
9769
10847
12107
11618
2826
-571
-118
-2669
-6515
-10856
-12532
-9369
-3586
-1262
-2535
1302
4114
2933
4713
4124
6129
7547
6426
1588
-2763
-6248
-11975
-12596
-13175
-9971
-4895
-2981
-236
100
504
805
-437
-397
487
-1129
6492
19779
13084
8023
5820
13730
4805
-4790
-12249
-16586
-6543
-8678
-11371
-7840
-2934
5065
8913
7952
10529
12453
15043
9579
3098
2549
1295
-1895
-6984
-9975
-10458
-6133
-1722
-3725
-2604
329
998
1574
2490
3654
6612
7575
5149
-2319
-4200
-8263
-10791
-10299
-9468
-5400
-2289
25
-586
-1664
18
-1423
-1912
-1275
-1101
-1560
13163
16417
7875
6567
9426
13529
639
-6631
-15762
-11576
-6033
-11829
-11373
-5209
394
8193
6916
7971
10835
14898
15073
8793
6218
5407
2353
-3142
-8813
-12375
-10015
-5271
-3782
-5061
-4336
-2483
-1366
-575
1890
5712
9179
9849
4493
-252
-3650
-7280
-8383
-7910
-6300
-3457
-2077
-3841
-5690
-5340
-5100
-4962
-4421
-1620
-3495
3862
15786
10642
9311
7350
18035
10135
-489
-8838
-14297
-6088
-10155
-11617
-7503
-2637
4331
6435
5277
7611
12218
16440
13783
10681
8609
5960
1167
-6312
-11511
-11872
-8560
-4513
-5899
-6276
-5705
-4657
-2413
-93
4504
8996
10707
11093
4459
-33
-4449
-6933
-7256
-7745
-6203
-6096
-6681
-7658
-9602
-7947
-6712
-5351
-2499
-1262
-2463
11226
17800
11601
10153
14108
19821
7472
-1553
-12646
-10249
-6656
-11603
-11164
-7926
-2233
4028
3432
3851
7747
14800
17099
14329
11052
9135
6706
-353
-7431
-12185
-10579
-6598
-6593
-9277
-9563
-7249
-5761
-3079
662
6503
10680
11626
9222
3220
1379
-3062
-4962
-6508
-8152
-8985
-9422
-10091
-12122
-10774
-8246
-5431
-3283
-599
-1803
5039
18030
14667
13374
13490
20805
14956
2275
-7075
-12061
-6583
-9527
-12634
-9698
-6328
-553
1232
1004
4435
10513
17213
16351
14260
12470
9914
4261
-3332
-9570
-10642
-8611
-7535
-10562
-11579
-10846
-9236
-6372
-3800
1360
7677
10614
10795
7988
4538
1463
-1462
-3754
-7010
-8397
-9424
-10517
-12035
-13104
-10836
-7801
-4930
-2664
-929
1468
15422
19057
16287
15251
18419
21359
8954
-1537
-9670
-7917
-7229
-12797
-12269
-10586
-6776
-1595
-1543
1278
6546
14198
16864
15601
14259
12424
9188
2937
-4511
-8647
-8865
-8618
-10683
-13797
-13946
-12022
-9865
-6960
-3448
3902
8897
10148
11140
9380
8119
5321
996
-2044
-5913
-8703
-10427
-12951
-14353
-13821
-10465
-8467
-5737
-2219
-1408
7457
18283
17158
16716
16788
22191
16310
5341
-3035
-6224
-3869
-8277
-11174
-11217
-10723
-7011
-5857
-4160
-825
5545
11907
13866
13478
12484
11543
8223
2823
-2428
-4695
-5052
-5778
-9882
-12907
-13214
-11857
-9711
-8106
-5079
1462
5660
8498
8873
8164
8073
5508
3657
-406
-4458
-6159
-9274
-12479
-14886
-13526
-11369
-8378
-4539
-3336
3815
14497
15825
15591
16199
20487
18501
10722
2381
-1248
180
-2991
-7432
-8379
-10438
-9405
-8908
-8707
-6944
-3228
3778
7180
8300
9911
10365
9867
7490
2203
491
910
718
-2825
-6534
-9119
-9764
-8910
-9793
-9843
-6350
-1561
892
2124
2608
3840
4744
4996
3753
407
-1642
-3395
-7159
-9535
-11072
-9641
-7539
-4499
-3681
-1425
7100
10577
11773
11375
14399
14701
10714
4196
225
1607
1431
-1249
-1874
-2751
-4878
-5101
-6401
-6705
-5612
-1994
3362
5715
6715
7038
6040
5609
1555
-492
536
1256
1042
-1942
-4463
-6312
-5474
-6173
-6779
-5119
-2279
-267
82
-342
-799
1298
2948
3641
1993
-169
-2517
-5120
-8327
-10312
-9526
-6750
-4626
-2241
-1888
230
6268
9050
10011
9145
11650
13406
8435
3319
-231
797
984
-1030
175
-1592
-1831
-1835
-3426
-3173
-3547
-57
4469
7050
6134
4296
3684
2093
-1326
-3058
-3736
-2213
-2272
-4948
-6977
-6328
-4207
-3881
-2770
-1402
1613
3222
2776
980
1580
3596
3860
3555
359
-2708
-5429
-8895
-11363
-12394
-9381
-7152
-5261
-3329
-3719
-2767
3878
7637
8825
9613
11479
14608
11515
7006
2012
2816
3076
1403
1179
-961
-301
-1031
-2242
-2541
-3119
691
3623
5226
4432
1698
1443
-770
-1973
-2931
-4191
-2232
-3021
-4953
-6625
-6111
-4375
-2082
-218
1023
3720
4590
3550
2253
2261
2192
2785
2037
-1005
-4640
-8497
-10370
-11241
-10157
-8462
-6482
-3146
-2071
-3505
-2353
198
4610
8765
9742
10209
10960
12646
8951
4617
1272
1046
3456
1690
-1025
-1133
-1431
-318
-275
-479
2091
4407
5231
3572
899
-2112
-3664
-999
-1379
-2865
-2819
-4967
-6228
-7858
-8253
-6367
-2630
120
1357
3342
3620
2498
1926
2909
2778
4222
2661
-555
-4821
-8331
-8954
-8912
-6545
-5194
-2034
1270
291
-2749
-2535
-1649
-169
2132
5546
8426
8591
7000
5641
5383
3043
1162
2875
2240
1385
507
-406
1428
2002
3888
7308
8174
6814
3472
966
-2084
-3326
-2788
-2404
99
-2708
-6748
-8962
-10127
-9544
-8361
-5858
-2509
1128
3299
2320
1389
2702
4177
5447
5970
3247
-10
-2417
-5452
-7737
-7227
-5976
-2051
1033
1200
-1890
-3570
-3222
-3879
-3178
-1855
1089
4995
7233
4364
1970
2112
4164
6188
4800
1662
2586
2511
446
52
1259
6299
10646
10912
7557
3744
568
-2403
-2138
-2586
-958
-194
-1949
-5158
-9755
-11669
-11565
-9300
-7002
-3802
-1175
1098
902
442
2940
4773
6571
6714
4134
1537
-2075
-5331
-6630
-6823
-4770
-1143
1219
-20
-3139
-3680
-3917
-3908
-3056
-1078
2001
3380
1642
1048
2090
2924
3547
5333
6620
5385
2868
-1637
-2104
-1156
1362
5895
8707
9640
7675
5716
2055
-183
172
1164
3718
1844
-1423
-5021
-6994
-8410
-10743
-9504
-6306
-3976
-2521
-2927
-4244
-1179
1852
3167
5901
6039
4057
1697
-2121
-4792
-5205
-3989
-497
1668
2192
-681
-2758
-2854
-3385
-2824
-1228
1531
2234
1725
-940
-2390
-2320
-202
3927
5868
4664
2636
1604
-10
-2147
-2910
1587
6319
8281
7189
5797
4441
3575
3154
3638
5126
5089
3166
-101
-3275
-6889
-8517
-7288
-5813
-5261
-5915
-5072
-5511
-5432
-3064
-2012
2289
4975
3805
2116
-165
-2255
-3105
-2202
-492
2440
3774
3227
351
-1944
-2344
-2624
-1269
436
852
1116
-191
-3180
-4543
-4188
-2229
569
1509
2219
2434
948
-446
-348
3142
5710
6303
5742
5021
5031
2885
2146
3121
4749
6621
4804
2237
-410
-3734
-5096
-5202
-5351
-4495
-4189
-3191
-3117
-4830
-4517
-2723
-176
1872
1505
-277
-1171
-2836
-3701
-3402
-2804
744
2995
3259
412
-1613
-1386
-1904
-1912
-981
585
1369
896
-1636
-2972
-2788
-1721
-115
535
630
374
282
-434
178
1160
2736
4019
4670
5451
5457
2923
1064
1343
1680
2896
2664
1803
1774
1824
544
-519
-990
-1007
-423
-184
43
-872
-1557
-115
375
59
-477
-1970
-3247
-4713
-6375
-6705
-5896
-3255
-506
631
481
-166
-31
449
-295
-765
1219
2541
2940
1844
190
573
626
723
789
593
112
-270
-941
-1847
-2500
-2537
-1376
320
1957
3092
2613
2360
3169
2646
1876
1469
878
1175
1996
1029
1356
2170
2828
3714
3536
3511
2297
888
810
319
-311
-1606
-2315
-3934
-5693
-7270
-8814
-8124
-7519
-4859
-2529
-1393
-383
396
1844
1699
1634
2578
3842
4010
2983
2169
1932
1414
1081
654
908
939
-491
-1282
-1597
-2241
-2645
-2955
-2417
-1364
-647
-849
-594
1223
1527
1622
1929
3258
3091
2409
623
-658
319
833
1931
3052
4606
5134
3873
2562
1432
334
-627
-1417
-2843
-4643
-6128
-7823
-7812
-7851
-6566
-3679
-1465
329
549
1069
1366
1258
1828
2702
3520
3267
2885
2148
807
-75
-736
-352
721
1045
483
99
356
-485
-1412
-1147
-228
557
1065
-211
-868
-1732
-2527
-2576
-1225
914
1205
831
501
1430
1309
1220
1217
1788
3534
3682
2887
3420
3633
4015
2868
1127
-1190
-3726
-5405
-6448
-7041
-7285
-4180
-1189
683
1159
177
922
1150
412
598
1180
1700
1990
886
-391
-601
-1015
-445
894
2247
1116
402
1379
674
279
538
1774
3490
3906
2467
499
429
-1678
-4180
-4502
-4357
-4030
-4902
-4736
-2924
-1127
613
1100
2152
4503
4645
2652
1049
2626
4215
4055
4103
2546
795
-192
-2978
-5279
-6548
-5440
-2915
-712
106
-612
-250
1393
1020
220
476
830
1200
-23
-1526
-2249
-1843
-1225
-777
958
1679
897
1184
1348
1038
909
2007
3381
4384
4417
2326
2372
1650
-1330
-2201
-3980
-4605
-5829
-7263
-7193
-6985
-5460
-4055
-1685
1232
2849
2322
2084
4560
6316
6442
5381
4368
3509
1935
-318
-1861
-2487
-2337
-1226
-519
-567
-804
-1039
-329
495
-103
902
1929
2020
1090
-409
-1112
-795
-1015
-1321
-1132
-235
-13
-727
-49
645
1696
2169
2973
3590
3424
2741
1345
2068
1294
255
-1056
-2447
-2831
-4956
-5869
-6339
-6085
-5112
-4420
-4050
-3169
-3193
-2738
-63
2238
4962
5336
6922
7970
5660
2491
-817
-855
-1279
-1350
-1093
493
2618
2349
912
764
288
553
868
446
955
204
112
-95
-702
-1270
-2407
-1838
-370
-1484
-2309
-1469
-1157
-590
-270
717
2658
4286
3288
2940
3355
1765
342
-1913
-1926
-1583
-2696
-2159
-3391
-3750
-2731
-3408
-3388
-3398
-3640
-3662
-3386
-1932
-1976
492
3966
4007
3245
1942
3556
3106
1882
-464
-365
2856
3964
3450
3833
4802
4664
4224
2690
1458
313
-578
-425
-1099
-1903
-2938
-3079
-1612
-1992
-3327
-2901
-1203
-1128
-1466
-1365
259
2115
2272
1740
3487
4285
3027
1514
165
132
-1033
-1627
-2569
-3422
-3132
-3376
-3236
-2264
-2585
-3125
-3302
-3663
-3386
-3350
-2708
-2621
-3284
-3594
-755
1325
1400
284
2582
6316
8367
6304
3569
5534
5374
4354
3299
3694
4875
4314
2264
-260
-2145
-3016
-4184
-3425
-2358
-2685
-2664
-1406
-1799
-3261
-3811
-2073
360
1206
1134
1404
2756
2273
992
-19
1991
2797
1999
1832
122
-1511
-1960
-3328
-3219
-2234
-2559
-2042
-2751
-2706
-2683
-2855
-3163
-3841
-4893
-4794
-4318
-4661
-6275
-3053
1946
5618
7253
6877
10152
10742
8801
4146
3793
5477
4876
3888
2583
2124
2181
721
-2389
-2849
-2511
-2721
-1638
-1716
-3166
-3547
-3096
-2241
-2215
-2684
-2050
410
1774
820
-1083
-719
699
921
1045
1869
1853
2416
1782
9
-687
-1546
-1938
-2736
-2833
-2610
-2427
-2602
-2870
-4553
-5385
-5210
-5566
-6445
-6395
-5383
-3084
-956
1811
6337
8278
8823
7915
10398
11590
10499
5513
4162
5155
3726
2284
222
1493
3231
1899
-1020
-2556
-3645
-4838
-5187
-4904
-4954
-4703
-4291
-2772
-2173
-2733
-3481
-1529
648
1270
515
1167
1472
793
842
988
2912
3348
2183
696
-1019
-1764
-2506
-2715
-2874
-3444
-4560
-4532
-5239
-6403
-6695
-5947
-4609
-2808
-1873
-1163
193
-73
978
5825
9598
10822
9026
10782
12001
9800
5336
1915
4304
5536
4532
2269
2290
1646
-107
-4128
-6280
-6214
-6098
-5768
-4765
-4898
-4673
-4484
-4540
-3829
-3137
-2711
175
3083
2198
1440
1150
1739
2194
1301
964
2604
3067
2023
252
-1582
-2947
-4167
-4995
-4912
-4315
-4256
-4842
-4979
-4475
-2973
-1873
-1006
-902
-1100
-116
563
731
862
5807
8843
9177
7804
9561
11639
10923
7295
3716
6722
6600
3982
204
-1267
-1242
-1913
-5314
-7333
-6411
-5660
-5426
-5650
-7321
-6856
-5841
-4198
-2143
-1817
-992
2179
4374
4115
2446
1883
2243
1307
145
-95
1609
1013
-555
-3274
-3966
-3720
-3617
-3944
-3571
-2451
-1351
-1316
-1781
-2198
-1727
-264
-135
-1054
-1907
-2215
-2694
-3628
-3010
3797
8266
9450
8016
11794
15454
14304
8962
4347
6890
5770
2917
-1139
-2308
-2093
-3021
-6147
-8681
-9328
-9420
-9231
-8356
-8687
-7043
-4206
-1317
849
1632
2841
5794
7044
5049
3004
2323
2507
307
-2326
-3850
-1350
-700
-710
-2429
-2331
-1327
-974
-537
-887
753
1239
778
-1252
-2740
-2463
-2622
-4319
-5646
-6743
-5054
-4298
-4408
-3135
6122
12215
13997
12270
15402
17861
14568
8480
3156
5804
4152
217
-4049
-4364
-6127
-8084
-11677
-13499
-12151
-9842
-7694
-5209
-4830
-1998
1419
3820
4599
3376
4052
6318
6413
3152
205
-1741
-2280
-4035
-5240
-4387
-1604
-672
-462
-367
44
514
1396
1698
1891
921
321
-1511
-4661
-6276
-6546
-5754
-4620
-5545
-5838
-3759
-1960
-943
1628
10348
15766
16498
12771
14340
17408
12875
5524
20
4595
4113
-3245
-8844
-10804
-9766
-10088
-11327
-10142
-6371
-2128
-1396
-34
-1265
-808
1899
3561
3790
2119
2384
1751
332
-3370
-4821
-3014
-2348
-3554
-4051
-1880
2356
2721
2433
2656
4015
3827
1705
302
-871
-1145
-2896
-4787
-5624
-5874
-4982
-3973
-3083
-2025
-1969
269
774
1167
497
7898
14563
13761
9690
9211
15717
12595
5611
-2767
-143
706
-5385
-8684
-8175
-4025
-3584
-4931
-4664
-3295
-845
-2016
-1160
-1357
-1216
2198
1172
-74
-2463
-1496
173
196
-2839
-2966
-1371
-956
-2141
-2915
-99
3559
3875
3023
2684
1559
124
-2146
-2652
-2576
-1687
-2271
-3190
-4593
-5239
-4073
-2479
-1078
-1452
-2534
-3022
-2558
-2197
-1477
1110
12053
16079
14515
9747
12050
13877
6893
1044
-2968
4365
703
-5553
-7104
-6788
-5874
-7137
-7875
-5564
-2979
-1636
-2738
-2656
-4165
-1778
1271
1990
1368
-56
1334
798
-373
-2070
221
1285
769
-1640
-1607
-151
161
-628
779
1168
1684
-407
-1375
-191
-440
143
-678
-816
-2711
-3795
-4449
-4498
-3126
-2641
-2193
-1785
-814
1323
1762
2043
10479
12991
11819
9164
11980
16207
9190
3737
-1689
2704
-2111
-8828
-8916
-7655
-6072
-7064
-7630
-6572
-4530
-2733
-2859
-850
-1063
876
3926
2084
1496
939
2845
2854
1487
-260
1195
725
-2698
-4804
-4390
-1779
650
1168
1066
1697
611
409
-406
-370
-371
542
-806
-2748
-3439
-4242
-3247
-2619
-940
-38
180
-2724
-3763
-3651
-891
-711
8483
14151
12588
10490
10170
14945
8041
3688
-2000
2529
391
-7422
-7830
-8501
-7788
-9321
-8423
-6217
-4705
-2399
-3736
-1834
-801
1344
5769
4246
3571
2705
3545
1864
134
-620
574
540
-2394
-5013
-5195
-3770
-1166
165
980
2184
1294
687
-2080
-772
755
1723
1273
-340
-453
-2049
-3533
-5160
-4288
-2574
-1669
-3037
-4116
-3329
-1452
-134
681
11285
15286
14879
11201
12962
14912
7335
2312
-3578
230
-4140
-8800
-9557
-11433
-10141
-9735
-7245
-4962
-2897
1090
816
2274
1242
3581
5810
4144
3689
3091
3731
1394
42
-2350
-2336
-2649
-4172
-5134
-3863
-2363
-437
-136
371
1482
2143
1955
1768
3060
2598
1852
-1984
-4144
-5313
-5076
-4544
-3032
-1717
-461
-733
-1840
-3918
-2578
-456
2569
3664
13513
16513
13140
8330
6769
11476
3854
759
-4571
-152
-4358
-11077
-11475
-11911
-8050
-6460
-4375
-1696
-496
1878
791
672
1623
4089
7556
4982
2854
1030
963
-519
-2126
-2685
-1242
-2024
-3097
-5201
-5154
-3006
-527
739
3047
3845
1861
-358
-2098
-406
-33
495
-160
696
-168
-1894
-3182
-2622
-1323
737
1404
1315
-211
-1304
-1794
-1177
-1009
5760
13535
11919
9171
5021
10138
5868
1664
-3002
-2784
-1641
-9930
-10941
-11691
-9668
-5852
-3733
-1309
-949
1178
1261
168
2381
2702
6922
6222
3778
1695
393
-702
-1530
-1857
-1380
463
-547
-2808
-5357
-4451
-3255
-1164
-30
1318
2634
2173
1395
550
602
1132
2597
2646
1311
89
-857
-1021
-1229
-3219
-2049
-933
-693
-2997
-4461
-3389
-746
-373
1999
11004
9410
6995
2956
8419
6555
1693
-2484
-5357
-1600
-9686
-9813
-8633
-6884
-2850
-2643
-1814
-1533
949
3176
733
2892
2861
6947
5847
1833
1355
2225
2363
-91
-374
-855
-536
-2997
-5775
-6647
-3846
-1628
351
75
397
2404
1902
183
1495
4539
7012
5323
2356
733
522
-867
-2433
-1731
-982
-809
-2493
-5850
-8044
-7924
-5053
-1977
-1716
1552
10432
9301
5856
915
7390
9644
3846
328
-3896
824
-6938
-9055
-8870
-6066
-1642
-1755
-1975
-2673
-39
3164
2388
5109
5624
7541
6838
1620
-301
-818
1060
1096
1219
-771
-1265
-3350
-5800
-7247
-4639
-1168
1007
1693
2415
2825
980
542
2146
6042
7135
6490
3354
1298
-2244
-5102
-5939
-4139
-2650
-2491
-3337
-5681
-6457
-7968
-6357
-4155
-663
-505
6287
8216
6403
3960
6006
11390
5586
4062
-2462
-1610
-5575
-9702
-6542
-4896
-879
-481
-779
-108
-1869
1062
831
2339
4717
5226
6559
2051
860
-236
1483
1670
1127
1681
468
-1679
-6060
-8762
-6760
-3990
-836
1679
3114
4164
2844
973
319
3030
4864
5272
4936
2366
71
-2908
-5412
-5684
-5447
-4697
-4559
-5982
-6995
-7217
-6898
-5089
-2617
-283
2000
9395
9549
7829
6130
7944
8758
4115
1823
-2162
-346
-4962
-7332
-5803
-5160
-2285
-1229
-866
445
2522
5066
3217
4569
5353
5718
5833
2416
2680
1525
933
-805
-2539
-3562
-4319
-4272
-6162
-5793
-3119
-704
917
561
2136
4256
4065
2958
2918
4220
3862
2168
-607
-2654
-4020
-4930
-6068
-5308
-3640
-3599
-4621
-6326
-6175
-4645
-4190
-4059
-2701
495
639
1158
6646
5849
5859
3606
7182
5149
2936
2502
-398
2062
-1988
-945
-102
113
1492
2160
1787
1494
1174
3085
813
1585
2332
3112
4635
1376
552
-450
368
-908
-1776
-1684
-1529
-606
-2168
-4147
-2967
-1225
-861
-151
66
1118
1965
996
147
1251
2151
1906
334
-1964
-2676
-3330
-5517
-7410
-7427
-6728
-6034
-6846
-6747
-5341
-4659
-4643
-4375
-2561
405
6637
10067
9666
9106
10424
11745
7649
4850
2621
3279
2085
-2967
-3118
-2889
-1482
-1181
-2462
-478
2025
5033
3582
2799
3054
1866
2058
-600
-655
736
11
-1957
-4141
-4807
-4430
-3941
-4400
-2374
248
1476
1636
1497
1781
2166
2440
2065
1271
736
-588
-2936
-5136
-7107
-7437
-7138
-7387
-7331
-5465
-3912
-3759
-2554
-410
1683
2245
1481
943
1837
1681
1672
5045
7668
7096
4778
4669
5740
5488
4140
2972
4490
4191
2601
2035
2016
2719
3006
2209
1832
145
-1863
-4082
-5736
-5093
-5260
-2906
-2415
-1528
-1027
-1297
-468
318
2967
3894
4654
4383
2216
-1090
-3185
-3138
-1986
-1652
-2281
-2931
-4018
-7058
-9179
-8025
-5523
-2085
211
1365
1142
481
-1029
-714
633
1851
2788
2682
551
-3240
-5295
-5636
-4337
-2185
764
4983
8029
7325
6383
6460
8130
8514
8367
8524
7547
5265
885
-2239
-2135
-2670
-2200
-3542
-4127
-3230
-3547
-3341
-4268
-1102
640
2166
2436
2017
2199
828
106
-790
-202
-826
-1416
-3127
-5674
-5732
-5459
-4591
-3890
-3066
-1171
-535
-759
-1172
-89
1255
1104
319
-281
-188
-1046
-1947
-1548
-1346
-370
-459
-678
-749
-865
484
1496
2299
1882
1608
2161
2371
2272
3208
4126
3680
2730
1978
1868
881
-170
-544
225
1261
1186
1129
867
1369
1365
566
13
138
1006
982
-169
-1408
-1152
-1428
-1859
-1287
-1374
-1221
-1425
-2616
-3093
-2487
-2561
-2427
-1577
-1186
-921
-692
-1061
30
919
743
750
914
808
214
536
280
577
1189
992
606
-294
-436
-279
-237
-744
-793
596
-170
-1120
-1650
-1456
-409
-278
333
1424
2504
1165
430
380
118
1445
1456
403
284
404
533
772
1076
1593
2887
2916
2446
1933
1949
2765
2732
2236
1068
1332
636
-397
-1971
-3004
-2565
-2764
-2527
-2369
-1941
-1392
-1105
-1374
-719
538
1397
1554
1158
687
-81
-1100
-2250
-1848
-1600
-1671
-1416
-2198
-2205
-2258
-2271
-2066
-1147
32
1254
2218
1721
1150
512
-211
-1523
-2041
-2047
-2209
-2219
-2519
-2296
-2946
-2523
-1742
469
3178
4144
4888
4455
3384
3391
3876
4157
3882
4035
3824
1691
-491
-1908
-1505
-975
-962
-1395
-871
142
-515
-96
739
1022
1776
1349
839
69
-991
-1507
-1639
-1477
-1557
-1730
-2559
-3028
-3302
-3054
-1861
-623
-94
421
404
324
917
963
1535
2279
2166
1038
-538
-1912
-2745
-2589
-2370
-1445
-1177
-1419
-2290
-3452
-3339
-2948
-1067
1088
2199
2172
1205
843
1879
3035
3497
3841
5053
4687
3584
804
-346
747
1110
1436
1281
2141
2330
2020
108
-578
359
747
1315
1008
876
498
-127
-1446
-2478
-1876
-1857
-1928
-2218
-2623
-2008
-1515
-1845
-2053
-1569
-818
-168
-34
337
692
949
74
-174
-202
-68
301
-7
-344
-1083
-1469
-2063
-3121
-3427
-2700
-2550
-1855
-2421
-2019
-894
-524
-33
877
2542
2975
3318
2187
1695
2760
3090
2351
1827
1348
1176
1360
193
246
1324
1728
2066
1864
1655
2042
1713
780
952
788
814
409
-402
-638
-1216
-1664
-2182
-2705
-3250
-2905
-2785
-2424
-1801
-699
542
850
1130
556
-18
-254
65
409
106
-586
-1352
-1928
-2955
-3205
-1635
-896
159
240
-530
-503
-1891
-1278
-320
1042
1478
1514
1696
303
-330
-1320
-891
330
1080
1268
888
44
-466
209
659
764
1305
2664
2966
1671
917
1391
2028
2352
2705
3438
3846
2544
857
330
-311
104
347
-232
-196
-560
-959
-1278
-1966
-1636
-553
-343
-952
-1418
-1395
-1252
-732
-1023
-1306
-640
-721
-809
-1759
-2128
-1888
-1710
-1699
-1834
-826
99
337
558
995
1182
625
-445
-815
-1032
-526
-826
-1614
-2031
-2397
-2981
-3571
-3807
-3202
-1172
103
233
157
572
1904
2685
2369
2849
3732
4515
4171
3151
2805
3043
2862
2713
3122
3013
3001
1657
218
-928
-644
550
922
1294
1514
1966
838
-542
-1035
-442
155
-379
-1123
-1801
-1714
-2281
-2657
-2581
-2349
-946
-574
-1153
-855
-33
163
-229
-1077
-1160
-405
-631
-1714
-2225
-1654
-1802
-2506
-3072
-2913
-2515
-2558
-3193
-3208
-2616
-2279
-2800
-3114
-2733
-1574
853
2167
2650
2681
3081
4278
4470
3737
3909
4614
5069
4577
3081
2510
2521
2092
1390
1835
3122
4072
3195
1645
1132
1123
1843
1734
2366
3398
2589
973
-1374
-2868
-2817
-3113
-2838
-2450
-2093
-2003
-2473
-2912
-3340
-2613
-1633
-707
-788
-1107
-834
-1186
-1991
-2948
-3008
-2401
-2114
-2851
-3550
-4061
-4324
-4660
-4576
-3399
-2200
-1252
-840
-551
-121
-343
-261
22
727
1961
3165
4252
4114
3026
1358
1546
2114
2399
2588
2553
2576
2908
2567
1711
2941
3637
4937
5317
5529
5841
4637
2887
1435
1103
946
974
343
-647
-1851
-3420
-3821
-4220
-3963
-2260
-1116
-400
-750
-1388
-1558
-1594
-1992
-1795
-1633
-1721
-2460
-3386
-3673
-3410
-2756
-2401
-1738
-1779
-1797
-2106
-2241
-2000
-1297
-206
441
1246
1152
401
-67
172
548
442
430
319
-116
-736
-996
162
1607
1834
1429
1524
2900
3331
2761
2828
4007
5537
5498
4139
3263
3287
2869
2375
2127
2211
2766
2081
277
-1144
-1758
-732
-563
-590
-426
-692
-1311
-2866
-4026
-3601
-2552
-1783
-968
-1306
-1298
-2122
-3471
-3478
-3236
-2232
-1360
-1344
-1551
-1627
-2030
-2562
-2023
-896
416
1460
1155
438
-195
-359
-693
-597
93
322
114
-416
-1342
-1887
-1465
-1470
-704
-334
-158
47
532
820
1429
2089
1999
2633
4094
4763
3914
2835
2131
2364
2306
1663
1858
2149
1504
138
-1164
-951
70
785
1473
1835
2076
1618
-117
-931
-890
-308
-45
-327
-843
-1175
-1588
-2403
-2412
-2566
-1893
-1195
-1099
-931
-874
-997
-1124
-804
-124
606
735
164
-193
-821
-1215
-1298
-1218
-540
-499
-1006
-1288
-1617
-1562
-1181
-1049
-666
-391
-226
-613
-487
-261
398
639
64
-553
-653
-365
-786
-895
-860
376
1710
2133
1994
1513
1162
1573
2448
3127
3753
4091
3457
2590
1681
1388
1798
1695
1936
1505
871
-227
-1766
-2145
-1961
-1451
-1220
-889
-613
-181
-261
-544
-284
-372
-45
427
95
-595
-1529
-1606
-1439
-1515
-1206
-734
-230
-491
-882
-1056
-705
-383
-679
-801
-1184
-1339
-1629
-1972
-2381
-2159
-1767
-1792
-1315
-1851
-1637
-1342
-1079
-609
-465
-65
153
1516
2205
1977
1800
1407
2172
3093
3081
2574
2377
2208
2252
1805
1426
1622
1953
2142
1822
2033
2286
1785
880
530
468
903
753
94
467
556
-478
-1109
-1661
-1553
-1018
-1613
-1239
-926
-734
-461
-198
-105
-52
-188
-407
-304
-715
-965
-802
-939
-1924
-2182
-2006
-1997
-2014
-2843
-3169
-2907
-2668
-2234
-1538
-873
-624
-444
-299
-578
-559
-402
-265
-113
-196
-203
-391
-234
140
856
1401
1483
1581
2019
3046
3584
2991
2354
1832
2175
2404
2565
3098
3115
2800
2070
897
198
32
-204
-162
-344
-678
-738
-991
-1244
-1251
-1525
-1076
-416
337
1007
903
1316
835
-68
-627
-766
-242
-182
-747
-1562
-1737
-2106
-2728
-2989
-2715
-2152
-1655
-1830
-1981
-1851
-1831
-1944
-1992
-1323
-563
466
1158
1043
955
363
141
-54
-218
-50
368
722
449
314
795
1863
2276
2586
2697
3312
4003
3695
2844
2052
1801
1680
1506
518
186
-103
-779
-1122
-896
-218
759
1033
737
1002
779
896
484
735
1451
1342
874
-99
-198
-400
-726
-1616
-1845
-1710
-2067
-2327
-2990
-3035
-2667
-2760
-2531
-2004
-1502
-1171
-1541
-1905
-2155
-1977
-1873
-1680
-1225
-1171
-1301
-1224
-1070
-714
-238
50
493
907
867
933
1014
954
1196
1155
1164
1346
1460
1421
1347
775
1208
1971
2185
2003
1737
1769
2260
2496
1886
2278
1903
1728
1416
1075
1257
884
327
-194
-13
-385
-779
-1033
-595
-408
-937
-1154
-1170
-1184
-554
-608
-500
-719
-1800
-2191
-2893
-2894
-3182
-3182
-2839
-2441
-2179
-2331
-1938
-1561
-753
-159
61
509
512
453
146
-357
-502
-593
-473
-564
-598
-216
450
892
951
1165
1338
1574
1831
2094
2135
2752
3429
3538
3114
2281
1956
2095
2294
1947
1652
1204
894
717
743
1180
1687
1781
1967
2084
1713
1396
337
-26
-431
-1110
-1461
-1971
-2226
-2266
-2688
-2916
-2730
-2384
-2039
-2035
-2089
-1853
-1467
-1594
-1365
-812
-664
-838
-1499
-1934
-1875
-1818
-1696
-1311
-1232
-1198
-1207
-1367
-1466
-1027
-384
-206
257
386
564
914
832
1040
1146
1235
1178
1217
1472
1790
2452
2528
2377
1976
1738
2138
3012
3073
2761
2472
1850
1612
938
675
990
736
639
525
261
-24
-312
-713
-732
-648
-691
-505
-843
-1359
-1622
-1982
-2239
-2402
-2466
-2326
-2102
-1980
-1558
-1218
-951
-597
-678
-820
-1128
-1416
-1352
-1453
-1552
-1300
-1290
-1337
-1630
-1563
-1166
-684
-363
94
589
866
1073
1007
1255
1577
1708
1542
1547
1406
1319
973
507
339
101
194
320
744
1138
1611
1892
2023
2438
2528
2224
1684
1271
1057
1400
1698
1570
1333
621
-154
-260
-396
-64
407
422
1062
555
-323
-786
-844
-509
-287
-471
-834
-1029
-1617
-2071
-2272
-1925
-1546
-1361
-1336
-1232
-1241
-1206
-1342
-1675
-1011
-588
-559
-610
-714
-828
-1222
-1535
-1854
-1424
-1285
-1550
-1417
-1594
-1619
-1211
-748
-365
-22
-50
185
74
-190
-85
923
1774
1655
1245
824
1407
2001
1985
2130
2677
3081
3415
3137
3116
3756
3751
3311
2735
2566
2105
1246
581
235
156
84
-206
-446
-605
-906
-1081
-941
-978
-689
-170
-105
-249
-524
-707
-720
-609
-762
-1025
-1198
-1522
-2142
-2604
-2727
-2573
-2346
-2251
-2140
-2217
-2190
-2093
-2143
-2283
-2348
-1929
-1415
-1277
-1454
-1674
-1797
-1918
-1783
-1311
-663
-23
550
780
768
1081
1540
2043
2357
2413
2517
2749
2877
2769
2514
2182
2001
2028
2054
2339
2477
2653
2662
2414
2018
1782
2059
1851
1765
1715
1776
1943
1474
700
268
-12
-577
-903
-1011
-1173
-1283
-1415
-1480
-1620
-1693
-1823
-1943
-2191
-2484
-2646
-2720
-3137
-3284
-3032
-3257
-3433
-3607
-3211
-2511
-2002
-1565
-1161
-1067
-1071
-1209
-1184
-1002
-675
-412
-551
-742
-913
-726
-479
271
1254
2116
2297
2275
2597
3213
3741
3892
4207
4416
4333
3919
3498
3653
4056
3925
3776
3523
3418
3154
2367
1848
1525
1651
1611
1202
593
-146
-635
-1524
-2259
-2727
-2355
-2100
-2287
-2511
-2692
-2876
-2983
-3149
-3118
-2960
-3136
-2888
-2977
-2796
-2608
-2493
-2366
-2244
-1981
-1804
-1776
-1995
-2151
-2207
-2187
-2126
-2029
-1651
-1461
-1271
-1114
-781
-379
-59
145
494
973
1283
2091
2786
3202
3217
3034
3508
3967
3799
3754
3886
4162
4250
4042
3938
4067
3920
3250
2762
2250
1973
1406
720
397
6
-256
-863
-1299
-1664
-1688
-1811
-1720
-1673
-1869
-2017
-2209
-2219
-2471
-2674
-2633
-2087
-1904
-1912
-1926
-1973
-2124
-2244
-2410
-2586
-2621
-2687
-2474
-2443
-2448
-2550
-2490
-2288
-2435
-2361
-1848
-1066
-711
-384
-193
152
655
1055
1564
1928
2084
2414
2840
2859
3032
3145
3336
3615
3779
3774
3490
3235
3056
3114
2837
2710
2679
2551
2367
1929
1842
1565
1455
1090
899
843
400
-70
-372
-615
-857
-944
-1230
-1235
-1237
-1501
-1725
-1597
-1536
-1256
-1300
-1907
-2154
-2467
-2716
-2785
-2845
-2842
-2792
-2809
-2804
-2863
-2679
-2231
-1635
-1297
-1301
-1384
-1103
-541
-269
-53
-129
-113
-97
-361
-670
-777
-524
-23
832
1294
1452
1741
1584
1578
1840
2416
3356
3761
3561
3340
3232
2928
2976
3238
3297
3328
2930
2272
1731
1284
1136
1107
1076
781
534
243
-267
-596
-970
-991
-1524
-1842
-2204
-2688
-2806
-3038
-2900
-2804
-2565
-2724
-2579
-2600
-2878
-2748
-2452
-1723
-1165
-977
-918
-1042
-1364
-1855
-1816
-1588
-1371
-1331
-1676
-1976
-2088
-2126
-2001
-1568
-1047
-561
-318
-170
-33
431
991
1867
2742
3111
3264
3327
3467
3617
3658
3730
3617
3426
3308
3348
3423
3481
3720
3594
3420
3143
2720
1988
1412
1276
1089
882
145
-183
-494
-1075
-1475
-1611
-1431
-1311
-1247
-1545
-1551
-1525
-1387
-1277
-1208
-846
-588
-773
-1667
-2243
-2489
-2596
-2457
-2728
-2825
-2716
-2838
-3151
-3471
-3341
-2950
-2590
-2359
-2117
-1953
-1808
-1491
-1204
-713
-214
247
572
558
462
791
1390
1715
2069
2244
2505
2656
2644
2608
2719
2987
3234
3512
3248
2709
2542
2383
2093
1899
1411
1471
1690
1419
1159
966
665
498
219
-10
275
120
-319
-335
-473
-539
-874
-1498
-1544
-1525
-1838
-2284
-2497
-2648
-2580
-2768
-2955
-2541
-2327
-2165
-2008
-1893
-1721
-1679
-1769
-1782
-1655
-1595
-1309
-1134
-1082
-925
-912
-847
-809
-480
-32
236
373
683
1181
1589
1671
1570
1607
1984
2116
1911
2029
2157
2325
2083
1852
2036
2529
2695
2772
3115
3067
2996
2645
2547
2585
2427
2271
1996
1841
1444
810
247
-53
-171
-452
-905
-1257
-1418
-1567
-1812
-1995
-2042
-1864
-1723
-2112
-2440
-2843
-3038
-2873
-2895
-2801
-2731
-2472
-2441
-2632
-2738
-2738
-2406
-2258
-2164
-1940
-1702
-1618
-1511
-1391
-1309
-1234
-1253
-993
-553
-223
-6
424
685
948
1319
1632
2108
2538
2933
3532
3852
3685
3526
3438
3501
3371
3191
3332
3481
3363
2771
2231
1925
1847
1864
1836
1753
1591
1281
656
-52
-691
-815
-815
-938
-1362
-1576
-1753
-2009
-2174
-2316
-1987
-1626
-1367
-1439
-1626
-1652
-1767
-2130
-2477
-2431
-2369
-2591
-3058
-3375
-3239
-2909
-2800
-2572
-2368
-2056
-1697
-1559
-1378
-1149
-692
-90
398
697
873
1107
974
747
863
1443
1869
1966
2236
2587
2943
3023
3248
3531
3909
3891
3649
3557
3221
2947
2691
2460
2287
1874
1524
1245
1056
939
732
704
618
644
540
301
115
-165
-303
-624
-846
-882
-987
-1202
-1609
-2038
-2240
-2270
-2504
-2624
-2729
-2694
-2626
-2773
-2925
-2950
-2743
-2547
-2601
-2691
-2720
-2646
-2619
-2588
-2327
-2306
-1956
-1805
-1574
-1272
-1026
-347
228
684
1062
1531
1649
1733
1624
1488
1669
1853
2055
2100
2008
1987
1949
2103
2491
3048
3436
3643
3597
3512
3434
2989
2610
2287
2181
1869
1469
954
653
532
279
259
-7
-57
-153
-482
-854
-1173
-1229
-1230
-1220
-1483
-1848
-2296
-2942
-3385
-3771
-3905
-3796
-3574
-3418
-3222
-3006
-2870
-2619
-2355
-1888
-1464
-1359
-1052
-692
-504
-468
-590
-623
-627
-550
-709
-689
-328
112
598
948
1402
1858
2129
2405
2873
3321
3639
3764
3728
3457
3065
2850
2925
3015
2998
2970
2849
2412
1853
1449
1148
1153
1279
1193
1112
825
490
11
-452
-661
-913
-1223
-1649
-2100
-2346
-2430
-2647
-2591
-2311
-1890
-1650
-1766
-2026
-1890
-1837
-2189
-2396
-2431
-2104
-1959
-1952
-2096
-2004
-1740
-1783
-1692
-1467
-1089
-776
-545
-414
-164
170
451
624
664
765
1211
1712
1903
1932
2091
2403
2612
2659
2753
3018
3189
3066
2787
2540
2512
2620
2575
2282
1969
1824
1523
1100
529
296
514
431
-11
-501
-748
-930
-1055
-1235
-1326
-995
-1054
-1328
-1580
-1902
-2056
-2215
-2239
-2304
-2227
-2306
-2416
-2426
-2495
-2288
-2037
-1970
-2054
-2206
-2242
-2166
-2084
-2019
-1726
-1319
-1028
-799
-678
-104
605
1099
1363
1613
1788
1818
1851
1849
2024
2279
2522
2687
2536
2306
2064
1890
1776
1667
1795
1913
2020
1777
1432
1143
932
889
897
830
706
431
83
-202
-343
-372
-366
-210
-367
-645
-916
-1097
-1091
-919
-720
-614
-855
-1233
-1624
-2055
-2192
-2240
-2212
-2126
-2149
-2329
-2441
-2392
-2040
-1655
-1361
-1257
-967
-873
-889
-750
-622
-292
35
570
878
949
813
697
803
848
954
1132
1456
1424
1298
1012
886
1082
1304
1637
1771
1780
1584
1434
1356
1254
1469
1662
1761
1846
1642
1451
1250
1313
1272
1250
1325
1204
1164
791
476
266
-87
-379
-630
-657
-843
-1063
-1254
-1279
-1258
-1430
-1417
-1350
-1281
-1384
-1515
-1461
-1338
-1292
-1308
-1195
-1269
-1282
-1232
-1314
-1273
-1320
-1399
-1373
-1230
-1105
-942
-819
-728
-828
-869
-749
-587
-439
-296
-40
105
156
33
96
315
445
592
570
721
1013
1349
1620
1635
1869
2027
1959
1682
1433
1506
1756
1732
1484
1406
1481
1390
1126
878
839
869
601
389
220
115
73
-13
-72
134
324
393
311
-31
-236
-466
-768
-1021
-1177
-1254
-1450
-1777
-2002
-2127
-2186
-2084
-1874
-1694
-1651
-1676
-1648
-1742
-1829
-1678
-1426
-1199
-1275
-1382
-1441
-1416
-1264
-1045
-711
-386
-65
119
66
68
298
616
934
1247
1563
1830
1874
1715
1696
1880
2033
2004
1917
1771
1686
1640
1527
1441
1623
1923
2169
2277
2197
2251
2200
2076
1850
1641
1530
1461
1256
834
500
115
-60
-331
-730
-926
-1035
-1064
-1246
-1336
-1296
-1284
-1422
-1642
-1787
-1890
-1942
-2209
-2254
-2255
-2172
-2031
-2116
-2178
-2300
-2301
-2308
-2405
-2198
-1986
-1583
-1333
-1248
-969
-700
-409
-204
61
148
260
311
391
563
688
1009
1280
1556
1853
1934
2001
2011
2068
2118
2167
2289
2393
2431
2329
2373
2307
2085
1903
1761
1758
1602
1221
843
551
332
167
37
-34
-86
-146
-400
-558
-607
-599
-713
-940
-1077
-1050
-1150
-1478
-1729
-1790
-1701
-1854
-2120
-2299
-2349
-2370
-2474
-2493
-2240
-1977
-1903
-1948
-1862
-1657
-1400
-1239
-1095
-748
-270
124
16
-141
-80
125
256
315
623
947
1188
1237
1270
1443
1647
1915
2134
2339
2425
2116
1772
1499
1476
1637
1832
1845
1764
1602
1186
918
841
934
1160
1350
1331
1046
691
356
136
88
144
233
123
-151
-552
-781
-878
-1006
-1067
-1133
-1180
-1343
-1580
-1817
-2097
-2105
-2012
-1741
-1618
-1746
-1746
-1782
-1785
-1776
-1616
-1490
-1312
-1143
-1004
-969
-977
-816
-493
-150
125
322
519
708
825
795
773
983
1165
1180
1073
1071
974
855
848
1025
1269
1394
1456
1554
1635
1653
1643
1733
1740
1644
1627
1522
1265
1036
943
913
776
512
354
333
235
36
-15
64
186
169
81
-59
-255
-524
-940
-1183
-1249
-1263
-1297
-1399
-1587
-1875
-2030
-1993
-1822
-1613
-1486
-1385
-1398
-1485
-1581
-1473
-1169
-856
-664
-614
-609
-749
-941
-1002
-804
-531
-339
-211
-140
-210
-90
93
336
596
760
1073
1229
1143
1023
1088
1237
1373
1450
1458
1354
1208
1026
964
1088
1224
1340
1398
1434
1293
1166
1004
841
838
929
866
747
505
239
129
66
178
299
204
-20
-265
-489
-650
-805
-897
-972
-1102
-1233
-1387
-1561
-1709
-1821
-1757
-1712
-1647
-1520
-1498
-1492
-1541
-1478
-1382
-1208
-1070
-883
-730
-672
-643
-426
-124
11
159
359
524
587
662
732
825
964
1111
1336
1520
1509
1542
1537
1535
1420
1380
1446
1503
1475
1430
1391
1311
1297
1226
1096
1057
1092
1117
1182
1129
1027
794
623
433
190
-112
-385
-634
-905
-1112
-1418
-1601
-1792
-1890
-2020
-2114
-2107
-2089
-2037
-2062
-1988
-1936
-1863
-1718
-1683
-1620
-1377
-1229
-1023
-978
-1008
-866
-643
-501
-304
72
337
540
604
467
452
536
584
645
769
922
1075
1086
982
1067
1267
1435
1523
1599
1826
1872
1813
1603
1392
1617
1875
1878
1745
1669
1545
1375
1038
725
670
689
647
365
96
-132
-332
-620
-920
-971
-1011
-1083
-1285
-1497
-1654
-1785
-1905
-1999
-1859
-1742
-1664
-1667
-1750
-1633
-1373
-1111
-958
-887
-810
-734
-647
-615
-649
-584
-495
-568
-669
-692
-699
-570
-433
-271
-132
-5
110
317
494
641
952
1282
1550
1709
1691
1648
1627
1558
1578
1593
1638
1727
1687
1576
1457
1407
1321
1220
1111
1043
970
804
637
425
368
358
203
43
-79
-193
-454
-673
-828
-947
-963
-1026
-1104
-1251
-1371
-1479
-1477
-1362
-1318
-1180
-1115
-1215
-1307
-1449
-1448
-1411
-1419
-1372
-1282
-1181
-1274
-1271
-1294
-1257
-1021
-615
-287
32
328
411
448
463
623
970
1170
1310
1364
1362
1348
1286
1313
1346
1411
1518
1590
1644
1520
1322
1389
1438
1481
1544
1542
1467
1303
1184
1184
1208
1249
1164
928
682
431
257
33
-111
-150
-283
-464
-714
-944
-1111
-1219
-1339
-1425
-1473
-1561
-1723
-1988
-2217
-2194
-2131
-2022
-1844
-1806
-1923
-2023
-2027
-1874
-1621
-1356
-1036
-840
-711
-661
-638
-519
-344
-178
-76
-6
79
159
229
292
495
647
831
1072
1184
1374
1467
1646
1780
1834
1822
1747
1740
1780
1740
1762
1811
1871
1780
1623
1482
1315
1262
1267
1393
1444
1361
1025
579
180
-177
-384
-511
-678
-977
-1283
-1507
-1633
-1808
-1911
-1753
-1653
-1677
-1683
-1591
-1526
-1537
-1563
-1567
-1465
-1357
-1348
-1450
-1469
-1562
-1721
-1744
-1660
-1472
-1273
-1100
-995
-738
-490
-315
-11
234
507
708
803
881
1056
1206
1312
1396
1501
1605
1728
1797
1885
1900
1960
2143
2216
2269
2200
2104
2005
1927
1741
1566
1364
1203
1105
937
768
557
371
195
-56
-253
-363
-402
-447
-555
-585
-720
-935
-1094
-1155
-1192
-1375
-1462
-1613
-1756
-1836
-1997
-2016
-2049
-2027
-1928
-1789
-1703
-1699
-1666
-1657
-1471
-1277
-1065
-814
-703
-526
-368
-181
-12
255
485
683
934
1063
1198
1228
1334
1465
1523
1641
1678
1598
1556
1535
1607
1630
1611
1691
1816
1803
1739
1636
1574
1507
1329
1185
1154
1016
729
499
272
185
28
-151
-313
-441
-598
-815
-945
-1054
-1113
-1186
-1273
-1395
-1600
-1776
-1866
-1929
-2061
-2243
-2391
-2379
-2375
-2379
-2278
-2119
-2030
-2006
-1819
-1556
-1316
-1169
-1017
-757
-517
-361
-269
-68
159
279
357
424
572
810
1058
1243
1354
1479
1516
1677
1771
1877
1945
1964
2004
2033
2020
2045
2138
2149
2191
2098
1886
1617
1555
1452
1356
1337
1338
1317
1023
647
351
197
96
-25
-186
-381
-535
-780
-1100
-1359
-1436
-1356
-1301
-1383
-1555
-1678
-1753
-1934
-2001
-1982
-1855
-1776
-1907
-1981
-1986
-1957
-1881
-1730
-1452
-1152
-908
-831
-773
-659
-541
-376
-147
81
228
299
269
308
363
484
525
693
907
1088
1227
1297
1401
1516
1705
1839
1915
1981
2008
1886
1892
1823
1681
1436
1269
1060
913
902
915
953
872
744
614
469
274
138
98
144
23
-179
-407
-701
-979
-1308
-1560
-1713
-1739
-1812
-1925
-1910
-1852
-1860
-1861
-1821
-1714
-1605
-1490
-1464
-1494
-1389
-1314
-1249
-1269
-1135
-997
-959
-922
-786
-599
-420
-210
-9
249
492
669
855
1019
1092
1196
1264
1323
1384
1423
1385
1371
1366
1476
1607
1736
1788
1853
2015
2048
2011
1981
1913
1860
1776
1639
1400
1138
821
528
351
234
152
41
9
-134
-320
-552
-656
-656
-726
-774
-974
-1133
-1316
-1451
-1570
-1723
-1790
-1864
-1937
-2076
-2183
-2175
-2063
-1892
-1683
-1496
-1395
-1214
-1184
-1120
-977
-873
-743
-725
-671
-681
-657
-631
-616
-485
-255
31
246
467
671
840
1062
1312
1463
1622
1816
1882
1842
1741
1669
1635
1535
1431
1342
1386
1337
1321
1298
1230
1195
1066
1069
1046
1059
1066
974
872
650
452
237
79
-105
-297
-428
-626
-847
-1115
-1201
-1266
-1288
-1231
-1221
-1189
-1198
-1226
-1217
-1256
-1298
-1234
-1125
-1056
-1101
-1169
-1159
-1133
-1216
-1173
-1153
-1068
-925
-758
-554
-378
-128
11
193
337
468
649
768
865
899
981
1043
984
981
980
976
953
972
1094
1152
1121
1130
1205
1213
1261
1286
1265
1276
1236
1197
1116
987
815
675
564
420
297
83
-144
-238
-342
-461
-656
-828
-853
-937
-1046
-1186
-1166
-1127
-1136
-1266
-1393
-1375
-1375
-1471
-1642
-1662
-1678
-1634
-1522
-1440
-1405
-1322
-1174
-1057
-949
-723
-546
-382
-212
-103
-20
13
44
154
275
390
511
638
718
735
766
871
999
1070
1194
1311
1393
1461
1577
1618
1655
1691
1768
1762
1711
1688
1594
1520
1454
1287
1184
1041
850
677
569
429
259
91
-116
-256
-389
-545
-758
-881
-999
-1134
-1317
-1416
-1501
-1639
-1698
-1711
-1640
-1606
-1539
-1412
-1350
-1338
-1311
-1256
-1219
-1174
-1114
-1119
-1057
-1015
-966
-859
-801
-706
-572
-420
-290
-94
151
400
638
732
816
927
998
1117
1238
1310
1438
1450
1390
1424
1471
1542
1534
1552
1619
1727
1695
1575
1474
1433
1400
1281
1101
923
730
505
258
-39
-292
-464
-537
-653
-815
-939
-1028
-986
-1039
-1129
-1098
-1002
-971
-1030
-1073
-1137
-1191
-1235
-1284
-1358
-1417
-1444
-1405
-1352
-1375
-1348
-1223
-1079
-882
-639
-462
-318
-178
-21
152
255
274
223
248
371
464
577
682
883
1041
1104
1048
1105
1236
1363
1546
1584
1635
1625
1551
1447
1328
1263
1227
1231
1101
991
885
715
595
453
313
229
152
22
-179
-305
-441
-536
-610
-668
-698
-771
-952
-1134
-1275
-1339
-1394
-1464
-1495
-1505
-1554
-1687
-1772
-1723
-1591
-1435
-1297
-1264
-1168
-1085
-1039
-1020
-936
-789
-614
-428
-242
-135
-71
51
183
343
425
455
489
613
707
799
917
1057
1155
1250
1261
1309
1405
1498
1565
1531
1538
1530
1540
1517
1495
1439
1355
1209
1107
1029
984
890
720
563
386
274
70
-97
-257
-337
-374
-445
-559
-638
-767
-826
-887
-1020
-1165
-1232
-1249
-1189
-1154
-1201
-1199
-1254
-1222
-1195
-1127
-1068
-982
-906
-857
-822
-792
-697
-601
-562
-541
-496
-428
-346
-236
-100
96
223
271
387
506
624
714
795
956
1011
1036
1110
1111
1136
1173
1192
1264
1319
1286
1259
1195
1106
1096
1143
1106
996
840
693
593
510
387
272
114
-26
-155
-259
-379
-412
-433
-507
-626
-756
-897
-1041
-1131
-1228
-1234
-1196
-1258
-1354
-1419
-1452
-1445
-1414
-1411
-1409
-1340
-1261
-1200
-1119
-1038
-989
-848
-725
-604
-501
-413
-355
-202
-70
39
133
245
389
461
570
720
908
1065
1177
1243
1313
1349
1370
1369
1404
1499
1510
1446
1347
1274
1264
1280
1279
1295
1305
1240
1109
910
863
821
736
658
480
334
216
-45
-313
-525
-646
-682
-766
-904
-957
-1003
-1114
-1241
-1325
-1365
-1312
-1328
-1423
-1395
-1411
-1455
-1523
-1519
-1488
-1451
-1436
-1418
-1336
-1199
-1101
-978
-886
-805
-707
-535
-323
-130
60
153
250
300
367
477
607
738
818
899
946
958
987
1091
1229
1416
1524
1626
1713
1680
1575
1555
1548
1495
1381
1319
1290
1209
1143
999
874
733
600
506
459
405
315
196
-12
-203
-321
-409
-425
-476
-713
-847
-977
-1128
-1324
-1420
-1348
-1294
-1264
-1262
-1188
-1098
-1086
-1141
-1137
-1028
-851
-791
-779
-847
-944
-844
-692
-542
-432
-323
-129
-110
-104
-44
111
328
484
642
766
815
862
895
962
1018
1064
1094
1066
1022
914
950
1054
1169
1257
1184
1104
1007
838
727
707
720
734
659
470
220
21
-132
-304
-441
-505
-565
-635
-807
-1039
-1124
-1187
-1172
-1149
-1127
-1118
-1198
-1340
-1490
-1456
-1391
-1353
-1295
-1325
-1345
-1311
-1287
-1257
-1095
-828
-685
-595
-590
-479
-356
-222
-116
52
186
309
388
426
537
655
772
871
974
1041
1062
1030
1112
1207
1385
1496
1448
1377
1348
1302
1239
1246
1244
1214
1163
1057
928
788
718
632
515
458
319
225
86
-12
-129
-300
-370
-432
-438
-560
-691
-799
-906
-980
-968
-1082
-1151
-1229
-1282
-1260
-1223
-1177
-1114
-1039
-1066
-1017
-1021
-946
-865
-723
-557
-444
-367
-280
-177
-64
-26
39
148
251
350
419
463
538
624
721
863
1000
1102
1206
1257
1235
1288
1369
1379
1397
1454
1403
1321
1275
1247
1198
1112
1000
920
871
758
597
578
521
441
373
228
18
-164
-249
-388
-531
-687
-816
-960
-1165
-1312
-1446
-1468
-1499
-1511
-1476
-1468
-1502
-1519
-1498
-1408
-1271
-1147
-1096
-1068
-1024
-1007
-992
-1022
-948
-866
-761
-679
-597
-492
-348
-195
-87
47
219
378
553
674
739
808
934
1005
1056
1086
1051
1052
1016
1052
1052
1056
1043
1131
1238
1317
1296
1248
1189
1049
933
836
723
638
485
299
180
109
-8
-191
-378
-544
-624
-661
-749
-805
-839
-902
-990
-1116
-1220
-1252
-1280
-1282
-1259
-1277
-1321
-1460
-1492
-1446
-1357
-1241
-1098
-991
-820
-697
-642
-503
-342
-207
-101
45
248
395
482
576
638
708
823
905
985
1100
1160
1270
1353
1385
1447
1503
1456
1463
1493
1481
1450
1367
1309
1282
1179
1136
1077
1033
1011
945
871
810
697
486
358
221
163
77
-91
-271
-435
-563
-778
-961
-1076
-1152
-1210
-1332
-1415
-1544
-1579
-1595
-1636
-1633
-1545
-1459
-1398
-1316
-1276
-1173
-1087
-1000
-1003
-927
-725
-596
-471
-404
-314
-252
-160
-47
34
142
279
431
547
629
665
722
721
768
840
900
996
1065
1081
1043
1120
1152
1164
1198
1246
1291
1276
1224
1067
974
907
885
796
671
540
353
214
59
-94
-210
-338
-484
-646
-814
-952
-1072
-1124
-1198
-1160
-1152
-1230
-1234
-1207
-1201
-1214
-1242
-1231
-1149
-1034
-993
-978
-981
-940
-916
-923
-832
-726
-524
-357
-295
-232
-111
-36
81
234
330
434
527
584
636
713
760
862
908
901
919
1006
1053
1117
1168
1150
1214
1261
1307
1316
1303
1244
1171
1067
944
819
699
604
491
385
258
103
30
-45
-141
-196
-273
-392
-445
-494
-521
-587
-656
-693
-810
-895
-922
-956
-1073
-1151
-1099
-1081
-1078
-1090
-1106
-1022
-886
-806
-746
-632
-483
-332
-278
-259
-209
-119
-80
-46
94
222
275
320
395
492
578
638
713
807
912
917
931
917
931
973
975
962
914
915
916
845
748
687
616
595
607
554
477
403
289
202
179
174
119
-24
-109
-243
-407
-569
-720
-803
-808
-893
-969
-1087
-1167
-1156
-1166
-1104
-1079
-1069
-1082
-1196
-1250
-1161
-1044
-974
-904
-854
-783
-698
-632
-609
-502
-371
-296
-225
-128
23
135
195
301
425
523
551
542
599
615
663
744
812
905
984
1024
1056
1048
1042
1056
1096
1164
1225
1225
1167
1110
991
890
845
847
749
618
476
289
139
51
-21
-85
-148
-225
-323
-429
-552
-702
-704
-714
-741
-863
-1003
-1084
-1161
-1199
-1208
-1163
-1130
-1122
-1126
-1138
-1121
-1075
-972
-884
-832
-751
-629
-517
-443
-383
-360
-301
-203
-83
33
136
200
382
532
630
741
835
952
988
993
1059
1160
1220
1274
1310
1380
1364
1354
1227
1121
1121
1119
1092
1024
951
856
768
610
471
412
390
333
218
111
-21
-114
-228
-363
-505
-635
-699
-777
-833
-889
-939
-980
-982
-1005
-1074
-1114
-1210
-1235
-1204
-1192
-1170
-1158
-1091
-1098
-1107
-1112
-1051
-878
-758
-657
-529
-438
-364
-239
-80
39
143
199
311
450
483
518
590
729
831
909
919
882
939
971
1016
1023
1025
1030
1035
1059
961
827
799
774
671
584
531
436
337
222
88
20
-71
-154
-216
-268
-320
-346
-450
-537
-653
-723
-795
-850
-966
-985
-1003
-1019
-1030
-1061
-997
-1027
-984
-1014
-952
-876
-797
-733
-651
-597
-547
-436
-348
-261
-172
-68
-5
60
110
216
372
439
496
575
604
645
692
798
964
1084
1087
1077
1041
1054
1036
989
992
1018
1082
1046
989
900
818
759
688
643
609
588
564
519
448
334
250
220
191
161
67
-22
-109
-166
-186
-274
-390
-492
-564
-688
-770
-778
-778
-756
-753
-772
-845
-855
-814
-798
-785
-716
-674
-658
-669
-655
-632
-537
-441
-407
-375
-320
-224
-175
-106
-34
46
80
144
173
232
305
320
397
481
519
487
476
431
400
426
446
425
434
414
375
289
194
123
120
121
139
181
179
118
1
-123
-218
-260
-301
-304
-304
-354
-420
-550
-596
-540
-490
-489
-537
-532
-479
-433
-446
-502
-477
-467
-421
-336
-304
-310
-317
-331
-309
-298
-271
-244
-156
-29
16
53
92
214
297
339
391
446
445
463
478
467
513
536
567
536
502
502
471
499
552
487
497
522
497
463
428
396
421
412
367
328
266
255
238
203
175
169
124
91
68
11
-14
-89
-128
-153
-193
-213
-262
-323
-346
-403
-407
-369
-375
-386
-448
-467
-435
-341
-326
-376
-360
-365
-347
-325
-308
-322
-283
-203
-202
-208
-192
-121
-38
68
139
128
137
133
139
139
182
210
237
265
265
263
224
253
263
313
379
423
410
384
400
415
459
463
458
461
451
390
307
257
209
139
89
27
-66
-151
-216
-265
-278
-318
-357
-456
-440
-425
-458
-438
-429
-413
-441
-474
-559
-595
-595
-613
-621
-579
-529
-468
-471
-479
-426
-362
-317
-301
-232
-174
-98
-80
-94
-120
-19
105
139
148
121
166
201
300
407
503
554
603
602
559
586
556
607
671
693
649
562
427
391
345
323
328
289
238
153
101
76
100
77
49
49
14
-12
-100
-95
-107
-80
-74
-116
-112
-148
-149
-202
-278
-298
-263
-232
-205
-223
-289
-321
-341
-401
-401
-401
-388
-358
-340
-333
-348
-292
-195
-150
-60
1
22
25
72
119
131
214
240
252
250
202
150
140
157
177
226
236
218
210
164
207
217
206
212
196
139
75
101
37
-11
-6
96
120
160
163
165
163
162
149
74
42
-32
-61
-153
-247
-286
-292
-355
-366
-372
-422
-509
-552
-523
-499
-409
-403
-372
-359
-396
-426
-407
-352
-272
-190
-197
-122
-106
-111
-97
-60
31
116
193
173
196
171
190
237
248
226
233
222
189
159
163
227
226
218
223
227
185
189
225
313
378
426
465
459
