154
140
110
135
130
138
121
96
107
137
151
116
110
124
113
105
106
82
73
47
28
18
-5
-13
-10
-22
-41
-18
-8
-9
-16
-25
-33
-57
-75
-101
-76
-31
1
1
5
-10
-35
-62
-93
-68
-51
-15
-1
5
-5
-39
-23
-30
-80
-81
-68
-72
-48
-38
-55
-49
-56
-46
-43
-41
24
54
-6
-26
-30
-54
-33
-28
19
30
21
-6
-17
-13
-31
-50
-42
-5
-2
-10
-36
-29
-4
-39
3
-15
17
37
11
51
64
65
54
35
6
0
21
42
50
30
6
34
33
30
1
33
52
68
85
117
76
85
61
17
3
34
61
42
68
47
24
18
25
41
57
68
58
31
41
51
65
44
23
3
-17
-33
-15
-16
-16
18
-56
-94
-124
-108
-102
-123
-148
-147
-168
-159
-123
-163
-184
-176
-142
-130
-141
-160
-151
-153
-113
-78
-83
-132
-99
-74
-27
-3
-55
-73
-119
-105
-113
-113
-66
-46
-30
-22
-42
-50
-55
-60
-55
-44
-24
2
-15
19
49
35
21
17
32
60
66
62
82
112
109
102
102
91
93
68
92
122
127
111
110
115
66
75
75
88
117
125
116
121
71
70
77
137
155
142
118
98
91
102
104
66
70
95
109
89
117
129
161
150
174
148
139
117
58
31
73
105
96
84
95
56
9
24
14
42
87
107
124
75
40
9
-10
-26
-36
-18
-30
-27
-92
-114
-164
-155
-146
-161
-146
-184
-183
-180
-193
-204
-169
-166
-153
-151
-185
-195
-190
-165
-139
-119
-118
-102
-87
-92
-104
-122
-134
-140
-102
-87
-80
-64
-41
-25
-40
-13
-29
-17
-22
-22
-61
-60
-69
-46
9
-6
-6
-22
1
13
7
16
24
63
77
101
90
94
55
66
44
57
67
59
76
50
79
37
4
-5
22
40
25
47
-7
-16
-11
-2
-25
-9
-12
27
33
-18
-24
-44
-28
-4
-16
-36
-14
-19
-16
-46
-23
-10
31
85
78
47
18
-17
1
8
40
64
66
51
14
-10
-27
4
8
43
46
75
74
89
101
82
73
75
65
46
13
14
81
134
102
124
65
38
61
54
74
92
90
65
51
15
9
-20
-32
10
45
63
91
74
74
18
4
-5
35
36
40
59
8
-10
17
41
36
32
-15
13
-36
-29
-32
-59
-95
-124
-78
-49
-23
-28
-25
-30
-74
-82
-96
-107
-118
-60
-24
8
5
32
-15
-55
-28
-17
-9
-7
5
-71
-96
-99
-124
-136
-134
-108
-30
2
-14
-87
-103
-124
-146
-116
-28
-15
-71
-119
-152
-156
-170
-93
-16
-19
-25
-60
-93
-138
-128
-74
-84
-18
-9
-71
-109
-97
-43
-55
-83
-83
-48
-25
0
17
0
-47
-72
-70
-25
-4
33
79
-41
-25
-61
27
5
69
83
59
121
68
61
13
34
13
53
130
163
110
79
42
16
135
146
224
215
194
231
173
289
260
294
367
329
356
267
273
277
284
387
245
225
117
177
148
92
111
16
92
46
11
43
-43
-46
-47
-143
-19
-131
19
-54
40
28
-75
-16
-88
17
-64
-1
-68
-16
-104
-160
-244
-234
-163
-156
-134
-74
-145
-229
-73
-284
-234
-154
-125
-208
-194
-149
-215
-248
-108
-73
-225
-99
-93
-25
-221
-58
-11
-146
-145
-22
-58
-179
-1
-51
-116
-37
81
5
40
63
-37
9
-28
-7
9
106
-82
44
-15
-23
1
0
26
11
-100
-66
65
103
143
144
99
-18
176
56
-93
73
109
124
-74
64
-14
-229
45
-113
37
-262
228
31
-6
-44
0
276
-348
560
-165
87
-45
283
-50
-60
324
69
-152
-26
206
-486
329
72
287
-289
194
-164
-287
-114
-145
208
-591
531
-514
161
-350
281
-424
-159
367
-465
430
-330
407
-415
201
228
-155
373
-53
188
-186
135
322
-181
136
97
-115
-1
233
-121
110
126
-48
-19
-25
155
-212
69
206
287
-155
289
223
-169
-16
305
124
-268
579
-65
-124
255
-291
202
-332
528
117
-133
298
-72
101
-181
392
-115
129
244
69
-138
23
73
-179
-103
295
-191
-47
139
-155
-216
-283
336
-450
-27
160
-328
-12
-82
-63
72
-310
296
-79
-140
87
-284
143
-348
502
-365
157
-108
102
-9
-47
175
-198
269
-165
280
-388
395
-123
-71
328
-322
393
-728
541
-501
-166
30
-137
110
-156
239
-397
-333
-5
-215
-126
-17
-58
-134
-125
-242
434
-545
487
-99
181
-326
206
25
-275
187
-101
259
-366
359
-135
-199
19
-40
-58
-84
-11
2
-299
96
-160
-249
376
-264
15
152
-150
454
-557
492
-245
-198
446
-296
615
-444
619
-407
215
51
139
449
-226
524
-411
914
-366
543
-160
239
160
86
345
-10
251
-204
194
-505
397
-417
192
-185
-146
367
-594
627
-508
223
-258
28
109
-251
196
-281
189
-596
19
-89
-335
278
-371
2
-407
-81
-176
-368
223
-161
-258
323
-345
46
-9
-198
340
-310
235
87
-193
72
102
-246
431
-331
475
-274
276
110
-73
426
-243
515
-281
462
-67
159
-183
361
126
42
832
-405
710
-349
907
-322
803
14
425
370
-8
646
-613
1001
-689
1239
-485
602
-245
-16
483
-538
887
-809
783
-765
484
-394
189
-469
114
-437
-328
381
-951
535
-896
515
-1032
31
-302
-410
-70
-741
-70
-948
-132
-522
10
-534
113
-443
-160
-191
-223
-17
-300
250
-485
133
-456
56
-392
-78
-150
-304
-5
-631
58
-638
387
-361
-229
-63
-566
96
-288
114
-248
-329
-19
-29
-527
154
0
-232
265
-18
319
-178
547
106
708
159
597
631
257
717
139
881
-241
1323
-227
1171
238
559
603
468
753
334
1182
129
865
188
685
18
773
-162
410
-20
452
-226
148
-121
-63
-122
10
-59
13
-130
10
-118
-353
277
-636
374
-836
148
-993
106
-598
-319
-440
-217
-635
-45
-404
-385
-317
-375
-277
-416
-120
-569
-20
-862
171
-652
-179
-463
-9
-616
-200
-274
-639
-209
-511
155
-870
273
-731
132
-511
-36
191
-425
508
-312
73
-294
595
-109
273
168
444
-104
543
373
276
476
732
43
619
272
613
501
614
958
-198
1440
-93
1136
-123
1061
301
271
935
176
330
277
343
-62
52
403
-168
108
59
-140
-323
55
-201
-245
-122
-88
-57
-727
218
-805
188
-725
142
-611
-660
65
-1076
-6
-454
-454
-384
-728
172
-1238
224
-561
-266
-527
-294
-419
-726
-4
-617
118
-1016
226
-852
-415
-362
-75
-395
-85
384
-272
-97
-174
521
-466
841
207
213
-156
405
-95
275
124
802
-307
846
566
-91
826
195
488
-72
1007
-252
860
-273
954
-333
789
352
243
468
-235
935
-698
1164
-174
505
153
63
31
-209
753
-267
594
-269
270
-540
684
-249
118
-57
-332
412
-875
972
-866
336
-736
236
-320
-40
40
-457
-79
-476
176
-592
-28
-501
-103
-187
-149
-345
62
-66
-317
67
-438
-80
-393
32
-66
133
-236
264
-210
-35
153
110
127
-12
382
-170
65
386
-135
450
-45
342
-65
-147
347
-277
118
44
183
-375
367
-192
498
-391
671
27
-259
779
-180
414
-349
766
-782
255
-46
43
-149
-3
269
-599
532
-224
4
-203
102
57
-86
224
-105
-198
-73
14
-32
-138
-58
225
-765
363
-142
3
-151
199
53
-426
232
-229
-435
-365
0
-390
55
-460
192
-612
-236
-97
-64
-589
432
-308
-302
-232
-509
116
-467
893
-711
584
-191
174
-142
364
570
-724
1080
-946
656
-358
933
-5
173
410
-34
-96
354
614
-419
1007
-270
436
-402
940
-210
421
-119
427
-282
513
145
-176
621
-744
971
-853
953
-651
401
-317
172
283
-530
490
-745
253
-599
7
-261
113
-187
-100
-228
-221
-434
108
-720
11
-49
-373
-69
-641
130
-862
303
-384
183
-775
148
-786
51
-332
315
-168
-334
406
-669
345
-252
220
11
-242
392
-143
412
-138
59
200
-116
440
-25
525
208
411
4
302
121
275
180
645
491
-308
1247
-366
1304
-591
1427
-287
574
847
67
752
-517
1646
-459
591
391
341
-106
479
381
-341
386
195
139
-423
1106
-860
522
-256
-50
-72
-17
129
-327
-428
-212
-912
76
-877
-39
-954
-476
-343
-865
-121
-963
-165
-626
-420
-634
-377
-861
-65
-916
-371
-583
-682
-415
-1004
19
-922
-439
-400
-547
16
-699
-15
-449
-419
-91
-240
-11
-253
77
-51
-322
112
207
61
309
183
422
229
3
739
-416
1183
8
825
64
204
932
-154
1497
-242
1016
154
748
239
684
735
237
721
131
1033
-22
1257
-165
1067
-108
879
218
342
383
582
574
119
685
-349
557
-313
606
109
4
148
-112
73
-451
215
-383
-160
50
-666
-213
-630
-401
-255
-461
-679
-46
-1083
-129
-713
-204
-299
-679
174
-1371
90
-801
-241
-468
-383
-649
-131
-703
-431
-520
-173
-409
-130
-227
-370
-266
-247
-105
-453
186
-322
239
-469
325
158
-305
347
212
251
105
294
557
-610
815
153
-140
677
164
408
216
673
-74
371
300
814
-117
744
329
-363
692
-1
735
-209
978
-268
680
309
239
12
269
354
245
296
231
219
130
311
8
69
313
-481
376
-389
404
-956
390
-283
-305
119
-975
-13
-669
219
-360
-379
-314
-195
-456
-83
-455
-528
-363
-490
205
-574
130
-1155
360
-577
-195
3
-459
249
-456
53
-768
747
-907
714
-640
430
-400
-331
579
-1156
1228
-1673
1416
-706
716
-224
-79
313
-381
698
-367
822
-674
662
-731
656
-347
212
103
-185
59
-201
741
-1021
1077
-815
818
-854
782
-826
384
594
-771
958
-1074
1063
-1279
1216
-939
995
-456
596
-54
-98
293
-222
580
-453
1282
-773
949
-567
611
-393
421
411
25
242
552
-310
-153
860
-201
596
20
717
-79
430
608
-173
594
220
751
-443
747
65
219
140
706
-116
313
160
239
-18
-123
645
-430
501
-648
475
-741
806
-250
-50
169
-380
365
-973
1059
-909
298
-635
374
-808
-111
-238
-689
209
-600
111
-667
479
-990
-74
-281
-223
-692
-42
-660
-342
15
-575
-498
-177
-168
-555
148
-846
106
-797
331
-302
-233
-257
-173
-273
-432
281
-544
10
-310
-98
-39
-327
97
23
-251
178
283
-104
245
-174
531
-445
512
-149
713
-257
401
167
127
888
-322
822
-809
885
87
158
603
-80
448
94
528
364
182
638
-162
680
40
486
96
502
75
167
158
-126
431
-396
1111
-1052
950
-736
727
-163
-287
743
-758
524
-688
701
-782
491
-649
127
-529
121
-220
-137
-115
-740
557
-788
287
-698
185
-361
-200
409
-864
256
-665
296
-106
272
-237
199
-380
87
-473
297
-68
-202
300
-531
378
-489
431
3
47
111
44
-255
273
-196
369
-533
343
-115
-228
521
-276
670
-680
330
25
132
-104
448
-449
-336
8
236
31
-28
678
-886
524
-161
109
158
349
448
-593
582
-372
356
-8
344
240
-452
639
-636
902
-645
474
-316
511
263
-58
455
-347
442
-479
824
-310
425
-20
-173
146
-185
574
-411
528
190
-106
116
-6
623
-478
464
73
127
-205
283
-161
-88
391
-630
307
-757
408
-331
509
-322
-349
-193
-232
407
-443
520
-685
112
-758
339
-485
529
-412
-241
-354
-753
176
-584
506
-824
435
-693
-102
-548
-358
687
-873
547
-930
13
-763
-128
16
-369
8
-359
337
-838
838
-853
133
-278
249
408
-989
881
-1465
1105
-742
872
-371
87
-47
-333
552
-288
840
-533
416
-613
288
-448
952
-197
87
632
-331
491
-109
845
-638
629
150
203
145
-78
1167
-940
1453
-636
1070
-259
868
402
-255
1135
-1017
1366
-998
1285
-473
518
-441
665
-177
-29
888
-549
853
-711
840
-844
1141
-495
-19
-267
-484
139
-26
534
-164
7
-668
166
-394
370
270
-506
503
-481
-167
-620
264
-224
174
-5
-321
-129
-410
277
-938
558
-357
436
-773
792
-1100
248
-61
237
-130
-536
1042
-1213
827
-627
150
-718
172
246
-222
130
23
-31
211
67
-255
-415
70
44
260
-8
49
293
-806
385
257
-81
448
49
156
-444
-113
462
-899
819
-289
224
-437
546
-293
-200
560
-128
-188
-280
250
-280
68
-96
236
-890
318
-94
-321
245
15
-414
42
-170
121
-258
399
375
-743
612
-593
591
-633
355
-296
253
-717
258
-534
436
117
7
-107
-554
773
-1077
1037
-618
821
-872
521
-683
258
-415
474
55
-494
630
-680
859
-908
324
-40
318
272
-421
258
-90
283
294
-591
926
-672
291
201
-398
774
-87
365
-505
753
-420
412
88
864
-435
311
39
20
211
101
337
-490
845
-563
745
-278
1122
-907
778
-523
989
-182
-148
594
-312
1315
-1191
1617
-1525
1070
-363
917
77
-27
657
-1101
932
-369
960
-908
1487
-969
309
268
-293
326
-549
1226
-890
544
-337
-48
-497
572
75
-453
553
-882
328
-710
758
-1221
874
-785
-58
-478
-583
505
-1248
1032
-1891
1501
-1564
569
-646
217
-542
-278
374
-1927
1322
-1915
954
-1436
710
-1784
97
-90
-859
-197
-395
176
-752
463
-1329
420
-684
14
-353
-262
370
-651
-3
-139
-813
930
-131
171
52
-13
-295
186
60
274
-6
-57
358
-509
873
-864
1351
-914
1115
334
-407
721
-217
1251
-821
1616
-427
401
-169
1273
-912
1491
-414
522
452
-259
1742
-1586
2455
-1301
1692
-1002
1385
-496
686
-127
337
268
-311
726
-308
720
-869
1279
-651
47
52
103
-30
37
209
-88
-216
656
-1234
507
-213
-152
-405
15
-1
-276
-172
4
-406
-743
628
-804
646
-842
182
-1513
328
-149
217
-721
447
-1003
-875
478
-612
622
-659
938
-1516
-132
-549
542
-659
700
101
-539
3
-185
247
-512
1192
-783
319
172
471
-530
542
-310
93
-208
779
234
-679
1060
-689
932
-663
914
-197
447
366
-360
779
-958
1302
-629
815
-150
536
-617
405
278
-553
774
26
810
-224
318
-594
191
167
261
539
-294
205
-251
23
-144
805
-694
648
-875
-44
74
222
-347
-623
538
-1408
492
-128
546
-953
240
-738
-429
-524
1218
-804
-266
135
-596
-156
-547
943
-997
664
-822
494
-1392
754
-688
132
-207
-252
263
-509
518
-1084
790
-1142
397
-94
729
-458
-246
-259
-157
-232
542
521
-990
1355
-1134
924
-1020
390
-301
-54
576
-269
-185
711
210
-364
1011
-1277
1699
-877
1311
-203
689
-507
-294
1048
-514
1007
-689
922
-1014
1139
-1240
1231
-1282
1414
-253
59
575
-701
1227
-1326
1797
-1232
1509
-1044
1384
-536
-292
855
-491
619
-602
1630
-1619
1227
-546
141
293
-718
1015
-1218
1680
-720
260
-454
111
-38
176
78
759
-796
-53
499
-919
657
-771
1452
-1052
880
-1084
-129
385
-883
986
-995
555
-292
366
-746
107
-457
297
-597
199
-265
-168
-644
328
-308
-696
133
-421
-221
198
-32
-411
220
-784
185
-811
-81
130
-75
-79
21
-3
-207
-442
487
-415
66
-81
-570
329
-506
670
-1122
1341
-715
753
-638
768
-560
112
493
-981
904
-936
1132
-960
838
-590
294
-92
173
836
-289
1177
-188
840
-932
1219
250
409
537
-74
740
-1071
1999
-1956
2083
-844
1230
-634
320
168
-950
1643
-1316
2092
-1811
1017
-702
782
-316
639
-246
-130
70
-868
815
-1261
1687
-1300
1001
-476
152
-843
-10
830
-1262
931
-528
44
-620
915
-1018
208
88
-372
-189
-262
-121
-507
-156
-326
-61
-256
-685
464
-1019
-275
-328
-910
5
-591
214
-929
-180
-587
-272
-13
-494
225
-161
-180
59
-110
-206
257
-276
673
-207
669
-46
414
778
310
789
451
1056
801
1088
636
719
741
827
638
477
637
432
937
59
735
-88
133
20
-211
392
-632
152
-583
-664
-711
-1087
-757
-1092
-1253
-692
-1750
-1157
-869
-1444
-839
-890
-633
-721
-256
369
618
1592
1659
1353
1888
1701
2823
2121
2766
3046
2231
2628
2191
1538
1662
1414
1433
561
91
-277
-1342
-1383
-2440
-2205
-3312
-2807
-2946
-3329
-3622
-3728
-4049
-4134
-3905
-3429
-3784
-3109
-2960
-2781
-2926
-2185
-2076
-1901
-1128
-315
2192
1937
3983
2997
3544
3078
5342
6000
5875
6799
6016
5846
4663
4472
3128
3162
3765
3729
2010
1559
-597
-1321
-2394
-2909
-3572
-4107
-2640
-3269
-3344
-4806
-5058
-5405
-4217
-3837
-2856
-2871
-2166
-2035
-2792
-3212
-3269
-2545
-2171
-1349
-1546
-2336
-2305
-2584
-2140
-2828
-242
2709
2805
5919
3214
4223
3443
7276
7735
7355
9433
7755
8400
6599
5420
3452
3287
5012
4079
2700
770
-1374
-2349
-4266
-4660
-6297
-5648
-4248
-3996
-4973
-6700
-6810
-6766
-5445
-4001
-3170
-2566
-1501
-1802
-3134
-3996
-3997
-3338
-2405
-1811
-2825
-3466
-3686
-3489
-3814
-3818
1766
2248
6044
5399
5015
4643
6025
10853
8023
11329
9346
9498
8989
5934
4836
1478
3826
3497
2203
128
-3610
-5121
-6614
-7419
-8048
-8831
-6388
-5683
-4741
-5831
-7371
-6429
-5731
-2777
-1143
-702
752
666
-535
-2174
-3202
-3158
-2641
-1531
-2626
-4010
-5433
-5373
-5756
-5255
-5441
1659
2769
6616
6508
4899
5793
6487
13783
10355
14224
12018
11032
10193
5629
4243
-526
3570
2433
1563
-1718
-6479
-8842
-11555
-10810
-11755
-10337
-7220
-4312
-4174
-5118
-6954
-5338
-3091
1285
3916
4193
5231
3941
1408
-2269
-3193
-3744
-2197
-1409
-2683
-5493
-8543
-8248
-9051
-7455
-7746
-2729
4813
5320
10074
5443
6361
5977
11990
16320
13072
17586
11048
11365
5179
1811
-1947
-3776
2615
-1330
-1888
-8773
-12173
-15404
-15018
-13614
-12614
-7564
-3029
-606
-1370
-3470
-3880
-402
3680
9204
9291
9658
8195
4817
-681
-5210
-5766
-5441
-2921
-2414
-5369
-9832
-10872
-11787
-10701
-8761
-5234
-4393
5662
9051
8998
10977
6192
11092
9718
20069
16718
16264
15086
6600
5719
-3983
-2373
-7924
-2067
-1754
-6265
-8774
-16445
-16543
-17889
-12962
-11073
-5740
-881
2361
2160
1742
-205
2869
7896
12051
14713
10986
8859
2233
-2002
-8440
-9952
-9473
-7575
-5845
-8065
-10912
-13495
-12060
-10054
-6586
-3843
-1112
828
4782
13901
12037
16681
14077
14320
14525
16859
21403
10674
13914
2374
-437
-6598
-10088
-11207
-14370
-6477
-13641
-11819
-17996
-17304
-16303
-11055
-6055
-3050
2726
6027
9809
8918
11094
8743
14030
13892
15281
10658
5509
744
-5667
-9762
-15003
-14636
-15525
-12408
-11368
-10415
-10488
-8193
-5298
-2064
-559
735
1784
5198
7231
15454
19343
17154
18369
11001
11786
8028
15782
9251
5916
2286
-9853
-11567
-19942
-16188
-19599
-9229
-7525
-7328
-7327
-11654
-9415
-7833
2107
4302
12093
14104
17098
13179
9718
5455
3502
7686
6883
7177
-1305
-7080
-14635
-17904
-19263
-16966
-12753
-9151
-5153
-4783
-5630
-5224
-1132
3499
7870
7694
6344
6325
7809
10193
18814
14850
15374
10570
7291
5428
4831
9077
-2053
1454
-9978
-13124
-17751
-16771
-13048
-10190
1196
-3018
1239
-3881
-3727
-4602
1436
7064
10419
15038
13292
10086
2360
-1113
-5546
-1657
-174
1730
-2862
-8678
-13346
-16745
-15221
-11087
-4117
24
3476
3134
1518
-407
2792
4962
9631
8960
4873
1705
228
-201
7314
14136
8839
11548
3213
2202
-678
7564
5050
540
3320
-9694
-9271
-15734
-10556
-10733
-41
4818
1150
1338
-6796
-7372
-7726
1262
3185
8998
10164
8828
2568
-2835
-8016
-7762
553
3143
5818
-2051
-6082
-12778
-11349
-9412
-3992
1618
3161
5112
818
-1471
-4099
-722
2065
6362
3453
-1092
-5965
-5042
-5886
4819
13385
8192
12849
2569
4411
312
11529
10347
5444
8112
-7673
-8519
-16891
-10845
-11214
-967
3823
-462
-790
-8984
-10184
-8887
1732
6035
13060
13413
11990
4096
248
-4712
-4351
5143
6736
9447
-672
-6279
-13605
-12777
-9091
-2654
3514
3785
3927
-1935
-5345
-6876
-2015
2949
8551
4702
-2418
-9397
-9679
-10293
541
14613
9209
14329
4382
3469
-420
9185
12032
5680
10730
-4806
-7437
-16012
-11596
-10469
-1731
5532
1297
1452
-6553
-9160
-8872
1072
5993
13933
13824
11209
3370
-2395
-6397
-7881
2583
4538
7887
-589
-6994
-12874
-13009
-7967
-1407
5024
5163
3687
-2460
-5190
-6550
-964
2045
6057
2363
-6037
-12192
-14196
-11992
-5568
13535
9987
13432
7810
2259
906
6582
17891
8636
14250
1642
-5874
-13171
-12740
-10184
-4944
6425
1802
2687
-5254
-10037
-11732
-1612
6360
13102
15643
10919
4508
-2299
-5088
-8053
1857
6374
8925
2467
-6383
-12643
-13966
-8431
-2144
5069
5442
4175
-2403
-5150
-7599
-3974
-66
2841
2786
-6406
-11776
-16424
-12192
-9036
9078
12519
11015
12495
2894
5804
4820
18592
12656
13808
9339
-5115
-8790
-14759
-8812
-6689
4176
2856
99
-3754
-10819
-12356
-6109
4031
10880
15253
11022
4995
-3118
-4827
-8838
-1463
6244
7195
5178
-6563
-12442
-15201
-9442
-2619
4418
6774
2571
-2342
-6419
-8228
-5008
-77
2733
3850
-2868
-10551
-16322
-13615
-9647
2257
18062
13505
16127
7515
4978
4987
13101
19786
11756
15721
-1063
-9530
-17611
-15620
-11172
-3926
4512
-1804
-1922
-9050
-12592
-9823
763
9828
15729
15664
9335
1522
-4058
-5749
-5803
3712
6926
6454
-1100
-10846
-15180
-13963
-5934
1872
7378
5613
1274
-4778
-7491
-6471
-1176
3275
4299
1502
-7053
-12728
-13969
-9324
-3728
13039
18728
14828
14099
5370
6628
7026
18642
14195
11950
6483
-10122
-15632
-21047
-13775
-10130
820
429
-3002
-4610
-10184
-9969
-3479
7612
14266
17809
12853
5455
-2420
-3454
-5689
-1505
6055
4708
2404
-7682
-12956
-14748
-8763
-1033
4851
7862
2799
-2168
-7588
-7495
-4087
1424
2788
3077
-2760
-9969
-13193
-12569
-6606
108
18811
15756
15352
10483
3677
5521
8235
17972
8575
10354
-2155
-13594
-19257
-20051
-12988
-7106
2940
-482
-647
-3744
-7252
-5463
3422
12416
17885
18189
11608
3472
-2935
-4241
-6739
-1275
2490
2475
-1965
-10998
-14536
-14698
-7517
344
6338
6696
2525
-3449
-6191
-6380
-1572
2517
3747
2730
-4643
-9764
-14118
-10813
-7212
3760
19691
16238
16143
8120
4840
4615
10923
17096
7744
9231
-5535
-14850
-20851
-18553
-11898
-4308
4716
889
1712
-1775
-4866
-2686
6556
14560
18369
16498
8695
-457
-5723
-7551
-9001
-4524
-593
-1195
-6582
-12623
-14294
-12090
-4182
3694
8411
8276
3189
-1425
-4775
-2715
1145
3007
2834
-1072
-7261
-11908
-14152
-9651
-6247
11218
19819
14952
14404
4814
6336
6344
17350
13291
8551
4320
-11228
-17203
-22003
-14919
-9737
1572
3744
1324
691
-4239
-5159
389
10401
16346
17741
12043
2914
-5778
-8065
-10616
-9200
-1736
85
-797
-8089
-12107
-12878
-7767
1969
7792
11956
8342
2454
-3714
-5955
-3442
-577
2261
833
-1850
-8752
-12602
-13883
-9353
-3101
13964
21057
15828
15078
5459
7433
6878
16318
9930
5068
867
-14718
-19228
-22519
-15405
-9638
1771
2506
1193
1325
-2041
-2199
3677
12222
15588
15806
9325
249
-7254
-7895
-11525
-9384
-4014
-2812
-4843
-9021
-9892
-8878
-2565
4247
9594
11339
8334
1860
-2561
-4163
-2528
88
312
-427
-3393
-8937
-11415
-11644
-7410
-2029
16188
20403
16765
15559
5221
6629
6082
14802
5954
3831
-2145
-16154
-19942
-22530
-14912
-8929
3338
3028
4750
4975
1445
701
5813
12990
15185
15346
7797
-1179
-7606
-8849
-13460
-11019
-5940
-4382
-4743
-6819
-7582
-6136
376
6865
10641
11980
8299
1859
-1577
-4140
-3059
-1348
-1337
-2430
-5561
-10058
-12493
-12398
-8024
-2029
16935
20350
16733
15177
5088
5762
5423
13998
5374
3947
-1557
-16501
-20203
-22470
-15271
-7319
5002
5750
7126
7321
2086
-280
4523
10259
13259
13311
6251
-3547
-9471
-11779
-16932
-13085
-7117
-2869
-1832
-1908
-3156
-1963
3278
7695
11557
12546
9697
3399
-1140
-5614
-6258
-5812
-5347
-5213
-6818
-9969
-11680
-11932
-8654
-3275
17095
20468
18571
17390
6552
7402
5313
14053
3606
4242
-1525
-16017
-19004
-22684
-15562
-8182
4870
5708
6939
7213
1391
-952
2932
7736
11120
11190
5013
-4651
-9805
-12082
-16180
-10909
-4309
799
2741
886
282
80
5015
8413
10560
11638
6644
431
-6373
-10139
-9343
-7716
-5298
-4909
-6542
-8573
-10214
-9423
-6829
76
18248
22766
20672
16874
6934
5874
5122
12270
4079
3882
-1927
-15303
-20252
-23775
-16968
-8516
4731
6474
7710
7136
1309
-1640
2002
7154
11521
12750
6535
-2711
-8550
-11028
-14925
-9951
-3324
2279
3852
2948
-32
-717
2478
4111
7314
7991
4613
-2531
-7860
-12014
-10777
-8066
-4113
-2862
-2315
-4238
-6262
-7103
-4147
1338
15622
24250
19713
16942
5948
3732
1335
7817
3767
112
-2175
-15479
-20993
-24550
-17488
-8534
5265
9317
9083
8969
3812
78
2021
7484
11829
13364
7919
-1500
-8961
-11207
-14498
-11363
-4329
1586
2861
2610
-1078
-1625
1042
3027
6511
6748
5406
-1553
-6273
-10279
-9463
-6398
-3113
-1438
-701
-2861
-4738
-6548
-4404
-2
10304
23860
18097
16317
5873
1237
-533
3752
6089
-2050
-1028
-13666
-20899
-23437
-18185
-8425
5057
11976
10611
10059
6146
969
940
6968
10729
13198
7716
-1384
-10425
-12639
-15113
-13541
-5974
448
3013
1451
-1045
-2426
1560
3556
7310
7576
6426
504
-5627
-8349
-9010
-4447
-1670
61
-360
-2553
-5362
-7465
-5532
-775
7374
22768
18804
14686
7844
593
582
2469
8940
-680
198
-10326
-20232
-21666
-18936
-8139
3183
13000
10691
10212
6973
692
299
5489
9782
11883
7592
-763
-10804
-13346
-15331
-15312
-7473
-1550
2862
2648
707
364
2243
4099
6818
7991
6345
1504
-4607
-7678
-9125
-5776
-3338
-1471
-983
-3186
-5194
-7407
-6814
-2123
2677
17707
21362
14848
11297
2085
2343
2424
10350
2908
-838
-5206
-18566
-21105
-20285
-10701
281
11352
11112
9028
6946
1454
-1637
3532
8930
11212
9095
290
-8825
-13702
-14105
-14685
-8367
-557
4128
5117
2090
917
2438
3918
6811
8002
5623
2100
-5112
-8275
-9953
-7085
-3679
-2169
-356
-3104
-5340
-7011
-7511
-2945
1504
11294
22884
15408
14307
5569
2869
3341
7288
8064
-3469
-2278
-16765
-20801
-21125
-16065
-3962
5748
11047
6675
6609
3363
-1436
2828
7678
10428
10184
3094
-4949
-12596
-11294
-12678
-9316
-1483
2100
4500
1099
459
1181
2920
5777
6249
4661
1775
-4283
-6534
-8284
-5466
-2034
-1275
375
-3224
-4354
-6803
-7093
-3259
1821
6263
20021
17629
13444
9487
3303
4620
4742
11551
-2690
-3072
-12505
-21445
-20677
-18757
-6587
2009
11576
7586
6785
5584
1098
2774
7844
10613
10533
5607
-2360
-10795
-11503
-11920
-10946
-4634
-1220
1982
-493
-155
752
2519
5279
5633
4526
1440
-2219
-5668
-5519
-3771
-1466
-1047
-2103
-4090
-6752
-7215
-6979
-4335
1581
3477
18442
18167
13405
11004
4719
7048
5956
12787
-922
-2778
-10537
-20592
-19839
-18877
-7483
1442
10555
7059
5698
5997
1341
1812
8194
10440
11294
6219
-1698
-9898
-11685
-10684
-11327
-4973
-819
1919
1037
-139
938
2635
4885
5877
4455
2057
-1429
-5218
-4782
-4512
-2570
-2694
-3116
-4100
-6360
-6557
-6244
-4889
300
1791
10720
20925
13339
15323
7293
7346
5516
8483
4210
-6737
-5687
-19231
-19465
-19653
-12347
-3282
5017
6875
4257
6574
3429
1706
6784
9623
10174
7882
295
-6378
-10356
-8828
-9938
-6943
-2066
-337
769
-850
78
2300
4042
6257
4558
2967
-31
-4732
-4395
-4780
-2297
-2066
-2186
-3465
-6217
-6637
-7041
-5341
-565
793
9029
21408
14355
15199
8061
6352
5319
8331
6383
-5203
-3995
-17317
-19826
-20038
-15165
-5275
4994
8253
5370
7368
4471
1238
5693
9672
10488
9909
2948
-4822
-9280
-8418
-10697
-8146
-2845
-1091
466
-1286
-1250
885
3702
5631
5469
3878
382
-4903
-5573
-5747
-3171
-1524
-2019
-2625
-5407
-7541
-7749
-6578
-2232
2043
5994
20915
15856
14701
9419
5055
7086
6941
10983
-2284
-2801
-13436
-20522
-19884
-17930
-6688
3946
8801
6017
5409
4287
963
4392
10201
10978
12247
4799
-3105
-8036
-9001
-9485
-8616
-3223
-1962
-472
-2094
-3619
-177
2801
5467
5913
3799
-122
-5660
-7451
-6608
-4249
-1096
-826
-1415
-4852
-8554
-9269
-8427
-2682
2156
5168
19782
17455
12239
10145
4112
7182
7533
13180
1597
-2364
-10376
-21658
-19482
-18425
-8423
2514
8374
5752
4144
4366
997
3643
11034
12316
14001
7618
-395
-6360
-9093
-8898
-9478
-4708
-3262
-2232
-2946
-5342
-2381
1132
3231
5122
3390
625
-4477
-6284
-5786
-3076
1225
552
718
-3500
-7021
-9140
-7400
-4086
2152
4704
16931
19014
11604
11015
3982
8108
7208
13970
5204
-2219
-7708
-21204
-20186
-20073
-11760
42
6927
6530
3770
3855
1484
1954
10049
12264
14416
9172
1133
-5250
-9734
-10229
-11450
-7174
-4829
-3554
-4374
-6242
-5081
-782
2557
5269
5507
2366
-1487
-5009
-4130
-1136
2866
2713
2373
-2162
-6663
-10208
-9415
-6654
-883
2599
11953
20184
10999
11906
4649
7806
8690
14316
10608
24
-2984
-19348
-20059
-21215
-15229
-2289
6330
6995
3644
3656
1263
459
7860
12190
14927
12417
4156
-3019
-9268
-11421
-12732
-10092
-6273
-4430
-4672
-6627
-7486
-2665
464
4353
6574
5281
3005
-974
-1714
-384
2580
3046
2462
-1440
-5620
-10664
-11120
-9631
-4644
-649
9702
20023
11804
13189
6254
8356
9446
14945
12840
2598
-395
-17383
-18782
-21388
-17003
-5219
3343
4774
1787
2106
-680
-1451
5508
10712
14064
13429
5834
-958
-6597
-10027
-11808
-9975
-6533
-4135
-4345
-6234
-8285
-4137
220
3289
8053
6644
5329
1372
-313
984
2685
4779
2373
-90
-5335
-10900
-11913
-11413
-5911
-2089
5577
18023
12780
13830
9796
9342
11126
13814
15354
4410
1071
-13658
-19404
-20617
-20332
-10310
-1127
1155
-889
-1152
-1772
-2072
3251
9798
14020
15827
10295
3220
-2227
-6908
-8870
-8458
-6842
-4407
-5710
-7075
-10389
-6819
-2419
840
6680
6681
6863
3826
1702
1914
4403
5243
3700
1135
-3526
-9740
-11873
-13223
-9776
-5223
567
14857
13258
13641
10820
9245
10910
12536
16619
7214
3081
-8857
-18010
-18552
-21888
-13848
-5224
-1966
-2296
-3115
-2462
-3300
1656
8313
13492
17066
13849
7518
2451
-2724
-6466
-8445
-8261
-6355
-7044
-7733
-11502
-9553
-5562
-2817
4193
6344
8345
7088
5313
5720
7009
7538
5140
2818
-2050
-7846
-11406
-13482
-12862
-7975
-5324
7478
11659
11177
12873
9695
12545
12081
17349
9926
5229
-2052
-13548
-13962
-19662
-15877
-8924
-5430
-4814
-5741
-3765
-3337
67
6320
11097
16586
15566
11863
7279
1420
-2058
-6666
-7857
-7327
-7750
-8492
-11518
-10000
-7645
-4979
223
3846
7468
8171
8380
8501
8694
8827
5514
3167
-1080
-7108
-11144
-14367
-16174
-12454
-10331
-3705
8550
8737
13016
11531
13456
13529
16443
17402
7951
6931
-6225
-9643
-13919
-17505
-12700
-10377
-7966
-10214
-7584
-5797
-4385
1447
6088
12404
15260
14157
11320
7882
4087
-298
-4136
-5425
-6421
-7584
-8624
-11448
-10228
-10527
-6050
-1581
2262
5836
7889
9922
10046
10557
8151
5791
2713
-3176
-7927
-11986
-15530
-14683
-13031
-10897
176
6785
8407
12138
11821
13908
13992
18223
13222
10342
5355
-4222
-6147
-13499
-13982
-12410
-10896
-12043
-11828
-9387
-9008
-5672
-617
4772
10744
14119
14272
13445
10850
7408
3980
746
-1251
-3087
-4678
-7561
-9575
-10941
-11472
-9362
-6652
-2946
1864
6151
9279
10785
9348
7814
4740
966
-2894
-6090
-9327
-11238
-10528
-11473
-7957
1007
4682
8438
10128
11669
11938
13496
14974
10406
9760
2560
-2006
-5022
-9262
-10071
-9825
-10082
-12023
-11124
-9925
-8900
-5477
-1439
2974
8244
10712
12019
11781
10324
8700
6265
3151
908
-686
-2300
-5168
-8599
-11223
-12145
-11976
-10200
-6419
-1029
3407
7009
8212
7077
6603
4384
2830
-249
-2296
-4547
-6465
-7523
-8511
-6295
351
4147
5393
7978
7226
8017
7945
8889
7659
6535
3509
65
31
-3594
-5439
-6582
-6945
-8307
-8550
-7102
-6400
-4445
-4021
-1918
1532
3448
5550
5915
6605
7238
5892
3895
1909
1208
1425
-97
-2567
-4517
-7717
-8833
-7936
-4866
-1367
3112
5252
4616
4447
2357
1501
-42
-1229
-2410
-3317
-4937
-7717
-7557
-7454
-2469
2879
5568
7657
6684
6823
4999
6885
7734
7348
7160
3967
3475
-264
-4245
-5949
-6664
-7182
-7141
-5038
-4051
-4640
-5706
-6196
-3597
-253
1460
3188
5890
6764
6329
4693
2764
2820
3956
3639
2272
-242
-3690
-5042
-5086
-2773
69
2950
3200
2273
435
-1288
-2323
-2411
-3254
-3130
-2729
-5083
-6505
-8755
-6963
-5107
-632
4296
5712
7195
5677
4959
4476
6900
8820
8963
9002
4846
2134
-637
-5000
-6722
-5599
-4551
-4112
-3247
-4373
-5751
-6643
-6449
-3720
-1340
2067
4320
5592
6103
5328
4689
3286
2710
2400
1933
1049
-406
-1276
-1159
-814
104
185
-127
-1037
-1429
-2214
-2501
-3347
-3710
-3291
-4298
-3739
-5025
-4548
-4543
-3585
-2030
-2321
740
2459
3617
4203
4999
6177
6094
8002
6484
5537
4019
527
-302
-2133
-2121
-1872
-1329
-2887
-3528
-2549
-2967
-2362
-3649
-1940
421
1715
2925
3165
4428
3756
3085
1469
-514
-1128
-1865
-508
1116
2131
2809
1920
687
-1166
-1569
-1487
-1231
-1354
-2201
-1930
-2837
-2766
-3332
-3492
-2343
-2331
-3013
-4254
-5238
-4852
-4138
-1604
1688
3520
3992
3168
2643
2796
4970
5115
4096
2874
2083
2097
1341
-151
-340
673
512
1173
530
301
-406
-1549
-895
215
1667
1100
401
-631
-1873
-2305
-3241
-2888
-1074
1193
3396
4121
3120
1729
522
-128
-232
-82
-428
-339
-1032
-1115
-1228
-1892
-1710
-2309
-2761
-3837
-5315
-5683
-5510
-5387
-4251
-2127
460
1372
1524
1758
2900
3759
3604
4378
4669
4759
4181
3641
3454
3043
2870
3180
2244
1365
1525
1363
1183
569
-335
-975
-1854
-3128
-3677
-3096
-2413
-1643
-28
163
1289
1913
1791
2139
1928
1754
872
-521
-2516
-2550
-2684
-2314
-1323
-916
-608
-1201
-2006
-3361
-4476
-4320
-3248
-2763
-2700
-2616
-2586
-3571
-3584
-1311
616
2550
2059
1690
1766
2146
2714
3292
4528
4534
5344
4836
3852
2438
2137
1708
2527
4290
4008
3227
-42
-3099
-4481
-4110
-3008
-1777
764
1852
2435
2243
575
-404
-1129
-1104
71
-87
-2730
-4316
-5228
-5604
-4086
-2562
-489
931
695
-683
-1642
-1740
-1398
-391
608
711
298
-1689
-4121
-5489
-5508
-4032
-1936
-754
-332
238
-879
-452
515
3649
6063
6739
6447
4978
4715
3464
4282
6125
6956
6327
4603
2141
-450
-2778
-3555
-2601
-302
1898
2505
3331
2043
361
-564
-2004
-2057
-2956
-4575
-5852
-5864
-5935
-5907
-4379
-3312
-1095
11
320
272
706
2170
2626
3170
2927
2615
968
-1563
-3787
-4749
-4751
-5349
-6026
-6254
-3773
-3501
-2573
-784
1207
4261
4854
6530
6274
5981
5660
5423
7463
7583
7120
5417
2799
354
-1562
-757
-548
466
1305
1095
2085
1838
1229
782
165
-465
-1561
-3933
-7251
-8530
-8400
-7215
-5160
-3282
-1849
-1604
-1867
-1818
-418
1730
3083
4150
4612
4078
2244
-306
-2839
-3961
-3917
-4169
-5242
-6842
-6646
-7457
-7131
-4425
-426
3355
5317
6286
5936
4990
5042
6179
7857
8481
6879
5430
2762
57
-1692
-977
28
1078
3162
3735
4607
3734
2550
2311
2345
2246
476
-1046
-4427
-6295
-7038
-7958
-6886
-6070
-4163
-3730
-3200
-2813
-2475
-274
762
2452
3624
3681
3048
1207
-518
-2288
-2840
-3300
-5144
-5977
-5433
-6048
-5885
-4757
-2819
-344
836
3147
5158
6066
6433
6118
7025
6593
5776
4172
1456
117
-1741
-1238
-551
178
1803
2945
4334
4991
6606
7008
6429
5336
3290
1461
-1802
-4193
-4579
-5206
-5111
-5428
-5792
-6050
-6798
-6574
-5388
-2421
-197
824
1969
2203
2032
1113
198
-654
-1076
-1492
-3159
-4645
-4938
-5183
-5180
-3514
-1683
154
902
1163
1609
2191
3254
4868
7149
7939
6404
4034
334
-2331
-2629
-2874
-1433
-708
166
1646
2209
3684
5175
7041
7709
8050
8263
5810
2290
-1578
-3066
-3420
-3626
-3855
-4414
-4725
-6608
-7212
-7681
-6448
-4136
-2130
400
1880
2481
1604
677
-523
-614
-601
-1407
-3164
-4029
-4089
-4896
-3828
-2806
-1000
809
1585
1677
1735
2121
1699
3023
3873
3560
4316
2304
-127
-1916
-3169
-3118
-2557
-333
861
2512
3294
4117
6436
7165
7737
8363
7183
4854
2766
1573
457
-774
-2046
-3138
-3800
-5046
-6412
-6677
-6019
-4411
-2473
-1539
-172
374
664
791
175
601
341
-412
-2062
-3824
-4478
-5421
-4723
-3777
-2383
-423
-271
252
391
1076
1996
2434
3810
3574
3155
719
-2011
-3633
-3307
-1874
-1309
417
701
1126
1682
2947
4734
6549
7110
7343
7747
5700
2876
1509
1190
800
965
621
-497
-1824
-4477
-5923
-5626
-4578
-2481
-1172
521
950
624
-484
-2068
-1584
-987
-173
-550
-2033
-3022
-5048
-5792
-5459
-4593
-2370
-1358
-209
310
584
1553
1895
3455
4348
4908
3519
631
-1884
-4092
-4453
-4364
-3480
-962
1171
2195
2867
3109
4338
4601
6084
6601
5793
4485
2104
2540
2209
2010
1550
662
-130
-1933
-2235
-2790
-2919
-1307
-1145
-56
851
557
360
-721
-766
-613
-444
-1496
-3181
-3812
-5068
-5539
-4983
-4112
-2821
-2386
-2206
-2164
-1606
30
1426
3640
5526
5960
4931
2215
159
-1546
-1979
-2543
-2903
-2192
-2663
-2769
-2417
-1138
2095
3893
5404
5758
4528
2527
1127
2414
3006
4773
4410
3111
2365
-214
-2097
-3038
-3210
-1475
964
2305
2685
2153
601
-1402
-1602
-1209
-311
-77
-1065
-2646
-3948
-6115
-6907
-6072
-5524
-3721
-2600
-2080
-2089
-714
117
1530
3829
4902
5707
4470
2934
800
-175
-892
-1782
-1250
-1668
-2361
-3234
-3611
-2488
-1699
-400
382
1259
2082
1475
2396
2750
4082
4266
4955
5168
3258
1824
-937
-1408
-503
389
828
1592
1773
1650
1827
1475
1222
1214
284
-1196
-1990
-3357
-4400
-4188
-3710
-3817
-3667
-4383
-4952
-4663
-3617
-1025
1712
4072
5170
4564
3266
1658
237
-188
732
1106
978
-59
-2101
-3534
-3887
-2709
-1585
-428
-240
-700
-2117
-3528
-2450
-583
2948
5479
6178
5659
3398
1077
-527
173
1196
2806
2906
2489
2538
1758
368
204
1388
2473
3846
3211
1794
-448
-3474
-5336
-4560
-3882
-3753
-3362
-3666
-3968
-4267
-4084
-3264
-745
1384
2524
3468
3324
2325
1356
1097
825
1268
788
-67
-55
-608
-959
-1736
-2100
-2199
-1670
-1771
-2640
-1988
-1441
-878
-191
168
344
274
1115
1476
1706
1723
1525
1699
2240
3998
4514
4718
3383
2270
3242
3503
2281
1566
1333
2
-298
-111
-1320
-2664
-4350
-6123
-5633
-5304
-5035
-3363
-1506
-271
191
-397
-1194
-1364
-1089
-114
2462
4215
4140
3596
2089
509
-481
-1250
-742
638
794
-487
-2514
-3912
-4635
-3553
-2044
-659
279
-312
-1493
-3221
-3999
-4436
-2941
1254
4302
6134
5845
4929
3429
2785
4729
5967
6802
5271
3987
3058
748
-1559
-2024
-1777
-1561
-274
-403
-1798
-4155
-6195
-6172
-3920
-2447
-1891
-380
-51
-759
-1189
-1823
-848
837
2280
3621
5137
5088
3262
2403
569
-553
-1697
-2925
-2458
-1463
-1487
-2358
-2686
-3558
-3684
-2638
-2422
-1922
-1929
-2796
-2575
-2352
-1959
-1463
1741
5050
5573
6305
5304
4594
3954
5344
6206
5759
4552
1737
1881
667
-780
-2375
-2255
-2135
-1785
-67
-1120
-2095
-4061
-5977
-5745
-4896
-4292
-2529
1056
2242
2167
1500
-101
27
1109
2879
4671
5888
4019
1814
-34
-2255
-3310
-3381
-1804
215
972
-757
-3084
-5118
-6254
-5726
-2896
-644
997
501
-1568
-3084
-4955
-4892
-2498
3973
7411
8426
6717
3777
2395
2717
6325
6844
8428
5476
2550
1198
-2323
-3662
-3634
-1763
-1348
-395
-1723
-5388
-7724
-9112
-7361
-3304
-913
656
3101
3780
2703
1482
-63
273
1798
2890
3389
4163
2960
550
-298
-1423
-1859
-1855
-1881
-1294
-1034
-2720
-3981
-4145
-3940
-3316
-1554
-641
-1132
-2197
-4091
-4450
-4593
-4050
-2469
3885
7747
8105
7965
5157
5171
5594
8765
9032
9542
6590
2188
1444
-2257
-4945
-5675
-4216
-4125
-1895
-1872
-4359
-5885
-7187
-5872
-2452
481
1843
4440
5368
3245
965
-1581
-1538
1157
3631
5099
5326
3287
-223
-2073
-3798
-4474
-3632
-2623
-908
16
-2153
-4818
-6015
-5865
-4637
-1962
-321
-333
-1690
-4826
-6486
-6785
-4931
-1577
7143
11515
11041
8329
3952
3877
5778
11615
12124
12105
6236
-326
-2594
-7434
-8040
-5547
-1320
-156
868
-1640
-6967
-8602
-8276
-4353
1555
4104
4023
4867
3488
881
-127
-462
2348
6614
8108
5693
2120
-2649
-6418
-6313
-4868
-2642
-1575
-2423
-3377
-4627
-7201
-7781
-5112
-1536
888
2074
173
-2784
-5339
-7397
-6140
-4232
-1474
2148
9439
8946
7011
4009
2493
5222
9835
14968
11963
9125
10
-2666
-3726
-5619
-3866
-316
1298
-978
-1985
-7167
-9863
-8467
-5426
131
4146
4124
3365
3914
2534
1772
2220
2337
5441
6585
4243
-673
-4085
-6110
-5994
-4376
-3550
-2882
-4001
-4827
-4440
-4224
-4110
-2213
286
1754
987
-252
-2390
-3802
-4964
-5550
-5339
-4872
-4113
2099
9225
7484
7046
3585
4780
6919
12845
15443
12621
9226
34
264
-3045
-5927
-4011
-986
-1125
-2965
-5548
-10599
-10116
-6366
-2058
3336
5597
4441
4543
3705
1674
1483
1331
1962
4573
4875
668
-4287
-6942
-7222
-5397
-3525
-2014
-1205
-1989
-3197
-3257
-3568
-2566
-109
2369
2466
204
-1922
-4980
-6030
-7384
-6386
-5670
-4365
-2966
3931
10287
6702
6700
4791
8441
10921
16414
16212
13146
6741
-2809
-2442
-6174
-6498
-4062
-1414
-3228
-3452
-5852
-9122
-6039
-1714
3022
6339
5446
3078
2668
530
-1467
39
-140
714
1325
-633
-4455
-7289
-6329
-3563
66
1406
1550
-248
-2220
-2966
-2159
-1531
-79
1755
1294
-2024
-5661
-6138
-5936
-5356
-5640
-5361
-5927
-5221
-3826
2449
12955
11186
11776
9182
9316
9251
11289
14040
9323
6888
-3980
-5352
-7687
-9379
-5617
-1532
-507
-1112
-1562
-5640
-3846
-435
2620
4977
4724
3332
1789
170
-2652
-2620
-1831
-1863
424
-533
-3087
-4945
-5119
-2776
-896
802
1212
-76
-1127
-2595
-3187
-3844
-2384
109
1475
-974
-4509
-5715
-5489
-5013
-4806
-4525
-5093
-5193
-3499
-1687
4284
12712
9493
11016
7998
8079
8217
11659
15159
10767
7748
-4261
-3560
-6893
-8672
-4398
-488
-836
-2621
-4289
-8861
-5236
-1681
1716
6256
6313
4512
2457
1708
-5
993
1642
1236
2804
-1407
-5281
-6965
-5992
-2977
-624
-369
-918
-2257
-3377
-3622
-2147
-785
1771
3476
2240
-1258
-4745
-6083
-5127
-3060
-3052
-3470
-6155
-7590
-6509
-4482
1012
11629
11194
12198
10072
8247
9063
12730
17851
12878
9676
-3103
-5224
-8800
-12564
-8268
-3400
-1571
-2675
-3451
-8114
-6457
-2695
1696
8285
10087
8326
5637
2716
-1166
-2080
-1897
-1559
715
-1609
-5659
-8231
-8266
-6618
-3049
-2107
-137
-318
-922
-1718
-1036
24
1339
2488
1395
-1027
-4625
-5789
-6233
-4737
-4923
-4213
-6218
-6881
-7346
-4312
-1350
10457
16777
13822
14705
7247
9777
9333
16653
13383
8157
-68
-9010
-7216
-14254
-10500
-3925
773
-486
-780
-4398
-5942
-1136
2346
7435
9429
6071
3011
1207
-1321
-2771
-2169
-2092
-60
-68
-4852
-8035
-7204
-3843
-1746
-740
-377
-175
-1833
-2305
-1279
598
768
818
754
-2192
-5600
-7409
-5412
-2822
-888
-850
-1208
-4099
-5575
-5624
-1270
1118
12229
17100
11044
10154
1628
5378
6592
15126
13208
8528
721
-9729
-7061
-12427
-5926
1827
4535
706
-2210
-8124
-10749
-4737
326
7150
8896
4918
1555
-348
-2621
-3157
839
2608
4529
1900
-4998
-8452
-8842
-6485
-2433
578
919
271
-3133
-4462
-4016
-1566
70
2779
2997
608
-2572
-4425
-2357
468
2110
1198
66
-4640
-7554
-8178
-4127
-645
9701
16446
10490
10066
2037
4573
6693
15873
16198
11406
3658
-9144
-7270
-13697
-9513
-2056
1829
-907
-3257
-8656
-12213
-6436
-761
6144
10365
7540
4245
1448
-2222
-3143
-869
700
2395
1064
-5658
-9706
-10962
-8443
-3993
-1257
984
980
-2185
-3107
-1570
947
3069
4952
6106
3732
-625
-3798
-2749
-1153
-1824
-1233
-1541
-3190
-6729
-7705
-5458
-1191
2575
14996
14962
11447
8898
2692
7444
8648
17103
10188
6375
-4879
-9950
-9702
-15004
-6389
-465
940
-3543
-4085
-9071
-8045
-1523
4226
9916
8435
3411
941
-1133
-3510
-3115
-192
159
-299
-4137
-9365
-10237
-7776
-2701
2459
3998
3677
1156
-1397
-1414
1038
3880
5305
5366
2291
-1617
-5556
-5791
-3677
-555
950
1112
-880
-4004
-5974
-5853
-3369
789
2541
11039
14717
7203
7778
641
5634
6762
14041
12289
5694
-1913
-13076
-7116
-12618
-5412
135
1993
-1252
-3857
-8021
-9892
-1585
2216
6721
7483
2158
-772
-3751
-5108
-2097
855
931
1316
359
-5117
-6716
-5073
-1786
740
2218
1278
663
-1721
-3034
-577
1023
2761
3410
2179
-741
-2915
-1765
849
2530
2340
652
148
-3732
-5100
-6100
-3594
-2467
-870
-1179
7498
10430
4145
8700
2544
9137
7165
15964
11222
5794
-980
-9385
-3127
-11218
-3836
-1962
-1273
-5628
-6416
-9963
-10852
-1945
2859
7449
6399
2069
545
-671
-1326
667
3053
3250
2770
-33
-5264
-6980
-6556
-3581
-503
1552
255
-390
-1937
-2088
168
1162
4664
5728
5336
1846
-2086
-3088
-1773
356
289
-322
-2179
-5066
-6890
-7856
-5924
-3675
-1787
322
3306
13505
6820
9837
5726
6431
9020
10247
16572
4183
2539
-13009
-9289
-13133
-13032
-4621
-3106
-913
-4649
-3968
-9484
-3807
1664
5256
8769
5864
3367
1867
-245
67
324
991
2175
3398
-1625
-5213
-5312
-3975
-1868
50
680
545
-943
-2460
-760
-962
-113
1730
3911
3709
1613
-1332
-660
432
1703
1996
1736
-422
-2417
-4296
-4877
-3095
-3098
-2722
-2544
-3110
256
10654
5890
10877
5000
4467
3464
4633
9964
1551
3392
-8604
-2437
-10974
-11616
-6283
-4953
-981
-1564
40
-5203
-2064
-154
3709
6489
5843
6598
6735
4175
2380
93
-1304
122
1753
-1048
-3235
-5629
-6795
-7282
-5585
-3387
-2306
297
506
2819
1894
1678
4056
5520
7230
6128
6152
3310
728
-2107
-3794
-3815
-3933
-3938
-4835
-5824
-4783
-4912
-3764
-2827
-943
-1715
4698
11385
5922
9614
-1698
3392
-504
6049
5524
-459
-186
-11831
-3237
-13587
-5673
-2179
2630
4915
3625
1885
-3921
254
1096
5075
6118
4341
2545
553
-2327
-2176
-4591
-3663
-789
278
-1917
-3085
-2788
-1733
-50
824
2391
3427
3745
2584
2538
1027
391
948
326
1175
432
-918
-344
-337
233
-796
-1306
-1713
-1781
-2026
-4286
-4983
-4936
-4692
-5144
-5254
-4846
5503
3829
6241
3978
1557
4864
1923
12468
4884
6529
-1192
-1806
-920
-6837
747
-2170
2397
-511
310
-3956
-6370
-1912
-270
3558
2875
3101
2118
629
190
-437
-1148
947
1920
2211
-1229
-2358
-2926
-2726
-1526
215
1025
719
750
359
2195
-140
1486
2119
2978
1933
-636
-1376
-2536
-2537
-4256
-3861
-3654
-4494
-4714
-4914
-4709
-3708
-2441
-2485
-105
-955
1671
7594
7277
8675
4764
4214
1764
3615
6244
1576
1982
-2802
-1031
-3109
-3834
296
658
3969
2562
2567
-1980
-3967
-1992
-1775
212
-696
211
-428
-889
11
-1656
-821
846
2722
3790
2578
1617
1231
1098
1028
701
685
352
168
-1282
-3140
-4878
-6243
-5785
-3410
-3143
-3190
-1857
-1084
-341
-1005
-276
-763
23
397
1190
-61
-1976
-2715
-3280
-3870
-4214
-1506
1632
3713
4291
3244
1999
1674
4173
6754
7711
7766
5596
4954
845
-1665
-1547
-655
-487
-267
1176
-1942
-3292
-3986
-2533
-262
338
2364
4491
4683
2729
1071
508
-150
6
534
-484
408
-1658
-3562
-3684
-4598
-4085
-3312
-1941
-313
4
-1446
-1736
-1364
-1265
-1050
-1642
-835
561
-1233
-2576
-2600
-2489
-2623
-1576
-879
-338
-225
-1358
187
594
815
1592
2085
3792
3864
2943
1565
1835
1795
2501
2667
2677
2757
1119
1242
1430
2101
2509
2540
2592
2183
1564
-1
262
1681
1890
1917
1169
160
-1166
-1596
-1564
-919
-830
-1362
-2766
-4299
-4728
-4911
-3034
-1664
387
457
-1844
-3066
-4381
-3441
-1847
130
1884
912
-95
-1996
-2874
-2960
-2163
405
1331
868
-185
-399
-1576
-1749
-1156
-491
1328
501
620
376
249
951
2347
3462
2418
1493
-341
279
1191
2088
3475
3497
3357
1039
27
506
1049
3862
5489
6568
4520
2541
607
-546
390
398
1233
593
-1457
-3816
-6130
-7288
-6030
-4374
-2038
-277
193
285
-955
-697
-440
-59
928
157
264
-1493
-2593
-3322
-3301
-2153
-2142
-959
-733
-685
-852
-178
969
2412
3363
2932
3434
2262
1225
299
-46
-468
-1262
-1581
-2715
-2583
-2842
-2323
-507
524
1437
2261
2577
4266
5478
5282
4537
4833
3442
2472
1480
-633
-1302
-1760
-2856
-2834
-2727
-4151
-3304
-2991
-1502
516
1584
2166
3549
3326
630
-598
-1709
-1907
-1982
-2274
-2643
-3624
-5005
-5921
-4419
-2821
-1201
666
1656
3093
3288
2857
3544
3318
3617
3316
3169
2583
1286
-637
-1154
-1849
-3455
-3572
-3133
-1963
-2328
-1987
-2093
-894
-168
466
2658
3566
2734
1048
53
-6
-224
-436
535
1555
1590
37
-819
-1110
-119
497
1006
2505
3133
2627
1993
1354
1590
952
-690
-717
-900
-1269
-2932
-2895
-2309
-1939
-1615
-1064
975
1279
1021
991
1537
1566
1864
1868
2262
2097
1044
-6
-802
-582
302
1163
954
482
-908
-2267
-1811
-797
-393
-396
-875
-1441
-2833
-4366
-4940
-3820
-2554
-1730
-616
-926
-1168
-1178
-398
781
1133
1358
1502
1195
750
-39
76
367
700
976
565
822
204
-65
-38
1092
2206
2946
3119
2663
2049
664
1222
1077
1472
1360
956
824
-728
-1376
-2557
-1649
-102
703
1708
1434
1346
681
722
558
722
974
543
8
-1852
-2369
-3409
-3847
-3677
-3486
-3174
-3275
-2194
-1477
-820
-697
-379
479
438
674
422
-113
-961
-1417
-2489
-3507
-3009
-3084
-2618
-2404
-1879
-973
-76
1134
3397
4934
5064
4580
3940
3731
3694
4312
4162
3802
3039
1339
956
337
-134
1019
939
1559
2252
1510
1677
2122
2858
2789
1873
591
-382
-883
-1432
-2103
-2181
-2603
-3098
-3223
-3891
-3824
-3232
-2648
-1251
-440
-535
-1158
-1565
-975
-1102
-662
-403
-300
-261
-1391
-2922
-3624
-3611
-3202
-2120
-1807
-1719
-2106
-2194
-2124
-1267
-263
510
1809
1826
1844
1270
1225
1900
3421
4461
4720
4040
2953
3293
3110
3880
4916
4930
4969
3545
2147
1992
844
803
249
566
544
263
68
-158
229
-810
-723
-630
-1420
-1670
-1759
-1935
-1753
-2502
-3139
-2995
-3569
-3962
-3335
-3612
-3386
-2592
-2062
-1317
-1201
-835
-286
-120
-909
-1021
-376
-877
-1055
-1279
-1670
-1963
-2754
-2313
-1901
-1999
-1729
-1362
-520
-205
930
2147
3643
4201
4048
4152
3842
4122
3873
4347
3447
2891
1828
826
1078
1367
1669
1879
2431
2184
2375
1872
1852
1908
1576
980
987
494
-230
-743
-2014
-3372
-4232
-5108
-5077
-3651
-2787
-1795
-1304
-980
-725
-595
-469
-98
46
-108
-1025
-1152
-1480
-2656
-2990
-3358
-3435
-3069
-2399
-1208
-235
-259
-306
400
442
465
735
823
956
668
275
59
173
163
288
1402
2026
2209
2142
2045
2272
2008
2300
2819
2778
2439
1874
1298
1234
735
844
756
1171
1290
1423
1823
1263
1326
807
668
567
422
-138
268
119
-79
-561
-1790
-2679
-3183
-2366
-2277
-1228
-962
-1381
-1589
-2056
-2010
-1822
-636
354
1622
1301
168
-991
-2387
-2886
-2935
-1361
-330
161
-299
-590
-784
-1000
-370
102
1529
1868
1550
428
-752
-1216
-2027
-1682
-968
-244
-688
-1716
-2103
-2092
-1387
241
3137
5233
4915
3896
2549
2179
2619
2585
4043
4251
3452
2185
668
-196
-1548
-1190
-466
319
262
-14
27
-476
-443
24
337
558
212
-502
-862
-1757
-2473
-2507
-2332
-2385
-2481
-2172
-1792
-814
-124
327
744
223
-647
-954
-757
-450
545
696
254
-942
-2401
-3832
-4587
-4333
-3038
-1464
-999
-1175
-1673
-1653
-1642
24
2611
3752
3518
2497
1479
476
154
562
2158
3205
2520
1915
772
521
1269
2551
3913
4681
4499
3353
2678
1811
1011
716
381
210
-150
-1468
-1696
-1709
-1464
-771
-833
-773
-660
-400
-644
-41
246
312
94
-207
-845
-1918
-2896
-2945
-1823
-2021
-2071
-1965
-2586
-2668
-2673
-1529
-118
572
946
865
601
-540
-793
-1226
-880
-734
-1543
-1838
-1980
-2004
-2253
-1014
512
1578
2281
1499
2001
2774
2994
3868
4476
4227
2505
746
204
432
823
1029
1334
1797
1373
822
447
1167
2046
2108
3074
3205
2836
1811
721
368
-671
-1873
-3151
-3015
-3278
-3550
-2815
-2160
-1585
-1699
-2050
-2157
-1752
-1330
-1141
-689
-99
-395
-480
-696
-1012
-1163
-1246
-587
-88
-295
-704
-642
-809
-997
-1068
-714
-483
-774
-1135
-1414
-1512
-1197
-389
606
989
879
93
-52
240
845
2015
3046
3843
3275
2002
996
1365
2070
3270
3715
3614
3255
2077
1132
451
581
384
848
880
294
-734
-1416
-770
-282
-321
-1088
-1031
-1642
-2404
-2728
-2546
-1981
-1946
-1755
-2005
-2531
-3049
-2922
-1655
250
1520
2308
2348
1447
-64
-880
-1272
-653
-7
306
37
-1143
-1902
-3290
-3233
-2528
-1487
-798
-936
-1349
-1685
-1785
-1247
671
2351
2943
3019
2505
1688
1601
2010
2861
4011
3867
3089
2588
1521
1539
1869
2459
2964
3061
2764
2234
1636
743
667
272
-34
-288
-617
-1217
-1545
-1948
-2485
-2757
-3087
-2181
-1992
-1426
-811
-591
-375
-697
-681
-585
-466
-348
194
537
-130
-817
-1233
-2052
-2305
-2874
-2860
-2593
-2530
-2102
-1953
-2124
-2302
-2324
-2357
-2256
-1716
-1239
-1043
-258
611
1226
1210
1662
2321
2888
2376
1996
1942
2158
2056
2286
3137
2407
1793
1200
1307
1424
1605
1799
2929
3707
3192
3093
3002
2334
1983
1060
526
1133
550
209
-18
-316
-910
-1880
-2092
-1977
-1393
-1473
-1182
-247
-645
-998
-1195
-1084
-570
-1017
-1062
-1012
-1266
-2161
-2783
-2465
-2755
-2454
-2468
-2133
-1807
-1895
-1625
-1214
-1286
-1707
-1512
-1209
-918
-556
-268
-292
-549
-828
-590
-184
-58
80
-4
190
436
1120
2255
3261
3654
3539
3374
3473
3238
3346
3531
4174
4138
3790
3462
2564
1457
357
-52
-614
-568
-684
-426
-509
-500
-1064
-1804
-2518
-2418
-1875
-1763
-1349
-851
-717
-1295
-1341
-1350
-1128
-1353
-962
-536
-50
-406
-999
-989
-1520
-1424
-1808
-1933
-1592
-1318
-1766
-1775
-1838
-2364
-2068
-1767
-1637
-1217
-1061
-1096
-487
-216
283
1020
1674
2152
2413
2235
1968
2390
2902
3528
4183
3598
2999
2693
2376
2364
2815
3202
3596
3590
2781
2589
1442
521
-110
-846
-792
-853
-819
-1016
-801
-1113
-1699
-2131
-2010
-1204
-422
-285
165
412
-104
-805
-900
-843
-1531
-2348
-3193
-2797
-2990
-3075
-2740
-2564
-2779
-3286
-3317
-3083
-2135
-1715
-1052
-264
-393
-679
-794
-769
-497
-134
-429
-267
-84
-132
332
803
1345
1481
1373
1112
1702
2733
3388
4012
3776
3346
2790
2593
2491
2902
2711
2570
2480
2156
2323
1854
1829
1540
1218
868
724
672
630
595
-58
-678
-1469
-2116
-2425
-1988
-1803
-1605
-1382
-2046
-2595
-2887
-3130
-2987
-2696
-2360
-1667
-1251
-1347
-1451
-1530
-1647
-1174
-827
-643
-104
-87
-447
-403
-317
-504
-571
-1032
-973
-882
-1491
-1803
-1954
-1101
-682
565
1113
1145
957
240
1024
1722
3020
3742
4336
4286
3868
3698
3426
3921
4009
4020
3624
2451
2054
1639
1371
1121
675
69
-443
-940
-1307
-1186
-1415
-1449
-1763
-2431
-2837
-2431
-1956
-1454
-1149
-1002
-1528
-2142
-2380
-2003
-1488
-1268
-601
-265
-36
-648
-797
-955
-1079
-1089
-1375
-1122
-1204
-1483
-1897
-2155
-2406
-2705
-2563
-1883
-1548
-1120
-1290
-1468
-673
330
2062
2535
2519
2184
1681
1614
2011
3600
4313
4540
4284
3997
3480
2282
2158
2400
3000
3016
2683
2544
1832
868
24
-326
-503
-733
-682
-535
-781
-1290
-2203
-2694
-2227
-1835
-1302
-791
-401
-473
-607
-772
-1011
-837
-1097
-1206
-1181
-1453
-1842
-1967
-2017
-2206
-2231
-2600
-2634
-2114
-1848
-1198
-807
-793
-1274
-1581
-1688
-1626
-1064
-1022
-522
-475
-306
-208
-173
536
901
1169
997
1377
1745
2177
3081
3611
3717
3082
2687
2522
2274
1979
1734
2028
1843
1933
2240
2082
1979
1632
1139
966
1168
1148
1247
763
412
-127
-949
-1552
-1535
-1007
-920
-760
-1214
-1517
-1697
-1910
-1341
-827
-690
-716
-1041
-1219
-1393
-1595
-1649
-1232
-1184
-1367
-1150
-1240
-1162
-1416
-1346
-1127
-705
-1090
-1629
-1711
-1999
-1587
-1735
-1537
-1336
-1070
-828
-758
-643
-932
-407
295
1379
2706
2997
3109
2739
2298
2441
2732
3156
3286
3786
3471
3171
2685
2226
2131
2019
1532
1266
825
75
4
-283
-214
-420
-525
-1056
-1228
-1280
-1579
-1304
-1212
-1109
-938
-933
-996
-754
-625
-810
-548
-647
-737
-726
-992
-822
-1134
-1165
-1584
-1467
-1521
-1990
-2109
-2758
-2638
-2992
-2951
-2908
-2628
-1968
-1616
-834
-140
673
1229
1313
1247
1040
1341
1843
2309
3209
3324
3276
2782
2421
2547
2927
3350
3868
4499
4517
3704
2911
1950
1428
1042
487
390
17
-384
-910
-1392
-1690
-2002
-2078
-1628
-864
-243
-386
-576
-599
-614
-736
-1200
-1420
-1693
-2064
-2700
-2746
-2666
-2639
-2641
-2668
-2426
-2339
-2428
-2588
-2072
-1814
-1845
-2141
-2450
-2320
-2363
-2381
-2118
-1725
-1323
-1160
-396
227
697
883
1031
1831
2325
3375
4357
5044
5204
4786
3932
2958
2695
2721
3039
3311
3390
3586
3183
2194
1778
1505
1068
683
721
886
748
577
235
-56
-708
-1350
-1315
-1458
-1508
-1395
-1369
-1382
-1711
-1650
-1830
-1886
-1978
-1896
-1402
-1361
-1245
-1659
-1948
-2610
-3245
-3526
-3417
-2754
-2549
-2170
-1792
-1693
-1721
-1562
-1238
-640
-115
97
340
529
690
1013
1057
1180
1268
1202
1468
2120
2885
3269
3612
3983
3982
3719
3554
3762
4117
4254
4242
3965
3124
1987
858
14
-375
-285
-122
-34
-108
-261
-658
-1147
-1442
-1362
-1329
-1367
-1289
-1423
-1496
-1804
-2374
-2568
-2818
-3249
-3214
-3132
-2743
-2599
-2572
-2377
-2069
-2180
-2387
-1961
-1438
-1144
-947
-784
-719
-867
-1161
-1218
-1303
-1283
-1268
-935
-640
-339
-124
55
982
1529
1737
2014
2436
2874
2843
3161
3521
3493
3079
2558
2464
2197
2134
2480
3172
3216
3122
2910
2474
2171
1759
1793
1681
1651
1037
478
-132
-854
-1121
-1573
-1615
-1583
-1657
-1773
-1814
-1757
-1791
-2013
-2205
-2333
-2259
-2289
-2449
-2708
-2796
-2529
-2440
-2188
-2055
-2178
-2200
-2189
-1967
-1459
-952
-828
-729
-590
-885
-1116
-1700
-1606
-1064
-684
-407
-79
229
392
553
827
1514
2069
2726
3446
4066
3887
3491
3146
3122
3511
3442
3356
2915
2353
1762
1248
1010
1042
1216
1190
1229
992
545
322
429
416
261
-334
-859
-1497
-1804
-1970
-2020
-1863
-1600
-1424
-1606
-1742
-2111
-2235
-1798
-1097
-602
-547
-619
-813
-1125
-1536
-1737
-1447
-1480
-1580
-1576
-1569
-1758
-1815
-1612
-1206
-695
-526
-191
136
411
815
1193
1563
1810
1757
1751
1837
2086
2152
1986
2121
2105
1966
1526
1614
1870
2001
2144
2195
2326
2121
1830
1514
1439
1012
604
412
13
-414
-990
-1363
-1544
-1538
-1630
-1323
-941
-745
-599
-809
-767
-868
-925
-1087
-1117
-1286
-1608
-2046
-2282
-2376
-2532
-2457
-2540
-2408
-2483
-2257
-1840
-1545
-968
-754
-325
-379
-737
-619
-662
-472
-420
-302
-316
-418
-234
64
489
811
1024
1410
1660
1964
2233
2359
2638
2992
3351
3359
3074
2873
2575
2120
1777
1645
1422
1206
1175
1009
1104
1038
897
1087
1057
940
591
-13
-437
-781
-874
-917
-765
-856
-1415
-1763
-2182
-2370
-2453
-2511
-2430
-2276
-2330
-2181
-2049
-2004
-1887
-1846
-1791
-1870
-1659
-1543
-1308
-1027
-1138
-1072
-1063
-1222
-988
-784
-636
-656
-876
-721
-705
-188
213
906
1482
1471
1747
1870
2174
2273
2739
3267
3540
3434
3084
2872
2854
2788
2818
2596
2399
2311
2092
1846
1682
1596
1369
1277
1155
1122
969
794
572
435
35
-282
-776
-1189
-1458
-1833
-2031
-2275
-2109
-1935
-1979
-2218
-2283
-2142
-2026
-1870
-1685
-1244
-1260
-1465
-1671
-1759
-1771
-1739
-1354
-1367
-1523
-1991
-2310
-2207
-2184
-1943
-1624
-1084
-530
-292
-192
-153
213
520
820
1291
1658
1726
1662
1329
1452
1751
1921
2397
2469
2557
2313
2293
2365
2713
2979
3071
3321
3031
2619
1955
1354
904
700
463
28
-345
-709
-947
-928
-975
-907
-932
-1211
-1228
-1320
-1419
-1632
-1673
-1647
-1996
-2466
-2702
-2704
-2727
-2599
-2512
-2453
-2403
-2174
-1940
-1823
-1688
-1699
-1578
-1557
-1472
-1299
-1467
-1501
-1674
-1598
-1396
-1146
-606
-179
251
437
587
1040
1557
2128
2747
3067
3025
2772
2678
2622
2565
2626
2643
2612
2397
2258
2324
2475
2675
2949
3317
3493
3440
3199
2859
2472
2162
1821
1349
846
462
-14
-675
-1172
-1479
-1697
-1564
-1255
-1051
-1031
-1278
-1537
-1671
-1698
-1732
-1765
-1662
-2046
-2458
-2966
-3248
-3399
-3434
-3082
-2823
-2427
-2467
-2186
-1776
-1379
-906
-741
-433
-403
-340
-348
-556
-556
-526
-523
-305
19
226
597
760
937
1182
1362
1670
2188
2695
2844
3059
3227
3112
2938
2753
2446
2306
2087
1811
1700
1408
1249
1138
1012
732
541
424
441
506
272
-144
-649
-1209
-1550
-1761
-1843
-1834
-1921
-1960
-2363
-2554
-2627
-2381
-2093
-1977
-1717
-1783
-1938
-2144
-2057
-1860
-1646
-1525
-1570
-1632
-1928
-2078
-1853
-1429
-1007
-760
-765
-420
-236
-170
275
887
1467
1793
1933
2089
2078
1866
2065
2451
2922
3113
3328
3533
3306
2894
2504
2469
2706
2765
2712
2507
2106
1774
1461
1399
1607
1427
975
531
56
-282
-757
-903
-751
-568
-878
-1425
-1926
-2314
-2485
-2604
-2447
-2356
-2395
-2575
-2701
-2724
-2878
-2838
-2629
-2332
-2081
-2100
-2112
-2078
-2132
-2094
-1958
-1756
-1482
-1309
-1211
-1252
-994
-900
-426
230
624
1145
1402
1815
2046
2363
2614
2827
2812
2739
2721
2517
2359
2376
2484
2479
2489
2476
2551
2589
2756
2938
3193
3134
2915
2443
2098
1783
1371
911
360
-222
-871
-1160
-1357
-1416
-1588
-1712
-1960
-2099
-2250
-2301
-2032
-1974
-1986
-2283
-2507
-2948
-3439
-3602
-3639
-3419
-3344
-3308
-3312
-3223
-2971
-2407
-1796
-1167
-672
-384
-242
-231
-163
103
372
580
776
870
1098
1236
1337
1514
1716
1957
2175
2568
2914
3127
3438
3427
3549
3378
3045
2852
2547
2404
2235
2248
2302
2185
1864
1547
1325
1150
1040
829
668
562
218
-375
-993
-1450
-1973
-2459
-2940
-3305
-3656
-4016
-4229
-4251
-4132
-3992
-3573
-3117
-2870
-2741
-2703
-2560
-2290
-2040
-1772
-1683
-1737
-1770
-1595
-1230
-1011
-627
-215
239
768
1020
1473
1883
2201
2715
2959
3264
3214
3042
2966
2962
3137
2917
2851
2782
2849
2823
2641
2667
2821
2940
2935
3112
3065
2804
2398
2230
2069
1570
893
246
-127
-631
-1161
-1509
-1579
-1809
-2301
-2769
-3186
-3374
-3601
-3525
-3294
-3257
-3449
-3742
-3978
-3942
-3826
-3544
-3281
-3008
-2871
-2857
-2716
-2338
-1764
-1122
-571
-186
-87
-208
-253
-211
70
364
775
1086
1245
1289
1313
1466
1913
2358
2668
2781
2861
2958
2975
2927
2902
3013
3231
3309
3271
3044
2751
2412
2275
2324
2302
2374
2240
2145
1810
1421
1240
925
630
137
-249
-774
-1347
-1703
-1902
-2124
-2419
-2641
-2930
-3047
-3111
-2960
-2623
-2433
-2433
-2325
-2241
-2343
-2429
-2419
-2551
-2564
-2424
-2314
-2358
-2469
-2295
-2217
-1950
-1632
-1097
-401
-64
351
571
775
1002
1037
1356
1494
1560
1424
1473
1818
1827
2087
2253
2589
2757
2812
2989
3283
3478
3263
3121
2657
2235
2063
1755
1519
1356
940
562
271
47
-87
-286
-491
-494
-412
-481
-715
-760
-791
-950
-1151
-1540
-1882
-2201
-2556
-2762
-2815
-2878
-3056
-3187
-3135
-2990
-2848
-2714
-2328
-1851
-1592
-1469
-1241
-1094
-1005
-986
-834
-555
-350
-206
-230
24
183
382
575
794
1225
1509
1872
2133
2379
2578
2462
2444
2494
2382
2187
1987
2100
1836
1668
1571
1562
1705
1574
1766
1830
1864
1862
1810
1733
1589
1463
1316
1039
747
517
205
23
-136
-363
-619
-862
-924
-1024
-1292
-1499
-1700
-1822
-1908
-1934
-1935
-1875
-1932
-2087
-2062
-1976
-1837
-1665
-1352
-1133
-1036
-1032
-1213
-1201
-1212
-1077
-880
-645
-692
-931
-1088
-1042
-971
-695
-183
67
449
447
282
277
310
646
955
1371
1415
1196
900
573
616
664
927
1236
1461
1482
1255
1133
1066
1238
1412
1586
1693
1477
1120
683
559
485
356
318
134
-132
-515
-886
-1027
-875
-742
-615
-496
-439
-400
-492
-472
-386
-469
-542
-659
-753
-976
-1289
-1509
-1584
-1616
-1569
-1534
-1465
-1311
-1107
-855
-780
-630
-539
-336
-162
-167
-93
-3
244
432
539
591
486
650
755
940
1143
1256
1481
1497
1648
1630
1643
1588
1482
1472
1281
1166
990
890
865
891
771
584
466
401
344
363
443
462
349
201
106
20
-124
-337
-390
-550
-770
-1004
-1154
-1239
-1303
-1474
-1493
-1445
-1436
-1281
-1190
-1206
-1196
-1140
-1089
-1204
-1211
-1235
-1349
-1247
-1289
-1220
-1216
-1168
-934
-739
-465
-112
162
499
742
831
1064
1187
1390
1365
1238
1093
1136
1039
945
1133
1230
1277
1313
1298
1374
1564
1617
1769
1931
2012
1901
1747
1457
1310
1144
1025
939
623
345
-53
-208
-392
-556
-649
-785
-669
-606
-734
-927
-1082
-1100
-1223
-1256
-1197
-1172
-1212
-1344
-1491
-1579
-1551
-1616
-1557
-1538
-1740
-1778
-1787
-1556
-1272
-1177
-1015
-914
-810
-754
-535
-444
-300
-16
138
220
294
466
666
845
937
1091
1309
1357
1343
1446
1516
1420
1419
1506
1459
1398
1299
1344
1328
1233
1113
1185
1068
779
551
354
226
145
-42
-283
-434
-701
-839
-902
-990
-1142
-1044
-1037
-960
-871
-966
-881
-948
-1040
-1104
-1201
-1228
-1229
-1287
-1387
-1395
-1285
-1257
-1218
-1097
-967
-767
-619
-436
-159
-23
62
273
340
449
539
791
989
1207
1473
1528
1699
1614
1616
1672
1792
1956
1929
1914
1794
1583
1340
1101
1123
1122
1198
1091
862
755
506
227
148
259
228
157
-10
-187
-399
-601
-718
-712
-724
-831
-843
-968
-1169
-1216
-1291
-1423
-1330
-1320
-1211
-1264
-1387
-1456
-1546
-1484
-1484
-1249
-1139
-1025
-981
-1017
-1095
-1161
-1118
-927
-625
-442
-207
-160
122
379
530
779
983
1177
1184
1214
1213
1188
1090
1066
1138
1014
1037
976
965
