-71
-4
159
203
285
175
64
19
-104
-125
-106
-101
61
31
24
168
115
34
-179
-176
-263
-162
-162
-327
-304
-352
-269
-417
-355
-193
29
127
215
200
287
329
108
104
66
245
325
355
213
211
178
263
227
131
234
95
149
279
325
264
205
146
139
6
128
139
7
-148
-261
-279
-222
-53
-22
31
-45
-43
93
222
295
197
36
-137
-189
-181
11
165
215
154
50
-118
-83
-69
-325
-323
-259
-96
29
59
-82
-237
-344
-541
-543
-427
-331
-154
10
93
-34
-51
-17
-1
41
75
179
203
132
-40
-39
-152
-106
-149
-99
122
331
464
345
159
107
-20
-106
-198
-161
-119
-56
-68
-124
-133
-258
-273
-258
-269
-224
-56
-44
-45
-106
-278
-163
-35
5
-29
-157
-270
-331
-279
-191
-154
95
97
55
57
-171
-148
-194
-181
-97
-201
-31
99
228
267
316
235
226
251
302
350
329
366
422
312
198
170
47
-22
15
-21
-172
-88
42
20
61
71
98
238
280
188
284
381
189
128
-109
-221
-128
-159
-155
59
249
270
275
288
351
208
148
143
273
382
321
285
264
232
143
-101
-268
-299
-211
-83
59
-15
89
262
285
135
-102
-150
-195
-134
-112
-153
-115
-43
-108
86
27
-20
-104
48
146
21
0
-238
-374
-366
-268
-246
-172
-128
-84
-193
-119
78
174
224
198
173
241
21
-124
-175
-91
-2
21
52
89
104
5
-94
-45
-26
24
-24
74
177
279
139
126
122
-209
-369
-410
-206
-191
-129
-182
-270
-211
-198
-209
-245
-233
-153
-127
-146
-128
-198
-270
-204
-206
-98
109
11
-98
-73
-142
-163
-171
-128
-170
-153
-105
-44
112
176
153
-9
-91
-97
-49
-122
-52
5
-84
-193
-205
-136
-171
-23
93
30
175
169
-3
-199
-204
-198
-72
-2
81
48
23
89
187
96
-20
44
125
52
67
266
187
300
184
-33
-180
-195
-93
7
-25
-2
-1
91
181
131
184
219
330
240
159
137
42
-80
197
421
421
326
359
250
216
100
-107
-227
-189
-7
195
399
379
412
316
63
-111
-80
-111
-51
216
283
262
147
215
49
-48
-94
-10
265
414
534
355
194
44
11
-75
-76
3
93
167
120
163
8
11
-98
-195
-75
-125
-59
-85
-124
-87
-124
-44
-49
69
-34
-220
-80
-82
-189
-219
-243
-201
-138
-12
-98
-313
-318
-368
-455
-456
-404
-265
-128
-82
-159
-212
-409
-462
-247
-225
-83
-121
-291
-224
-262
-352
-271
-312
-99
-141
-100
-177
-102
102
99
40
-53
-61
-167
-120
-2
-171
-271
-17
-11
-1
55
-28
-92
-99
-15
-22
-46
149
181
358
439
462
427
349
338
150
-85
36
202
210
307
395
373
195
-3
-20
-10
68
139
39
77
27
-98
-40
-156
-237
-237
-164
-48
135
331
334
399
307
292
124
184
446
425
374
425
323
170
84
79
257
172
205
140
143
278
96
-97
126
124
-28
-102
-317
-197
-287
-190
-48
-16
-34
-26
7
56
1
-23
-118
-144
-9
-48
2
-19
39
193
212
43
-43
-150
-210
-331
-155
81
186
325
130
-110
-135
-144
-266
-151
-30
-112
-234
-220
-313
-372
-418
-262
-171
-182
47
31
-97
-7
-87
-241
-162
-166
-85
-109
11
87
157
59
-227
-286
-310
-251
-195
-141
-117
-255
-90
-53
-124
-159
-299
-324
-228
-29
-221
-201
-176
5
4
7
47
28
4
87
121
46
-1
-57
-137
-129
137
193
304
421
403
87
-115
-139
-29
23
101
106
139
487
416
302
98
27
81
50
54
211
229
250
310
286
115
-2
-110
57
121
22
11
-19
-136
-132
-300
-426
-128
10
-22
-63
-47
-173
-209
-245
-190
-302
-345
-166
-2
175
239
293
334
279
218
98
182
331
331
255
273
93
133
62
109
76
-38
-19
48
45
-5
42
43
27
55
28
-164
-141
-109
13
-91
-40
94
39
100
47
156
225
165
127
152
272
366
303
315
230
1
21
-21
-104
-206
26
70
13
1
-56
-133
-146
-43
-135
-106
-211
-243
-59
-75
-44
-158
-123
-53
-50
-220
-318
-254
-100
-149
-215
-234
-262
-304
-305
-210
-179
-60
84
121
173
179
-78
-4
-105
-123
-122
29
35
-125
123
228
294
252
174
26
22
-45
-11
88
44
75
132
-11
-144
-30
51
83
83
-14
-191
-233
-114
-224
-263
-9
43
22
14
-52
-185
-115
34
-46
79
291
287
292
287
247
208
225
160
114
44
216
284
141
-65
-19
115
198
166
95
149
88
12
-149
-142
-76
71
65
15
-172
-186
-167
-141
-194
-209
-181
-118
-173
-141
-175
-238
-154
-146
-223
-284
-344
-182
-76
-86
-128
-449
-532
-384
-320
-298
-164
-143
-165
-220
-317
-372
-391
-323
-276
0
25
-14
-67
4
113
236
295
283
233
234
385
419
387
381
384
201
111
225
170
334
333
420
437
310
287
273
121
97
85
-24
28
-39
35
52
6
123
128
168
247
78
64
19
-4
102
22
-22
98
36
-63
-161
-176
-24
17
-43
14
-82
-160
-153
-192
-219
-260
-301
-207
-42
45
121
88
-130
-173
-80
-71
0
90
83
5
134
211
52
32
-37
50
83
68
70
-18
-32
87
22
-33
7
71
106
35
140
54
-146
-14
-3
-98
-224
-251
-207
-87
-24
-71
40
143
46
96
52
200
3
-41
58
-99
-132
28
-23
-22
-112
-220
-198
-237
-199
-26
245
500
482
318
312
106
-95
-132
-178
-102
-26
27
70
24
179
128
-30
-40
-46
-220
-103
-93
-48
-183
-199
-89
-110
-63
-34
40
11
-73
-152
-152
-149
-137
-92
-165
-221
-166
-273
-40
90
342
333
292
140
19
-15
0
6
-24
215
205
162
184
106
57
132
154
92
148
166
110
38
1
-67
-44
-48
-21
-141
-125
-181
-180
-162
6
110
66
88
-53
-71
71
-94
-293
-200
6
88
-29
-165
-243
-207
-235
-261
-236
-198
-216
-106
-74
-98
-18
-37
-46
73
87
76
100
-69
-223
-133
-124
-28
268
132
135
254
294
310
109
186
328
161
64
31
-3
71
-36
18
-128
-93
226
279
87
90
67
-36
15
-59
17
-17
-69
-59
-41
16
36
-56
100
240
163
159
249
131
-76
-72
-14
-144
-179
6
100
162
137
43
14
83
58
-7
-37
-59
-61
-156
-53
126
75
-91
-127
-191
-94
-32
188
287
77
-30
-233
-293
-273
-24
77
169
253
37
-216
-401
-396
-443
-238
-128
-46
48
-3
-160
-210
-262
-248
-114
34
-50
-192
-182
-122
-207
-141
-33
-21
47
-39
-112
-189
-141
-114
-55
23
191
146
41
80
74
-7
-63
-181
-106
2
22
156
279
176
244
118
24
133
130
187
197
215
117
272
251
201
391
437
364
341
340
194
212
264
63
-30
-140
-73
-113
65
152
98
43
-44
-160
-228
-76
-66
-46
-28
-24
-44
-79
55
-46
-186
-104
-106
-313
-157
-29
123
130
43
-108
-79
45
-27
-46
63
155
92
196
214
73
-103
66
21
93
132
46
111
25
-12
28
29
-16
129
117
205
248
165
184
241
208
-72
-138
-86
-161
-43
-19
35
146
79
82
53
-82
-134
-262
-303
-304
-352
-189
-84
-198
-298
-228
-198
-47
-101
25
6
134
188
155
-39
-58
-13
-94
-169
-239
-126
-173
-235
-104
-12
-70
15
159
278
275
0
-49
-152
-158
-196
-178
-186
-114
-187
-121
-256
-394
-383
-160
115
46
17
139
39
-50
-24
-67
-111
-34
-86
-186
-339
-329
-207
-234
-31
-24
-120
-205
-164
-162
-98
-213
-183
-267
-268
-161
-148
-77
94
-39
64
237
143
81
16
-44
27
162
298
472
389
353
254
12
-38
93
218
248
170
92
82
191
141
179
128
36
65
216
206
317
428
314
342
353
147
-44
-17
38
161
207
382
507
378
241
116
148
94
168
215
170
123
191
194
73
-87
-188
-240
-136
-41
21
-30
-67
129
245
340
401
218
284
306
67
57
31
66
-29
-123
-200
-217
-105
-210
-271
-309
-212
-189
-85
76
24
67
-32
-110
-245
-261
-406
-460
-397
-403
-260
-305
-189
-121
-74
-113
-205
-168
-234
-186
-73
-49
-7
-42
-120
22
54
-78
-193
-271
-132
-105
-172
-131
-158
-24
-27
5
81
203
223
285
112
56
20
9
18
30
159
45
12
39
2
-93
-78
-77
-190
-236
-164
-172
-159
-186
-122
-100
-125
-188
-244
-267
-253
-233
-86
-75
68
155
-1
-80
-71
-28
93
-13
87
115
156
229
219
208
273
195
111
182
4
-28
18
-30
-39
-56
-42
171
368
267
259
209
92
-91
-221
-130
-7
56
219
294
371
355
294
332
340
425
438
237
232
228
62
145
216
147
228
252
199
31
-80
-64
-22
-3
182
241
57
14
-107
-358
-338
-276
-255
-377
-373
-168
-142
-89
-85
-44
53
-84
-115
-56
-98
52
20
37
15
-52
-129
-145
-241
-188
-94
-127
-49
-221
-229
-103
-280
-287
-234
-224
-145
112
40
-129
-149
-170
-131
-219
-58
11
19
167
73
-9
-41
-60
66
126
231
213
167
152
135
145
162
139
-9
-17
-220
-40
173
276
45
-64
-123
-305
-354
-267
-129
-89
-1
31
85
183
262
80
57
7
-98
-163
-199
-244
-126
-67
-109
-144
-147
-105
-137
-217
-127
53
45
-29
-126
-211
-395
-388
-305
-162
-118
141
157
64
4
53
-30
-4
146
4
13
-17
32
173
275
336
364
400
394
223
110
157
200
132
63
-67
4
83
278
220
184
316
353
352
252
170
131
117
115
147
320
419
393
346
212
67
120
212
275
176
174
250
55
109
73
-20
50
-78
-15
-33
-57
60
99
-11
77
-69
-129
-80
54
11
-294
-256
-248
-402
-283
-202
-310
-218
-236
-201
-161
-273
-284
-317
-356
-198
-150
-240
-157
7
82
44
-176
-221
-338
-420
-327
-232
-60
-78
39
188
203
85
-137
-192
-108
87
47
4
-8
30
-32
-222
-284
-270
-192
-36
48
4
70
-9
-52
-112
-366
-300
-167
-39
99
151
102
144
289
119
79
116
164
353
357
376
361
289
207
176
228
285
191
152
75
84
166
156
164
77
10
-77
-116
-91
-7
-132
-88
-41
-28
-24
-220
-206
-235
-246
-301
-326
-241
-134
63
63
-30
-60
-128
-254
-247
-202
-234
-47
137
89
133
155
-6
-89
-32
-94
-157
-177
-160
-181
2
137
92
-22
-31
54
86
69
-9
-59
-20
233
368
242
99
96
18
-48
-270
-206
0
119
172
60
175
215
91
26
-12
12
10
11
35
163
89
171
131
-47
-136
-298
-304
-233
-48
102
224
280
236
105
-71
-22
84
73
84
-23
-158
-63
-122
-9
-33
-104
39
62
91
-41
-96
-223
-303
-63
36
35
95
264
325
402
376
422
355
176
305
240
185
168
-31
-196
-107
-179
-165
37
167
151
162
279
269
135
-37
-97
-138
-2
-76
-188
-127
-72
100
71
66
-15
-181
-53
3
-144
51
81
-81
2
36
44
-11
-91
-212
-149
-181
-152
-201
-285
-312
-382
-252
-178
-200
-114
-116
-263
-223
-157
-177
-150
-42
22
-31
36
182
332
258
252
156
41
-39
-35
-41
-102
-1
-26
-3
50
25
114
256
343
209
164
264
209
30
-72
-63
62
79
-6
-62
-139
-127
-84
19
47
134
158
375
267
116
25
-71
-80
-95
-48
-51
7
-40
-169
-189
-138
-89
-202
-295
-299
-304
-274
-203
-161
-213
-172
-270
-156
-122
-166
-101
-41
-144
-291
-163
-110
-44
-105
-68
-188
-162
-73
-108
-159
-229
-90
41
289
390
315
134
206
272
169
184
41
-17
45
79
111
-53
7
39
174
96
31
63
307
335
237
72
118
85
69
168
231
307
396
277
70
-27
-192
-296
-113
8
144
254
67
-100
-111
-19
139
216
153
27
56
-20
-96
-60
33
74
147
288
101
-20
-10
180
163
145
139
108
137
11
-100
-165
-136
-159
-158
-205
-289
-257
-29
-76
-92
-52
-256
-221
-60
6
102
66
136
7
-224
-201
-299
-319
-351
-264
31
162
167
46
51
135
189
33
-152
-137
-159
-102
-4
28
-22
-120
-143
-136
-81
69
102
83
188
93
181
270
163
85
-43
-139
-73
58
32
-83
-178
-181
-144
-144
-57
45
90
144
-75
-191
-298
-227
-189
-207
-218
-258
-327
-387
-284
-153
76
220
250
225
52
29
158
171
251
222
264
260
65
146
189
103
105
138
255
256
171
110
147
128
157
210
115
195
131
121
218
288
210
329
325
249
159
133
92
7
-17
-140
-213
-74
-59
-25
-58
-228
-348
-313
-103
-65
-72
-71
-25
31
-57
-107
-142
-173
-121
29
-85
-78
-77
22
-13
132
209
184
332
337
215
2
95
136
178
-151
-117
-118
-145
-28
0
27
-85
-52
-346
-463
-378
-351
-471
-368
-221
-111
-123
-187
-211
-281
37
155
33
-164
-38
3
191
222
155
96
-67
20
-74
-186
42
138
-57
-34
-42
-25
55
107
143
14
-4
66
-133
-211
-176
-191
-245
-156
-136
-109
62
-106
-86
-77
-58
96
38
147
67
-29
40
91
-47
-32
14
153
80
-46
45
-109
-226
-170
-62
-101
-96
2
32
-47
-125
-94
-111
-121
-123
-107
-33
-93
14
-83
-74
33
166
240
287
257
122
17
22
163
188
93
222
223
252
304
129
124
-43
-93
132
166
25
75
39
192
202
178
157
-90
-177
-216
-32
-46
-51
-136
-110
145
246
266
287
268
340
321
203
83
105
158
217
74
-72
-55
-38
64
96
3
-19
164
221
58
105
157
206
103
92
73
-23
144
327
236
121
200
-22
-37
7
6
27
-184
-262
-331
-307
-153
-243
-47
213
212
125
27
4
-86
-106
-146
-207
-281
-281
-266
-281
-222
-118
23
120
93
-85
-200
-409
-244
-102
-176
-106
-237
-119
-195
-279
-331
-214
-207
-304
-339
-627
-593
-531
-322
-302
-291
-186
-227
-224
-109
-47
15
-1
22
207
135
-39
-224
-174
61
160
57
190
202
205
305
295
172
31
49
124
300
351
404
274
170
198
230
159
165
100
114
221
255
176
76
121
132
190
55
124
168
177
71
163
129
93
179
132
94
110
24
121
31
-110
-102
-128
74
202
213
83
2
-8
78
144
136
165
-61
22
160
98
35
-27
68
81
-130
-157
-77
0
-17
-185
-167
-71
12
22
-88
-209
-285
-168
-259
-264
-339
-209
-200
-227
-94
-163
-152
-188
-200
-89
-126
-219
-140
-202
-86
-24
1
97
171
170
210
213
220
72
21
-4
-52
25
51
51
37
125
118
104
122
130
6
-54
-120
-151
-136
-111
-147
-60
27
72
78
175
123
182
14
-231
-261
-184
-113
-126
-69
-54
36
-6
-173
-132
-200
-31
100
202
381
204
133
43
98
108
34
147
262
128
112
83
70
50
-23
-34
199
203
130
207
51
-5
-26
-136
-271
-234
-155
-203
-213
-115
-209
-123
-22
-33
-161
-247
-231
-165
18
11
102
57
11
38
130
223
73
126
80
-99
-244
-348
-298
-30
88
65
57
20
-56
-103
-245
-85
-80
-110
73
44
24
135
110
15
36
273
345
-1
-31
24
77
165
122
150
270
329
245
95
55
205
206
283
345
138
-43
-110
-233
-257
-267
-226
-162
-181
-115
-133
-75
16
47
-56
-109
-133
-156
-72
-86
-3
-43
-183
-136
-253
-198
-185
-155
124
157
227
173
64
-4
166
164
295
379
406
263
112
165
182
219
177
194
37
119
67
5
16
139
158
210
289
134
-89
-70
152
247
108
13
-124
-38
55
-153
-224
-278
-183
-111
-43
97
-98
-352
-374
-349
-155
-218
-182
-173
-276
-329
-327
-368
-256
-4
-91
19
33
-118
-98
-36
76
6
1
18
-109
-96
-116
-203
-22
104
-22
96
53
131
169
167
148
-103
-20
13
-76
-200
-295
-239
-146
-59
-40
54
184
203
146
55
-99
-86
5
116
182
129
-29
7
7
17
-12
35
70
52
97
18
1
-59
-138
-222
-84
91
221
-18
416
749
1111
1343
1108
869
599
244
-194
-516
-1331
-1342
-1853
-1504
-1803
-1772
-1754
-1314
-1297
-683
-588
-431
-48
-44
32
240
386
1024
1304
1594
2000
2387
2660
2472
2215
1944
1503
968
762
237
31
-234
-342
-382
-156
-384
-341
-775
-1030
-1320
-1465
-1476
-1414
-1294
-931
-679
-324
-177
-102
11
114
123
-22
-265
-497
-511
-721
-832
-995
-964
-850
-696
-480
-209
-24
164
208
190
450
768
1201
1618
1926
2082
2076
1975
1916
1897
1817
1638
1376
1099
740
477
223
-169
-464
-805
-1013
-1208
-1270
-1482
-1723
-1812
-1942
-1981
-1961
-1778
-1652
-1414
-1201
-865
-751
-701
-708
-663
-651
-656
-795
-974
-917
-732
-530
-284
-52
196
529
950
1440
1717
1997
2394
2539
2602
2495
2414
2374
2497
2289
1884
1544
1253
860
309
23
-235
-423
-659
-907
-1308
-1406
-1567
-1635
-1688
-1745
-1627
-1587
-1545
-1449
-1417
-1437
-1184
-1076
-1132
-1051
-979
-849
-794
-1041
-1178
-1072
-882
-584
-333
-95
175
600
1169
1633
2044
2461
2690
2793
2883
2773
2565
2368
2082
1803
1457
1068
803
542
446
303
27
-321
-788
-1006
-1305
-1597
-1877
-2135
-2150
-1963
-1973
-1909
-1806
-1560
-1304
-1331
-1164
-956
-921
-979
-927
-1002
-954
-953
-864
-828
-897
-1042
-1259
-1267
-1217
-1115
-818
-609
-217
313
1356
2082
2816
3240
3432
3488
3381
3345
2996
2863
2676
2531
2201
2087
1799
1485
1044
703
421
-90
-623
-1129
-1292
-1464
-1670
-1918
-1939
-1820
-1736
-1777
-1719
-1757
-1823
-1783
-1557
-1564
-1636
-1388
-978
-697
-594
-433
-157
-103
-267
-361
-787
-957
-1115
-1299
-1311
-1181
-837
-555
-369
-72
237
700
1319
2082
2457
2817
3024
3150
3300
3153
2976
2866
2664
2552
2396
2104
1764
1374
1078
732
378
242
249
-224
-666
-1531
-2110
-2596
-2713
-3059
-2880
-2930
-2917
-2968
-2775
-2372
-2278
-1901
-1329
-1107
-1010
-865
-1018
-646
-509
-318
-130
-110
66
-24
-180
-381
-650
-754
-834
-799
-970
-937
-866
-366
173
789
1482
2020
2272
2728
2937
2960
2995
2919
2771
2623
2422
2294
2258
2101
1930
1866
1853
1413
852
264
-284
-817
-1467
-1641
-1901
-2120
-2205
-2216
-2031
-1831
-1678
-1564
-1420
-1456
-1483
-1617
-1329
-957
-724
-308
19
139
-166
-496
-747
-878
-1185
-1364
-1499
-1576
-1670
-1555
-1193
-730
-310
-19
-197
-305
-324
-380
-154
90
867
1523
2278
2929
3711
4047
4284
4199
4095
3767
3302
2866
2391
1837
1283
939
638
452
489
168
-111
-545
-1099
-1687
-2228
-2593
-2940
-3009
-2928
-2663
-2617
-2020
-1837
-1128
-944
31
694
996
1108
255
-174
-644
-1335
-1840
-1633
-2024
-1598
-2301
-2318
-2494
-2859
-2741
-1945
-2052
-1663
-1945
-2109
-1810
-1754
-1811
-1591
-951
493
1822
3138
4286
4926
4726
4491
4156
4101
4441
4382
4512
4060
3600
3232
3287
3166
3226
2729
2207
1246
282
-769
-1676
-2630
-3023
-3335
-3485
-3306
-3125
-2806
-2519
-2288
-2486
-1746
-1398
-920
-976
-1199
-1175
-1105
-1388
-1245
-1316
-1382
-1368
-1561
-1311
-1766
-2182
-2383
-1832
-1858
-1555
-1923
-1984
-1545
-1627
-1717
-1784
-1614
-1397
-971
77
1240
2824
3978
4797
4715
4680
4550
4469
4712
4921
4895
4794
4556
3984
3658
3287
3206
2896
2195
1004
-72
-1090
-2055
-2939
-3446
-3754
-3856
-3836
-3577
-3639
-3500
-3322
-3101
-2370
-1887
-1467
-1372
-1347
-1436
-1365
-1561
-1027
-980
-631
-877
-1033
-1034
-1318
-1499
-1396
-1338
-1391
-1145
-1505
-1534
-1305
-1358
-1434
-1600
-1407
-1114
-876
174
1449
2855
4226
5185
5085
5108
4494
4275
4218
4468
4566
4266
3619
3046
2615
2433
2529
2494
2217
1573
597
-172
-1008
-1994
-2787
-3230
-3524
-3550
-3329
-3268
-2927
-2762
-1665
-1402
-839
-1146
-1549
-1735
-2212
-2494
-2099
-1677
-1245
-1133
-1308
-1026
-1445
-1661
-1603
-1646
-1791
-1873
-2188
-1916
-1472
-1849
-1607
-1448
-1216
-805
-866
-601
-100
776
1995
3313
3813
4158
3893
3666
3864
3907
4085
4581
4521
3871
3219
2684
2759
3165
3273
2932
2397
1739
1135
582
-346
-1312
-2016
-2850
-3121
-3612
-3538
-3476
-2388
-1829
-1468
-1825
-2147
-2280
-2849
-2884
-2834
-2420
-2184
-1795
-2211
-1721
-2004
-2023
-1740
-1288
-1624
-1607
-2093
-2247
-2123
-2572
-2553
-2139
-1958
-1244
-1223
-731
-607
256
1081
2354
3293
4273
4682
4426
4485
4451
4514
5061
5622
5358
5108
4367
3831
3532
3444
3193
2917
2260
1687
1052
394
-281
-879
-1911
-2483
-3303
-3581
-3627
-2996
-2357
-1882
-2026
-2426
-2512
-2964
-3220
-3304
-2932
-2952
-2594
-2852
-2544
-2552
-2608
-2248
-1878
-1903
-2128
-2353
-2547
-2069
-1906
-2037
-1489
-1144
-622
-390
-610
-517
-403
-277
601
1292
2277
3555
4446
4831
4752
4381
4341
4622
4741
4985
4712
4032
3509
3013
2714
2883
2762
2591
2269
1763
1258
450
-515
-1273
-2173
-3163
-3473
-3357
-2752
-2002
-1904
-1901
-2546
-2914
-3108
-3231
-3134
-3085
-3049
-2953
-3039
-2817
-2571
-2426
-1996
-1485
-1451
-1558
-1819
-1967
-1778
-1898
-1964
-1752
-1471
-1002
-698
-496
-246
175
189
694
1110
1343
2059
2368
3221
4020
4419
4318
4476
4276
4190
4259
4436
4605
4312
3940
3841
3735
3319
3224
2750
2227
1526
467
-419
-1312
-2190
-3077
-3405
-3720
-2800
-2560
-2549
-2753
-3467
-3600
-3837
-3774
-3557
-3349
-3595
-3448
-3667
-3009
-2460
-1929
-1393
-779
-925
-1256
-1476
-1780
-1569
-1715
-1701
-1418
-950
-360
149
506
841
1059
737
894
887
828
1133
1435
1932
2620
3166
3727
4199
4321
4248
4180
4268
4118
4327
4283
4038
3683
3231
2866
2706
2582
2241
1576
685
-206
-1420
-2272
-2726
-2929
-2286
-2185
-2325
-2487
-2928
-3132
-3070
-3045
-3070
-3351
-3706
-3920
-3977
-3556
-3060
-2549
-2046
-1509
-1228
-1295
-1363
-1381
-1247
-1178
-1174
-941
-461
-14
373
681
924
767
542
84
-523
-601
-475
-229
-279
346
890
1600
2444
3283
3881
4168
4185
4153
4314
4563
4945
4940
4700
4578
4393
4120
3920
3460
2696
1841
529
-937
-2331
-3222
-3421
-3242
-3301
-3452
-3956
-4380
-4158
-4025
-3969
-3783
-3808
-3791
-4009
-3727
-3247
-2855
-2233
-1665
-1146
-1051
-1065
-1335
-1407
-1352
-1383
-1248
-940
-674
-364
-44
401
588
437
151
126
-171
-389
-236
-42
430
825
1367
2051
2893
3697
4486
4907
5083
4985
4825
4618
4756
4933
4880
4864
4748
4270
3737
3108
2692
1843
556
-920
-2288
-3163
-3340
-3433
-3064
-3371
-3344
-4027
-4234
-3997
-3846
-3709
-3572
-3788
-3661
-3783
-3559
-3001
-3064
-2593
-2107
-1463
-931
-687
-600
-436
-422
-628
-673
-861
-726
-345
-131
88
58
-172
-623
-803
-1196
-1049
-1063
-717
-185
330
1039
2033
2704
3559
4176
4656
5013
5246
5425
5430
5551
5568
5554
5473
5119
4476
3857
3156
2529
1455
43
-1667
-2974
-3557
-3499
-3600
-3504
-3264
-3677
-3917
-3752
-3224
-2568
-2319
-2494
-2636
-2851
-2865
-2727
-2388
-2027
-1607
-1211
-576
-305
-565
-995
-1412
-1782
-2192
-2614
-2538
-2202
-1772
-1469
-1075
-787
-525
-512
-635
-697
-656
-266
-9
813
1262
1750
2408
2912
3495
4141
4688
5106
5244
5170
4923
4665
4382
4321
4254
4070
3714
3127
2519
1813
778
-450
-1968
-3086
-3281
-3180
-2762
-2523
-2433
-3009
-3359
-3207
-2472
-2193
-2090
-2206
-2437
-2950
-3298
-3392
-3015
-2400
-2084
-1570
-1169
-977
-1060
-1201
-1490
-1887
-2191
-2556
-2364
-2185
-2107
-1805
-1245
-894
-553
-410
-380
-472
-717
-381
-168
351
749
1370
2065
2684
3619
4504
5045
5466
5594
5451
5179
4928
4611
4469
4327
4181
3974
3561
3241
2662
1903
879
-627
-2051
-2443
-2425
-2391
-1999
-1911
-2215
-2700
-2449
-1922
-1511
-1455
-1772
-2245
-2504
-3033
-3475
-3370
-2996
-2562
-2166
-1921
-1656
-1591
-2055
-2525
-3112
-3392
-3418
-3515
-2888
-2287
-1709
-942
-452
-379
-297
-251
-458
-540
-791
-823
-236
397
1178
1617
2160
2916
3541
4111
4371
4429
4399
4355
4223
4147
4270
4320
4388
4652
4950
5039
4843
4270
2977
1196
-680
-1385
-1378
-1580
-1637
-1486
-1451
-2006
-2357
-2205
-1780
-1866
-2314
-2899
-3564
-3782
-3697
-3711
-3236
-2951
-2590
-2341
-2262
-2313
-2318
-2484
-2663
-2840
-2809
-2764
-2550
-2218
-1792
-1181
-551
-232
-91
-10
-183
-469
-720
-754
-612
-298
229
699
1228
1896
2492
3002
3334
3500
3633
3882
3970
4151
4340
4701
5039
5336
5549
5440
5140
4687
3971
2962
1401
-344
-1127
-1583
-1866
-2082
-2086
-2125
-2490
-2678
-2623
-2253
-2390
-2662
-3009
-3371
-3661
-4074
-4201
-3928
-3887
-3274
-2760
-2169
-1558
-1283
-1547
-1840
-2160
-2141
-2053
-1923
-1919
-1599
-1138
-737
-535
-744
-746
-764
-1020
-1079
-1131
-695
-177
446
1070
1138
1706
2122
2632
3100
3354
3694
3733
3949
4215
4391
4721
4914
5013
5092
5155
5161
5017
4290
3179
1497
190
-585
-1132
-1389
-1469
-1660
-2185
-2595
-2591
-2403
-2531
-2498
-2722
-2957
-3185
-3508
-3396
-3198
-3018
-2651
-2197
-1676
-1309
-981
-844
-971
-914
-1037
-1092
-1185
-1327
-1387
-1444
-1419
-1226
-1359
-1210
-1384
-1412
-1235
-1286
-1284
-1096
-716
-366
228
608
1465
2145
2577
2824
3155
3509
3640
3762
3829
4363
4576
4649
4739
4781
4868
4726
4320
3710
2805
1299
85
-772
-1413
-1875
-2266
-2636
-3005
-3174
-3193
-2734
-2043
-1560
-1424
-1657
-1769
-1853
-2254
-2390
-2396
-2381
-2029
-1825
-1599
-1387
-1234
-1052
-802
-996
-1285
-1354
-1588
-1691
-1693
-1556
-1610
-1515
-1664
-1795
-1929
-2119
-2048
-1789
-1689
-1560
-1268
-759
9
618
1191
1556
1882
2256
2582
3056
3191
3404
3797
4077
4258
4248
4676
5104
5196
4928
4509
3602
2355
678
-381
-950
-1197
-1169
-1420
-1573
-1435
-1306
-1062
-660
-309
-453
-629
-1258
-1703
-2141
-2270
-2196
-1875
-1470
-1441
-1037
-685
-656
-632
-928
-1076
-1300
-1503
-1736
-1690
-1978
-2024
-2244
-2523
-2677
-2905
-2900
-2685
-2522
-2489
-2418
-2055
-1549
-1221
-371
345
1044
1517
1921
2128
2308
2490
2637
2613
2803
3282
3768
4202
4762
5224
5519
5288
4615
3830
2955
1965
970
298
96
-221
-523
-640
-884
-957
-885
-619
-99
298
-206
-567
-808
-817
-1175
-1611
-1543
-1152
-1311
-1471
-1636
-1693
-1666
-1858
-2253
-2541
-2766
-3127
-3260
-3167
-3066
-2975
-3300
-3152
-3288
-3144
-3078
-2836
-2871
-2765
-2793
-2190
-1638
-678
-20
591
1260
1528
2014
2271
2505
2581
2456
2657
3102
3495
3909
4428
5037
5654
5889
5568
5065
4201
3101
1803
957
454
323
59
-229
-317
9
15
390
522
818
441
-492
-1023
-1551
-1783
-2249
-2438
-2319
-2207
-2092
-2173
-2218
-2236
-2749
-3033
-2996
-3214
-3134
-2990
-3229
-3145
-3240
-3439
-3651
-3510
-3766
-3667
-3751
-3720
-3606
-2870
-1620
-895
241
848
1649
2333
2471
2744
2980
2776
2736
2731
3244
3906
4585
5194
5930
6563
6727
6182
5404
4639
3485
1870
658
257
44
-212
-465
-706
-353
50
181
529
770
615
-357
-1035
-1577
-2058
-2432
-2902
-2794
-2286
-2646
-2528
-2637
-2938
-2768
-3583
-4090
-3583
-3582
-3923
-3951
-3789
-3372
-3096
-3313
-3369
-3324
-3725
-3668
-3702
-2761
-1331
-188
1271
2136
3069
3497
3882
3924
3791
3649
2918
2535
2914
3646
4387
4749
5726
6655
7298
6794
5772
4417
2854
982
-621
-1362
-1452
-1612
-1874
-2094
-1709
-1162
-382
-87
291
357
-640
-1602
-2706
-3415
-3805
-4584
-4300
-3302
-2992
-2655
-2571
-2085
-1996
-2900
-3535
-3603
-3773
-3727
-3865
-3537
-2925
-2715
-3240
-2641
-2851
-2928
-2873
-1542
124
894
2275
2828
4139
4948
5065
5362
5189
4937
3965
3125
3609
4165
4355
4417
5289
6251
6410
5272
3909
2437
881
-1489
-2934
-3246
-3270
-3377
-3654
-3732
-2459
-1757
-1229
-70
502
397
-503
-1683
-2193
-2618
-3673
-3753
-3107
-2297
-2279
-2037
-1345
-888
-1356
-2725
-2892
-3218
-4017
-4394
-4432
-4088
-3725
-3337
-2516
-1807
-2058
-384
1132
3071
4369
4611
5804
6455
6781
6306
5866
5413
3910
3372
3487
4126
4329
4077
4856
5424
4578
2780
623
-924
-2157
-4259
-5443
-5503
-4979
-4402
-4219
-3431
-1546
-897
4
433
434
101
-1007
-1333
-1109
-1304
-1724
-2203
-1548
-898
-1052
-1038
-980
-943
-1796
-3013
-3797
-4190
-4878
-5105
-4619
-3467
-3246
-2889
-2220
-95
2754
3429
5242
6571
7507
8237
8262
8441
7856
6410
4550
3341
2883
2656
2167
1433
2351
2986
2319
777
-1063
-2742
-4295
-6851
-7999
-8241
-7741
-6661
-5150
-3508
-777
664
1580
2461
1908
1009
-531
-1574
-1552
-1954
-2121
-1987
-2003
-1526
-1385
-724
-323
-779
-2230
-3163
-4176
-5188
-6027
-6177
-4773
-3579
-2929
-2390
1043
4561
6216
8511
9300
11129
11617
10155
9835
8508
6949
4574
2680
2303
1991
440
-1246
-995
-936
-2341
-4301
-6268
-6753
-7582
-9566
-9359
-8098
-7170
-5434
-3562
-702
2580
3823
4688
5594
4810
2486
-332
-2253
-3189
-4083
-4622
-3801
-2420
-1815
-1777
-1158
-1039
-1711
-3284
-4128
-4686
-5321
-6510
-5927
-4633
-2371
-1710
1995
7277
9602
12585
12339
13957
14284
11721
10304
8457
7331
4044
904
-135
-438
-1767
-4668
-4411
-3790
-4952
-6762
-8474
-8426
-8413
-10822
-10344
-7925
-5705
-3164
-724
2917
7315
8374
8574
8242
7234
3827
-244
-2983
-5205
-7213
-8876
-9023
-7352
-6357
-5159
-3286
-2038
-1943
-3094
-4137
-4611
-5091
-6675
-6314
-4458
-2390
-20
5877
11233
14404
16757
16116
16881
15227
11481
8439
5078
2271
-1551
-4303
-4789
-4832
-6652
-7889
-6401
-5762
-6442
-8075
-8379
-6896
-7383
-8530
-5486
-2100
1567
4197
6528
9615
11420
9499
6711
4820
951
-3438
-7075
-9306
-10084
-10830
-10529
-7767
-5700
-4445
-2990
-1643
-1054
-1803
-3551
-4051
-4376
-5768
-6029
-5103
-2194
-239
4101
11858
14773
17649
17499
17062
16526
12195
8238
4243
1253
-3433
-7711
-9066
-9201
-9722
-11945
-9123
-5637
-5136
-5168
-5866
-3165
-1619
-3348
-338
3830
5666
7526
8591
8960
9615
6280
1537
-542
-5495
-10485
-12844
-13771
-13019
-12316
-10321
-4565
-897
675
3103
5061
5319
3182
-339
-2716
-4824
-8388
-9172
-8149
-4830
-1627
4172
12444
16076
18610
18273
17837
15648
10714
6625
2929
-156
-5045
-8344
-8468
-8117
-9506
-10661
-8066
-6110
-5871
-6190
-4718
-686
227
-212
3119
6381
7556
8365
7986
7496
5397
1324
-2777
-6088
-9478
-13278
-13561
-12766
-11261
-8950
-4792
223
3289
4043
5613
6135
4546
675
-2272
-5342
-7683
-9879
-10566
-8778
-5996
-3261
3011
12115
15550
19021
19363
19376
17631
12034
8728
4846
745
-4305
-8437
-9477
-9850
-11733
-13032
-9540
-7863
-6574
-5508
-3484
1007
1938
2348
5765
8553
9101
9443
9169
7418
4781
474
-3524
-7126
-11731
-14786
-15543
-14675
-13164
-10356
-5576
393
3523
5235
6762
7386
5348
1250
-2307
-5620
-8296
-10427
-10914
-9551
-6003
-4497
886
12151
14584
19020
20364
19456
19101
12933
9432
5698
940
-4239
-8713
-10517
-10566
-12468
-14257
-10148
-8113
-6658
-4765
-3214
2124
4541
3792
7685
10776
10113
10874
9874
6327
3761
-757
-5718
-8929
-13333
-16531
-16100
-15306
-12302
-8720
-4049
2689
6086
7082
8050
7270
4536
88
-4524
-7574
-9629
-11656
-11376
-10086
-6979
-3540
2873
13031
15759
19345
20556
19102
17530
11970
8820
5185
771
-3955
-8274
-9837
-10578
-13518
-14065
-10663
-9293
-6512
-4435
-1260
4809
6994
8080
12464
12942
11316
10591
7447
3154
-1149
-6010
-9648
-13287
-16248
-17194
-15965
-12864
-9233
-4941
1302
6498
9058
9561
8663
7022
3378
-1769
-5397
-8892
-11069
-11675
-11426
-10094
-7411
-4364
-191
11703
14808
17549
21241
18526
18675
13602
9407
7045
1282
-3422
-7485
-10815
-11524
-13923
-15929
-11348
-9222
-6177
-2244
831
7213
11187
10666
13498
15242
11205
9590
6083
-243
-3537
-8571
-12427
-14427
-17914
-17816
-15428
-12710
-7808
-3656
1241
7717
9803
9908
9253
6669
3927
-1028
-5818
-7807
-10406
-11488
-11284
-11378
-8731
-5112
-3486
8637
14833
16306
21907
19544
19159
15608
9973
7551
2111
-3653
-7969
-11730
-12660
-14250
-16749
-12635
-9069
-5232
-478
2842
9005
14775
14500
14766
16844
12231
8160
4829
-2446
-6782
-11030
-14682
-16233
-18296
-17848
-14804
-11104
-6476
-1541
3192
8590
11580
11290
9609
6491
2914
-1709
-7205
-9984
-12241
-12831
-12064
-11576
-9892
-5810
-4034
6836
15877
15716
22057
20416
18915
16533
9946
8121
2660
-3490
-7481
-12393
-13179
-14432
-17917
-13161
-9206
-5128
923
4511
10320
16938
16395
15346
17097
11624
6603
2994
-4693
-9103
-12965
-15669
-16167
-17275
-16453
-13305
-8875
-3901
1011
5421
10098
13281
12219
9282
5201
1258
-3449
-9184
-12026
-13472
-13480
-12333
-11935
-9870
-6258
-4514
5933
16176
16316
21771
21011
18820
16914
10056
7518
2001
-4580
-8977
-14323
-14581
-15446
-18127
-12924
-8072
-3023
3713
7721
12993
19137
18069
15489
16390
10181
4320
256
-7370
-11436
-14343
-15986
-15562
-16416
-14234
-10081
-5443
-251
4561
8360
12333
13550
11451
8257
2965
-1269
-5731
-10853
-12385
-13670
-12883
-11477
-10492
-9360
-6475
-4256
5615
17078
16231
21923
21791
17944
16628
8218
5472
17
-8019
-11298
-16588
-16384
-15920
-18058
-11799
-5970
-1176
6013
10423
14522
20145
18116
14276
14658
7461
1497
-1731
-9048
-12204
-14154
-14160
-12620
-12289
-10005
-6360
-2082
2031
6138
8977
11658
12256
9054
5669
-252
-4229
-7430
-11996
-12623
-12646
-11368
-9180
-8394
-8421
-4893
-2729
7195
18624
16615
22254
21162
16181
14630
5641
2861
-2864
-10626
-12923
-17829
-16599
-15964
-16681
-9245
-3725
1649
8506
12815
15849
20498
17058
11790
11263
2850
-2377
-5636
-11992
-13284
-14020
-12523
-9885
-9505
-6034
-2120
1201
4985
8728
10346
11907
10321
6297
3177
-3372
-6867
-9476
-12955
-11754
-11393
-9332
-6639
-6439
-6399
-4382
-2433
7486
19611
17037
22126
21096
14901
13656
3578
719
-4896
-12609
-13362
-18014
-15465
-13526
-13976
-5706
-579
4092
10891
14226
16142
19828
14997
8231
7496
-1601
-6556
-9037
-14412
-14625
-14205
-10519
-6385
-4802
-1953
532
2570
4426
6808
7543
8825
7752
4001
1898
-3971
-6832
-8702
-11219
-9446
-8898
-7502
-5625
-6530
-7341
-4215
-2527
7504
19953
17591
22181
20560
14375
12076
2556
-449
-6744
-12745
-13856
-17877
-13941
-11945
-11028
-2941
2818
6583
12174
15054
15173
17746
11108
4280
3089
-5740
-8612
-10303
-13881
-12902
-11380
-7390
-4364
-2819
445
2802
3010
5006
6078
5481
6527
3666
-72
-2016
-7454
-8337
-9044
-9780
-6847
-5954
-3837
-2218
-4376
-7217
-6683
-3521
4085
18424
17832
20576
21704
13917
12788
2742
-372
-4127
-12626
-11737
-15643
-12259
-9468
-10511
-2575
2225
5489
10964
14961
14377
16051
11543
3178
1703
-6217
-9369
-10302
-13041
-10649
-9824
-4673
-1215
-1232
1348
1991
1675
2143
2490
3144
4747
2947
789
-448
-5727
-6988
-7809
-8535
-6756
-6308
-4300
-3131
-5061
-7284
-7482
-5491
-54
15110
18334
18762
22475
14928
13700
5416
179
-2083
-10867
-10308
-14859
-12996
-8156
-10448
-3892
1551
4210
9374
13621
12884
14446
11609
2508
903
-5170
-9141
-9452
-11665
-9189
-8856
-4682
-857
-1146
584
711
1229
2217
2517
3382
5053
4588
2084
268
-5076
-7470
-7459
-8578
-6828
-5943
-4991
-3159
-4570
-7051
-7929
-8139
-4928
4788
18863
19244
21484
21485
14344
12185
2415
-236
-5123
-11695
-11120
-14893
-9701
-8279
-8805
-1336
2352
5540
10098
13058
12822
13568
7801
1043
-768
-7018
-9061
-10205
-10145
-8002
-6662
-1359
-323
-108
-339
-842
617
792
1479
3206
5563
4721
2565
-1876
-6185
-7046
-8660
-9034
-7589
-6311
-4626
-3595
-5866
-6546
-7922
-6093
-1591
10777
22847
19257
23484
18471
12671
9397
-486
-426
-9150
-11609
-11834
-14419
-7442
-9470
-6970
668
3691
6425
11436
14359
13224
13612
5468
680
-2151
-9002
-9729
-10850
-9631
-8617
-4700
-512
-1334
-1157
-1706
-281
113
44
1241
3966
5608
3726
211
-3561
-6152
-7141
-8046
-8066
-5642
-4704
-3853
-4014
-5771
-7410
-7657
-3655
-635
16200
22198
17789
23373
13363
11949
5156
-1503
-1684
-11579
-8281
-12340
-11115
-4694
-9143
-3294
3089
4400
6821
13567
12690
13337
12289
1780
1264
-5183
-10353
-10108
-11029
-8925
-7487
-3523
-782
-1719
-2212
-517
-816
946
1367
2287
6102
4551
1455
-2458
-5807
-7116
-8365
-8479
-6290
-3903
-3361
-3630
-4074
-6472
-8737
-7728
-5237
1810
19636
21798
19243
22504
12951
10892
3898
-1211
-3561
-9481
-7438
-11852
-7971
-5675
-8646
-1329
2912
4034
8839
14053
13478
14659
9920
1691
-581
-8244
-11653
-11840
-11060
-7821
-6045
-1386
-106
-1735
76
553
142
923
529
2418
3957
1043
-1664
-4434
-6289
-7869
-8537
-6526
-4481
-2283
-2458
-3224
-4506
-7722
-9540
-8551
-5094
1370
18861
20405
18633
22538
12116
12640
3583
-888
-1774
-9000
-5971
-11602
-8686
-6091
-8257
-2194
2308
4900
9562
14898
13846
14220
9679
1472
-2282
-9326
-11787
-12089
-9021
-5886
-4429
768
485
-480
163
-248
-823
473
-113
1200
2403
-1059
-2342
-4401
-6258
-7833
-7218
-5575
-3240
-1659
-2419
-3095
-4853
-8167
-10289
-9112
-5422
487
17206
22379
18921
23554
13892
12272
3934
-1833
-502
-9546
-5589
-11480
-9926
-4804
-8691
-4288
2254
4641
8626
15712
13801
15202
11851
2149
-1653
-8649
-12817
-11544
-8971
-5885
-2953
-53
1683
659
-837
-464
-2145
-626
-523
-963
1059
-909
-1225
-3040
-5354
-6228
-5476
-4120
-3082
-1229
-2174
-2708
-5272
-9030
-10425
-10239
-7062
-1394
13792
22629
19901
23311
16360
11199
5243
-910
-954
-7984
-7191
-11106
-10107
-5665
-9661
-5233
2045
4873
9558
15119
15328
16525
11976
3048
-2272
-9158
-12958
-12140
-9773
-5872
-3582
-526
1663
-968
-1677
-1919
-3477
-1074
-1491
-1118
1274
224
124
-2215
-4089
-5125
-4454
-3484
-2830
-1560
-1925
-3461
-6928
-9329
-10996
-10764
-7058
-2617
11054
24211
19628
22899
17392
9040
7924
-2267
155
-6421
-8056
-7543
-10906
-5922
-8797
-6354
1149
5902
8517
15094
17574
15570
13007
3650
-3400
-8421
-13543
-12595
-9186
-5952
-2773
-111
1478
-262
-1985
-2791
-3219
-2728
-1206
-957
1168
2284
470
-543
-3093
-4490
-3638
-3381
-3550
-2124
-2491
-4661
-6346
-9190
-11041
-9904
-6958
-2615
7601
23158
21085
20460
18658
9038
8316
-967
-282
-4659
-6291
-5164
-11696
-6299
-8514
-8034
-468
4836
7430
14760
18199
15316
14705
4810
-2657
-7410
-13842
-12644
-10453
-6066
-2363
-817
1972
-188
-2153
-3555
-4732
-3394
-2015
-343
1682
2971
2072
380
-1868
-4202
-3652
-4258
-5443
-3621
-4395
-5431
-6714
-9119
-10616
-9862
-7474
-3573
5721
21475
22892
20172
20523
9758
9320
1321
-1650
-899
-6566
-5017
-10859
-9338
-8600
-8795
-2435
4782
8549
14489
19318
16391
14571
5882
-2294
-8349
-14075
-13147
-10700
-5244
-1454
-259
2368
599
-3796
-5427
-5738
-4345
-713
1909
3824
5776
4112
1320
-1859
-4159
-4545
-5740
-5730
-4898
-4796
-4523
-6444
-8413
-9205
-9359
-7784
-3236
2381
12088
24169
19479
19452
14113
7285
5529
-3203
753
-5506
-5690
-7407
-13241
-7731
-8766
-6263
2428
8482
10936
18090
16705
12962
9949
-1177
-7177
-11666
-13490
-10249
-6239
-1473
34
1521
575
-3749
-5886
-6037
-4097
-710
3250
4971
6642
5741
2012
-1184
-4206
-5979
-6567
-6481
-5982
-3970
-3764
-5273
-7244
-8363
-8648
-7353
-3415
638
8494
22754
20927
18068
17406
7170
6999
-1476
-1909
-3005
-7805
-7174
-13477
-9509
-8062
-7028
1224
8177
10693
15881
16991
12198
9376
-45
-7308
-10401
-13355
-10397
-6220
-1806
449
-420
-585
-3309
-6198
-5763
-3399
-6
4852
6511
6469
6005
2410
-1553
-4247
-6273
-6742
-5971
-5536
-3258
-3302
-4808
-6483
-7463
-7783
-6739
-3994
585
7157
19763
24204
18006
18830
9382
6315
107
-3870
-1496
-8749
-6707
-12298
-11778
-6772
-7088
-513
7736
10530
13967
17400
12125
8571
2170
-6730
-10141
-12978
-11403
-7073
-2651
-835
-2538
-1301
-3308
-6259
-5274
-3309
783
5515
6849
5461
5206
1939
-2471
-4680
-6608
-6657
-4538
-4183
-3129
-2607
-4183
-5808
-6848
-7326
-6642
-3106
637
5690
14579
24727
18834
18004
12515
4108
2864
-5236
-2050
-7011
-7506
-9310
-12578
-5760
-6045
-2300
6019
10553
12460
15754
12557
7827
4537
-4933
-9686
-11468
-11965
-7046
-4436
-2441
-3172
-2976
-2773
-6296
-5801
-2781
382
5130
6486
5245
5159
2081
-2085
-5099
-6827
-6104
-3541
-3411
-3228
-2324
-3658
-4343
-6721
-7280
-5795
-3027
2
4694
8155
18062
23773
14925
15946
5622
3062
-1191
-6574
-1567
-8767
-5083
-8228
-8379
-2032
-2674
1778
9616
10804
10940
13578
7980
5282
508
-8319
-9178
-11047
-8970
-6115
-4618
-2260
-4082
-2512
-3489
-5138
-2722
419
2541
5745
4981
2880
2398
-1755
-4979
-6085
-5169
-3763
-2723
-3157
-3106
-3119
-4665
-7219
-7684
-5487
-3504
217
2963
7105
9891
21530
20780
12812
13448
1810
2214
-4802
-5127
-2325
-6648
-2370
-8109
-4589
-245
-1315
3221
9900
9484
10804
12408
5490
4393
-1882
-9718
-9833
-11910
-9068
-6414
-3746
-2802
-2483
-648
-2649
-2962
-1114
741
2772
4796
1862
1597
-151
-3330
-4338
-5639
-4026
-3326
-2681
-3812
-4324
-4416
-6763
-6912
-5405
-2819
-150
2020
3822
7364
7759
17843
18056
9861
10719
338
1825
-4523
-2674
376
-4079
1160
-5589
-2986
737
-2686
1677
8951
7297
9355
10699
5109
4606
-2752
-10410
-10248
-11702
-8668
-6338
-2899
178
-342
1170
-1276
-2821
-138
-346
1122
1935
184
1149
671
-1463
-3104
-3122
-3676
-2668
-4044
-5364
-4835
-4822
-5295
-4339
-1799
0
1544
2477
2293
4167
2391
10340
16784
7646
11584
2574
3775
-383
-2474
4439
-2584
3158
-3400
-4586
551
-3222
-1718
6032
5212
5289
9518
4412
1912
-2406
-9992
-9427
-9893
-8184
-3614
156
3683
452
796
187
-3798
-3191
-2572
-3022
253
2192
692
2885
86
-1651
-2245
-5084
-4630
-4829
-4228
-3680
-2697
-2816
-239
-135
49
796
-527
-123
-756
-1028
2689
17915
10215
11772
8912
1733
5645
-2321
5775
764
2120
813
-5597
-1368
-4086
-6268
-192
3480
-138
6890
4701
342
1504
-7830
-8406
-6266
-6772
-1436
1587
2974
1956
491
-819
-6070
-6308
-4480
-4846
329
2151
1480
3967
2996
-580
-2355
-4750
-4764
-2739
-2501
-2075
-1216
966
-324
-1335
-1393
-803
253
-2330
-4335
-1814
-2125
8632
17336
8550
14593
8031
7098
4432
1753
7820
2345
4174
-2845
-6409
-3083
-8326
-10984
-1668
-1148
394
7337
1751
3173
1077
-6640
-5510
-4183
-3488
337
3286
2399
-170
-2748
-5771
-9179
-7700
-6711
-4359
2224
3103
4973
5867
1528
94
-2270
-4393
-3529
-1782
-1416
560
790
-1781
-1909
-1352
-154
-1491
-3656
-4485
-4620
-1608
-4356
8203
18017
10857
17706
9225
9976
7735
5854
8182
2529
3475
-6107
-7173
-8908
-12865
-11797
-3080
-1584
1374
8736
3169
4126
806
-4958
-3189
-1995
-3233
2722
3115
-721
-2816
-7256
-9278
-11176
-9882
-5226
559
4888
8409
5731
5456
2975
-3022
-4147
-6271
-3105
-250
-71
332
294
8
-923
-985
-3633
-2587
-4161
-6236
-6523
-5132
-3408
8730
19138
12780
20121
14138
12397
8662
5060
7808
221
1221
-8773
-10428
-10166
-13448
-11995
-4429
1050
2269
9500
4481
4951
3893
-2456
-2189
-1363
-468
422
705
-3563
-7141
-7833
-10077
-11341
-5700
442
3791
7116
6326
3474
3332
-1218
-6325
-5775
-4180
-1171
1839
1474
2692
3654
350
-2593
-4156
-4649
-3570
-5474
-7800
-7611
-4219
-2249
1671
19299
16327
20137
19413
10399
10926
371
4630
-2058
-2310
-4664
-12366
-6559
-10932
-11067
-5294
2388
395
7737
7947
3926
7994
-2095
-3723
-1248
-2806
-3630
-1807
-2707
-5710
-4874
-5048
-5482
-1186
1655
615
3050
3308
1025
-76
-2219
-5307
-3846
-1071
-1434
3806
6371
4539
3127
-1902
-5141
-5450
-4659
-7068
-5753
-5573
-5051
-4267
-2882
-159
9966
21486
14973
18661
13098
7334
2633
-2877
359
-3860
691
-3889
-6508
-4206
-8477
-9488
-3395
396
994
9492
6248
3436
4295
-4328
-6461
-4217
-5052
-2714
2303
229
545
3113
-215
-2481
-3181
-2726
-2148
-940
-1584
-906
-506
-926
-1822
-1350
2634
5025
5864
2908
902
-1611
-4299
-6092
-8338
-5197
-5390
-3306
-3746
-4146
-1024
-747
1302
7280
15541
12039
13093
9284
3872
-351
-1187
3097
653
6324
393
-4201
-5137
-10646
-11000
-4786
250
747
8165
4453
-350
-1221
-6708
-7171
-3422
-824
2137
8898
8098
3379
1754
-2494
-7021
-6904
-6062
-4600
195
2390
1226
1564
1575
-849
1117
2220
1379
3185
2586
-823
-1408
-3629
-6809
-5903
-4914
-4278
-230
111
-2260
-1828
-3046
-4571
-808
8794
8303
9997
10596
8169
6614
4071
5853
3549
4721
835
-4900
-4729
-6697
-9833
-5537
-1395
-2916
1304
-230
-4369
-2658
-4015
-4250
683
4139
5838
8600
6785
1801
-227
-2899
-6042
-6041
-2281
-69
1741
2982
1327
693
-262
-2790
-1759
-53
551
2926
2244
1686
-130
-2605
-4578
-4517
-2715
-1454
-424
-1423
-2611
-4146
-6021
-7321
-7057
-238
8313
12090
12444
11235
10564
4452
1669
1593
1448
4228
2107
61
-564
-4125
-6762
-6636
-6152
-5436
-3423
-2388
-1348
300
-973
237
1092
-248
342
957
1694
852
1824
1439
1982
1781
-283
730
-103
-1102
-939
-1060
-88
1021
31
1354
-273
-904
-334
-1695
-941
-926
-525
-1313
-648
-2472
-2668
-592
-3268
-1443
-177
-454
2465
2323
2880
3188
2711
1010
-549
-1465
-3308
-1760
-1423
1310
1578
1797
2677
239
500
324
961
1529
2668
2227
2342
826
-450
-1651
-2778
-1986
-2425
-1182
-2
1301
2016
2512
755
357
549
-781
-87
-512
1018
2301
2425
2439
1334
-8
-762
-1770
-3629
-2286
-3096
-2433
-1099
-2127
-1916
-1639
-2154
-1821
-509
158
2462
413
-986
-676
-3057
-3088
-3508
-2356
-1204
-1143
-1985
-2924
-1099
-668
616
4074
6408
6307
6869
4286
2540
3185
1490
51
1593
1526
1878
4037
2004
2306
2829
1121
-868
-1100
-2414
-161
1126
-137
325
-417
370
-1529
-1604
-1942
-2235
-1501
-2668
-2784
-3459
-4049
-4118
-3558
-3812
-3278
-1106
-821
5
1110
1472
2773
2708
-259
-737
-508
-1865
-1599
-2918
-2283
-1437
-1643
-1907
-2005
-1323
-1574
-773
246
2087
4197
5313
5368
3323
4020
2598
1959
4637
4815
5342
6945
4576
3546
3195
-1061
-1173
-498
-1825
-1302
79
-111
1504
728
-1188
-883
-2527
-3675
-3306
-3100
-3275
-2742
-2863
-2959
-2224
-3234
-2512
-2521
-2044
-2686
-2536
427
-244
2302
1085
577
959
675
222
-12
566
-470
817
-1390
-3273
-2971
-3940
-3577
-1545
-1031
189
1742
140
619
1231
2360
5096
6519
7674
6711
6933
4547
1381
727
-562
-283
19
872
3208
5280
4044
3431
1222
-1207
-2284
-5018
-3903
-162
-249
-880
-1827
-4669
-4659
-4347
-5825
-2732
-911
-1962
-247
-1986
-3012
-2470
-3357
-2801
-650
264
2569
3124
3098
2860
1862
-584
-2429
-1990
-3302
-2089
-3004
-2192
-1724
-2390
-1829
-1910
24
2573
3617
3298
5164
4322
2964
2669
174
234
1393
-1019
-2131
396
899
4224
6477
5670
6673
6165
3661
1374
36
-1144
-316
-54
670
-403
-540
-1343
-2016
-2348
-3005
-3497
-3583
-2728
-4865
-4869
-5185
-4577
-3427
-3040
-103
1973
3513
4262
3003
2701
59
-2279
-2776
-3182
-2863
-1742
-1105
-847
235
-793
-687
-421
430
904
2205
2370
2105
2630
968
427
-703
-2907
-4108
-4333
-3881
459
3179
5326
6833
5490
5622
3083
1051
1344
1289
2724
3592
3395
4570
4141
1861
965
-714
-2209
-2988
-4454
-3222
-3803
-4384
-3923
-3481
-2524
-2651
-2678
-962
423
1032
779
300
166
-1279
-2723
-4314
-3892
-2548
-1058
506
1458
2198
1526
1984
1516
2082
2749
2803
3624
2961
2755
-831
-2116
-4476
-6686
-5688
-6702
-4202
-1797
463
557
616
311
125
1686
1660
4331
6441
7308
6924
4695
2939
2929
2825
355
-367
-703
-108
-1014
-2999
-3427
-1754
-793
-788
1194
1248
3086
2434
-890
-1680
-2925
-4629
-4575
-5845
-6240
-3693
-3218
-2039
-105
875
1592
2939
2561
2517
4068
3639
4232
5361
3834
2454
2408
-1335
-3477
-3421
-5367
-4780
-4702
-5255
-4883
-3507
-3891
-4192
-1766
-1213
2355
4765
5691
5787
4821
2649
-767
-735
-1770
8
1499
238
1837
523
-653
421
186
1962
5795
5659
6914
8026
4264
3383
-329
-4929
-4184
-5234
-6485
-5641
-4131
-3643
-2559
-2030
-1418
1557
2342
2732
3136
4930
4073
3229
3256
1799
2804
1428
-1372
-2501
-3388
-2741
-3683
-5833
-5097
-4743
-3204
-3144
-3471
-166
2197
3126
3128
3826
2494
2218
-709
-4425
-4045
-5031
-3971
-3348
-3287
-2398
-1750
-1572
-1627
161
3907
6001
8242
9392
8465
7832
5586
2237
168
-846
-3287
-3404
-1597
-2280
-1284
439
-1443
289
2103
770
3269
3980
2207
3773
2202
-704
-42
-1158
-3057
-2331
-2793
-3334
-1484
-3196
-4798
-4483
-4169
-3757
-2280
-960
1181
4289
3638
2971
2573
1513
733
-783
-2405
-2559
-2987
-4301
-4573
-5206
-5003
-4379
-3510
-2926
-1866
1097
3408
5587
6385
4922
3653
1486
-513
-664
303
739
1103
1042
461
793
1368
1775
3468
4980
5236
6538
5059
3490
3694
2299
329
-667
-1038
-1768
-297
-654
-1041
-890
-3389
-5667
-6030
-5898
-4401
-1777
-900
618
2521
1533
1089
1397
625
1460
775
-755
-327
-528
-2236
-3912
-5183
-4934
-4099
-3397
-2143
-652
1510
2399
1653
1004
127
-249
-1209
-2500
-2765
-2435
-510
-642
1
1202
1011
1288
1063
1290
3489
5806
4894
5014
4403
3225
2983
1323
1220
1976
2382
3028
4036
4812
3676
1831
-1943
-3698
-3407
-3835
-2016
-495
-939
-961
-2086
-3734
-3531
-2056
-1002
731
1652
747
1201
-1170
-3458
-4335
-3923
-3417
-2952
-2308
-1513
1140
-644
-1513
-1641
-2533
-410
376
-57
1821
1844
759
-267
-802
-1462
-548
572
528
1112
443
264
-37
-643
-1215
-1670
-1426
-259
434
3052
5337
6027
7159
7177
5535
4500
4218
2846
3243
2155
80
841
-678
-2765
-2950
-4190
-4050
-2551
-2062
-75
1686
1178
578
-602
-2932
-4116
-3444
-3543
-2169
-1306
-2175
-2053
-2448
-4917
-4229
-3282
-3221
264
1051
2814
3511
2106
1144
386
-321
-1219
437
2920
3733
4423
2998
48
-1466
-4064
-6221
-5225
-4112
-3593
-964
822
2690
4045
5007
4582
3539
3167
3394
3501
3930
3880
2831
1709
-855
-2798
-2458
-1193
80
2076
2562
2445
2467
1159
-209
-346
-1255
-1078
-220
-1524
-1046
-1748
-4190
-5206
-6093
-5736
-3369
-1437
775
3003
3897
2320
281
-1503
-2445
-3044
-2428
-1155
1119
2801
3523
3414
1685
731
-1653
-2798
-4094
-3487
-1445
1234
2000
1872
3082
1907
2280
604
494
1545
637
-143
-948
-534
-1044
-1238
-1760
-1351
-461
-401
376
802
1802
2032
1154
862
-124
-474
759
1354
1257
1956
272
-1446
-1537
-2554
-1535
297
655
2883
3742
1931
711
-2018
-3444
-4430
-6153
-4330
-1947
406
2276
3061
2979
2548
2242
-361
-816
-651
-1252
730
1232
708
1670
518
-597
-565
-706
-41
1520
1454
1225
1371
766
-291
-1311
-1428
-1986
-858
-490
-1944
-1700
-3205
-4522
-3716
-2713
-2037
-1648
-1483
-2025
-1288
-435
-133
2136
3263
2865
3004
2076
2335
2844
2848
3124
1710
572
192
-667
-16
570
-184
1760
2831
1820
3061
2909
1425
1949
342
-1749
-1189
-1900
-1745
-174
-789
-1668
-723
-561
-855
531
1471
2177
3402
2700
1603
1389
106
-1034
-1299
-2308
-2326
-1872
-2570
-3112
-3251
-3940
-4417
-4729
-4291
-3837
-2669
-1767
-1747
-504
-241
367
667
1208
941
155
-957
-2679
-2353
-1860
-713
926
2414
2980
3403
2821
2816
4588
5385
6850
6985
5680
5550
3580
1254
508
-1520
-1673
-698
-1828
-1277
576
-172
1118
1952
494
2345
2808
1444
2382
1626
447
460
-649
-2781
-3268
-3546
-4845
-4194
-4688
-5051
-5002
-4525
-4549
-2541
-783
-522
1251
815
710
206
192
-1466
-1930
-1393
-3195
-2145
-2655
-3714
-3572
-4627
-4303
-2325
184
1670
3308
3868
3834
3815
3123
3361
4354
4830
4120
2710
2280
2044
1855
2711
3303
4843
5351
5196
5761
5028
4414
3907
1745
1141
311
-1395
-532
-1810
-3445
-2657
-5213
-5781
-5602
-6613
-5150
-4243
-3981
-1871
-800
-436
813
741
91
-605
-1609
-2817
-2292
-3111
-2827
-1757
-2344
-1848
-1440
-3058
-3341
-2358
-2379
-553
630
1378
3041
3068
1415
458
-645
-1363
-1464
-1750
-137
1690
3242
3470
2476
1774
2383
3112
4302
7048
7359
7835
7311
3762
2583
2519
1450
2890
2808
1612
2257
900
-1254
-2647
-4269
-5232
-4332
-4193
-3923
-1566
-1686
-1224
-1244
-3186
-3115
-3149
-3872
-2658
-1570
-1085
-570
-1503
-2366
-3265
-3735
-3867
-2970
-1318
143
1340
2518
1575
492
-361
-1515
-1233
-1024
-123
1674
2095
2529
1889
1131
471
113
287
529
741
1142
2244
2419
3430
2946
2318
2324
585
-81
971
2015
4178
5191
3564
3268
1233
-1475
-2356
-2510
-1869
525
640
-776
925
323
7
-307
-1513
-653
-420
-833
-1202
-1886
-2551
-3551
-4828
-6522
-5396
-3461
-1459
730
961
1443
1753
-1037
-2662
-2308
-1576
868
2327
3489
4461
3948
1699
268
-618
-2025
-1266
340
1632
3098
2790
1108
-3
-1804
-3007
-1891
-846
643
1626
1804
1828
1496
520
329
-143
-1463
-1991
-3550
-3931
-2905
-1898
-593
2317
2852
3495
4467
2989
3248
2873
1542
1140
-561
-1775
-1047
-1248
-1030
-650
-1320
-1152
-1095
-2076
-1422
-1995
-2076
-985
-631
-27
1101
2072
2895
3341
1813
555
-776
-2165
-1776
-1029
406
1227
1567
1448
1
-1473
-2704
-2536
-888
399
2149
3558
3968
3370
1583
-1059
-2847
-4091
-5050
-4279
-4153
-3930
-2855
-1741
-1122
-118
707
1813
3537
3367
2163
561
-1217
-2395
-2045
-956
694
1743
1759
1814
561
681
1064
1224
2588
2686
3131
4685
4377
4842
5412
3056
1828
685
-1315
-2007
-2693
-3054
-1552
-1345
-3116
-2390
-1584
-1645
-1285
-1665
-1535
1539
3056
2120
3590
2523
572
-311
-3981
-5962
-4939
-5133
-4700
-3223
-2092
-474
1090
535
739
1551
1635
975
242
-95
-131
-1301
-2904
-3370
-3829
-3312
-3657
-3211
-1887
-625
372
443
528
1198
1921
2625
4216
6248
8084
7580
6633
4960
3258
3226
1553
662
1444
933
869
148
-710
-699
-136
-630
-554
946
1303
2273
1889
-137
-1841
-3684
-6334
-7054
-6395
-6638
-4569
-2815
-1855
555
1211
1285
1691
1446
797
744
30
-657
-503
-1218
-2163
-2576
-2802
-2232
-1620
-1859
-1596
-789
-786
-1002
-1253
-700
66
-166
395
373
1210
2087
1803
2537
3179
3216
3070
1869
243
-285
-118
875
2471
3560
4801
5265
4803
4811
4799
5546
4696
3621
1833
-1437
-2207
-4243
-5302
-4449
-5028
-3977
-2443
-2504
-1566
223
-412
489
603
-1581
-910
-1755
-2390
-1942
-2555
-3091
-2293
-1821
-948
755
1062
1827
1183
-98
-1388
-1689
-1445
-1278
-421
-1013
545
344
-311
606
-11
471
644
203
64
348
-688
-1459
-831
-923
-419
1174
1889
2769
4852
5161
4340
3211
645
-1190
-1114
-1640
-1250
1007
1292
1769
2302
966
1967
3079
1900
2448
1945
857
661
-1158
-2591
-3265
-4919
-5499
-4396
-3394
-919
886
1530
2806
2656
791
-485
-1484
-2253
-1066
-1516
-1389
-193
131
-144
-1156
-1174
-1697
-826
-778
-802
1222
1330
670
-9
-989
-945
-58
-174
224
1335
1416
1289
613
-890
-1944
-2562
-3532
-3123
-2510
-1303
421
860
1928
2946
3595
3148
1642
-101
-164
83
-71
838
1188
788
962
-260
-183
2485
2493
3364
5144
3827
3329
2429
-392
-1408
-2408
-4616
-4137
-2769
-2319
51
554
347
1175
-160
-448
-3
232
1553
2150
1521
1458
945
-412
-902
-1806
-2471
-2269
-2605
-2467
-2213
-2694
-2845
-3419
-3580
-2885
-1445
-354
532
1636
1953
1800
1050
-429
-1208
-1430
-2134
-2254
-2463
-2513
-1506
-847
-861
822
3354
4396
4423
3724
3036
3655
3472
2512
2411
2016
851
-6
-1248
-824
1161
1945
2486
3069
2793
2867
2517
770
345
-66
-725
77
558
659
1238
441
-859
-1645
-3060
-3366
-2742
-2917
-2579
-1977
-2080
-2187
-2007
-2182
-1401
-1179
-1765
-1428
-1358
-1629
-1297
-1643
-2582
-1713
-2310
-2477
-1133
-1094
552
1684
1918
2918
2967
2042
1457
833
220
259
-1014
-1576
-1412
-1303
-1214
-619
836
2709
3614
3086
2656
2898
3458
2792
3111
3100
2587
2838
1817
1279
2612
2523
2421
2617
341
270
51
-1984
-1944
-1730
-2603
-1532
-2083
-2870
-1112
-2398
-3365
-2836
-3744
-3769
-2626
-3029
-2376
-1257
-2000
-1721
-1072
-1760
-926
446
1107
1713
1821
1279
1030
-66
-1660
-2235
-2583
-2120
-1383
-507
476
1308
2180
2383
2277
2296
2644
2780
2049
1381
582
-104
-877
-1015
-447
582
2020
3262
3763
3673
2013
1060
762
368
821
1591
2190
1977
1162
-591
-1074
-1058
-1892
-1644
-2133
-2130
-988
-1329
-1817
-1575
-1911
-2013
-1164
-1799
-1111
505
512
1413
1040
-347
216
-799
-1998
-2751
-3669
-2916
-1958
-1585
-768
1314
2207
2995
3271
2727
2914
2532
1477
424
-279
-1357
-1121
-932
-1070
520
862
1246
1683
1070
1199
1393
1014
710
91
-810
-1255
-1947
-3032
-2868
-2260
-1628
-1384
-1930
-2256
-2479
-1918
-922
290
2340
2727
2710
2445
902
1032
1796
2122
3225
3369
2141
1677
427
-1413
-2072
-3498
-4147
-2883
-2694
-1820
-429
913
2272
3533
3273
2740
3184
2207
1002
-291
-1817
-2175
-1732
-2016
-1002
429
783
1850
1893
1019
1136
548
-143
-42
-771
-1255
-1133
-2556
-3535
-3530
-4259
-4083
-3518
-3454
-1963
-726
-1026
-689
-155
-399
-58
-609
-247
769
2164
2754
2977
3265
1646
795
729
537
945
1561
1388
1687
1403
38
567
1313
1988
3806
4537
4112
3782
3187
1887
622
-2071
-3780
-2948
-2735
-2033
-179
1283
2741
3290
2141
1440
833
-216
-378
-893
-1521
-1594
-2288
-3712
-4739
-5507
-5555
-4999
-4848
-3455
-1771
-685
-511
-714
-845
-1038
-424
-717
-153
465
343
809
933
671
457
786
210
63
5
-464
-53
377
115
738
2123
3107
4297
4793
4859
4215
3441
2788
1544
1672
378
-147
217
-227
1458
2334
2843
3411
2963
2242
2561
1788
927
791
-1041
-1946
-2502
-4105
-4378
-4020
-4034
-3186
-2784
-2911
-2255
-1469
-1881
-1804
-2106
-2491
-1466
-1958
-2212
-1734
-1566
-1474
-1300
-1313
-1407
-263
-205
-241
108
289
762
822
426
-347
86
676
974
2300
3642
3821
4165
3154
1240
166
-1547
-2051
-926
-336
1536
3989
4748
5155
3675
2056
1753
995
1083
2033
2244
1944
925
-1603
-2908
-3010
-3183
-2005
-882
93
1472
1944
546
-785
-2442
-4013
-4155
-4705
-4035
-1900
-1054
-1425
-1026
-1941
-1921
-1269
-1168
-72
968
1020
258
135
-1502
-2488
-2464
-2373
-1055
-47
319
1132
1507
1273
744
-239
-961
-461
526
1413
1972
2118
3141
3706
3575
3323
2881
2462
2129
995
5
-155
-733
-1305
-1355
-1185
-392
426
308
360
1102
1820
2061
2131
1819
1068
52
-1879
-3192
-2578
-1916
-1500
-726
-49
114
1093
607
131
839
-43
-1051
-1697
-2566
-2553
-1339
-1584
-1099
53
-234
635
550
-614
-662
-1414
-2091
-1768
-1060
-5
1035
1473
1461
931
527
45
-119
641
692
1053
1194
693
545
-459
-1384
-1411
-1581
-926
262
1118
2108
2721
2253
1654
810
-591
-956
-908
-965
-611
37
139
324
7
-530
-64
1363
2444
3112
3726
2853
1431
137
-1743
-2083
-1203
-418
866
1671
1561
1276
616
-1310
-2800
-3525
-3451
-2518
-1470
-389
462
1280
781
-162
-714
-1041
-1067
-913
-380
-207
-32
-344
-1239
-1582
-2269
-3307
-2920
-2685
-1786
256
797
1405
1453
756
-175
-676
-1389
-1325
-254
-439
187
724
1112
1654
2201
2413
2862
3049
2129
2315
2311
2019
2020
1740
1331
1344
1781
2193
3143
3710
3366
2462
1115
-419
-1279
-2033
-2349
-2435
-2134
-1521
-2078
-2269
-2572
-2698
-2545
-1966
-1747
-1257
-414
-955
-839
-908
-1168
-1213
-836
-791
-926
39
-237
-516
-666
-1921
-2126
-2118
-2579
-2405
-1654
-1573
-1005
-392
-495
395
995
1512
1897
2523
2114
1591
736
-354
-296
-409
-204
564
2074
3324
4164
4625
4120
3698
3068
2211
1423
1030
934
1685
1851
1515
1401
819
261
-580
-931
-550
208
544
1170
1239
370
-558
-1231
-2234
-2418
-2011
-2027
-1065
-187
-414
-691
-1236
-2574
-2853
-3253
-3613
-3197
-2530
-2109
-2280
-2359
-2638
-2073
-1221
-1485
-1454
-1317
-1045
-951
-1007
-808
-655
-373
-618
192
2051
3971
6194
7519
7122
6240
4422
2471
2218
1633
1618
2569
2134
2076
1698
-4
-581
-1411
-2100
-1872
-1231
-709
390
806
65
-215
-1614
-2418
-2597
-2536
-1600
-312
316
90
-87
-752
-2033
-2755
-3382
-3694
-3206
-2738
-2094
-1548
-1089
-1071
-805
-715
-198
376
349
521
199
34
-500
-769
-559
-210
723
1185
1686
2612
2880
2394
1848
1073
299
346
-12
23
679
660
223
-253
-1092
-1033
-993
-816
-168
631
1282
1503
1075
132
-540
-1712
-2228
-1745
-1044
482
1885
2462
2805
2763
2060
1292
849
716
1195
1296
1401
1422
1419
989
236
176
78
361
210
108
23
-580
-949
-1186
-1030
-860
-346
-49
490
1273
504
524
118
-639
-314
-461
254
943
877
372
-157
-1048
-2472
-3008
-2840
-2097
-1012
-352
117
501
-481
-1655
-2534
-3591
-3710
-3438
-2865
-1114
576
1660
2399
2229
1564
1145
21
-595
-43
1
507
828
299
584
542
-270
254
1012
1591
2177
2170
2295
2903
2955
2126
2089
1778
1954
2062
1316
947
219
-872
-1807
-2412
-2148
-1087
-118
614
740
357
-706
-2193
-3278
-3490
-2860
-1868
-812
-116
184
-627
-2212
-3719
-4890
-4974
-4690
-3939
-2625
-1117
244
815
1098
780
218
-31
118
676
972
1318
1531
1315
741
230
-370
154
832
1453
2888
3863
4680
5038
4864
4482
4376
3922
3460
3353
2722
2087
767
-645
-1364
-1788
-1614
-899
216
856
1425
1470
666
-318
-1161
-2184
-2397
-2037
-1146
-106
-408
-1268
-2671
-3965
-5064
-5783
-5450
-4150
-2576
-986
434
901
1010
306
-67
-114
177
944
964
571
-168
-1671
-3321
-4360
-5173
-4240
-3394
-2207
-434
1370
3038
3597
3782
4062
4502
4851
4815
4516
4549
3986
2338
855
-573
-820
-132
430
1467
2266
2707
2939
2457
1631
1107
666
368
205
520
505
213
-429
-1500
-2982
-3901
-4938
-5121
-3643
-2772
-1913
-499
-266
-259
-632
-1337
-1798
-1586
-795
-95
575
447
-88
-1093
-2248
-4086
-4936
-4507
-3325
-1309
51
1619
2818
2692
2214
1803
1696
2133
2319
1982
1822
859
-332
-1249
-1855
-1741
-983
354
1631
2824
3571
3305
2760
2210
1350
1574
1595
1499
1907
1303
256
-768
-1859
-2595
-2540
-2604
-1742
-276
61
1043
866
534
316
-262
-113
99
1077
1531
1935
1654
984
-279
-2224
-3031
-3766
-3538
-2549
-1438
-179
670
767
444
134
-175
-138
33
398
749
513
156
-606
-1419
-2314
-2737
-2326
-2028
-847
424
1346
1724
1347
702
418
494
663
1068
1502
1502
1118
740
-150
-481
-293
-86
505
1206
1315
1840
1656
594
324
-232
-258
104
255
1166
1673
1636
1485
927
-97
-780
-1266
-1126
60
706
1580
1908
1631
1025
-227
-695
-1136
-941
-950
-612
-95
-222
-391
-1252
-1803
-2039
-1875
-1822
-1198
-441
-74
369
-215
-1017
-1531
-2289
-2569
-2640
-2325
-1338
-1101
-993
-1153
-1616
-1425
-1290
-1264
-585
402
780
927
433
-208
-731
-898
-961
-387
1024
1661
2418
2940
2580
2446
1970
1434
1663
2095
2861
3787
3993
3779
3205
1921
969
270
-126
165
298
528
1085
989
753
470
-84
-38
301
693
1069
845
-57
-1162
-2586
-3535
-4367
-4650
-3823
-3150
-2487
-1920
-1755
-1473
-1501
-1746
-1590
-1492
-1251
-1037
-401
-203
-746
-866
-1418
-1925
-1994
-2323
-1548
-285
386
1124
1421
1432
1526
1292
1230
1910
2877
3807
4026
3834
3665
2573
1741
797
413
888
1440
1554
1548
1856
1459
1372
961
1036
1845
2280
2537
2059
1682
726
-533
-2126
-3463
-3759
-3409
-2658
-1940
-907
-500
-362
-904
-1728
-2166
-2348
-1960
-1806
-1509
-1060
-1178
-1682
-2569
-3428
-3790
-3840
-3488
-2511
-1482
-991
-647
-706
-938
-863
-833
-566
190
1076
2056
2484
2347
2032
1669
1140
742
846
1561
2469
2630
2712
3085
3334
3593
3321
3805
4272
4588
4269
3391
2727
1475
112
-1192
-1471
-1371
-532
-40
41
480
357
-299
-962
-1717
-1959
-1679
-2058
-2017
-1598
-1405
-2017
-2646
-2910
-2997
-2735
-2885
-2215
-1604
-1265
-1182
-1557
-1821
-2071
-2167
-2270
-1599
-1214
-619
275
91
62
263
-235
-312
11
67
1145
1726
1683
2042
2066
2343
2575
2776
3325
3837
3807
3299
2318
1555
484
-366
-473
-72
1062
1966
2513
2693
2154
1283
40
-1113
-1632
-1574
-988
-670
-505
-856
-1118
-1423
-1950
-2153
-2136
-1803
-1076
-543
-184
-67
-283
-739
-1409
-2089
-2065
-1539
-1118
-723
-241
35
80
-179
-639
-961
-1229
-1152
-1176
-646
-442
-727
-233
-235
133
880
971
1560
1830
1840
1410
931
267
-167
8
230
919
1779
2657
2613
2428
1580
385
-6
-551
-759
-164
362
915
1231
602
146
-163
-252
9
283
993
1511
1695
1226
230
-539
-1008
-1657
-2207
-1953
-1758
-1452
-1221
-1350
-1174
-834
-1045
-1165
-1186
-1302
-1230
-1255
-1182
-1037
-724
-381
-402
-402
-42
-56
-236
-438
-1045
-1399
-1300
-1640
-1339
-426
-84
666
1165
932
937
690
257
386
533
520
911
1502
1745
2069
1961
1457
1271
1021
1007
1297
1852
2279
2210
1828
1234
718
432
88
48
77
562
965
1119
1171
988
1061
940
790
297
-22
-124
-443
-618
-954
-1151
-928
-682
-355
75
92
-93
-586
-1217
-1406
-1646
-1777
-1322
-863
-553
-527
-1058
-1562
-2130
-2766
-2936
-2882
-2791
-2283
-1977
-1928
-1440
-1224
-1089
-883
-690
-177
469
885
1370
1807
1859
1752
1408
894
651
989
859
1167
1523
2024
2687
2795
2432
2136
2131
1417
1001
724
841
1130
960
626
392
654
483
-19
75
-75
99
314
18
-291
-79
-317
-478
-319
-613
-269
-331
-915
-1337
-1636
-1996
-2076
-1984
-1686
-1331
-1258
-1383
-1336
-1282
-1740
-1822
-1737
-1388
-747
-632
-383
-799
-1164
-1160
-1292
-1410
-991
-618
-419
-36
-37
576
1493
2023
2010
2297
2045
1644
1295
859
903
1257
1412
1563
2016
2182
2117
1720
1095
884
823
927
1324
1482
1797
1736
1323
853
498
137
-285
-740
-821
-917
-1029
-644
-641
-331
130
5
74
98
-89
-252
-443
-554
-547
-637
-970
-1365
-1771
-1948
-2208
-2528
-2370
-2207
-1913
-1540
-1444
-1199
-765
-507
-433
-271
-156
-60
159
-235
-361
-442
-369
-60
205
889
1580
2113
1795
1503
1168
869
817
951
1107
1281
1379
1038
693
532
192
-103
-402
-534
-100
24
267
461
439
833
1015
768
900
1035
1247
1590
1339
906
928
289
-190
-129
-78
136
484
250
-113
-5
-410
-842
-943
-1011
-1042
-1347
-1678
-1835
-1640
-1759
-1902
-1761
-1645
-1351
-1426
-1282
-821
-333
73
-190
-443
-709
-899
-1128
-1563
-1584
-1336
-688
-607
-714
-502
-263
-192
-355
-403
-273
353
501
400
661
626
774
783
518
661
1037
1323
1470
1454
1332
1399
1466
1408
1697
2160
2459
2534
2379
2104
1927
1772
1147
588
334
45
-147
-95
-229
-345
-425
-708
-538
-389
-529
-319
-74
-180
-69
-394
-1120
-1136
-1238
-1330
-1353
-1505
-1443
-1203
-1118
-1280
-1050
-1004
-1052
-913
-1101
-978
-901
-979
-1012
-786
-679
-339
-93
-249
64
181
257
581
657
1158
1646
1811
2160
2105
2215
2426
2197
2089
2081
1891
1776
1713
1355
1158
851
433
285
50
290
595
892
1395
1417
1272
911
330
-228
-847
-1354
-2040
-2366
-2614
-2682
-2826
-2707
-2544
-2245
-1629
-1726
-1526
-1118
-1150
-1218
-1211
-1682
-1821
-1576
-1790
-1545
-1467
-1829
-1764
-1680
-1726
-1240
-854
-627
-68
171
440
1173
1449
1344
1512
1543
1498
1467
1482
1695
1841
1817
1610
1237
994
1136
1253
1309
1565
1642
2015
2323
2261
2333
2395
2011
1285
358
-353
-466
-647
-779
-641
-600
-458
-535
-530
-481
-399
-211
-185
-315
-174
-136
-421
-649
-1235
-1636
-1817
-1796
-1859
-1670
-1247
-1182
-885
-942
-882
-625
-524
-367
-284
-133
-191
-223
-492
-499
-259
-330
-257
-196
-92
-105
-382
-259
-51
240
774
1213
1830
2284
2327
2505
2407
1987
1733
1180
403
-1
-357
-645
-536
-508
-67
671
855
982
1211
1119
1143
918
443
399
554
169
-26
-145
-709
-868
-1235
-1619
-1455
-1503
-1233
-835
-741
-576
-578
-479
-642
-804
-983
-949
-655
-725
-618
-555
-660
-805
-1059
-1207
-1284
-1031
-904
-803
-581
-229
156
666
927
1256
1397
1263
696
78
-261
-577
-460
-552
-358
54
149
305
668
918
1167
1244
1318
1340
1282
1245
991
867
805
707
580
489
617
631
919
939
962
983
801
769
676
329
-94
-554
-945
-1079
-854
-469
-212
139
182
-14
-159
-491
-849
-1188
-1326
-1293
-1136
-887
-643
-347
-385
-541
-537
-652
-1051
-1433
-1713
-1805
-1594
-1591
-1582
-1095
-834
-704
-211
-91
145
563
652
599
505
334
192
313
193
156
522
537
720
971
1190
1587
1898
1834
1875
2025
1476
887
420
-89
-106
254
193
663
1111
1342
1461
1351
1128
872
786
255
225
214
179
439
279
278
358
109
-329
-778
-1161
-1389
-1641
-1807
-1826
-1642
-1413
-1255
-1184
-1327
-1273
-1043
-1125
-877
-872
-841
-853
-1040
-1388
-1512
-1563
-1622
-1255
-975
-367
257
852
1481
1714
1564
1263
896
331
-152
-500
-670
-587
-423
-111
580
1288
1898
2233
2159
2213
1978
1745
1595
1601
1556
1758
1775
1500
1486
1126
591
223
-299
-802
-979
-991
-834
-387
-210
-230
-80
-289
-564
-816
-1425
-1632
-1582
-1571
-1256
-1085
-1176
-1323
-1760
-2116
-2387
-2398
-2084
-1312
-358
607
1332
1729
1832
1209
378
-502
-1302
-1772
-1881
-1736
-1284
-815
-179
566
813
1225
1525
1550
1499
1230
1128
1223
1379
1452
1663
1997
2075
1810
1330
686
388
223
29
109
379
953
1246
1157
1169
1013
644
49
-494
-674
-734
-794
-1066
-872
-736
-789
-976
-1355
-1421
-1293
-1131
-906
-369
-8
572
842
757
371
-367
-1183
-2005
-2508
-2867
-2800
-2262
-1753
-1227
-499
-354
-201
-100
-352
-310
-224
-274
-125
99
235
883
1256
1343
1497
1172
914
802
376
100
270
282
550
1005
1317
1644
1763
1434
1230
1038
609
610
589
822
1046
725
440
84
-360
-579
-394
-100
252
546
901
1197
1275
1168
696
362
-74
-595
-1077
-1152
-965
-773
-515
-598
-545
-414
-611
-655
-808
-1255
-1440
-1586
-1547
-1270
-1042
-663
-165
96
240
175
-54
-197
-504
-894
-1103
-1322
-1100
-916
-803
-439
-350
-183
25
226
514
860
1026
998
1064
926
782
622
335
330
312
346
561
955
1290
1458
1662
1628
1301
962
616
318
241
341
509
755
877
920
740
557
285
-16
-372
-1022
-1368
-1714
-1744
-1636
-1434
-1081
-605
-6
138
172
99
58
-86
-614
-977
-1230
-1576
-1622
-1822
-2252
-2092
-1886
-1698
-1199
-669
-14
373
497
480
561
763
415
192
181
337
658
884
952
1258
1421
1459
1264
1039
902
612
566
597
625
880
1166
1357
1552
1595
1452
1219
1138
811
553
352
-48
-375
-469
-489
-358
11
326
767
1150
1211
1062
813
280
-290
-931
-1245
-1326
-1405
-1430
-1638
-1783
-1834
-1923
-1693
-1392
-1045
-699
-623
-680
-912
-1185
-1537
-1670
-1410
-1258
-1002
-580
-477
-527
-559
-651
-597
-660
-395
-62
201
518
664
815
1112
1247
1116
1090
1052
962
975
920
842
679
505
513
589
691
990
1395
1683
1979
2148
2207
2047
1863
1554
1085
695
298
139
-33
-145
-165
-318
-391
-344
-379
-244
-106
-96
-73
-408
-801
-955
-1377
-1620
-1627
-1678
-1534
-1348
-1263
-1349
-1426
-1446
-1560
-1549
-1355
-1037
-860
-703
-534
-357
-128
-265
-272
-88
-138
-136
-143
-286
-146
23
66
147
522
906
1082
1264
1443
1564
1922
1848
1570
1488
1226
1075
892
654
647
778
781
932
958
1049
1303
1348
1271
974
553
179
-177
-397
-479
-505
-661
-666
-813
-1175
-1253
-1530
-1537
-1318
-1261
-1279
-1109
-1235
-1401
-1426
-1596
-1587
-1548
-1566
-1452
-1311
-1228
-1094
-1193
-1204
-1067
-950
-817
-451
123
677
1196
1477
1574
1461
1241
913
733
806
884
1061
1114
1020
916
845
717
785
980
1137
1521
1628
1582
1521
1236
799
565
360
423
474
561
514
505
564
373
141
-148
-246
-74
137
156
134
-119
-449
-719
-1039
-1406
-1239
-1119
-998
-712
-775
-705
-730
-873
-965
-914
-835
-660
-358
-236
-26
34
-179
-517
-699
-687
-570
-482
-403
-212
-41
-65
-143
-122
4
124
275
428
556
692
783
494
246
-153
-349
-228
-207
11
276
341
285
394
510
444
525
773
798
1099
1065
937
893
576
478
220
95
222
208
313
368
350
127
15
-5
149
273
293
491
447
208
-30
-453
-699
-742
-887
-852
-693
-652
-532
-648
-750
-1057
-1221
-1075
-876
-633
-337
-70
-8
-36
-307
-630
-986
-1132
-1192
-1020
-731
-525
-469
-320
-368
-246
-255
-337
-86
295
467
554
582
626
354
262
306
260
373
269
454
651
730
746
907
1159
1504
1714
1729
1942
1786
1459
1095
450
181
155
91
61
103
157
143
-174
-425
-795
-1067
-838
-812
-655
-433
-667
-779
-831
-905
-1004
-1218
-1541
-1587
-1529
-1377
-1103
-809
-731
-564
-518
-656
-572
-430
-317
-260
-248
-151
-24
98
281
238
118
161
364
434
411
536
841
1014
1233
1414
1722
2100
2158
2090
1910
1533
1272
962
879
1158
1253
1365
1485
1477
1350
1067
656
377
57
-7
116
101
129
43
-378
-737
-1087
-1270
-1421
-1452
-1259
-1153
-1022
-1171
-1271
-1347
-1388
-1245
-1380
-1219
-1221
-1472
-1481
-1669
-1686
-1432
-1146
-816
-603
-435
-433
-397
-434
-535
-492
-405
-224
99
331
607
917
965
835
621
447
351
395
518
702
873
1124
1407
1394
1483
1447
1204
1157
1046
926
1037
985
728
576
340
124
-1
-47
7
-49
-105
28
172
195
118
58
-63
-315
-584
-803
-966
-1177
-1488
-1627
-1717
-1742
-1628
-1362
-1046
-834
-689
-707
-786
-702
-709
-530
-300
40
456
331
232
-7
-14
-92
-84
124
433
897
915
1048
1078
881
783
684
609
765
952
982
1126
990
729
666
429
286
300
109
152
348
259
421
572
720
943
894
741
586
327
148
-98
-323
-476
-491
-474
-514
-337
-201
-209
-157
-267
-356
-491
-884
-1192
-1303
-1206
-1135
-929
-666
-664
-798
-844
-954
-1058
-1073
-901
-520
-12
94
135
374
173
-193
-494
-635
-507
-48
209
306
448
234
136
71
-14
79
130
411
631
809
1112
1098
1133
1107
909
871
775
627
499
253
21
-242
-160
-4
194
405
599
789
889
665
438
390
273
285
250
101
86
147
60
-29
-232
-349
-412
-406
-289
-335
-227
12
-6
26
-146
-374
-604
-827
-1035
-1121
-1129
-1147
-934
-759
-689
-776
-813
-862
-874
-783
-784
-551
-145
-31
-107
-92
-145
-4
35
-186
-311
-227
-329
-290
-163
-103
231
360
439
551
624
715
654
503
441
352
346
406
461
671
865
980
951
1005
1241
1414
1326
1413
1585
1667
1528
1184
972
729
389
56
-162
-366
-418
-394
-431
-457
-377
-563
-801
-872
-1008
-918
-938
-1053
-928
-781
-963
-1155
-1426
-1522
-1191
-1089
-1004
-779
-716
-757
-691
-601
-439
-117
94
287
497
498
401
286
9
-258
-269
-215
-68
157
340
512
535
475
565
740
959
1163
1392
1509
1522
1445
1323
1075
871
637
428
459
676
740
584
540
589
530
535
295
146
-56
-242
-289
-452
-542
-541
-717
-948
-1286
-1749
-1838
-1847
-1817
-1564
-1193
-953
-973
-1162
-1279
-1219
-941
-562
-408
-325
-254
-452
-553
-819
-939
-551
-213
79
379
522
605
676
662
660
694
846
972
1200
1514
1528
1382
1223
962
713
760
882
1033
1093
1119
1033
1007
954
868
798
730
760
697
603
479
449
276
-4
-238
-536
-751
-916
-910
-913
-847
-843
-949
-991
-1070
-974
-1001
-1134
-1202
-1412
-1430
-1360
-1421
-1430
-1292
-1078
-825
-684
-624
-522
-187
-29
-41
107
172
201
200
236
295
469
492
387
549
617
616
658
653
841
686
655
564
341
245
292
362
488
633
747
922
975
1068
993
819
800
649
455
422
268
137
186
188
195
118
-113
-191
-324
-480
-616
-730
-695
-593
-470
-509
-586
-709
-686
-711
-705
-565
-556
-489
-589
-724
-603
-671
-638
-483
-493
-404
-364
-237
35
246
214
154
331
482
470
420
315
106
109
-68
-252
-212
-63
264
557
641
653
666
534
572
321
146
177
305
606
857
988
889
642
414
396
219
182
148
153
396
545
408
349
276
242
250
4
-63
22
-62
-100
-153
-472
-553
-514
-734
-793
-721
-664
-656
-772
-723
-707
-554
-588
-517
-400
-594
-889
-1255
-1420
-1397
-1344
-1215
-928
-647
-386
-186
-95
-46
74
135
286
309
195
164
224
248
390
586
696
619
536
460
325
342
521
639
893
1120
1317
1352
1461
1508
1427
1289
1261
1136
999
782
638
508
309
196
45
107
199
316
385
371
446
423
371
221
43
-178
-306
-565
-916
-1285
-1389
-1468
-1578
-1621
-1646
-1541
-1495
-1559
-1407
-1116
-1042
-1009
-1057
-916
-801
-803
-698
-630
-437
-333
-275
-236
-219
-247
-306
-283
-258
-60
168
408
675
770
944
1116
1066
1089
980
882
851
829
923
921
1031
1034
1031
1017
1118
1118
1125
1094
980
1033
1110
994
776
422
187
11
-128
-129
-202
-261
-426
-524
-684
-815
-1027
-1149
-1129
-1167
-1234
-1369
-1261
-1096
-1045
-996
-991
-842
-887
-1011
-970
-1022
-1033
-937
-931
-676
-191
87
200
373
432
490
583
637
710
729
906
853
800
865
946
924
837
787
806
961
1038
1102
1169
1241
1131
1116
1037
891
734
585
430
355
382
157
131
-45
-247
-225
-304
-539
-590
-710
-825
-708
-793
-790
-611
-543
-607
-713
-775
-705
-775
-1042
-1070
-1041
-1062
-1156
-1106
-989
-958
-808
-779
-847
-675
-583
-527
-405
-355
-318
-340
-253
-86
-42
102
212
107
184
319
285
384
512
660
705
696
613
614
758
775
796
880
922
877
870
854
918
858
566
470
326
285
345
311
239
245
320
268
252
227
303
123
50
-41
-169
-205
-318
-256
-237
-160
-129
-211
-389
-343
-308
-416
-327
-300
-332
-347
-425
-403
-341
-409
-184
-130
-217
-31
-98
-105
25
-182
-224
-16
41
60
74
58
78
129
120
147
280
508
539
522
416
337
287
158
70
15
83
36
217
319
335
542
672
534
453
533
407
253
67
-106
-31
201
466
472
533
397
93
-184
-319
-348
-384
-457
-449
-324
-455
-334
-391
-579
-604
-685
-728
-736
-731
-771
-734
-582
-635
-703
-772
-916
-992
-965
-1003
-871
-749
-625
-455
-371
-316
-241
-179
-265
-308
-394
-338
-257
-40
254
429
644
708
713
679
764
748
845
1002
938
853
847
837
888
994
944
947
802
736
680
723
742
578
398
167
-7
-131
-266
-238
-331
-470
-421
-345
-289
-310
-294
-258
-376
-523
-635
-682
-655
-648
-880
-930
-893
-772
-579
-518
-432
-337
-377
-485
-677
-856
-614
-386
-323
-319
-224
-21
105
212
280
320
391
424
461
492
588
546
580
601
632
822
871
1068
1106
1067
1221
1191
1178
1114
955
801
714
607
516
472
443
598
670
723
578
529
453
298
160
-53
-332
-396
-440
-608
-714
-865
-975
-1004
-1009
-1020
-1046
-997
-943
-854
-836
-854
-919
-919
-744
-697
-633
-581
-480
-455
-467
-374
-193
39
-112
-449
-517
-321
-94
76
163
-1
-95
33
280
553
652
474
508
621
584
554
438
476
563
679
636
755
860
1027
978
783
551
453
448
254
124
116
106
29
146
91
-108
-179
-242
-435
-537
-545
-454
-351
-335
-317
-553
-697
-831
-918
-871
-780
-719
-604
-612
-560
-486
-437
-505
-737
-605
-486
-325
-221
-222
-69
23
-41
42
35
-3
30
25
95
229
254
236
298
348
465
601
741
692
641
637
499
553
585
545
670
628
552
533
527
440
401
215
89
-47
-113
64
169
74
83
166
167
58
-144
-137
-40
84
192
156
3
-27
-146
-340
-465
-489
-393
-325
-263
-220
-183
-42
-104
-199
-157
-171
-240
-238
-330
-347
-385
-398
-447
-333
-84
-58
81
-20
-90
-107
-174
-298
-386
-386
-230
1
184
396
323
312
249
271
243
242
215
126
85
-61
-38
4
-10
85
220
240
313
287
287
321
223
109
75
-105
8
193
252
147
59
176
271
183
-7
-67
-95
-15
79
88
126
110
-135
-276
-446
-384
-301
-231
-149
-139
-105
-317
-449
-528
-653
-634
-613
-569
-251
31
122
162
82
12
59
2
49
-54
-67
-158
-118
-29
-30
36
123
281
507
623
605
560
436
297
129
141
110
106
120
264
276
264
255
173
138
83
150
294
434
353
361
260
31
-131
-247
-44
57
31
172
58
-177
-266
-516
-591
-630
-649
-550
-455
-302
-142
-75
-70
-94
-240
-313
-472
-473
-519
-640
-651
-653
-684
-571
-361
-193
144
357
566
653
581
612
579
351
86
-8
-47
41
73
49
221
286
290
416
438
555
618
665
658
689
774
793
662
430
279
162
125
209
174
179
-62
-228
-412
-543
-599
-537
-294
-117
183
190
75
-45
-281
-365
-324
-479
-456
-527
-626
-652
-796
-920
-1026
-881
-631
-257
89
367
396
360
417
200
20
-157
-244
-94
38
47
17
22
150
106
101
128
180
313
398
463
388
265
139
26
80
159
201
221
361
498
387
180
-22
-96
-78
-129
-76
77
199
380
421
224
91
-28
-170
-241
-211
-106
-18
87
103
-125
-345
-386
-390
-265
-98
41
295
388
344
47
-224
-270
-298
-319
-206
-207
-107
-25
-120
-129
-117
10
128
172
101
92
76
133
158
-14
-136
-134
42
112
71
9
-206
-310
-489
-629
-763
-683
-602
-341
-139
179
480
422
284
219
189
116
49
-80
-89
62
90
18
-68
-35
-27
180
208
281
403
343
194
135
41
-95
-85
-247
-224
-193
-192
-206
-221
-224
-166
-8
45
-18
6
77
78
-97
-240
-284
-258
-169
-78
88
128
233
186
-18
-118
-247
-422
-386
-298
-218
-186
-115
-16
32
-23
-123
-95
73
182
262
258
287
300
326
511
529
692
786
839
885
796
651
591
479
436
367
143
127
94
40
92
30
108
233
383
485
470
417
244
126
-19
-133
-259
-442
-533
-546
-335
-169
-122
-140
-193
-377
-540
-599
-610
-653
-658
-506
-439
-343
-393
-432
-535
-514
-588
-544
-508
-445
-215
-110
-126
-199
-130
-88
119
179
251
448
537
467
455
364
312
217
119
16
-15
174
319
480
519
489
495
400
382
408
382
391
325
215
56
-113
-143
-58
-10
40
-111
-144
-66
-136
-313
-429
-396
-243
-277
-202
-102
-98
-65
-220
-387
-558
-568
-501
-419
-229
-165
-148
-240
-273
-337
-340
-235
-74
140
204
287
375
207
71
-98
-294
-335
-410
-504
-474
-257
-94
84
80
74
106
225
358
440
599
648
612
460
312
209
195
195
297
363
468
435
385
327
198
64
-77
-50
4
77
89
74
57
-83
-203
-155
-173
-212
-256
-149
-18
-44
-162
-238
-166
-62
-100
-110
-67
61
196
149
-44
-134
-208
-371
-497
-623
-577
-548
-415
-159
-82
48
59
134
277
328
432
424
379
251
162
123
159
201
207
229
252
194
57
74
128
218
159
57
-7
49
138
216
82
103
142
92
-4
-49
-58
-60
36
135
105
10
15
57
104
87
78
299
220
271
66
-72
-109
-332
-479
-541
-581
-600
-478
-442
-352
-357
-308
-195
-267
-233
-108
-5
-85
-268
-362
-371
-140
-87
49
81
44
37
32
-22
-40
-104
-211
-166
-151
-55
-65
-168
-144
-134
-120
-154
-62
8
23
153
16
-85
-211
-206
-106
26
170
274
462
559
549
480
272
234
50
106
144
74
75
174
240
201
170
49
158
251
293
307
324
308
316
289
188
106
174
277
258
273
244
241
197
187
86
84
24
-56
-112
-70
-128
-162
-158
-58
139
95
53
-19
-71
-165
-214
-226
-188
-193
-270
-127
12
36
172
235
268
211
171
194
93
75
42
143
286
337
152
85
56
-53
-1
85
180
211
208
59
-95
-234
-419
-508
-396
-286
-329
-327
-381
-367
-250
-253
-359
-357
-310
-406
-344
-329
-350
-293
-357
-434
-492
-398
-377
-428
-444
-518
-627
-552
-394
-263
-74
85
174
204
256
309
232
140
130
171
113
86
131
119
196
192
243
122
176
352
511
399
421
565
659
561
359
311
211
181
-21
-52
17
68
13
-98
-95
74
123
26
-132
-202
-32
185
240
91
5
-12
-133
-252
-368
-441
-408
-238
-102
-91
-206
-379
-358
-365
-353
-250
-78
-103
-193
-333
-398
-358
-414
-411
-359
-255
-106
-118
-117
-97
-28
-24
-38
150
255
388
630
691
569
507
418
408
363
333
358
441
416
370
411
415
485
547
604
573
402
430
417
335
269
197
286
379
257
26
-95
-241
-227
-94
-104
-87
51
134
149
183
169
66
-23
-47
-148
-179
-329
-494
-523
-521
-516
-535
-562
-493
-580
-580
-330
-195
-90
-13
-17
80
96
147
-53
-129
-146
-166
-158
-275
-329
-284
-114
60
148
91
-2
-80
-9
143
321
466
372
321
348
235
-15
-87
23
26
-13
-127
-20
168
215
233
216
125
25
-20
67
138
139
260
254
128
-41
-257
-530
-591
-510
-446
-449
-438
-351
-259
-201
-205
-168
-245
-289
-250
-210
-125
-254
-354
-385
-352
-306
-307
-284
-264
-181
-1
38
52
187
168
170
112
96
49
-101
-36
156
180
164
132
151
145
265
225
194
328
364
404
404
396
299
275
295
383
344
318
301
285
346
400
395
332
222
165
189
153
113
124
108
85
151
-11
-149
-102
-105
-114
-94
-72
-69
-76
-137
-106
-137
-220
-232
-209
-203
-255
-202
-103
-85
-169
-160
-216
-300
-292
-223
-210
-132
-31
-16
-19
-10
25
64
101
66
134
217
180
-35
-84
-60
-11
13
-45
-121
-149
-134
-112
16
39
-29
1
157
233
228
238
146
194
189
48
-34
0
-107
-91
-41
-95
-104
-98
-121
-156
-132
-82
-92
-37
-23
-64
7
63
74
-63
-92
-101
-243
-350
-217
-216
-110
7
-44
2
27
85
7
-30
-40
-57
-24
47
75
48
-1
-120
-158
-29
-18
13
111
90
102
171
149
38
114
110
94
160
215
210
216
174
87
76
112
139
260
323
256
280
339
183
118
93
90
106
35
-99
-204
-201
-221
-340
-423
-466
-438
-377
-359
-157
-171
-222
-310
-440
-432
-343
-265
-163
-210
-302
-195
-116
-94
-173
-145
-27
135
252
234
250
248
211
171
98
83
48
39
132
129
200
346
342
225
157
136
290
291
299
350
384
363
275
180
169
177
126
199
197
118
118
149
71
40
28
52
-6
-68
21
82
81
7
-50
-121
-222
-227
-303
-284
-166
-37
-157
-155
-80
-11
-76
-236
-169
-68
-46
-6
30
57
235
142
19
-28
-34
35
138
131
-23
-10
-52
-130
-217
-147
-82
24
179
107
59
-36
-137
-195
-178
-114
-28
29
63
8
-164
-152
-211
-222
-265
-83
45
2
-94
-178
-127
-78
-53
-59
-69
-101
-60
-17
-28
-173
-189
-225
-172
-131
-169
-191
-211
-138
-156
-148
11
211
259
160
225
289
228
192
157
96
98
162
109
18
-204
-268
-257
-283
-300
-139
-28
-35
-66
-309
-245
-196
-37
38
22
54
119
201
240
325
170
166
290
273
239
220
211
339
460
340
327
262
265
316
384
325
275
264
298
142
37
-101
-99
-26
38
60
50
165
194
163
49
93
-71
-93
-96
-129
-82
37
73
8
-168
-263
-392
-452
-475
-397
-327
-185
-123
-164
-241
-403
-514
-666
-580
-475
-431
-262
-168
-217
-314
-418
-442
-299
-179
-220
-278
-132
42
193
226
173
135
304
408
192
207
227
203
230
123
144
195
237
290
185
270
422
447
445
324
320
400
226
101
201
191
108
84
60
106
167
122
113
-32
-92
-43
27
132
-71
-166
-184
-141
-96
-58
11
106
121
23
50
39
-77
-158
-254
-372
-340
-276
-245
-104
18
36
141
191
155
176
314
193
36
-68
-207
-99
0
53
94
163
197
246
260
333
147
46
32
-14
-34
28
182
268
267
156
52
33
11
-48
-66
-129
-109
-141
-199
-328
-420
-236
-112
-71
-89
-116
-42
-67
-202
-313
-322
-458
-452
-496
-498
-475
-448
-368
-350
-398
-457
-395
-194
-72
14
51
69
181
150
-37
-148
-224
-170
64
194
211
217
267
280
179
42
-38
12
236
301
302
445
543
564
545
433
395
333
392
328
245
137
56
113
81
63
56
156
278
342
345
313
285
303
155
-18
-139
-195
-174
-166
-216
-310
-461
-409
-360
-281
-232
-220
-173
-202
-348
-419
-424
-399
-402
-365
-295
-301
-319
-233
-244
-330
-214
-200
-71
19
69
97
-19
-58
-66
21
60
205
125
73
133
160
42
37
156
181
254
332
359
297
270
130
177
291
315
359
430
397
352
302
267
248
142
80
58
-16
27
112
132
163
89
192
189
71
-48
-203
-283
-220
-327
-369
-241
-161
-171
-331
-407
-440
-506
-522
-346
-321
-113
-32
-81
-109
-184
-179
-43
34
-19
-31
-137
-121
-116
-166
-201
-215
-53
-34
53
137
194
215
247
160
176
124
210
238
152
152
201
185
77
80
57
123
55
230
307
327
316
365
374
375
256
13
-3
50
1
15
-34
-10
70
6
-107
-218
-261
-182
-130
-22
43
56
87
1
-171
-232
-387
-379
-271
-271
-186
-156
-233
-279
-283
-309
-248
-241
-194
-50
18
69
1
-100
-125
-115
-103
-21
76
142
267
316
185
70
89
109
187
278
288
274
395
367
371
357
441
419
460
462
312
229
343
412
360
146
-68
-11
73
61
63
-14
-16
73
30
-95
-116
-124
-195
-191
-199
-151
-73
-56
-110
-163
-153
-114
-226
-380
-521
-470
-395
-437
-487
-409
-305
-151
-62
-114
-133
-162
-26
-101
-242
-299
-275
-127
-58
-17
72
47
76
28
-41
10
99
79
92
137
101
94
112
204
134
155
187
121
59
15
15
-38
-1
-106
-158
-146
-71
-87
-184
-153
-279
-150
0
-37
-160
-276
-432
-348
-320
-326
-256
-269
-172
-38
-45
-40
-90
43
157
21
-81
-126
-118
-52
-76
-120
-71
47
4
19
139
233
215
173
161
40
112
117
219
291
395
443
380
425
415
483
447
423
470
391
401
515
463
438
447
344
255
234
198
83
58
-7
98
141
155
167
82
-59
-237
-302
-317
-308
-168
-97
-107
-86
-64
-50
-58
-25
-73
-54
-59
-85
-125
-101
-156
-174
-235
-245
-215
-198
-179
-161
-95
-45
-126
-125
-150
-153
-192
-292
-315
-256
-240
-6
160
195
56
-172
-294
-292
-113
-40
-52
-5
183
303
295
276
221
105
100
102
148
234
407
336
250
151
60
57
59
81
53
90
42
38
-9
45
55
34
103
92
120
41
-51
-106
-298
-274
-257
-316
-243
-250
-108
16
-61
-165
-323
-355
-316
-357
-379
-362
-337
-270
-129
-68
-144
-298
-261
-292
-279
-225
-129
-59
-91
-108
-29
-22
7
135
178
81
89
-43
-134
-144
17
65
187
182
204
216
243
227
89
72
92
72
208
328
330
379
355
303
244
263
329
369
384
361
370
361
216
127
102
89
45
68
90
-29
-31
-127
-167
-210
-198
-173
-139
-81
19
-12
-35
-128
-225
-263
-299
-171
-182
-189
-156
-39
31
91
-10
-40
-33
-68
-110
-225
-165
-42
112
149
77
46
-89
-172
-226
-180
-121
-13
107
153
122
112
195
226
298
273
313
340
406
263
241
215
267
362
273
70
20
-5
128
74
-50
-4
-34
6
-39
-97
-135
-37
-21
-90
-154
-250
-395
-444
-408
-398
-433
-347
-292
-306
-301
-381
-349
-359
-365
-242
-189
-145
-26
-45
-119
-105
-149
-96
-117
-90
-28
-47
41
202
256
280
274
193
185
203
370
400
323
129
91
166
153
162
41
88
235
189
126
57
-30
39
89
207
184
66
-63
-211
-258
-308
-246
-202
-71
18
56
69
62
3
-110
-217
-274
-198
-182
-250
-197
-192
-159
-277
-377
-442
-302
-175
-41
78
109
49
-59
-116
-26
57
123
168
165
186
110
203
179
77
49
72
115
213
289
249
135
188
289
240
186
244
346
329
341
287
351
335
99
-12
76
149
225
218
190
250
194
127
-22
-243
-234
-226
-186
-47
-22
-10
-87
-164
-282
-241
-312
-208
-144
-165
-148
-34
-94
-71
-59
-192
-153
-6
40
134
249
103
157
148
42
-131
-190
-175
-176
-200
-256
-295
-205
42
105
170
99
41
69
102
79
25
26
44
120
90
109
102
142
180
163
107
112
132
101
159
119
140
225
189
121
101
84
103
-23
-47
-50
-109
-129
-250
-220
-149
-64
59
53
-23
-121
-197
-227
-29
72
114
38
-106
-208
-241
-247
-306
-337
-341
-228
-211
-176
-221
-275
-373
-445
-478
-467
-412
-454
-423
-327
-179
-100
-87
-133
-95
36
44
79
59
15
42
97
146
222
410
449
363
295
297
286
264
165
214
183
230
356
292
152
100
186
216
247
267
255
124
20
35
22
-49
-72
-109
-83
-98
-117
-128
-69
70
112
35
-23
-6
-64
-189
-216
-244
-215
-199
-179
-90
-106
-92
-130
-274
-284
-205
-69
77
116
88
49
11
-82
-180
-240
-287
-126
-12
-12
158
304
437
491
367
338
360
285
351
269
121
96
143
299
341
393
391
298
235
168
126
131
180
124
8
-74
53
48
26
52
-19
-20
-94
-161
-219
-292
-292
-232
-233
-173
-212
-250
-224
-191
-204
-152
-51
-32
-71
-209
-238
-254
-311
-353
-339
-237
-131
2
-23
-122
-99
26
154
196
280
288
361
362
277
199
158
31
-113
-31
94
102
127
218
137
36
-111
-197
-93
2
73
118
159
66
-110
-141
-151
-167
-204
-170
-150
-96
-4
19
-89
12
32
44
49
-119
-116
-143
-95
-42
-145
-95
-153
-211
-180
-246
-118
-151
-170
-147
-163
-236
-145
-101
-74
-3
-70
-68
21
240
309
409
470
346
285
179
104
56
155
179
147
50
3
227
92
121
40
-10
129
250
281
192
150
42
-20
-77
-163
-212
-247
-146
-33
-32
-3
33
111
181
141
122
-89
-146
-91
-5
9
23
-18
-48
-99
-199
-201
-226
-286
-350
-296
-237
-132
-206
-195
-330
-272
-84
73
61
36
-79
-136
-85
-66
-65
-113
-29
93
174
269
269
294
321
283
358
364
270
120
81
67
43
-14
44
204
245
218
111
79
171
161
182
145
77
125
98
101
123
58
123
99
129
143
85
12
46
11
-16
44
4
1
-108
-163
-164
-217
-241
-194
-238
-286
-336
-260
-309
-351
-360
-504
-503
-462
-336
-336
-218
-112
-86
-58
-19
-74
-103
-61
-125
-126
-47
-33
51
5
-70
-69
-70
86
69
87
143
164
128
64
112
119
212
185
121
111
45
-22
143
184
198
148
28
94
165
264
254
158
123
170
145
60
-33
-61
-29
-26
-15
1
34
77
77
18
-114
-157
-161
-98
-257
-214
-80
7
10
-54
-61
-50
-59
-126
-107
-133
-41
-35
3
60
1
-59
-44
36
91
110
138
110
83
41
-47
-77
6
-24
140
218
179
189
134
47
148
161
172
298
310
356
229
142
104
238
312
305
262
274
401
366
323
216
82
87
118
185
106
180
190
85
-9
-123
-264
-257
-306
-276
-168
-109
2
45
-35
-100
-77
-74
-131
-279
-321
-254
-251
-339
-297
-171
-46
18
0
-98
-263
-266
-278
-251
-148
-129
-22
28
-29
-195
-307
-318
-367
-240
-186
-123
-67
34
60
69
-51
-105
-179
-166
-104
-55
73
67
151
32
-23
-141
-240
-129
-127
-149
-251
-363
-291
-337
-301
-242
-275
-196
-171
-104
-127
-83
-121
-253
-163
-147
-38
-19
-58
116
140
133
119
32
-41
-11
72
267
300
170
146
117
143
129
25
85
103
197
208
211
312
290
198
119
108
98
145
212
321
388
361
386
400
432
413
256
255
345
282
293
290
304
343
239
225
213
108
46
-21
-15
-36
115
146
215
94
30
-64
-170
-232
-290
-262
-221
-184
-156
-95
-138
-110
-248
-128
-53
28
98
25
10
-71
-104
-181
-213
-135
3
-32
-12
-51
-191
-236
-251
-241
-246
-166
-72
67
110
38
-65
-92
-154
-113
8
2
-1
71
-8
-180
-192
-245
-202
-176
-5
74
53
13
4
-22
-74
-6
21
55
58
54
21
-48
-123
