-109
35
137
79
184
101
-90
-101
-48
-102
-177
-165
-101
72
258
291
206
306
290
115
-73
-147
142
384
409
427
232
87
138
77
167
163
260
297
137
-76
-212
-109
171
292
179
210
216
66
9
-75
-182
30
299
340
375
431
370
37
-90
114
61
37
0
0
-67
68
24
-156
-22
39
-128
-283
-278
-346
-409
-350
-345
-86
19
5
64
-3
-65
-6
-89
-41
110
-44
-79
-101
-173
-174
-187
-256
-323
-282
-188
27
172
178
225
72
-51
-207
-106
-99
-134
-63
69
145
-40
-142
-92
28
114
98
-43
-95
-137
-157
47
201
260
362
488
611
408
96
-173
-311
-224
-195
-111
-26
-21
-57
-41
-107
-178
-105
-99
-195
-21
34
50
-3
88
125
126
160
-5
-42
-196
-464
-431
-365
-171
-3
44
79
151
319
420
384
146
49
-85
-126
-186
-362
-170
150
283
528
411
245
131
-71
-90
-111
-37
-19
175
161
138
107
133
103
12
-42
-52
-236
-297
-441
-394
-320
-333
-231
-36
-61
-215
-171
-192
-52
-98
-270
-219
-17
228
301
130
135
123
132
65
101
-56
-27
178
198
222
327
329
304
24
-176
-255
-187
131
232
39
91
75
76
-80
-221
-279
-281
-115
132
280
276
285
250
178
40
101
-32
-38
113
234
183
79
17
-33
3
-3
-137
-304
-206
-84
-60
43
9
-65
-256
-252
-294
-158
-115
-73
-117
148
269
138
-27
-151
25
115
102
252
416
345
439
272
256
311
149
-55
-29
105
166
108
62
-28
-47
-7
-77
-61
-142
-105
-93
-245
-222
-407
-373
-210
-129
-75
-163
-268
-126
-107
-238
-227
-215
-28
63
123
-2
-97
-51
-122
-182
-242
-231
-126
-51
19
-46
121
274
220
190
68
-151
-247
-311
-242
-105
-50
-82
12
-7
-6
-48
-95
-164
-79
170
172
80
-44
-42
-126
-221
-180
56
146
230
305
274
273
72
94
212
161
221
151
116
146
260
203
11
-120
86
106
72
124
108
125
-35
-49
-78
-19
86
197
-4
-52
-45
-44
-74
-236
-196
-9
0
28
-83
-124
-153
-37
43
115
121
57
111
191
-35
-211
-225
-155
-20
21
86
-19
23
201
215
172
154
63
59
83
200
148
82
117
72
35
-91
-103
9
118
115
-70
-151
-123
-111
76
186
176
117
126
-25
-220
-66
-118
22
15
32
4
-204
-275
-89
-71
-167
-239
-285
-107
21
18
-138
-161
-124
-86
-28
-148
-38
-145
-149
-1
33
-128
-107
114
72
47
139
180
296
423
232
92
35
-44
-97
-143
-144
-122
-132
-133
-45
41
-61
-29
81
63
16
46
10
71
198
160
44
-43
-41
-6
-82
4
35
3
103
59
10
-26
-127
-165
19
-33
82
64
-41
-41
-63
-123
-87
19
-14
-21
54
33
26
-8
49
0
53
132
89
72
100
150
35
10
-92
-132
-58
-5
-116
-12
130
-70
-75
-29
-60
-164
-156
-268
-199
-72
91
111
-166
-142
-140
52
76
-1
89
136
165
-104
-264
-369
-244
-43
72
88
-24
119
-69
-297
-429
-335
-159
-64
72
36
156
192
254
62
-20
-123
-27
182
240
211
14
61
132
193
186
106
200
105
62
83
126
214
276
301
109
-46
27
91
130
-6
3
108
23
111
-61
-341
-157
182
325
272
113
97
223
94
-2
-25
-138
-2
33
25
101
168
200
175
60
-195
-245
-403
-416
-562
-451
-235
-277
-158
-8
-62
-42
86
104
-31
-102
-91
128
133
78
157
63
5
-170
-137
-98
130
75
20
28
156
373
539
509
342
291
16
-98
-197
-320
-171
-59
-21
-76
-240
-228
-79
-87
-212
-102
-40
-77
59
-75
-150
49
-53
-137
-131
-165
-137
-221
-100
-92
-84
-27
-45
-109
-254
-260
-124
-10
272
301
191
221
159
100
9
35
137
120
-16
-62
100
145
128
65
-106
-202
57
-73
-206
-120
167
182
228
162
34
-8
-209
-222
-216
-75
145
138
21
79
181
214
104
-14
119
81
172
165
155
121
-66
5
49
-89
-143
-73
111
-51
-96
-160
-181
-100
-2
2
-62
-106
-9
-75
-108
51
94
169
67
141
207
306
176
78
94
180
243
235
267
286
287
112
98
204
174
107
31
-11
57
-193
-271
-207
-131
-86
-4
66
-13
14
-40
-64
-146
-157
-161
-318
-471
-487
-276
-121
-210
-132
-27
94
189
3
-151
-200
-240
-152
-57
9
-4
-50
11
36
-129
-296
-354
-325
-377
-434
-278
-126
-10
11
67
175
87
-150
-332
-349
-335
-182
-80
-230
-76
-45
-73
-91
-140
-113
-49
-41
-69
16
-132
-35
43
43
21
-63
41
82
128
171
74
9
180
313
347
405
423
403
295
201
204
195
145
214
241
259
227
187
249
218
107
28
13
69
27
-9
-23
-42
-17
-47
178
215
194
63
-14
15
70
167
233
136
68
57
102
185
16
-83
82
226
367
241
213
418
395
245
33
47
75
98
-52
-62
46
108
17
23
76
-2
-136
-123
-52
-137
-46
-107
-125
-88
44
-79
-112
-321
-288
-95
-220
-72
-109
-123
-300
-413
-396
-388
-268
-167
-165
-1
180
134
152
144
-30
-149
-40
-57
76
108
53
21
-87
-80
-129
-255
-172
79
144
259
126
73
94
-273
-452
-397
-334
-274
-141
-164
-226
-249
-341
-282
-268
-117
-9
-160
-139
-151
-130
115
19
243
229
-39
10
64
-62
-213
-168
-80
2
174
290
306
260
244
119
-50
-29
-117
-35
86
54
92
102
-33
-10
78
210
443
358
255
62
0
-75
51
95
272
483
330
73
159
99
-48
-50
-84
21
27
-15
-121
-220
-169
-164
-421
-428
-352
-321
-170
-112
-22
-9
-134
-198
-252
-148
-149
-166
-126
42
221
71
38
-114
-126
-95
20
227
332
506
415
337
273
76
-136
-162
-6
-29
-137
-264
-22
261
368
324
270
338
266
186
-82
-187
-128
-136
-75
-176
-156
-154
-84
92
168
148
62
-65
-149
-67
-82
-14
38
108
303
357
144
-174
-187
-144
43
198
286
323
299
254
29
119
215
66
56
156
118
97
88
89
149
33
4
11
147
165
-34
-170
-217
-153
-36
-58
-60
76
-46
-140
-276
-306
-206
-107
-58
-160
-97
-85
-187
-98
121
83
28
103
212
177
197
78
156
181
16
-188
-140
37
-197
-361
-221
-190
-163
-186
-270
-69
-34
-4
-26
-98
-13
0
-24
29
86
-64
-192
-81
-5
-25
-155
-181
-268
-228
-271
-268
-113
39
41
-156
-224
-250
-107
-96
37
88
32
-127
-251
-299
-66
178
2
-70
-149
-93
122
64
-197
-76
202
309
216
200
173
108
20
-74
-239
-396
-309
-204
-3
69
103
95
-5
156
215
289
303
346
249
313
360
243
170
-9
10
65
64
54
179
273
290
246
-2
-94
-66
-89
-7
-10
6
47
80
107
116
55
-29
-90
-97
-6
-52
9
122
103
-96
141
333
98
-72
-122
-57
75
135
91
-41
10
53
-11
70
23
93
44
75
36
16
122
34
-81
-47
4
41
121
261
268
99
-55
-42
-70
21
-7
23
49
219
178
127
42
192
85
-39
-23
-289
-262
-462
-498
-361
-173
-67
8
-111
-144
-127
-277
-220
-182
-170
-285
-111
-227
-411
-224
-177
-61
-6
-167
-256
-83
-81
2
18
-15
-59
23
111
-83
-85
-60
57
-6
-34
-95
-33
37
126
-59
-64
195
328
393
102
-77
-197
-16
132
268
298
334
317
217
66
53
24
16
-9
-139
-163
-233
-333
-268
-351
-236
-92
-95
-32
-152
-171
-87
139
91
34
-18
73
266
196
190
161
146
86
21
-14
53
86
76
200
336
435
270
132
-95
-185
-183
-186
-109
-40
5
151
67
-77
-102
-214
-175
-86
-145
-104
-118
-153
-171
-30
179
420
322
70
157
-72
-156
-66
5
183
158
36
97
199
233
310
277
184
191
182
93
-17
7
-96
-81
108
151
73
116
110
-18
-17
-97
-188
-37
-176
-66
84
231
179
-168
-189
-157
-72
64
100
-5
99
166
56
-57
-65
-4
44
9
76
152
57
156
49
-196
-210
-60
192
175
100
122
-64
-84
-109
-135
-273
-182
-176
-188
-242
-295
-375
-382
-130
-136
-65
-78
-129
-239
-317
-342
-303
-201
-54
-104
3
54
-112
-120
-175
-17
132
39
-120
123
335
316
298
218
143
129
-11
7
-101
-80
76
123
53
-142
-23
-63
-92
-47
-134
-230
-175
-31
135
15
97
-3
-10
22
59
82
-106
-74
-118
-151
-134
-38
127
169
99
-4
-128
-23
95
-118
-170
-92
42
128
120
42
198
363
242
162
205
97
119
322
316
347
203
-16
-53
-42
-201
-124
40
-10
131
114
48
52
142
339
266
135
121
28
9
106
88
-13
-59
-136
-57
10
91
14
81
165
232
285
121
-52
-60
130
83
6
-56
209
151
-80
-270
-521
-480
-380
-305
-236
-202
-180
-313
-423
-521
-443
-282
-275
-259
-88
182
417
263
97
-45
-152
-184
-285
-235
-21
97
144
135
109
104
52
-75
-75
-46
-14
123
36
-77
-1
253
203
75
-81
-130
-20
8
-229
-338
-192
-61
42
132
332
411
86
-228
-235
-231
-17
138
-35
13
24
-126
-82
110
175
169
170
143
156
106
176
131
97
175
60
74
165
136
224
177
190
119
251
381
329
412
404
289
123
118
-86
44
-16
-10
-51
-76
13
67
-8
12
-66
-315
-416
-337
-146
-91
50
18
-81
-225
-97
-84
-160
114
-17
-93
-4
-139
76
144
-47
-29
-139
-302
-244
-179
-274
-339
-138
-38
-73
-138
-240
-106
104
152
20
-61
-20
159
195
245
180
-22
106
149
81
126
0
-58
92
-1
18
51
81
92
91
68
-59
-178
-328
-390
-386
-207
-162
-261
-167
-153
-179
-100
-207
-360
-308
-174
-130
-26
139
160
-15
-149
-149
-159
-23
28
-47
17
-12
72
83
167
220
148
199
309
345
285
227
71
207
360
247
168
275
433
199
133
78
54
37
-26
-60
-45
-107
-132
-61
-67
-161
-354
-261
-94
27
90
-45
-31
26
115
107
9
-55
-140
-97
86
44
-182
57
179
121
86
34
72
310
424
257
227
112
-94
-105
-177
-38
40
68
252
187
3
-193
-219
-139
-258
-374
-229
-29
-75
77
-2
-104
-114
-12
57
16
53
144
128
29
-81
-209
-102
59
130
213
379
433
324
163
57
-32
-94
-186
-154
-271
-297
-470
-440
-133
49
-54
-296
-381
-166
48
10
-17
-142
-281
-214
-202
-274
-207
-21
51
36
68
26
-21
-29
13
-67
-157
-202
-94
132
121
20
-73
-17
13
51
100
226
294
273
329
257
120
-22
-17
16
180
173
115
171
277
305
276
328
252
368
212
128
-2
-4
50
0
255
144
123
125
235
321
180
8
-189
-183
-286
-280
-111
18
64
122
161
2
-120
-79
-108
-59
-255
-228
-146
53
28
-186
-86
-143
-46
86
16
-96
-144
-34
-179
-158
0
-71
73
142
197
220
14
178
31
-49
-56
-118
-55
-16
160
254
59
-114
-281
-275
-247
-190
-135
-67
-21
-29
-96
-183
-170
-281
-87
39
-198
-229
-267
-392
-246
-105
19
-167
-95
-61
-52
-21
-176
-125
-113
-89
-28
-46
41
-19
98
49
46
-73
-378
-199
-219
-48
39
37
102
99
61
-60
-33
33
46
209
372
381
366
129
134
-75
-243
-351
-316
-86
74
230
29
-207
-110
-16
94
72
84
192
118
27
189
120
-40
-8
106
141
60
148
186
396
282
59
60
150
146
137
335
382
210
204
181
160
98
69
9
-75
30
30
-63
-86
-43
-146
-246
-252
-215
85
300
316
305
263
185
27
-84
-63
39
45
43
-88
-111
-182
-148
143
139
249
373
194
195
84
52
95
174
102
66
-30
-325
-368
-304
-99
-93
-79
143
123
162
161
119
153
108
-37
-134
-94
-187
-193
-189
-196
-50
-76
20
-17
-18
-41
-250
-196
-276
-274
-328
-331
-167
-380
-246
-287
-272
-203
-250
-107
13
182
209
309
138
-11
7
-55
-178
-153
-19
28
7
-103
-114
-137
-18
77
171
120
167
54
-172
-135
-344
-279
-180
-139
-73
-137
49
192
91
88
-30
-84
125
427
301
87
49
120
171
36
-135
-160
-115
-38
-11
-37
-120
-20
69
17
36
-222
-243
-133
28
73
72
120
142
209
193
185
110
-5
53
25
88
162
312
280
49
-40
-82
-23
98
143
76
7
-72
-103
-19
-122
-160
-209
-222
9
-51
241
206
223
237
-40
-15
-147
-99
-71
57
137
-2
83
113
186
168
164
119
-190
-208
-156
-42
172
97
43
-148
-146
-76
-31
-40
-160
84
14
-43
3
-55
266
104
134
251
92
-79
-172
51
163
223
108
59
55
125
215
130
134
271
236
133
-128
-60
-65
0
228
52
23
4
23
-119
-129
-94
-119
16
47
-99
43
38
192
129
5
-15
57
-53
-263
-248
-189
-154
-162
-173
-367
-487
-389
-242
-313
-241
-262
-245
-348
-310
-99
-182
-24
-29
-94
24
15
-70
-283
-174
-57
-70
-41
-170
-75
-64
100
92
2
291
216
241
200
151
84
-94
-178
-236
-198
-21
76
-3
-135
-123
-145
-96
13
77
239
169
89
-174
-140
194
102
47
77
151
296
301
376
217
148
94
-54
-231
-302
-222
-230
-131
-139
83
342
216
179
141
66
-19
19
105
367
431
179
-25
-166
29
148
97
-31
-47
65
202
230
273
206
84
-33
-23
-5
-189
-201
-148
-189
-48
-217
-205
-202
-136
28
146
380
377
500
203
270
458
298
334
258
206
147
190
293
138
147
179
242
375
305
150
98
217
232
79
-35
-142
-23
97
70
-103
-106
6
-210
-174
-170
-202
-108
-184
-352
-225
-155
-149
-37
63
-84
-218
-233
-192
-307
-298
-268
-296
-348
-550
-423
-295
-158
-213
-241
-180
-256
-229
-172
-199
-343
-293
-39
-163
-174
-297
-330
-224
-89
125
61
151
107
66
-64
-179
-331
-131
41
98
127
244
172
57
-5
-179
-234
-310
-256
-286
-134
-77
32
34
71
146
76
-32
-187
-112
-113
-200
-182
-209
-257
-33
141
358
282
291
222
-86
-73
-106
-150
-2
51
1
147
198
233
90
91
153
191
338
454
482
624
474
542
632
508
392
88
-136
-241
-5
56
9
-51
-74
-55
6
-11
-117
-152
117
282
196
205
228
237
193
163
90
-20
-16
177
313
423
384
322
347
307
261
274
303
408
388
228
169
177
200
198
80
-86
-57
-63
-165
-257
-229
-94
56
-51
-134
-288
-337
-187
-397
-442
-441
-405
-226
-6
-153
-65
-166
-251
-181
-192
-346
-319
-343
-344
-429
-487
-516
-346
-162
-322
-147
-61
38
-29
-178
-286
-356
-158
-36
-53
26
-65
-47
-88
-72
-27
1
1
23
-45
-80
-85
91
198
275
355
111
40
76
46
-120
-222
-103
-101
-208
-338
-374
-284
-168
-47
45
65
12
13
-44
-93
-82
-129
-58
-32
-80
53
109
279
212
-24
11
28
54
100
352
329
180
181
-19
-51
-54
150
223
281
523
611
647
572
403
194
44
-61
-73
-111
68
169
235
376
287
188
38
14
-28
48
70
225
171
54
-104
-169
-150
-110
-258
-190
-148
-269
-89
-191
-35
63
111
109
163
34
-84
-16
101
186
149
231
301
289
279
107
257
315
141
31
-23
42
63
27
2
-102
-232
-68
-47
-20
100
50
-97
-211
-294
-330
-357
-234
-200
-256
-350
-565
-632
-614
-541
-493
-449
-302
-115
-14
-112
-84
-7
-166
-234
-375
-357
-253
-171
-111
-118
8
-68
-239
-177
-37
51
155
165
307
395
466
469
386
396
344
389
419
412
258
254
283
394
244
53
136
244
298
180
36
-124
-142
-68
-70
-167
-155
-9
-163
-233
-26
-11
-45
-198
-303
-203
-163
-170
-117
13
168
133
24
12
-15
-26
47
-44
8
-106
-147
-9
46
-4
202
425
496
409
304
104
112
298
145
213
339
386
424
426
405
275
89
-127
-97
-270
-234
-155
-236
-340
-460
-674
-706
-533
-591
-569
-580
-489
-361
-369
-488
-583
-464
-469
-383
-381
-568
-668
-762
-762
-681
-391
-229
-130
29
98
159
181
65
51
-87
51
170
446
717
927
958
1126
1182
1030
1007
1128
1289
1328
1420
1418
1401
1206
1217
1096
1109
1089
936
600
146
-196
-526
-571
-677
-674
-863
-888
-960
-1037
-1224
-1537
-1800
-1879
-1767
-1622
-1467
-1398
-1494
-1593
-1592
-1540
-1534
-1560
-1434
-1317
-1106
-962
-887
-765
-658
-259
203
749
1192
1700
2336
2982
3348
3606
3838
3863
4031
3914
3799
3805
3560
3417
3160
2887
2509
1975
1270
442
-261
-836
-1343
-1950
-2426
-2860
-3196
-3415
-3702
-4034
-4338
-4533
-4469
-4206
-3972
-3803
-3664
-3309
-3031
-2956
-2818
-2805
-2703
-2525
-2341
-1925
-1370
-836
-357
64
1026
2214
3340
3951
4331
4925
5455
5576
5265
5012
4716
4450
4098
3907
3930
3717
3412
3246
3089
2893
2251
1077
-205
-1152
-2027
-2915
-3483
-3710
-3527
-3300
-2966
-2684
-2846
-2922
-3323
-3696
-3951
-4059
-4123
-3627
-3137
-2647
-1948
-1422
-962
-845
-934
-972
-991
-1122
-1361
-1346
-1034
-729
-434
-234
101
450
474
268
-39
42
678
1358
2032
2376
3041
3894
4520
4749
4643
4395
4286
3864
3448
3617
3957
4021
3925
3710
3576
3226
2321
1174
103
-907
-1928
-2628
-2987
-3062
-3059
-2886
-2626
-2537
-2404
-2481
-2699
-3015
-3287
-3482
-3048
-2430
-2156
-1833
-1586
-1066
-703
-644
-516
-417
-457
-733
-1177
-1346
-1417
-1615
-1629
-1691
-1378
-1109
-1032
-1251
-1370
-1462
-1310
-840
-236
694
1237
1825
2644
3350
3743
4047
3956
3821
3557
3462
3829
4331
4558
4628
4645
4628
4141
3065
1567
439
-476
-1443
-2211
-2747
-2895
-2813
-2582
-2327
-2264
-2208
-2195
-2291
-2549
-2923
-3212
-3102
-2768
-2444
-2327
-2155
-1622
-1234
-1170
-1320
-1189
-1274
-1505
-1701
-1672
-1568
-1463
-1611
-1749
-1569
-1472
-1641
-1591
-1675
-1550
-1311
-1032
-467
251
1087
1712
2784
3678
4061
4310
4516
4688
4615
4299
4283
4859
5427
5512
5437
5219
4886
4118
2817
1426
345
-518
-1165
-1915
-2412
-2530
-2730
-2869
-2936
-3181
-3265
-3321
-3499
-3626
-3955
-4291
-4058
-3432
-3014
-2537
-2083
-1797
-1568
-1621
-1732
-1818
-1805
-1679
-1529
-1209
-894
-741
-868
-816
-759
-834
-1042
-1159
-1122
-1045
-999
-412
631
1640
2547
3177
3942
4582
4914
5016
5032
4925
4750
4461
4308
4672
5227
5458
5374
5027
4697
3983
2717
1172
-164
-1281
-2299
-3040
-3503
-3673
-3641
-3422
-3407
-3585
-3775
-3983
-4280
-4412
-4639
-4976
-4673
-4177
-3528
-2908
-2323
-1619
-1244
-1247
-1353
-1336
-1240
-1165
-1074
-888
-365
15
25
118
-38
-105
-127
-136
-416
-505
-566
-70
867
1617
2393
2878
3454
4036
4334
4191
3891
3605
3396
3001
2602
2771
3356
4014
4425
4647
4496
4143
3114
1813
502
-723
-1689
-2247
-2690
-2566
-2374
-2180
-1834
-1792
-1904
-2229
-2688
-3066
-3583
-3928
-3806
-3375
-2821
-2309
-1829
-1254
-936
-1207
-1513
-1728
-1900
-2042
-2073
-1532
-861
-85
180
306
273
33
-253
-637
-998
-1235
-1398
-1195
-872
-259
418
1308
1971
2311
2653
2818
2651
2316
1946
1729
1829
1969
2393
3071
3641
4121
4463
4406
4163
3505
2367
1114
99
-678
-1368
-1702
-1679
-1435
-1020
-773
-657
-872
-1331
-1761
-2204
-2935
-3544
-3671
-3381
-2658
-1699
-983
-392
-218
-394
-861
-1281
-1280
-1358
-1591
-1356
-722
-260
182
400
553
237
-344
-845
-1567
-2119
-2613
-2699
-2344
-1622
-909
-122
711
1072
1160
1528
1747
1721
1626
1548
1641
1780
2055
2576
3424
4303
4722
4956
5062
5161
4708
3758
2573
1569
743
-10
-599
-793
-673
-754
-743
-800
-1381
-1950
-2418
-3072
-3661
-4226
-4234
-3808
-3117
-2456
-2002
-1613
-1265
-1056
-1146
-1175
-1440
-1718
-1867
-1596
-1027
-314
193
824
1085
773
224
-233
-623
-1265
-1657
-1694
-1372
-1308
-1261
-327
29
558
643
821
1131
1259
1199
1246
1081
1353
1557
1722
2376
3340
4153
4551
4719
4809
4832
4052
2899
1906
1019
243
-482
-997
-1154
-1128
-1185
-1273
-1370
-1591
-2040
-2348
-2906
-3389
-3596
-3349
-2644
-2033
-1449
-872
-273
148
36
-160
-649
-996
-1117
-1240
-983
-961
-685
-385
-114
193
-179
-558
-886
-1341
-1933
-2367
-2684
-2850
-2836
-2212
-1206
-601
-51
141
444
654
870
920
938
1048
1218
1691
2006
2536
3439
4383
5071
5473
5729
5750
5308
4255
2946
1861
1048
517
63
-187
34
82
-105
-421
-740
-1183
-1866
-2549
-3026
-3167
-3066
-2876
-2324
-1760
-1201
-553
-554
-565
-1099
-1658
-2175
-2445
-2363
-2506
-2068
-1688
-1163
-1017
-862
-959
-1292
-1721
-1934
-2535
-3026
-3073
-2943
-1970
-2059
-1241
-474
-15
624
768
835
1411
1689
1755
1942
2037
2327
2821
3059
3413
4082
4593
5149
5264
5066
5093
4617
3772
2895
1935
1124
453
-147
-554
-828
-945
-1006
-1043
-1284
-1897
-2424
-2696
-2564
-2780
-2835
-2637
-2427
-1775
-1607
-1557
-1511
-1727
-1972
-2529
-2557
-2554
-2206
-1629
-1628
-1241
-996
-1018
-522
-896
-1333
-1502
-1631
-1229
-1295
-1386
-1025
-647
-179
159
125
564
699
927
861
994
1709
1959
1947
1708
1904
2243
2501
2682
3154
3640
3967
4176
4221
4307
4137
3672
3077
2230
1311
682
84
-376
-900
-1088
-1142
-1083
-1099
-1463
-1691
-2013
-2253
-2445
-2658
-2748
-2337
-2339
-2113
-2035
-2078
-1652
-1828
-1837
-1848
-2306
-1850
-1725
-1505
-896
-857
-653
-820
-689
-232
12
-385
-1125
-1463
-1263
-1227
-1112
-879
-656
-554
-439
233
658
613
689
811
1147
1167
1097
1240
1428
1447
1548
2101
2787
3419
3872
4044
4337
4490
4274
3654
2944
2140
1241
397
-203
-637
-764
-817
-813
-750
-1027
-1345
-1521
-1751
-1707
-1936
-2189
-1952
-1789
-2054
-1883
-1812
-1717
-1392
-1399
-1243
-1257
-1673
-1140
-876
-709
-405
-553
-385
228
268
-142
-355
-1144
-1413
-1293
-901
-699
-1358
-2075
-1605
-1666
-1337
-1343
-1183
-887
-726
-204
392
599
451
512
776
1346
1832
2215
2890
3783
4363
4751
4829
4927
4673
4238
3681
3003
2139
1490
998
500
147
-60
-119
77
67
-355
-709
-1153
-1458
-1898
-2173
-2157
-1967
-1656
-1666
-1789
-1800
-1747
-1981
-2235
-2439
-2126
-2024
-2212
-1970
-1835
-1292
-1502
-1918
-1374
-1353
-1515
-1909
-2187
-2336
-1975
-1956
-2008
-1948
-1856
-1149
-1163
-1230
-755
-268
34
685
1099
1653
1774
1781
2095
2325
2468
2628
2988
3368
3851
4253
4458
4541
4436
4141
3571
2882
2233
1348
729
515
87
-255
-374
-365
-134
-278
-495
-730
-741
-1108
-1468
-1715
-1831
-1676
-1624
-1556
-1341
-1178
-1362
-1334
-1476
-1688
-1379
-1514
-1509
-872
-981
-908
-1493
-1285
-983
-1081
-2376
-2080
-1379
-1311
-1701
-2173
-2236
-1641
-1756
-1631
-1163
-1078
-280
50
446
854
1129
1302
1423
1454
1624
1854
2413
2669
3139
3662
4234
4597
4520
4669
4553
4063
3429
2670
1971
1528
1043
615
366
160
255
380
321
41
-370
-726
-1077
-1384
-1628
-1988
-2284
-2434
-1891
-1968
-2099
-2167
-1896
-2103
-2562
-2865
-2858
-2776
-2935
-2222
-2037
-1603
-1721
-1723
-1088
-1807
-2092
-2009
-1764
-1520
-1986
-2173
-2007
-1812
-1596
-1172
-799
-613
-194
45
473
490
706
1266
1563
1949
2338
2809
3123
3226
3431
3756
3996
4233
4293
4344
4388
4240
3669
2990
2320
1698
1160
804
562
189
136
206
264
98
-276
-390
-426
-629
-1087
-1811
-1766
-1361
-1768
-2036
-2328
-1624
-2073
-2393
-2504
-2460
-1734
-2401
-2021
-1922
-1897
-1269
-1701
-1548
-1296
-1879
-1823
-2027
-2470
-2618
-2904
-2760
-1860
-2188
-2464
-1993
-1983
-650
-413
-363
-120
250
1278
1634
2041
2416
2589
2887
3034
3440
3706
4084
4518
4669
5042
5069
5037
4858
4376
3728
3069
2185
1590
1333
976
709
511
489
621
466
-120
-620
-1050
-1367
-1781
-2321
-2558
-2689
-2588
-2667
-2576
-2111
-2306
-2232
-2216
-2568
-2281
-1828
-2438
-2249
-2349
-1818
-1422
-1888
-2101
-2782
-2479
-2889
-2915
-2608
-3216
-2412
-3043
-2583
-1923
-1804
-701
-777
-434
483
850
1554
1919
2146
2650
2853
3134
3513
3698
3693
3882
4487
5026
5201
5288
5406
5439
5103
4472
3857
3146
2484
1838
945
531
265
-64
-110
-342
-790
-1028
-1628
-2479
-2482
-2608
-3004
-3627
-3915
-3114
-3022
-2994
-3546
-3160
-2768
-3181
-2852
-3345
-2959
-2840
-2664
-2032
-1943
-1634
-1913
-1815
-1792
-2133
-1878
-2619
-2649
-2141
-1633
-897
-1034
-1047
-855
-602
838
1343
1676
1622
1454
2465
2824
3104
3256
3601
3955
4021
3800
3781
4118
4422
4843
5261
5275
5066
4922
4209
3231
2274
1309
742
205
-351
-509
-536
-763
-1018
-1321
-1568
-2169
-2897
-2775
-2597
-2812
-3295
-3729
-2718
-2287
-2949
-2819
-2582
-2030
-2744
-2860
-1857
-2256
-1621
-1348
-1489
-1462
-1169
-668
-1017
-1839
-1528
-1764
-1759
-1448
-1400
-1295
-553
495
619
-166
-213
796
449
1404
1343
2135
2530
2961
3183
3024
2722
2821
2429
2510
2726
2953
3608
4117
4563
4393
4265
3993
3303
2246
1155
-7
-444
-769
-1095
-1075
-1190
-1190
-1213
-1114
-1512
-2163
-2474
-2875
-2796
-3467
-3091
-2900
-2713
-2556
-2242
-1747
-2093
-2087
-2256
-1823
-1485
-1681
-1114
-792
-397
-113
-368
-79
555
-990
-582
-309
-1225
-577
-2018
-1011
-184
-920
-941
-907
-200
778
127
145
870
1549
1755
2072
2167
1814
1939
2112
2142
1853
2235
3034
3939
4263
4508
4387
4137
3689
2464
1188
398
-126
-514
-868
-966
-1007
-1047
-806
-669
-1187
-1819
-2307
-2446
-2269
-2547
-2513
-2556
-2434
-2197
-1504
-1185
-1510
-1024
-1227
-487
-1021
-1062
-301
-1240
103
60
-197
756
551
542
-1535
-1678
-901
-2312
-2141
-2269
-1782
-1516
-2684
-1279
-547
-692
43
-15
869
1199
1610
1254
779
707
811
1440
1737
2070
3202
4363
5306
5542
5354
5193
4663
3950
2757
1334
555
235
-141
-321
-390
-185
431
457
-37
-366
-1191
-1405
-1736
-2589
-2851
-2512
-2220
-1523
-1033
-1019
-838
-1029
-1016
-1198
-1724
-1666
-2013
-1039
-739
-1059
-544
55
-453
-1078
-1469
-1762
-2201
-3376
-3372
-3642
-4024
-4180
-3409
-2962
-1832
-672
-44
279
607
1369
2091
2120
1088
882
1194
1705
1918
2034
3304
4965
6121
6961
6915
6750
6161
4844
3122
1370
18
-632
-769
-523
-178
303
570
889
478
-642
-1683
-2751
-3134
-3980
-4383
-3742
-2744
-1539
-1489
-1244
-587
-931
-1556
-2485
-3059
-2922
-2942
-3128
-2440
-847
-281
-45
-744
-790
-1676
-3158
-3698
-3416
-4027
-4252
-4271
-3955
-3045
-1897
264
847
2073
2523
3108
4196
3830
2420
958
808
1491
1447
1561
3245
5631
7321
8139
8247
7919
7168
5044
2569
754
-836
-1672
-1974
-1299
-257
378
991
1556
1318
-184
-1914
-3515
-4230
-4730
-4787
-4114
-2549
-1184
-714
-904
-1356
-1416
-2329
-3360
-3936
-4095
-3987
-2904
-1993
-991
-661
-244
-331
-2187
-2646
-3044
-4030
-5043
-5540
-4743
-4347
-3422
-57
2216
3412
4306
5461
7459
7338
4829
2171
454
477
-370
-1044
347
3444
6773
8595
9368
9291
8255
5397
1696
-1173
-3589
-5122
-5196
-3917
-2117
-229
1471
3013
3455
1528
-1074
-2844
-4460
-5159
-5929
-5048
-2100
4
641
877
419
-118
-1833
-4256
-5232
-5190
-4556
-3607
-2532
-783
405
-220
-545
-1696
-2761
-3885
-5516
-5736
-6135
-4724
-611
3146
5614
7468
8523
11163
11240
8530
4029
346
-544
-2749
-4677
-4316
-1263
3308
5877
7457
7898
7875
5422
818
-3305
-7048
-8929
-9389
-7973
-4899
-1455
1710
4322
6139
5052
2323
-680
-2653
-4101
-5486
-5246
-2588
829
2453
2761
2901
2696
1113
-2578
-5135
-5600
-5117
-4696
-4152
-2968
-1484
-1214
-2323
-3310
-4567
-5536
-5876
-6334
-5135
-25
3480
6498
9591
11562
15455
15072
11350
7139
2389
75
-3987
-7178
-7514
-4697
-671
1835
4281
5009
5431
2744
-1954
-5687
-10057
-11680
-11006
-8351
-4362
426
4447
8115
9996
7579
4427
785
-2537
-5161
-7629
-7302
-4288
-1210
1010
2684
3304
3424
1592
-1830
-3836
-4745
-4907
-4440
-3555
-2363
-1722
-2416
-3580
-4828
-6493
-7376
-7629
-6090
-25
3945
7851
11762
14907
19312
17687
13148
7766
2499
-706
-6552
-9945
-9797
-5930
-2159
238
2897
3863
4195
59
-5081
-8855
-12605
-13056
-10774
-6089
-707
5175
9640
13423
13758
9419
4699
-295
-4765
-8684
-11812
-10537
-6457
-3867
-1834
329
1912
2430
-422
-3388
-3768
-3800
-3106
-2469
-1302
12
-194
-2227
-4179
-6017
-7600
-8504
-6099
1075
4964
9549
13683
18136
22152
17800
12240
5003
-216
-4466
-11837
-13885
-11938
-6343
-2467
643
3557
4894
4111
-1663
-5821
-9608
-12083
-10225
-5806
391
6336
11540
14559
16319
12138
4526
-1965
-7966
-12023
-15422
-15806
-10887
-5131
-2009
815
3017
3780
2637
-1012
-2920
-2785
-2522
-1867
-1106
-631
-685
-2674
-5527
-7306
-8684
-9415
-6482
1311
6109
11067
15941
20430
24091
18117
11017
2566
-4044
-8387
-15426
-16731
-13016
-6105
-846
3288
5778
6636
5044
-1437
-5441
-8212
-9442
-5886
235
6526
11920
14693
13931
11442
3145
-7002
-13914
-18351
-19221
-17552
-12284
-2458
5356
8636
10634
10477
8309
3763
-2138
-4201
-3675
-3186
-2651
-2454
-2718
-3583
-6701
-9671
-10944
-11395
-9306
-668
6382
11554
17376
20879
25263
20760
11585
2382
-6314
-10370
-16847
-19174
-15320
-7704
-775
3448
6207
6617
6078
751
-3119
-4130
-4666
-1120
5125
10151
12574
12684
8662
3383
-5498
-15748
-20796
-21803
-18915
-13157
-5646
4870
13575
15422
14942
12566
8218
3300
-2518
-4768
-3793
-3005
-2268
-2084
-3578
-4951
-8133
-11787
-13221
-12989
-10823
-2846
7913
12643
18758
22087
25098
23325
12131
2875
-7566
-12523
-17121
-21077
-17516
-10556
-2193
2625
6281
6870
7198
4434
283
158
-123
1751
6871
10714
10480
8577
3293
-3068
-10294
-19457
-23162
-21560
-16875
-9345
-786
8388
17031
18676
15941
12517
7084
1791
-3813
-6886
-5705
-4332
-3199
-2342
-3275
-4386
-6690
-10240
-11846
-11739
-9513
-3157
8782
13528
18396
22559
24576
24412
12400
2287
-8815
-14885
-18372
-23341
-19214
-11568
-1946
4315
8681
9980
10231
8100
2851
1863
1024
896
4626
7797
6844
4083
-1037
-7226
-13256
-20927
-23433
-20230
-13934
-5429
3487
11770
19489
20814
16564
12157
5344
-822
-5913
-9571
-8412
-6697
-5346
-3397
-3300
-4265
-4771
-7892
-9783
-10435
-8092
-4042
6810
15013
16705
22835
23430
25492
16065
3070
-6475
-17104
-18498
-24022
-22376
-13601
-3616
5359
10459
13318
12822
12350
6732
2855
2049
142
1618
4685
3753
522
-3506
-9766
-14837
-20486
-23348
-19529
-12544
-3842
6511
13814
20122
21763
16586
11379
3558
-3604
-8517
-11600
-10120
-7418
-5230
-2548
-1486
-1891
-2727
-5317
-8009
-10098
-9911
-5856
-977
10412
16581
18240
23325
23544
22965
11062
-260
-11235
-19747
-20286
-25120
-19606
-9357
1023
10072
14646
16060
15178
12728
5879
2512
291
-1614
276
1969
185
-3520
-8061
-13169
-17479
-21462
-21122
-15200
-6822
2857
12029
18091
21958
20202
13059
6633
-1493
-8645
-12532
-14068
-11047
-7471
-5210
-2070
-552
-577
-1344
-3947
-6659
-8736
-8585
-5263
380
11792
15125
17964
22257
22727
21497
7487
-2712
-14036
-20447
-21293
-24741
-16670
-5376
5488
13285
17486
17032
14739
10642
3449
48
-2561
-3931
-859
796
-1881
-5295
-9312
-13178
-16724
-19937
-17286
-9223
-477
8337
15521
20140
21706
16170
7357
434
-7400
-13158
-14800
-14013
-9036
-4880
-2700
282
1369
193
-1405
-4267
-7821
-9050
-8506
-5447
1287
12974
15066
18401
22345
22673
20740
5529
-4327
-16182
-21429
-21791
-24200
-14018
-2205
8461
15728
18836
16757
13132
8181
1181
-2253
-4500
-5105
-1002
570
-2758
-5861
-9041
-12008
-15601
-17336
-12730
-3910
3982
11928
17324
20527
19786
10909
2343
-4643
-11710
-15560
-15385
-12333
-6281
-1801
738
3403
3304
807
-1196
-4337
-8318
-10067
-10152
-6412
1
11701
15055
18225
22724
23345
21322
6290
-3736
-16733
-22279
-21644
-23677
-12914
-444
10296
17479
19639
16019
11079
5684
-1530
-5025
-5811
-5321
-518
1455
-1984
-4643
-8190
-11894
-15768
-16491
-10928
-2283
5752
13528
18229
19664
17512
7104
-1880
-8587
-15267
-17009
-14558
-10091
-3274
2168
4843
6218
4251
764
-1757
-5978
-10281
-12687
-11269
-6731
372
12738
15192
19439
23198
24166
19852
4346
-4752
-18740
-21330
-20639
-21986
-9377
2845
12142
18104
18350
13170
8231
2531
-4117
-5933
-5389
-4039
1709
2146
-1720
-4613
-8980
-13132
-16283
-14891
-8327
398
7988
15238
18303
17814
12679
2011
-5982
-11957
-16670
-15303
-10696
-5690
1544
5557
6955
6291
1675
-1643
-4386
-9285
-12853
-13330
-10045
-5006
3527
14927
17124
21662
23613
24360
17150
2360
-7733
-21006
-20529
-21016
-19688
-5872
5243
13604
18077
16737
11327
6819
1053
-3963
-4122
-3967
-1637
2643
646
-3428
-7584
-11687
-14998
-15955
-12476
-4263
4138
11537
16488
16891
14427
6881
-3079
-9534
-13817
-15733
-11496
-6739
-1268
4359
5892
5891
2885
-2108
-4982
-7724
-12052
-13392
-12211
-6879
-128
11674
18211
19371
24423
24534
22580
8647
-3811
-15909
-22903
-20591
-22521
-12950
944
10401
17022
18759
14929
9655
4778
-851
-3348
-2873
-2731
808
1619
-2669
-6937
-11325
-14382
-15688
-12968
-6630
2135
8846
15017
16662
14007
8431
-1096
-7917
-11536
-14029
-12502
-6974
-2036
2956
5093
4458
2462
-1439
-5732
-8056
-10706
-13440
-12764
-7862
-2292
7793
18674
18884
23315
24420
23118
13037
-1313
-12632
-23487
-21699
-22892
-17147
-2623
7937
15935
19803
17436
12147
7318
2037
-1652
-2166
-2073
-1045
757
-2457
-7200
-11192
-13532
-14506
-11679
-5497
1772
8859
13443
15230
12115
6409
-628
-7748
-10677
-11841
-10441
-4936
164
3764
5709
3737
776
-2679
-7280
-10095
-11786
-13454
-12598
-7585
-1900
6151
19221
20792
22326
24041
22328
13760
-770
-12170
-24304
-23126
-23005
-19717
-4133
7044
14706
20363
19330
13841
8992
3660
-748
-1718
-2267
-2379
-1119
-3557
-7565
-10964
-12442
-12494
-10015
-3569
3294
8503
12458
12253
9917
4520
-2632
-7760
-10258
-9410
-7467
-2812
1436
4559
5967
3710
-270
-3343
-6819
-9522
-11836
-13055
-11730
-7781
-2377
5309
19067
21441
22563
23185
21735
13177
-1766
-12921
-24952
-23080
-22762
-19438
-3933
7403
13960
19667
18977
13665
8855
4130
-144
-1199
-1453
-2650
-1866
-5411
-9043
-11504
-11748
-11135
-7701
-778
5906
10081
11754
10292
5629
1117
-5543
-10096
-9589
-8070
-4027
1070
3308
5556
6325
2778
-1736
-5828
-9065
-9205
-11658
-13104
-10415
-6710
-661
7938
19441
21184
23223
22835
20546
10254
-4796
-15018
-25392
-22915
-22595
-16913
-1328
9057
14504
18910
17713
12365
7872
2534
-605
-1276
-1316
-2267
-2682
-6072
-9838
-11142
-11305
-9521
-5223
2113
7843
10616
10802
7381
2215
-2847
-7589
-11633
-9154
-5361
-710
4593
5504
6284
5967
1750
-3983
-7716
-10969
-10855
-11847
-13329
-10208
-5319
505
12426
21972
22089
24541
23566
19742
5725
-8417
-19712
-25806
-22833
-22568
-12098
3119
11954
16503
18965
15930
10598
6613
1663
-1321
-444
-894
-1174
-3461
-7621
-10686
-11038
-10195
-8245
-1448
5861
10440
10728
9077
4125
-1503
-7309
-11836
-11671
-7502
-2266
2951
7569
7945
7431
4446
-913
-5743
-9821
-12040
-12156
-12167
-11995
-8984
-3490
2913
16819
21851
22218
23793
21766
15470
-1083
-12529
-24366
-24518
-22042
-19599
-4884
7335
14353
18251
17827
12352
7866
3859
-573
-2000
-1198
-815
-804
-4326
-8377
-9934
-8841
-7761
-4534
2539
8800
11357
9667
5626
-255
-5418
-10107
-13589
-10539
-4649
881
6587
8488
8322
7256
2842
-3377
-7299
-10798
-12406
-12798
-12760
-11234
-7174
-1180
9694
21808
21598
23009
22493
19445
5903
-8366
-19445
-26416
-21188
-21454
-11242
3937
11012
15981
17906
13837
8200
4442
674
-2163
-1723
-1372
-873
-2048
-6264
-9235
-8450
-6665
-4762
1033
7008
10837
10694
6810
550
-4660
-8027
-12215
-11845
-6231
-85
5865
9251
8592
8076
5427
-994
-5955
-8936
-11404
-12158
-13002
-11840
-9329
-4411
3280
17199
22675
22504
22798
20567
13447
-3823
-14234
-24690
-24047
-20330
-16052
-1228
9783
13574
16031
15164
9032
4428
907
-2282
-2461
-1416
-1557
-1585
-4609
-7523
-8785
-6300
-4608
-691
5496
9233
9974
6662
918
-5168
-8089
-10520
-11933
-7649
-452
5115
9463
9738
8428
6389
1849
-4308
-7286
-9606
-10959
-11720
-12360
-10391
-5624
-485
14084
22207
21937
23835
21493
16482
-886
-12026
-23664
-24327
-20363
-18253
-2201
9301
14342
15599
13834
9248
4363
588
-2681
-3241
-1622
-837
-1792
-4569
-7379
-8224
-5663
-4403
-288
5502
8462
9063
5439
-725
-6089
-10080
-11308
-11062
-7509
-1026
4615
9115
9017
7932
5944
1656
-2798
-5615
-8027
-9193
-9988
-11178
-10389
-7221
-1964
9695
22197
22468
23784
23030
18709
3028
-10561
-21242
-25539
-19718
-18974
-5959
9303
14108
15958
14663
8194
4068
1207
-2163
-3071
-1128
-748
-63
-3475
-7824
-9070
-6368
-3896
-1148
5413
8571
8734
5286
-850
-7446
-10545
-12367
-11801
-6484
-752
4101
8574
8416
6375
4784
68
-4170
-5828
-7721
-8252
-8574
-10199
-9637
-6025
-2381
7497
21487
21656
23295
21516
19612
4869
-9403
-19340
-25579
-17522
-17455
-6769
8618
14709
15656
14613
8635
2960
515
-1744
-3078
-124
367
984
-1939
-5880
-8712
-7153
-3590
-1836
4828
7989
8384
4742
-539
-7074
-10390
-11772
-11251
-7075
-10
4851
7223
8610
5070
3263
213
-5485
-7468
-7697
-8890
-8747
-8626
-9502
-6703
-1359
7792
20633
21223
21673
20272
19650
5070
-10412
-18508
-25849
-17818
-16679
-6937
8048
14659
14894
14043
9038
2914
900
-2277
-3723
-291
1283
1981
-993
-4697
-6509
-5745
-3127
-1923
3768
7631
6816
3280
-1469
-6608
-8851
-9760
-9568
-5913
1327
4737
7135
7406
4361
2442
-771
-5578
-7081
-8102
-9384
-8879
-9264
-8921
-5922
-1079
10667
23003
20941
21274
19130
18693
2798
-11140
-19665
-24742
-17094
-17257
-5066
8644
13860
13581
11119
7692
3089
1243
-1287
-3878
-510
1081
1768
-2049
-4398
-6193
-4261
-2198
-1260
4050
6349
5925
1112
-3220
-6995
-9312
-8616
-7274
-4147
2148
5418
7064
7440
4961
2329
-671
-5449
-7774
-9052
-10288
-10344
-9689
-8573
-3548
767
12543
25640
21723
21056
16196
16168
1212
-11628
-19181
-22813
-13355
-15046
-4220
8736
12569
12314
9115
4846
1905
1497
-107
-2516
-457
401
1416
-2536
-4701
-5613
-3308
-1845
-601
3040
5154
3530
-1334
-4897
-7675
-7687
-7541
-5886
-3328
2935
4564
5932
5907
4426
3512
379
-4382
-6400
-8609
-10313
-10964
-10887
-9341
-3601
2141
13744
25855
21249
19815
14868
13734
-1291
-11115
-17780
-18815
-9573
-11405
-1201
8569
10740
9720
6529
2850
990
1366
674
-1255
1254
698
1023
-2891
-5210
-4874
-2202
-1788
-261
3211
3739
2700
-2082
-6239
-7283
-7558
-7023
-4607
-3576
1348
3250
3857
4278
3865
3738
1624
-2664
-4492
-8427
-10574
-12280
-12853
-11079
-5515
810
14757
26177
21488
20325
15320
14290
-2806
-10858
-18710
-17575
-8015
-10093
1755
10751
11529
9202
5641
965
-178
898
-5
-423
2182
2390
2726
-1986
-4040
-4787
-1492
-1864
-706
2818
3193
2410
-2060
-5875
-6966
-7159
-5935
-4908
-3158
110
1036
2688
2260
2631
3877
2513
-1534
-3089
-7547
-10250
-13004
-15047
-13546
-7354
-293
15016
25620
23449
20634
16961
14147
-4016
-11080
-20477
-17070
-9278
-9048
3393
12137
13445
9665
5871
1178
-1506
574
-828
-472
3127
2596
3253
-92
-2710
-3451
-457
-2491
-499
2587
2504
1600
-1675
-4993
-5349
-6202
-5117
-3958
-2645
-502
-407
1514
1254
1540
2588
2846
-510
-2162
-6530
-8905
-12424
-15096
-15202
-9517
-2821
14265
23809
22595
20885
17830
15935
-3460
-9868
-21858
-16830
-10696
-11590
2815
11313
13334
10983
6452
1840
-459
-345
-2182
-1555
1693
2862
3167
8
-734
-1769
986
-1804
-1015
1391
2053
845
-2430
-4163
-3908
-3998
-3570
-3062
-2190
-210
-599
-300
79
900
1834
2359
272
-974
-5514
-7499
-11197
-14011
-14703
-10234
-3621
13470
21958
21293
21263
17789
16192
-2449
-9025
-20734
-16839
-12042
-11895
1541
9224
12355
10355
6478
3829
1399
900
-1613
-3122
112
1141
930
-916
-827
-1288
1861
-1424
-441
1168
812
-248
-3107
-3788
-3102
-3321
-3363
-1710
-1184
-15
-646
-971
741
999
1231
1583
-275
-1307
-4983
-6736
-9386
-11394
-12106
-10252
-4053
5268
21244
20391
21455
17259
18154
5691
-6694
-13954
-20841
-10167
-14329
-4649
6565
10159
11420
8444
4895
3373
2389
345
-2607
-1537
-982
1810
-1562
-1370
-1503
-857
-735
-1684
569
1329
1507
-3095
-2789
-4341
-3762
-4601
-3177
-2550
-1160
-24
-1157
299
521
1215
1171
381
-1500
-4138
-6437
-8436
-11420
-11661
-10844
-5238
2498
18999
21012
21616
18702
18409
10445
-5696
-10513
-20347
-10198
-12568
-7330
4559
8690
11046
8532
5930
4577
3925
3543
-386
-540
-993
327
-1310
-3171
-1818
-1558
-1053
-1846
844
1474
2316
-2305
-2964
-4358
-4561
-5765
-4298
-3122
-1602
-90
-1993
467
97
594
642
-821
-2128
-3767
-7628
-7797
-10272
-11384
-11106
-7696
-1768
10144
21542
19295
22391
16267
17433
1831
-7422
-14614
-16539
-8685
-11837
-257
6082
10119
10090
7564
5426
4506
4353
2493
722
1806
660
1320
-2270
-2539
-3122
-2659
-1641
-440
2573
3579
1423
-1589
-4605
-4970
-5265
-6013
-4805
-3635
131
-1313
-199
-1094
995
1100
-926
-1883
-3129
-5355
-8190
-10637
-13097
-12744
-10531
-4519
2577
18668
19377
22303
17521
16279
8546
-4475
-9095
-18513
-8029
-10670
-4850
2877
6984
9321
7450
5721
4660
4931
4890
2454
3626
2472
1522
103
-2473
-3894
-4585
-647
-1403
2752
3723
2682
1028
-3852
-4852
-5320
-4634
-4894
-4554
-636
-1467
-403
-353
26
1506
458
-1720
-3051
-4019
-7914
-8825
-11971
-13773
-11384
-7577
-1360
6871
18903
19846
20526
13254
13840
2697
-4235
-10733
-15459
-5424
-9325
-2428
3192
6940
7220
6270
3881
3090
4267
3984
3383
4799
2495
3413
138
-2552
-5441
-3559
-833
472
3887
3324
3972
-866
-3844
-6245
-5129
-5124
-4517
-2657
-1561
-395
404
1339
1366
1843
-1333
-2349
-3461
-5648
-7882
-9022
-13131
-12878
-10205
-5469
181
11458
19644
19260
17020
11475
11515
-738
-2100
-13068
-8132
-4016
-7288
903
2479
6851
4203
3749
693
963
4364
3347
4013
4679
3166
3955
-1293
-4393
-5263
-2609
378
1550
2729
3073
1967
-2709
-6219
-6245
-5375
-4447
-4311
-2751
-883
516
1376
575
2594
776
-1679
-1928
-3923
-5321
-7602
-10069
-12627
-10634
-9232
-4131
-144
9850
17381
17918
14492
8494
11889
2665
810
-7500
-4252
-3132
-2404
-314
-673
7243
2758
1988
-820
-1466
2004
3448
2918
3437
5633
5676
-1130
-2258
-4506
-1671
700
1017
1016
1353
2458
-3755
-5417
-7095
-6596
-5655
-5102
-4215
-564
2968
1373
1937
528
-797
-1346
-2667
-3490
-3963
-6117
-8538
-9806
-10137
-8278
-6003
-1403
4523
12317
15049
11212
8667
11897
6375
4821
1401
-1472
581
1535
-267
477
5272
1881
1573
-1663
-3028
-794
1475
1985
3393
5329
5454
1716
-99
-1396
-759
741
-376
-712
-356
1109
-1217
-3874
-6524
-5989
-6917
-6624
-4610
-895
1464
1488
842
-1866
-1494
-2798
-3705
-4065
-4624
-5541
-6050
-6197
-6375
-7036
-5268
-2464
-1526
4242
7189
8028
7508
8021
7713
7681
7181
3449
4011
2855
2810
4019
2310
3883
3114
782
-1032
-1980
-1334
663
2770
760
2264
2365
1414
323
175
-822
-916
-2110
-2147
-1104
-1139
-1792
-3958
-4180
-4643
-3127
-2197
103
864
1221
797
-1176
-1556
-2803
-3061
-4073
-5797
-5528
-5571
-3901
-4085
-3629
-2859
-2542
-2430
-2943
-1624
671
1425
260
810
1127
3919
5001
5101
4358
4020
3919
4991
5377
4425
5989
5953
4738
5174
5473
4855
5341
2784
2622
2703
2521
1610
-289
-2263
-3283
-2943
-4814
-4264
-4745
-3911
-2486
-1953
-1115
498
1572
577
1124
-738
-1421
-1656
-3195
-3924
-5741
-6071
-6953
-7045
-6163
-5507
-5505
-5004
-5497
-5539
-4465
-3362
-1232
989
3374
2696
3408
2475
4252
6741
4495
4209
3273
4613
5745
5045
4809
6872
8492
7561
7446
6085
5952
6531
4001
2933
3608
2422
1832
-1814
-2855
-3255
-5301
-6545
-9536
-6906
-4601
-2499
-1651
-610
843
388
-354
-2108
-1445
-1714
-2177
-4365
-5068
-4620
-5970
-5798
-5717
-6081
-6485
-5877
-6681
-5349
-3728
-3115
-1028
1115
3317
4949
5609
2814
4124
5028
4862
4758
3024
3036
3236
4068
4509
6877
8747
9237
8442
6438
5660
6049
5489
3825
3260
3760
1714
577
-1961
-4425
-4100
-8153
-9590
-8234
-6483
-3790
-2742
-1830
-1256
-545
-685
-1548
-404
-1402
-2446
-3709
-3510
-4576
-4598
-3208
-5257
-5367
-7202
-6719
-6348
-3781
-3962
-1799
1380
476
2396
3513
3907
4173
4002
1328
2796
5075
4453
3943
1393
1285
4746
6770
7417
8836
10212
8339
7809
5185
4577
5259
4457
2984
2026
2095
-1156
-2093
-6306
-7870
-7927
-8909
-7120
-5802
-3064
-1561
-1796
-1507
-935
-283
-633
-1170
-2295
-2250
-2983
-5230
-3243
-4084
-4975
-6502
-7789
-7527
-4859
-3518
-2382
1809
1168
2392
2034
1121
2351
2850
2591
2376
2151
718
1528
1582
1403
3244
2928
4254
6373
8411
8632
9043
8512
7443
7484
5673
4908
5122
4823
786
79
-2655
-4615
-4536
-6822
-6978
-5340
-4769
-4159
-3415
-2945
-810
-1186
-1465
-2806
-1900
-1370
-2516
-3935
-3520
-2358
-4462
-6068
-7409
-6693
-5460
-4839
-3553
80
2596
3500
2673
1217
1695
1705
666
-661
746
1114
1402
-340
-3059
-502
1690
3749
3290
3958
5241
5656
6929
6612
8241
9317
9283
7089
6843
5825
2551
702
-2516
-3532
-2574
-4102
-3737
-2220
-1635
-1510
-3070
-2615
-2301
-1335
-3250
-4082
-2092
-2822
-3246
-3865
-3396
-3181
-4673
-7194
-7941
-6885
-5390
-3609
-1561
-216
1387
2638
1231
1527
2028
2324
1714
290
-877
-1506
-1678
-3438
-1015
634
564
249
-624
2543
4664
4624
3621
4637
7231
10285
10136
9392
9796
7854
5078
1661
-501
454
554
-1091
-1283
-571
1062
137
-516
-1846
-1907
-2835
-5146
-4535
-4959
-5137
-5180
-4419
-4727
-4541
-5320
-7127
-6278
-5948
-4490
-2202
-1482
-666
1510
1724
594
1016
1711
3156
2482
1579
-144
-1794
-2321
-3783
-2669
-1834
-1379
-639
8
-577
-854
39
1764
5293
7179
7946
8703
8453
7430
6634
4379
3800
4155
2443
3507
3255
2454
3933
1819
1623
1659
391
-739
-2104
-2338
-3033
-5145
-7504
-6553
-5742
-6432
-6969
-8225
-6702
-5132
-5535
-3961
-2244
-1705
-1075
-155
-590
1480
2714
3634
4169
2440
2266
-153
-244
-1224
-960
130
-1009
-1839
-3333
-2514
-4105
-2918
-1750
-463
2645
3478
4846
6646
7729
5633
3586
1128
814
3064
3927
4978
6407
7237
6790
6378
4281
2791
2597
-430
-692
-438
-1951
-2786
-3777
-4387
-5639
-6640
-9780
-9320
-7580
-7450
-5093
-3426
-2193
-2062
-1311
-1791
-896
336
868
2846
3010
3431
2036
1112
1473
356
1245
1068
606
147
-152
-1664
-2716
-2383
-4426
-2331
-1676
14
2593
2506
2392
759
-674
-1714
32
1201
3007
3752
3605
5257
7576
8479
7364
7422
5028
4062
2785
-98
-764
-1178
-1069
-2523
-3231
-5092
-5726
-5570
-7337
-6776
-6147
-4060
-3693
-2607
-1520
-1408
-340
-607
212
1380
1629
1096
1269
967
2065
2642
1633
2321
1974
1223
394
-879
-923
-1457
-1468
-1503
-1302
223
-811
-1719
-2618
-3371
-3160
-3479
-2948
-1220
881
1342
1426
3157
6883
7357
6653
4910
4375
5711
4288
2428
2065
3531
2607
1014
-1101
-2490
-1918
-3802
-5049
-3852
-3103
-2167
-1511
-1789
-1475
-1628
-3133
-3295
-2442
-2173
-1391
-735
-350
1215
2342
1582
1685
1407
2044
2033
679
943
397
-130
-112
-1466
-634
-202
-1849
-2444
-3399
-3856
-3143
-3120
-4132
-2243
-1888
-1560
-485
355
2834
4320
3846
3015
2844
2282
3094
1998
1759
2542
2102
3357
4321
2832
3033
1290
-816
193
-1334
-989
1364
876
652
233
-2823
-2566
-2166
-4602
-3273
-3394
-3006
29
-655
-395
565
1289
1789
1763
653
689
1194
64
-122
-520
395
248
-1912
-2235
-3035
-2928
-1970
-2463
-1972
-207
-514
-1191
258
22
531
1127
-181
-240
-40
-2372
-1795
-631
-1145
36
-441
1955
4804
4996
3637
1638
771
1709
3196
3237
5291
5145
3689
2269
-768
-2552
-2232
-2711
-3272
-1279
-1762
-316
393
-663
577
463
1163
-47
65
-388
-259
357
-702
-120
-660
-1234
-1713
-2307
-2570
-2422
-2649
-1751
-1026
-460
-279
-229
545
1041
1108
1422
842
-106
-1399
-2717
-4365
-4104
-3802
-4423
-1198
-536
622
2294
1170
524
-116
257
2410
5758
5676
4244
2526
1451
1687
1144
1269
1441
1954
1622
1069
-539
-983
1137
765
2075
2586
1017
2481
1346
-380
-772
-1458
-1629
-1909
-1910
-2342
-1089
-868
-2743
-2323
-2452
-1980
-629
-1353
-698
791
681
1261
1122
753
450
-940
-2688
-3809
-3190
-3309
-2079
-522
690
1310
348
-570
-2028
-1310
-900
-549
555
1230
919
421
-890
-1032
2197
3272
2702
2300
997
505
1579
1889
2372
4204
3969
2271
2965
1295
729
1868
-185
664
702
-293
716
-17
-77
-1598
-2667
-2608
-2478
-1144
-1094
-629
-353
31
152
-86
513
198
-741
-2188
-3809
-3558
-3434
-3015
-1406
270
1445
1425
956
-647
82
-6
-995
-757
-1166
-1439
-1991
-2727
-3671
-1799
-1700
-1424
439
1041
1254
-159
-1265
341
3266
3816
2669
1754
1274
2857
3483
2041
3250
3216
2933
3498
1434
859
1824
195
-72
402
780
2359
2513
1539
453
-162
-1206
-973
-1378
-1757
-1958
-3026
-3470
-4272
-4354
-4321
-2650
-1122
-942
932
943
1413
2188
1302
857
-67
-682
-1946
-2385
-2402
-1388
-557
412
308
-78
288
-1283
-2648
-2693
-2299
-2086
-645
535
1057
578
-302
-494
1550
2314
1648
1653
2156
3359
3853
3013
1890
2354
2707
3571
3738
3191
3351
2983
1439
1538
1293
181
336
-1752
-3224
-3435
-4590
-5353
-3687
-2785
-2351
-980
-889
809
1206
517
265
-531
-1075
-1551
-2030
-2130
-67
-19
809
1278
-35
667
702
-94
-782
-686
-1049
-1485
-1414
-981
-1366
-2120
-3411
-4582
-4302
-3040
-2035
-245
1623
97
-157
550
1179
2671
3072
2908
3438
5229
5676
4834
5290
4302
3162
2602
24
-716
-439
-628
-465
-589
-744
-255
375
-45
515
152
-131
-199
-562
-1743
-2452
-2430
-3718
-2542
-2065
-853
994
885
234
985
1361
1026
1815
716
81
56
-770
-871
-683
-1525
-2519
-3763
-3952
-3643
-3159
-1756
-2161
-2361
-2959
-4648
-3804
-2024
566
2890
2682
2166
2316
3706
5043
4318
3066
1777
921
1511
2217
3233
3872
4041
2633
2666
1728
1678
2954
2441
2748
2553
406
-572
-873
-3628
-3517
-5049
-4939
-2356
-1646
-1322
-467
552
445
1239
515
404
1470
605
-112
-257
-313
-859
-2242
-2809
-2779
-2666
-2170
-2261
-2014
-1484
-3335
-3856
-3544
-2646
-556
-518
-891
-545
-63
-910
-1438
-2385
-1217
-162
-1580
-1657
-213
2176
4330
4189
4009
4177
4632
6296
6438
6599
6950
5734
3232
2738
31
-416
-24
-2136
-1051
-385
-1039
-841
115
-640
236
-270
-1836
575
-40
-1109
-948
-1367
-665
-1222
-2180
-2042
-815
-988
-1271
-1961
-1553
-943
-2399
-2481
-2212
-1139
-363
-1114
-1855
-104
391
-1228
-2235
-3337
-2670
-3047
-4870
-5037
-3501
-2680
-2544
-1174
547
3840
4726
3935
4016
5168
7061
6085
4328
2314
2558
3792
3437
2739
2858
3403
2702
1385
848
1094
2153
1389
1310
2073
543
-119
-1437
-2096
-2791
-3268
-3146
-2177
-755
-1575
-1988
-2000
-2912
-2892
-2751
-2530
-698
-50
-754
-480
63
200
118
-1686
-2851
-2448
-3233
-3399
-4171
-3755
-3178
-4190
-3194
-2623
-476
1184
1641
1061
1384
1228
-128
-102
-1095
786
2304
2159
1956
2340
4250
5612
4219
2796
3402
4331
5839
5626
5666
5658
4121
2243
1015
-133
-615
115
-438
1035
1122
-410
-375
-2295
-3697
-4166
-4622
-3404
-1860
-1363
-1407
-304
-10
113
-942
-2463
-2483
-3268
-3285
-3124
-3189
-2754
-3754
-3509
-3461
-2249
-913
-107
1210
1267
2021
678
-281
-1378
-1867
-930
-503
-891
-842
-656
-461
-68
-260
1619
2810
3669
3700
3465
5291
6272
5994
4115
3442
2975
4374
5349
4463
4970
3785
2064
369
-1614
-2972
-2036
-1941
-1298
-209
-893
-246
81
-642
-1508
-2956
-3826
-4401
-4292
-4007
-4383
-3690
-4358
-4536
-3773
-3304
-1797
-1017
339
182
681
1173
154
-775
-1910
-2140
-1552
-744
-1436
-904
-439
-172
525
548
794
1056
1069
-87
188
-392
-134
821
629
2664
4606
5038
4559
3861
3875
5627
4521
1916
903
-43
1725
2289
1402
2383
3256
2458
2068
1558
-208
709
-1270
-3103
-2222
-3109
-3141
-3093
-4554
-4382
-3985
-4412
-3462
-2436
-838
-846
-882
-882
-1081
-1261
-2208
-1823
-1273
-1547
-1415
-1098
-580
464
491
374
180
-211
-214
-78
-50
335
796
1115
1537
2625
3684
4056
2692
1374
1499
714
-52
-1114
-1274
458
982
373
249
2428
5150
5696
4678
2741
2407
2804
2064
243
-93
-96
-780
-1153
-2242
-1937
-762
-1005
-1887
-506
-1040
-1491
-1159
-3218
-2947
-3375
-4117
-2917
-2863
-3337
-2874
-2432
-2065
-537
382
-61
121
-469
-805
-971
-1087
-525
947
1762
2047
2912
3668
3696
2522
2137
1699
1004
467
-935
-1705
-538
-581
-1172
-616
-314
511
1365
328
138
1475
1053
351
-977
-1678
341
1759
1119
423
563
507
2049
1905
1253
2001
1163
192
234
-1242
-2115
-689
-1993
-2326
-1711
-2714
-1823
-1145
-1753
-1735
-2594
-3226
-2481
-2668
-2886
-2259
-702
1241
2548
2976
4038
4620
3268
2591
1468
1084
1487
286
-445
-109
338
552
296
1075
2199
2742
2010
849
670
363
-751
-2578
-2865
-2858
-3058
-3010
-3348
-2053
-1597
-780
4
132
999
304
621
2322
2711
1824
892
-382
447
1243
51
392
1384
1610
2024
-435
-2776
-1738
-2741
-2770
-2563
-2295
120
2719
1813
1614
2113
601
2132
977
-414
1175
1011
739
698
608
815
1061
1200
1372
2918
3044
2123
1770
814
-203
-1988
-2619
-2454
-1768
-1345
-1496
-1019
-1619
-2087
-3029
-3221
-3020
-2883
-2787
-2971
-2385
-2268
-2436
-2757
-2101
-1046
222
-325
-490
1298
3258
3436
1328
-402
-1873
-935
-530
-633
869
3229
3928
4101
3985
1244
2738
2713
717
2124
1008
1126
2094
1489
1112
1203
639
1077
2750
2464
1819
2214
1728
1122
34
-1943
-792
-382
-776
-815
-604
-977
-1338
-2448
-3390
-2478
-3268
-2864
-2687
-2440
-1347
-1686
-3170
-3362
-3402
-2945
-2155
-2336
-965
-542
-1431
-2751
-3234
-3483
-3432
-2824
-1228
296
1727
2205
2780
5183
4467
3473
2175
423
1760
3112
2908
3510
4195
4503
4850
3537
1977
3289
4845
3863
3968
3442
2398
2274
-624
-1933
-1059
-1074
-293
527
-456
-992
-927
-2018
-1881
-2130
-2671
-1946
-1642
-2048
-2020
-2531
-3584
-3392
-3611
-3642
-3037
-1985
-1163
-828
-1049
-1762
-1792
-2559
-3341
-2866
-2108
-874
35
-66
6
-501
-1280
-1988
-2652
-2730
-1971
76
1940
2937
3153
3062
3707
4687
4764
4319
3724
3444
4981
4902
4202
3256
2707
3279
3179
3162
2408
3010
2080
1016
1149
113
-25
-542
-1358
-1622
-1699
-2157
-2226
-2545
-3112
-3494
-2945
-2505
-2088
-1479
-2753
-2420
-2661
-3275
-3026
-3272
-2510
-1654
-1194
-1323
-737
-622
-666
-901
-1476
-1850
-2381
-2595
-2747
-2133
-794
161
328
899
411
900
897
-77
172
585
939
2487
2953
2034
3205
2298
3548
5552
5102
4047
2876
1985
3217
4784
3376
3786
3570
2704
3018
1246
-529
540
-555
-1188
-29
-1711
-1102
-1186
-3183
-3008
-3648
-4480
-4106
-3138
-2515
-1214
-1041
-1360
-857
-1193
-1471
-2623
-3030
-3977
-4432
-3888
-3306
-1496
12
757
1132
666
616
665
171
505
281
684
560
660
708
754
1434
1056
1279
983
513
175
-76
443
733
1474
2486
3228
2620
1425
845
1508
3624
2908
1838
1405
1579
3522
2967
1248
986
399
-219
-552
-2085
-1538
921
733
845
959
-926
-484
-1474
-3801
-4523
-5450
-5718
-4674
-3065
-2866
-1095
-164
-682
-368
-917
-1632
-851
-41
-690
333
284
337
1254
1232
1112
1958
2122
982
1278
461
692
1299
631
318
705
1003
525
399
-555
-778
-733
-1483
-1235
-991
-379
-595
-706
-328
-222
-337
-1189
-1590
-358
2330
3444
3382
2733
1885
2733
2920
616
-121
-642
-1164
-670
-782
-1312
590
1319
99
1100
-378
-911
-262
-367
-980
-913
-1617
-1389
-30
-582
191
1360
2051
997
151
-850
-872
532
-160
-426
218
804
1231
671
-89
-439
-548
-836
-1325
-887
-408
-630
-1489
-2278
-2928
-3132
-3043
-3526
-2062
-1577
-855
173
107
921
433
410
-335
-261
-320
-529
-705
-1260
276
2297
3993
3058
2600
1678
1612
2542
1981
2604
2948
2766
3330
2844
1368
1173
1492
1439
1373
252
-684
-147
-44
-534
-450
-801
-1053
346
-555
-891
86
-103
334
-47
-890
-1148
-1184
-2546
-3944
-3746
-4210
-3477
-2652
-2094
-806
-504
86
-192
218
169
-338
145
-544
-1055
-1829
-2916
-2781
-1679
-654
169
242
228
663
-131
-693
-591
87
1421
2037
2924
2933
2663
2523
3289
3836
2472
1822
1685
2588
3834
2674
2547
3418
2427
2994
2272
445
1206
1035
319
953
-92
-592
-350
-2035
-4042
-4389
-5327
-5101
-3575
-2894
-1322
-831
-123
-411
-651
-809
-1674
-1201
-2002
-2503
-2415
-3036
-3181
-2525
-1847
-1319
-230
258
1145
1234
136
-103
-161
-28
36
1039
1919
2360
2416
1544
1236
555
-667
-814
-698
-568
-215
57
1649
2630
3139
3021
1660
2034
3538
3511
3335
2263
1948
3136
2428
318
-532
-1158
-1705
-1040
-1994
-1116
342
489
759
490
-1192
-1482
-1080
-2196
-2474
-2817
-3818
-3050
-2720
-3059
-2259
-1496
-1093
-167
51
-1001
-464
-857
-807
-606
335
1533
2669
2836
1919
2034
1270
705
412
57
-276
66
-265
-29
189
286
873
966
550
140
83
333
4
-252
-427
-1244
-1339
-1394
-1240
-1326
-1483
-1710
521
2461
2889
3050
2315
2009
2794
2471
1277
2046
1156
225
-236
-1933
-2229
-1272
-1568
-1057
-65
-922
-1271
-1282
-2863
-3070
-2603
-2179
-171
1208
1216
1416
1702
632
371
150
-287
350
383
-17
434
625
1046
1564
1528
1723
1955
1700
1303
649
-122
-543
-1857
-2747
-3285
-3347
-3456
-3804
-3797
-3547
-2495
-1451
-1090
-855
-434
-554
-90
-57
1015
1844
1371
902
129
1170
2389
2638
2599
2947
2940
3465
3301
1956
1842
1421
1621
2376
2129
2080
2288
1573
292
-157
-1602
-1985
-1726
-2440
-1540
-1131
-1391
-722
176
-22
489
1373
1800
2562
2386
1426
705
-599
-2758
-3462
-3567
-3333
-2738
-2216
-2372
-1831
-1655
-2559
-2336
-2680
-2928
-2340
-2331
-2237
-1560
-1766
-2124
-2267
-2324
-2106
-1204
-655
665
2137
2277
2771
3002
2795
2551
2765
3001
4659
6818
6614
6157
4537
3041
3596
3106
1798
1360
1203
1053
1616
174
-815
-388
-928
-584
28
-1
-75
230
-1045
-2471
-3624
-4597
-3700
-2608
-2922
-2144
-1336
-1130
-175
-655
-1397
-1836
-2543
-3626
-3457
-2942
-2776
-2338
-2521
-3121
-2949
-2996
-3188
-2787
-1587
-558
281
824
597
799
767
461
464
953
1438
2356
3037
2994
2770
2769
2646
2671
2749
3008
3507
3504
3283
4235
5211
4974
4794
3637
3625
4581
4353
2951
1890
-124
-1492
-1560
-2716
-2815
-2131
-1934
-1907
-1105
-2432
-2602
-2197
-3601
-3856
-4107
-4252
-3272
-2828
-2770
-2595
-2119
-2536
-2633
-2584
-2642
-1234
-874
-766
-373
29
-187
3
-454
-459
183
402
725
902
1295
1026
944
308
12
144
305
595
1056
1396
1206
1629
1922
2456
3139
3682
4423
4484
3356
1536
357
506
1774
2537
2212
1738
1479
2024
2255
1397
947
178
-1279
-1926
-2526
-3253
-3133
-3411
-3602
-2801
-3075
-3909
-3754
-3972
-3556
-2850
-2694
-1697
-458
-127
-3
168
123
574
542
456
324
670
549
-105
-337
-422
-7
-17
-144
125
855
965
1182
1461
1982
2394
2253
2422
1982
1453
108
-1278
-1512
-1586
-1272
-697
-522
310
1222
1368
1551
2067
2094
1358
-77
-1179
-939
314
842
91
-504
-1123
-546
-250
-752
-923
-652
-572
-408
-534
-621
367
539
141
255
-108
-279
68
-124
50
235
-306
-450
-213
-92
36
663
686
372
727
703
1294
2161
1776
1884
1878
1243
438
-577
-907
-934
-644
-635
-690
-169
162
277
175
-34
-160
-558
-1660
-2569
-3038
-3158
-2939
-3161
-3056
-2927
-2413
-2214
-2163
-1592
-797
-428
-160
-213
742
2799
3106
2610
1817
1367
1997
2462
1996
2689
3151
2626
2447
1034
282
878
1059
1006
823
338
179
941
725
487
1060
1115
1255
706
-319
-607
-202
-575
-621
-430
-622
426
684
536
491
295
-231
-696
-1152
-2080
-1958
-1944
-2580
-2765
-3417
-3875
-3738
-4004
-4189
-3892
-3414
-2935
-2376
-2397
-1795
-962
-704
-565
-534
-498
365
1404
2021
2563
2337
2106
2836
3566
3386
3401
3109
2995
4058
4184
4053
4517
4284
4162
4099
2982
2183
1921
929
805
693
-477
-431
-879
-1367
-936
-795
-436
13
90
-293
176
-386
-1030
-1351
-2421
-2808
-3504
-3848
-3676
-3254
-2867
-3025
-3133
-3196
-2966
-2524
-2203
-1591
-1247
-1017
-1059
-1638
-2336
-2639
-2516
-2312
-1792
-1628
-1389
-521
-240
-201
346
680
1082
2008
2973
3732
4516
4189
3721
4014
4604
4805
4392
3677
3201
3737
3681
3092
2865
3007
2625
2952
2113
1305
1598
985
438
13
-628
-1729
-1896
-3365
-4097
-3593
-3876
-3192
-2548
-2672
-2685
-2320
-2498
-2084
-1476
-1468
-1084
-937
-1515
-1700
-1963
-2678
-2708
-2589
-2705
-2305
-1756
-1362
-861
-808
-955
-821
-511
-245
17
396
318
350
416
275
968
1419
1454
1551
1370
1504
2174
2530
3342
3712
3609
4029
4592
4620
4248
3879
2959
3563
3358
2181
1735
895
473
1
-671
-1573
-1363
-1700
-2067
-1648
-2143
-1604
-1510
-1763
-1834
-1945
-2373
-2592
-2659
-2715
-2342
-2066
-1992
-1875
-1906
-2231
-1987
-1463
-896
-603
-55
-16
-2
-16
-752
-973
-1003
-735
-187
505
634
201
-349
-821
-1199
-795
-252
72
860
933
1270
1599
1313
803
1032
1310
1409
2098
2028
2013
2056
1424
1561
2148
1994
1629
1873
1893
2919
3286
2059
1746
1390
1033
848
-52
-843
-522
-799
-1428
-1634
-2227
-2374
-2416
-2636
-2135
-1565
-767
-96
-286
-135
-432
-689
-588
-1016
-672
-73
72
106
-658
-1517
-1923
-2074
-1675
-1092
-696
-377
-16
110
-97
-682
-1148
-1199
-1295
-1643
-1789
-1528
-1275
-1067
-1186
-1118
-590
-407
-56
527
1240
2299
2464
2692
2770
2517
2438
2324
2519
2665
2644
2108
2131
2119
2194
2187
1744
1650
1482
1436
1677
1206
868
684
-180
-556
-1078
-1300
-1065
-1055
-1413
-1596
-1857
-1976
-1742
-1434
-916
-679
-446
-624
-471
-603
-1125
-1407
-1869
-1810
-2213
-2476
-2446
-2124
-1765
-1710
-1695
-1680
-1260
-1508
-1171
-700
-323
-274
-682
-694
-484
-333
-478
-573
-628
-6
520
906
938
1127
1699
1821
2360
2479
3027
3930
4640
4515
3917
3342
2585
2425
2433
2732
3200
3073
2364
1433
604
-92
-349
-473
-605
-375
-221
-437
-519
-899
-1452
-2068
-2611
-3182
-3334
-3292
-3372
-2521
-2029
-1843
-2018
-2323
-2659
-2408
-1843
-1559
-799
-620
-526
-651
-1045
-1428
-1543
-1432
-1419
-1197
-762
-1022
-1425
-1554
-1723
-1148
-731
-85
544
984
1297
1394
1805
2059
2075
2434
2920
3553
3916
3688
3106
2772
2987
2931
3034
2942
3088
3682
4076
3910
3698
3121
2147
1288
132
-999
-1857
-2498
-2497
-2235
-2117
-2162
-2469
-2685
-2838
-2657
-2418
-2177
-1643
-1180
-906
-795
-1007
-1210
-1338
-1566
-1919
-1783
-1822
-1973
-2138
-2322
-2086
-2023
-1771
-1304
-1203
-834
-389
-448
-660
-1055
-1165
-556
39
59
366
694
505
384
205
230
787
1662
2302
3197
4047
4553
4819
4257
3947
3510
3020
2376
1459
1161
1227
1532
1411
1271
1022
80
-396
-531
-867
-700
-807
-825
-743
-1027
-1314
-1525
-1749
-1797
-1804
-1944
-1851
-1978
-2013
-1922
-1961
-1415
-799
-137
-101
-375
-728
-1018
-1311
-1643
-1337
-1183
-736
-533
-440
-653
-875
-1128
-1197
-1063
-1090
-650
1
764
1097
1373
1450
1373
1181
738
453
34
-140
-16
795
1740
2709
3130
2859
2654
2471
2422
2623
2662
2552
3010
2791
2233
1844
1266
752
598
90
-292
-415
-996
-1125
-1564
-1864
-2013
-1971
-1824
-1860
-1607
-1472
-1409
-1748
-1864
-2022
-1829
-1636
-1463
-1018
-1244
-1453
-1710
-2025
-2238
-2153
-1817
-954
-105
126
272
398
240
-305
-852
-1649
-1978
-1750
-1386
-634
162
544
654
311
16
252
724
1353
1772
2443
3127
3583
3578
3412
3351
3605
3494
3255
3275
2789
2501
1743
1201
1098
747
551
392
484
278
-161
-593
-857
-904
-1271
-1793
-2440
-2728
-2889
-3284
-3435
-3309
-2715
-2441
-2239
-1937
-1458
-748
-473
-32
222
256
-333
-990
-1678
-2011
-1725
-1272
-579
-352
-140
-310
-628
-425
-304
-11
-172
-224
343
909
1329
1115
934
967
1682
2327
2749
3128
2996
2577
1936
1304
883
1028
1366
1921
2431
2554
2573
2294
1782
1113
331
-100
-785
-1241
-1189
-1267
-1364
-1195
-1421
-1735
-1660
-2030
-1657
-1374
-1790
-1549
-1363
-1561
-1551
-1794
-2109
-1726
-1526
-1339
-582
-111
68
-343
-859
-924
-699
-770
-883
-474
6
420
102
-72
189
349
605
522
635
908
740
262
111
-133
-371
-4
183
1100
1719
1803
2190
2233
2245
2214
1652
1255
1207
780
745
762
926
1565
1470
1191
1265
1115
858
579
223
188
499
324
-25
-76
-356
-327
-381
-721
-587
-287
-581
-1309
-2009
-2445
-2436
-2610
-2512
-2096
-1786
-1652
-1585
-1319
-951
-729
-725
-538
-238
-131
-374
-930
-1364
-1405
-1274
-1094
-929
-480
-1
803
1342
1499
1551
1483
1296
969
711
743
892
1154
1767
2084
2465
2680
2390
2048
1706
1682
1557
1116
714
181
169
272
581
761
891
1040
889
575
-89
-820
-1593
-2105
-2786
-2899
-2642
-2509
-2261
-2054
-1957
-1973
-1979
-2186
-2074
-1895
-1876
-1658
-1762
-2030
-2042
-2113
-1625
-706
-306
240
788
1339
1966
1993
1647
1044
750
514
615
1139
1379
1837
1825
1563
1715
1448
1072
1038
1059
1174
1186
1010
970
1167
965
945
1266
1344
1730
1995
1765
1556
913
-85
-853
-1549
-1750
-1235
-780
-301
210
151
42
-116
-471
-784
-1100
-1364
-1272
-1229
-1623
-1873
-2094
-2441
-2422
-2593
-2294
-1333
-690
-46
122
-19
-281
-546
-757
-861
-214
481
1179
1760
1805
2034
2059
1688
1167
706
480
572
349
229
178
252
346
617
969
1084
1581
1848
1619
1154
540
-168
-588
-776
-633
-219
198
544
932
989
919
622
541
439
154
-283
-620
-574
-873
-758
-932
-1237
-1225
-1213
-748
-331
-215
-453
-682
-1211
-1718
-1977
-2220
-1965
-1549
-983
-395
-156
-73
-52
-256
-487
-510
-676
-299
-246
-250
-44
23
275
553
1019
1433
2050
2202
2099
1523
688
217
-248
-861
-830
-533
-412
307
801
1216
1542
1333
1053
1055
614
243
200
123
-71
-110
67
290
350
71
132
451
775
455
-47
-508
-1106
-1500
-2014
-1852
-1434
-875
-389
-139
-69
99
3
-530
-581
-1031
-1082
-1205
-1396
-1048
-1151
-1080
-978
-470
106
675
1199
1391
1431
1276
795
391
346
389
519
642
871
1374
1924
1985
1776
1544
1394
835
137
-213
-456
-446
-717
-721
-331
-32
317
316
265
424
573
272
16
-592
-1108
-1310
-1405
-1321
-933
-419
-25
396
670
601
179
-305
-786
-952
-1026
-1029
-776
-361
-330
-446
-441
-273
218
471
457
509
473
19
-324
-466
-535
-273
-531
-471
152
980
1612
1652
1799
1928
1891
1153
535
285
109
49
-41
309
379
597
480
370
470
353
169
-125
-843
-1405
-1748
-2128
-2087
-1981
-1652
-971
-244
327
508
321
95
-233
-683
-799
-921
-1011
-581
-561
-600
-505
-320
-61
189
173
25
169
-119
-561
-831
-1030
-604
-415
-284
201
587
1036
1159
1074
931
993
493
181
192
144
654
684
861
821
804
1111
1558
2131
2061
2054
1527
758
226
-464
-882
-1116
-922
-573
-305
101
340
361
270
184
-486
-734
-966
-1158
-958
-1026
-710
-568
-902
-829
-589
-194
-39
-211
-133
-186
-380
-835
-1241
-1429
-1326
-1017
-638
-291
76
19
-56
-39
-131
-238
-292
-285
-322
49
86
359
645
667
790
691
961
1222
1566
1652
1321
894
329
60
-311
-549
-320
392
1204
2042
2359
2324
2033
1208
664
280
148
325
180
203
-60
-432
-464
-560
-433
-387
-643
-571
-527
-759
-1287
-1696
-1771
-1911
-1680
-1364
-962
-283
-8
-413
-877
-1230
-1586
-1619
-1397
-1153
-673
-261
-142
-133
-67
56
246
620
806
1180
1549
1471
791
33
-497
-911
-628
-487
116
827
1406
1653
1584
1358
724
493
410
520
856
881
723
719
603
374
380
702
967
1228
1034
568
234
-205
-554
-501
-573
-575
-184
-61
-67
-134
-154
-368
-608
-1172
-1453
-1336
-1333
-1149
-932
-605
-245
50
64
76
203
77
228
453
543
268
-387
-968
-1488
-1626
-1440
-1164
-607
-33
402
611
606
227
178
-55
-185
-21
-231
-48
-14
-163
-109
-41
109
516
669
760
780
480
16
-277
-253
-265
-87
465
1083
1451
1497
1148
693
369
21
-333
-132
-16
-126
-21
267
577
688
778
863
1129
1216
1031
868
780
528
73
-463
-1053
-1344
-1337
-1208
-1067
-652
-385
-405
-171
-320
-566
-864
-1136
-1124
-1053
-950
-1069
-1065
-1009
-943
-694
-399
-74
254
295
23
-340
-749
-826
-690
-723
-377
149
544
736
548
307
150
38
-80
-187
-127
-68
-48
157
419
762
1275
1592
1969
2052
1813
1885
1859
1706
1702
1365
960
797
404
112
40
-24
86
328
341
243
345
14
-434
-667
-1150
-1072
-977
-1042
-967
-928
-918
-742
-694
-734
-591
-947
-1466
-1599
-1394
-1387
-1341
-1287
-787
59
148
-51
-126
-72
-265
-560
-919
-1026
-867
-1048
-973
-661
-516
-177
27
311
774
1059
1366
1731
1817
1860
1829
1639
1520
1518
1524
1545
1653
1717
1798
1787
1591
1591
1541
1189
933
618
481
72
-211
-547
-618
-558
-648
-641
-552
-396
-735
-1187
-1751
-1922
-1794
-1585
-1529
-1082
-618
-491
-492
-810
-923
-1072
-1176
-1112
-935
-931
-1096
-1002
-1005
-1138
-958
-913
-666
-366
-351
-334
-587
-596
-206
2
19
76
262
531
792
811
1002
1261
1585
1645
1684
1882
1993
1987
1579
1525
1366
1167
1249
1281
1498
1539
1406
1317
1171
1134
728
87
-441
-837
-1057
-1153
-1005
-822
-646
-635
-859
-848
-1029
-1429
-1752
-1893
-1788
-1600
-1393
-1307
-1322
-1273
-1076
-1191
-1040
-979
-985
-863
-891
-658
-471
-333
-443
-239
-110
-32
61
128
492
753
827
1077
1550
1556
1476
1108
998
933
874
1037
965
1343
1579
1635
1789
1903
1984
1576
1095
983
932
997
1038
1024
1000
984
543
240
179
-196
-311
-497
-1005
-1301
-1531
-1521
-1578
-1655
-1732
-1768
-1725
-1692
-1692
-1757
-1987
-2451
-2302
-1966
-1586
-1391
-1454
-1170
-1074
-940
-729
-464
-428
-168
217
448
803
764
536
372
262
48
245
309
648
1334
1329
1275
1286
1319
1187
796
596
810
1037
1060
1083
1484
2052
2018
1832
1623
1775
1781
1538
1259
1116
866
627
370
32
180
414
517
152
-21
-463
-905
-1416
-1793
-1699
-1684
-1711
-1987
-2074
-2366
-2405
-2597
-2565
-2156
-1890
-1470
-1227
-782
-358
-364
-418
-688
-863
-746
-550
-279
288
481
573
679
513
275
-111
-275
-149
217
402
660
836
1070
1174
1208
1218
1376
1551
1690
1629
1359
1250
1213
1252
1168
1543
1860
2085
2062
1880
1890
1570
1154
577
392
519
467
116
-167
-253
-546
-734
-1187
-1204
-1027
-991
-967
-1089
-978
-1149
-1399
-1700
-1939
-1844
-1799
-1573
-1003
-661
-500
-385
-330
-432
-791
-1223
-1423
-1358
-1260
-1000
-876
-495
-187
-164
-300
-505
-370
-207
-282
-477
-319
-89
-9
-180
-14
413
963
1380
1454
1927
1976
1631
1229
1043
1296
1370
1344
1149
981
951
873
627
374
575
665
754
790
852
881
705
408
20
-141
-293
-434
-507
-130
106
284
345
-117
-429
-963
-1475
-1830
-1779
-1691
-1636
-1267
-904
-745
-978
-1075
-1139
-1104
-1197
-1370
-1555
-1436
-1394
-1584
-1703
-1399
-944
-619
-350
-132
-16
-94
-147
-164
278
453
607
655
585
884
1084
1297
1288
1220
1568
1705
1850
1961
1802
1641
1544
1276
1124
1257
1643
1610
1697
1899
2108
2369
2007
1577
1092
675
379
92
-63
-182
-269
-356
-382
-432
-547
-920
-969
-953
-1304
-1518
-1696
-1846
-1905
-1977
-2117
-1926
-1570
-1286
-1153
-1148
-1196
-1357
-1329
-1430
-1378
-1269
-1206
-1133
-1051
-1007
-842
-635
-416
-48
21
322
555
500
391
404
370
290
538
875
1056
1348
1594
1793
2166
2096
1770
1421
1292
1020
959
1097
1341
1607
1846
1634
1438
1543
1341
1283
1154
990
819
650
220
-158
-458
-672
-698
-794
-960
-896
-994
-951
-1017
-1143
-1323
-1430
-1584
-1775
-1945
-2188
-2162
-2128
-1867
-1669
-1480
-1370
-1097
-896
-1124
-1314
-1474
-1523
-1475
-1114
-631
-236
275
509
578
805
928
786
698
803
868
793
598
741
1021
1066
1133
1248
1411
1526
1585
1521
1512
1437
1277
1045
993
1081
1140
1033
933
949
1039
1089
1054
1094
1012
676
351
166
-333
-596
-1009
-1320
-1231
-1485
-1456
-1271
-1155
-892
-767
-1110
-1411
-1684
-1853
-1779
-1870
-1618
-1124
-958
-783
-616
-401
-148
-130
-408
-506
-451
-453
-461
-481
-336
-28
222
258
511
832
1089
1191
953
809
634
471
489
597
661
683
731
754
836
868
938
1073
1391
1576
1665
1608
1298
1021
743
605
574
686
944
1048
1041
984
652
329
-73
-501
-1001
-1093
-1141
-1088
-995
-833
-628
-442
-251
-327
-353
-547
-736
-832
-1122
-1289
-1389
-1489
-1390
-1363
-1108
-985
-664
-395
-432
-448
-547
-530
-470
-505
-630
-506
-428
-678
-629
-578
-521
-386
-272
54
467
570
550
605
316
133
80
160
384
874
1215
1359
1531
1341
1169
995
726
560
242
25
292
629
901
1114
1194
1381
1307
1043
715
290
47
-86
-304
-551
-744
-597
-516
-448
-406
-419
-254
-348
-694
-958
-1055
-1001
-971
-960
-989
-1080
-1125
-1152
-1341
-1385
-1412
-1256
-927
-501
-302
-438
-485
-693
-961
-1056
-1070
-898
-158
494
791
1160
1158
1053
958
639
403
246
290
452
755
903
1369
1806
1965
2107
2060
1916
1639
1413
1398
1322
1151
998
1106
1090
1069
1057
1091
1131
987
894
590
273
166
26
-41
-102
-280
-561
-722
-830
-1069
-1297
-1591
-1549
-1311
-1253
-1346
-1520
-1784
-2091
-2222
-2256
-2322
-2015
-1393
-941
-627
-307
-356
-486
-903
-1174
-1407
-1371
-1099
-852
-401
154
751
956
1199
1170
1017
955
790
709
724
862
764
796
1141
1239
1519
1699
1706
1867
1822
1717
1480
1337
1040
860
838
961
1196
1162
1062
558
250
-166
-278
-297
-154
-116
-339
-574
-1232
-1817
-2272
-2465
-2445
-2139
-1643
-1170
-855
-881
-1158
-1594
-1918
-2161
-2091
-1713
-1392
-964
-556
-309
-35
129
210
247
307
339
317
224
123
256
333
352
405
393
662
962
1112
1150
1147
895
878
786
555
661
806
1028
1150
1164
976
1038
993
735
667
755
790
830
830
550
184
-64
-458
-542
-424
-184
251
362
309
136
-246
-782
-1237
-1668
-1839
-1748
-1556
-1322
-978
-613
-214
62
-69
-122
-142
-213
-293
-343
-373
-296
-129
-91
55
167
295
461
558
393
235
42
-105
-156
-2
-39
29
211
354
504
647
694
601
743
887
1017
977
804
461
173
31
-41
-150
-60
225
540
918
1054
1010
590
288
-112
-332
-402
-519
-319
-64
142
104
157
220
163
161
75
-224
-453
-769
-856
-818
-837
-817
-690
-619
-649
-586
-614
-591
-602
-681
-754
-926
-993
-1019
-1060
-856
-616
-610
-458
-264
-374
-432
-372
-341
-122
-93
-188
-465
-455
-468
-514
-146
145
468
749
922
1066
1133
840
425
120
39
116
345
477
598
1064
1364
1585
1664
1614
1501
1399
1174
1092
917
805
810
776
699
729
818
611
439
288
-19
-355
-747
-893
-924
-913
-1072
-1000
-820
-862
-911
-972
-903
-785
-727
-545
-307
-363
-645
-899
-1188
-1288
-1383
-1400
-1274
-829
-408
-90
159
19
-241
-459
-672
-727
-454
-302
-74
207
496
681
870
945
1021
1162
1083
1177
1152
968
992
1038
900
872
1249
1576
1563
1496
1393
1346
1197
878
658
421
371
381
168
-46
-122
-171
-373
-264
-231
-370
-454
-570
-605
-738
-923
-1037
-1083
-1080
-1117
-1171
-1282
-1278
-1377
-1405
-1555
-1704
-1854
-2031
-2004
-1971
-1804
-1490
-1114
-830
-742
-564
-385
-305
-150
-149
50
182
281
409
545
913
1140
1271
1667
1865
1846
1941
1853
1789
1727
1537
1615
1622
1602
1517
1286
1169
1095
1015
1076
1229
1273
1281
1120
900
748
352
40
-115
-197
-185
-154
-310
-383
-606
-915
-1099
-1419
-1692
-1828
-2042
-2236
-2274
-2275
-2054
-1942
-1915
-1864
-1683
-1545
-1632
-1617
-1426
-1247
-1188
-1123
-979
-699
-405
-190
16
130
436
714
753
958
1140
1381
1658
1662
1437
1302
1210
1319
1414
1505
1634
1663
1720
1650
1501
1362
1471
1375
1348
1321
1331
1496
1432
1358
1272
1018
810
560
15
-436
-634
-697
-678
-735
-886
-933
-820
-908
-1050
-1134
-1320
-1371
-1552
-1606
-1728
-1850
-1763
-1604
-1845
-1703
-1437
-1211
-1003
-848
-678
-473
-460
-517
-439
-432
-191
-16
115
119
202
129
85
296
356
530
680
625
659
662
756
708
766
1038
1367
1460
1385
1221
1111
1210
1112
779
424
223
156
392
367
373
524
578
576
347
209
243
195
39
10
-222
-319
-364
-672
-866
-978
-887
-715
-521
-368
-321
-463
-708
-817
-706
-730
-660
-550
-535
-572
-791
-973
-1069
-944
-832
-580
-460
-414
-340
-452
-634
-574
-468
-146
378
659
732
678
525
520
431
352
228
174
274
509
755
629
620
698
893
941
1067
1119
1160
1063
875
725
584
497
354
215
179
376
362
426
368
197
33
-78
-67
85
94
67
32
-117
-298
-540
-616
-658
-582
-500
-565
-650
-626
-815
-1100
-1214
-1256
-1034
-787
-587
-312
4
52
-291
-460
-593
-656
-775
-863
-779
-783
-680
-742
-641
-431
-150
97
219
563
760
753
548
482
464
437
468
635
896
1078
1083
1021
896
753
927
884
790
1039
1321
1317
1089
850
662
359
167
90
153
261
368
377
275
113
-179
-492
-676
-671
-605
-446
-398
-257
-61
-228
-521
-768
-1040
-1195
-1417
-1483
-1338
-1113
-1175
-1384
-1396
-1262
-1019
-744
-490
-611
-625
-513
-480
-539
-456
-355
-340
-299
-94
211
371
554
808
1009
939
909
1050
1233
1711
1989
1940
1981
1812
1424
1183
1061
911
903
1050
1131
1003
873
604
288
131
154
154
194
394
615
625
547
147
-232
-553
-920
-976
-1014
-973
-1079
-1051
-1160
-1199
-1269
-1272
-1182
-1117
-1058
-1065
-1076
-1162
-1347
-1519
-1517
-1468
-1404
-1286
-1122
-1041
-870
-801
-807
-729
-446
-153
322
624
725
863
978
951
813
902
1082
1145
1394
1418
1287
1240
1206
1219
1040
1034
1165
1421
1541
1512
1293
1160
1003
733
656
465
306
68
-217
-447
-608
-723
-607
-548
-482
-378
-280
-204
-376
-510
-770
-937
-963
-916
-922
-1144
-1267
-1168
-1175
-1226
-1367
-1446
-1394
-1393
-1210
-1056
-895
-758
-557
-395
-294
-206
-208
-150
-167
-176
-113
-9
71
284
486
612
622
694
885
1123
1331
1528
1717
1758
1624
1402
1129
947
942
948
965
967
948
929
840
789
659
588
618
656
621
577
442
247
221
212
146
-73
-99
-113
-247
-374
-593
-881
-1054
-916
-898
-936
-920
-980
-931
-837
-837
-891
-1034
-1043
-1072
-1073
-1099
-1029
-929
-940
-817
-775
-702
-465
-221
64
267
355
509
403
370
321
281
233
169
83
108
179
325
431
532
709
864
863
913
948
1019
1220
1039
944
888
796
651
589
456
398
337
157
13
-33
-5
-47
-172
-138
-50
142
61
-140
-229
-286
-429
-587
-666
-724
-734
-781
-804
-1011
-1107
-868
-758
-526
-466
-424
-505
-408
-306
-535
-624
-755
-722
-844
-1016
-1071
-964
-826
-683
-506
-430
-381
-163
13
184
504
547
670
726
706
793
928
990
1214
1462
1307
944
810
728
821
1037
1047
969
1033
945
702
547
425
295
152
-69
-179
-320
-390
-174
-199
-106
-249
-310
-310
-248
-78
130
286
338
182
-102
-426
-563
-675
-832
-745
-814
-887
-852
-801
-750
-707
-665
-674
-798
-711
-697
-503
-359
-386
-296
-349
-237
-183
-102
140
339
432
505
544
522
692
825
838
1018
1176
1308
1313
1065
1062
927
895
675
507
457
316
349
258
353
97
58
245
127
113
174
243
258
152
46
-133
-131
-145
-303
-487
-665
-533
-484
-602
-624
-659
-754
-708
-497
-498
-693
-809
-942
-863
-863
-862
-883
-812
-753
-669
-786
-873
-747
-502
-401
-353
-114
77
322
592
526
498
499
359
288
227
293
390
453
573
594
633
636
656
813
867
992
1095
1061
907
863
692
601
568
433
219
2
-62
-69
-254
-194
-204
-181
-212
-385
-351
-362
-383
-398
-594
-708
-740
-853
-812
-887
-874
-809
-713
-712
-713
-752
-732
-590
-456
-341
-246
-99
-24
96
56
62
-18
-61
-100
-141
-59
35
20
19
48
156
339
460
713
722
794
831
747
866
835
713
669
645
595
694
637
629
485
478
559
504
522
474
466
409
345
164
76
81
89
-1
-66
-186
-310
-275
-412
-592
-584
-479
-356
-213
-298
-526
-639
-568
-595
-664
-628
-648
-643
-663
-750
-797
-774
-812
-678
-547
-383
-191
-79
59
208
323
333
368
364
360
411
469
455
295
245
331
369
241
213
427
600
680
668
644
764
835
663
553
463
355
322
211
78
39
58
1
90
90
15
29
-19
-40
-30
-134
-192
-210
-246
-293
-436
-576
-667
-656
-707
-725
-817
-754
-724
-665
-602
-625
-621
-522
-379
-293
-237
-268
-212
-194
-171
-101
-156
-211
-122
17
37
2
73
62
73
42
7
180
184
250
239
186
206
158
132
283
271
337
543
544
514
466
447
502
557
689
688
772
757
628
530
414
314
196
7
-140
-186
-249
-302
-254
-200
-258
-327
-369
-435
-406
-348
-385
-387
-481
-385
-231
-28
94
-135
-210
-104
-134
-221
-201
-17
-22
-55
47
79
-64
-124
59
86
9
-118
-217
-312
-400
-517
-447
-330
-206
-105
-115
-11
15
132
263
362
448
607
567
569
560
462
453
464
339
252
414
503
506
463
409
475
521
292
174
323
222
21
72
-9
-42
-133
-374
-336
-292
-235
-231
-318
-381
-375
-369
-336
-224
-121
27
100
61
-140
-326
-350
-402
-406
-324
-275
-350
-335
-278
-298
-259
-215
-143
-175
-174
-234
-133
-60
-138
-161
-109
-29
-26
-79
-159
64
258
342
410
474
587
578
536
505
334
254
164
52
20
2
99
56
70
26
-74
-29
-4
-48
33
20
-69
-81
-126
-154
-306
-245
-311
-207
-222
-170
-155
-306
-396
-465
-443
-351
-182
-135
-39
63
213
45
-138
-207
-117
-127
-313
-477
-400
-292
-337
-271
-78
-8
102
162
239
233
250
339
279
282
432
405
204
181
179
342
431
474
448
427
419
426
360
357
398
305
172
141
197
263
275
265
297
383
343
342
361
321
58
-106
-238
-256
-322
-301
-323
-292
-154
-119
-116
-200
-314
-464
-330
-292
-253
-326
-463
-380
-246
-300
-291
-187
-108
-132
-163
-73
50
111
-20
-136
-169
-74
-67
-43
4
101
60
-17
-81
-157
-95
-50
-74
-194
-77
17
171
246
224
224
179
141
143
131
176
275
294
378
302
266
241
236
323
386
299
288
227
36
-10
-35
-37
12
-149
-323
-444
-593
-561
-515
-346
-338
-262
-95
92
15
-120
-53
-146
-164
-282
-319
-217
-91
-45
-54
-179
-120
-88
-213
-59
-14
80
133
121
90
50
-8
54
40
33
159
194
265
262
225
37
-101
-54
125
334
525
660
825
736
468
350
311
282
257
166
82
-84
-206
-300
-459
-522
-435
-270
-246
-256
-81
64
-37
-145
-361
-400
-392
-311
-385
-398
-241
-195
-253
-337
-217
-126
-25
28
58
111
-48
-148
-233
-264
-247
-132
-29
19
-14
8
74
192
317
268
115
65
185
187
96
54
-21
-112
-24
21
182
197
117
23
42
100
172
-2
-157
-65
-74
-15
-22
166
433
433
445
293
169
120
164
300
231
135
16
-48
-119
-137
-126
-32
121
0
-125
-122
-33
69
127
-1
-153
-264
-247
-114
-35
132
308
227
248
346
259
98
-80
-108
58
94
64
242
258
172
124
150
14
9
196
287
247
95
-177
-285
-171
-127
-252
-328
-180
-41
102
7
-101
-32
-32
-74
-152
-222
-134
-144
-116
-145
-261
-144
-117
-270
-316
-369
-414
-337
-305
-302
-404
-445
-439
-278
-186
-197
-175
-83
114
134
146
51
-62
80
159
222
305
385
424
455
374
333
320
240
326
275
21
-119
-300
-218
-143
-22
239
359
336
310
208
136
118
4
-61
-168
-209
-266
-219
-196
-16
167
213
270
305
296
173
39
-56
-136
-272
-198
-270
-276
-378
-540
-453
-317
-266
-263
-206
-202
-229
-325
-388
-315
-238
-72
2
18
178
143
71
175
351
360
346
257
181
293
221
212
230
347
333
322
348
286
306
377
374
497
494
254
116
100
206
239
132
-126
-107
-68
-50
45
116
37
-37
-172
-214
-290
-331
-317
-261
-170
-157
-111
-16
110
50
-75
-117
-266
-367
-299
-291
-218
-55
-65
-206
-240
-237
-225
-226
-240
-43
108
-60
-212
-216
-287
-152
-111
50
55
-41
-5
24
-41
-103
-110
-72
22
75
81
159
371
390
504
478
329
300
312
363
401
378
269
239
193
177
138
93
-65
-128
-141
-149
-160
-152
-211
-355
-333
-481
-474
-438
-369
-313
-304
-424
-374
-347
-233
-113
-91
-172
-211
-186
-209
-198
-256
-185
-126
-119
-176
-255
-239
-141
37
62
86
54
38
96
41
110
348
384
495
619
574
511
461
482
555
612
543
515
569
431
301
162
232
338
369
405
313
136
106
-80
-155
-114
-83
96
60
-43
-168
-165
-118
-152
-121
-114
-94
57
34
-229
-359
-203
-105
-104
-55
38
117
16
-70
-97
-92
-238
-264
-225
-364
-326
-278
-382
-306
-249
-232
-160
-290
-322
-334
-166
-128
-219
-289
-243
-128
47
12
-89
-15
163
147
150
263
302
397
376
282
157
286
386
529
464
336
52
84
127
-76
-120
-82
29
64
49
-196
-285
-174
11
15
-26
-27
-7
6
-85
-158
-198
-43
-59
-59
-101
-85
-57
-145
-158
-184
-178
-32
-82
-68
5
-68
-115
-250
-210
-135
-86
-26
-21
91
98
31
-98
-245
-161
-214
-95
3
14
209
279
322
264
183
142
170
172
88
207
195
224
189
122
101
-28
88
35
-9
117
173
277
194
219
236
119
126
25
16
46
81
100
-28
-107
-205
-322
-320
-320
-177
-280
-254
-310
-404
-290
-356
-370
-310
-210
-241
-194
-178
-346
-263
-352
-379
-444
-389
-219
-124
31
108
159
132
-40
-124
-352
-145
188
304
479
358
385
410
479
548
444
530
483
534
412
334
322
131
368
507
537
504
512
525
389
423
382
133
164
95
2
118
121
30
-182
-298
-344
-368
-329
-88
-102
-93
-70
-286
-388
-530
-679
-653
-603
-503
-405
-396
-364
-324
-239
-199
-157
-201
-36
24
-92
-173
-242
-45
-24
-52
-23
82
387
395
243
99
-29
-14
-17
142
254
309
310
479
528
391
370
450
462
454
353
318
172
127
113
-4
187
323
324
232
219
162
77
25
-173
-202
-146
-307
-401
-580
-520
-509
-437
-363
-430
-437
-531
-558
-565
-651
-769
-795
-504
-384
-455
-422
-459
-382
-408
-402
-246
-162
-29
-120
-55
-148
-132
-37
25
149
144
300
351
334
286
70
69
71
255
412
312
304
266
351
342
414
453
542
605
665
681
493
288
75
-46
9
153
215
356
409
279
190
196
224
206
102
84
95
-20
-204
-383
-260
-61
127
71
-1
156
152
87
-15
-65
-110
-107
-58
-108
-94
-249
-305
-273
-231
-102
-30
57
151
226
317
107
-70
-173
-152
42
27
91
172
166
150
38
-51
-28
-29
68
100
11
60
210
100
97
146
121
68
82
92
-8
19
-97
-191
-191
-205
-304
-318
-367
-351
-116
-10
-24
-15
-113
-156
-194
-244
-363
-468
-431
-393
-327
-286
-218
-292
-354
-386
-415
-390
-393
-432
-390
-315
-323
-196
-104
32
28
43
-45
-138
-111
-113
65
81
132
201
145
105
70
119
211
305
278
336
442
520
456
541
565
451
388
347
325
195
172
235
215
112
115
118
160
174
218
330
308
359
239
60
-33
-37
89
109
137
110
182
110
-66
-201
-255
-227
-188
-101
-199
-312
-295
-148
-144
-203
-305
-352
-413
-356
-323
-396
-512
-524
-481
-440
-302
-169
-102
49
54
32
-6
16
101
68
173
250
401
316
365
414
468
459
405
488
556
656
489
338
339
276
253
176
109
89
125
297
236
184
139
8
29
82
-136
-163
-240
-243
-65
-39
-96
-179
-194
-166
-264
-436
-377
-438
-408
-436
-596
-666
-568
-589
-580
-452
-425
-250
-211
-96
-41
-91
-111
-163
-116
-149
-121
-112
-256
-146
-100
-111
-39
7
266
539
640
498
486
428
260
317
350
340
360
407
536
469
417
243
261
328
396
439
461
400
318
260
159
53
-119
-79
-22
46
-28
-15
-294
-322
-202
-271
-323
-343
-283
-83
-169
-268
-286
-408
-337
-348
-363
-274
-370
-383
-455
-490
-571
-617
-580
-529
-484
-341
-95
78
223
307
92
-17
0
-50
-60
-27
112
117
257
148
9
85
16
155
280
384
484
470
549
413
465
364
380
489
308
315
124
111
104
67
131
108
51
-10
-82
62
107
107
-39
-75
-89
-176
-170
-311
-318
-272
-102
-125
-112
-209
-318
-229
-342
-332
-314
-518
-404
-299
-256
-241
-284
-235
-257
-190
-58
68
52
25
65
-57
-68
-115
13
163
234
330
285
333
234
169
203
108
252
325
332
381
389
381
295
310
376
328
511
506
589
649
574
485
318
252
83
113
106
183
150
33
38
-144
-142
-238
-134
-97
-164
-46
-96
-100
-122
-379
-374
-277
-162
-168
-146
-44
-99
-33
-211
-209
-180
-176
-65
-60
117
233
105
-49
-158
-251
-381
-460
-382
-297
-132
-201
-278
-412
-424
-387
-383
-257
-193
-46
-77
-202
-285
-270
-67
3
40
16
-60
63
23
-15
-16
-29
83
82
128
183
99
166
162
118
0
-43
-85
-34
76
128
330
183
23
-250
-263
-259
-271
-96
-68
4
-43
-109
-231
-114
-6
132
187
198
29
-143
-249
-289
-274
-296
-235
-125
2
-34
-28
-189
-206
-152
-128
-52
-63
-31
42
62
194
146
55
218
310
405
410
458
442
504
640
608
513
433
548
614
632
601
399
515
411
252
163
135
291
370
479
419
345
263
113
339
223
104
75
99
157
25
38
-215
-290
-310
-412
-305
-157
-30
-31
30
-44
-388
-458
-448
-538
-538
-646
-686
-825
-842
-815
-676
-538
-398
-235
-298
-204
-265
-290
-243
-312
-197
-205
-161
-89
-21
244
187
152
199
280
381
317
434
229
220
283
291
278
122
154
281
309
337
318
279
215
233
47
-191
-212
-98
-1
-77
34
28
21
-59
-86
10
-153
-220
-352
-497
-556
-617
-599
-505
-352
-482
-372
-347
-350
-338
-261
-300
-439
-371
-252
-107
-33
36
109
159
145
99
23
174
275
285
271
222
239
246
436
456
514
483
441
624
619
487
362
254
84
87
119
-54
21
160
114
50
139
345
431
419
494
628
661
431
109
-126
-104
46
69
95
-4
-9
-167
-134
-235
-308
-296
-232
-137
-137
-102
-193
-255
-177
-269
-317
-337
-355
-294
-258
-316
-267
-223
-294
-339
-279
-234
-78
104
138
226
226
158
62
143
161
77
99
84
-15
16
-21
18
86
192
235
280
244
253
232
195
158
22
103
39
31
106
75
50
-82
-117
-245
-222
-228
-22
118
75
9
-124
-261
-393
-334
-312
-255
-294
-203
-202
-232
-288
-291
-251
-237
0
5
-1
78
-10
-34
-226
-281
-330
-362
-272
-151
9
-28
-37
-132
-264
-142
-45
206
234
210
199
217
253
322
197
-58
-44
15
74
194
411
597
582
469
384
196
168
142
172
223
247
242
284
483
354
316
274
114
-23
-260
-307
-171
-63
-4
-51
-181
-271
-332
-278
-330
-225
-179
-137
-147
-211
-198
-436
-428
-281
-129
-131
-282
-101
14
79
212
135
37
123
204
113
87
129
45
-25
-55
-81
-41
35
148
5
6
-5
-75
23
60
-73
-142
-54
185
252
84
36
192
253
132
-13
107
101
12
71
-46
63
214
305
224
168
121
165
281
179
-20
-162
-6
-24
46
195
287
205
17
-145
-363
-275
-250
-45
2
35
80
-12
-165
-343
-424
-366
-342
-299
-319
-362
-229
-391
-463
-446
-307
-219
-276
-288
-193
-135
60
244
189
141
271
325
419
376
254
194
188
322
292
297
418
502
612
703
562
297
187
37
108
185
259
164
61
-31
-11
76
161
230
365
403
128
-113
-195
-120
-115
-71
-62
-85
-240
-316
-312
-222
-218
-228
-195
-281
-424
-686
-849
-778
-709
-589
-556
-513
-360
-314
-344
-451
-625
-575
-581
-585
-327
-290
-200
-84
-145
-67
8
-48
40
66
300
352
300
121
76
81
30
74
59
96
288
502
652
645
629
583
619
659
639
502
376
357
314
306
198
226
276
314
277
252
116
22
66
-94
-111
-85
-98
-37
31
49
-23
-81
-138
-151
4
24
-79
-212
-262
-189
-165
-193
-209
-176
-93
58
216
139
179
293
111
67
59
22
122
-19
-147
-31
-17
-30
2
-2
-23
38
158
95
57
53
178
113
55
12
-1
36
34
76
86
147
244
134
3
32
-6
-23
158
146
91
162
141
129
19
-76
-236
-168
-110
-328
-401
-482
-289
-234
-125
-121
-77
-175
-272
-332
-263
-185
-178
-288
-449
-400
-473
-491
-517
-488
-266
-111
-207
-283
-169
-64
-215
-237
-328
-341
-240
-114
-63
-44
51
74
188
196
134
200
351
418
507
440
180
158
122
230
375
430
628
514
505
403
197
213
219
201
-7
51
109
152
94
-71
-31
24
26
-51
-2
-21
-129
-278
-359
-294
-134
25
129
88
94
145
167
224
164
103
92
115
-33
-107
-282
-370
-210
-168
-101
-79
-135
-116
-167
-227
-64
88
-97
-100
-79
-27
181
168
247
279
221
318
319
263
120
207
368
331
373
355
347
458
474
438
269
294
362
313
271
40
-35
-63
-130
-247
-203
-257
-343
-219
-132
-125
-119
-141
-164
-289
-384
-315
-340
-362
-370
-452
-562
-526
-486
-535
-571
-555
-441
-460
-382
-372
-453
-433
-443
-454
-384
-155
-163
-256
-205
-134
-170
-74
-166
-156
34
136
313
334
289
274
338
235
256
480
543
602
588
588
446
182
-22
-2
137
240
405
552
610
474
370
277
168
167
94
201
285
200
139
39
-88
-83
-181
-230
-15
-9
-161
-243
-332
-184
-220
-355
-374
-366
-303
-252
-215
-264
-366
-488
-432
-440
-450
-281
-211
-166
-281
-237
-152
-130
-30
86
