-19
-50
-42
-58
-70
-74
-101
-65
-78
-56
-69
-140
-139
-174
-174
-216
-196
-178
-137
-78
-110
-42
-87
-112
-100
-88
-28
-34
-12
-13
-5
-20
-48
-42
-61
-28
-4
7
0
-27
-42
-96
-122
-117
-127
-77
-40
12
11
-14
-28
-44
-20
-58
-29
-4
57
86
83
95
41
25
34
16
43
62
42
32
12
15
-6
3
-11
5
28
33
16
-23
-40
-76
-64
-40
-3
1
6
3
4
0
-12
-41
-27
31
33
32
-6
61
62
21
-9
-9
0
-13
19
30
66
45
49
39
3
13
11
26
23
5
27
44
52
73
27
55
75
54
40
4
42
69
107
93
128
125
130
140
95
76
78
106
126
130
77
58
77
84
51
67
80
57
75
81
58
62
84
104
82
93
94
79
80
83
49
65
54
57
71
14
20
80
123
84
-2
23
15
25
22
-15
-13
14
6
14
-26
-34
9
-23
-31
-64
-79
-48
-26
-49
-66
-75
-99
-77
-105
-144
-165
-149
-149
-119
-122
-140
-164
-235
-205
-212
-235
-202
-201
-251
-256
-242
-250
-236
-187
-187
-243
-193
-218
-238
-193
-168
-171
-188
-138
-154
-102
-81
-74
-68
-109
-107
-108
-45
-21
-6
12
27
27
22
34
33
53
66
80
86
151
169
165
151
147
145
143
176
165
199
206
215
199
201
194
108
72
100
140
124
151
139
104
127
140
141
96
87
82
97
102
85
116
116
132
108
116
95
128
133
117
157
181
191
146
107
57
6
-7
-21
-17
2
20
-8
-5
-11
-39
-59
-84
-84
-121
-131
-147
-145
-103
-65
-25
-29
-47
-90
-141
-133
-100
-64
-39
-18
15
9
-34
-64
-91
-124
-108
-116
-139
-114
-109
-119
-92
-125
-138
-116
-42
-13
-17
-9
-63
-78
-65
-73
-41
-6
3
14
15
-10
-13
-29
-17
11
39
62
76
61
22
41
39
71
104
58
62
82
87
134
77
6
22
15
67
51
52
96
78
4
1
9
-24
-20
29
45
50
11
-9
-25
-61
-30
-16
-2
-17
-57
-87
-100
-80
-72
-97
-78
-21
-6
-43
-39
-1
16
58
108
114
91
34
25
20
36
22
28
79
95
91
63
66
81
75
74
45
20
36
16
0
38
58
70
20
-6
-52
-67
-26
-37
-48
-34
-15
-5
-3
-39
-88
-92
-84
-109
-120
-129
-105
-103
-73
-48
-73
-45
-38
-61
-130
-155
-118
-113
-102
-62
-20
-18
9
0
-18
-13
-30
-26
-29
-18
-2
16
28
47
26
-25
-39
-25
-14
-41
-31
15
63
82
56
43
45
61
-6
-73
-9
13
34
68
58
54
72
80
35
37
86
147
127
44
32
71
82
134
107
47
-4
-3
-47
-83
-68
-18
28
54
25
-56
-79
-109
-89
-51
-17
33
88
69
34
13
4
25
32
73
52
80
60
42
40
-9
7
56
103
89
26
-3
-36
-34
-38
-38
35
62
64
45
25
8
-6
-20
14
19
22
56
85
75
72
42
50
63
48
72
86
38
5
31
87
90
102
93
50
43
29
-14
-83
-78
-33
-5
-15
-13
-37
-53
-76
-93
-118
-123
-54
-20
-38
-36
-74
-112
-94
-92
-100
-108
-81
-122
-135
-154
-165
-193
-223
-210
-175
-165
-151
-149
-213
-190
-132
-136
-129
-117
-102
-115
-129
-140
-166
-90
-41
1
18
41
50
55
57
27
91
85
122
108
98
88
57
80
69
54
20
28
47
76
83
88
127
114
130
117
125
123
72
79
66
63
51
66
102
92
101
126
125
95
90
75
24
1
28
-8
-43
-24
12
26
-1
-15
-33
-59
-49
-22
-30
6
17
0
-8
-58
-54
17
3
7
1
-10
-47
-37
15
12
7
20
1
-27
8
11
1
-39
-25
14
80
86
90
77
73
78
60
132
163
212
218
214
189
173
173
129
104
106
107
109
112
112
128
146
121
83
55
4
-6
-5
17
-9
-25
-8
2
-12
-31
-33
-45
-30
-73
-78
-104
-112
-95
-92
-84
-65
-68
-132
-147
-189
-196
-210
-197
-195
-230
-242
-215
-189
-229
-211
-251
-305
-279
-276
-282
-250
-232
-167
-107
-97
-117
-133
-153
-146
-128
-120
-94
-35
-18
-20
-18
-35
3
29
48
52
54
61
58
54
49
63
26
73
59
85
90
105
96
98
121
85
113
105
119
133
183
200
208
210
191
208
203
204
174
153
135
127
120
116
96
101
95
65
54
31
63
91
64
23
25
4
13
-23
-48
-73
-90
-70
-73
-53
-100
-105
-91
-56
-74
-99
-146
-126
-90
-125
-105
-131
-132
-85
-39
-35
-57
-50
-10
-14
-15
-23
-41
9
21
10
-48
-23
60
35
1
6
63
109
117
136
111
86
59
41
16
9
41
44
71
75
60
21
21
7
31
53
55
91
81
88
86
77
99
103
96
89
59
18
43
23
26
25
32
33
33
34
5
-17
-43
-84
-120
-94
-63
-50
-29
-28
-46
-103
-130
-137
-138
-91
-36
-35
-81
-127
-133
-74
-24
27
59
33
4
-7
-31
-58
-26
-14
8
38
10
19
-13
-41
-12
-8
-29
-22
-39
-57
-65
-71
-108
-77
-18
23
32
39
4
-65
-112
-124
-114
-132
-94
-58
-28
5
-3
-20
-11
-51
-57
-46
-62
-49
-69
-44
13
-9
-19
7
-21
15
34
66
99
90
80
48
73
81
100
90
76
125
115
111
96
74
49
28
55
57
48
23
83
54
34
-9
-54
-55
-24
-1
-11
-6
10
25
47
46
48
94
89
90
68
48
63
25
0
-23
25
63
50
85
34
21
26
-17
-52
-62
-36
-21
-36
-36
-27
-35
-10
-19
-45
-16
-51
-53
-23
-29
-35
-66
-77
-63
-58
-53
-3
12
-1
-12
-12
-33
-55
-53
-37
7
-9
8
31
-19
4
4
5
-1
17
-8
3
18
59
54
61
92
100
110
110
48
-4
-1
10
18
9
32
44
49
69
10
-17
0
-9
-42
-52
-38
-30
-36
-6
3
-33
-50
-87
-60
-23
-13
0
1
14
34
41
90
51
-7
-21
-61
-103
-83
-69
-36
-18
-43
-84
-116
-146
-186
-176
-169
-138
-121
-113
-88
-80
-102
-105
-111
-70
-112
-91
-55
-18
-52
-122
-91
-75
-37
-62
-36
30
34
82
62
24
23
-7
-47
-18
29
24
36
46
55
58
20
-10
-24
-8
19
51
75
84
103
115
137
138
140
151
111
65
79
43
66
86
80
141
146
135
97
87
75
94
79
44
43
97
114
65
46
73
91
136
103
88
80
119
96
49
57
78
82
76
127
109
125
131
97
94
107
69
1
36
74
72
56
65
79
88
73
53
19
36
63
48
36
20
47
-7
19
6
0
31
25
5
-8
-28
-81
-89
-124
-120
-121
-132
-162
-174
-205
-219
-232
-254
-246
-242
-198
-185
-201
-222
-186
-176
-191
-133
-126
-152
-161
-129
-119
-134
-120
-118
-123
-133
-131
-172
-150
-160
-168
-130
-147
-124
-141
-130
-100
-113
-123
-156
-157
-132
-107
-77
-83
-73
-71
-84
-76
-77
7
6
33
68
57
44
39
63
41
52
65
54
27
24
61
33
93
107
133
145
110
128
115
154
147
162
163
189
209
225
262
245
213
187
151
165
197
145
115
97
95
98
69
64
69
153
169
122
70
30
12
11
56
44
0
21
42
70
79
86
63
68
95
73
83
81
81
100
147
116
76
110
113
122
79
18
-1
5
-17
-74
-84
-68
3
-24
-69
-101
-108
-113
-85
-40
-14
11
31
38
-26
-77
-106
-105
-52
-14
-14
8
0
-31
-49
-63
-33
5
10
-16
-50
-54
-64
-86
-105
-60
5
-16
-79
-70
-76
-79
-64
-48
-26
4
19
4
-17
-31
-47
-55
-37
9
53
40
34
-37
-95
-106
-85
-63
-61
-81
-100
-96
-78
-108
-92
-110
-105
-87
-93
-93
-102
-68
-72
-114
-121
-90
-136
-129
-138
-154
-114
-114
-109
-82
-88
-69
-60
-66
-79
-72
-69
-93
-82
-59
-30
-36
-58
-50
-51
-21
25
-5
-26
20
81
70
80
79
135
159
152
143
108
127
118
86
74
71
46
102
103
113
89
59
80
18
33
39
58
127
130
112
98
115
123
104
104
146
177
179
193
126
111
130
110
87
119
165
142
152
101
94
82
36
36
-18
-24
42
57
36
22
23
22
4
-27
-59
0
2
11
35
-22
4
-16
-28
-13
29
31
49
78
32
40
38
32
46
-8
-17
13
10
-20
-2
-10
-66
-19
-33
24
-27
-41
-18
-66
-43
-62
-40
-12
-4
25
1
-24
-57
-98
-124
-120
-68
-116
-90
-117
-128
-136
-140
-123
-142
-93
-104
-109
-78
-83
-87
-158
-156
-136
-175
-170
-162
-93
-118
-137
-148
-125
-108
-111
-65
-98
-108
-134
-121
-134
-167
-121
-150
-96
-85
-93
-106
-148
-111
-98
-99
-91
-134
-59
-33
8
-1
-20
6
-8
26
3
38
26
17
51
23
64
27
49
80
74
97
84
80
50
109
91
74
61
16
52
90
132
121
109
110
87
113
90
109
151
148
184
169
206
212
223
219
198
241
195
214
198
158
145
108
183
214
261
238
185
154
177
235
176
177
145
212
260
250
209
131
138
144
93
69
51
101
115
76
93
48
96
59
23
-20
-48
-15
-26
-3
-32
-43
-38
-55
-96
-140
-170
-157
-159
-132
-135
-151
-177
-177
-175
-155
-86
-138
-112
-173
-115
-158
-90
-233
-111
-366
77
324
166
-143
-612
-611
-186
-351
129
-128
-894
-880
-1070
-502
-229
-436
-277
-330
-448
-63
-103
194
175
179
350
207
145
338
424
520
264
-19
68
37
50
22
-225
-301
-436
-462
-281
-215
-120
-33
-44
-38
-78
41
300
321
237
125
56
153
195
209
187
-12
-117
-166
-131
-83
-126
-108
-17
-19
-36
27
143
258
246
216
233
252
322
384
431
392
302
251
279
158
78
47
-26
-79
-139
-163
-115
-92
-76
-57
-81
-62
-45
69
198
224
192
195
182
201
128
125
118
56
15
-34
-63
-92
-112
-66
5
11
50
93
154
186
189
195
247
278
290
337
315
232
159
146
146
147
44
38
3
-17
-100
-132
-172
-183
-157
-142
-132
-152
-117
-101
-83
-85
-43
-18
24
51
97
75
34
1
-33
-52
-88
-115
-104
-92
-95
-97
-104
-61
-129
-86
25
45
29
-25
-103
-60
-99
-34
16
-101
-175
-280
-342
-296
-347
-402
-426
-495
-508
-540
-520
-488
-568
-586
-629
-612
-476
-410
-396
-431
-444
-428
-170
39
275
462
376
350
329
504
724
812
694
588
313
176
202
265
215
126
-89
-176
-199
-158
-6
30
4
-39
-54
55
235
319
392
407
354
342
294
311
340
213
138
20
-118
-131
-110
-57
-124
-158
-186
-83
17
129
237
181
221
241
335
365
396
411
360
288
132
64
51
38
8
-113
-171
-211
-199
-167
-169
-126
-142
-72
22
97
129
126
153
136
166
115
117
121
74
43
-77
-129
-192
-235
-222
-290
-326
-347
-322
-250
-215
-204
-171
-106
-98
-36
-10
28
72
81
125
51
62
15
36
38
-60
-75
-125
-161
-163
-181
-148
-163
-123
-101
-69
-69
-97
-2
-10
71
98
113
132
87
90
9
-17
-55
-30
-55
-51
-72
-120
-143
-164
-181
-232
-204
-201
-192
-112
-70
-58
-49
-15
-22
-21
-8
11
73
110
51
10
-10
12
5
-9
38
38
38
54
34
33
77
70
86
157
201
215
235
256
283
290
307
337
308
270
232
205
176
81
17
-14
26
13
50
-67
10
-171
4
-153
151
-117
300
-333
774
1307
433
91
-950
-676
389
-298
676
170
-1844
-1280
-1591
-228
178
-748
-577
-411
-981
166
43
511
422
317
503
573
190
757
951
915
320
-417
-93
440
323
130
-290
-393
-521
-533
-215
-30
-32
-12
-12
277
155
131
413
437
52
-305
-414
-141
-206
-443
-525
-785
-1014
-992
-827
-410
-350
-187
854
1260
787
881
661
1543
1953
1774
2135
1429
294
291
292
502
237
-704
-1008
-1024
-1315
-1112
-861
-989
-989
-845
-773
-440
-178
83
649
612
226
262
454
661
630
32
-299
-409
-907
-913
-929
-1148
-1151
-1307
-1307
-995
-956
-706
-161
-93
-35
111
278
773
917
782
821
582
320
361
309
233
7
-340
-388
-425
-561
-496
-336
-302
-243
-271
-77
211
481
516
708
570
687
726
981
817
879
221
409
1758
667
443
-618
-916
26
-396
-379
526
-1902
-1421
-1511
-642
230
-400
-781
281
-477
340
506
540
851
860
1166
1589
1101
1049
1336
1346
1224
564
512
775
599
3
-272
-363
-357
-592
-527
-506
-446
-637
-591
-414
-544
-752
-606
-155
-220
-579
-841
-765
-801
-956
-1035
-1002
-1147
-1452
-1499
-409
199
998
1353
430
648
569
1571
3096
3001
2396
1415
264
547
1097
990
749
-125
-1395
-1318
-1348
-1366
-875
-1244
-1463
-1136
-1291
-996
-44
263
546
491
9
261
889
984
1096
594
-362
-693
-974
-1136
-955
-1375
-1668
-1943
-1635
-1040
-11
-262
-646
-750
-858
-196
731
748
555
-449
-1095
-413
-269
-186
-549
-1113
-1418
-1483
-1531
-1057
-1017
-871
-725
-457
-342
103
763
1558
1882
1684
1630
2053
2504
2623
2445
1987
1520
1065
712
709
585
370
-54
10
-162
-307
-131
75
361
377
65
436
473
336
399
108
40
-249
-664
-863
-1275
-1711
-2015
-2237
-2577
-3029
-2927
2323
3315
1546
1177
-1618
1362
3877
5278
8524
4935
-410
-649
1769
3635
3676
535
-2401
-1867
-4081
-3735
-1181
-2780
-3597
-2400
-3299
-3321
-1547
-922
2344
4113
-446
-1498
1313
2757
4339
2968
-92
-3
-1442
-2156
-821
-1617
-2895
-3584
-4492
-3931
-3435
-3062
-1462
-554
-1775
-3726
-2949
-700
1536
1836
123
-878
-1079
-1277
45
581
-570
-2235
-2040
430
1935
3358
2388
1807
2213
2001
4291
5889
6026
5291
2600
1285
1787
2623
2369
1689
-25
-2177
-2375
-2703
-1913
-1256
-2271
-2801
-2214
-2199
-1565
-464
1312
2947
2429
948
900
1758
2738
2644
2193
850
-2272
-3293
-3180
-2523
-2717
-4421
-5258
-4787
-5086
-4508
-4085
-3818
-3859
-4282
-5283
-3878
5684
7119
5024
3830
-1113
2465
5898
9500
14409
7405
-2041
-3487
1602
4084
3751
-402
-5388
-4396
-7534
-6137
-929
-3091
-4419
-2008
-2369
-4108
-919
999
6103
9499
594
-2891
2977
7164
8944
6517
445
-2117
-1940
-4749
-1532
829
-5478
-7607
-8501
-6730
-3573
-4175
-1560
230
-3584
-5749
-3684
364
3003
-151
-3539
-4493
2967
11461
8457
6965
-42
-2873
3202
6760
14363
11058
-1717
-6539
-2942
2752
2795
1818
-2981
-4075
-5560
-8126
-1273
421
-1761
-612
989
-2800
-3877
917
4203
9664
3383
-7604
-2647
5212
5756
4357
98
-4816
-3931
-5000
-5463
1200
-3532
-8591
-6957
-6222
-2722
-2359
-1991
1359
-1308
-6234
-5470
-2254
310
-1161
-5016
-6628
4522
11362
5795
5437
-1005
-1462
6001
9576
17384
12611
-2265
-6817
693
6049
3486
1441
-4982
-4810
-6469
-10275
-2515
-1542
-5606
-4286
-1657
-5473
-5421
-579
3084
10209
3220
-7882
1913
11510
8930
5948
1475
-3415
-990
-3512
-5014
1695
-6270
-11531
-7576
-5422
-2607
-3949
-4740
-418
-3228
-7001
-5404
-2177
-705
-1601
-4812
1431
15133
9948
5398
3781
-1014
5603
10465
15712
16714
2374
-9115
-5326
6268
4805
472
-4485
-8514
-4547
-8378
-4919
1312
-2797
-3543
-126
590
-1781
1978
5298
10595
10461
-2992
-2729
7180
8648
3394
-1786
-4452
-6669
-6205
-8421
-7709
-6267
-10936
-10471
-5199
-3052
-3470
-2499
-73
-228
-3024
-4164
-2288
1245
650
-2254
-3101
10990
15442
6746
4605
-1893
1907
9508
12212
17856
7828
-7421
-9612
306
6766
2582
-3496
-9132
-7086
-8822
-9248
-1617
-2110
-4854
-4455
-3516
-4003
-1540
2196
5991
10788
187
-5600
3387
8808
7401
-298
-3956
-4835
-6055
-7022
-8363
-6165
-8456
-10849
-7713
-4100
-3150
-3257
-528
657
-2388
-5287
-4437
-501
852
-1120
-3121
840
14907
12529
5835
3622
-1403
6779
12581
15416
17254
3946
-7483
-4458
4394
5469
1895
-4104
-8204
-5387
-9564
-7278
-670
-3898
-4600
-2565
-3384
-3022
1359
4118
8865
10284
650
-1344
6332
7806
4514
-992
-5083
-4849
-6345
-11545
-9735
-7693
-10575
-10937
-9234
-5307
-2617
-2222
-308
-66
-3168
-4582
-1750
354
798
-824
-676
1835
14349
15593
6333
4858
941
7252
13373
13346
17067
7203
-5959
-7614
-272
4458
1933
-3689
-9293
-7885
-11377
-9280
-199
-2218
-5531
-5658
-2863
3
3344
3885
5689
9867
1356
-3052
5696
8369
5393
-563
-5928
-5735
-6206
-10696
-6818
-4178
-9422
-12211
-10240
-3785
773
-1654
-1593
-1488
-3461
-4337
-2240
-729
-1405
-4206
-3891
-1845
4023
14847
9550
5338
1778
-1049
9081
12599
17441
16632
693
-7714
-4927
3276
6291
1977
-6553
-10290
-10089
-11872
-4013
-1170
-6843
-8010
-5565
-2453
-720
1893
4538
10520
8031
-2610
-1704
6837
11210
8732
-369
-6241
-7701
-9410
-7619
-3150
-7571
-13251
-13222
-9411
-1824
-1288
-4136
-813
-294
-2642
-3031
-1867
320
-44
-2439
-2188
-1409
457
14443
14848
7536
3457
-1914
8059
15269
17041
17693
3758
-6699
-6116
2938
6284
1905
-4005
-10301
-7887
-10417
-8653
-1083
-4805
-6898
-4303
-3958
-4695
949
5509
7491
8836
-1997
-4753
7186
12859
7997
709
-4269
-6317
-5152
-7459
-8560
-5323
-7921
-10562
-7506
-3451
-3452
-3421
402
1059
-2075
-5451
-4603
-286
196
-3587
-5641
-1411
-1675
9179
16947
7996
5118
721
6037
14786
15090
18348
10155
-1819
-6529
-2484
5501
4022
-1033
-7532
-9180
-11916
-11011
-2474
-3337
-7012
-7756
-6575
-4137
-1187
2083
4845
7416
1284
-3780
3106
8664
8053
2337
-1910
-3865
-8045
-11239
-9252
-5907
-7405
-10496
-10687
-6354
-3617
-3612
-1605
340
-2666
-5495
-5196
-2115
-969
-3019
-4461
-1667
-1562
4010
17099
12129
8206
4440
2217
12917
14588
17804
16893
1857
-6796
-4933
3826
5954
2543
-6781
-11739
-10240
-12884
-4966
-704
-7254
-8170
-5152
-4989
-2960
2490
3227
8592
8154
-2950
-771
7662
9022
6647
413
-5414
-7834
-9394
-9881
-5078
-5773
-10447
-10807
-7600
-1525
-1646
-2915
-407
-1453
-5588
-5951
-2578
-1810
-2703
-4633
-5875
-1236
-1194
8364
17068
9198
4411
445
5531
14343
17300
19912
9865
-1865
-6171
718
9921
6602
-1451
-10567
-10822
-9985
-7913
-2338
-6746
-10337
-10924
-8051
-5836
-3380
1583
3866
6075
561
-3646
2979
11659
12346
4269
-1588
-4949
-5412
-3262
-3496
-4376
-7415
-10542
-8919
-3038
-2045
-4758
-4305
-3318
-3560
-4393
-3927
-2237
-1040
-3104
-4713
-1435
155
771
14875
16984
8640
5148
586
10284
16763
16285
18023
6852
-4213
-5988
1669
6843
2276
-5714
-12602
-9014
-10111
-8820
-2914
-7972
-8972
-6248
-5382
-4727
-1105
473
4479
8576
-141
-3207
3632
7588
7600
1592
-4386
-5459
-5352
-6837
-7385
-7090
-8719
-8298
-7401
-4094
-4474
-6193
-3062
-1814
-2962
-4595
-5656
-2666
-1542
-3668
-4981
-1702
-1596
5140
17552
11977
7901
3673
3434
14280
16679
19366
16461
2967
-5433
-3323
5189
5772
1126
-7737
-12260
-10704
-12667
-6683
-4208
-9253
-10021
-8458
-8066
-5893
-47
4020
7771
4853
-3708
-452
7898
11536
7866
293
-2474
-4464
-5240
-4865
-5111
-5777
-7743
-9708
-6713
-3206
-4756
-4037
-960
-2261
-4207
-5505
-3922
-1523
-1494
-4033
-1966
-746
2024
16231
15280
8762
4533
1133
10950
16038
19190
17587
2831
-5900
-5310
3568
7493
2158
-7188
-12249
-9839
-10866
-5344
-2130
-8659
-9030
-6391
-6151
-4581
838
3537
7162
6371
-3377
-2308
7056
9668
6354
108
-3945
-4812
-4845
-5808
-5899
-7319
-9672
-9518
-5956
-2375
-5093
-6008
-2260
-1638
-3493
-5184
-5008
-2362
-2471
-4594
-4069
-289
-1141
9781
18944
10647
6490
1366
7113
18605
18562
19715
11425
-975
-5660
-128
6755
3872
-2899
-11958
-11324
-9651
-11448
-6650
-8255
-11793
-9074
-7174
-7015
-3402
627
2680
6137
2691
-1957
4060
9447
8885
3653
298
38
-598
-2560
-5351
-6589
-7459
-6767
-4986
-3227
-4620
-7434
-4642
-1921
-2719
-4689
-5249
-3963
-2098
-3475
-4816
-1807
1256
-157
10550
17940
9759
8403
4671
9053
17733
16828
19286
13102
-231
-6279
-894
6038
4528
-2358
-11318
-11707
-11392
-11624
-5455
-7536
-9602
-7043
-7209
-6368
-2602
551
3835
7839
2589
-2043
2554
8101
10215
5455
517
-664
-2075
-4855
-6418
-6583
-6401
-6416
-7651
-5898
-4916
-7686
-4787
-1587
-2973
-4931
-5558
-3612
-1062
-1809
-3844
-2363
-4
474
13789
18147
10916
7226
2526
10880
17570
17862
19212
8573
-3215
-6460
-818
5974
3085
-7251
-14892
-12805
-12599
-10122
-5125
-8446
-9197
-8078
-8328
-4511
705
2478
5370
7334
1886
248
6900
11458
10584
4684
-724
-1207
-1263
-3770
-6443
-6871
-7727
-8906
-7723
-5970
-6727
-7664
-5134
-2558
-3236
-4891
-4875
-1560
449
-3295
-4837
-2506
813
3804
15898
17162
9348
6448
3576
12790
18285
16390
18107
8518
-3509
-5893
-422
4942
1908
-7127
-14209
-11365
-11074
-9821
-4320
-7690
-9705
-8656
-7958
-4030
-517
1377
4174
6046
1996
1047
8001
11566
8530
3403
468
1019
-468
-4320
-6068
-6163
-6588
-7838
-7338
-5373
-5711
-6848
-4837
-3429
-4741
-4699
-4503
-2376
-2622
-6262
-5031
44
4219
4693
14809
17412
11866
8871
5188
13149
17939
17819
19156
7170
-5972
-8818
-1916
5550
1479
-10572
-16848
-12591
-10935
-8219
-5340
-8902
-8789
-7573
-5575
-1990
81
3308
6874
8342
4714
2049
6501
11151
9419
3690
872
-382
-2622
-5351
-7263
-6346
-6513
-8164
-8273
-6849
-7331
-8458
-4451
-1976
-3982
-5693
-6254
-1973
-1047
-2202
-1811
1448
3040
7060
18499
16424
10933
5210
4727
15207
16636
17587
14780
-36
-8283
-7421
954
4825
-2012
-12715
-15407
-10845
-10207
-6064
-4866
-8943
-8360
-6649
-4158
-1245
1376
3997
6224
6074
1741
2938
8722
10149
7274
2951
1049
-333
-3055
-6273
-6376
-5612
-6538
-7440
-7699
-6966
-7574
-6926
-2941
-3030
-5787
-6295
-4184
-358
-1749
-3764
-2709
2428
3244
7825
18949
15264
9562
3921
5556
15352
16794
18626
13631
-720
-9352
-6978
3876
6461
-2784
-14132
-14880
-9525
-8921
-5666
-5503
-8654
-7446
-6108
-4046
-1425
1436
4466
7287
6723
1669
3346
8767
11294
9003
3287
842
-941
-4942
-6605
-5601
-6056
-7073
-9250
-10417
-7619
-7597
-6756
-2614
-3804
-6550
-6295
-3407
368
-1034
-2719
138
5040
3631
12338
18847
12800
7959
2114
9583
17338
17209
17348
6615
-5376
-9378
-2715
6517
3802
-7265
-16135
-12213
-8728
-7855
-3966
-6912
-8160
-6223
-5537
-3750
-914
2255
5065
7188
3819
649
5587
10299
10841
5991
1061
73
-1423
-3507
-5400
-5936
-7035
-7753
-8494
-8633
-7508
-8097
-5701
-2238
-3784
-6912
-5756
-1204
1307
-1236
-2760
-1933
1995
2685
12737
19271
11898
4669
466
10376
16743
16943
18054
6599
-4892
-8579
-1970
8629
5416
-7132
-14996
-11010
-8613
-6370
-2754
-6235
-7313
-8057
-7357
-4074
-973
2601
5049
6283
3294
935
5464
11141
12007
5782
918
788
-1595
-4597
-5285
-5866
-6601
-7548
-10946
-10041
-6998
-8572
-5803
-1790
-5283
-7458
-5403
-1448
505
-2429
-4407
-525
2411
5500
16984
15802
9143
2566
2776
14820
18172
19131
14827
1293
-6624
-6113
4531
9219
968
-10930
-15136
-9730
-7486
-4188
-3993
-7810
-8143
-7385
-5681
-3051
821
4480
6462
5302
1980
3216
8941
12365
9893
3474
1156
354
-1842
-3835
-5934
-7174
-7949
-8771
-9822
-8911
-8396
-8296
-4277
-1729
-5062
-6653
-4980
-993
-414
-2073
-2688
-16
1848
5423
17051
15312
8447
1688
3358
15070
17199
18969
14627
615
-6728
-5506
4897
9016
575
-10895
-13645
-8626
-6757
-4440
-4560
-7269
-8133
-8385
-7174
-3799
653
4496
6087
4447
1421
2318
8782
13382
9269
2065
727
-206
-2243
-3629
-5866
-6715
-7003
-9889
-11027
-7846
-7911
-7200
-2601
-3391
-7422
-7081
-4696
-244
-165
-3755
-4849
-567
835
5656
17648
13870
6510
973
4189
15875
19121
19839
13307
251
-6978
-3779
8393
10260
137
-11949
-14498
-8732
-6220
-3896
-4658
-8399
-10439
-9943
-6949
-2547
2008
4841
4725
3329
1563
3958
10797
13295
7842
1944
1226
173
-802
-2330
-5112
-6398
-8288
-10298
-8487
-5929
-7170
-7576
-5152
-4635
-5447
-5405
-4068
-1240
-2267
-3796
-3397
256
1081
5342
17163
14375
7209
1354
4887
16734
19198
19497
13689
1081
-5444
-1365
9688
10149
-459
-12362
-12904
-6271
-5216
-4180
-4544
-8515
-9981
-8824
-6320
-2189
2031
4011
3759
2741
129
3326
10999
12423
6126
61
-325
384
-816
-3275
-5891
-7194
-9112
-10353
-8921
-6843
-7980
-8333
-5638
-5002
-7177
-7080
-3727
-1450
-3215
-5485
-5168
-620
1589
1831
14536
16092
8247
3259
4335
14680
18575
19413
16741
5532
-4713
-4039
7008
11256
2374
-10514
-13828
-7425
-5574
-4958
-3871
-8439
-11616
-9861
-6243
-2449
1735
2820
3235
4048
788
2187
9872
13035
8800
2590
-167
591
318
-1400
-2800
-5457
-9602
-10883
-8220
-4761
-5490
-8102
-7080
-5282
-6739
-7387
-3882
-1629
-3150
-6070
-6148
-3053
284
487
11679
16970
8522
2532
3517
13703
19807
19390
16023
6979
-3033
-3212
6963
11445
3296
-8979
-12784
-7604
-4632
-4496
-3945
-7547
-12307
-11547
-6489
-2316
873
1542
1574
1793
195
2111
8608
13093
8468
1091
30
2159
1219
-231
-2667
-6371
-8612
-9558
-7738
-3965
-5340
-8606
-6877
-5459
-6819
-6793
-3635
-1984
-3293
-6784
-5797
-2393
633
292
10510
18373
11202
4940
3949
13547
19742
18291
17180
10212
-1267
-3461
4557
10405
5083
-7078
-13395
-8966
-5291
-5582
-3657
-7826
-13721
-12323
-7121
-2627
258
-273
460
2300
1441
2161
7232
12247
9196
2809
448
2581
1797
-67
-2208
-5735
-8538
-9866
-7625
-3449
-4572
-9282
-8527
-6611
-7034
-7471
-4475
-2307
-3521
-7260
-6794
-3681
-109
1056
8322
18670
13620
6180
4617
11801
19012
19209
18816
13258
1566
-3546
2329
10372
7622
-4373
-12857
-10567
-5468
-4275
-3805
-7644
-13734
-13967
-7896
-3621
-1775
-1983
-656
1641
892
485
4602
11408
9959
3109
-379
1484
2311
1592
-601
-4520
-8217
-9816
-6338
-2431
-3974
-8818
-9713
-7831
-7640
-7776
-4944
-2531
-4069
-7898
-7732
-4479
-1556
1849
4912
16559
17205
8746
5584
9776
18677
19436
19049
17014
6524
-1727
163
8310
10290
409
-11053
-11817
-5560
-4534
-4104
-5744
-12773
-14713
-9230
-4364
-1707
-2085
-1776
1862
2321
520
3019
10555
10899
5267
924
1704
4365
2695
-92
-2759
-7134
-9473
-5933
-2346
-3453
-8046
-10771
-8880
-7677
-8249
-5959
-2703
-5222
-8666
-9160
-5554
-2902
1113
1961
9870
17405
12013
8467
7494
13366
17335
19127
19888
13073
1390
-2623
4833
10422
5780
-5760
-12163
-8635
-5192
-5221
-5846
-11189
-16531
-13003
-7083
-4620
-4034
-3205
2
1092
-416
993
8115
10999
7320
3049
2660
5489
4416
1718
-299
-4185
-7337
-5386
-2949
-3899
-7343
-10310
-9083
-8036
-8793
-7095
-4249
-5287
-7650
-8600
-6189
-2931
-83
2226
4906
15412
16655
12309
8282
8835
14787
18693
20157
17861
7602
-2664
502
8180
8512
241
-9131
-10772
-6363
-4819
-6109
-8089
-14230
-15533
-8828
-4980
-4716
-4583
-2199
207
-32
469
4381
8757
7763
4461
2721
5314
6176
3487
1156
-2103
-6245
-5554
-2578
-2648
-5534
-9027
-10655
-9939
-9156
-7105
-5665
-5703
-8230
-9631
-7344
-3004
-2445
-403
1787
5847
16694
17610
11345
5764
8131
14997
20151
21198
15414
3597
-2070
2451
8161
7352
-921
-9563
-10490
-6324
-6433
-7264
-9892
-15025
-13335
-8150
-6168
-5443
-2761
-217
-389
540
2143
4803
8398
8553
6022
5765
6870
5296
2941
1156
-1605
-3441
-2646
-3670
-5310
-6950
-9529
-10302
-9052
-7032
-7174
-8303
-8248
-8509
-7122
-4665
-3260
-3081
1398
2392
11613
20381
15057
7375
5513
11869
18314
21940
19828
10957
276
-2025
4247
9227
5667
-4939
-11777
-9923
-7732
-7185
-7435
-12329
-15574
-11737
-7327
-5652
-3743
-1973
-1362
151
852
2102
6336
9055
7896
5949
5505
5797
4905
2718
733
-2154
-4025
-4220
-4935
-5521
-7930
-10694
-10573
-8324
-8176
-9271
-8238
-7561
-7676
-5887
-4277
-3231
-1605
1845
3576
14461
18890
12467
6637
5277
11800
18981
21271
18213
9797
-1943
-2789
5530
10143
5407
-5871
-13360
-11109
-6818
-5813
-6515
-11540
-15101
-11040
-5995
-4514
-3557
-2931
-977
86
-441
1269
5776
9641
8681
6056
5202
5552
3839
2810
1926
-1575
-4281
-4178
-4141
-5421
-8144
-10541
-8945
-7961
-9747
-9980
-7850
-6320
-5921
-5880
-4408
-3742
-819
2259
7544
17283
16015
8896
4197
8257
16380
20993
20348
15236
4215
-3004
2218
10016
9664
-19
-10880
-12856
-7957
-5360
-5531
-8049
-14283
-14880
-8476
-4667
-4314
-4054
-2827
-1552
-1172
165
3895
9706
9854
6192
4957
5823
5814
4251
2834
60
-3484
-4904
-3794
-4284
-7245
-10309
-10836
-9455
-9586
-10445
-8995
-5859
-6371
-6722
-5244
-3456
-2133
894
3625
8109
17000
15624
9814
5913
8915
15856
20975
20862
14745
3364
-3049
3133
9848
8556
-1018
-11822
-13451
-7767
-4362
-4428
-9082
-16112
-13852
-7175
-5337
-5627
-4256
-3099
-1867
-997
452
5452
9157
8799
6467
4805
5930
6845
6068
3449
-696
-4016
-3372
-2519
-4177
-7313
-10675
-11226
-9682
-9713
-10207
-8548
-6754
-7086
-6846
-6068
-3905
-2571
437
3230
6807
15527
15563
10332
6013
8377
15650
21206
20933
15213
4306
-1944
2771
9020
8364
-613
-11724
-13705
-7360
-3811
-4610
-10149
-16155
-14137
-8152
-6087
-5635
-4571
-4062
-2420
-1787
738
5340
8735
9234
6256
5088
6646
7844
5780
2511
-584
-2576
-2467
-2055
-4249
-8091
-10472
-10048
-8631
-9001
-9279
-8410
-6300
-6641
-6583
-4706
-2699
-2230
971
3615
6338
15026
16162
11398
6189
8071
15829
21452
21095
15630
4993
-1845
1719
8164
8639
-110
-11773
-13604
-7184
-4003
-5348
-10269
-15526
-14508
-8971
-6590
-6153
-5471
-4256
-2353
-1342
1159
4522
8349
9108
6832
5464
7075
6992
4527
3077
332
-2094
-2281
-2666
-5276
-7520
-9504
-10137
-9000
-9944
-9785
-7816
-6409
-6688
-6328
-4559
-3382
-2689
-1017
2976
3916
12955
18183
13282
6504
5838
13480
20487
22173
16836
7845
-1876
-1610
7091
10581
3498
-9334
-14351
-9369
-3945
-4053
-7794
-14452
-16737
-11572
-7528
-5612
-4969
-5276
-4503
-3072
-761
3432
7643
8129
6159
4673
5345
6050
5286
3922
1742
152
-1306
-3029
-4289
-5989
-8096
-7955
-8070
-9260
-9040
-8157
-6305
-5200
-5924
-6360
-4708
-2822
-889
2907
3221
9736
17127
14439
8021
6038
11857
19480
21975
17274
9713
6
-1116
6591
10728
4889
-6354
-13237
-9821
-3485
-3429
-7720
-13335
-16672
-12425
-6558
-4985
-5748
-6395
-5069
-2993
-262
2348
5838
7566
6390
4125
3740
5713
6301
5489
3543
768
-2513
-2760
-3011
-3655
-5558
-8123
-9254
-8914
-8617
-7470
-6293
-5773
-7307
-7684
-5192
-2902
-799
526
2546
3856
13540
18433
14525
7882
7229
14343
20714
19728
15045
7836
-1045
539
7446
8784
2139
-8476
-13356
-8099
-3704
-5043
-9542
-15724
-16290
-10201
-6397
-7223
-7871
-6354
-3844
-2304
-1179
2998
6146
5836
5294
3732
4945
7723
8349
6851
3680
-1053
-2658
234
113
-3677
-6732
-9252
-8875
-8163
-7690
-7194
-7288
-8617
-8932
-6312
-3751
-2506
-1830
1338
3723
5619
15018
18959
13643
6937
8074
15325
20412
19477
15079
7142
-1047
497
7308
9159
2315
-10036
-14189
-8257
-4880
-6783
-10831
-16759
-16930
-12011
-9408
-8143
-6661
-6504
-5834
-2907
-377
2075
4939
6289
5340
5212
7675
9246
9027
6926
2954
629
1006
322
-1278
-3618
-7327
-8347
-7604
-7334
-7664
-7919
-9121
-8063
-6160
-4308
-2215
-1831
-1140
1098
4442
5177
14319
19208
14253
6856
6146
12786
19658
20449
16054
7700
-1441
-902
7791
11373
3739
-9266
-15692
-10077
-4424
-4660
-10387
-18562
-19953
-14271
-8349
-7256
-8558
-8746
-6504
-4527
-2429
1002
4704
6753
7289
6041
7465
10141
10012
8851
5030
860
349
2075
955
-2844
-6822
-8230
-6976
-6781
-7932
-8920
-8681
-7267
-5377
-3539
-2879
-3665
-2405
1196
4632
4496
11998
17435
13652
6093
5367
13421
20069
19964
15980
9528
88
-112
7696
11216
4313
-9203
-15855
-10414
-4930
-7257
-11816
-19223
-21522
-14857
-8904
-7630
-9923
-10371
-8654
-5431
-3245
1190
5944
7469
6695
5605
8638
11046
10707
9266
6665
2674
1820
3205
2127
-966
-5557
-7009
-5984
-6217
-8059
-8381
-7224
-6705
-5463
-5039
-4208
-4362
-2511
-279
2425
1870
3648
14471
16792
10482
3899
7306
15693
21142
20043
14837
4115
-3252
3141
12382
11214
-1292
-15433
-16460
-7413
-3387
-6652
-15194
-22942
-19037
-10238
-7155
-9146
-11150
-9997
-6398
-3705
-231
4258
6917
7568
7456
6584
9688
12319
11863
9962
5692
2651
4160
5321
1330
-2779
-5257
-5528
-4745
-5627
-7249
-8630
-7314
-6427
-5752
-5673
-6039
-5423
-2657
-1635
-986
-778
6402
16073
14451
6768
2598
9731
18690
21262
16807
9572
791
-563
7803
11771
4160
-9320
-16588
-11418
-4226
-5525
-12478
-20456
-21619
-14023
-8027
-7977
-11315
-12048
-7961
-3862
-1790
1764
5696
6717
6563
6925
9533
13689
13950
11386
7376
5098
5542
7691
6303
715
-4248
-4968
-2045
-2580
-6125
-9190
-9865
-7977
-6629
-7363
-7891
-7652
-6648
-4124
-2945
-1845
-769
9670
17269
12757
4387
3869
11941
19929
20982
17554
9455
-127
63
8257
10252
2030
-10607
-16291
-10207
-6268
-8723
-13433
-19258
-19587
-12300
-9624
-10333
-10605
-9303
-6152
-3894
-1732
2235
6884
7720
7982
9059
12709
15178
14093
11344
8942
8340
9411
9422
4937
-699
-3233
-2023
-989
-5115
-10476
-12600
-10833
-8707
-8473
-9307
-10380
-9901
-8032
-3869
-1612
-772
-961
9272
16603
12707
5368
5037
14216
20766
19432
15300
8391
-834
58
7316
8619
86
-12084
-17099
-11120
-6245
-8519
-11956
-19552
-20192
-12850
-8302
-7669
-10242
-9878
-7322
-3434
-449
3666
7303
7851
8882
10821
13668
15268
14821
13402
12595
10866
9318
7722
4160
482
-1066
-1821
-5337
-9954
-12699
-12148
-9955
-9926
-12133
-12381
-11572
-9042
-5967
-3558
-4131
-1955
-121
8180
17617
15483
7372
4070
10938
18826
20745
17110
10166
-28
-3003
3165
8058
3492
-7277
-16400
-14014
-6951
-5386
-7622
-16114
-20987
-15050
-8056
-6059
-7145
-8631
-8328
-4767
-730
4582
8619
8534
8458
11153
13745
16580
16595
14929
12961
9167
7026
6679
5030
1498
-2466
-5931
-8558
-11317
-11303
-10813
-11668
-13705
-14628
-11816
-8632
-7387
-7533
-6122
-4064
-1847
1140
3663
13655
16165
10003
4088
6331
13851
18650
17214
12348
2479
-5115
295
9033
8485
-1946
-13489
-16143
-6465
-1133
-4212
-12041
-20698
-16394
-6476
-3452
-7174
-10685
-8950
-3644
568
4032
6794
8321
9343
11684
12743
15322
16779
14428
12347
7522
5166
7076
6600
1506
-4615
-8354
-8733
-8091
-8894
-11032
-13442
-14404
-12080
-9213
-6926
-7308
-7267
-5553
-2872
-1479
279
1226
3796
13207
14000
8107
2019
4365
12411
15715
14168
10326
784
-4898
1487
10043
8395
-964
-12157
-12597
-3050
117
-3801
-11332
-17823
-12522
-4912
-3937
-6650
-7723
-5301
-1607
1473
3790
6383
7837
8429
10025
10528
12067
12587
10827
7799
4394
2356
3873
3039
-761
-5950
-9124
-8461
-7153
-6707
-9427
-12542
-12625
-8754
-4080
-3749
-6674
-8959
-6157
-2016
-164
-224
-2161
-2521
7989
13207
8405
232
-939
8060
15437
14967
10788
2439
-2866
1649
11154
12008
2306
-9012
-10970
-378
4128
-300
-8717
-15690
-9671
-1708
297
-3549
-6790
-6232
-2412
572
1459
2921
3851
4867
6652
6423
6564
8186
7310
5264
2159
879
3191
3967
116
-3761
-5315
-3026
-2122
-3692
-7012
-8965
-6909
-4221
-3401
-5917
-9025
-8879
-5319
-3503
-4410
-7614
-7255
-4346
7079
11997
5647
-2954
-3191
8164
16487
16410
12505
5363
-939
2713
13451
16828
8364
-3448
-8751
-1087
6712
5334
-1299
-10044
-10283
-3773
-955
-2392
-6865
-8429
-8036
-5761
-2413
-486
344
-950
-423
191
3265
5968
5315
3314
1528
1643
5580
7346
4783
2203
-820
-329
1715
429
-2758
-5600
-6443
-6001
-5213
-7081
-9010
-10360
-9605
-7872
-7053
-8741
-8047
-7612
-3404
7860
8550
1286
-4084
1334
12740
17549
15711
10894
6147
5324
11179
18129
14542
5804
-1711
30
7771
7561
1989
-5463
-11464
-7630
-3849
-4658
-8949
-12731
-13334
-11642
-8976
-7481
-5546
-5571
-6812
-3806
-190
4915
6566
4442
3135
4756
8867
12518
10356
5028
2473
2821
4557
3422
-967
-4551
-6398
-6840
-6577
-7046
-9111
-11075
-12151
-11098
-9150
-8569
-9528
-8917
-7721
-2110
7062
7450
2396
-1214
4890
14816
18232
18790
16347
9096
6220
13093
22045
19560
8975
-2609
-1460
7956
9079
3244
-8970
-16168
-10830
-4975
-6063
-13068
-18798
-18212
-13623
-10648
-8579
-7199
-6863
-4463
-318
2074
6089
8031
8595
8891
8282
9450
11913
11224
7841
4341
2426
3473
3137
352
-4303
-7580
-7962
-6945
-7045
-9998
-12928
-13430
-10297
-8730
-9336
-11762
-10032
-7358
-137
7787
6903
1888
152
7912
17477
21716
20139
15918
9924
9477
16551
22890
16808
6304
-2395
-735
5723
4690
-1826
-11991
-17888
-14720
-10539
-11842
-16562
-19886
-18848
-15025
-10116
-7966
-6916
-6519
-3810
951
3756
6937
8821
9522
8861
8231
9530
11241
10334
8354
5261
3429
3025
1563
43
-2998
-6865
-8749
-8303
-7370
-8171
-11000
-14001
-12598
-8974
-7171
-7745
-8555
-7415
-2732
7700
11545
7027
1367
4918
16363
22359
21062
16319
10867
8712
12676
18985
16453
6811
-3126
-3840
2746
2979
-3394
-11343
-17697
-14581
-9750
-9591
-13626
-16987
-16091
-12600
-8763
-7387
-5763
-5031
-3961
-259
3401
6981
8685
6891
5608
5887
8686
12729
12195
7555
3236
2480
4626
4721
2297
-2665
-5749
-6637
-5950
-5573
-7459
-10558
-12030
-10566
-7998
-6635
-6650
-7708
-6478
-4094
3978
11696
9872
3704
2777
10831
19252
19891
16603
11195
6293
7365
14434
16952
8039
-1716
-6897
-1571
3822
346
-6595
-15279
-16406
-10457
-6475
-9512
-15367
-16602
-13958
-10217
-8895
-7301
-4757
-3705
-2793
-433
2240
6641
8672
8286
6800
6316
9239
12357
11896
7806
4259
4622
4991
4546
1823
-1799
-5269
-6074
-5396
-5173
-6525
-9688
-10434
-8543
-6167
-5794
-6050
-6918
-5063
-2248
5993
10319
5769
1000
2658
11256
16448
15167
12259
8399
5427
6638
13154
13746
6377
-1172
-3515
1651
3070
-1858
-6995
-12376
-12885
-10522
-10473
-12153
-14424
-14913
-14518
-12623
-10523
-7206
-4916
-4852
-2379
1070
3515
6295
6359
6646
8522
9855
11214
11018
8789
7592
8513
8646
6542
2786
-270
-1089
-991
-2530
-4484
-6094
-7361
-7815
-8023
-7257
-6453
-6867
-7583
-8588
-6661
-3057
4041
7033
1961
-2540
-147
10112
16152
14437
11202
7250
5762
8775
16074
16776
7884
-1610
-4592
1756
5488
1772
-5895
-14765
-16513
-10919
-6516
-8609
-15902
-18537
-15764
-9753
-5754
-5082
-6044
-7077
-3782
1197
5718
7355
5666
5962
7202
9601
13460
14485
11931
8345
6555
8348
10376
7875
2990
-984
-3013
-2801
-1544
-3172
-6281
-9574
-10577
-8941
-7584
-8596
-9348
-9788
-8757
-7555
-934
5878
4079
-770
-1598
6103
14113
15307
13464
10229
6097
5905
11867
15545
9237
999
-3649
-348
2625
-353
-5246
-11493
-13460
-10104
-7647
-9470
-14050
-15425
-12394
-9210
-8086
-8212
-7484
-5755
-2560
1126
2842
5424
6462
8053
9318
9847
11280
12918
13200
11424
8897
7673
7448
6179
3714
603
-2382
-4085
-3998
-4190
-6291
-9390
-11699
-10149
-7997
-7953
-8890
-9521
-8613
-5705
-3705
1235
5285
3791
658
843
7759
13007
13034
11272
7395
3855
4674
10219
12508
6869
-413
-3253
649
2442
252
-3305
-9475
-11847
-9144
-6220
-6711
-11035
-13661
-12130
-8813
-6600
-4425
-2960
-3261
-1696
1306
4884
8239
8343
7175
7237
7873
9665
11267
10420
7952
5184
4865
5621
5113
2275
-866
-2511
-2837
-3659
-4459
-5473
-7175
-8445
-7446
-6103
-6224
-8137
-7740
-5808
-4015
-5075
-2393
3359
3815
741
-1628
3452
8217
8293
7847
7890
4672
2825
6726
12139
9610
2356
-1192
1512
4337
2286
-765
-5996
-9220
-6832
-3695
-3287
-7865
-10033
-8062
-5279
-5014
-4397
-2621
-2374
-2928
-1443
382
2920
3733
3006
3477
3967
5504
7008
7999
6831
5142
4776
4964
5227
4338
2899
411
-2029
-2555
-1555
-1382
-3277
-6901
-8323
-6123
-4532
-5682
-8490
-9601
-8849
-6527
-4910
-934
1062
-1651
-4156
-1886
4522
7542
7201
7788
6582
4125
5801
11408
12627
7547
2199
1350
4683
5640
4357
2084
-2752
-5099
-2508
-409
-3033
-7660
-8264
-7263
-7143
-7726
-6915
-6151
-6221
-5738
-4126
-2143
355
1854
2998
2714
1908
4461
8002
9063
6876
5090
5543
6801
6471
4786
2847
1404
344
10
-983
-3401
-4901
-5871
-5616
-7327
-9083
-9835
-8739
-8030
-8183
-8886
-6826
-1157
413
-1528
-3556
-51
6061
8871
9338
7936
4945
5181
10636
15494
12446
6480
3788
7915
10542
7690
3656
-1274
-3933
-2235
-324
-2635
-8144
-11461
-9644
-6833
-7558
-8869
-8067
-7254
-6682
-4882
-3939
-1561
269
1002
1652
1524
3129
6605
9060
8228
5912
5092
6336
8822
8125
4866
1454
-102
452
1125
-393
-4302
-7454
-8140
-6881
-6422
-8153
-10542
-10640
-8888
-8137
-7263
-3607
-1438
-2322
-3734
-1701
4542
7900
8084
8544
7842
6627
8477
13673
14517
10445
5622
4813
7219
7017
5370
1983
-2349
-4318
-3036
-2269
-4790
-8515
-9423
-8248
-8453
-10192
-10095
-7897
-6967
-7021
-7133
-5049
-1710
-135
561
844
1327
3808
7234
8925
7576
5678
5881
8119
8802
6516
3681
1660
1388
2011
1123
-1331
-4044
-5636
-5329
-6120
-8670
-9475
-8958
-7242
-7742
-8240
-4677
-1505
-1236
-2690
-554
2887
5497
8009
9226
6900
3935
6251
12835
14099
9472
5805
6813
8529
7841
5957
3676
165
-2297
-2784
-2740
-4725
-6662
-7394
-8542
-10406
-10636
-8624
-6854
-7119
-8178
-8208
-5965
-2224
103
932
112
27
2684
6520
7805
5957
4678
5656
7943
8195
6783
4509
3300
2515
1566
843
-832
-2823
-4824
-5632
-6049
-6630
-7946
-8824
-7673
-7126
-5220
-3597
-3377
-3657
-3079
-390
1912
3039
5093
6859
6014
5136
8270
12126
11683
8133
5855
6848
7368
6662
4899
1919
-1301
-2367
-1748
-2037
-4384
-6748
-7809
-7598
-7574
-7199
-7350
-7452
-7163
-6040
-4575
-3505
-2966
-2270
-278
790
1324
2066
3876
5403
4852
3994
4813
6283
5671
4114
2759
2366
2188
1229
-215
-1436
-2834
-3560
-3805
-4246
-5335
-5860
-5335
-5167
-3716
-2590
-2579
-3595
-2764
518
3331
3808
4467
4297
3546
4097
6521
8328
7834
5696
4611
4713
4354
4260
3948
1106
-1341
-1353
-592
-742
-1989
-3576
-4944
-5467
-4624
-3235
-3913
-4928
-4791
-3803
-3052
-1964
-1583
-1143
-467
-380
557
1119
1007
1145
1747
1901
1912
1909
1260
1098
975
257
-433
-838
-882
-839
-1311
-1742
-1966
-2485
-2963
-2002
-1564
-375
144
-256
-1002
-831
1270
3384
3685
3256
2610
1365
1676
3825
4974
3809
2198
1458
2253
1894
1484
1662
1059
-304
-75
275
-611
-1994
-2392
-1068
-621
-2132
-3182
-2159
-941
154
-83
-1743
-2194
-1435
-181
773
280
-1495
-2127
-1659
-1288
-904
-320
-639
-1937
-2994
-2497
-424
231
-774
-1807
-2114
-1385
22
1168
241
-1306
-1486
433
1953
2281
2288
1687
1148
1184
2034
2687
3024
3485
2857
639
-1166
38
2373
2920
1916
445
-92
-195
654
1423
675
-202
85
808
-332
-1516
-916
536
1007
-113
-814
-1163
-1106
166
995
253
-906
-2027
-2426
-1940
-1403
-1386
-1821
-3168
-3458
-3276
-2937
-2028
-633
-834
-2201
-2697
-1666
335
1051
1285
779
-48
574
2572
3412
2238
1038
999
2415
2862
1930
1001
513
74
433
35
-1213
-1267
-735
-206
-411
-1386
-1785
-549
807
1660
1022
268
840
2635
3712
3801
3281
2346
2518
3549
3824
3076
1808
1613
1965
1995
1100
175
-546
-1706
-2838
-3232
-2817
-3340
-4002
-4734
-4506
-3872
-3062
-2736
-2892
-2854
-2528
-988
-16
104
453
832
880
960
1331
1965
2047
886
58
377
326
-536
-1047
-2212
-3146
-3517
-3212
-2701
-3138
-4542
-4850
-3435
-2586
-2035
-1823
-1800
-954
1083
2735
3042
2915
3679
5522
7043
6815
5651
5731
6981
8010
6887
4920
3474
3859
3650
2497
689
-1194
-2149
-2110
-2422
-3486
-4377
-4178
-3730
-3840
-4355
-4296
-2860
-1454
-451
-408
-119
340
2001
3035
2760
2484
2506
2437
1860
1408
1208
1367
-101
-2614
-3660
-3260
-2962
-4046
-6223
-7798
-7499
-6232
-5331
-5738
-6731
-6504
-4403
-2111
-671
-746
-606
746
2863
4635
5459
5338
5604
6620
7545
7932
7478
6956
6265
5417
4488
3619
2449
1239
347
-756
-1693
-2964
-3555
-3293
-3217
-4150
-4887
-4617
-3387
-2240
-1729
-1182
-71
1368
2955
4089
4051
4132
4630
5847
6005
5345
4352
3402
2714
2143
1643
428
-1078
-2798
-4262
-5008
-5695
-6413
-7284
-8152
-8628
-7996
-6690
-5581
-5387
-5401
-4518
-2809
-1200
-265
732
1920
3039
4183
4949
5327
5526
5452
5333
4868
4031
3217
2650
1628
418
-248
-1301
-2642
-3422
-4076
-4090
-4159
-4441
-4100
-3638
-3543
-3363
-2114
-287
1224
1825
1774
2571
3979
5789
7328
7206
6051
6035
7070
7704
7193
5879
4838
4330
3756
2496
985
-660
-1848
-2309
-3448
-4815
-5770
-5813
-5965
-6006
-5895
-5513
-4869
-4825
-4102
-3172
-1975
-786
86
72
154
1088
2418
3119
2068
964
1305
2191
2106
992
-569
-1816
-1687
-786
-1185
-3214
-4683
-4175
-3125
-3205
-3862
-4252
-3652
-2939
-2289
-2010
-2074
-1802
-712
499
572
974
2197
3715
4138
3978
3926
4738
5192
5468
5138
4262
3764
3941
4371
3652
1804
378
384
589
584
-170
-1591
-1908
-987
-464
-433
-959
-1272
-681
-112
-329
-202
-39
275
691
390
4
110
288
32
-50
-421
-511
-794
-626
-338
-767
-1206
-1261
-744
-346
-624
-1454
-1278
-913
-1012
-1139
-1758
-1710
-903
-507
-1169
-1947
-2134
-848
449
329
-131
-368
128
857
1482
1494
1086
618
630
1370
1607
1680
1456
1064
451
100
745
1397
1136
576
210
-17
375
307
-138
-757
-1260
-895
-300
-705
-2052
-2119
-1565
-1274
-1879
-2307
-1854
-1470
-1033
-1101
-1379
-1089
-52
1191
1566
755
639
1554
2280
2072
1575
1291
1401
1857
2249
2055
1167
170
49
410
317
-175
-459
-704
-1069
-798
-735
-887
-1154
-1481
-1655
-1128
-353
350
818
407
179
1067
2178
2684
2314
1471
1192
1522
1670
1480
600
-59
-591
-894
-1290
-1519
-1707
-3060
-4132
-4401
-3710
-3209
-3861
-4898
-5288
-4203
-2975
-2192
-2167
-2671
-1955
-454
600
1498
1699
2091
2699
3585
4457
5042
5217
4648
4585
4786
4797
4822
4621
3709
2499
1700
1968
2035
1308
-245
-1562
-1664
-1233
-1109
-1618
-1826
-1291
-451
134
496
980
1577
2025
1996
1835
1704
1613
2022
2127
1263
168
-117
94
-157
-835
-2282
-3288
-3930
-3715
-3676
-5223
-6825
-6821
-5675
-4846
-5335
-6540
-6897
-5858
-4368
-3543
-3286
-3337
-2593
-790
766
1806
2138
2545
3583
4553
5285
5217
5233
5267
5413
4934
4195
3747
3211
2360
1566
637
-221
-574
-706
-953
-1524
-1880
-1373
-204
105
5
412
1293
1507
1889
2414
2858
3159
3020
3137
3188
3015
3268
3261
2782
1929
1669
1479
443
-962
-2190
-2174
-2407
-3061
-3893
-4711
-5739
-5980
-5678
-5507
-5591
-5924
-5645
-4836
-3344
-2656
-2155
-1700
-1121
558
2014
2384
2152
2652
3838
4148
3717
2737
2674
2498
1965
1270
538
-28
-545
-1159
-1577
-2080
-2435
-2114
-1984
-2244
-2214
-1952
-1530
-803
-548
-234
219
987
1382
1989
2112
2562
3274
3860
4505
4268
3693
3878
4275
4011
3069
2011
941
501
120
-420
-1072
-2269
-2970
-2837
-2544
-2695
-2751
-2488
-2113
-1848
-1785
-1101
-99
587
576
931
1847
2854
3385
3179
2811
2572
2664
3040
2841
1476
113
-271
67
-373
-1344
-2470
-2680
-2639
-2992
-3402
-3710
-3624
-3597
-3422
-3826
-3948
-3210
-2335
-2185
-2633
-2345
-943
967
1211
441
324
1284
2735
3389
2599
1392
1052
1642
2072
1015
-527
-1317
-1021
-703
-810
-1672
-2060
-1448
-717
-539
-822
-995
-344
847
1433
1453
1558
2026
2748
3460
3923
4025
3939
3938
3595
3388
3090
3179
2731
1988
1343
840
836
250
-355
-1124
-2155
-2598
-2784
-2876
-3070
-3336
-3692
-3612
-3514
-3599
-3325
-3019
-2836
-2152
-1353
-815
-674
-829
-154
676
929
628
356
113
170
176
-28
-500
-1053
-1001
-618
-543
-899
-1399
-1442
-1024
-341
46
-39
-357
119
1275
1844
1609
1086
1355
2818
3821
3575
3116
2799
2973
3621
3842
3221
2191
2076
2461
2445
1907
1140
898
106
-632
-1165
-1192
-1568
-2307
-2469
-2573
-2464
-2227
-1935
-1935
-2115
-2008
-1596
-942
-719
-865
-1018
-827
-385
19
17
-497
-965
-1176
-834
-707
-818
-1074
-1047
-1092
-1239
-1399
-1296
-948
-1005
-1017
-783
-460
-97
31
241
607
973
1070
1104
1207
1494
1868
2289
2374
2065
1738
1705
2426
2659
1828
976
810
1177
1533
1220
316
-195
-448
-496
-494
-879
-1284
-1448
-1390
-1165
-272
211
182
-198
-256
219
819
1013
493
212
98
198
231
265
-35
-667
-946
-591
24
-22
-806
-1474
-1111
-524
-400
-620
-916
-1079
-1132
-982
-735
-685
-786
-967
-841
-528
-155
350
452
139
-150
160
561
834
696
366
182
-220
-276
-49
17
-435
-864
-1046
-975
-680
-713
-931
-1012
-1074
-1000
-334
44
31
-15
0
394
898
1366
1461
1319
793
630
1224
1481
1323
911
555
456
847
1517
1528
650
-20
214
1037
1172
772
148
-8
57
-33
139
-52
-357
-263
-89
-34
-115
255
400
469
385
495
765
686
664
513
386
6
-568
-1075
-1000
-549
-607
-1397
-2286
-2099
-1012
-404
-969
-1885
-2120
-1326
-145
149
-513
-1049
-652
55
537
560
277
270
318
382
701
970
686
435
488
760
856
707
431
303
264
4
5
162
208
85
-228
-632
-909
-692
-152
-134
-492
-616
-103
536
720
605
363
768
1467
1687
1484
905
830
992
1102
491
-249
-520
-588
-572
-925
-1427
-1595
-1490
-1379
-1357
-1514
-1542
-1661
-1522
-1278
-966
-1063
-1108
-815
-221
189
449
316
198
528
1082
1543
1432
1059
925
1498
1776
1681
1238
844
423
325
332
50
-533
-962
-828
-839
-1029
-1386
-1233
-906
-881
-954
-482
-53
32
167
795
1479
1398
1152
1445
1924
1962
1522
1186
1047
1260
1306
687
-76
-577
-203
236
-627
-1900
-2139
-1508
-1016
-1223
-2054
-2790
-2437
-1684
-889
-1015
-1845
-1884
-926
172
846
920
774
826
1297
1874
2439
2531
2241
2099
2024
1954
1825
1539
1125
699
72
-458
-659
-965
-1375
-1703
-1610
-1325
-1306
-1642
-1708
-1128
-469
-40
-187
-427
-328
418
1319
1377
929
610
610
994
1240
1075
762
481
393
369
245
-70
-324
-625
-1254
-1980
-2366
-1950
-1469
-1707
-2302
-2657
-2559
-1844
-1402
-984
-751
-818
-509
352
1128
1102
1088
1524
2093
2401
2389
2486
2410
2319
2402
2400
2114
1613
1089
790
548
120
-81
-411
-716
-784
-487
-163
-165
-454
-569
-190
99
128
-79
-95
120
306
214
77
121
431
639
315
-300
-512
-10
443
166
-799
-1507
-1546
-1416
-1399
-1635
-1853
-2341
-2584
-2498
-2359
-2073
-1887
-1699
-1830
-1819
-1453
-610
199
-10
-664
-822
98
1343
2032
1597
1059
1186
1901
2147
1859
1725
1888
1688
1328
1140
1375
1707
1542
803
287
511
950
1415
1021
355
-15
189
464
463
172
23
70
218
249
224
-33
-2
174
260
234
-79
-135
-123
-45
-439
-602
-508
-595
-929
-1161
-1166
-980
-887
-1319
-1914
-1985
-1681
-1030
-923
-1625
-2067
-1667
-863
-529
-1065
-1227
-809
-129
462
635
366
72
323
953
1560
1604
1215
1271
1794
2051
2331
2123
1666
1304
1273
1299
1168
985
530
130
42
-34
54
-9
-437
-693
-746
-640
-700
-763
-681
-458
-430
-802
-622
-192
90
-108
-556
-556
-29
396
377
29
-335
-479
-398
-80
-234
-811
-1196
-1146
-1078
-1106
-1207
-1350
-1481
-1432
-1406
-1111
-906
-841
-488
-353
-383
-172
372
877
1133
1314
1604
1923
2156
2248
2357
2421
2384
2155
1897
1806
1519
1106
697
527
334
43
-265
-611
-733
-772
-840
-1146
-1317
-1373
-1260
-1234
-1356
-1271
-825
-425
-381
-290
-227
0
345
513
395
144
114
312
536
551
399
137
-206
-444
-502
-309
-520
-1029
-1115
-1056
-1113
-1035
-942
-826
-737
-781
-715
-142
458
804
945
735
842
1322
1838
1985
1792
1782
1934
1924
1646
1529
1360
1039
682
350
202
202
-41
-415
-981
-1518
-1200
-820
-770
-1211
-1472
-1386
-1150
-1007
-1136
-1178
-1347
-1103
-706
-532
-729
-846
-909
-625
-290
-135
-281
-375
-386
-352
-245
-308
-421
-641
-942
-1019
-898
-634
-334
-428
-716
-827
-296
369
667
360
170
501
980
1150
874
998
1322
1688
1855
1803
1587
1466
1682
1704
1449
1147
1106
1030
1041
1013
864
511
187
-3
269
617
674
405
22
-65
240
477
236
-53
-436
-681
-475
-129
-296
-776
-1133
-1012
-528
-406
-617
-962
-1352
-1343
-983
-945
-1292
-1620
-1529
-1118
-874
-888
-701
-370
-655
-815
-460
40
175
-76
-372
-434
-234
46
413
489
241
129
242
143
7
100
282
271
-180
-49
357
544
302
156
275
486
661
813
1093
1039
794
827
1232
1562
1477
1204
849
853
952
1012
940
609
456
286
138
-52
-127
-331
-519
-767
-1111
-949
-605
-756
-1122
-1306
-1158
-687
-358
-186
-264
-586
-700
-63
638
598
21
-485
-240
478
871
567
-119
-553
-284
97
-38
-574
-1072
-1348
-1300
-1024
-939
-1026
-1147
-1280
-1162
-1039
-725
-469
-276
-406
-403
-20
298
571
583
325
395
909
1255
1274
994
774
932
1054
1019
970
743
350
53
24
147
258
23
-324
-524
-450
-76
36
-290
-733
-592
-166
205
297
173
167
326
779
1096
1161
771
528
934
1364
1439
893
565
498
664
652
351
19
-120
-134
-466
-851
-964
-669
-595
-920
-1454
-1518
-1026
-674
-604
-992
-1260
-970
-213
169
30
-261
-310
21
430
669
772
789
652
628
635
648
695
860
705
217
-217
-190
118
13
-384
-924
-1222
-1052
-795
-683
-834
-992
-884
-590
-321
-94
261
377
336
392
684
1063
1230
1292
1308
1359
1352
1341
1510
1419
955
522
568
519
71
-302
-517
-566
-939
-1287
-1376
-1285
-1264
-1192
-1410
-1598
-1547
-1234
-970
-1162
-1279
-869
-300
-132
-24
152
512
810
736
674
780
839
870
717
250
-36
-158
-353
-509
-638
-925
-1086
-1193
-1224
-1132
-1207
-1262
-1030
-784
-623
-566
-421
18
541
914
980
1125
1366
1727
1939
1954
1798
1644
1711
1616
1573
1346
857
384
206
87
-69
-337
-779
-1061
-940
-762
-750
-916
-1330
-1198
-701
-404
-434
-479
-378
70
685
1038
1164
1128
1239
1626
1947
1855
1540
1215
905
856
642
363
35
-434
-948
-1246
-1230
-1401
-1538
-1814
-1823
-1645
-1611
-1525
-1433
-1287
-1119
-605
-86
130
212
439
722
835
833
855
1059
1062
940
706
321
127
-45
-114
-269
-689
-1082
-1082
-933
-1168
-1351
-1528
-1424
-1363
-1284
-999
-696
-527
-489
-207
98
467
964
1362
1473
1528
1813
2193
2340
2088
1822
1990
2181
1869
1253
754
730
885
659
60
-518
-598
-373
-121
-162
-562
-839
-673
-80
349
336
52
-232
24
564
916
739
390
279
338
314
212
70
-125
-275
-575
-862
-991
-1045
-1231
-1526
-1895
-2237
-2215
-2122
-1917
-1916
-2173
-2216
-1773
-1244
-1027
-971
-1022
-708
-269
261
554
461
278
520
1085
1351
1231
844
503
505
644
616
465
223
324
548
831
806
1139
1658
-314
-993
382
31
-1130
-701
505
164
-1064
-96
890
-389
-338
1629
1501
278
1156
1722
510
807
2209
1352
706
1423
1476
1382
506
284
318
-109
-415
-1171
-1199
-1400
-1455
-2082
-3225
-1088
-1512
-2163
-863
-519
-755
-1174
-624
1083
-224
-1623
310
100
-1691
-564
666
-151
-588
-1083
92
1284
175
332
1416
1412
800
-55
795
2999
987
393
1988
1582
835
1356
1136
1499
49
302
1529
128
-362
413
-867
-307
707
-72
815
-26
158
1089
-378
704
2461
68
-715
1495
747
-1024
1222
457
221
-766
-718
2296
-107
-2026
186
-1547
-1998
-623
-1810
-1320
-2143
-1244
-1631
-2298
-2530
-12
-463
-1306
-184
43
-384
-167
280
2280
37
-1235
2019
2259
-1045
-1266
1920
35
-1101
409
666
-2205
-3018
-668
611
-2998
-3188
135
-2104
-2798
-310
-705
-1911
-1941
327
872
-908
226
-55
930
-218
883
2537
374
516
1747
1675
1013
185
2377
1918
-843
1180
801
-777
-237
983
345
-1567
5
1520
-1171
-1549
767
905
-1355
-687
2237
2076
-968
-1250
2909
2613
26
2200
2782
2022
1863
824
2529
2255
853
1857
1033
446
1089
-1710
-1847
-462
-251
-1396
-1699
-2319
-2083
-2497
-3587
-523
-350
-2999
-1603
-447
-1252
-2033
-851
1545
337
-984
1247
1298
-656
-54
2237
357
-520
974
563
503
-1285
-496
845
-1201
-91
296
-2291
-455
-203
-1226
42
874
-245
-573
-364
985
1233
161
1166
3959
1396
-71
3815
2848
1037
1490
3438
4124
1257
-152
2047
882
-734
883
2298
1019
-1590
-1199
881
-1717
-2659
32
-482
-2484
-1214
-152
-1896
-2762
-1980
-277
-520
-2047
-518
107
-2255
-1728
-138
-346
-409
-1299
-869
-416
-956
-964
-395
-1146
-747
-488
-1501
-1101
-1864
-1159
-634
-1114
-349
-885
-1368
-1705
-27
782
-1158
251
2255
425
-1064
-10
1891
1367
-196
1682
3093
1648
-346
863
2356
979
168
2604
2647
257
-231
1143
195
630
1288
260
301
63
-235
-1002
-717
424
202
-751
-528
-434
-1086
-2148
-945
793
-349
-1161
-115
122
-1160
-1824
-460
1135
67
-224
714
-266
-479
-715
239
766
446
801
443
-170
0
-206
-130
-403
1336
1042
-550
-316
-550
-1366
-437
529
146
354
-210
-824
-79
-26
996
1401
379
886
908
336
748
1197
770
1184
2039
1087
-22
-60
1200
791
245
263
336
207
-928
-1107
-715
-434
-766
-658
667
-493
-1868
-1669
4
223
-196
514
-16
-27
-7
7
1023
410
666
1963
1423
837
1253
787
545
643
144
1092
932
-825
-675
-970
-1916
-947
289
-954
-963
-680
-1234
-1097
-1097
236
-82
-599
-3
-168
-214
-530
87
346
-1045
384
986
-546
-1175
149
865
-1477
-1678
-135
-1732
-2864
-1115
-278
-873
-2069
-2453
-786
-458
-1973
-1437
117
-492
-1189
-136
511
-197
-847
625
2519
1304
176
1511
1896
780
1340
1681
1392
1501
1060
830
915
121
-3
1266
798
199
74
745
-282
-601
333
761
212
-222
247
1380
1018
-160
150
1040
518
445
1842
1356
-51
-183
352
751
188
-76
-161
-358
-339
-784
-1133
-488
-1380
-2000
-1001
-269
-1006
-2092
-1836
-911
-1432
-1591
-722
-131
-61
-511
-393
799
815
-578
-646
1132
1544
134
368
1293
100
-698
665
1501
982
296
420
290
10
-30
199
705
1074
565
671
669
119
159
500
720
1135
913
580
-39
334
101
100
645
948
899
75
-24
593
-397
-75
611
96
-52
-714
210
-45
-1042
-426
213
-81
-773
-553
-286
-731
-1188
-613
-676
-396
-537
-901
-750
-928
-1351
-1157
-773
-398
-552
-852
-515
192
-699
-1720
-1032
-228
-227
-48
-22
137
-411
-1121
-236
297
-195
-387
585
1250
-12
-1116
-558
452
-459
-781
1183
1445
-734
-877
596
-196
-1093
-64
1060
936
-153
-450
441
324
-59
684
1765
1917
514
576
1905
1279
437
1161
2461
2021
517
270
521
695
109
-517
0
612
224
-398
-1430
-1575
-939
-1269
-379
45
-944
-1053
-717
-847
-574
-153
151
220
101
1067
454
-1017
-471
245
178
182
-144
28
-512
-1351
-962
-902
-859
-1093
-956
-351
-1072
-1448
-132
-346
-782
-924
-94
492
123
819
1707
1515
844
1031
2167
2425
1624
2005
2426
2497
1512
1226
1169
988
464
608
1200
522
-101
-247
-139
-604
-1063
-801
-297
-931
-740
10
-106
-743
-549
34
-72
372
763
-33
-296
-12
142
-79
-389
49
84
-830
-893
-784
-1250
-1458
-1695
-1462
-1770
-2500
-1620
-1275
-2212
-2515
-1428
-649
-627
-848
-748
-266
247
926
1460
1395
946
928
1219
917
1212
1604
933
780
981
1083
-230
-644
142
665
223
-624
-554
-170
-774
-943
-74
-125
-336
137
80
-88
179
358
718
373
1140
1307
24
24
1067
1193
206
54
1385
570
-675
157
636
-451
-972
-218
-27
-1460
-2053
-1208
-787
-1047
-1238
-625
-536
-1043
-704
95
-68
-187
831
1170
998
928
1112
1079
1093
1605
1894
770
573
1425
1235
450
183
-13
-42
-152
-583
-610
-651
-961
-1035
-748
-928
-970
-1157
-869
-454
-148
-510
-708
-434
307
241
110
685
844
-17
-122
750
1223
203
-749
476
900
-500
-802
400
30
-1008
-1059
-119
-575
-1275
-1230
-132
84
-786
-377
699
613
197
416
890
1378
1158
1294
1309
1362
1064
713
1264
1658
1031
411
404
791
340
-670
53
813
-309
-1134
-415
277
-769
-1652
-506
-96
-762
-1312
-757
8
-731
-1524
-512
112
-754
-741
170
268
-303
-551
-351
-276
-561
-756
-25
110
-821
-1188
-926
-859
-1388
-1562
-1089
-366
-341
-1112
-1481
-817
-533
-826
-423
295
73
-179
874
1528
902
319
823
2183
2097
1049
1253
1795
1112
611
1222
1584
1012
730
779
657
336
47
360
801
570
330
138
69
346
34
-291
268
576
258
459
423
135
-35
458
767
538
335
279
-55
-378
-297
-392
-289
-853
-833
-540
-1210
-1441
-1264
-1208
-1397
-1289
-976
-1053
-1240
-1209
-942
-676
-480
-201
-489
-687
-267
328
269
78
207
332
112
-16
535
479
385
564
778
470
21
234
524
628
464
367
557
502
91
-174
-9
315
408
521
550
659
606
160
241
670
646
398
731
1057
872
588
192
471
757
-2
-319
-93
33
-714
-1044
-466
-420
-1172
-1237
-778
-938
-1413
-1043
-257
-372
-984
-910
-398
-501
-727
-605
-490
-230
-361
-357
-189
-514
-615
-174
-26
-258
-410
-428
-374
-42
180
-362
-172
-94
-158
-193
-58
364
338
1
169
258
401
403
231
748
917
737
731
987
785
757
792
901
1027
1145
828
348
668
787
344
-86
231
335
-4
-730
-586
283
62
-311
-40
18
-226
-126
349
744
299
142
552
912
296
-50
507
690
197
5
272
304
-64
-791
-354
238
-152
-739
-658
-535
-974
-1167
-324
290
-262
-852
-639
-157
-93
-281
-103
303
101
-44
231
359
14
-107
86
225
208
28
-39
-283
-610
-591
-239
-232
-456
-754
-693
-721
-781
-520
-422
-439
-283
-8
-108
55
145
191
526
584
504
663
968
840
441
581
789
621
268
480
746
183
-272
2
165
-276
-673
-497
-354
-443
-454
-471
-662
-622
-321
-140
-238
-589
-505
-98
118
-62
-114
-23
-16
-27
56
60
-165
-375
-170
-100
-257
-504
-498
-228
-498
-948
-900
-702
-536
-303
-299
-677
-847
-498
-141
30
219
131
204
510
530
485
629
655
693
840
929
897
1015
881
542
860
857
615
624
739
714
602
358
191
281
156
-93
36
467
315
149
409
498
291
341
568
709
426
469
871
621
316
240
340
-29
-197
-20
-21
-21
-128
-455
-475
-355
-331
-247
-585
-888
-650
-572
-585
-740
-983
-927
-725
-468
-477
-345
-355
-365
-334
-231
26
0
89
350
143
-75
-162
-281
102
235
-171
-58
337
165
-238
-268
-390
-323
127
214
111
-107
-170
12
-26
144
103
-80
161
257
531
308
-99
120
281
165
106
152
226
229
17
111
312
158
-78
-74
160
183
-246
-204
75
-203
-584
-516
-484
-220
-229
-365
-154
-429
-479
-334
-131
-363
-686
-367
-170
-381
-434
-379
-251
-466
-604
-305
-27
70
-235
-347
-316
-357
-349
-277
-260
-286
-162
-24
13
-253
-455
-333
55
74
-155
11
159
105
-33
-72
129
342
489
553
720
834
621
689
729
710
530
795
1123
873
618
787
939
608
392
502
668
592
553
715
553
288
360
337
427
321
343
364
317
251
78
-96
-155
20
190
187
46
137
226
276
340
497
273
95
64
234
-7
-444
-353
-144
-344
-668
-635
-586
-862
-958
-680
-585
-918
-998
-745
-695
-886
-953
-801
-747
-611
-422
-184
-165
-175
-69
27
-21
-36
12
172
359
412
276
113
177
251
424
379
423
410
333
188
47
8
-187
-151
54
30
-20
54
92
-71
-79
-6
15
258
379
363
195
129
206
309
49
-96
11
-80
-104
-25
-68
-237
-435
-342
-369
-388
-225
-384
-637
-859
-771
-549
-351
-610
-932
-896
-775
-511
-328
-549
-484
-370
-249
74
48
-183
-55
97
230
559
505
209
39
181
215
47
118
122
185
135
-44
-235
-377
-344
-281
-75
-32
-124
-148
1
86
101
323
561
588
752
700
579
552
682
768
786
968
852
864
984
866
829
800
794
862
603
496
485
392
200
-1
-16
163
120
118
-5
-251
-256
-138
-52
-115
-37
-31
-3
-13
59
36
199
533
579
379
221
154
136
267
71
-138
67
-2
-347
-376
-452
-567
-581
-691
-1042
-1026
-977
-940
-824
-674
-621
-776
-639
-453
-525
-614
-467
-62
130
6
76
206
122
175
427
405
120
225
380
26
16
48
-179
-181
26
95
-71
-183
-416
-452
-291
-280
-379
-420
-523
-262
68
-65
-348
-248
127
177
289
251
220
511
604
509
484
312
203
190
102
-73
37
100
-300
-401
-129
-251
-528
-446
-442
-594
-680
-567
