-94
-101
-91
-135
-167
-179
-189
-208
-206
-170
-171
-169
-129
-103
-88
-102
-85
-99
-96
-83
-60
-65
-95
-73
-44
-22
-42
-34
-64
-72
-38
-61
-81
-83
-94
-48
-56
-67
-86
-48
-5
-14
-27
-47
-2
-37
-82
-55
-52
10
23
2
65
33
42
90
75
72
56
78
112
99
101
116
95
92
92
93
124
145
140
155
130
129
94
92
125
160
210
223
171
179
133
98
110
76
74
69
71
89
74
41
15
-11
13
5
16
-13
-10
-11
-33
-59
-67
-109
-76
-71
-94
-91
-92
-86
-95
-50
-55
-52
-66
-76
-76
-76
-69
-90
-32
-31
-63
-75
-51
-52
-61
-47
-84
-88
-61
-38
-26
-62
-91
-100
-126
-98
-69
-70
-36
-14
-24
-30
-78
-66
-42
-37
-27
-21
-51
-49
-47
-73
-57
-30
31
35
44
63
28
32
15
5
25
21
11
74
82
93
103
119
115
60
69
94
83
50
68
86
104
109
115
94
71
67
92
76
40
19
10
0
5
35
47
2
-8
-5
-13
-23
-41
-27
-19
17
-12
-20
-39
-38
-37
-31
-1
-26
-10
-18
0
47
19
24
49
40
36
61
96
94
63
29
11
-16
15
34
37
39
44
65
35
9
29
53
20
56
41
-1
24
13
13
-9
-24
-25
-37
-65
-81
-81
-45
-33
-43
-55
-67
-96
-103
-117
-149
-144
-126
-121
-128
-132
-160
-158
-108
-113
-143
-109
-111
-102
-74
-68
-47
-42
-55
-56
-66
-47
-44
-65
-19
7
12
-24
-49
-32
-34
-8
-14
-9
1
40
50
47
49
35
29
-12
33
47
-16
-11
35
19
10
7
-23
-40
-9
34
35
21
9
10
20
43
-3
-13
-38
-34
19
-7
27
31
49
38
16
1
-12
37
63
90
120
180
206
181
170
188
192
233
235
221
246
216
189
189
195
162
179
163
134
128
127
126
119
80
38
15
33
13
-4
-2
10
-10
-78
-123
-102
-76
-36
-8
-69
-74
-70
-104
-109
-133
-139
-104
-96
-66
-88
-118
-106
-92
-128
-114
-123
-90
-101
-130
-151
-190
-112
-83
-103
-81
-62
-19
37
28
40
-3
-21
-24
-50
-22
14
61
73
67
15
28
41
62
47
63
109
73
40
-8
-22
-20
-11
1
14
-1
-5
-3
-36
-76
-86
-90
-93
-49
2
13
-32
-50
-71
-69
-50
-23
-26
-55
-48
-72
-63
-126
-132
-84
-93
-84
-76
-52
-61
-32
-61
-100
-99
-95
-72
-40
-37
-8
-7
-14
-49
-50
9
39
67
75
71
44
23
-11
-12
-21
12
49
91
94
50
49
33
58
65
53
70
62
49
48
44
30
36
80
130
157
151
133
110
72
34
28
73
61
58
91
85
78
93
59
29
49
67
109
109
81
59
1
-17
3
3
-2
-41
-29
23
-18
-65
-32
-31
-22
6
-16
-36
-53
-68
-55
-125
-146
-118
-129
-101
-104
-128
-123
-115
-119
-109
-124
-103
-97
-91
-54
-68
-69
-77
-57
-53
-48
-48
-25
-34
-24
-15
-31
-10
-8
-20
25
41
17
-2
-6
38
41
21
13
-14
6
8
16
33
21
68
114
111
65
91
128
209
245
223
260
284
276
210
166
202
235
245
207
189
173
176
162
171
128
103
147
164
154
143
131
122
105
40
41
28
54
59
46
26
-11
-53
-62
-93
-91
-103
-108
-107
-130
-153
-182
-204
-200
-183
-192
-196
-200
-190
-204
-223
-279
-296
-307
-309
-293
-325
-270
-259
-230
-264
-305
-268
-242
-186
-156
-158
-170
-185
-191
-138
-125
-146
-143
-83
-76
-64
-31
-16
-14
16
82
120
124
104
128
136
152
101
106
114
146
198
193
201
165
151
123
87
70
92
106
131
122
79
83
66
46
58
59
58
74
44
37
43
32
19
-3
4
1
-41
-53
-52
-28
-24
-20
-12
-26
-35
0
14
1
14
38
93
114
81
45
38
89
123
128
160
164
148
149
155
155
178
182
190
198
152
107
96
107
108
123
110
109
121
89
39
51
38
44
29
43
63
46
18
16
-23
-67
-40
-74
-92
-45
-13
-34
-14
-53
-71
-80
-67
-74
-121
-174
-166
-203
-213
-168
-192
-210
-159
-151
-173
-176
-185
-123
-151
-133
-96
-114
-122
-109
-126
-114
-105
-113
-114
-101
-70
-59
-42
-31
-65
-106
-69
-49
-47
-52
-40
-24
-59
-72
-123
-117
-96
-61
-51
-55
-40
-35
-75
-109
-96
-150
-120
-83
-61
-35
-14
-26
-33
-80
-64
-49
-25
-10
-11
22
31
64
57
59
73
106
105
109
142
200
217
288
288
251
257
241
236
242
269
242
253
233
234
213
171
185
176
164
155
140
139
119
114
98
58
98
86
63
58
25
17
-11
-7
-47
-60
-76
-42
-21
50
10
5
12
-37
-24
-69
-93
-97
-46
-78
-38
-44
-45
-63
-62
-58
-54
-71
-65
-32
-31
-24
-44
-42
-82
-63
-43
-30
-34
29
32
13
11
5
20
-10
3
32
41
29
18
4
20
40
16
26
20
-15
19
6
-10
-39
-41
-29
-37
-42
-58
-79
-56
-39
-72
-50
-47
-63
-52
-58
-59
-64
-61
-82
-109
-106
-105
-87
-97
-131
-126
-112
-108
-103
-127
-145
-97
-106
-113
-114
-125
-124
-106
-106
-97
-58
-75
-70
-61
-35
-14
2
30
15
17
37
32
8
-24
-33
-40
-36
-20
14
-1
-10
15
-12
-12
34
-11
-33
0
0
4
-2
13
18
14
65
79
82
106
100
96
126
108
137
134
142
139
123
131
130
130
152
155
150
157
150
129
158
143
107
58
58
79
67
81
57
40
41
54
50
60
24
44
8
-16
-22
-52
2
14
-6
-1
-20
17
2
-17
-11
-44
-51
-18
-18
-14
-14
-45
-68
-75
-89
-102
-73
-58
-41
-57
-53
-37
-47
-39
-33
-41
-20
-43
-59
-36
-23
-39
-9
-12
-39
-5
-34
-17
24
19
19
-14
-15
-40
-52
-14
-25
-11
-25
-11
0
4
12
9
-3
1
17
9
3
-3
-43
0
-14
-30
-24
-61
-18
-21
-67
-75
-55
-63
-59
-85
-76
-28
-1
-19
-35
-33
-43
-65
-84
-64
-74
-41
-18
-15
-8
-11
-15
11
10
3
2
6
24
18
17
19
12
12
47
81
90
82
114
104
117
103
51
65
105
107
76
118
96
114
140
153
180
161
166
163
108
87
69
80
87
45
41
68
18
32
27
-5
22
-5
-44
-39
-66
-86
-67
-64
-49
-76
-96
-129
-148
-155
-136
-99
-86
-89
-123
-133
-165
-167
-167
-137
-107
-149
-174
-160
-177
-220
-196
-180
-137
-141
-139
-117
-144
-117
-97
-101
-92
-87
-61
-3
1
-4
3
59
134
166
145
181
196
201
235
244
290
289
287
300
289
251
259
246
207
212
228
229
204
231
208
163
121
60
54
81
98
140
124
68
50
-16
-34
-25
-13
-29
-25
-61
-49
-61
-83
-107
-129
-134
-130
-127
-143
-133
-163
-192
-178
-181
-184
-171
-189
-179
-211
-230
-273
-285
-274
-231
-184
-151
-155
-208
-210
-219
-217
-210
-164
-152
-128
-107
-88
-136
-126
-107
-129
-142
-156
-119
-111
-88
-61
-52
-1
37
55
72
40
73
74
97
144
142
124
154
197
210
231
234
226
275
289
256
231
235
237
249
249
264
240
228
216
205
195
171
178
156
127
113
106
104
97
82
80
82
55
48
52
9
1
-31
-50
-60
-92
-87
-116
-125
-126
-152
-141
-134
-127
-124
-127
-130
-135
-153
-148
-123
-123
-75
-65
-92
-78
-24
-25
-18
-19
-9
43
61
56
49
54
52
66
60
53
78
72
47
2
-6
12
25
51
52
56
51
46
83
28
-4
-31
-40
-27
-47
-42
-18
-2
0
5
-1
-20
-91
-74
-64
-72
-38
-47
-80
-89
-90
-88
-118
-103
2
48
37
20
-46
-70
-40
-14
26
15
12
17
-9
-22
2
-13
8
48
34
62
70
61
73
70
105
74
59
19
-11
-46
-52
-63
-103
-84
-76
-98
-106
-106
-116
-99
-102
-75
-82
-58
-93
-98
-81
-110
-119
-80
-57
-17
-5
21
66
48
67
46
22
54
82
76
79
82
73
75
102
118
88
117
130
115
95
49
47
11
21
65
108
71
82
28
13
48
36
43
29
6
23
47
-12
-62
-61
-34
-43
-16
-14
-17
-60
-96
-139
-154
-120
-125
-109
-88
-129
-143
-160
-196
-190
-182
-166
-126
-67
-49
-35
-22
-23
-14
-12
26
27
45
61
73
93
74
58
70
98
119
127
150
180
148
140
122
114
99
131
112
116
131
116
111
67
66
68
66
93
55
31
46
21
23
7
-14
-26
-38
-13
-1
-26
-68
-95
-102
-97
-101
-97
-92
-78
-80
-109
-94
-58
-63
-84
-70
-54
-38
-55
-54
-28
-52
-71
-69
-61
-38
-8
-25
-8
-26
-46
-55
-59
-52
-56
-21
27
6
-22
-1
23
28
15
27
54
67
54
40
40
55
72
123
144
167
121
100
87
100
128
148
155
113
111
120
132
108
94
112
148
157
134
122
91
84
48
52
39
29
50
73
61
27
23
15
23
-1
-27
-42
-9
18
5
-34
-70
-64
-92
-111
-121
-127
-126
-105
-93
-84
-122
-168
-168
-190
-220
-259
-230
-216
-201
-193
-200
-190
-173
-136
-122
-115
-103
-96
-80
-74
-80
-67
-65
-51
-27
-21
-46
-105
-96
-102
-97
-43
-29
-9
-35
-35
-46
-51
-57
-47
27
43
33
37
30
6
45
26
6
54
52
50
-3
-5
6
25
37
42
8
15
34
-1
21
33
44
55
49
38
19
36
115
113
126
167
137
143
112
141
213
258
288
263
281
271
259
238
221
210
168
172
175
203
189
202
187
193
155
114
85
29
-4
-13
-14
-38
-69
-90
-88
-123
-156
-197
-209
-182
-164
-118
-107
-157
-148
-129
-148
-120
-124
-101
-99
-131
-117
-96
-107
-99
-78
-71
-45
-41
-7
-2
-9
-12
-23
-50
-20
-27
-9
-10
-20
-7
-15
12
2
-11
-27
-60
-58
-29
-43
-27
-5
-6
27
12
39
65
40
24
-24
-66
-64
-64
-41
-26
-45
-65
-82
-69
-36
-51
-38
16
14
48
24
5
-18
-55
-63
-83
-111
-90
-56
-32
-54
-55
-48
-30
-47
-25
4
-6
42
22
-1
11
6
25
24
-17
-14
19
64
101
103
51
61
46
50
53
64
126
130
152
133
83
40
16
38
63
22
33
74
60
59
-25
-37
-20
-24
-30
-47
-36
-21
-29
-26
-23
-49
-81
-75
-55
-67
-49
-31
-8
-41
-77
-109
-70
-42
-33
-16
12
45
44
43
-1
16
47
63
70
50
15
27
7
20
44
58
104
109
63
60
72
107
163
206
209
156
131
150
158
123
127
116
127
86
73
88
106
138
131
106
67
65
60
68
42
44
24
32
60
3
-34
-45
-17
11
15
1
-17
-34
-60
-87
-127
-117
-137
-163
-171
-196
-198
-176
-195
-227
-225
-206
-159
-159
-183
-220
-217
-212
-247
-255
-228
-216
-186
-156
-165
-154
-151
-118
-76
-68
-50
-48
-47
4
-15
-7
-25
-13
12
47
40
98
126
113
95
87
36
38
38
28
36
44
75
56
40
59
53
58
76
74
92
37
6
3
-30
-31
-18
-32
14
0
15
55
17
-11
-20
1
21
37
25
1
-1
34
52
53
95
104
116
94
64
63
77
71
75
63
22
86
103
69
86
34
32
56
47
62
51
35
46
46
26
-11
-40
-21
-23
-50
-75
-86
-56
26
42
43
52
30
58
56
46
54
23
40
11
-21
-21
-22
-15
-13
-48
-70
-68
-78
-59
-35
11
38
43
29
8
-30
-15
-20
-30
27
51
43
50
68
54
32
5
15
21
46
61
60
67
51
26
-10
12
15
30
12
31
-19
-57
-37
-49
-34
-31
-65
-55
-69
-65
-45
-47
-42
-35
-20
-22
4
-2
4
-14
-3
8
-29
-61
-65
-27
1
-11
-16
6
31
79
84
57
39
40
73
39
13
-17
-24
1
-4
-38
-58
-46
-30
-21
-17
-54
-47
-41
-19
-32
-25
-35
-66
-66
-55
-80
-57
-70
-73
-44
-69
-38
-51
-41
-51
-60
-92
-76
-88
-81
-44
-26
-27
24
-4
-32
-32
-52
-31
-43
-29
8
51
58
67
59
60
48
87
84
78
78
35
20
64
88
67
63
37
43
47
29
10
9
9
17
1
-14
-10
3
30
34
23
23
12
-8
-7
-1
17
25
59
33
-2
20
43
57
55
16
9
-5
3
-6
-30
12
30
54
62
61
44
29
13
7
23
25
44
105
110
68
48
0
4
27
35
35
1
22
-2
36
23
27
13
-2
-17
-25
-51
-82
-81
-85
-67
-73
-107
-111
-112
-113
-78
-82
-108
-128
-140
-158
-167
-135
-109
-98
-71
-65
-41
-65
-64
-79
-43
-18
-49
-49
-32
-15
-38
-31
-37
-61
-72
-39
-64
-69
-64
-30
-7
13
24
20
-11
-10
-7
9
42
60
40
10
-7
8
-3
-35
-2
5
13
28
31
86
71
55
72
71
44
45
40
26
56
34
72
108
119
90
82
141
166
141
82
74
61
127
162
146
141
115
115
76
56
83
92
80
72
12
10
55
39
52
76
62
100
123
113
120
91
115
70
42
54
69
90
99
75
51
35
26
55
24
-35
-21
30
60
62
42
-31
-42
-30
-69
-80
-60
-67
-87
-60
-76
-98
-114
-131
-135
-138
-143
-139
-109
-97
-116
-135
-83
-110
-116
-112
-114
-98
-69
-123
-102
-95
-70
-63
-93
-72
-100
-108
-97
-85
-83
-94
-64
-3
-2
-14
-43
-57
-26
1
12
7
12
19
41
67
37
51
3
-35
-45
-75
-85
-66
-68
-97
-72
-115
-108
-65
-65
-89
-117
-101
-154
-171
-155
-113
-75
-70
-57
-52
-67
-85
-54
-32
28
80
85
118
112
98
100
71
63
55
44
55
80
112
125
94
107
117
136
119
135
163
180
174
155
137
99
71
69
116
143
135
134
162
152
170
138
110
142
129
125
117
85
50
18
23
42
29
40
49
-7
-25
-11
-58
-52
-108
-105
-72
-58
-40
-44
-42
-67
-113
-160
-178
-152
-100
-84
-62
-30
-16
-7
-31
-25
-23
7
-26
-15
-17
-35
-32
-50
-8
-24
-13
-41
-41
-24
8
40
27
9
-15
1
-12
4
32
20
-1
-7
-4
-12
-52
-75
-54
-4
35
-11
-50
-54
-93
-109
-105
-94
-83
-50
-27
-31
-48
-52
-24
-16
-5
-24
-23
2
4
27
13
7
23
22
7
39
54
50
65
48
26
48
26
42
28
-1
-19
-3
24
11
38
38
20
33
55
61
69
91
68
67
85
101
121
117
150
146
134
104
92
111
95
74
113
137
159
147
125
76
74
58
59
43
11
46
-12
-37
-70
-105
-104
-82
-90
-100
-111
-129
-142
-162
-154
-176
-208
-162
-178
-246
-231
-212
-226
-248
-318
-310
-282
-275
-245
-249
-210
-201
-197
-186
-185
-171
-166
-100
-65
-53
-50
-58
-38
-12
78
86
96
101
109
126
149
160
171
179
224
238
237
221
208
247
254
249
230
209
185
203
228
196
188
184
167
144
168
190
192
197
213
172
136
119
103
125
147
109
77
70
49
20
11
30
0
-1
-3
1
-30
-38
-91
-100
-108
-141
-130
-133
-149
-113
-151
-184
-160
-176
-156
-156
-156
-165
-174
-171
-154
-134
-136
-138
-129
-114
-118
-96
-100
-114
-124
-121
-128
-123
-116
-90
-58
-57
-24
-20
-3
29
37
82
101
50
23
-17
-20
-7
2
62
91
79
90
89
60
33
68
56
93
97
71
52
16
33
26
60
50
29
64
86
53
73
61
15
43
20
6
18
57
53
26
8
-13
-69
-71
-60
-71
-101
-131
-134
-162
-188
-188
-176
-195
-176
-151
-157
-177
-155
-114
-103
-95
-104
-97
-54
-23
-3
-6
13
38
53
75
92
127
144
164
157
134
162
162
155
143
127
119
123
107
109
120
120
176
161
150
106
93
113
112
105
130
153
203
234
201
146
110
124
99
84
99
106
104
113
105
100
62
65
67
105
112
93
77
39
46
18
-18
-62
-99
-101
-105
-99
-126
-154
-147
-142
-200
-208
-226
-230
-203
-227
-280
-264
-235
-250
-268
-304
-272
-253
-226
-218
-208
-179
-146
-105
-121
-158
-130
-96
-92
-54
-41
-2
87
87
103
60
57
109
99
137
187
194
229
180
154
148
145
161
125
112
89
116
125
116
73
21
18
-2
-7
-31
-25
-25
-37
-86
-128
-146
-134
-82
-77
-89
-82
-94
-91
-92
-111
-70
-37
1
25
32
51
36
46
75
90
120
140
154
192
148
148
169
166
211
229
208
155
152
146
119
58
41
-2
-53
-24
-71
-119
-133
-146
-170
-223
-226
-220
-238
-258
-259
-307
-326
-352
-338
-341
-332
-297
-289
-279
-235
-193
-201
-185
-119
-51
9
61
74
97
125
207
262
339
399
448
477
458
499
533
526
559
554
503
500
495
443
385
325
261
219
179
98
36
-68
-182
-266
-317
-344
-380
-450
-488
-526
-576
-634
-691
-688
-709
-716
-708
-727
-666
-627
-583
-488
-429
-365
-235
-74
91
227
365
514
612
773
858
899
984
1042
1096
1117
1139
1148
1101
1031
960
892
791
695
584
439
316
124
-46
-186
-341
-487
-639
-818
-957
-1044
-1144
-1212
-1333
-1412
-1442
-1456
-1488
-1507
-1521
-1454
-1377
-1251
-1135
-940
-630
-374
-152
20
143
400
722
1054
1286
1422
1500
1550
1615
1672
1732
1837
1893
1909
1802
1693
1551
1394
1180
968
807
634
494
332
127
-110
-377
-620
-808
-945
-982
-1070
-1147
-1260
-1403
-1518
-1636
-1687
-1707
-1733
-1770
-1851
-1951
-1986
-2014
-2003
-1957
-1924
-1854
-1747
-1586
-1409
-1160
-822
-440
-94
113
262
414
751
1195
1529
1818
2001
2081
2191
2335
2420
2627
2802
2827
2862
2751
2619
2490
2292
2045
1843
1605
1416
1198
944
701
416
131
-157
-393
-517
-623
-695
-771
-895
-1046
-1179
-1237
-1315
-1310
-1360
-1441
-1557
-1614
-1663
-1687
-1736
-1829
-1908
-1940
-1897
-1831
-1784
-1811
-1845
-1916
-1886
-1782
-1506
-1099
-755
-568
-464
-364
-60
400
816
1164
1405
1505
1669
1843
1955
2167
2375
2416
2427
2354
2214
2102
1952
1727
1476
1244
1016
876
672
419
202
-103
-318
-454
-532
-528
-553
-663
-717
-751
-815
-791
-778
-792
-822
-918
-1044
-1105
-1191
-1257
-1333
-1516
-1632
-1724
-1775
-1746
-1794
-1861
-1913
-1916
-1855
-1625
-1298
-934
-668
-567
-565
-331
179
713
1162
1491
1629
1793
2031
2194
2429
2700
2850
2913
2894
2755
2625
2500
2306
2079
1833
1614
1425
1210
922
625
270
-34
-263
-406
-426
-442
-537
-711
-881
-1032
-1127
-1161
-1182
-1230
-1322
-1427
-1561
-1679
-1794
-1913
-2094
-2268
-2405
-2436
-2413
-2448
-2525
-2652
-2661
-2572
-2436
-2093
-1639
-1258
-956
-851
-723
-273
369
980
1474
1799
2052
2357
2686
2927
3174
3427
3555
3659
3673
3607
3523
3344
3020
2754
2462
2164
1968
1683
1345
1008
608
218
-64
-263
-369
-441
-654
-883
-1075
-1222
-1367
-1524
-1627
-1776
-1968
-2116
-2253
-2417
-2544
-2708
-2952
-3083
-3163
-3187
-3156
-3174
-3228
-3234
-3127
-2927
-2586
-2083
-1553
-1155
-903
-674
-252
486
1237
1868
2377
2637
2947
3326
3618
3948
4307
4482
4554
4518
4355
4215
4035
3727
3356
2944
2538
2214
1782
1326
875
342
-213
-610
-867
-1082
-1213
-1457
-1733
-1958
-2182
-2304
-2391
-2481
-2538
-2661
-2775
-2900
-3060
-3222
-3332
-3481
-3635
-3666
-3699
-3660
-3597
-3621
-3587
-3478
-3261
-2866
-2287
-1661
-1166
-855
-571
-48
799
1616
2294
2799
3101
3473
3890
4226
4597
4968
5130
5159
5018
4755
4537
4300
3922
3480
2995
2518
2103
1646
1114
565
-56
-671
-1114
-1430
-1642
-1784
-1956
-2200
-2468
-2655
-2724
-2721
-2728
-2760
-2836
-2925
-2972
-3033
-3096
-3208
-3327
-3384
-3381
-3344
-3265
-3254
-3290
-3216
-3027
-2699
-2220
-1558
-927
-515
-249
14
629
1498
2329
3027
3502
3789
4083
4499
4793
5175
5527
5642
5602
5447
5109
4825
4490
4002
3517
2934
2411
1926
1400
815
214
-467
-1109
-1566
-1835
-1964
-2071
-2262
-2524
-2749
-2930
-2970
-2963
-2991
-3030
-3017
-3055
-3136
-3195
-3294
-3430
-3602
-3684
-3702
-3697
-3692
-3749
-3780
-3686
-3525
-3233
-2673
-2019
-1458
-1031
-816
-402
401
1334
2214
2919
3324
3688
4165
4614
5027
5486
5813
5954
5968
5745
5434
5188
4797
4236
3686
3123
2609
2139
1539
876
156
-607
-1230
-1695
-1977
-2101
-2250
-2505
-2804
-3046
-3200
-3216
-3234
-3288
-3359
-3441
-3508
-3608
-3724
-3869
-3985
-4162
-4291
-4411
-4428
-4445
-4469
-4383
-4238
-3925
-3408
-2703
-2085
-1611
-1266
-819
41
1116
2120
2968
3574
3985
4516
5079
5588
6209
6683
6923
7058
6917
6608
6344
5956
5417
4867
4264
3637
3035
2336
1574
773
-63
-837
-1460
-1856
-2164
-2412
-2736
-3145
-3472
-3675
-3754
-3800
-3894
-4043
-4145
-4264
-4346
-4406
-4516
-4552
-4668
-4840
-4983
-5050
-5073
-4973
-4851
-4635
-4235
-3634
-2913
-2281
-1805
-1413
-791
144
1246
2252
3152
3836
4360
4965
5525
6071
6724
7220
7512
7673
7556
7285
6975
6496
5875
5263
4581
3868
3151
2318
1440
517
-382
-1261
-1992
-2534
-2834
-3129
-3544
-3951
-4342
-4593
-4652
-4685
-4724
-4786
-4863
-4872
-4916
-4930
-4903
-4906
-4905
-4914
-5058
-5149
-5094
-5001
-4769
-4439
-3909
-3144
-2456
-1963
-1593
-1205
-403
758
1848
2850
3684
4300
4911
5555
6107
6760
7463
7884
8131
8150
7892
7599
7205
6570
5932
5254
4504
3808
2997
1996
1015
9
-1022
-1909
-2601
-3114
-3489
-3867
-4317
-4669
-4934
-5085
-5094
-5123
-5091
-5088
-5091
-5046
-4964
-4923
-4832
-4766
-4764
-4760
-4794
-4799
-4776
-4682
-4429
-3959
-3251
-2514
-1970
-1614
-1308
-688
362
1502
2503
3418
4084
4683
5487
6195
6843
7613
8138
8401
8579
8425
8113
7826
7263
6574
5859
5021
4154
3248
2182
1057
-121
-1286
-2313
-3176
-3846
-4400
-4889
-5407
-5933
-6271
-6483
-6566
-6520
-6494
-6440
-6400
-6336
-6236
-6126
-5968
-5798
-5674
-5565
-5489
-5372
-5232
-4990
-4645
-4059
-3154
-2305
-1710
-1247
-828
-47
1086
2172
3168
4093
4791
5513
6346
7085
7915
8803
9359
9721
9913
9766
9552
9302
8730
8088
7354
6470
5586
4571
3382
2147
885
-384
-1588
-2616
-3425
-4046
-4646
-5295
-5920
-6484
-6883
-7090
-7197
-7165
-7093
-7045
-6994
-6837
-6663
-6448
-6259
-6116
-5947
-5798
-5627
-5358
-5047
-4616
-3890
-2964
-2205
-1727
-1394
-935
-19
1169
2214
3165
3954
4550
5243
5989
6691
7586
8426
8908
9248
9314
9082
8867
8513
7920
7339
6647
5826
4959
3839
2552
1273
-43
-1378
-2494
-3406
-4156
-4765
-5461
-6138
-6650
-7072
-7370
-7514
-7597
-7533
-7388
-7299
-7171
-6974
-6787
-6482
-6209
-6019
-5760
-5481
-5154
-4786
-4423
-3865
-2941
-2009
-1296
-789
-458
142
1162
2165
3034
3871
4507
5066
5782
6429
7153
8106
8792
9188
9491
9465
9314
9189
8787
8291
7787
7091
6315
5419
4239
2920
1682
438
-808
-1928
-2863
-3636
-4391
-5148
-5880
-6563
-7129
-7546
-7806
-7890
-7846
-7874
-7869
-7796
-7656
-7450
-7157
-6879
-6591
-6253
-5967
-5531
-5085
-4587
-3701
-2567
-1650
-990
-562
-122
878
2126
3046
3870
4581
5072
5766
6549
7236
8110
8927
9393
9721
9821
9598
9433
9212
8711
8248
7673
6984
6230
5186
3839
2415
1043
-234
-1364
-2354
-3225
-4019
-4854
-5740
-6528
-7178
-7678
-8116
-8434
-8564
-8618
-8665
-8622
-8552
-8488
-8330
-8103
-7784
-7352
-6885
-6431
-5916
-5371
-4634
-3495
-2297
-1407
-729
-235
625
1961
3109
3989
4830
5338
5900
6704
7371
8180
9103
9664
9953
10110
9888
9583
9396
9002
8505
7970
7291
6679
5910
4668
3219
1778
392
-732
-1727
-2635
-3368
-4147
-5098
-5960
-6712
-7351
-7824
-8236
-8478
-8594
-8752
-8798
-8743
-8708
-8594
-8497
-8347
-7981
-7591
-7146
-6582
-6035
-5307
-4192
-2995
-2026
-1241
-607
268
1669
3001
4011
4898
5445
5945
6700
7390
8133
9061
9702
10014
10238
10023
9635
9428
8991
8436
7919
7285
6711
5997
4931
3554
2132
752
-518
-1506
-2356
-3052
-3738
-4562
-5439
-6222
-6923
-7435
-7925
-8323
-8545
-8700
-8800
-8799
-8855
-8927
-8893
-8870
-8669
-8370
-8009
-7489
-6882
-6161
-5051
-3753
-2636
-1752
-1101
-343
985
2530
3757
4863
5689
6143
6924
7722
8430
9382
10233
10703
11015
10951
10452
10129
9734
9106
8574
7931
7232
6588
5651
4351
2901
1449
52
-1072
-1914
-2618
-3271
-4012
-4856
-5679
-6456
-7158
-7679
-8064
-8379
-8555
-8299
-8282
-8583
-9142
-9610
-9516
-9769
-10219
-10423
-10511
-10197
-9522
-7580
-5219
-3319
-1694
-232
1985
3600
5420
6599
7993
9165
9054
9830
10105
10677
10917
10961
10795
10081
9516
8327
7603
6726
5508
4892
4221
3998
3427
2606
1844
1054
288
-943
-1519
-1639
-1585
-2018
-2804
-3450
-4243
-4940
-5894
-6533
-7014
-7443
-8044
-8861
-9474
-9967
-10336
-10605
-10459
-10092
-9753
-9539
-9369
-8834
-7945
-5822
-1485
1696
4711
6220
8059
10485
10357
11166
10523
11359
10425
8640
8271
7251
7449
6368
6142
5439
4658
4040
2726
2961
2368
1894
2159
2465
3313
2894
2436
1714
1210
292
-1204
-1637
-1957
-2290
-3856
-5469
-6489
-7003
-7526
-7947
-7817
-7540
-7451
-8242
-8676
-8636
-8286
-7997
-7678
-7450
-7445
-8063
-8595
-8277
-7332
-4692
848
4739
8251
9242
10087
12312
10567
10423
8573
8710
7183
4734
3754
2449
2932
2128
2943
3210
3352
3081
2585
3296
3267
2970
3716
4969
6233
5928
4685
3253
2285
932
-1026
-1969
-2503
-3015
-5120
-6748
-7736
-7555
-6921
-6177
-5041
-4535
-4322
-5216
-5778
-5840
-5496
-5629
-5857
-6829
-8567
-10229
-11261
-10211
-8202
-1585
3597
7499
10008
9338
12328
10023
9021
7488
6699
6164
2738
2003
614
1442
605
965
2287
2790
2474
1342
1430
1999
1878
2711
4425
6523
7148
5428
3537
2186
1691
129
-917
-1563
-2104
-3914
-6399
-7327
-6968
-5951
-4865
-3657
-2798
-2580
-3757
-4789
-4992
-4607
-4773
-5455
-6550
-8797
-10647
-12195
-11423
-8638
-1269
6085
9436
12519
10727
13145
11075
7517
6712
4649
4627
100
-1410
-2154
-906
-978
-1101
1208
2438
1852
283
118
1258
2001
2709
4731
7077
8493
6200
3444
1849
1369
178
-1431
-2327
-3076
-4796
-7277
-8379
-7419
-5186
-3324
-1835
-836
-1000
-2223
-3381
-3547
-3162
-3310
-4353
-5789
-8252
-10756
-12458
-11838
-8374
-1576
8298
10993
15064
12489
12820
13531
6966
7515
3620
4572
57
-2697
-3178
-2148
-157
-1134
1326
3179
3410
1482
986
1714
3341
3714
5462
7254
9579
8062
4307
2373
1297
460
-1653
-3346
-4749
-6037
-8335
-10365
-8820
-6465
-4214
-2206
-1724
-827
-1946
-3618
-3717
-3347
-3203
-4489
-6635
-9373
-11696
-13911
-12732
-9598
-876
9920
11811
16332
11915
12955
12776
4529
4715
364
1772
-2645
-4995
-4513
-2718
-111
-1884
122
2641
2629
1201
793
1789
3869
4603
5681
7137
10286
8787
4779
2411
1371
396
-1476
-4191
-5576
-6533
-8575
-10382
-9008
-5126
-2505
-286
242
970
88
-1416
-2257
-1417
-1350
-2981
-5604
-8468
-10703
-12685
-12235
-9184
134
11766
13761
17144
13448
13345
13492
3486
2794
-1295
-273
-3801
-6890
-5451
-3439
64
-2149
-503
2762
2876
1531
715
1341
3333
4096
4863
5918
9228
8124
3199
414
-1046
-2075
-3335
-5346
-7411
-7247
-9382
-11554
-9575
-5997
-2003
1110
1523
2458
2034
-273
-1137
-1279
-738
-1955
-4443
-7882
-10461
-11792
-10849
-7351
1140
14425
15358
18833
13699
12818
14234
2187
2336
-2834
-1015
-3762
-6827
-5005
-3001
1482
-1462
-1036
2419
2518
1524
-56
-687
2142
3626
3942
4211
8257
7304
2152
-1618
-3642
-4232
-4784
-7243
-9077
-8425
-10033
-11872
-10453
-6448
-2170
2533
2784
2881
2282
-243
-1385
-1661
-1386
-2261
-4091
-7940
-10944
-11915
-10217
-6734
2215
15151
16122
19614
13520
12597
13640
1667
1757
-3354
-1318
-3580
-5847
-3664
-1989
2409
-468
-324
2643
2161
1213
-346
-1671
626
2685
3912
4122
8239
7137
1662
-2343
-5019
-5099
-5131
-6025
-8327
-7224
-9454
-11664
-8521
-5650
11
3629
3873
4030
2492
-397
-2000
-2421
-2357
-2906
-5014
-8521
-11392
-12431
-10594
-6747
3127
17085
17348
20460
13786
13259
13876
160
922
-4328
-1286
-3964
-6449
-2912
-367
3817
-145
-115
2762
2091
668
-1615
-3267
480
2856
4000
4275
7712
6816
796
-3634
-6226
-5170
-4864
-5994
-7793
-7847
-9326
-12887
-9771
-5321
225
5283
4228
3153
2021
-1530
-3710
-3440
-3606
-3579
-5096
-9470
-11370
-12064
-10672
-5908
1642
16922
18060
20247
15276
11241
15089
369
384
-3996
-1740
-1697
-6251
-2676
-740
5060
1792
741
4157
3803
2052
-896
-3998
-660
3127
5468
5844
8758
8360
1723
-4098
-8007
-6992
-5256
-6129
-8003
-8366
-9660
-13058
-11856
-7158
-1387
4279
4161
2379
1148
-1869
-4126
-4459
-4433
-4482
-5305
-9748
-12197
-12332
-10340
-5497
4484
19069
18184
21183
12966
12869
13470
-1995
185
-5734
-270
-2600
-4905
-1154
2458
7960
2868
3344
5746
5383
3968
-60
-2573
1232
4606
5868
6629
9855
8314
1300
-5078
-8555
-7604
-6150
-7584
-8508
-8760
-10192
-13311
-11550
-6445
-1086
3465
1902
554
-1010
-3428
-4873
-4659
-4381
-4696
-6143
-11595
-13240
-13317
-9614
-4619
8083
20276
17954
21158
9891
14165
8802
-3882
-1318
-7160
305
-4263
-3679
-592
4944
8570
3432
5349
6173
5609
4142
-1041
-1752
2331
5380
6049
7234
10195
7919
476
-6489
-9114
-7736
-7078
-8331
-9533
-9229
-10249
-13122
-9336
-5445
641
3451
1528
-446
-2517
-4318
-5304
-4499
-4590
-4973
-6828
-11463
-13282
-13284
-9763
-2966
10575
21018
18636
20731
10626
14351
6582
-4540
-2286
-7093
-210
-4808
-2920
745
6209
8848
4470
6163
6726
5907
4163
-825
-618
3330
5831
6734
7753
10083
7914
530
-6249
-8368
-7510
-7249
-8750
-9812
-9112
-10130
-12619
-9028
-4305
2110
4048
1523
-1252
-3254
-5252
-6397
-5397
-5089
-5246
-7316
-12313
-13637
-13202
-10029
-3301
10140
21418
19324
19998
10225
13943
6197
-5424
-4190
-7935
-915
-4619
-3303
754
6979
9595
5186
6442
7129
6125
5116
-149
80
3963
6163
7217
7400
9787
7994
979
-5798
-8269
-7601
-7339
-8146
-9407
-8413
-8668
-11448
-7387
-3828
1784
3546
620
-1626
-4112
-5873
-7022
-6245
-5947
-6270
-8782
-13182
-14248
-14395
-10870
-4047
11020
21534
19214
19845
10042
15428
4977
-6054
-5096
-8734
-912
-5326
-2853
1943
8942
10371
5742
6826
7024
6645
5286
242
1406
4738
6607
7254
7886
10174
8100
1161
-5473
-6916
-6322
-6024
-6909
-7898
-6959
-7659
-10579
-6693
-2631
3017
3970
669
-2412
-4966
-6914
-8501
-7409
-6969
-6611
-9255
-13246
-14268
-14507
-10686
-5025
6175
21090
18238
20067
11271
12208
9416
-6303
-4810
-9720
-2720
-4198
-4629
461
5712
10590
5600
5911
7318
6107
5907
1093
365
3766
6089
8263
7797
10450
9601
3071
-3776
-6248
-5566
-4635
-4926
-6530
-6560
-6501
-9871
-7309
-2398
1477
4431
1429
-2543
-4666
-7097
-8500
-7255
-7158
-6830
-8569
-12693
-14560
-14927
-11170
-5973
6443
21093
18837
20706
11508
12797
9420
-7273
-5344
-10708
-2739
-4170
-4918
369
5670
10590
5341
6219
7399
6720
6548
1813
815
4129
5719
7772
7277
10264
9775
3222
-3157
-5515
-5079
-3834
-4271
-6156
-5857
-6064
-8897
-6541
-2287
1963
5036
2234
-2202
-4884
-6983
-8488
-8022
-7502
-7167
-8312
-11688
-14585
-14035
-11565
-6071
1643
18491
19108
18615
14210
8392
11843
-6051
-7563
-11144
-6748
-2933
-6491
-1265
2941
10160
6820
5598
7781
7010
7128
3488
567
3971
5981
8871
6950
9020
9878
3788
-2031
-5387
-5020
-2894
-2532
-5477
-5724
-5588
-7537
-5763
-1167
1833
5663
3805
-1487
-4052
-6513
-7835
-7478
-7129
-7487
-8120
-11603
-14457
-14909
-12940
-7290
-522
17535
19337
18376
15589
7846
12275
-5102
-8326
-11190
-7907
-2890
-7162
-1749
1866
9532
7592
5454
7659
7187
6638
3592
17
3146
5199
7743
6442
7723
9390
3672
-1864
-5077
-4605
-2267
-1542
-4674
-4818
-4968
-6503
-5724
-1572
2329
5934
4942
-736
-3142
-5787
-7059
-7407
-7219
-7202
-7881
-11024
-14112
-14559
-12892
-7496
-2230
15168
20423
18015
17451
7171
13022
-1536
-8792
-9725
-9553
-2285
-6777
-2998
610
8703
8589
5117
7071
6775
5852
3609
-865
1789
4856
7757
6532
6672
8945
3823
-1520
-5167
-5045
-1394
-25
-3442
-4631
-5091
-6198
-6499
-2107
1361
5959
6166
-206
-3084
-5808
-7219
-7748
-7423
-7362
-7377
-10278
-13523
-13986
-13002
-8521
-3710
10059
21745
17282
18908
8573
10499
4256
-10082
-8878
-11383
-3066
-5610
-4269
-389
6563
9817
5752
6441
7124
5467
3976
-296
419
4542
7077
7299
6029
8564
4654
75
-4040
-4955
-1361
962
-2210
-4545
-5287
-6121
-6486
-3533
186
4679
6842
568
-2589
-5073
-6900
-7597
-8066
-7537
-6883
-9005
-12982
-14292
-13811
-10484
-6180
4476
20780
18542
18994
10919
7895
8911
-9345
-9964
-12735
-5459
-3897
-5981
-1871
3912
10798
6790
5654
7200
5736
4698
850
-869
3570
6639
7876
5532
8220
6108
2164
-2380
-4721
-1358
1857
-305
-4051
-4940
-5597
-5396
-4556
-724
3609
8085
3220
-1342
-3791
-5392
-6032
-7407
-7085
-6538
-6845
-10632
-13655
-12966
-10954
-6559
742
16724
20812
18344
15047
5491
10697
-4956
-10813
-11127
-8452
-1822
-5408
-2853
1092
9216
7680
5243
6980
5935
4752
2186
-1893
1492
4778
7227
5386
6673
6181
2668
-1369
-5281
-2456
623
-358
-4169
-5835
-6037
-6069
-6126
-2114
1464
6301
3563
-1207
-2682
-5384
-6137
-7321
-7351
-6529
-6662
-9427
-13003
-12908
-12299
-8043
-1707
12326
21906
17095
17422
5597
9970
-807
-12278
-9746
-10766
-1377
-4971
-3137
290
7962
9051
5094
7075
6352
4988
3713
-1299
903
4413
6994
5885
6193
7061
4031
556
-4247
-3008
533
960
-3164
-4746
-6038
-5003
-5807
-3457
755
5768
5475
429
-1263
-4242
-4493
-6882
-7630
-6392
-6240
-8592
-12371
-13314
-12308
-9754
-4403
6613
20391
18860
16727
8721
6296
5000
-11174
-10354
-10797
-4213
-2167
-4937
-1271
4813
9683
5850
6381
6665
5203
4327
-314
-1531
3023
6245
6496
6231
6723
5183
2037
-3254
-3664
-244
1481
-1997
-4631
-5625
-5128
-5245
-4960
-82
4630
6527
2199
-429
-2376
-3601
-5613
-7363
-5901
-5314
-6592
-10343
-12334
-11549
-11155
-6403
-766
15673
20522
15943
13067
2694
9113
-5769
-11250
-9881
-7451
369
-4966
-3030
713
9157
7409
5471
6753
5584
5255
1122
-3002
646
4775
6391
6172
5569
5955
3861
-1760
-4013
-1891
1175
-695
-4237
-5814
-5693
-4570
-6524
-2596
1905
6094
4326
495
-1619
-3319
-4439
-7257
-6241
-5520
-5127
-7827
-11404
-10927
-12191
-8828
-3477
6045
21308
15823
15408
6136
5060
4365
-11343
-7460
-9228
-753
-1483
-4641
-1126
5057
9729
5929
6537
6435
5725
3371
-2224
-2326
3438
5546
6954
5301
5645
5524
138
-3050
-2842
751
1251
-2308
-4972
-6501
-4555
-7026
-5114
303
3997
6306
2073
-562
-2507
-3703
-6835
-6834
-5695
-4845
-5894
-10193
-11560
-12646
-11290
-6327
-1287
13953
20508
15491
12799
1949
7122
-3618
-9414
-7647
-5863
2242
-3984
-3435
-548
7693
7466
5488
6270
6124
4732
152
-4007
-116
4574
6876
6702
4820
6743
2752
-838
-2701
-1092
1781
-452
-3514
-6139
-5141
-5911
-6603
-2730
1242
5460
4962
1208
-1193
-2194
-4455
-6540
-5448
-5418
-4594
-7340
-10875
-12431
-12111
-8398
-4062
4366
19543
17781
15057
7225
2410
6852
-7527
-6032
-7289
-379
547
-5352
-3010
2277
8662
5823
5194
5778
5021
1433
-3072
-3642
2472
5947
7722
5001
5976
4560
466
-1564
-2672
1254
1273
-1539
-5718
-6706
-6623
-7760
-5566
-1546
3482
5907
3346
-381
-1442
-3530
-5895
-6175
-5168
-4533
-4752
-8059
-11516
-11546
-10414
-6900
-2516
8061
20950
15728
13899
3085
4793
5495
-7187
-3722
-4861
3041
-1231
-5467
-2652
3665
8669
4583
5188
6280
2713
540
-3825
-1336
4777
7330
7059
4667
5266
2334
48
-2133
-1260
942
54
-3932
-6198
-7659
-8092
-7417
-5284
-531
4067
5268
2694
55
-2354
-4093
-5650
-4892
-4807
-4257
-5198
-9854
-12001
-11693
-10295
-5995
-1407
9881
20783
14701
11717
1087
7013
5065
-5264
-1947
-3770
4221
-3164
-5901
-3787
4000
7878
2958
5490
3350
1713
-776
-4077
233
5557
7730
6152
4026
3539
1910
-533
-1055
-655
1076
-609
-5072
-7062
-9569
-8547
-7145
-3679
2082
5315
5407
3215
355
-2332
-4022
-3910
-3632
-2920
-2759
-6169
-8887
-10521
-11695
-9706
-4646
-1045
11044
20900
13572
12785
2443
9090
7323
-2818
-115
-2123
4121
-4609
-6459
-4804
3929
6716
2326
3630
2070
1189
-1481
-2179
683
6035
6926
5024
2359
3155
1218
71
-588
-1235
306
-2509
-5307
-9999
-10006
-8600
-7910
-2122
903
4318
6357
2352
-94
-3110
-2731
-3160
-2359
-2088
-3697
-5643
-9239
-12093
-12132
-8840
-5044
-51
12763
20056
12911
11925
2853
11181
8119
-1687
1001
-94
3277
-6090
-7176
-4951
3901
5166
903
2544
2261
721
-715
-1248
1115
5845
5948
3583
2194
3212
605
392
-1130
-1933
-701
-3401
-7883
-11027
-10573
-10110
-5651
-2279
1298
4946
5009
2340
-1805
-1579
-2552
-2318
-1407
-3991
-3854
-5970
-11064
-13365
-11202
-8413
-4915
143
13258
19756
15673
11374
4591
15869
8700
1115
1683
87
3004
-6446
-7943
-4485
5344
4416
722
3010
2400
2201
1573
-541
2081
7401
5606
2989
2661
2560
1254
1442
-2337
-2397
-817
-4791
-9298
-11918
-11361
-8765
-4980
-2652
2425
6019
6437
994
-1229
-698
-2039
-540
-3864
-3976
-3557
-8215
-12995
-13200
-10299
-9160
-4760
-1267
13486
19350
12787
10221
6060
17038
7614
2666
1163
828
3214
-8868
-7748
-4273
4500
2561
-249
2261
2136
3291
829
-1533
2732
6987
4271
2680
2289
2299
1999
828
-3306
-1598
-1035
-6721
-9858
-12747
-10081
-7673
-4447
-1287
3271
7031
4488
634
-348
-341
87
-1710
-3474
-2942
-5405
-9208
-13293
-11251
-10433
-8453
-5637
-3200
11279
19335
14110
14284
7150
16630
14694
3295
3012
265
3608
-7461
-8886
-7327
1720
4490
-1520
1808
3337
4248
1264
-936
1928
6454
4883
2695
1425
2713
2830
131
-3312
-3056
-2623
-7454
-11273
-13033
-10238
-7410
-4359
-2107
2479
6291
3848
1345
157
1057
-184
-1386
-2313
-3813
-4749
-9451
-11687
-10509
-9614
-9363
-7539
-2561
4370
18394
15621
14601
12017
12695
19737
5869
4670
731
2051
-3361
-10879
-8527
-2708
5580
-777
1406
4278
4431
2341
221
224
4521
6078
1788
1554
2553
2531
-822
-3013
-5690
-3636
-7738
-11007
-11590
-11049
-6231
-5794
-2446
1117
4252
4057
1931
1559
500
-252
-505
-2955
-3380
-5612
-8048
-10154
-10543
-10306
-10808
-7223
-4532
1172
14709
18444
15513
15120
10792
19599
12532
4027
2525
820
-517
-10119
-9161
-4926
4839
3446
685
4740
5102
3161
991
-999
2715
6550
2618
1864
2235
1929
-801
-3806
-6992
-5490
-6419
-9399
-10514
-10284
-6468
-6251
-3620
-1190
3409
5532
3769
2093
-69
1087
-1342
-3608
-4414
-4928
-6030
-9289
-11254
-11102
-9883
-9173
-5839
-645
9385
20209
16258
16915
11769
15901
17912
4511
4623
-490
405
-6886
-10267
-6395
1411
6602
237
4401
5519
3758
1449
-1860
557
5458
4445
2016
1790
2004
-1287
-4568
-7423
-7315
-4966
-8740
-8984
-10052
-7395
-5836
-5802
-1679
2327
5706
3855
2349
441
620
-1275
-4190
-3924
-3068
-4589
-8759
-10590
-10083
-9795
-9061
-7381
-2123
5234
16461
19315
16576
15568
11215
18211
11636
3968
2181
-483
-2456
-9641
-8131
-2980
6419
4332
3002
6197
3827
973
-2280
-969
2833
7050
2698
1371
1702
-1629
-5399
-7943
-6831
-6295
-4493
-9253
-9233
-6848
-8094
-6411
-3142
2235
4422
3905
843
404
187
-3084
-4733
-3645
-1233
-3774
-7759
-9023
-9333
-9481
-9643
-9680
-2851
3389
7517
18850
16940
17770
12322
10887
18106
7151
5643
-555
-1094
-4645
-9225
-5224
703
9442
5102
5329
4093
489
-1277
-1219
1177
5866
6099
2213
834
-1772
-4681
-6967
-6987
-6332
-3819
-5084
-6675
-8210
-7673
-6423
-4614
817
1825
4115
3043
166
-704
-3425
-4533
-2150
-703
-2928
-4561
-7380
-8927
-9146
-10395
-8441
-3245
1199
3376
10895
19455
15485
14902
8916
13741
17793
5629
2964
-1924
-845
-6632
-7482
-1836
6583
11096
2716
1535
93
-1290
-1626
25
2674
6114
3993
-2402
-3195
-4491
-6908
-5709
-5975
-4089
-2599
-6076
-7715
-8409
-6452
-5204
-1661
1564
1723
1792
-611
-3503
-3667
-3910
-3063
-153
-761
-3452
-6228
-8132
-9050
-8890
-7032
-3376
329
2686
3590
12496
18203
14618
13212
8838
16805
14159
3165
677
-2218
-808
-5429
-3354
2524
10100
6721
-857
-77
-1085
-130
-608
938
3412
4463
-721
-4691
-4555
-5038
-4610
-5022
-4030
-3285
-4121
-5488
-7528
-7268
-5084
-3060
-626
831
-523
172
-2722
-4140
-2876
-3104
1083
740
-2302
-4571
-7465
-7691
-6907
-4955
-2346
-385
626
1583
2335
11528
17485
13959
13879
7507
14188
11970
1166
745
-986
1997
-1451
150
2892
7864
5231
-3122
-513
-99
-232
280
479
1137
2127
-2676
-6839
-4592
-4116
-3321
-2827
-4752
-4343
-3335
-5779
-7323
-5784
-3513
-2263
-1566
-1593
-3105
-1086
-3143
-3979
-244
463
325
-1176
-4097
-6271
-5304
-5423
-4493
-374
29
-741
-1401
-1354
536
11848
17682
12922
12533
4350
11165
10286
1345
2663
2958
6369
397
563
1782
6574
3367
-4308
-818
-422
-347
-2011
-1802
-751
-127
-4742
-7867
-3465
-1147
-2082
-4185
-5298
-4017
-3294
-4577
-5540
-3602
-2029
-3579
-3715
-3442
-3005
-1094
-1372
104
1706
-664
-1821
-2929
-4300
-2924
-2745
-2766
-41
1828
-297
-2430
-3233
-411
4544
8362
15746
11735
9272
3987
5254
13205
5922
7905
6257
6513
2384
-1066
769
3347
4257
-4620
-1434
-1127
-3156
-3908
-4944
-2254
-755
-3606
-5865
-1824
-1262
-3706
-5744
-6517
-3360
-1056
-2779
-4092
-3086
-5029
-6074
-6083
-4822
-381
889
1467
-512
-2063
-3882
-5341
-3440
-1906
-412
-580
-1198
542
1175
-2221
-3583
-1368
1619
3779
2036
8870
10800
6854
3949
2971
16078
14428
9289
7622
5630
4957
-747
-587
1201
4691
-902
-4699
-2183
-3938
-4058
-3804
-1650
241
-90
-3989
-4992
-2022
-3025
-4707
-3215
-570
826
-480
-4394
-5973
-5660
-5957
-4725
-1039
2765
2194
327
-3917
-5331
-4302
-4013
-1441
1547
2897
-133
-1661
-2050
203
894
-651
323
303
-802
-4646
-733
7938
7133
7643
5667
11382
18390
9903
6451
3870
4073
1241
-1479
-22
1121
2101
-6621
-6281
-3267
-3874
-1258
-1100
-43
-744
-4502
-8811
-4988
-747
-1052
139
-1468
-787
-2153
-5876
-6762
-4899
-1499
-544
1074
1516
-182
-2836
-4189
-4091
-2373
-1049
489
3536
2911
-498
-3171
-509
2361
3413
1683
-1417
-2427
-6868
-7628
-6373
1180
12500
11173
11083
7207
10620
15834
6817
5643
4297
4780
1691
-2995
-1856
-606
-628
-7298
-3742
404
-1254
-2101
-4801
-4354
-4364
-5875
-6164
-368
3260
-162
-3317
-5756
-5438
-3758
-3676
-2420
1569
2548
-851
-2892
-3071
-2749
-2182
-1907
-782
1187
926
-507
778
1652
678
1158
2733
2924
1246
-2751
-7027
-7011
-7134
-5793
-191
5107
14217
13022
8124
5887
5552
15047
11496
7798
6733
2380
-505
-4776
-2569
172
3586
-734
-3056
-395
-5544
-7444
-6777
-2847
14
-1425
-3074
-2377
781
-5211
-9657
-6136
-2121
3060
2950
1195
727
-41
-4153
-5721
-1814
664
2373
972
-1230
-2263
-1229
-938
749
3685
3445
1358
-1412
-2915
-4193
-4478
-5859
-5521
-2143
-708
1037
1686
7827
11100
5549
5209
3236
12896
15462
4519
2587
-965
24
-410
666
2778
3896
104
-9370
-6081
-5592
-4160
-576
8
566
-2980
-6708
-9352
-5245
-3189
-4161
-740
1672
3925
3262
-229
-2515
-2203
-708
-670
1107
2827
1371
-1087
-2674
-3154
-442
1111
1678
3049
1172
-2538
-5525
-4850
-1885
-1156
-760
-404
-268
-1583
-3506
-2252
399
8481
8897
4622
4604
2269
9708
9800
3563
4875
4537
3620
1351
881
-1323
-1588
-3395
-6833
-338
482
-1957
-2212
-4795
-6756
-8768
-7910
-4727
2197
3204
-928
-449
429
1848
784
841
2072
3293
2974
-654
-777
415
-692
-1994
-1330
-602
-132
107
-973
-1495
-1804
-3511
-2971
256
2428
1795
-678
-2415
-3921
-3687
-3007
-1597
1268
7417
5828
753
1389
2430
13871
13759
5947
5871
2492
1720
-913
-341
767
1362
-1843
-6425
-1507
-4269
-7733
-7361
-6498
-3309
-3999
-4202
-1452
3027
538
-4437
-2426
2522
6290
5266
2838
2090
1506
-2198
-3822
-1638
836
558
-2009
-2541
-3548
-2833
-2474
-1221
1233
697
-441
-454
-58
-604
-1333
-2693
-2066
-3097
-4574
-3985
-3787
-3563
1045
5163
4448
6672
5534
11997
16425
6473
3834
2442
2886
4117
1912
528
-668
-2608
-7957
-5287
-2691
-4547
-1871
-1452
-1938
-3300
-4741
-3526
731
3958
1011
2523
5099
5933
4793
592
-1429
-1320
-191
-1638
-401
-300
-2265
-4231
-5597
-3209
-1487
423
1503
1515
538
-2987
-4514
-2816
-1758
-1676
-2440
-3519
-4935
-6867
-8342
-6079
-2090
1036
7719
8589
6154
5536
4456
12662
11506
5418
6127
2033
1940
-600
-1466
26
-1214
-3443
-4824
744
-1877
-4388
-4200
-4114
-1379
-3611
-1331
2824
7360
5512
-918
-77
1869
4349
2549
720
1450
29
-2269
-5687
-4325
-1308
-1522
-1572
-942
833
351
-1321
-1921
-2265
-2525
-4101
-4200
-1921
-2157
-4254
-6239
-6002
-4112
-3862
-2607
-791
1415
2525
5626
5174
4609
5655
5940
13304
10054
3025
2803
1588
3559
2649
1448
875
-704
-4039
-7384
-1786
-1648
-2708
-985
-1283
990
-309
-802
1601
4859
2969
-1198
1125
3992
5386
2102
-2347
-3674
-3887
-2458
-1991
1006
2933
193
-1954
-3576
-3725
-2722
-2266
-2721
-1748
-2697
-5454
-5034
-3272
-1843
-1500
-3019
-2691
-1320
-2184
-3077
-2769
-932
-268
5503
6392
4207
4502
4584
13470
12533
5457
3241
1812
3769
1136
-322
-1204
-1568
-2080
-3325
1323
-423
-2578
-2546
-2149
106
-1227
253
3281
4496
1594
-3807
-2813
-78
1584
406
-2021
-1238
-868
-258
-1651
-1054
-330
-3291
-4358
-4864
-2971
-794
-2226
-2748
-2635
-2593
-3858
-2592
-605
-1411
-2110
-4298
-3385
-1619
-2288
-2618
-2106
-398
-524
1258
8050
9068
7973
5400
5171
11805
9129
2435
2224
3172
4474
3120
2106
768
-1262
-2895
-4273
1452
1325
-1711
-110
955
492
-3107
-3370
-1144
1144
-566
-4594
128
4443
2142
-1954
-4144
-2706
-1241
-1338
-2118
202
381
-3442
-4503
-3169
-1161
-1308
-1929
-3090
-3538
-4521
-6940
-4847
-2558
-1449
-2176
-2787
-1123
572
1309
-229
-196
1411
1070
3020
7601
6066
3429
2293
5054
13751
10117
3466
3483
2357
4383
2101
2180
2893
659
-986
-1882
1881
-636
-3355
-2716
-2383
-1791
-3455
-1085
2510
2172
-2322
-7197
-3653
960
1814
123
-555
1415
1068
-242
-2473
-1400
107
-2422
-4076
-3733
-3641
-5021
-6968
-7237
-4427
-1718
-2456
-1490
932
681
-566
-582
1851
3757
2532
-1821
-3842
-1678
-1099
-507
5774
7516
5583
3234
1811
9171
11090
5080
3513
4583
5324
4079
1497
-240
-746
-2118
-3954
-925
-526
-2895
-2498
-2924
-2962
-4621
-5983
-3066
-454
-114
-1679
788
4833
5142
1131
-2586
-888
32
75
-1266
-2048
-2631
-6384
-7938
-5930
-2154
-1271
-2495
-2105
-836
-712
-836
890
3580
3074
-131
-1333
-349
734
115
-1414
-873
-152
8
-224
2146
7268
5560
3268
2254
6572
13861
8754
2840
2369
2116
3137
2049
772
-1101
-2829
-5407
-4893
-1802
-5964
-6957
-3901
-2067
-312
-415
561
3111
2238
-2317
-3574
651
3955
3306
271
-3138
-4145
-4103
-3815
-2698
-1595
-2038
-3380
-2253
-776
48
56
-753
206
85
-430
-886
-1179
296
223
270
1623
2587
2590
999
-2068
-2601
-432
1423
1337
5277
6329
3414
2897
2670
10201
12073
3748
64
-1320
-738
-66
-2796
-3954
-5296
-4581
-3176
752
2003
-1293
-1062
-1925
-2269
-1612
-1011
1029
2026
433
-2925
-3275
-915
299
-198
-2805
-4482
-2153
412
955
-272
-1238
-1167
-1525
-956
-891
-466
-1577
-3073
-2048
-902
1518
1831
2146
1359
128
178
21
1915
1005
-403
-1040
-628
392
1185
1376
4108
6071
1613
-1717
-1909
4259
6655
38
-2181
-1271
1744
3872
1886
961
-590
-1637
-1339
1556
1727
-1538
-1418
-146
689
166
-2665
-2671
-343
-1250
-3677
-3024
1457
4231
2387
-1152
-1585
1115
1634
-49
-1728
-1891
-1250
-2017
-1136
-772
-388
-1374
-2150
135
615
996
122
-365
502
60
564
2684
4522
3039
260
-1377
-3041
-3688
-5346
-6863
-3997
914
126
-1054
-580
2179
7585
3907
-940
1831
3463
4777
4342
2046
472
-1290
-393
1422
2934
-1592
-5896
-2912
-2258
-2694
-2815
-1760
2032
1631
-918
-1360
2527
4905
3106
833
-1449
-539
-101
-838
-1288
-1947
-2016
-2112
-1640
-834
-561
-430
-142
592
1835
2297
3525
3662
3610
1768
-626
-1654
-2864
-2553
-2939
-3102
-3529
-3799
-4774
-5506
-5784
-2315
2445
1567
1361
1857
6210
10666
5819
2532
4070
4529
5318
2810
-640
-2783
-3207
-2345
-494
388
-3013
-3445
-506
194
635
126
1301
4784
3579
449
-1091
748
1602
-493
-2661
-3229
-1310
-1770
-2334
-2351
-1415
-430
225
2585
3281
3302
1062
-108
750
-792
-2234
-1972
-666
399
-550
-2581
-2969
-3029
-4641
-6201
-6249
-5211
-3404
-2046
-1826
-1679
2791
4407
3632
4088
3402
7175
6428
645
19
1056
2826
3287
449
-1598
-3429
-1606
1779
4212
3777
405
556
1613
866
-2
-425
520
207
-1556
-3031
-1978
162
-93
-674
-1894
-866
912
2355
2118
364
-819
-2040
-848
237
533
304
388
253
170
-1154
-3214
-2769
-2444
-2785
-3530
-3380
-1988
-1767
-2181
-2103
-1456
-1060
-2126
-2237
-1599
-2229
437
1371
1310
1182
471
5176
6560
2610
1314
2498
5646
8332
6214
3453
835
-121
768
2365
623
-1896
-99
486
-632
-1894
-2312
251
1176
-31
49
1689
2583
790
-1659
-3254
-2729
-1148
82
1297
978
396
104
-1060
-1135
-1521
-1422
-1445
-1065
-592
-1732
-2343
-3302
-2716
-1337
-1562
-1201
-1083
-2879
-4143
-4843
-4278
-3283
-3570
-3787
-3159
-3493
-804
2682
2635
3450
3953
8520
11228
5892
2489
2989
4415
5388
3907
1619
-628
-543
444
2077
2151
-332
858
2677
1648
1
-1322
-480
-749
-2614
-2785
-1217
1483
1640
338
-1135
-1836
-866
187
1400
754
-598
-79
665
715
16
-1456
-1977
-1132
-1736
-3206
-3311
-3142
-3692
-4961
-5953
-5342
-2893
-2083
-3204
-3316
-3130
-2307
-2341
-1311
-55
-601
2007
3479
2505
1882
2214
6857
10084
5666
1094
1869
3034
5697
5302
2996
2142
843
2009
2847
1271
-2422
-2792
-842
-291
-765
-1967
-1605
-948
-2421
-3231
-1052
2379
3324
1643
-313
-578
876
1136
886
91
-408
-721
-934
-460
-1792
-3735
-4655
-5401
-4882
-3597
-3405
-2735
-2173
-2942
-2950
-1919
-1140
-781
-527
-1403
-2159
-1820
-1774
-1251
-69
-34
718
4048
3072
1567
2388
4766
10234
9851
4633
4007
4849
5466
5277
2379
487
848
2710
2076
545
-2358
-4329
-946
912
164
-149
-222
829
240
-779
-1310
406
2587
1254
149
-267
-980
-1538
-2130
-3369
-4062
-3540
-3586
-2507
-2184
-3440
-3247
-2802
-2137
-2242
-3120
-3343
-2708
-2340
-2424
-2200
-1399
-90
-269
-473
-531
-749
-1927
-2750
-2386
-455
480
1300
4794
3811
2828
2146
5279
11124
9269
5119
3128
3677
5194
3821
1614
815
643
1895
2844
2035
-394
-2118
-1301
-424
-629
-963
98
1467
-9
-1852
-3038
-2092
-119
-1069
-2449
-3377
-3703
-2643
-2063
-2842
-3916
-3821
-3334
-2802
-2100
-2639
-2358
-2223
-2327
-1605
-1521
-1222
-640
-1170
-2332
-2963
-2017
-755
-474
-467
-1562
-1783
-1835
-1854
-1383
512
1755
4270
7361
4277
3105
3599
7222
10897
7521
4491
4939
5608
5151
2829
1124
-362
-87
2222
3090
2329
-1588
-2908
-921
-459
-1322
-1854
-894
-228
-2178
-3696
-3460
-1380
-520
-2950
-5061
-4979
-3327
-2040
-1363
-1889
-1598
-766
-862
-353
34
-1061
-1695
-1686
-1898
-1404
-1925
-2626
-2018
-1468
-2030
-1920
-502
919
1594
714
170
1260
1378
947
484
1164
1567
4141
6385
4866
3952
2260
5482
8076
5370
3132
3308
3924
4127
2568
518
-1039
-1116
836
1322
291
-3280
-3927
-2062
-2302
-3549
-4357
-3450
-2690
-3271
-4137
-3922
-1074
563
-332
-1670
-2572
-2085
-1821
-2036
-2434
-2199
-1522
-1512
-1369
-1246
-2598
-2678
-1887
-473
864
462
509
954
1094
501
711
2036
2923
2477
1142
344
504
771
12
-397
287
539
3787
5035
3261
2528
2293
6033
7911
4944
2146
1795
1640
2143
520
-2107
-3231
-2822
-1043
-863
-2135
-4355
-3402
-914
-1535
-1839
-1522
-861
-631
-3155
-4068
-3004
-898
-422
-2120
-3686
-4430
-3620
-2929
-2369
-1788
-1233
-285
940
2075
2412
2395
2396
2345
2076
1337
1151
1832
1431
-306
-754
109
1295
1506
517
277
1048
944
-94
-376
-152
1169
1144
3071
4743
2371
547
-1121
2268
4424
961
-1160
-910
932
1618
274
60
228
640
927
691
83
-2269
-3288
-2303
-1836
-1855
-3022
-3127
-2615
-4450
-5486
-4398
-1491
-39
-1295
-2503
-1436
948
1914
2223
2983
3385
3206
2672
2196
2323
2070
1086
308
703
649
433
268
-305
-352
255
944
1505
1605
1183
822
406
-148
-1491
-2419
-3425
-3178
-3296
-2052
528
-261
-613
-1224
1338
5610
5579
3152
1323
368
1152
2108
895
-480
-1339
-758
-314
-1431
-4226
-5241
-3661
-2953
-2619
-2161
-1901
-1121
-1679
-2275
-1080
1208
3135
2987
1378
-6
-121
328
1597
2567
2567
2434
1810
1978
2028
704
-231
571
1553
1565
674
-340
-69
-472
-2502
-2914
-1532
-559
-1130
-2492
-3107
-2436
-2222
-3088
-2399
-1400
-892
-1113
856
2222
998
110
-97
4360
5447
2419
580
121
1088
1232
144
-529
-934
-381
896
1291
-228
-1807
-817
527
749
-91
-331
809
783
-698
-1265
-610
1447
2779
2365
1426
917
1130
2238
2739
2401
1606
1235
1567
758
-185
-1879
-2365
-1848
-2394
-2422
-2832
-2684
-2261
-2200
-2345
-1722
-924
-810
-592
-1361
-1939
-2303
-2430
-2575
-2081
-1694
-1529
-2002
-906
-183
-509
-265
265
3466
4998
2859
2041
1867
1816
3655
3484
3062
2039
1416
2070
1471
236
-946
192
701
85
663
911
1273
1308
655
560
934
2282
3484
2463
269
-1433
-1521
-778
-728
-857
-791
-955
-1154
-1677
-2148
-2069
-1714
-1214
-1022
-1787
-2583
-2563
-1980
-1496
-1763
-1875
-1488
-1445
-2061
-3001
-2986
-2823
-3318
-3364
-2933
-2103
-1780
-2064
-294
1542
1530
1344
2136
5328
6507
4962
3569
3055
3282
4231
4335
4051
3189
1567
1830
2353
1611
427
469
1219
1397
478
-1042
-311
926
-113
-1322
-1517
-58
1081
295
-1096
-1716
-1720
-1807
-1334
-335
-444
-903
-1279
-1595
-1243
-1358
-1390
-589
-537
-2248
-3250
-3039
-2506
-1630
-1630
-2181
-2011
-1783
-1948
-1911
-1787
-2341
-1899
-1436
-1429
-780
-554
-986
522
2518
2251
2976
3334
4790
7553
6292
3685
3218
2732
3090
3688
3044
1914
675
15
-517
-378
-853
-568
700
138
-1349
-1837
-1702
-969
-885
-1308
-1197
-790
-551
-815
-782
-897
-900
-678
-689
-432
-407
-813
-1134
-873
-593
-661
-712
-781
-395
-810
-1671
-2220
-2229
-1703
-1304
-938
-685
-887
-975
-1118
-968
235
324
489
687
625
504
130
-75
1562
3359
2948
2566
2422
3511
3472
2578
2453
2547
2176
1745
1700
1737
614
-327
-567
-1072
-1276
-1091
-168
-71
-367
-1244
-2047
-1274
-230
524
702
-583
-1421
-1326
-1771
-1918
-788
-346
6
143
-750
-1250
-1092
-510
-373
-111
-472
-1116
-1081
-1113
-1389
-1265
-1139
-1168
40
682
609
562
176
-202
-278
214
226
331
552
-252
-1461
-2326
-2051
-805
1566
2093
1516
1056
17
537
1634
2066
2207
1949
1198
1016
1072
1128
955
1351
1532
1561
1189
324
640
362
-434
-593
-205
704
898
508
-507
-1162
-1076
-1335
-939
-993
-980
-921
-912
-1063
-1277
-815
-144
578
915
613
-135
-638
-1213
-1252
-993
-479
-347
-674
-688
-719
-844
-946
-653
-327
-143
-428
-1092
-1086
-1836
-3056
-3044
-2583
-2270
-2266
-1525
-767
275
286
-70
1629
2950
3379
3537
3193
2032
1332
919
1164
2225
2523
2336
2411
2464
1631
1197
1414
1756
2441
2014
1069
436
260
238
311
1057
506
161
-391
-1086
-784
-1392
-1339
-747
-76
43
-560
-559
-746
-1299
-1878
-1752
-814
-447
-827
-1522
-1759
-2099
-2920
-2896
-2182
-1704
-2313
-2682
-3023
-3222
-3332
-3194
-1906
-1147
-816
-908
-846
-650
-455
65
708
1537
1903
2049
2321
2296
2644
3082
2876
2504
2487
3448
4110
4103
3289
3132
4087
4144
4038
3914
3441
2874
1628
814
739
1310
1377
554
-304
-1412
-1927
-1918
-1749
-1763
-1455
-1345
-1525
-1990
-2627
-2638
-2915
-2533
-2538
-2835
-2809
-3350
-3456
-3516
-3436
-2816
-1855
-1162
-699
-696
-1183
-1639
-1846
-1308
-912
-929
-1026
-950
-668
-1235
-1328
-1131
-328
562
351
342
724
1418
2337
3261
3729
4004
4539
4101
3683
3619
3211
3367
3880
4161
4532
4192
3160
2278
1362
1040
691
519
555
-50
-831
-1705
-2360
-2686
-2693
-2686
-2651
-2679
-3082
-3489
-3943
-3888
-3524
-2355
-1526
-1597
-1378
-1197
-1084
-1347
-2017
-1189
13
-3
-157
-373
-412
-111
-474
-555
-93
-337
-989
-853
-630
-857
-879
-718
-86
802
576
106
441
1050
1143
1528
2304
3361
4356
4208
3762
3626
3650
3437
3281
3362
3473
3442
2975
2092
1431
781
206
415
648
304
-883
-2206
-2807
-2662
-2457
-2270
-1768
-1843
-2260
-2762
-2868
-2794
-2653
-2104
-1658
-958
-924
-1259
-958
-653
-315
2
-243
-909
-1000
-1203
-1491
-1522
-1273
-770
-76
-146
-244
237
180
-86
-518
-210
341
458
464
342
143
-211
-631
-371
160
726
1148
1622
1802
1574
1257
1493
2352
2585
2412
1886
1487
1079
789
351
546
1091
1280
1362
672
-67
-662
-557
-419
41
368
8
-75
-226
-489
-810
-940
-565
-199
-400
-1101
-1400
-1607
-1630
-1110
-421
126
-35
-346
-505
-880
-1111
-841
-189
306
-24
-464
-561
-246
207
294
-54
-384
-427
-492
-627
-1257
-1584
-1484
-1409
-1423
-1484
-1440
-1343
-1394
-1129
-386
377
609
355
449
1045
1488
1467
1648
1413
1183
1250
1353
2183
2796
2636
2461
2318
2259
2352
2335
2146
1700
1354
788
451
342
510
793
322
-88
-244
-397
-786
-1011
-616
-200
-401
-730
-569
-426
-494
-419
-179
-222
-614
-1257
-1445
-1233
-1519
-2036
-2131
-1807
-1548
-1664
-2273
-2866
-2830
-2483
-2161
-1590
-1743
-2134
-2576
-2525
-2237
-2291
-2348
-1891
-778
-469
4
379
817
1568
1562
1650
2349
2733
2698
2291
1942
2048
2801
3522
3906
4397
4674
4461
4055
3605
3374
3122
2554
2054
1868
1630
1118
742
605
281
18
-112
54
-152
-865
-1537
-1862
-1400
-1147
-1227
-1498
-1916
-2049
-1935
-2198
-2746
-2816
-2724
-2528
-2583
-3220
-3655
-3571
-3138
-2765
-2290
-2142
-1837
-1278
-1332
-1275
-1314
-1467
-1310
-1504
-1886
-1945
-1600
-1487
-1043
-77
568
1335
1849
2256
2690
2802
2819
3188
3858
3511
2934
3054
3312
4091
4284
4298
4522
3984
3229
2661
2672
2357
2002
1212
360
480
554
-95
-830
-1699
-2055
-1791
-1815
-1433
-1094
-1524
-2547
-2991
-2810
-2536
-2487
-2825
-2326
-1745
-2054
-2285
-2529
-2367
-1633
-1529
-1432
-1343
-1635
-1804
-1886
-1665
-1034
-480
-765
-660
-240
6
280
0
-574
-904
-1331
-1422
-539
239
303
380
802
1379
2389
2822
3074
3344
3425
3438
3399
3613
3722
4098
4001
3615
3302
2746
2466
2315
2188
1753
1287
972
295
-408
-1576
-1990
-1493
-1348
-1558
-1940
-2046
-1866
-1795
-2037
-2263
-2213
-2115
-2110
-2221
-2320
-2344
-2191
-1727
-1128
-693
-458
-477
-264
135
229
56
29
-114
-709
-1258
-1184
-782
-691
-807
-1018
-1061
-544
-489
-979
-1256
-1347
-1077
-340
351
973
1430
1307
1039
1242
2066
3228
3825
4116
4036
3534
3026
2452
2146
2138
2498
2589
2953
2812
1761
911
323
149
146
-190
-1118
-1628
-2173
-3107
-3100
-2986
-2875
-2359
-2049
-1656
-1277
-1207
-1304
-1100
-1013
-1357
-1158
-1055
-1204
-1107
-1106
-1066
-765
-926
-940
-855
-1066
-1299
-1334
-964
-874
-689
-619
-828
-1075
-1710
-1998
-2104
-1846
-1263
-591
89
72
142
349
1051
1825
2055
2096
2181
2806
3368
3475
3356
3179
2891
2635
2853
3277
3145
2654
2023
1781
1922
1489
1158
1200
1105
696
345
-86
-554
-725
-1072
-1253
-1369
-1930
-2066
-1910
-1464
-918
-896
-1293
-1473
-1318
-1014
-648
-827
-630
-179
-222
-636
-1325
-1780
-2021
-1926
-1944
-1534
-1110
-1179
-1002
-1205
-1752
-2183
-2008
-1199
-118
71
-478
-691
-791
-714
-602
-518
-408
219
1027
1411
1521
1089
1158
1864
2391
2902
3596
3966
3762
3197
2648
2776
2630
2385
2073
1913
1907
1588
1335
1110
732
354
-166
-785
-1384
-1603
-1503
-1254
-1241
-1771
-1819
-1745
-1758
-1789
-1987
-1866
-1513
-1307
-864
-325
-328
-862
-1063
-1014
-922
-1060
-1305
-705
-637
-1165
-1811
-2321
-2119
-1940
-1860
-1794
-1564
-1375
-1314
-1016
-805
-448
-289
-161
310
809
1014
838
854
1070
1310
1275
1094
1543
2421
3068
3293
3373
3238
2876
2604
2509
2611
2531
2285
2241
2493
2280
1530
803
182
-295
-687
-987
-1278
-1320
-1427
-1455
-1500
-1774
-1638
-1099
-422
-209
136
368
472
204
-346
-704
-989
-1253
-1563
-1647
-1694
-2065
-2652
-2820
-2629
-2192
-1825
-1604
-1245
-715
-577
-720
-538
-689
-767
-859
-1106
-855
-699
-757
-620
-293
-93
1
222
447
988
1230
1214
1661
2226
2726
2858
2812
2599
2150
2023
2087
2372
2433
1954
1473
1198
1088
862
767
792
957
1120
940
680
341
7
-135
-263
-705
-886
-740
-608
-321
-438
-1096
-1283
-1135
-993
-584
-545
-753
-925
-1147
-1346
-1481
-1469
-1521
-1555
-1401
-1362
-1319
-1081
-862
-653
-848
-1057
-1056
-1119
-1428
-1539
-1301
-883
-664
-1086
-1153
-1102
-877
-381
144
953
1210
928
824
1042
1607
2116
2449
2744
2873
2853
2949
3088
3079
3186
2843
2647
2573
2241
1798
1237
823
492
457
17
-378
-288
-363
-340
-787
-1395
-1343
-1267
-1235
-1339
-1480
-1562
-1576
-1314
-1151
-1288
-1631
-1933
-1939
-1888
-2047
-2376
-2357
-2264
-2136
-2093
-2127
-1855
-1421
-1173
-1333
-1293
-1279
-1237
-1319
-1740
-1784
-1623
-1448
-1528
-1469
-1131
-565
144
780
1479
2072
2302
2339
2902
3618
3982
4146
3884
3664
3565
3556
3464
3507
3457
2940
2801
2761
2456
1982
1394
1034
975
749
477
161
-123
-494
-795
-1044
-1344
-1558
-1766
-1674
-1645
-1494
-1384
-1592
-1781
-1875
-1780
-1555
-1374
-1362
-1479
-1645
-1993
-2272
-2251
-2089
-2008
-1927
-1887
-1882
-1784
-1888
-1986
-1796
-1654
-1562
-1508
-1382
-1200
-1071
-840
-524
37
591
1010
1548
2098
2326
2260
2334
2925
3553
3716
3745
3585
3510
3337
3325
3589
3852
3651
3111
3120
2951
2282
1596
916
744
586
68
-486
-854
-1167
-1503
-1781
-2022
-1831
-1574
-1571
-1712
-1616
-1620
-1800
-1821
-1686
-1580
-1699
-1981
-2092
-1975
-2206
-2526
-2451
-2251
-2050
-2039
-2013
-1763
-1593
-1521
-1480
-1230
-1127
-1097
-1332
-1600
-1546
-1302
-919
-993
-1093
-670
-170
404
980
1411
1888
2145
2298
2765
3367
3600
3562
3361
3032
3017
2929
2872
2932
2671
2282
2216
2200
2069
1841
1320
762
579
466
29
-232
-734
-1051
-780
-855
-1305
-1711
-1973
-1955
-1650
-1640
-1563
-1292
-1369
-1462
-1451
-1388
-1398
-1283
-1317
-1464
-1448
-1425
-1447
-1471
-1519
-1678
-1381
-1051
-958
-1104
-1434
-1683
-1407
-970
-963
-993
-1096
-829
-210
206
281
396
871
1285
1724
1847
1823
2235
2526
2786
3023
2978
2897
2848
2921
2815
2657
2640
2380
2424
2546
2463
2067
1447
902
531
208
-298
-426
-346
-561
-1045
-1451
-1594
-1526
-1255
-1342
-1371
-1241
-1181
-968
-932
-1033
-1175
-1102
-966
-767
-694
-1055
-1437
-1608
-1622
-1581
-1569
-1543
-1403
-1312
-1381
-1547
-1601
-1755
-1801
-1652
-1439
-1255
-1107
-991
-881
-751
-608
-349
218
676
849
1074
1178
1488
2020
2569
2877
2852
2570
2448
2488
2565
2599
2443
2281
2215
2170
1991
1577
1082
818
741
489
167
-232
-381
-472
-720
-920
-1161
-1115
-1173
-997
-959
-1109
-1214
-1252
-1112
-964
-939
-1027
-1056
-1339
-1475
-1596
-1870
-1989
-1916
-1839
-1948
-2014
-1959
-1689
-1560
-1839
-1965
-1624
-1231
-1131
-1286
-1369
-1104
-731
-449
-95
207
460
602
776
1060
1388
1929
2436
2764
3069
3253
3146
3026
2935
2692
2576
2666
2662
2947
3087
2787
2526
2327
1969
1709
1442
1202
1018
702
187
-220
-399
-387
-289
-319
-478
-547
-636
-1002
-1462
-1680
-1495
-1450
-1611
-1780
-1974
-1987
-2150
-2313
-2238
-2195
-2192
-2157
-2056
-2191
-2348
-2324
-2066
-1687
-1491
-1532
-1606
-1583
-1421
-1265
-1286
-1156
-914
-645
-482
-341
-81
388
813
914
1249
1694
2376
2766
2596
2529
2661
2789
2736
2611
2571
2834
2911
2793
2698
2687
2585
2365
2165
1798
1553
1143
648
347
211
-17
-581
-922
-1115
-1109
-1330
-1698
-1550
-1257
-1178
-1538
-1733
-1559
-1289
-1197
-1481
-1415
-1346
-1507
-1611
-1735
-1629
-1585
-1664
-1569
-1393
-1437
-1642
-1963
-2012
-1751
-1698
-1539
-1263
-1069
-1031
-1040
-837
-473
25
373
559
792
845
1098
1600
1872
2136
2300
2330
2555
2771
2865
3070
3058
2897
2646
2413
2279
2055
1548
1114
902
600
317
42
-194
-222
-390
-690
-844
-1006
-1041
-925
-770
-901
-1045
-1212
-1269
-1074
-959
-986
-971
-947
-1105
-1111
-1284
-1468
-1455
-1440
-1167
-1162
-1095
-1085
-1184
-1280
-1681
-1748
-1714
-1596
-1433
-1424
-1348
-1410
-1360
-971
-536
-83
318
695
1019
1331
1594
1913
2236
2261
2099
2180
2176
2001
2100
2288
2415
2287
1937
1842
2035
1877
1578
1606
1619
1487
1237
1050
1021
818
339
-33
62
115
-78
-420
-729
-907
-1011
-995
-978
-823
-843
-951
-938
-973
-969
-1145
-1340
-1365
-1307
-1393
-1548
-1514
-1610
-1730
-1824
-1941
-1950
-1803
-1743
-1751
-1663
-1452
-1111
-699
-302
-108
35
120
329
512
743
956
1176
1351
1480
1663
1616
1541
1614
1696
1886
1950
1885
2039
2181
2132
1995
1811
1652
1633
1572
1285
857
464
181
131
-5
-286
-640
-1003
-1282
-1294
-1228
-1274
-1339
-1614
-1794
-1748
-1842
-1903
-1948
-1908
-1867
-1942
-1911
-1745
-1486
-1430
-1588
-1488
-1308
-1156
-1069
-1203
-1296
-1359
-1445
-1216
-835
-555
-332
-190
-113
63
368
823
1347
1659
1848
1790
1816
1886
2041
2266
2256
2339
2404
2490
2403
2209
2253
2442
2595
2622
2489
2366
2277
1926
1484
978
733
694
638
315
-211
-552
-923
-1116
-1186
-1260
-1334
-1492
-1666
-1710
-1732
-1895
-1928
-1828
-1697
-1686
-1817
-1889
-1832
-1900
-2038
-1975
-1736
-1480
-1214
-1113
-1144
-1025
-993
-986
-844
-688
-575
-328
-170
8
157
336
637
891
1079
1062
1106
1265
1364
1607
1858
1990
2071
1987
1780
1628
1635
1688
1865
2041
1979
1766
1468
1201
1022
783
627
407
237
145
3
-178
-337
-428
-533
-530
-663
-900
-1133
-1586
-1940
-2208
-2301
-2146
-1971
-1859
-1929
-2046
-2132
-2052
-1864
-1647
-1395
-1266
-1187
-999
-884
-607
-311
-78
126
293
416
458
515
598
677
850
1132
1429
1661
1622
1585
1618
1590
1601
1770
1923
1913
1703
1510
1157
734
544
512
475
464
418
221
14
-72
-244
-210
-80
-253
-382
-670
-1135
-1341
-1429
-1501
-1469
-1335
-1391
-1459
-1534
-1691
-1723
-1770
-1755
-1664
-1517
-1430
-1249
-1050
-910
-755
-568
-358
-88
187
281
513
919
1269
1535
1663
1795
2088
2265
2137
2030
2057
2168
2376
2572
2575
2276
1953
1571
1314
1140
900
879
887
765
429
204
145
183
271
98
-157
-539
-988
-1194
-1329
-1417
-1495
-1497
-1369
-1479
-1697
-1847
-1827
-1781
-1868
-1858
-1808
-1887
-2028
-1902
-1628
-1542
-1502
-1537
-1637
-1483
-1354
-1189
-978
-980
-970
-634
-328
-197
19
208
516
863
1040
1473
1922
2207
2406
2495
2476
2256
2117
2123
2293
2478
2305
2018
2021
1993
1681
1449
1281
1226
1193
794
245
1
-173
-317
-293
-286
-244
-428
-601
-774
-945
-1103
-1322
-1348
-1405
-1514
-1639
-1575
-1435
-1394
-1427
-1377
-1327
-1397
-1450
-1377
-1156
-1092
-1084
-1033
-1065
-1117
-1084
-1002
-908
-652
-412
-58
231
271
348
471
630
838
990
1006
1159
1328
1474
1780
1956
2081
2257
2312
2386
2427
2300
2173
1967
1591
1301
1226
1234
1057
803
566
280
12
-268
-457
-594
-652
-689
-712
-863
-1091
-1168
-1257
-1371
-1451
-1576
-1684
-1652
-1533
-1530
-1567
-1772
-1904
-1842
-1883
-1937
-1822
-1564
-1339
-1133
-1042
-1030
-976
-947
-916
-823
-605
-475
-385
-378
-407
-253
-74
169
398
612
720
822
879
857
1026
1130
1310
1569
1745
1852
1895
1975
1948
1885
1840
1852
1865
1602
1329
1158
1044
858
646
520
379
290
97
-28
-129
-267
-386
-395
-440
-680
-890
-1070
-1151
-1144
-1117
-1014
-836
-644
-628
-647
-678
-797
-716
-494
-450
-368
-274
-285
-364
-356
-243
-75
96
106
11
-139
-296
-251
-135
-95
-18
80
208
267
176
237
414
562
640
799
902
1004
1078
1102
1205
1238
1371
1390
1327
1171
999
1053
1036
895
796
721
552
269
-76
-395
-612
-679
-851
-969
-1001
-1164
-1239
-1244
-1287
-1343
-1321
-1216
-1121
-1024
-1041
-1016
-959
-874
-682
-582
-480
-478
-571
-767
-995
-1046
-928
-820
-714
-627
-588
-544
-499
-552
-566
-562
-571
-421
-202
-80
-96
78
372
557
651
721
801
873
901
942
1166
1443
1725
1869
1764
1647
1388
1341
1433
1450
1374
1302
1354
1218
883
448
133
45
38
10
-166
-354
-454
-522
-578
-516
-263
-27
35
-32
-161
-376
-606
-726
-766
-717
-746
-666
-620
-826
-1101
-1237
-1209
-1187
-1237
-1238
-1102
-1006
-1045
-1102
-947
-719
-624
-586
-579
-519
-475
-341
-123
115
285
398
536
666
767
922
1166
1356
1475
1462
1477
1530
1524
1478
1344
1378
1444
1446
1299
1141
1024
885
886
915
1031
1046
874
672
523
322
41
-209
-267
-299
-412
-535
-554
-579
-711
-892
-1029
-999
-994
-1155
-1219
-1233
-1302
-1286
-1342
-1443
-1511
-1581
-1644
-1577
-1580
-1597
-1525
-1445
-1278
-1168
-1106
-1054
-846
-674
-540
-315
-140
36
157
218
199
227
397
562
673
671
711
803
911
990
1131
1477
1795
1930
2013
2013
1965
1887
1749
1569
1504
1599
1598
1474
1225
1003
845
672
391
221
138
36
-28
-90
-310
-527
-605
-584
-507
-494
-703
-894
-997
-1150
-1327
-1515
-1636
-1711
-1695
-1761
-1698
-1632
-1590
-1450
-1350
-1239
-1196
-1165
-1136
-1091
-990
-931
-851
-723
-666
-574
-543
-454
-166
187
521
689
789
891
1026
1086
1096
1208
1426
1694
1858
1758
1623
1489
1482
1533
1526
1455
1536
1613
1535
1447
1240
1039
919
908
891
820
591
319
208
68
-160
-303
-346
-347
-449
-682
-787
-747
-661
-760
-913
-1027
-1041
-1106
-1273
-1430
-1468
-1471
-1517
-1595
-1725
-1607
-1559
-1613
-1532
-1343
-1072
-777
-663
-674
-678
-621
-493
-228
64
249
330
444
501
519
496
484
645
866
971
981
940
1029
1198
1233
1197
1227
1519
1669
1629
1475
1367
1290
1182
1115
1051
1114
1040
984
835
691
623
512
466
446
316
185
103
-17
-11
-89
-396
-538
-661
-798
-936
-1150
-1323
-1328
-1294
-1335
-1375
-1506
-1594
-1607
-1580
-1464
-1208
-1019
-968
-1050
-1215
-1174
-1057
-1012
-957
-833
-610
-504
-539
-494
-379
-247
-47
171
302
386
457
422
566
642
574
616
727
918
1071
1096
1092
1273
1317
1303
1231
1167
1271
1322
1223
1067
1081
1073
1103
1010
785
654
548
525
368
274
203
126
-19
-289
-537
-691
-790
-876
-897
-976
-1084
-1124
-1268
-1369
-1447
-1524
-1359
-1237
-1198
-1290
-1472
-1453
-1305
-1215
-1255
-1108
-847
-733
-742
-750
-634
-474
-368
-279
-194
1
163
328
438
383
434
623
737
795
813
872
1033
1136
1262
1384
1528
1631
1727
1802
1842
1803
1837
1940
2004
1975
1853
1698
1572
1508
1441
1301
1114
897
659
523
288
97
-41
-197
-308
-497
-583
-740
-966
-1181
-1382
-1423
-1482
-1548
-1613
-1751
-1934
-2070
-2059
-1985
-1867
-1766
-1623
-1455
-1448
-1403
-1289
-1209
-1084
-1037
-1065
-990
-868
-729
-647
-614
-462
-254
-89
29
120
347
630
784
902
972
1123
1293
1408
1533
1636
1660
1734
1817
1876
1907
1817
1694
1566
1455
1334
1268
1214
1144
898
609
333
180
66
-64
-209
-250
-61
-285
-768
-1153
-1430
-1344
-1099
-1437
-1769
-1902
-2022
-1852
-1839
-1946
-1860
-1586
-1537
-1556
-1502
-1374
-1193
-1063
-959
-841
-692
-498
-335
-400
-368
-260
-120
99
316
440
599
799
1074
1281
1401
1537
1648
1774
1852
1900
1987
2048
2104
2272
2301
2168
1988
1838
1777
1754
1670
1610
1562
1460
1323
1146
893
670
437
240
153
29
-183
-470
-678
-899
-1064
-1277
-1390
-1453
-1545
-1610
-1772
-1817
-1879
-1913
-1989
-2085
-2063
-2002
-1960
-1864
-1830
-1726
-1593
-1553
-1577
-1583
-1493
-1405
-1215
-1029
-823
-684
-605
-502
-292
-6
238
431
614
738
830
897
952
1056
1193
1270
1397
1519
1642
1692
1662
1660
1709
1784
1851
1824
1837
1919
1848
1711
1518
1337
1133
978
749
484
229
59
-35
-92
-133
-256
-373
-557
-709
-758
-869
-999
-1093
-1168
-1264
-1283
-1362
-1480
-1469
-1405
-1338
-1355
-1299
-1254
-1190
-1109
-1153
-974
-714
-540
-505
-502
-492
-536
-573
-434
-217
-72
28
41
141
215
216
285
420
518
693
708
809
974
1053
1115
1011
966
947
1003
935
956
1013
934
977
968
1039
1029
945
832
741
662
626
527
375
261
163
132
90
-11
-207
-280
-290
-419
-585
-707
-827
-806
-824
-822
-726
-704
-768
-833
-912
-968
-1027
-1097
-1013
-817
-703
-746
-881
-935
-876
-853
-799
-699
-557
-393
-374
-402
-348
-235
-195
-132
-44
6
-28
-8
79
208
299
314
354
602
758
706
710
778
923
1045
1125
1095
1144
1132
1126
1057
1062
1148
1122
1087
1014
874
777
696
583
581
576
544
394
238
100
-57
-211
-237
-207
-219
-245
-377
-431
-466
-516
-554
-493
-413
-359
-320
-381
-403
-396
-423
-464
-595
-764
-801
-808
-829
-861
-873
-851
-842
-808
-786
-658
-507
-425
-458
-417
-315
-267
-178
-85
12
81
217
375
546
621
590
616
654
712
826
937
1010
1155
1126
1090
1016
901
860
735
650
575
454
341
140
-64
-95
-166
-221
-294
-267
-300
-305
-258
-346
-353
-411
-418
-467
-559
-654
-747
-748
-778
-798
-849
-965
-1059
-1112
-1098
-1049
-1056
-1084
-1004
-1016
-1056
-1044
-1002
-870
-701
-483
-300
-90
43
116
166
143
221
380
599
791
984
1110
1086
1038
1044
1048
1082
1266
1464
1564
1538
1417
1348
1280
1154
1082
1074
992
1009
899
707
576
442
346
236
101
-43
-148
-199
-287
-412
-615
-699
-750
-809
-909
-964
-965
-979
-1020
-1212
-1316
-1305
-1311
-1353
-1439
-1382
-1273
-1272
-1230
-1079
-942
-968
-906
-750
-618
-457
-344
-194
17
85
95
183
290
443
587
640
751
890
892
1007
1166
1214
1271
1347
1425
1555
1641
1645
1631
1583
1551
1528
1456
1398
1307
1144
992
817
664
579
476
364
179
-40
-169
-224
-273
-442
-613
-745
-804
-891
-990
-1014
-973
-1092
-1232
-1341
-1434
-1441
-1472
-1396
-1338
-1326
-1300
-1294
-1284
-1223
-1217
-1168
-1075
-961
-864
-828
-693
-503
-395
-283
-181
-80
38
198
343
446
519
635
699
766
875
1001
1116
1218
1234
1242
1327
1300
1322
1345
1314
1353
1320
1286
1223
1088
1017
1001
927
722
524
338
176
47
-90
-194
-287
-385
-426
-493
-662
-807
-817
-817
-772
-796
-947
-964
-998
-1113
-1163
-1190
-1111
-1143
-1276
-1318
-1297
-1264
-1225
-1114
-996
-1029
-935
-727
-572
-466
-384
-289
-201
-89
-7
54
124
197
330
456
575
692
755
817
877
899
997
1115
1196
1226
1261
1321
1316
1387
1370
1348
1384
1404
1375
1302
1203
1038
923
839
709
665
612
568
418
261
141
46
6
-94
-131
-231
-296
-425
-572
-698
-784
-781
-857
-945
-993
-1098
-1174
-1212
-1224
-1239
-1231
-1241
-1183
-1148
-1081
-1103
-1033
-916
-913
-883
-773
-659
-616
-633
-652
-499
-445
-400
-317
-215
-67
31
124
215
371
446
589
736
729
713
699
781
898
1000
1050
1067
1031
959
938
1007
1026
977
1018
1079
1069
973
795
670
579
480
398
313
269
200
147
28
-119
-201
-247
-342
-395
-490
-665
-731
-756
-721
-762
-765
-806
-895
-923
-963
-953
-909
-913
-917
-892
-900
-905
-838
-749
-772
-745
-648
-567
-494
-394
-323
-313
-278
-223
-116
-53
87
223
337
412
420
441
477
574
724
811
888
947
949
968
958
943
942
908
842
792
781
786
768
751
697
626
511
427
355
265
211
203
185
152
70
16
-87
-190
-215
-274
-355
-461
-520
-642
-694
-666
-671
-638
-625
-659
-716
-776
-748
-669
-592
-602
-604
-605
-527
-501
-524
-492
-486
-371
-320
-279
-134
0
126
293
361
364
427
559
701
730
734
755
780
816
774
710
737
743
733
705
678
648
584
521
536
597
574
527
453
291
212
107
6
-83
-184
-247
-254
-302
-422
-515
-596
-607
-674
-695
-704
-739
-754
-744
-831
-884
-872
-809
-760
-773
-732
-719
-736
-711
-714
-713
-674
-576
-465
-374
-330
-316
-201
-40
99
161
246
283
345
420
435
493
564
603
733
785
796
861
864
843
912
931
922
938
915
838
737
687
657
686
669
596
515
474
392
203
121
120
137
79
-22
-92
-157
-251
-306
-353
-478
-553
-624
-670
-731
-777
-771
-821
-789
-833
-961
-959
-989
-994
-969
-1027
-1010
-911
-884
-861
-856
-863
-812
-706
-607
-487
-367
-290
-180
-102
3
116
293
530
638
703
698
654
665
722
803
922
1002
1039
1107
1140
1137
1100
1031
969
887
854
868
879
852
711
662
574
481
469
397
298
192
50
-49
-70
-95
-190
-273
-375
-427
-481
-598
-711
-747
-740
-798
-891
-935
-961
-993
-952
-968
-967
-926
-931
-934
-926
-886
-811
-721
-553
-397
-346
-281
-208
-121
-21
111
231
347
484
516
510
498
595
711
806
874
905
894
838
864
910
906
882
905
890
902
850
776
793
794
838
742
655
665
602
496
409
352
240
112
-24
-167
-254
-376
-510
-596
-644
-739
-866
-913
-997
-1083
-1143
-1160
-1131
-1064
-1120
-1108
-1071
-1085
-1105
-1138
-1054
-922
-862
-740
-642
-535
-472
-454
-362
-261
-143
-125
-98
5
76
139
219
296
326
341
324
358
453
517
589
679
774
857
877
868
903
955
961
916
901
950
939
877
786
749
704
642
591
557
497
456
352
226
171
80
-38
-77
-102
-196
-309
-391
-473
-504
-555
-611
-641
-669
-668
-687
-680
-636
-605
-575
-617
-572
-538
-557
-565
-508
-481
-408
-353
-378
-293
-274
-248
-250
-118
-38
-15
7
33
123
217
286
330
388
448
540
585
591
587
560
589
693
720
691
699
623
567
555
488
465
450
396
367
352
281
182
97
8
-69
-171
-219
-222
-276
-311
-373
-476
-503
-537
-561
-570
-523
-519
-570
-577
-561
-529
-543
-532
-528
-472
-436
-405
-420
-362
-260
-279
-271
-183
-161
-194
-141
-104
27
110
103
146
192
220
287
354
422
529
538
519
464
497
570
618
619
618
586
509
428
419
461
430
408
352
374
324
211
150
144
102
60
-20
-61
-29
-152
-198
-227
-293
-341
-433
-501
-555
-572
-591
-625
-625
-607
-598
-584
-606
-609
-599
-578
-579
-520
-519
-504
-434
-423
-377
-317
-305
-283
-241
-219
-175
-158
-143
-55
-13
61
133
209
285
339
373
441
479
552
556
568
642
606
609
632
623
583
526
537
566
532
449
379
293
267
287
305
318
248
231
207
173
104
42
-2
-21
-96
-179
-247
-312
-322
-356
-390
-410
-409
-422
-456
-471
-413
-320
-292
-290
-328
-367
-334
-331
-294
-269
-274
-224
-156
-114
-131
-129
-64
39
100
191
231
259
377
463
560
589
588
587
595
611
626
557
531
506
469
473
448
421
438
428
371
366
337
272
234
192
174
162
83
-3
-44
-104
-129
-123
-148
-218
-300
-395
-445
-467
-509
-502
-481
-509
-489
-451
-475
-529
-563
-607
-526
-515
-512
-513
-483
-492
-547
-551
-547
-488
-437
-392
-388
-332
-273
-218
-138
-121
-114
-28
44
92
110
132
210
219
298
389
420
449
493
540
504
473
415
415
431
433
405
374
409
327
246
197
138
81
66
99
130
86
78
22
-40
-46
-73
-97
-116
-147
-180
-206
-190
-229
-229
-173
-191
-157
-180
-147
-136
-118
-96
-146
-161
-162
-194
-230
-296
-298
-293
-261
-234
-290
-359
-307
-271
-245
-145
-93
-7
42
29
12
57
153
242
275
278
282
285
275
293
301
306
342
369
358
318
315
292
289
297
268
315
374
373
362
300
283
265
190
175
171
153
106
84
50
15
31
-19
-9
-11
-67
-114
-123
-112
-112
-106
-139
-179
-255
-250
-256
-297
-298
-356
-283
-289
-289
-304
-325
-341
-359
-354
-284
-192
-211
-237
-210
-161
-152
-93
-71
-48
50
102
135
134
119
159
193
226
218
215
220
228
208
194
185
157
149
135
146
127
105
119
135
115
111
92
30
24
6
-29
-53
-98
-44
-63
-145
-127
-62
-83
-58
-60
-94
-146
-164
-176
-210
-176
-110
-143
-168
-141
-168
-212
-255
-225
-216
-239
-247
-230
-224
-208
-196
-178
-159
-101
-34
9
89
149
202
269
307
349
380
430
397
393
390
348
365
338
382
373
371
342
306
271
284
276
227
183
111
74
10
-55
-100
-178
-203
-147
-130
-134
-152
-157
-119
-127
-129
-171
-194
-167
-132
-127
-133
-168
-180
-216
-267
-247
-213
-187
-153
-122
-112
-146
-225
-193
-131
-95
-39
4
62
37
5
32
74
78
116
153
246
295
289
313
346
359
335
286
283
278
240
252
200
164
164
96
71
61
37
-13
-11
-29
-92
-166
-190
-134
-101
-107
-147
-165
-213
-274
-330
-345
-277
-275
-317
-298
-280
-287
-280
-310
-364
-316
-340
-329
-240
-210
-176
-151
-133
-125
-91
-71
-49
1
31
7
-25
-2
42
106
142
130
166
205
187
181
223
247
267
255
287
254
235
254
264
253
259
313
253
209
155
87
85
107
127
109
68
5
-74
-118
-181
-251
-245
-226
-202
-240
-320
-300
-287
-338
-393
-383
-300
-244
-201
-151
-152
-114
-59
-41
-26
-3
43
112
101
90
104
124
147
130
102
121
114
50
71
68
93
168
171
153
122
104
134
163
190
159
115
150
192
238
238
294
289
262
223
167
118
108
129
109
117
66
-52
-72
-62
-96
-119
-146
-153
-162
-151
-227
-248
-312
-304
-281
-260
-194
-170
-107
-108
-65
-1
44
123
187
218
267
294
295
316
273
243
255
274
276
295
256
232
208
170
213
240
239
271
279
237
213
239
206
170
148
107
21
-18
-54
-125
-140
-132
-144
-169
-203
-208
-240
-251
-271
-336
-357
-374
-408
-474
-509
-519
-553
-593
-608
-571
-569
-626
-614
-601
-597
-516
-423
-312
-275
-272
-287
-257
-230
-159
-55
62
133
153
155
154
173
228
242
248
274
319
343
367
386
412
433
463
510
488
464
408
382
347
318
297
296
315
334
317
241
227
224
176
159
155
206
195
122
81
33
5
-56
-131
-134
-149
-203
-276
-252
-207
-237
-274
-303
-304
-316
-327
-331
-296
-309
-294
-244
-295
-292
-257
-187
-128
-95
-99
-60
19
41
24
15
43
86
182
228
180
176
184
200
213
166
162
155
155
159
188
149
147
134
139
149
129
116
137
121
72
3
-35
18
-22
-37
-65
-123
-150
-117
-81
-51
-110
-163
-180
-190
-182
-194
-207
-181
-192
-253
-281
-346
-356
-363
-347
-297
-237
-219
-233
-239
-162
-155
-148
-100
-115
-82
-20
17
42
42
45
69
59
64
59
99
147
193
183
206
237
260
320
335
343
330
341
339
364
350
345
360
377
382
345
362
393
442
430
404
374
336
276
270
241
189
172
143
104
18
-75
-28
-22
-57
-88
-126
-159
-193
-214
-168
-142
-201
-158
-163
-213
-293
-277
-277
-295
-302
-315
-346
-348
-324
-289
-240
-216
-193
-194
-156
-155
-150
-169
-153
-169
-146
-101
-102
-119
-127
-129
-96
-78
-65
1
28
156
164
123
128
169
190
185
199
186
193
151
146
120
75
72
91
167
156
108
44
9
17
-18
-6
-2
1
-19
-21
-41
-76
-107
-143
-159
-161
-165
-124
-110
-126
-155
-195
-205
-195
-203
-161
-130
-85
-72
-120
-141
-143
-166
-186
-173
-160
-84
-56
5
34
20
39
25
18
51
102
176
217
258
272
240
230
219
259
322
336
352
395
408
380
323
299
275
280
331
309
273
206
202
150
91
76
-5
-5
-44
-112
-102
-146
-156
-119
-147
-189
-217
-232
-223
-239
-283
-278
-310
-304
-309
-304
-318
-342
-306
-294
-295
-278
-282
-282
-279
-244
-198
-152
-109
-114
-88
-105
-66
-64
-79
-16
5
48
90
91
121
174
216
204
164
234
239
205
180
172
181
212
194
194
226
266
254
175
144
104
71
76
85
49
20
10
23
49
33
3
-21
-95
-110
-117
-111
-64
-49
-59
-81
-137
-194
-189
-188
-170
-133
-143
-125
-167
-185
-189
-185
-109
-93
-91
-45
-44
-63
-109
-118
-55
14
59
118
157
192
234
210
199
179
233
252
279
279
279
307
300
312
285
258
256
254
205
163
161
170
142
153
142
76
52
40
48
66
33
22
-14
-97
-138
-163
-174
-195
-187
-207
-262
-219
-200
-192
-179
-216
-209
-206
-216
-256
-293
-281
-241
-268
-297
-261
-284
-279
-234
-202
-193
-159
-103
-75
-32
-11
42
99
122
100
137
202
218
216
158
145
182
213
223
235
265
347
359
336
295
255
271
293
287
262
262
221
192
156
115
82
76
78
87
68
3
-22
-43
-105
-127
-165
-160
-140
-145
-146
-228
-262
-285
-293
-286
-283
-282
-269
-294
-286
-320
-349
-343
-327
-314
-285
-274
-288
-253
-193
-152
-162
-140
-95
-58
-42
-12
34
94
135
160
214
270
300
298
277
287
331
341
373
340
332
336
321
312
299
271
298
265
225
211
140
101
97
60
58
52
44
54
13
-7
-29
-101
-119
-159
-222
-234
-252
-286
-316
-360
-399
-404
-412
-417
-395
-356
-378
-418
-418
-439
-435
-478
-509
-446
-431
-389
-384
-341
-281
-270
-228
-187
-138
-75
-5
44
72
108
129
126
156
249
316
366
412
436
458
455
442
469
495
545
535
540
577
553
551
546
552
586
581
528
427
350
271
266
246
207
192
172
161
117
47
12
-28
-69
-110
-181
-235
-260
-257
-236
-225
-303
-358
-339
-327
-313
-331
-298
-258
-277
-293
-342
-323
-327
-314
-296
-261
-235
-244
-247
-234
-165
-111
-76
-50
-40
-25
27
70
194
208
251
307
314
310
305
247
327
399
408
380
368
349
314
352
312
304
280
276
229
202
224
177
135
140
115
66
21
-25
-80
-121
-166
-204
-196
-239
-272
-288
-266
-298
-385
-408
-411
-443
-424
-434
-421
-384
-383
-420
-487
-463
-475
-533
-512
-482
-480
-436
-396
-370
-334
-268
-189
-133
-84
-26
-70
-71
-25
47
71
121
190
248
281
310
298
239
291
277
247
267
281
292
275
269
279
244
221
199
206
221
196
200
182
170
95
83
36
13
-20
-18
13
73
131
113
143
172
153
109
35
-4
6
44
75
92
83
65
19
-4
51
65
81
59
34
24
24
36
24
5
24
4
29
87
150
146
125
132
151
164
226
229
281
282
270
215
158
203
213
208
155
125
118
88
42
36
39
35
-31
-40
-62
-83
-116
-129
-176
-247
-288
-299
-292
-318
-339
-354
-330
-362
-389
-363
-357
-319
-290
-345
-362
-339
-287
-289
-312
-326
-272
-237
-286
-296
-250
-218
-182
-203
-209
-213
-217
-202
-176
-177
-98
-35
25
76
121
158
163
198
180
216
201
198
166
158
152
148
149
144
149
184
191
175
176
201
187
209
228
184
147
155
100
48
45
58
77
92
63
0
8
-7
16
31
63
79
78
97
85
67
55
39
5
-6
-32
-53
-105
-124
-121
-138
-87
-99
-88
-108
-84
-98
-126
-158
-157
-104
-63
3
-26
-9
12
64
80
97
140
158
169
210
200
143
115
164
191
200
232
261
270
260
260
263
262
261
226
238
201
175
178
176
175
123
108
133
114
126
162
166
168
177
141
93
21
-15
-70
-87
-107
-143
-187
-224
-211
-271
-269
-321
-332
-387
-402
-412
-401
-354
-320
-303
-327
-348
-355
-354
-343
-300
-272
-242
-236
-261
-241
-165
-124
-52
24
22
49
87
101
99
62
60
59
87
86
77
104
132
149
130
135
197
208
212
243
284
223
210
212
225
225
176
128
95
119
112
102
62
60
-34
-53
-47
-93
-140
-190
-155
-180
-225
-249
-313
-310
-294
-292
-330
-351
-379
-369
-325
-314
-296
-286
-288
-264
-257
-233
-207
-179
-85
-50
-28
26
65
61
58
77
89
139
178
240
252
302
352
347
373
305
297
331
380
399
403
428
404
424
396
328
332
325
317
286
257
195
170
182
187
186
200
171
115
115
119
65
5
-44
-55
-103
-120
-127
-117
-100
-143
-181
-164
-183
-236
-233
-261
-297
-312
-266
-248
-201
-182
-244
-281
-262
-210
-189
-146
-107
-111
-79
-65
-78
-109
-100
-67
-52
-45
-43
15
45
32
43
64
77
93
121
181
158
121
97
74
40
63
97
83
53
65
46
3
5
8
-14
-42
-33
-2
-29
-68
-63
-137
-125
-130
-167
-140
-120
-165
-184
-169
-189
-174
-154
-165
-139
-126
-124
-99
-115
-77
-112
-96
-72
-53
-9
12
50
75
105
82
52
55
99
105
124
108
80
114
141
149
139
140
154
163
185
199
174
165
165
146
120
134
124
109
130
163
115
127
158
110
85
53
53
-12
7
27
-10
-18
-38
-40
-45
-51
-107
-145
-140
-66
-69
-42
-79
-83
-131
-190
-188
-178
-130
-62
-46
-46
-42
-71
-47
-52
-67
-33
14
92
58
35
11
3
35
58
11
33
107
113
149
120
178
207
197
188
172
149
203
157
147
158
181
150
112
93
100
92
76
83
56
29
15
-21
-53
-47
-22
-34
-19
-77
-151
-166
-144
-135
-140
-111
-114
-110
-167
-199
-214
-178
-163
-168
-150
-170
-169
-140
-175
-272
-272
-267
-238
-214
-172
-124
-144
-131
-176
-187
-159
-133
-91
-93
-88
-65
-3
-1
37
43
67
82
53
89
121
95
119
124
120
167
183
191
175
191
210
175
187
148
104
57
28
6
17
6
31
69
69
101
87
69
28
1
-38
-49
-37
-7
-4
-18
-33
-85
-98
-141
-148
-151
-153
-129
-87
-62
-63
-58
-68
-73
-93
-81
-83
-59
-20
-41
-12
13
12
-18
-47
-4
-7
38
85
141
138
124
140
165
173
164
171
108
147
185
196
171
155
138
161
179
145
107
60
91
111
114
101
96
67
58
51
18
19
18
14
16
4
-44
-98
-89
-102
-147
-157
-140
-101
-131
-160
-212
-204
-174
-184
-193
-174
-134
-144
-166
-198
-163
-160
-143
-74
0
38
57
51
42
31
8
32
84
88
93
51
20
38
43
124
169
206
175
164
179
153
115
117
131
106
134
98
49
82
132
157
135
136
153
134
134
119
94
100
74
67
35
20
-4
-26
-29
-59
-112
-177
-179
-178
-186
-186
-176
-180
-217
-239
-283
-270
-216
-189
-209
-212
-186
-218
-155
-146
-163
-163
-173
-155
-170
-112
-80
-104
-61
-92
-24
-53
8
71
58
75
87
102
34
46
68
84
92
170
123
144
115
119
178
167
216
228
248
234
188
147
131
114
125
150
134
105
129
109
80
55
33
43
32
35
36
45
20
30
-2
-67
-102
-132
-101
-101
-84
-158
-187
-198
-179
-177
-209
-169
-127
-117
-139
-175
-229
-220
-212
-160
-127
-145
-165
-153
-147
-152
-131
-103
-105
-82
-64
-60
-12
37
41
32
46
107
125
182
161
185
188
188
162
116
94
71
102
109
89
81
100
84
93
128
130
117
115
117
116
87
15
23
-1
-43
-37
-10
-20
-26
-44
-49
-10
33
66
44
20
39
65
90
69
82
30
7
34
24
34
14
40
68
58
6
-11
-38
-46
-1
12
-24
-7
3
18
4
-18
14
13
63
38
29
46
92
110
68
50
39
47
77
97
77
49
62
97
98
92
39
19
53
47
31
6
4
-13
13
-17
-63
-94
-92
-91
-125
-103
-114
-117
-112
-99
-102
-116
-109
-95
-111
-114
-130
-161
-198
-235
-236
-227
-291
-284
-247
-229
-218
-169
-145
-159
-173
-165
-128
-168
-146
-100
-79
-56
-18
10
45
59
46
32
18
92
81
64
83
78
86
57
13
27
76
100
96
128
161
160
145
134
108
83
80
83
98
148
160
173
180
194
170
155
150
155
134
105
88
91
78
22
-22
-1
16
-33
-55
-86
-76
-76
-104
-152
-153
-124
-105
-126
-111
-115
-78
-58
-27
11
40
58
58
39
25
29
55
136
142
191
215
162
144
115
132
160
192
205
170
151
189
196
158
80
92
102
102
123
103
127
136
116
110
29
-22
-53
-49
-9
-30
-35
-67
-48
-83
-127
-110
-105
-88
-43
-49
-73
-118
-129
-149
-216
-218
-207
-186
-195
-185
-198
-263
-270
-248
-225
-211
-191
-147
-168
-197
-221
-167
-161
-156
-163
-164
-170
-187
-132
-145
-155
-124
-139
-92
-76
-14
-14
15
49
56
38
17
13
0
15
54
70
70
125
95
124
154
137
142
118
119
139
112
71
80
120
137
186
199
150
124
67
23
46
79
101
107
93
64
46
50
77
32
42
25
42
43
34
7
2
54
18
-26
-27
-44
-10
9
36
69
88
72
85
57
46
71
5
46
66
29
45
78
76
23
-46
-34
1
-34
-69
-77
-41
1
4
-18
-36
-66
-56
-58
-39
-57
-74
-117
-111
-99
-103
-103
-120
-92
-128
-145
-172
-151
-128
-82
-67
-37
-52
-42
-51
-60
-50
-39
-11
-3
34
11
17
6
39
76
119
191
229
247
249
185
119
138
155
164
175
166
175
148
136
128
111
75
88
113
120
106
121
126
128
139
98
62
48
117
132
64
25
40
29
13
32
-24
-32
-73
-75
-83
-105
-104
-140
-145
-158
-163
-150
-154
-156
-186
-180
-176
-181
-189
-171
-163
-138
-117
-104
-109
-172
-119
-103
-94
-102
-86
-103
-112
-113
-112
-67
-16
-2
6
5
9
15
8
-33
-17
32
50
49
19
30
37
48
12
6
-13
-13
25
9
-3
-28
-41
-40
-64
-50
-20
-13
-1
2
15
4
-27
-18
0
-45
-79
-84
-50
-87
-82
-55
-42
-11
21
66
65
79
77
34
-12
-25
9
26
24
4
-65
-97
-41
-28
-25
10
-17
-8
7
21
29
62
100
142
150
124
118
147
214
215
208
179
183
195
190
191
212
176
196
175
164
109
143
200
176
181
173
126
76
30
-64
-98
-111
-106
-111
-74
-63
-45
-25
-42
-79
-55
-38
-72
-88
-121
-107
-70
-89
-106
-112
-148
-195
-210
-209
-183
-161
-93
-83
-130
-138
-117
-144
-158
-189
-172
-120
-79
-73
-83
-15
-35
-41
-52
-71
-72
-28
15
10
63
93
103
127
159
153
144
190
223
222
184
195
198
186
185
162
161
127
119
105
115
105
101
83
48
34
-33
-35
-7
-24
-45
-30
-57
-84
-92
-155
-144
-99
-103
-126
-148
-134
-139
-202
-195
-167
-170
-128
-124
-133
-140
-123
-160
-181
-154
-161
-161
-157
-164
-151
-137
-76
-8
17
51
36
42
45
48
71
54
83
101
118
112
138
212
230
226
221
205
152
144
161
152
170
202
171
159
142
115
85
88
122
121
110
44
50
40
33
28
-2
36
75
81
55
69
61
29
-17
-42
-67
-101
-83
-70
-86
-93
-76
-70
-120
-94
-94
-88
-63
-66
-57
-85
-54
-72
-67
-28
-7
17
2
9
5
-9
-51
-35
-55
-19
21
11
20
13
17
5
-11
-41
-43
-78
-61
-64
-75
-121
-158
-148
-145
-132
-90
-67
-37
-11
-4
-25
-80
-110
-112
-93
-125
-120
-101
-77
-25
-10
-27
-65
-77
-71
-53
-2
16
17
29
27
10
-37
-36
-17
15
76
114
121
135
121
150
148
137
127
122
193
214
189
171
135
127
94
76
86
116
128
120
80
67
57
3
-2
-5
35
30
37
3
-25
-15
-1
7
-12
-32
-58
-67
-57
-55
-88
-118
-104
-118
-134
-154
-158
-125
-144
-105
-79
-55
-91
-126
-146
-143
-118
-92
-108
-88
-102
-141
-133
-156
-89
-96
-54
-55
-66
-16
-5
31
41
50
52
85
68
42
12
27
36
34
44
72
78
81
112
83
85
68
59
64
81
81
79
119
158
192
180
170
147
119
84
136
166
172
180
214
223
209
212
183
121
113
136
123
78
108
111
76
46
18
2
-11
2
-1
-15
-74
-96
-98
-90
-63
-65
-56
-49
-53
-40
-102
-78
-80
-74
-74
-125
-100
-74
-10
10
6
-25
-46
-89
-98
-93
-92
-60
-35
29
30
-28
-21
-35
-58
-51
-14
-22
-7
34
27
31
25
43
3
-27
-31
-10
3
7
-12
-10
-14
-36
-37
-111
-128
-125
-113
-117
-127
-107
-146
-154
-180
-203
-197
-148
-171
-185
-182
-171
-165
-163
-199
-199
-155
-178
-174
-164
-150
-122
-87
-69
-74
-66
-44
-44
-59
-37
-30
-24
-39
-41
-61
-60
-34
-28
47
81
116
142
153
186
148
130
146
156
111
143
161
185
214
206
155
118
140
156
155
138
177
170
176
166
181
126
96
127
106
120
106
103
79
74
59
18
2
38
108
120
147
133
96
49
-3
12
7
15
37
78
61
99
78
31
-41
-50
-70
-92
-99
-84
-44
-26
2
-19
-38
-23
-5
-15
-16
5
32
34
62
54
70
51
48
45
32
62
-5
-23
32
82
48
59
49
6
-17
-21
-47
-73
-45
-40
-37
-21
-36
-109
-119
-142
-155
-149
-111
-90
-56
-66
-82
-123
-94
-65
-89
-94
-65
-40
-19
-27
-29
-41
-17
-35
-66
-73
-99
-73
-33
-56
-81
-81
-99
-91
-78
-75
-34
-15
-8
-34
-22
-27
-45
-2
8
-17
-11
45
47
45
-9
-5
3
19
15
2
-32
-44
-31
-4
-21
-28
-39
-28
1
-21
-26
-59
-66
-91
-132
-118
-76
-53
-34
-25
-70
-44
-29
-19
-18
-40
-7
-25
8
-21
0
-50
-47
-5
24
36
34
47
81
65
69
79
43
94
93
102
133
190
161
192
203
164
149
163
191
235
201
214
218
173
190
167
198
151
136
106
117
159
97
50
34
25
49
33
10
52
56
32
6
22
24
-55
-93
-69
-77
-83
-88
-84
-89
-77
-52
-41
-51
-91
-95
-103
-97
-100
-122
-110
-82
-64
-62
-56
-66
-60
-29
-6
-25
-44
-21
-22
-28
-10
-24
-56
-2
-11
-3
-46
-89
-87
-93
-109
-129
-114
-89
-41
-29
-52
-95
-106
-111
-146
-148
-159
-158
-124
-106
-40
-27
-55
-111
-134
-106
-86
-65
-32
-7
37
58
23
-8
21
56
107
125
81
52
5
-25
-20
-48
-35
-23
16
55
61
47
26
19
42
47
44
87
94
90
108
125
105
70
70
45
28
41
65
69
104
101
99
117
139
125
70
57
42
78
81
84
81
83
75
75
67
57
49
48
52
23
4
-13
3
20
21
-32
-70
-92
-35
-19
-45
-74
-94
-77
-96
-83
-111
-98
-124
-108
-99
-95
-62
-43
-70
-72
-74
-110
-88
-58
-30
-7
7
5
0
3
36
52
35
44
41
71
94
71
21
36
35
51
9
5
62
80
115
107
77
9
-30
-34
-12
-9
28
39
43
78
25
10
-1
-30
1
18
12
26
-4
-18
-40
-56
-65
-55
-49
-22
-16
-4
-12
-92
-135
-147
-125
-120
-113
-82
-89
-107
-116
-94
-63
-111
-89
-69
-64
-46
-46
-11
-18
-62
-19
-38
-12
-6
39
108
135
157
168
147
144
125
108
59
44
92
128
143
187
217
193
197
182
157
138
171
173
170
158
171
163
158
139
129
93
99
86
42
47
62
41
-13
-22
-22
-39
-89
-135
-197
-204
-201
-217
-217
-172
-196
-239
-239
-248
-232
-219
-206
-240
-242
-235
-256
-223
-210
-190
-179
-169
-151
-158
-176
-194
-212
-197
-168
-108
-38
-62
-45
-70
-90
-78
-45
27
55
81
54
68
59
46
95
83
131
155
141
124
137
123
141
158
142
159
170
192
177
157
191
164
179
144
93
90
90
102
117
140
157
148
114
80
86
130
131
157
183
165
114
93
84
89
77
46
67
86
84
39
1
38
58
30
-2
12
-5
-82
-70
-83
-85
-108
-110
-74
-73
-111
-113
-115
-142
-175
-130
-81
-73
-51
-73
-119
-89
-101
-116
-141
-162
-130
-140
-119
-141
-154
-132
-102
-116
-125
-141
-103
-54
-66
-62
-53
-34
-31
-26
-15
6
19
66
111
128
113
114
99
87
57
47
51
58
114
122
118
102
54
36
68
80
80
61
66
20
-16
-14
-47
-53
-19
47
36
8
-4
-24
-40
-68
-68
-3
-10
24
27
31
-24
-79
-62
-84
-73
-28
-21
-48
-80
-81
-91
-68
-62
-78
-68
-88
-19
-8
-14
-54
-27
4
7
8
32
62
84
106
88
106
94
96
113
110
118
107
182
205
169
126
77
91
115
113
103
130
112
119
105
85
83
92
80
67
40
-34
-20
-38
-29
4
-34
-28
-38
-46
-63
-59
-92
-108
-96
-111
-127
-168
-191
-223
-153
-129
-106
-129
-159
-163
-235
-222
-181
-173
-168
-122
-116
-100
-101
-115
-78
-71
21
45
43
20
-21
18
21
32
57
56
41
70
91
109
143
126
180
160
131
116
111
82
44
30
51
66
74
113
63
39
55
72
100
115
92
64
46
34
18
10
11
43
48
50
41
19
-13
-34
-26
8
-14
-49
-41
-70
-49
-70
-86
-94
-50
8
9
15
-27
-40
-40
-73
-73
-88
-32
-26
-27
-69
-129
-135
-70
-2
-3
19
19
37
15
16
-13
-34
-21
12
-8
-14
-32
-29
-37
-44
-30
-9
3
35
53
51
78
68
61
77
52
36
4
23
0
12
45
59
34
21
12
-36
4
-26
-29
-34
-49
-73
-100
-85
-58
-41
-3
-14
-13
-19
-24
0
6
-30
-38
-33
-47
-33
-43
-30
-23
-13
-31
-51
-68
-87
-152
-157
-194
-201
-202
-165
-159
-133
-98
-138
-123
-156
-90
-101
-73
-45
-12
5
-23
-33
20
75
93
133
147
159
151
177
203
198
146
163
166
202
232
203
253
282
250
222
176
195
207
189
200
188
178
161
152
191
208
209
193
139
110
109
152
160
163
128
107
131
87
91
54
48
67
51
46
45
23
45
18
-10
-40
-15
16
7
-8
-41
-58
-42
-38
-96
-115
-120
-112
-84
-109
-151
-150
-157
-184
-200
-237
-221
-192
-199
-244
-285
-294
-271
-242
-280
-299
-273
-252
-260
-272
-305
-333
-325
-274
-252
-261
-259
-259
-222
-212
-220
-231
-218
-218
-215
-168
-151
-127
-165
-146
-124
-91
-68
-81
-63
-28
15
36
64
48
68
100
132
127
144
169
147
166
166
154
146
164
161
196
218
243
271
285
287
269
262
248
229
213
193
196
210
206
208
204
213
210
178
210
233
240
235
200
134
124
137
164
204
218
186
147
99
46
68
43
92
124
159
160
132
103
47
17
16
-1
5
38
26
58
31
-25
-55
-57
-41
-36
-43
-41
-36
-24
-7
-73
-90
-104
-89
-78
-128
-138
-154
-143
-149
-167
-159
-175
-166
-157
-181
-211
-225
-192
-192
-168
-143
-180
-160
-114
-102
-115
-159
-176
-184
-174
-132
-160
-168
-170
-157
-168
-143
-71
-49
-67
-75
-81
-70
-52
-80
-81
-121
-139
-100
-74
-65
-75
-67
-79
-62
-26
-37
-44
-46
-30
-4
13
9
-32
15
63
84
110
98
103
105
102
96
74
101
109
111
119
130
128
113
64
81
111
56
74
44
48
60
65
75
77
93
111
146
130
158
138
139
167
113
137
129
164
181
160
143
103
94
68
63
53
64
106
114
126
118
103
110
78
45
22
51
68
67
48
61
33
22
-5
-55
-50
-43
-19
-12
-47
-46
-61
-66
-50
-62
-95
-133
-137
-123
-114
-134
-162
-140
-136
-148
-136
-129
-127
-125
-128
-113
-105
-107
-94
-58
-20
-20
-37
-69
-99
-83
-81
-82
-81
-54
-3
2
-17
-32
-36
-51
-49
-16
-25
-17
-11
-3
6
13
-22
-64
-37
-2
7
29
30
14
54
85
103
108
99
108
133
162
186
172
149
124
122
97
98
131
147
135
106
96
60
56
50
64
47
80
96
77
39
-20
-4
37
66
34
-2
-1
-29
-30
-20
-38
-18
19
-5
-41
-60
-22
7
2
2
-6
-27
-81
-91
-87
-101
-73
-60
-132
-153
-144
-170
-177
-175
-169
-236
-200
-179
-189
-193
-149
-146
-149
-162
-143
-161
-218
-228
-229
-211
-160
-148
-153
-151
-173
-164
-183
-169
-163
-154
-128
-90
-107
-115
-89
-79
-81
-17
11
39
76
37
65
73
70
121
130
172
207
209
206
199
208
213
229
229
256
263
257
214
199
231
241
283
286
262
270
286
267
286
270
230
264
278
242
241
234
202
199
186
207
174
175
175
123
107
134
137
94
62
13
-6
-22
-56
-65
-67
-56
-43
-47
-51
-102
-55
-16
-37
-66
-97
-80
-109
-140
-106
-137
-123
-106
-112
-96
-88
-82
-97
-100
-112
-129
-146
-149
-166
-168
-122
-131
-153
-149
-170
-157
-165
-126
-111
-114
-120
-130
-114
-106
-120
-101
-70
-69
-61
-67
-69
-79
-72
-90
-57
-44
-66
-105
-107
-69
-45
-49
-48
-86
-90
-82
-73
-81
-114
-107
-54
2
-11
14
9
-13
-47
-54
-51
-52
-72
-44
-37
-15
-18
-37
-77
-72
-60
-14
39
15
13
-2
0
