-64
-89
-69
-47
-12
-18
-54
-10
15
-11
-8
-6
15
12
-6
-65
-35
-35
-5
31
26
34
7
21
29
15
40
42
30
38
5
-35
-50
23
72
98
95
105
95
71
41
49
108
117
120
101
84
80
55
18
-6
8
-33
-31
-53
-57
-45
-64
-89
-85
-87
-93
-62
-45
-21
-40
-31
-15
-41
-66
-86
-69
-59
-36
-23
-46
-15
-35
-47
-35
-16
15
28
18
46
43
29
64
65
47
-8
-19
-19
-23
20
39
25
50
63
59
45
43
83
66
101
99
75
30
12
25
40
48
60
61
73
29
5
34
28
28
31
54
9
45
66
83
31
16
8
6
-15
-5
18
14
40
41
14
-45
-3
28
39
68
63
41
11
9
-31
-83
-100
-80
-63
-37
-15
-27
-51
-42
-66
-73
-73
-78
-88
-72
-104
-139
-117
-102
-100
-100
-47
-16
-31
-36
-68
-94
-55
-73
-30
-30
23
4
-32
-32
-9
-7
3
45
63
101
110
109
47
21
-17
-33
-12
27
72
76
52
27
50
53
8
-8
-17
-13
37
77
98
43
5
9
-11
-48
-61
-12
-42
-40
-51
-55
-48
-16
-6
-47
-4
-6
-15
-4
-19
-5
43
34
35
31
21
43
42
19
5
13
70
58
11
1
-8
21
83
67
60
53
53
77
85
48
-2
0
50
58
53
79
61
55
51
21
22
58
67
124
121
118
82
11
6
-16
-20
-20
-32
-34
-8
-15
-43
-55
-98
-123
-90
-111
-111
-151
-170
-166
-133
-117
-115
-96
-57
-59
-108
-117
-88
-52
-65
-47
-70
-39
-12
-17
-9
1
34
79
75
47
22
-9
-3
-3
10
29
40
39
59
19
-33
-16
9
-10
4
15
20
63
3
21
50
42
31
50
67
61
67
97
123
121
110
92
75
75
43
52
66
63
33
67
96
42
26
9
25
7
24
3
3
31
11
16
19
23
-41
-63
-41
-59
-57
-43
-42
-59
-67
-127
-123
-96
-58
-94
-116
-43
-33
-40
-57
-90
-88
-61
-67
-110
-130
-165
-209
-200
-187
-178
-149
-92
-60
-49
-17
-17
-34
-64
-89
-93
-82
-83
-80
-40
-43
-57
-61
-6
32
41
54
51
9
-5
-7
-20
5
52
81
108
78
42
70
69
92
99
86
92
53
68
93
109
130
163
155
135
120
135
126
132
153
103
103
97
103
99
105
97
89
102
104
130
124
110
112
85
85
80
84
126
99
61
36
40
69
56
28
42
7
-11
-27
-27
12
-14
2
-57
-80
-76
-63
-78
-63
-45
-13
-2
-38
-1
20
11
-29
-60
-25
-11
8
8
11
24
-22
-10
-31
-47
-32
-46
-73
-76
-26
-34
-71
-78
-121
-135
-121
-99
-77
-69
-64
-83
-121
-170
-178
-159
-124
-96
-81
-89
-88
-108
-157
-231
-213
-120
-100
-29
-36
-45
-46
-72
-58
-67
-105
-90
-52
-24
3
-7
-45
-76
-63
-93
-77
-50
-7
26
43
12
-2
28
31
6
8
30
27
47
78
79
76
113
139
132
130
117
112
93
70
71
89
129
123
99
54
62
51
66
82
80
107
131
99
28
26
37
87
83
94
98
85
76
83
80
60
74
74
85
50
58
67
64
85
97
90
69
40
15
7
19
23
46
38
0
-19
-16
4
9
39
49
26
-13
-76
-70
-70
-81
-71
-63
-51
-69
-131
-103
-124
-122
-52
-73
-38
-83
-105
-93
-14
-4
-14
-49
-67
-33
-44
-59
-27
-15
14
17
-6
-19
-16
-21
-7
24
15
39
23
11
-39
-46
-27
-29
13
24
25
47
41
-18
-38
-49
-80
-104
-101
-83
-66
-72
-57
-37
-46
-95
-99
-117
-141
-79
-61
-41
-51
-53
-65
-67
-63
-73
-77
-41
28
46
40
47
37
6
17
-9
-19
9
-3
9
-28
-53
-25
43
73
99
79
94
101
76
67
17
17
-3
45
50
45
39
42
56
86
101
78
65
6
-52
-81
-66
-38
-5
10
30
14
0
10
-1
38
22
40
56
57
71
58
49
21
17
-10
-4
-19
1
15
19
33
56
47
45
0
-66
-47
-34
-31
11
11
5
24
24
13
7
17
23
-3
-3
34
38
84
65
39
52
18
14
21
42
75
86
77
94
89
73
102
96
55
34
47
25
10
14
52
52
55
40
50
24
-10
4
-16
31
58
42
0
-4
-15
-52
-26
26
31
34
38
-2
-4
19
-14
-35
-34
-40
-57
-33
-14
-7
3
16
-32
-92
-81
-111
-132
-151
-133
-100
-89
-35
-11
7
3
-22
-49
-76
-110
-98
-63
-57
-80
-52
-57
-71
-119
-134
-142
-137
-77
-71
-72
-126
-116
-166
-146
-67
-60
-27
-68
-79
-73
-78
-87
-39
-8
-39
-17
-27
-70
-56
-65
-54
-65
-53
-57
-70
16
23
83
86
70
15
-66
-96
-44
0
52
38
25
67
48
3
9
29
15
47
63
62
47
47
68
92
109
132
127
134
104
72
56
31
62
54
56
52
41
47
42
67
41
7
35
74
87
75
65
72
37
56
35
43
60
63
67
46
45
100
113
124
160
131
108
101
52
44
64
42
52
29
-6
-2
27
72
79
103
132
104
61
20
-46
-42
-42
-14
-20
-27
1
-7
-8
24
93
70
40
-4
-24
-47
-68
-85
-85
-40
21
-10
-76
-45
-16
-14
-3
23
-7
-23
4
-26
-71
-68
-26
-2
-7
-5
-46
-84
-37
-54
-39
-17
-11
8
-16
-64
-106
-112
-135
-72
-73
-113
-91
-73
-38
-9
-64
-96
-171
-175
-123
-131
-135
-103
-87
-76
-61
-122
-138
-98
-73
-57
-51
-31
-45
-31
-14
-2
-14
25
46
-21
-28
-36
3
32
37
-9
-42
-65
-78
-74
-70
-18
6
24
14
25
39
40
68
116
110
170
133
46
26
-18
-53
-77
-94
-105
-99
-56
-15
69
155
122
80
76
63
78
98
93
109
109
77
32
21
-29
-15
-37
-72
-61
-15
31
-4
-1
6
37
51
76
99
106
125
103
81
50
52
71
98
125
122
87
52
45
93
103
72
106
123
139
154
129
129
130
86
97
113
55
88
95
94
90
55
60
45
34
41
18
16
44
40
5
-13
-25
-54
-71
-41
-63
-83
-77
-83
-43
0
4
-65
-112
-120
-140
-131
-133
-137
-135
-159
-151
-177
-158
-141
-156
-150
-192
-233
-236
-177
-141
-88
-107
-124
-119
-132
-107
-110
-92
-69
-45
-105
-103
-105
-81
-47
-30
-40
-43
0
17
13
-4
5
-30
-12
-30
-21
-26
-25
5
2
-6
39
52
64
94
44
70
84
93
70
44
54
44
22
5
26
33
55
76
79
22
47
26
-3
41
52
47
62
94
66
30
-16
-20
52
70
73
62
23
44
48
2
32
13
43
30
-22
-1
12
15
44
62
89
77
99
89
48
32
39
37
45
90
55
29
42
43
32
55
80
39
-23
-2
20
13
50
13
6
4
24
24
19
45
76
35
-12
50
25
22
60
54
41
61
80
84
75
116
91
60
71
32
9
-26
-9
-5
-31
-44
-38
-66
-74
-85
-71
-62
-84
-87
-82
-92
-94
-79
-87
-78
-93
-42
-14
-46
-47
-63
-8
-9
-11
-27
-45
-35
-43
-61
-50
-36
-53
4
15
8
-13
-45
-44
-19
-8
-32
-59
-18
-3
13
39
47
39
11
-2
-10
-45
-8
-7
35
60
66
72
34
12
-26
-35
-23
-28
-8
43
52
6
-24
-49
-108
-107
-103
-92
-51
-23
-17
-16
-30
-29
-40
-31
6
0
-46
-52
-109
-151
-137
-125
-128
-107
-60
-48
-78
-45
-44
-82
-94
-67
-58
-86
-55
-71
-50
-63
-53
-48
-42
2
16
27
38
71
87
57
32
50
59
48
77
95
69
89
73
41
11
-31
-30
1
42
37
52
68
119
107
72
51
43
48
40
65
70
137
95
92
78
18
49
79
124
126
136
101
76
47
48
56
43
69
76
92
72
30
30
14
28
37
51
45
59
72
75
38
8
35
17
-9
-5
-3
13
37
24
15
27
39
72
56
29
-1
-6
-27
-22
-12
13
-11
-44
-58
-90
-69
-54
-13
-17
-37
-22
-24
-55
-43
-24
-5
6
13
-4
-16
-56
-61
-97
-126
-105
-60
-29
-40
-37
2
-30
-54
-54
-81
-86
-79
-71
-82
-54
-118
-127
-103
-114
-104
-116
-81
-88
-134
-126
-104
-102
-118
-110
-71
-78
-56
-57
-33
-48
-51
-16
-14
-18
-14
-25
-39
11
7
-5
-2
25
9
45
71
31
36
40
71
66
77
81
76
103
140
135
131
166
142
106
125
141
145
199
215
218
172
160
167
174
172
186
209
169
173
170
115
48
29
49
71
57
27
33
25
10
1
-7
-20
-26
-35
-35
-44
-47
-92
-143
-140
-163
-120
-127
-120
-183
-203
-174
-187
-143
-149
-194
-176
-190
-168
-139
-131
-85
-114
-136
-143
-156
-124
-73
-69
-68
-84
-76
-90
-106
-125
-92
12
28
-16
-53
-61
-38
-4
-17
-9
-36
0
64
78
95
58
83
120
96
135
111
51
30
60
62
63
71
62
91
100
109
100
111
121
147
100
129
96
56
24
-21
51
14
12
62
63
79
64
22
22
13
3
-36
-64
-29
-2
-11
-27
-33
-50
-40
-21
-17
-39
-32
-48
-31
-54
-58
-57
-38
-1
17
16
8
47
-15
-36
-23
-34
-39
3
62
18
25
46
55
20
20
33
7
22
47
72
84
65
46
39
23
-7
34
18
9
72
52
-7
-49
-77
-51
-21
7
-21
-94
-85
-105
-112
-80
-100
-64
-58
-32
-27
-27
-83
-64
-45
-73
-52
-91
-92
-68
-10
12
12
30
41
28
12
-61
-89
-78
-56
-25
-24
-50
-13
7
-28
-52
-81
-76
-69
-18
-23
-12
40
43
66
50
46
48
76
85
59
93
120
117
103
95
43
78
148
133
107
146
146
98
63
44
30
59
96
65
60
38
46
63
19
-16
8
24
47
66
93
141
87
78
68
14
26
61
86
64
66
99
62
34
-23
-50
15
-16
-6
26
25
11
-32
-75
-93
-68
-102
-40
-13
-73
-84
-113
-149
-153
-153
-137
-105
-49
12
-28
-34
-74
-130
-99
-106
-80
7
7
-9
-10
-49
-67
-99
-100
-60
-13
19
6
-41
-56
4
-45
-69
-27
5
15
-38
-55
-70
-99
-62
-88
-86
-77
-76
-106
-105
-90
-67
-51
-72
-57
-70
-25
-52
-71
-62
-44
-40
-23
-60
-65
-62
-47
-28
-66
-77
-79
-55
3
56
59
62
34
13
-16
-6
8
55
88
90
69
31
62
72
42
14
25
19
9
36
46
83
104
96
54
35
36
34
65
76
81
81
68
72
68
79
109
80
54
86
77
96
119
90
75
116
112
132
102
70
49
5
29
49
30
2
3
15
10
48
72
68
108
73
56
84
73
47
38
86
89
61
50
17
-14
-15
-19
11
9
17
-7
-37
-37
-79
-26
-14
-1
-7
7
-4
-15
-32
10
23
23
25
5
4
-12
4
-25
-33
-40
-30
-13
-17
3
16
17
14
16
-9
-23
-34
-37
-74
-69
-109
-157
-141
-145
-93
-95
-140
-95
-128
-149
-132
-121
-79
-60
-37
-43
-90
-100
-79
-74
-69
-35
-62
-40
-5
-79
-74
-93
-109
-76
-97
-72
-49
-40
27
25
-48
-65
-58
-53
-23
-21
9
16
50
62
61
24
0
15
43
86
65
101
75
89
104
64
79
95
82
85
66
44
58
58
77
59
28
11
5
43
64
89
71
84
62
28
47
43
15
-1
29
39
53
80
66
-2
79
32
61
52
-4
7
-71
-116
-121
-90
-67
-69
-76
-44
-47
-45
-56
-59
-47
-62
-24
-31
-48
-79
-61
-51
-32
-59
-50
-82
-70
-22
-26
-57
-60
-19
-32
-20
-53
-19
29
71
80
39
59
33
11
7
2
42
102
49
21
58
-16
62
74
74
167
166
134
123
80
56
51
49
92
104
81
70
22
31
45
39
52
19
24
-8
27
27
15
32
53
50
8
18
0
16
8
0
19
20
-60
-55
-51
-65
-23
-21
-7
-26
-61
-71
-73
-43
-31
-18
-43
-23
-34
-73
-35
8
40
52
13
-32
-40
-64
-130
-167
-83
-71
-9
-20
-28
-37
-67
-97
-117
-151
-133
-75
-79
-74
-73
-29
-18
-23
-58
-133
-159
-155
-145
-127
-86
-91
-30
-19
-39
-73
-57
-46
-20
-14
-34
14
-25
-5
16
-2
-35
18
65
82
40
-21
-32
-11
10
40
32
20
79
16
50
20
-5
29
19
64
50
28
34
74
42
75
65
102
72
58
75
97
102
133
169
125
153
162
134
125
157
158
143
164
121
72
52
83
47
51
62
38
44
46
47
41
65
106
122
120
132
103
134
107
88
94
79
129
118
74
64
68
105
108
75
92
50
64
64
26
3
-46
-85
-106
-130
-125
-92
-83
-45
-28
-51
-98
-121
-131
-111
-166
-186
-202
-224
-173
-157
-121
-147
-178
-158
-144
-134
-153
-167
-157
-143
-143
-119
-121
-108
-102
-127
-168
-174
-145
-114
-48
-66
-58
-77
-80
-84
-108
-111
-128
-113
-51
-53
-52
-39
-64
-28
-61
-47
-40
-27
31
42
51
-10
-29
0
19
71
82
81
135
138
73
46
23
-3
29
65
76
67
106
96
48
41
15
30
53
81
92
75
86
52
26
23
27
44
68
48
78
76
29
50
43
41
73
57
69
53
47
50
32
-18
-71
-33
73
82
117
93
69
42
4
-2
-46
23
58
47
34
35
30
0
31
37
21
21
5
-5
27
-25
-15
-3
10
31
18
-18
-22
33
57
78
56
14
80
98
90
100
78
56
19
4
-53
-53
6
26
19
74
28
31
34
8
-11
-12
0
16
27
10
5
35
26
-18
-20
-14
32
39
-10
-22
4
-17
21
-2
-30
-9
-26
-5
7
-8
-23
-64
-120
-112
-157
-147
-83
-165
-145
-141
-170
-136
-127
-136
-51
-82
-70
-69
-128
-155
-142
-84
-92
-82
-66
-15
0
19
-25
-15
-44
-40
-57
-8
11
-12
20
-38
42
-14
31
23
48
39
28
2
42
19
51
49
40
76
39
53
60
70
65
89
72
69
73
86
92
94
114
41
43
13
5
52
77
86
85
51
-8
-8
-27
34
39
49
83
32
14
24
-18
-35
-26
-51
13
51
28
95
42
34
62
20
-18
-43
-10
5
34
-16
-20
-39
-73
-32
-68
-48
18
-45
-45
-71
-36
10
-4
23
40
-14
-42
-50
-26
-63
-28
-52
-43
-2
-1
18
-33
-4
-32
-6
-73
-19
-6
23
48
15
3
3
13
-66
-48
-55
-7
-27
-8
-39
-39
-31
-16
-12
-31
-25
-50
-38
-40
9
-44
-49
1
-53
-10
-34
-35
-5
-28
-53
-57
-45
-60
-70
-128
-66
-29
-8
-33
-24
-17
-11
-6
-40
-36
1
31
52
24
8
8
14
33
35
47
100
105
108
125
115
131
127
121
128
98
109
99
139
127
106
118
102
109
159
103
59
92
74
79
64
11
9
-3
-11
23
37
8
-2
-55
-42
-71
-4
-1
-19
-70
-99
-99
-103
-97
-66
-79
-85
-27
-51
-36
-86
-47
-67
-47
-28
-34
-31
7
-24
-66
-80
-120
-98
-100
-57
-94
-66
-57
-73
-97
-69
-78
-75
-59
-65
28
-62
-32
-61
-94
-66
-50
-15
19
-3
20
77
69
110
43
128
77
98
92
25
67
67
89
103
125
128
151
115
92
36
4
21
46
58
130
113
43
94
54
58
38
21
1
0
-57
-1
105
80
116
79
6
33
-23
-20
-17
0
52
34
-8
-43
-106
-67
-104
-83
-66
-54
14
-37
12
-62
-124
-113
-141
-127
-97
-99
-96
-50
4
-95
-71
-132
-139
-50
-36
88
71
84
96
56
26
-44
-70
-65
37
16
65
100
39
13
-22
-27
-29
-4
50
2
15
61
4
81
34
-4
32
-71
-18
-65
-83
16
-56
-39
-40
-80
-68
-74
-67
-5
-36
-50
-80
-40
-82
-57
-77
-114
-96
-77
-44
-29
-89
-98
-80
-90
-21
-19
-39
-31
-11
-14
8
7
-52
-37
-18
-51
-35
-79
-7
30
26
34
39
7
68
-11
-37
66
97
103
78
100
99
141
126
148
149
168
187
160
141
115
160
149
177
157
146
118
119
158
111
116
164
169
196
217
133
178
137
87
94
56
29
30
24
-52
-39
-43
-63
-79
-85
-105
-99
-99
-58
-13
-5
-45
-77
-78
-78
-68
-118
-110
-110
-119
-148
-72
5
75
965
619
-84
-624
-1174
-183
127
-683
-872
-1115
-980
-135
-166
238
296
265
305
17
-287
-169
108
4
322
230
278
523
313
240
340
184
535
882
136
-22
-196
-238
194
-55
-407
-248
-200
-307
-38
-82
72
16
55
-223
-51
-244
-276
-65
-477
170
-104
-13
187
-157
108
252
-140
257
134
87
197
-155
61
-55
258
80
141
47
-126
61
-94
-11
-48
29
-169
167
-146
-39
89
-342
217
-250
-4
231
-126
164
10
-173
218
11
-94
327
-192
-21
180
-166
197
11
-51
138
-31
-183
312
7
102
108
22
219
-127
138
-77
296
66
89
180
-65
197
-60
67
99
19
247
26
-59
-14
-164
399
-407
88
-4
-357
312
-322
-1
58
-316
-13
-136
-240
134
-236
-2
-46
-260
-33
-15
-104
-51
-73
-192
-65
-95
-253
51
-78
-239
67
-295
-98
44
-294
107
65
-50
-103
52
224
-37
191
-227
-43
203
-74
91
264
-79
97
78
-53
152
-129
242
8
107
-7
33
24
23
153
19
140
2
50
60
206
-95
45
73
-120
174
-24
-172
244
-148
63
313
-392
304
109
-64
118
-182
208
34
-204
-73
46
209
-76
99
91
-191
1
-19
146
39
7
-103
151
-62
21
-47
-162
-144
175
-47
-83
161
-116
223
-331
-92
97
-135
102
-87
-19
-117
-95
-159
104
-11
-4
178
-308
-96
-229
214
296
-244
-127
-160
-13
199
69
-108
279
-31
-18
33
-160
-12
-12
92
157
214
-211
-125
-149
-88
201
70
-6
15
-127
-204
41
-30
40
-97
20
-46
-159
129
-101
220
0
-176
-13
91
26
25
-13
-77
-45
-46
-31
-26
71
-121
262
-143
-225
221
-84
151
29
-381
136
108
-67
217
-200
-146
109
130
104
41
-31
106
97
40
48
-124
-62
62
169
-74
-40
2
-21
281
22
-169
49
-48
25
270
37
-73
-123
20
-85
309
133
91
327
176
39
77
183
-4
79
39
110
186
-28
-131
46
47
91
-71
24
-79
111
22
-214
6
145
175
178
-58
-240
192
-143
12
85
52
-14
-30
-312
143
-86
-100
261
-691
113
-191
-16
279
-111
-56
-127
-275
-214
279
53
-24
-176
-345
-251
262
-71
123
-189
-199
138
-257
-119
-175
78
-109
-106
-312
-258
127
-133
-45
-269
12
30
-30
-101
-263
248
139
-153
84
-70
-224
138
-151
3
390
129
195
88
-254
-237
295
-72
337
259
-2
104
-247
-93
-22
122
-75
-43
-103
44
255
-80
-293
15
109
221
-4
-349
154
91
-2
-77
-178
232
278
202
-16
81
-73
46
281
277
-155
34
59
60
-11
-61
47
-13
147
2
107
-130
91
-52
70
29
9
68
-42
33
275
137
-141
-157
-52
335
140
-39
-30
-9
63
111
53
95
-15
-213
200
51
-154
-147
-116
77
187
-125
-466
87
78
89
308
-17
-45
346
-2
-12
-65
-109
331
27
95
114
-60
-14
-129
122
211
-263
-114
-110
-27
136
-58
37
-57
-258
155
112
-326
-219
-136
183
240
-331
-125
-48
-63
191
38
-114
9
-79
4
-105
-113
293
58
108
86
-106
-120
-180
198
109
99
-126
-178
16
8
1
-256
-179
-67
194
-46
-302
-404
-13
-70
-240
-7
90
124
-55
-119
12
-124
-99
262
158
-123
-364
-74
361
226
76
-202
75
89
101
-3
-213
132
205
101
347
-294
-119
205
-297
265
139
-237
22
-162
-140
191
232
-90
-107
-194
-303
401
-8
-385
-2
-112
19
151
-184
118
121
-210
-126
207
46
-130
36
-331
-76
384
33
-50
-54
-82
263
-19
-100
196
311
279
-414
-226
-93
182
228
-284
44
122
302
136
-114
24
-22
154
120
-422
52
354
30
263
-78
128
-28
229
-191
-189
473
84
19
15
-58
37
227
-201
-100
87
-250
39
363
-215
180
-20
-122
298
147
77
-132
274
-73
-94
234
17
-2
222
81
67
-128
-29
280
7
-59
-252
175
-41
-532
183
-3
-147
27
-318
401
-106
-662
-26
-171
347
90
-233
3
-411
82
250
-121
-144
-324
113
186
-174
-41
-102
138
-228
-73
266
60
186
-579
-174
63
316
-88
-427
199
-481
160
99
-198
322
-105
69
-162
-378
367
-335
-27
71
-97
224
-500
71
320
-28
-141
-101
145
44
-256
-100
-131
36
-275
271
282
-24
-11
-186
157
-268
-97
344
5
-162
-201
-225
370
-37
-181
351
24
23
56
-72
-71
53
-56
-205
-10
-130
193
-111
78
-57
246
180
243
377
-192
56
-28
546
110
-3
218
-142
-133
277
-52
248
283
89
435
-135
12
175
23
246
230
39
-291
13
209
179
113
-62
228
55
-96
214
-18
-187
-38
44
238
-3
-205
23
47
-139
-377
114
126
148
356
-570
82
-21
-30
411
-297
24
-141
-117
-44
12
316
32
-364
269
-74
-336
93
25
127
-294
70
122
159
-230
-253
489
9
-469
-184
-230
-68
-20
-358
91
-57
-191
-121
-132
-273
-27
-126
26
-452
119
-158
-239
50
-42
432
-1
-26
-24
51
-88
76
-88
-201
-103
-112
-57
-113
-150
18
-4
230
-113
-82
28
242
-315
88
105
-148
-52
-40
-84
-3
-9
-355
315
-387
89
-55
-34
-115
170
226
-231
-311
-107
274
181
336
-486
-9
69
198
90
-394
-4
170
-18
-47
106
-144
337
-222
-425
421
150
174
335
-372
54
275
-178
211
297
20
108
-287
248
208
72
27
-130
-21
-51
45
145
305
-158
331
214
2
-128
216
354
363
-19
-252
325
266
41
-92
-76
154
463
0
-100
160
52
200
75
-161
86
374
-108
266
-202
-376
103
-85
281
-181
-206
134
-142
-330
306
-123
128
-130
-299
308
339
-319
-179
204
-239
315
-286
-128
255
-413
-82
102
0
-68
-129
46
42
-108
-17
-314
223
-136
-263
256
-181
202
-43
-201
-137
-305
-145
121
106
-148
-43
37
-151
-11
-46
68
19
-454
-42
-18
-24
10
-283
62
-234
-305
413
-92
-480
-221
4
191
-119
-260
-142
57
-322
31
303
-101
-217
27
73
82
-335
93
365
1
-152
316
-9
250
74
-19
194
-150
388
-8
83
-285
180
349
-102
111
85
74
95
312
-266
361
-82
-307
584
-315
70
307
-126
51
285
-145
261
-1
-125
491
-72
-96
80
26
128
223
-48
160
90
-50
-57
-34
-70
147
48
-9
2
-4
-56
17
-98
-401
275
-142
57
199
-147
-165
268
-348
319
167
-294
71
-56
-120
30
248
-401
319
32
-324
124
-137
-101
78
74
-211
27
49
-27
-141
-176
-62
196
39
-204
-113
-180
-85
-26
-95
-31
-195
67
126
-88
-21
-74
128
-24
15
135
154
-156
83
-77
-17
-12
-32
51
-22
-247
10
167
-36
66
-24
-235
109
-262
-118
198
-214
300
164
-229
22
-233
73
283
-122
31
-55
-247
145
-155
-9
213
-201
54
47
25
17
337
98
-119
89
-20
-85
129
56
-113
187
80
186
-43
-120
201
162
-102
-173
102
-29
187
-163
-100
-38
-216
226
-150
-117
-141
-173
20
17
-320
50
70
-347
334
-244
-309
193
-178
-1
87
-148
256
-139
23
411
-41
52
-44
-173
303
91
-75
216
192
-174
86
-124
-49
76
-113
297
-19
-64
55
133
-78
-63
235
-33
5
267
-60
266
-71
-96
220
260
-257
138
226
-189
193
174
-327
261
57
53
237
-280
113
-27
-219
2
-184
262
-37
-149
224
70
-94
80
1
-239
-82
39
-176
94
34
-135
248
-178
5
240
-26
39
6
-199
76
-8
-41
-179
-57
-209
-83
55
-93
115
16
-107
-154
-185
56
-194
-184
41
-216
-22
-55
-139
46
13
68
94
3
-115
-151
333
34
-64
299
-248
270
109
11
36
-6
35
87
6
73
99
31
59
37
271
-49
85
-28
205
14
3
-155
110
134
-82
204
-112
57
-38
-61
-32
17
0
82
170
-242
-104
41
80
-102
-183
-116
-90
-37
59
-127
-137
33
-163
-176
-55
44
-20
39
49
-154
98
-58
-16
95
-30
-77
184
-13
-121
59
-13
291
86
151
216
-163
-12
-26
-75
185
-7
-50
25
-63
103
-7
-42
28
-246
-49
-227
-209
-137
81
-277
-221
-138
-412
-308
-195
-329
-154
-182
-513
-198
-403
-505
-476
-323
-271
-141
-263
-90
276
154
436
541
924
747
828
769
979
782
652
487
587
536
468
646
506
670
433
489
430
348
248
39
-162
-282
-506
-581
-775
-806
-1162
-1265
-1218
-1417
-1222
-1384
-1457
-1103
-1370
-1100
-1134
-1333
-590
-342
196
270
639
827
995
1801
1620
1251
1126
937
1023
830
274
321
578
946
994
1562
1614
1617
1769
1353
1345
867
263
87
56
-364
-489
-623
-749
-488
-644
-862
-653
-738
-728
-1030
-1035
-1082
-1099
-1242
-1342
-1022
-1151
-1352
-1755
-1417
-1664
-1763
-1595
-1847
-1698
-1468
-523
-146
536
740
955
2493
2588
2108
1866
1190
1467
1117
241
16
201
720
817
1598
1853
2072
2494
2114
2255
1777
725
85
-343
-362
-847
-573
-630
-222
456
-86
274
372
-657
-836
-1238
-1811
-1746
-2444
-2512
-1917
-1787
-1625
-1522
-1769
-1250
-1439
-2222
-2067
-2121
-2503
-2150
-852
-571
622
1263
1509
3950
4022
3496
3314
2566
2388
1645
493
-433
66
117
83
1399
1650
2176
3027
2407
2798
1984
418
-482
-945
-1342
-2055
-2096
-1842
-584
312
41
159
421
22
-592
-1288
-2123
-2942
-3523
-3617
-3181
-2869
-2557
-2178
-1466
-984
-1438
-2045
-2403
-2463
-2810
-2586
-1449
-1116
612
1099
2829
5695
5658
6004
5831
4998
4580
2897
952
2
248
-341
-303
943
1259
2743
3588
3410
3967
2339
778
-772
-1810
-3003
-3978
-3967
-3169
-739
0
844
1482
1765
2223
125
-1100
-2533
-4939
-5119
-5789
-5671
-4247
-3678
-2685
-845
-315
-1257
-1416
-2306
-3132
-3012
-2978
-2563
-759
675
2108
6545
8008
8546
9523
8282
7607
6219
2503
-386
-1327
-2491
-3431
-2508
-1933
-607
1982
2123
3301
3171
806
-721
-2803
-4730
-6465
-6910
-6720
-4072
-885
917
3548
5002
5579
5034
2687
293
-3109
-6055
-7694
-8647
-8072
-7045
-5292
-2708
246
1125
725
269
-1364
-2790
-2864
-2636
-2540
264
1269
5569
10962
11511
12993
13000
11499
10298
6615
987
-2379
-4206
-7018
-7594
-6107
-5892
-2630
-67
647
2876
1246
-783
-2546
-4380
-7099
-8994
-9130
-7885
-3370
-103
3336
7702
9788
11012
9827
6729
2616
-3186
-7479
-10170
-11558
-11389
-10519
-7756
-3176
779
1947
2611
1850
-427
-2028
-2553
-4152
-2498
-494
1921
9549
12875
14397
16338
15222
13565
10751
4151
-2238
-5046
-8484
-11437
-10334
-9893
-7551
-2700
-1179
1639
2551
344
-1291
-2956
-5332
-8051
-8521
-8773
-5290
-836
2331
7248
11214
13706
14479
12541
8866
3082
-3457
-8929
-12729
-14430
-14821
-13265
-9546
-4310
-602
1644
3133
2322
429
-1696
-2472
-4125
-2133
-613
3510
11592
14333
16978
18480
16987
15093
10039
2098
-4324
-7774
-12189
-15013
-13419
-12897
-8920
-4001
-2154
1824
1844
209
-1464
-3048
-5790
-8366
-8404
-7803
-3266
949
4601
9900
13596
15743
15789
13507
9452
2900
-3985
-10069
-14048
-15933
-16425
-14190
-9589
-4140
-674
2100
3644
3320
1285
-291
-1441
-3042
-785
-113
5699
13334
15485
18764
19460
17772
14964
8197
-685
-6995
-10688
-15990
-17708
-15892
-14998
-9436
-4981
-1933
2510
2364
1322
-182
-1412
-4664
-6672
-6555
-5383
-356
3076
6806
11775
14950
16240
14874
12329
7362
622
-5930
-12256
-15720
-17492
-17912
-14676
-9563
-4299
-935
2143
3343
3367
1176
-558
-716
-2430
-112
918
6886
14890
16947
19957
20380
18568
15034
7398
-1950
-8867
-12766
-18130
-19608
-16952
-15742
-9674
-4776
-1108
3818
4013
3195
1837
1001
-2462
-4657
-4351
-3391
1472
4920
8279
13168
15768
16301
14269
10954
5521
-1822
-8281
-14375
-17753
-18868
-18699
-15138
-9174
-3590
-115
3344
4254
3752
1464
-1044
-702
-2347
-91
1220
6408
15260
17326
20066
20512
17987
14455
7032
-2803
-10441
-14522
-19701
-21442
-18063
-16502
-10326
-4003
-539
5201
6167
5166
3826
2787
-715
-3614
-3639
-3707
1138
5019
7829
12614
15530
15855
13727
10288
4161
-2946
-9216
-15877
-18814
-19507
-19417
-15218
-8763
-3047
1208
4510
5130
4343
2054
-2829
-2417
-3079
-3201
570
3029
12311
18290
19611
21477
19801
16117
9913
383
-9327
-14494
-18599
-22522
-19725
-16143
-12349
-4163
-153
4835
8693
6680
5028
3568
881
-3598
-4838
-5522
-2581
3409
6152
10915
15619
16761
15751
12258
6926
-237
-7763
-14542
-19159
-20018
-19936
-17318
-10503
-3732
1335
4863
6186
5221
3510
-1388
-5121
-3201
-5071
-2757
1264
6051
16841
20120
21348
22426
19383
14392
6265
-4231
-12692
-16706
-20981
-22695
-17372
-13983
-8070
-297
3368
8921
9482
6767
4698
2329
-1579
-6287
-6941
-6351
-1404
4174
7447
13041
16677
16997
14620
9978
3556
-5067
-11883
-17812
-20859
-20339
-19391
-14108
-6315
-48
4346
6608
6900
4892
1826
-4248
-5714
-4640
-6573
-1422
1778
9321
19211
20026
22300
22083
17417
11339
2352
-8119
-15032
-18335
-22800
-21499
-15184
-12496
-4405
2475
5534
10673
9188
6136
3911
1121
-4354
-7458
-6847
-5829
1155
6052
9686
15897
17927
16533
13252
7285
-1025
-8862
-15181
-20729
-21313
-20327
-17725
-10154
-2754
2904
6590
7882
6767
3964
-417
-6137
-5238
-6047
-5306
253
3524
14562
20340
20898
23417
20164
15250
8047
-2553
-12164
-16852
-20773
-23981
-18777
-14295
-9660
-32
3536
8620
11873
8264
5852
3264
-1028
-6208
-7418
-7590
-3462
3659
6757
12316
17018
17050
15263
10006
3271
-4749
-12090
-18327
-22188
-21189
-19657
-14729
-6596
200
5266
8070
8268
6098
3349
-2672
-6835
-4662
-6566
-3357
1974
6455
18050
21680
22066
23324
19139
12743
4396
-6340
-15020
-18848
-22448
-23648
-17151
-12602
-6619
2238
5811
11142
12112
8185
5410
2120
-2005
-6942
-7439
-6401
-1352
5371
8875
14030
17062
16207
12890
7087
-191
-8636
-15264
-20598
-22574
-20868
-18343
-11925
-3788
2695
7242
8995
8795
6024
2024
-3867
-6119
-4576
-6332
-1458
3145
9778
20568
21282
22455
22342
16499
9993
731
-9854
-17243
-20388
-23882
-22779
-15449
-11626
-4028
4099
7386
12420
11408
7462
4769
1641
-3608
-7632
-7192
-5868
667
6451
9833
14791
16731
15066
11034
4856
-3082
-11436
-16930
-21746
-22489
-19786
-16788
-9048
-808
4870
8845
10219
8916
5686
1354
-5188
-6293
-5001
-6654
-333
3747
11235
21671
21181
22518
21518
14898
8339
-1159
-12293
-18749
-21282
-24619
-21908
-14527
-10704
-1828
5649
8353
13345
11237
7036
4513
743
-4576
-7855
-7326
-5375
1720
7025
10115
15104
16456
14527
10085
3030
-5051
-12746
-18190
-22512
-22451
-19523
-15228
-6976
1096
7053
10312
11408
9642
5670
1102
-5812
-6822
-5672
-6870
-563
3901
12230
21708
21312
22538
20882
14415
7140
-3060
-13551
-19527
-21915
-24825
-21509
-13681
-8998
-74
6753
9849
14023
11438
7133
4070
194
-5238
-8424
-7508
-5048
1851
6967
9753
14855
16195
13661
9061
1634
-6570
-13709
-19239
-23137
-22120
-18927
-13454
-4658
3277
9043
11934
12273
9978
5672
-148
-6814
-7495
-7177
-6931
-568
3765
13333
21516
21184
22899
20083
13264
5728
-4700
-14794
-19934
-22629
-24999
-19879
-12396
-7426
1954
7614
10972
14691
11077
6735
3617
-640
-6108
-8343
-7630
-4812
2455
6726
10191
15114
15803
13107
8249
724
-7246
-13945
-19770
-22879
-21361
-17829
-11727
-2943
4729
10057
12769
12538
9710
4818
-1487
-8342
-9114
-7756
-7986
-1523
3602
12772
22178
21906
22794
20596
13339
5866
-4570
-15156
-20618
-23201
-24929
-20226
-12361
-7348
1329
7760
10799
14329
10568
5842
2844
-1553
-6430
-8966
-8221
-4970
2067
6773
10155
15114
15683
13235
8753
1108
-6345
-13414
-19035
-21704
-20720
-17339
-11523
-3175
4499
10050
12591
12425
9773
4916
-1390
-8090
-9425
-8215
-8465
-2262
3435
11826
22072
22383
23125
22073
14554
7007
-2794
-14207
-20155
-22576
-24952
-20931
-13020
-8112
335
7455
10246
13731
11166
6230
3331
-690
-5738
-8437
-7765
-5061
1444
6507
9791
14246
15647
13625
9183
2258
-5192
-12400
-17490
-20742
-20827
-17318
-12321
-4527
3371
8536
11409
12177
9701
5026
-432
-7542
-10467
-8470
-9330
-4122
2826
8652
20634
23263
22735
23623
16595
8801
325
-11709
-19536
-22090
-24598
-23029
-14837
-9545
-2757
6445
9162
12687
12677
7068
3917
696
-4269
-7920
-7480
-5822
-298
5980
8716
12680
15493
13820
10167
4172
-3332
-10336
-15825
-19663
-20874
-18069
-13536
-6873
1391
7257
10522
12090
10594
6237
1435
-5258
-10420
-8323
-8578
-6302
1886
6453
17647
23840
22253
23638
18907
10617
2748
-8610
-18034
-21670
-23931
-24469
-17344
-10801
-5558
4048
8385
11610
13406
8534
4809
2286
-2205
-6681
-7249
-6089
-1954
4287
7429
10557
14566
13797
10679
6091
-1382
-8359
-13774
-18464
-20452
-18457
-15329
-9097
-804
5087
9415
11954
11331
8124
3444
-2810
-8535
-8914
-7877
-8209
-445
4776
12937
23184
22147
23323
21732
12888
5861
-4103
-15418
-20825
-23148
-24977
-20677
-12939
-8632
134
7738
10048
13868
11260
6536
4604
347
-4874
-6980
-6385
-4024
1671
5930
8386
12715
13719
11314
7935
1333
-5648
-11517
-16525
-19712
-19724
-16835
-11908
-4340
2939
8124
11513
12501
10245
6225
697
-5712
-9552
-8035
-8565
-5047
2752
7557
19170
23428
22093
23502
17131
9136
1203
-10679
-18990
-22174
-24416
-23834
-16578
-10805
-4700
5704
9280
12775
14317
9108
6820
3473
-1979
-6222
-6776
-5901
-2020
3738
6105
9848
13398
12023
9816
5044
-2391
-8552
-13794
-18736
-20211
-18423
-15237
-8185
-359
5442
10479
12620
11866
9007
4165
-2103
-8196
-8687
-8538
-8545
-955
3204
12626
22086
20995
22710
20410
12288
5682
-4703
-15623
-20541
-22798
-24973
-20610
-13351
-8751
1202
8128
10792
15061
12300
8382
5944
1102
-4381
-6585
-6606
-5105
461
4090
6857
11533
12533
10952
7668
1837
-4946
-10854
-15626
-19632
-19079
-16390
-12250
-4117
2962
7967
11962
12860
10816
7471
1815
-5789
-8993
-7890
-10028
-5597
409
5530
18547
21344
20911
23247
16886
9931
2357
-10047
-17869
-20435
-24066
-23915
-16514
-11895
-4652
5444
8597
13396
14990
9814
7673
4407
-1640
-5464
-6715
-6896
-2582
2250
4455
8780
12200
11853
9981
5708
-870
-7175
-12181
-17361
-19206
-17554
-15146
-8470
-485
4906
9612
12547
11747
9410
5285
-2361
-8090
-8600
-9647
-9522
-2628
1444
10947
21021
20295
22591
21717
13589
7696
-2303
-13844
-18737
-21897
-24992
-21189
-14613
-10244
-430
6846
9918
14738
12392
8732
7012
2097
-3248
-5938
-6709
-4967
-108
3167
6019
10548
12255
11264
8645
3034
-3324
-8816
-14071
-18048
-18832
-17099
-13009
-5677
1172
6100
10317
12098
10586
7909
2265
-4478
-8725
-9013
-9255
-7580
-723
3618
14404
22012
20642
23271
19811
11873
6125
-5433
-15639
-19495
-22746
-24824
-19809
-13761
-8640
1651
7167
10474
14765
11435
8476
6441
1304
-3090
-5226
-5558
-3316
1102
3724
6362
10503
11280
10165
6663
1072
-4471
-10044
-14646
-18231
-18328
-15484
-11291
-4140
1930
6394
10552
11660
9733
6912
1199
-5287
-8456
-7985
-9219
-5945
268
4496
16658
21171
19781
22751
17649
10764
4682
-7484
-15980
-19104
-23041
-24380
-18547
-13597
-7732
2405
6749
11116
14502
10931
9035
6916
2229
-2281
-4051
-4439
-2445
1374
3052
5981
9571
10120
8688
4863
110
-5182
-10598
-14726
-17839
-17553
-14507
-10352
-3776
2367
6878
10410
11683
9719
6491
953
-5094
-7912
-7374
-8981
-5696
30
5501
16918
19709
19588
22021
16682
10573
3300
-8348
-15790
-19260
-23449
-23937
-18045
-13504
-6749
3070
7345
12441
15026
11671
10560
7913
2516
-1937
-3853
-4758
-3004
106
1533
4934
8586
8798
7463
4231
69
-5465
-10420
-14244
-17669
-16379
-13823
-10119
-2776
2909
7037
10982
12047
9399
6517
735
-5793
-7270
-7757
-10342
-5164
-389
5618
17388
18517
19485
22110
15840
10126
2859
-9074
-15837
-19225
-23814
-23253
-17052
-13402
-5642
4160
7742
13531
15122
11832
11152
7904
2026
-2492
-4342
-5788
-3748
-687
540
4660
8214
8165
7249
4435
-175
-5650
-9814
-14090
-16760
-15261
-13267
-8779
-1316
3637
7625
11897
11867
9291
6537
-451
-6299
-7795
-8857
-10554
-4897
-599
5867
17709
18611
19849
22216
15471
10272
2702
-9688
-16150
-19429
-23879
-22941
-16888
-13209
-4789
4785
8131
13907
15169
11571
10863
7333
963
-3018
-5263
-6701
-3809
-1158
-27
4520
7668
7778
7223
3767
-1097
-5481
-9515
-13724
-15771
-14162
-12190
-6894
137
3952
8487
11943
11069
8764
5228
-2128
-6945
-8570
-9724
-9890
-4621
-220
7237
18462
18902
20443
21899
14824
10140
1875
-10467
-16143
-19640
-23643
-21912
-16518
-12324
-3728
4943
8239
13663
14317
10801
10432
6372
359
-3128
-5527
-6173
-2975
-1247
369
4862
7287
8126
6647
3002
-465
-4888
-8516
-12220
-14294
-12494
-10087
-5900
-103
3625
7308
10539
9362
6702
3274
-3132
-7654
-9358
-9181
-9381
-4364
813
6866
18623
19677
19487
21967
15478
10460
3412
-9322
-15348
-17883
-21795
-22123
-16669
-12753
-5776
3710
6050
10745
13321
9756
9505
6841
1275
-2358
-4166
-4863
-3102
-665
-228
3086
6972
6949
5888
3256
562
-2855
-6201
-9418
-12354
-10314
-8955
-6723
-1313
1494
4773
7492
7039
4685
2653
-2393
-6834
-8162
-7495
-7482
-4730
1395
5340
15842
19900
17388
20987
17314
10878
5812
-5656
-13341
-15780
-19942
-22724
-18405
-14045
-9628
-132
3539
7365
12573
9883
9764
8706
3838
151
-2107
-3408
-3281
-1243
-1101
1170
5617
5908
6065
4769
2623
419
-3272
-6088
-9695
-10212
-9039
-8979
-5050
-1625
287
3945
5817
3648
3165
68
-4602
-5730
-5574
-6511
-5151
627
2533
12053
18991
15691
20329
19049
12198
9538
-822
-11078
-13980
-18259
-23678
-20692
-16613
-14271
-4090
1244
4414
12200
11759
10978
11982
7925
3174
709
-2177
-4071
-1871
-2424
-1682
3558
4991
6567
6677
4829
3763
321
-2990
-7747
-10584
-10330
-11476
-9743
-6021
-3485
630
4402
3781
4146
3715
-1364
-3364
-5370
-5767
-5482
-3610
543
5275
15577
17164
17330
21442
16584
12843
6584
-6089
-11484
-16214
-22056
-23781
-20810
-17303
-11169
-2020
2316
9734
14284
13004
14569
12312
7575
2930
-1389
-4176
-4307
-3990
-4176
96
4578
7042
8698
7737
6958
4196
-786
-6038
-11043
-12787
-14335
-14500
-10554
-6596
-1841
2856
5611
6648
6995
3474
-761
-3272
-5349
-5981
-6917
-2702
1110
8582
16154
15695
19409
20060
14131
10050
709
-9210
-13940
-18894
-23877
-23148
-18310
-15008
-5750
2317
6399
14255
15849
14693
14876
10294
3866
-722
-4360
-6978
-6047
-5404
-3329
2825
6731
8696
9522
8135
6310
1680
-4391
-9809
-13909
-15287
-15753
-13574
-8519
-3666
1418
6304
8442
8540
7131
2222
-1452
-5137
-7321
-7999
-7356
-1880
1962
11131
17096
17424
21681
18534
13113
8289
-3287
-11882
-16715
-22207
-24752
-21750
-16923
-10467
-179
6145
12035
18346
17213
15886
13009
6438
458
-4389
-7717
-8820
-6370
-3975
-184
6130
9462
10828
10427
8003
3695
-2542
-8301
-13983
-16854
-16502
-15669
-11176
-4989
276
5821
9811
10269
8949
5753
-20
-4367
-8250
-9434
-9785
-6755
-871
4863
15016
18557
19704
21786
17007
11401
3137
-8706
-15566
-20560
-24209
-24277
-19429
-12725
-4335
5441
10922
17018
19543
16313
14183
8534
1535
-3736
-8407
-9873
-7713
-5081
-1855
3877
8960
11015
11476
8871
4627
-179
-6945
-12860
-16351
-17547
-15898
-12770
-7165
-891
4776
9209
11108
10321
7286
2571
-3056
-7852
-10818
-10211
-9493
-4533
1746
8126
17886
19603
20052
20728
14098
7468
-1061
-12024
-18094
-20696
-23004
-21943
-14047
-7474
541
9960
13551
17343
18047
13268
9428
4335
-2068
-7197
-8929
-8849
-6362
-2185
715
5879
10260
10756
9330
5547
1538
-4263
-9825
-13893
-16795
-15447
-12866
-8996
-2814
2815
6855
9491
10677
7507
4443
-696
-6409
-9286
-11130
-8995
-7545
-1446
4390
10444
19476
18832
18853
18073
10736
5062
-3493
-13009
-17083
-18385
-19504
-17057
-8861
-3749
3754
11249
11926
15462
14506
8885
6454
1746
-3838
-6943
-7281
-6749
-3553
392
2220
6908
10077
8019
6387
3066
-1828
-5664
-9910
-13673
-13727
-11897
-9990
-5473
-412
2704
5811
7734
7160
4755
1198
-3377
-6718
-8607
-10672
-7370
-5263
-323
5938
9079
17342
17738
15597
15863
9164
4268
-1210
-10679
-13801
-13602
-15114
-13364
-6863
-3515
2395
8658
7906
11144
11544
6132
4734
1659
-2732
-4243
-4399
-5167
-1843
1412
1349
4821
6655
5035
4423
1092
-2566
-4868
-7629
-10244
-10905
-9774
-7789
-4882
-1465
920
3339
5357
4976
2927
1040
-1899
-4649
-6755
-8498
-5473
-4149
-871
3253
6155
14576
14582
13302
14642
9956
6897
2031
-6297
-8883
-9764
-11998
-12732
-8201
-5368
-1579
4135
4600
7966
9583
6015
5626
3969
675
-1856
-2822
-3849
-2645
-589
-1130
1048
4014
3336
2613
1641
-641
-2637
-4245
-7413
-9072
-7861
-7712
-6282
-2877
-1430
910
3889
3839
3342
3073
80
-2831
-3938
-7392
-5923
-4678
-4282
778
3000
10456
13874
12902
16102
13648
10891
7705
-414
-5000
-7395
-10498
-13492
-10814
-8470
-5720
1031
2324
5784
10000
7556
7432
6656
2363
-404
-2263
-5154
-5081
-2943
-4056
-1959
1928
1862
3397
3560
1191
380
-1424
-5204
-7548
-7521
-8289
-7183
-4569
-3611
-452
3029
3633
4296
4228
1413
-1766
-3349
-8194
-8247
-6256
-8333
-2659
800
6647
14596
15076
17543
18807
16030
12465
5231
-1742
-6544
-9810
-14099
-15179
-11122
-9246
-3445
1299
4036
9128
9217
8189
6948
3988
371
-3763
-5728
-6797
-5522
-4692
-3836
465
3136
4510
5148
3643
2500
330
-2824
-6237
-7683
-8012
-8400
-6358
-4166
-1686
1797
3352
4368
4322
1743
-1621
-4100
-8176
-11398
-8597
-9711
-6014
586
3327
14509
18953
18960
22987
19896
15881
11161
738
-6149
-9433
-14022
-18155
-14113
-11613
-7919
294
2074
6296
10916
8033
6629
5522
842
-3314
-5103
-7894
-7180
-4445
-4428
-1272
3575
5189
6006
5885
4136
2043
-52
-3933
-7044
-7217
-8135
-7468
-4965
-3104
-533
1970
3643
3403
1847
-909
-4646
-6990
-10478
-11169
-8383
-7611
-559
3886
11064
20017
20491
22941
23059
18336
14293
5036
-3930
-8859
-12817
-17474
-17525
-13414
-11030
-3889
350
2698
8737
8609
6338
6114
2464
-1429
-4116
-6601
-7687
-5046
-4121
-3334
1863
4537
5353
6606
5035
3699
2421
-1216
-4960
-6013
-7015
-7994
-6402
-4807
-3511
-95
1283
1256
1763
-493
-3768
-5572
-8199
-10972
-7467
-6030
-3222
4238
7632
16560
22296
21292
23262
21605
15515
10193
755
-7244
-10844
-14701
-19208
-16017
-12598
-9929
-2563
481
4448
9333
7180
6014
5570
1617
-2290
-4673
-6765
-6776
-4299
-4737
-2593
2862
4443
5671
6705
5575
4466
3183
-928
-4195
-4968
-7231
-8175
-6176
-5618
-4529
-1542
-727
-259
552
-2367
-4430
-4860
-7174
-9211
-5003
-3724
-513
6505
8925
17453
22664
20676
21645
19868
13963
8146
-1403
-8703
-12237
-15321
-19321
-16950
-12684
-9012
-2603
1085
5052
9049
7758
6433
5086
1620
-2353
-5753
-7391
-7388
-5924
-5505
-1952
2856
5187
7745
7650
7550
7000
3095
-696
-3762
-6624
-8500
-9214
-8475
-7365
-5081
-2910
-1018
965
778
-1144
-1862
-3335
-5599
-7773
-4765
-2869
315
6310
8227
17499
22468
19677
21762
18935
12683
8667
-2480
-9536
-12085
-15851
-19581
-15879
-11670
-8456
-498
2466
5802
11204
7921
5761
5324
-546
-4798
-7426
-10334
-9568
-6200
-5321
-1531
5619
7555
9651
11203
8868
7195
4053
-1863
-5484
-7860
-10768
-10594
-8767
-7606
-4767
-1206
921
2643
2829
127
-1516
-2496
-6332
-8849
-5547
-3446
-869
5755
7612
16230
22546
19455
19796
18617
11589
6850
-2427
-10631
-12192
-14187
-18528
-14358
-8980
-6414
1100
3997
5861
10058
6945
2235
1300
-3477
-8201
-10114
-11583
-10238
-5436
-2877
330
7440
10090
10902
11635
8928
6173
2725
-2501
-6722
-8209
-9572
-10011
-7883
-5627
-3651
-261
1160
1492
1658
-543
-3368
-4469
-6740
-8986
-5687
-2178
-587
6472
8813
14992
21835
19339
18003
17786
11217
6724
-346
-8301
-10000
-11126
-14059
-12026
-6746
-5161
-50
2649
2894
5392
3261
-1268
-1909
-4965
-8527
-9840
-9839
-7440
-3160
14
2505
7636
10917
10869
10742
8241
5355
2665
-1693
-5098
-6983
-8423
-8107
-7431
-5515
-4208
-3005
-1235
-679
-1278
-2180
-4129
-5023
-5293
-6460
-5570
-298
846
5154
9191
12330
18867
19183
15932
16555
13086
8305
2984
-4317
-6787
-8257
-10220
-12326
-8157
-6439
-4398
-1621
-1398
476
1053
-2648
-2882
-3873
-6059
-7053
-6995
-4737
-1517
1208
2750
6869
10272
9725
9636
7523
5892
3797
-413
-3776
-5525
-6971
-7905
-7980
-6963
-6025
-4834
-3613
-2059
-1199
-1669
-2464
-2442
-2213
-3116
-4383
-1195
1515
3158
7086
7599
13973
18190
15461
15128
15484
10310
8348
1229
-4493
-5477
-8192
-12693
-11312
-9120
-9283
-5199
-4379
-2946
804
-897
-3096
-1025
-2958
-4852
-4554
-4515
-2489
1044
1881
3625
8115
8762
8198
8469
6436
4740
2404
-1883
-4383
-5754
-8485
-8895
-8384
-7485
-6225
-4158
-2549
-515
654
62
-232
309
-1673
-3228
-3475
-488
151
2581
4974
8113
15312
16346
14526
16460
14845
10703
7209
-1552
-4402
-6780
-11004
-13840
-11098
-10378
-8104
-4966
-3485
-531
1198
-1439
-1292
-546
-3599
-4389
-4966
-4187
-1422
334
1080
4337
8046
8070
8458
8167
6018
4166
1247
-3013
-4951
-6824
-8927
-8311
-7030
-6401
-4720
-1875
-433
1178
1278
268
-97
-817
-3947
-4999
-5068
-1838
-1043
1953
5114
9746
15717
16687
15956
17250
14813
10264
6085
-1869
-4668
-8387
-11460
-13316
-10687
-10003
-7659
-4980
-3077
-534
261
-1867
-1140
-1407
-4035
-4548
-5389
-4318
-1278
263
1803
5580
8100
9043
9728
7897
6277
4361
982
-2253
-4540
-6660
-7512
-6634
-6446
-5523
-3352
-1284
-366
1219
169
-547
-803
-3061
-5325
-5396
-6595
-3342
-1185
843
5553
9140
14994
17898
17990
17351
16492
11574
7509
42
-4763
-8247
-11234
-13760
-12458
-11039
-9403
-5882
-3873
-1335
-41
-900
-2099
-1113
-3824
-5651
-5949
-5347
-2633
222
1840
5119
9235
10355
10797
10533
8513
6019
3097
-960
-4372
-5987
-8266
-8304
-6681
-6008
-4303
-1645
-442
583
809
-679
-1566
-2713
-5607
-7211
-6963
-6678
-1834
209
4974
9309
13891
18914
19977
18380
17423
13119
7558
2777
-5471
-8817
-11726
-13916
-14362
-10730
-10124
-6422
-2916
-1562
55
52
-3096
-3648
-4154
-8174
-8014
-6738
-4897
-47
3352
5894
10968
13816
13309
13088
10697
6645
3255
-1397
-5831
-7274
-8730
-9148
-6670
-4924
-3125
-804
683
733
909
-1048
-3565
-4625
-6853
-8463
-7883
-6499
-4263
1822
4751
9387
13176
15851
18920
19075
15505
12813
9502
3716
49
-6377
-8998
-9753
-10361
-11175
-7682
-6815
-4673
-3206
-3845
-3791
-4226
-7228
-8424
-7333
-8388
-6435
-3456
-161
5394
9270
10778
13464
15002
13379
10603
7340
2985
183
-2460
-6057
-6852
-6454
-6349
-4313
-2916
-2555
-1649
-999
-2511
-3089
-4449
-6552
-6245
-6644
-6843
-5126
-2442
-1328
4157
6983
8862
12142
12709
15003
15601
13088
10287
9211
4825
2518
-2494
-5879
-6897
-7960
-10388
-9209
-9049
-9375
-7480
-8111
-7625
-6506
-7240
-7101
-3959
-3991
-2338
1218
3321
6922
10022
10157
11812
13048
11147
9080
7185
3877
1177
-1063
-3964
-5324
-5777
-6609
-6357
-5024
-5087
-4757
-3716
-4141
-4306
-4248
-4992
-4074
-3577
-4097
-3097
-1598
-331
595
4187
5303
8689
9783
11145
14319
14668
12654
11462
9298
5388
2163
-4695
-7347
-9266
-11813
-14080
-11958
-11677
-9361
-7652
-7099
-4261
-2782
-3813
-2946
-1066
-961
648
2321
4335
8236
10654
10572
13041
13393
11258
9871
5718
2103
-654
-4724
-7684
-8156
-9249
-8804
-6718
-5723
-4464
-2747
-2643
-2445
-1789
-3160
-4038
-3491
-4651
-4905
-3241
-2549
-856
1331
4425
6880
9587
10737
11258
14442
13747
11049
8700
6259
2215
-526
-6228
-8818
-9110
-10424
-12038
-9875
-8936
-8120
-5533
-6088
-4231
-2575
-3525
-2849
130
729
2933
5769
7371
10489
12777
11895
11729
11105
7005
4635
1355
-2841
-4695
-6834
-7912
-6978
-6485
-5703
-3404
-2591
-2168
-1937
-2357
-3330
-4320
-5558
-5231
-4532
-4074
-3302
-1401
1114
2772
3288
5161
7534
7688
8363
6907
8824
10137
8515
6251
6249
4164
1786
-1276
-5592
-6190
-7985
-10713
-10948
-8755
-9470
-7488
-5947
-3531
-548
505
686
3789
5338
4610
5235
5536
6188
6752
5435
4317
4784
3432
1468
948
-615
-1641
-2587
-3226
-3247
-3741
-4774
-4474
-4197
-4239
-4542
-4685
-4342
-4010
-3997
-3808
-2260
-1641
-923
-329
1083
1531
1596
1692
2295
4458
4221
5147
5625
8091
9266
9017
7782
7178
5197
2046
-1385
-4759
-6334
-8329
-9167
-8726
-6579
-5830
-3566
-2033
221
1466
819
798
1361
631
-38
-35
169
1630
2735
3377
4869
5710
5815
5197
4629
2599
844
-1325
-2994
-3938
-5052
-6331
-5482
-5175
-5154
-4487
-4458
-4037
-3626
-3103
-3390
-1995
-1353
-888
323
1272
1353
1796
2013
1488
3578
3408
4610
5386
7140
9088
9702
8961
7823
7182
4308
1099
-2787
-4895
-7315
-8111
-9488
-8026
-6617
-4672
-3589
-1777
-259
12
-507
-560
-403
-926
-928
-537
1277
3914
5093
6325
7913
8468
7455
6005
2925
495
-1897
-5200
-7149
-7853
-8882
-8255
-6621
-5933
-3983
-2696
-1780
-1004
-350
-1043
-589
-398
-823
-521
-208
308
1033
1717
1683
4553
5456
6269
7539
7401
9631
9538
7748
6026
5265
1895
-387
-3882
-6054
-6634
-7462
-8771
-6584
-5334
-4948
-3019
-2571
-1204
-803
-1764
-1861
-462
-213
131
1912
3577
5637
7042
6917
7121
6664
4124
1917
94
-2810
-4561
-6233
-6691
-6371
-5666
-5670
-3800
-2926
-2527
-2364
-1958
-1824
-1874
-1836
-1521
135
1148
1533
2542
3713
3274
3071
2354
1406
2835
2151
2267
2992
4473
6534
7231
7296
6342
6056
3397
541
-3179
-5684
-7745
-8380
-9138
-7337
-5990
-3845
-1662
-296
832
974
519
-48
-183
-1340
-890
-313
1094
3250
4713
5888
6538
6123
4856
3006
306
-2583
-4981
-6831
-7769
-7892
-7130
-5436
-3176
-1504
352
1214
1853
2182
1543
1174
563
466
300
385
455
737
975
1132
868
260
1769
2108
2988
3713
4296
6894
7218
6359
5019
4493
1830
-487
-3817
-5503
-5885
-6486
-7162
-5156
-3721
-2728
-1628
-1304
-222
-92
-1006
-1241
-370
-166
497
1445
2770
4228
4669
3909
3607
2272
52
-1726
-3586
-4741
-4980
-4963
-3956
-2143
-929
-136
1430
1339
1175
884
-327
-827
-742
-1249
-218
866
1507
2301
3112
2828
2022
851
-837
-2181
-2647
-1950
-1947
810
1423
4987
7548
7978
6998
5971
3414
558
-2961
-6520
-7457
-7236
-6703
-5255
-1232
67
2768
3841
3604
2826
672
-2374
-3751
-5242
-6669
-6050
-4161
-1241
1702
3630
5281
6405
5634
3837
1608
-684
-2625
-4351
-4542
-4098
-3124
-1581
639
2303
3361
3597
2950
3120
2205
600
-258
-297
-649
-802
-811
-967
-1169
-1800
-2919
-3362
-3859
-3784
-2222
-1048
947
1679
4834
6436
7100
6522
5156
4091
3215
766
-837
-661
-1126
-646
31
132
-532
-981
-3325
-4741
-6210
-8265
-8918
-7133
-5820
-2864
836
3375
6640
8487
7603
6875
4530
814
-1649
-3632
-5525
-5002
-3388
-1347
2017
4463
5395
7058
6745
4244
2591
-370
-2504
-3477
-4600
-4917
-3053
-2125
-1385
-412
-1036
-2325
-3431
-5629
-7473
-7369
-7241
-4021
-1186
2863
5887
10756
13659
14278
13327
10795
8037
4011
-396
-4146
-5700
-7189
-7051
-6503
-4281
-3550
-2432
-2416
-1673
-1810
-2935
-3339
-2692
-1667
-643
311
1750
3304
3964
3659
3354
2528
1074
664
92
240
1078
1869
3299
4569
4540
4039
3276
1838
-289
-2531
-3959
-5084
-5218
-5317
-4485
-3554
-3088
-3170
-3151
-3677
-4497
-5584
-5829
-4850
-3661
-2049
691
4601
6957
9739
9294
10425
10379
7549
4663
1942
-704
-2647
-3642
-4619
-3046
-1861
-1081
334
1725
286
-491
-2157
-3958
-4813
-6441
-6918
-4824
-3238
-1444
1165
3199
4809
5722
5219
4464
3528
2136
1249
1385
1475
1675
2140
3066
3336
2441
1280
141
-1328
-3099
-4994
-5840
-5835
-5617
-4993
-3844
-2572
-1619
-1308
-987
-666
-1282
-2026
-2274
-2140
-1910
-1861
-794
1924
3067
4847
4887
6470
8156
7346
6212
5294
4484
3018
1543
-247
-417
-1196
-1855
-2287
-1687
-3088
-3810
-4717
-5129
-4951
-5413
-5586
-3330
-1562
-222
1607
2819
4247
5054
4691
4123
3698
2576
1667
1577
968
859
1198
1204
1815
1259
-183
-1055
-1768
-3304
-4192
-4738
-4766
-4091
-3543
-3208
-2064
-1589
-1546
-1290
-1423
-2156
-2528
-3288
-3384
-2946
-2482
-1965
1030
3478
5632
7749
8398
11236
11301
10119
7826
5768
3107
827
-2555
-3967
-4540
-4983
-4795
-3677
-2843
-2715
-2324
-3156
-2696
-3503
-4692
-4351
-2902
-2312
-449
957
2523
4895
5419
5175
5518
4528
3110
2310
903
57
-343
-1266
-1118
-1166
-1848
-2298
-2502
-2752
-3237
-3439
-3698
-3386
-2954
-2898
-2692
-2160
-2121
-2309
-2249
-1942
-1804
-1157
-579
173
1265
2340
2983
4438
5903
5509
6565
5341
5866
5955
4753
3460
2863
1894
1212
629
-682
-1062
-1218
-2129
-2681
-2659
-4756
-4807
-5496
-5602
-4769
-3857
-3146
-473
1520
2722
4375
4509
4076
3965
2469
510
-552
-1656
-2104
-1430
-1132
-847
603
1281
1179
483
-867
-2223
-3070
-4387
-5298
-5247
-4351
-3083
-1257
372
1747
2722
3044
2940
1931
835
-702
-1766
-2760
-2941
-2997
-1597
-574
2130
4393
6203
7138
7270
8917
8386
6925
4158
2321
530
-769
-3423
-3758
-3266
-2803
-2494
-1777
-1625
-1545
-1803
-3172
-2818
-2812
-3972
-3329
-2008
-1319
129
601
775
1933
1864
723
707
-331
-953
-788
-877
-965
-625
-489
69
729
571
2
662
820
589
472
77
23
-36
-884
-1581
-1845
-2711
-3068
-2647
-2110
-1243
-301
678
1732
2548
2269
2150
1807
2046
2447
2259
2556
2078
4063
4770
4802
4015
3215
2524
1943
-81
-1667
-2028
-2121
-2272
-2265
-2340
-2614
-2495
-3548
-3624
-3829
-4432
-4464
-3897
-3170
-2034
-1526
-1021
244
1259
1509
2024
1956
2584
3378
3694
3309
3126
2289
1751
898
-535
-1755
-2501
-2749
-2619
-2092
-1666
-738
313
1019
1413
1377
907
688
224
-161
-692
-1015
-1002
-1088
-1436
-1544
-1944
-1808
-2043
-834
1082
1797
3520
3883
6166
7585
6512
4966
3751
2514
950
-1374
-3108
-2932
-2587
-3116
-3262
-2735
-3337
-3392
-4326
-4753
-4255
-4200
-3822
-1591
-287
1085
2369
2773
3146
3213
1857
1275
779
5
252
703
1183
1702
1845
1906
2359
1521
512
360
179
-205
22
-372
104
371
-425
-897
-1026
-1427
-1809
-2133
-1902
-1529
-1123
-1050
-1144
-777
-1591
-2284
-2716
-3011
-3192
-1827
33
1242
3529
3885
6049
7128
6246
4551
3313
2076
623
-745
-1736
-1384
-880
-1328
-1354
-824
-2084
-2690
-3997
-4192
-3848
-3805
-3544
-1961
-471
833
1390
1663
2225
2768
2581
2712
2573
2832
3284
3456
3559
2916
1894
1016
446
-524
-919
-761
-553
659
1139
1198
1332
816
-442
-1865
-3682
-5250
-6009
-6458
-6100
-5029
-3732
-2356
-856
39
696
571
75
-473
-611
-586
-344
1632
2424
4123
4118
4655
5685
4661
3540
1770
625
-410
-1276
-2511
-2177
-2063
-1986
-1928
-872
-934
-577
-1051
-832
64
86
-291
304
772
851
1198
700
940
1844
1855
2187
2964
2854
2831
2995
2548
1701
710
-661
-1343
-1972
-2946
-3496
-2882
-2615
-2314
-2322
-1970
-1507
-1599
-2006
-1981
-1586
-1292
-1296
-955
9
171
400
235
64
-117
-823
-1773
-2075
-2270
-2363
-2380
-1185
196
569
1796
1560
3335
4330
4405
4348
4799
4684
4659
4203
3705
3646
3179
2246
1646
1401
-248
-1199
-2213
-2642
-3092
-3405
-3985
-3224
-2816
-2541
-2032
-1687
-1385
-857
-671
-106
141
97
396
859
1238
989
763
722
959
798
220
402
397
397
142
-398
-594
-1060
-2022
-3000
-3460
-4178
-4423
-4352
-4117
-3162
-2642
-2445
-1858
-1443
-1282
-799
-560
-245
660
1721
2654
4736
6757
7612
9051
8397
8985
8584
6747
4557
2781
947
-495
-1793
-2900
-2657
-2443
-2675
-2552
-2099
-2936
-3392
-4496
-4718
-4795
-4901
-4949
-3738
-2766
-1400
-18
712
1990
2951
3367
3966
4075
3523
3337
3074
2620
1796
662
-355
-1049
-2028
-3200
-3658
-3816
-4135
-4189
-4373
-4009
-3582
-3582
-2802
-1783
-485
573
1450
2763
4000
4371
4267
4152
3801
3322
2108
1180
569
653
198
1100
1805
2142
2335
1436
2208
1916
771
-606
-1075
-1282
-1134
-1924
-1732
-674
-158
-254
-273
-271
-772
-1077
-2399
-2186
-1890
-1915
-1907
-1343
-1202
-699
-757
-1238
-1268
-1104
-978
-612
-410
-452
233
612
1058
1134
1007
1226
1631
1592
1494
1695
1688
1739
1361
652
187
-528
-1333
-1705
-1887
-1587
-1051
-353
285
886
978
679
270
-696
-1450
-2247
-2740
-3117
-2507
-2208
-383
1257
2377
3425
3764
5022
5428
5074
3935
3569
3143
2755
1606
875
107
-538
-1898
-3004
-4024
-5279
-6127
-7066
-6729
-6133
-5562
-4692
-3179
-1531
267
1552
2662
3950
5155
5858
6409
6072
5559
5118
4307
3363
2075
543
-263
-637
-1151
-1696
-1769
-1702
-1569
-1659
-2352
-2867
-3180
-3730
-4276
-4178
-4078
-3611
-2738
-2004
-1156
14
593
933
1549
1567
2037
2422
2992
4163
4698
4895
4191
4457
4054
3132
1387
-122
-1166
-1810
-2762
-3486
-3209
-2989
-2973
-2860
-2628
-2606
-2182
-2801
-2245
-1310
-438
225
1053
1585
2285
2631
2224
2131
2119
2120
2136
2134
2077
2162
1818
1692
1146
353
-458
-1305
-1930
-2428
-2701
-3105
-3048
-3075
-2980
-2641
-2413
-2303
-1705
-1301
-666
127
476
711
1157
1104
589
155
-623
-1066
-1168
-1403
-1639
-1272
-909
-138
638
1389
2171
2888
3426
3267
3846
3786
3357
2840
2422
1894
1947
1445
1089
1361
1191
845
568
107
-864
-1380
-2307
-3077
-3317
-3559
-3859
-3528
-3076
-2412
-1423
-608
-77
492
1074
1309
1512
1533
1407
1755
2057
2187
2119
2071
1735
1448
860
-13
-913
-1711
-2534
-3122
-3522
-3942
-4274
-4331
-4355
-3850
-3252
-2579
-2112
-1059
-259
694
1298
2206
3699
4593
5622
4951
5925
6524
6948
6323
5538
4563
4355
3474
2267
1455
308
-468
-1711
-2948
-4194
-4692
-5786
-6148
-6428
-5988
-5507
-5034
-4701
-4042
-2899
-1914
-1068
-415
483
1641
2874
3487
3815
4003
4013
3978
3317
2228
1420
741
257
-195
-330
-671
-890
-1596
-2119
-2472
-3183
-3657
-4006
-3708
-3307
-2925
-2640
-1963
-1447
-986
-645
-225
454
1036
1537
2308
3163
3664
3949
4054
3864
3751
3051
2306
1966
1467
1218
1151
1127
948
933
614
211
-205
-740
-1333
-1808
-2085
-2075
-1764
-1316
-1262
-1010
-835
-656
-701
-1076
-1364
-1444
-1404
-1302
-1101
-771
-434
-46
405
669
1085
1293
1486
1872
1863
1671
1250
765
283
-426
-1222
-1845
-2360
-2446
-2258
-1733
-984
-236
1108
2196
3587
3420
3650
3187
3373
3595
2739
1900
1306
1073
1101
1325
471
366
-487
-996
-1937
-2524
-3415
-3873
-4234
-4228
-3568
-2683
-2105
-1605
-1107
-624
185
501
692
667
1073
1126
865
422
-347
-691
-924
-1327
-1280
-854
-240
102
559
827
1176
1483
1048
878
861
731
745
896
988
1465
1690
1637
1558
1236
542
-383
-1482
-2584
-3148
-3668
-3797
-3624
-3458
-2837
-2157
-1565
-1063
-703
-435
-333
-118
-240
-181
-87
-54
292
711
1295
1806
2318
2827
3361
3768
3611
3255
2966
2397
1739
864
161
-234
-380
-591
-590
-241
32
169
324
321
318
46
-265
-314
17
396
775
1542
2477
3182
3457
3629
3406
3068
2256
1075
113
-763
-1735
-2435
-2861
-3173
-3243
-3278
-3366
-3281
-3466
-3574
-4017
-4132
-4349
-4455
-4202
-3754
-3072
-2020
-881
223
1337
2092
2774
3328
3431
3142
2977
2369
1942
1531
1147
1110
1151
1025
937
1049
789
584
173
-491
-742
-975
-1131
-1025
-758
-434
86
461
600
980
1212
1169
1286
1082
1008
915
522
405
408
289
178
-42
-191
-90
-314
-548
-730
-925
-1217
-1628
-2144
-2622
-2916
-3328
-3436
-3346
-2921
-2163
-1288
-449
443
1189
1836
2160
2203
2115
1939
1792
1394
1075
676
296
49
-293
-488
-645
-785
-955
-971
-761
-456
-29
398
791
1178
1609
1878
2296
2463
2574
2530
2287
2082
1569
1074
609
348
239
-37
-85
-255
74
151
37
-42
-276
-554
-806
-1111
-1452
-1301
-1331
-1141
-745
-453
-215
139
388
674
858
623
495
459
249
98
-41
-55
71
39
-149
-369
-665
-1087
-1554
-2017
-2312
-2510
-2551
-2421
-1968
-1514
-990
-517
-246
93
229
188
33
20
73
333
705
1022
1501
1733
1649
1598
1213
1000
663
292
-35
-181
-147
-251
-253
-363
-365
-419
-494
-625
-778
-668
-721
-730
-487
-215
147
406
553
825
1141
1093
1012
847
731
563
272
-158
-299
-314
-427
-483
-447
-277
99
164
269
544
717
925
844
500
271
36
-313
-423
-329
-367
-123
137
50
373
352
23
7
-123
-365
-519
-623
-771
-635
-415
-541
-274
-128
-177
-220
-457
-633
-625
-592
-679
-463
-300
-136
71
296
503
783
867
851
1025
831
562
244
24
-135
-265
-382
-477
-119
144
231
468
700
777
801
721
506
216
-59
-398
-376
-354
-377
-55
351
675
979
1021
1134
1099
665
229
-143
-449
-773
-807
-750
-641
-466
-436
-359
-310
-524
-897
-1206
-1333
-1542
-1772
-1741
-1525
-1061
-434
99
564
1027
1138
1220
1170
796
530
224
71
-46
73
130
418
921
1042
1460
1740
1550
1167
766
247
-32
-446
-936
-855
-619
-312
-65
345
772
1188
1239
1146
1095
958
613
328
62
-226
-561
-916
-1158
-1177
-1102
-1218
-1194
-1210
-1179
-1439
-1495
-1832
-1826
-1851
-1805
-1557
-1338
-902
-247
254
614
1049
1234
1308
1143
719
261
137
-87
-270
70
425
748
1016
887
1041
1211
1193
1101
1373
1169
547
-319
-1008
-1164
-853
-1000
-1166
-1100
-1104
-549
164
568
923
953
474
319
216
70
127
124
79
170
260
222
268
373
249
268
221
40
202
30
-357
-555
-835
-964
-967
-826
-822
-593
-318
-219
106
473
560
761
806
673
578
187
0
-5
65
-158
22
262
452
753
918
1040
1198
992
530
380
233
-11
-199
-273
-331
-150
-36
-124
74
-47
-516
-788
-968
-1261
-1311
-1429
-1358
-733
-315
194
857
1401
1615
1758
1591
1164
712
72
-469
-859
-1010
-973
-833
-628
-390
-403
-535
-840
-1242
-1560
-1855
-2033
-2143
-1970
-1595
-865
-246
326
1087
1678
1944
2038
1814
1565
1331
948
664
254
28
-217
-189
65
92
296
501
809
1163
1310
1137
907
470
-186
-659
-877
-821
-590
-328
52
672
1147
1310
1501
1525
1428
1256
495
-620
-1728
-2488
-2721
-2309
-1883
-1237
-818
-533
39
611
790
688
75
-1007
-1766
-2390
-2612
-2166
-1691
-1151
-439
162
760
1330
1495
1464
1456
1037
659
248
43
-179
-406
-304
47
592
1079
1335
1348
1178
803
483
90
-592
-1205
-1201
-921
-433
-194
-304
40
772
1721
2070
1850
1401
1117
670
159
-454
-825
-879
-935
-483
230
756
1203
1255
1107
1021
745
527
-42
-697
-1281
-1099
-791
-327
266
398
711
1183
1450
1879
1492
724
110
-785
-1343
-1687
-1897
-2281
-2626
-2525
-2070
-1150
-131
34
-378
-843
-750
-240
-185
-315
-627
-1174
-782
135
1101
1686
1668
1566
1604
1326
1030
679
-100
-789
-1613
-1625
-1119
-803
-719
-619
56
1062
1472
1262
565
-3
-219
-39
110
-344
-918
-952
-397
587
908
543
421
932
1651
1348
1063
374
68
85
188
-166
-633
-708
-237
46
-573
-1266
-1146
-610
-421
-1154
-1991
-1877
-1448
-793
-317
-299
-276
-10
367
719
1467
1674
1569
1142
727
594
493
352
221
70
-1379
-2142
-2463
-1755
-923
-834
-1206
-887
-508
-12
654
881
917
772
760
861
1284
1317
1458
1249
1041
1026
1562
1805
1555
800
355
678
1036
796
314
-28
-237
59
131
196
-207
-834
-817
-419
-565
-474
-562
-425
3
190
617
481
339
628
480
576
373
762
841
-20
-542
-989
-739
-622
-672
-843
-1796
-2296
-2006
-1406
-474
-58
-256
-212
-72
320
553
655
487
158
96
-75
218
167
-461
-645
-116
184
-52
-701
-685
-338
-310
-670
-1365
-1777
-1722
-1069
-212
-89
-463
-515
24
976
1686
1295
-16
-432
-224
392
1074
1229
865
1096
1641
2176
2671
2267
2057
1723
829
0
-758
-1407
-1828
-1875
-1414
-998
-555
-599
-426
417
764
1243
618
-618
-1085
-1093
-186
157
60
-767
-1155
-321
943
1427
532
-431
-950
-509
-11
33
-460
-1140
-1484
-922
-9
239
-438
-500
-378
-90
353
-194
-482
-1180
-1463
-799
-357
-157
140
564
1047
1553
1926
2088
1647
905
621
746
390
-338
-576
-501
-334
-102
473
801
724
1096
1206
939
810
469
-103
-220
-792
-1068
-1222
-1089
-359
146
2
-130
402
783
733
278
-167
-743
-669
-593
-717
-710
-791
-143
324
493
410
203
24
-249
-489
-332
-245
-625
-1082
-853
-48
745
628
144
664
1194
1462
1152
616
241
6
-376
-772
-965
-1000
-880
-283
541
804
778
983
1582
1791
1168
341
-37
-69
190
249
-147
-372
-334
-195
401
646
70
-450
-937
-781
-238
-696
-1193
-1463
-1362
-774
-504
-667
-703
-527
-373
-182
-368
-598
-541
-445
-549
-385
-274
-214
122
619
759
585
156
-152
104
221
127
-128
-260
-388
-113
-6
-221
-221
3
391
769
1096
1173
781
340
132
138
48
-240
-597
-680
-165
46
37
-74
-279
-127
-108
-69
-163
-373
-236
275
539
528
350
213
470
871
631
229
-1
-293
-330
-338
-598
-766
-905
-991
-760
-377
-111
-129
-131
-21
464
765
830
612
513
736
1007
1136
921
498
549
1061
1214
893
343
369
663
835
529
-129
-631
-864
-699
-255
-61
-408
-607
-387
26
501
442
-221
-789
-892
-508
-106
-249
-636
-649
-249
357
743
363
-148
7
458
699
466
-274
-752
-520
-156
-138
-547
-1330
-1666
-1229
-755
-726
-1107
-1407
-1297
-631
-178
-332
-473
-435
70
852
1155
1369
1360
1038
986
1171
1132
716
-45
-553
-509
-489
-655
-701
-656
-467
4
150
132
102
-35
-186
-189
-130
-249
-322
-353
-170
237
627
753
649
576
554
640
509
240
-47
-206
22
294
588
621
458
350
406
425
425
86
-399
-321
-105
236
728
708
486
610
471
311
296
44
-154
-226
-297
-115
-56
-206
-24
349
466
439
180
-181
-196
-176
-329
-501
-582
-615
-633
-356
-56
-129
-348
-672
-554
-168
-51
-417
-630
-515
-309
-259
-372
-300
-320
-531
-620
-493
-368
-552
-684
-656
-561
-282
-156
-47
60
22
59
463
765
770
668
874
1351
1654
1469
995
674
574
506
354
242
-69
-294
-337
-159
115
222
-104
-437
-414
-176
-3
-469
-1056
-1147
-874
-690
-796
-937
-758
46
640
563
243
139
323
499
245
-153
-226
-184
12
219
209
203
-52
-318
-88
-176
-370
-778
-1155
-1384
-1412
-1200
-818
-514
-302
22
286
366
419
663
797
656
481
460
659
1094
1568
1599
1766
1885
1729
1711
1379
1224
1010
236
-583
-735
-680
-733
-1134
-1543
-1504
-1169
-771
-724
-849
-1014
-607
109
462
424
309
253
427
739
978
948
569
417
358
396
381
132
-171
-379
-429
-468
-519
-829
-1195
-1331
-1488
-1437
-1421
-1336
-1106
-935
-733
-362
-26
180
436
543
696
890
1068
1158
1497
1806
1937
1974
1683
1469
1177
913
670
251
-112
-424
-693
-847
-805
-798
-797
-939
-833
-524
-341
-115
18
71
113
55
59
103
47
-133
-159
58
134
332
580
676
604
329
242
31
-404
-935
-1250
-1424
-1420
-1477
-1637
-1466
-1165
-948
-760
-613
-395
-67
41
4
34
164
432
578
472
421
713
1039
1140
1242
920
541
336
283
26
-368
-830
-993
-786
-601
-530
-411
-250
1
661
1053
1097
904
561
741
829
532
316
183
62
267
548
503
383
233
174
421
296
-44
-198
-453
-475
-349
-381
-346
-150
-90
-47
66
154
90
-131
-369
-565
-671
-663
-742
-751
-673
-229
222
253
124
-62
131
299
174
-177
-489
-531
-420
-438
-529
-620
-657
-441
-76
103
239
513
648
686
707
613
646
713
665
760
972
1202
1300
1155
897
704
401
119
-198
-402
-582
-834
-955
-905
-749
-311
56
76
166
308
257
183
124
-64
-110
-121
-105
-143
-229
-261
-74
24
-135
-275
-282
-130
-46
-69
-349
-521
-602
-600
-529
-659
-904
-915
-753
-750
-648
-478
-381
-276
-189
-206
-38
243
360
331
249
510
761
852
761
628
645
658
623
347
3
-228
-218
7
168
273
272
439
731
867
778
618
544
357
103
-59
-308
-366
-330
-314
-101
209
397
288
209
187
-3
-363
-771
-947
-859
-893
-1176
-1243
-1117
-906
-611
-490
-464
-266
1
142
209
-32
-271
-233
-114
-95
-95
-76
-29
289
519
589
672
536
326
140
-147
-296
-222
-192
-217
-224
-60
250
569
483
356
496
495
610
698
556
424
599
672
655
703
513
395
361
304
237
143
-36
2
80
-33
-193
-280
-428
-512
-550
-698
-622
-508
-502
-219
42
170
228
230
188
207
212
67
30
63
75
118
130
91
219
316
326
317
187
-73
-170
-168
-240
-359
-587
-619
-545
-448
-352
-305
-365
-399
-84
185
243
264
226
349
686
803
682
586
389
253
284
266
69
-156
-289
-212
-25
-94
-239
-255
-148
66
168
-29
-174
-177
-164
-118
-57
-154
-258
-291
-187
-131
-168
-180
-327
-437
-648
-780
-814
-747
-583
-406
-322
-325
-245
-115
-121
-213
-356
-511
-543
-565
-551
-405
-296
-191
-92
119
282
475
551
418
469
527
522
409
471
386
259
65
-177
-274
-138
47
89
166
63
137
336
425
429
386
380
405
522
567
563
587
564
497
397
346
363
336
282
305
325
318
319
256
61
-154
-198
-121
-53
-219
-337
-346
-285
-253
-196
-204
-241
-197
-98
-16
8
-44
66
189
161
112
-42
-155
-205
-346
-434
-495
-439
-221
-101
-168
-218
-77
95
127
-47
-250
-339
-199
-81
-110
-133
4
165
175
312
416
487
461
337
360
329
345
492
510
471
477
431
309
281
32
-286
-511
-727
-876
-810
-765
-833
-825
-695
-456
-161
76
118
310
548
556
458
279
142
73
-180
-393
-440
-340
-206
-184
-267
-300
-179
-149
-349
-622
-843
-1015
-1028
-1081
-1143
-1143
-1038
-805
-482
-163
8
81
257
393
507
695
828
855
950
966
1096
1347
1449
1491
1456
1265
1116
1092
959
802
500
170
-61
-140
-179
-217
-160
-234
-171
-155
-137
-20
-43
-193
-370
-475
-532
-546
-627
-626
-579
-551
-435
-174
97
256
217
-32
-211
-321
-376
-469
-595
-679
-774
-782
-713
-678
-762
-849
-903
-899
-840
-793
-729
-539
-307
58
387
676
935
1164
1341
1463
1611
1662
1575
1366
1222
1053
871
681
524
443
540
593
639
686
499
381
331
218
56
-92
-238
-361
-357
-378
-313
-193
-158
-82
-7
77
54
-26
-201
-383
-396
-482
-514
-462
-368
-215
-134
-197
-301
-398
-510
-707
-915
-1248
-1366
-1308
-1235
-1072
-912
-737
-454
-185
14
208
431
634
761
699
553
536
546
474
489
538
573
574
539
536
542
416
220
39
-44
-162
-275
-433
-446
-309
-200
-18
121
240
359
456
469
449
374
220
127
75
-18
-50
-81
-135
-181
-206
-162
-135
-267
-509
-583
-661
-786
-933
-1054
-1190
-1160
-1029
-890
-699
-538
-336
-223
-121
-102
-104
-74
-100
-64
-47
57
158
155
104
161
262
269
250
143
125
166
248
175
142
186
150
182
269
499
693
765
767
754
826
807
798
716
564
535
507
509
588
571
559
719
749
747
680
454
190
-88
-296
-366
-394
-549
-611
-543
-338
-122
98
143
220
290
263
280
299
317
295
440
319
163
87
-85
-170
-295
-495
-646
-817
-1084
-1157
-1057
-1056
-1029
-899
-877
-686
-455
-387
-159
-16
28
141
279
337
437
378
316
420
551
592
544
451
284
210
99
-63
-196
-355
-512
-442
-401
-473
-396
-304
-247
-148
-159
-166
-166
-97
-57
-10
135
202
336
567
744
931
1006
954
883
684
349
136
-43
-226
-332
-474
-533
-589
-642
-648
-498
-524
-548
-586
-649
-529
-440
-442
-427
-335
-281
-118
0
155
310
380
403
436
486
416
292
198
136
168
109
-31
-115
-115
-124
-81
-41
40
101
40
-22
34
184
261
230
289
508
765
952
968
858
690
598
552
437
229
-1
-171
-268
-378
-414
-466
-428
-374
-300
-320
-317
-282
-334
-402
-542
-643
-721
-698
-683
-590
-508
-391
-239
-123
28
182
333
354
307
191
117
51
109
147
172
171
125
64
11
-60
-193
-305
-550
-653
-608
-573
-521
-420
-258
40
415
721
1025
1152
1046
912
828
701
574
407
162
132
161
177
198
81
45
-69
-129
-185
-304
-453
-531
-479
-500
-503
-499
-452
-359
-97
79
141
82
22
-54
-70
-100
-230
-341
-368
-288
-212
-109
-4
87
90
128
100
32
-156
-365
-482
-445
-392
-333
-303
-189
-35
162
295
386
552
666
698
699
727
655
650
607
567
460
396
338
369
392
338
229
138
137
229
227
133
101
116
64
84
203
219
180
159
153
119
132
-17
-295
-576
-727
-771
-712
-711
-674
-644
-603
-506
-481
-483
-526
-429
-360
-339
-394
-409
-347
-206
-91
21
140
101
110
222
266
164
87
32
-57
-92
-158
-139
-44
-1
36
47
38
37
74
38
77
131
99
121
213
276
374
494
553
674
724
682
608
505
295
136
25
-131
-257
-350
-432
-402
-278
-234
-254
-215
-203
-236
-206
-261
-338
-391
-433
-344
-214
-243
-192
-88
-10
88
127
97
75
101
68
52
19
24
37
56
38
25
-32
-107
-111
-134
-217
-304
-364
-443
-438
-374
-347
-183
-32
48
178
418
592
697
706
603
578
548
540
469
380
232
179
179
212
233
200
172
116
100
61
54
76
120
165
157
150
214
293
371
365
329
282
212
179
149
82
54
-11
-65
-115
-54
54
11
-64
-116
-108
-172
-122
-154
-277
-396
-481
-495
-507
-479
-503
-527
-546
-579
-584
-555
-534
-488
-427
-449
-352
-203
-133
-49
29
9
51
49
-27
-6
-64
-195
-276
-400
-505
-555
-511
-397
-250
-143
-35
151
304
380
468
504
513
576
611
602
700
715
586
564
544
428
257
104
-101
-262
-348
-413
-440
-431
-378
-261
-106
-72
-24
54
77
92
133
94
2
-15
-64
-58
29
38
62
45
67
165
176
84
-39
-127
-216
-286
-328
-401
-429
-393
-297
-111
34
61
146
218
273
368
299
158
139
125
214
368
438
496
593
672
710
688
512
366
233
176
74
2
-58
-69
-40
-41
-85
-148
-238
-336
-386
-356
-317
-309
-340
-374
-315
-293
-267
-285
-290
-205
-121
-79
-39
10
-24
-32
-25
-2
18
-42
-114
-120
-58
-76
-67
-77
-100
-38
51
171
281
341
376
452
474
362
228
215
156
197
222
144
63
-9
-110
-108
-58
-115
-109
-9
63
171
276
316
345
370
379
293
286
287
272
184
97
-15
-146
-262
-365
-364
-378
-418
-439
-477
-525
-528
-530
-419
-305
-207
-102
-36
7
-32
-40
-37
-51
-78
-159
-260
-246
-195
-194
-215
-193
-131
-38
-45
-44
-12
22
-6
-51
-56
-31
-30
-30
-15
57
61
112
156
113
52
2
12
-31
-87
-85
-71
-33
45
98
215
195
188
81
-74
-125
-189
-226
-288
-300
-274
-176
-125
-107
-104
-88
-53
-67
-53
-51
-21
47
69
93
168
181
152
140
127
138
148
127
17
-63
-75
-57
-19
40
79
112
185
291
394
397
379
339
362
456
486
469
424
383
392
381
339
307
239
174
36
-47
-35
-52
-95
-244
-316
-315
-244
-163
-65
74
167
239
236
202
257
288
308
360
322
338
383
308
290
253
175
163
108
13
-58
-147
-242
-339
-416
-447
-458
-496
-549
-572
-647
-617
-557
-596
-659
-699
-640
-557
-413
-299
-213
-99
-18
49
163
231
255
239
184
126
49
-40
-145
-308
-409
-372
-339
-316
-313
-300
-235
-200
-120
-74
-118
-68
12
166
251
260
262
307
402
456
426
387
388
322
273
236
131
58
71
61
90
133
175
198
178
46
-39
-70
-93
-132
-144
-147
-189
-200
-185
-259
-261
-128
-88
46
62
18
157
175
33
-108
-261
-307
-282
-279
-273
-288
-272
-232
-95
-51
-46
25
26
19
45
5
-4
74
155
274
374
456
471
414
371
408
426
428
447
444
414
366
308
276
182
160
173
202
215
240
238
181
174
165
93
5
-27
42
156
234
242
191
171
97
29
-108
-288
-380
-362
-373
-393
-488
-586
-642
-632
-568
-500
-367
-301
-242
-207
-159
-106
-127
-230
-186
-122
-68
61
97
58
137
273
326
420
409
288
218
201
118
28
-59
-171
-201
-131
-68
-41
-54
-72
-95
-103
-103
-95
-74
-48
9
26
103
165
238
371
471
514
570
550
439
271
106
-2
-70
-240
-369
-424
-397
-328
-301
-320
-389
-376
-463
-483
-466
-521
-522
-474
-454
-316
-228
-197
-43
108
198
292
343
260
245
142
56
27
-101
-140
-147
-161
-136
-133
-167
-157
-232
-332
-341
-322
-331
-296
-243
-130
-72
4
63
131
221
232
280
266
177
111
77
133
211
227
241
220
213
132
114
112
107
202
253
260
276
232
144
124
89
108
139
166
135
177
314
394
478
452
439
430
450
411
278
162
64
-26
-65
-79
-141
-230
-236
-190
-108
-20
-20
-34
-55
-47
46
148
197
230
271
289
273
208
106
24
-53
-140
-249
-367
-487
-534
-498
-428
-355
-365
-410
-407
-405
-315
-171
-147
-120
-119
-84
-37
51
179
253
292
321
280
219
171
99
120
131
188
251
301
217
160
193
188
149
11
-142
-284
-367
-386
-356
-321
-278
-207
-66
59
138
154
82
69
103
80
99
145
183
242
238
259
229
142
83
-37
-118
-163
-234
-279
-407
-511
-500
-465
-410
-335
-270
-248
-171
-123
-142
-125
-161
-234
-231
-179
-77
58
158
260
293
288
287
264
196
172
167
166
76
2
-10
-22
-10
-22
1
7
-39
-71
-104
-153
-200
-240
-235
-228
-252
-206
-164
-145
-102
-109
-32
26
97
113
119
177
215
152
71
58
74
113
118
114
164
207
196
194
122
34
-1
-4
-3
38
39
-1
-38
-98
-116
-108
-75
42
166
158
156
181
160
108
95
55
49
137
194
210
215
168
148
132
174
181
108
98
65
21
-32
-96
-71
-82
-30
9
-12
-13
-65
-155
-232
-288
-411
-483
-425
-323
-198
-151
-88
18
91
166
243
338
384
363
329
283
207
166
101
70
37
7
-46
-49
-83
-123
-137
-128
-68
11
-2
-26
36
21
-37
-151
-136
-66
-12
55
51
61
100
112
152
166
133
148
172
152
135
88
-12
-110
-224
-307
-333
-360
-370
-372
-352
-331
-390
-477
-527
-559
-496
-368
-254
-161
-22
40
78
178
211
175
186
241
205
158
157
117
183
213
216
176
147
173
127
59
13
-28
-101
-131
-145
-140
-116
-144
-146
-131
-121
-96
-86
-60
-27
32
142
222
337
401
439
433
447
463
440
430
423
332
220
137
58
4
-71
-160
-198
-159
-164
-150
-189
-215
-218
-193
-124
-85
-83
-75
0
13
69
98
101
146
177
177
118
170
169
87
8
-8
-107
-155
-187
-232
-201
-193
-171
-144
-172
-247
-294
-272
-239
-229
-219
-261
-161
-79
-79
-26
40
71
106
191
169
156
160
133
125
140
113
51
66
84
152
140
132
109
54
26
-39
-112
-162
-189
-194
-166
-72
32
127
212
202
296
297
284
212
155
82
-46
-97
-132
-117
-89
-101
-145
-192
-252
-270
-237
-164
-172
-225
-196
-187
-165
-117
-53
32
137
243
296
296
280
256
180
99
37
-16
-1
-1
8
-33
-111
-142
-135
-60
-35
-50
-94
-116
-130
-88
-118
-150
-137
-112
4
95
231
360
406
380
341
289
207
160
137
45
11
-18
-86
-243
-333
-369
-364
-302
-229
-188
-215
-223
-263
-274
-261
-240
-196
-148
-72
-1
51
107
158
170
176
195
225
189
165
119
102
106
29
-6
13
-82
-129
-139
-202
-196
-198
-199
-221
-231
-196
-147
-129
-23
76
73
168
288
356
363
331
254
246
269
244
253
240
137
89
25
-51
-31
-9
-13
-41
-43
-34
-1
33
36
-14
-24
18
28
41
62
55
60
184
221
217
239
251
267
261
235
194
153
58
23
22
1
-22
-73
-89
-76
-71
-143
-188
-293
-299
-286
-261
-253
-249
-187
-163
-76
-8
12
12
34
34
53
42
15
-4
7
-11
-56
-112
-135
-116
-106
-91
-74
-84
-121
-146
-142
-147
-141
-107
-122
-120
-67
-1
69
70
109
174
184
218
235
242
231
178
134
57
-18
29
75
79
94
20
-60
-68
-99
-65
-59
-94
-131
-142
-184
-138
-91
-49
-32
-37
-32
-14
24
58
42
48
135
93
56
10
-27
23
27
35
25
69
88
86
14
-80
-86
-75
-91
-119
-154
-186
-162
-105
-56
-11
23
56
114
104
16
3
-23
4
31
84
146
156
153
145
129
102
90
8
-48
-55
-75
-134
-144
-72
-46
-68
-76
-75
-106
-56
-3
-39
-74
-67
-67
-58
-2
-22
-62
-75
-168
-211
-202
-221
-213
-150
-81
-38
-42
-86
-75
-114
-54
-15
38
108
199
231
208
215
191
164
137
98
103
140
107
126
167
172
159
134
130
142
156
161
105
87
59
1
1
-23
-44
-33
10
-1
22
55
29
-2
-7
-8
-21
-23
-3
42
70
47
20
-33
-61
-34
-43
17
73
130
117
95
78
35
-44
-79
-96
-84
-52
-43
-81
-129
-127
-149
-163
-161
-128
-60
-59
-79
-73
-44
-68
-86
-84
-63
-9
29
28
43
66
35
0
-21
-56
-25
-15
-31
-54
-50
-53
-51
-86
-97
-37
16
15
20
34
-5
-33
-56
-119
-97
-51
-57
-14
-9
-26
-36
-1
43
89
67
34
30
32
83
68
18
66
96
76
83
93
39
23
8
46
28
48
3
24
77
87
119
115
93
99
95
62
46
-25
11
20
-24
-4
-3
57
128
138
120
94
70
104
132
81
7
44
48
36
57
46
33
15
-67
-115
-153
-107
-75
-68
-64
-93
-66
-18
7
44
93
110
149
145
123
108
14
11
8
-37
6
-4
-42
-80
-44
-59
-48
-43
-54
-47
-36
-83
-102
-107
-102
-116
-165
-180
-133
-118
-178
-192
-200
-221
-259
-227
-175
-128
-63
52
130
130
114
41
-33
-59
-72
-104
-90
-63
-62
-121
-161
-196
-220
-189
-180
-134
-115
-70
-45
-38
-71
-41
12
96
182
163
199
203
255
269
208
170
143
152
134
146
109
60
38
13
-31
-93
-121
-114
-45
-3
35
34
22
52
39
30
12
60
29
0
3
-26
17
53
58
109
170
195
193
135
62
64
35
69
59
63
95
82
22
-52
-111
-149
-159
-170
-165
-159
-128
-93
-73
-45
-38
-24
40
88
113
138
153
164
166
115
54
13
-1
-32
-68
-45
-44
-66
-70
-112
-188
-202
-217
-182
-119
-95
-59
0
42
106
162
176
197
143
90
53
11
-6
39
76
42
5
-36
-38
-21
25
23
29
36
18
21
-15
-2
7
28
25
23
20
17
37
65
79
121
191
266
247
275
226
172
216
157
84
-10
-68
-97
-115
-155
-156
-171
-142
-72
-86
-119
-130
-119
-125
-137
-147
-164
-134
-101
-75
15
55
88
78
81
86
71
35
-31
-69
-121
-138
-193
-141
-73
-83
-57
-89
-119
-92
-70
-101
-109
-140
-114
-23
43
156
276
289
299
284
198
161
154
98
113
103
11
20
-16
-48
-142
-182
-160
-187
-162
-152
-101
-136
-112
-63
-18
8
12
58
99
112
80
86
81
91
121
82
2
-25
-35
-9
-42
-73
-108
-104
-166
-155
-226
-278
-269
-251
-206
-226
-222
-178
-128
-119
-51
-52
-9
55
46
67
73
136
169
178
195
147
116
44
14
17
21
26
37
1
-46
-67
-101
-142
-173
-211
-226
-142
-31
10
26
56
129
217
291
330
333
358
358
315
286
201
167
190
125
75
32
-18
-13
-65
-91
-129
-168
-184
-182
-215
-186
-99
-41
30
55
63
98
174
175
146
74
31
-18
-23
-34
-88
-48
-48
-48
-98
-170
-134
-83
-30
-23
-70
-68
-128
-153
-147
-92
-45
27
77
35
54
91
148
147
99
115
151
207
282
330
351
316
300
287
206
163
61
-9
-11
-31
-87
-41
-28
-55
-82
-131
-92
-49
-26
16
74
78
87
82
58
7
-38
-42
-33
-39
-85
-171
-203
-193
-180
-181
-277
-301
-312
-320
-310
-326
-359
-320
-309
-320
-251
-313
-304
-244
-224
-236
-243
-162
-62
13
72
82
77
65
69
29
19
5
6
28
36
48
83
82
118
143
125
154
171
210
189
172
173
238
322
355
350
388
374
383
343
257
211
224
194
224
156
76
43
-32
-13
-61
-65
-42
3
-5
-8
-4
-57
-38
-40
-80
-139
-161
-194
-160
-107
-54
-24
39
58
77
63
14
53
69
43
3
-5
-4
40
-8
-40
-81
-82
-56
-11
-41
-92
-82
-100
-70
-63
-8
44
100
94
60
-5
-20
-8
-7
-1
-7
-14
-79
-126
-163
-146
-99
-46
7
16
-2
9
32
-7
-20
-46
-80
-75
-87
-19
20
28
59
41
0
-9
-31
-75
-92
-129
-155
-209
-174
-150
-137
-102
-76
-81
-94
-136
-166
-154
-161
-112
-80
-82
-86
-50
61
198
251
220
227
172
109
89
12
-15
-13
-23
-17
-22
11
62
60
87
122
143
122
51
-39
-77
-122
-109
-73
-83
-54
21
77
113
129
135
121
80
40
-28
-48
-58
-35
-8
-37
-74
-72
-71
-124
-130
-115
-73
-55
-68
-83
-73
-52
-27
50
43
29
75
116
108
105
93
106
128
111
59
61
-13
-9
22
40
44
23
11
-27
-12
-21
-21
-15
-10
-47
-76
-89
-71
-33
11
33
1
24
14
18
43
47
70
53
37
-26
-32
4
40
118
120
72
76
84
43
2
-12
-23
8
15
71
92
67
105
185
161
172
141
115
126
143
131
92
104
100
113
127
121
133
146
138
159
143
89
78
37
-10
-20
-18
-15
-18
7
32
35
51
55
90
88
83
17
-39
-67
-134
-113
-134
-112
-46
6
11
-28
-77
-123
-136
-120
-104
-106
-92
-97
-163
-210
-209
-180
-169
-157
-177
-244
-295
-282
-273
-304
-307
-344
-397
-393
-343
-253
-206
-155
-125
-119
-70
7
17
-36
-85
-110
-96
-85
-83
-75
-5
13
31
61
73
76
71
112
110
133
148
162
148
117
112
135
140
136
112
73
105
127
139
106
74
65
99
101
124
134
153
200
162
66
29
41
4
15
26
-42
-31
-5
-43
-38
-95
-62
-35
32
63
-8
-19
-50
-78
-91
-71
-85
-31
-36
-33
-32
-54
-34
-24
-5
-6
6
6
46
34
19
63
75
108
144
169
184
214
162
146
167
186
201
216
211
187
153
91
66
44
45
56
60
55
54
77
20
-9
-37
-46
-33
6
54
65
68
56
35
26
-25
-42
-56
-93
-115
-125
-132
-104
-73
-33
-38
-84
-81
-111
-121
-141
-161
-153
-149
-114
-120
-157
-148
-167
-114
-106
-137
-152
-111
-90
-82
-46
-32
-28
-24
-56
-114
-71
-58
-45
-45
-42
-42
-13
-10
-5
18
13
-5
-5
-57
-83
-115
-126
-41
38
80
118
105
79
68
99
119
131
123
126
140
122
70
23
-43
-14
31
34
-11
-53
-59
-70
-79
-120
-132
-134
-101
-64
-43
-3
-9
70
136
120
149
132
135
80
81
127
110
94
129
183
155
167
192
197
196
211
166
135
88
26
-43
-45
-11
13
32
34
23
-17
-24
-11
39
60
100
85
74
43
8
-30
-49
13
9
22
19
9
-49
-35
-51
-51
-79
-115
-153
-176
-168
-204
-220
-183
-107
-84
-35
-58
-83
-100
-92
-50
-23
30
41
30
-3
36
48
68
70
35
-3
10
-18
-25
-50
-83
-110
-126
-168
-157
-96
-49
-6
-34
-33
-22
-13
-67
-61
-45
-62
-22
-18
-30
-36
-5
-36
-13
-11
-8
15
-3
-45
-87
-107
-85
-61
-100
-57
-60
-26
35
2
-39
-61
-37
8
21
38
37
16
-9
-19
-22
-20
5
28
86
77
64
87
89
102
92
80
50
18
19
10
12
46
55
78
104
117
146
148
200
226
206
191
137
123
77
69
83
57
71
80
80
88
77
75
84
93
62
18
37
12
19
29
63
96
40
22
11
26
42
41
-20
-66
-98
-112
-153
-167
-149
-134
-148
-126
-128
-157
-165
-226
-228
-249
-242
-211
-181
-176
-207
-205
-206
-137
-108
-95
-75
-104
-93
-102
-73
-73
-60
-11
-1
-11
5
-46
-91
-81
-31
-21
-36
-25
31
62
78
46
74
94
120
137
177
179
167
223
213
215
208
228
190
136
126
93
65
103
148
186
184
149
152
108
73
70
43
22
41
39
-16
5
3
-1
4
53
94
151
134
45
12
1
2
-29
-64
-77
-106
-100
-92
-63
-53
-85
-127
-178
-176
-179
-162
-111
-46
-21
9
31
68
103
187
217
225
183
168
103
45
45
26
26
-1
12
-1
43
59
49
37
-26
-66
-94
-133
-127
-144
-129
-117
-110
-56
13
78
83
41
6
-31
-5
-25
-32
-45
-76
-86
-119
-78
-30
-18
-18
-68
-110
-137
-157
-214
-222
-262
-310
-262
-260
-192
-165
-126
-85
-52
-60
-35
-27
-18
-4
-6
3
-21
-53
-39
-13
-19
82
153
195
121
48
-71
-115
-133
-157
-128
-112
-74
-19
21
44
57
102
117
110
128
124
113
80
48
28
49
48
93
163
228
261
237
210
143
122
43
-50
-46
-38
-7
33
47
17
48
33
56
80
85
122
104
65
25
-76
-74
-57
13
49
85
118
96
82
4
-33
-33
-27
-55
-48
-35
-49
-51
-69
-76
-44
13
40
43
38
15
0
-33
-103
-145
-147
-139
-106
-50
14
59
28
72
78
60
14
5
15
20
30
23
13
-16
4
41
48
42
113
97
84
66
14
-30
-25
21
61
112
131
91
74
48
13
13
48
35
2
-23
-63
-87
-66
-49
-73
-51
-19
30
49
80
104
90
78
61
21
20
9
-13
-5
6
29
0
-43
-83
-109
-109
-136
-106
-93
-75
-52
-79
-94
-139
-132
-116
-97
-78
-64
-54
-53
-125
-148
-148
-85
-37
-32
26
33
22
17
-8
-10
9
8
43
40
1
-44
-80
-93
-61
-90
-47
-23
-48
-56
-68
-30
-10
-2
-11
-14
-8
12
21
84
91
60
68
53
22
10
55
78
49
56
14
-24
-32
1
32
39
32
61
95
108
99
69
51
13
15
-5
19
30
16
14
47
69
76
80
42
111
126
123
81
33
34
40
65
75
92
80
52
8
-15
-47
-55
-20
-16
24
-5
-24
12
1
24
52
97
98
102
100
44
-3
-19
9
19
89
72
38
44
41
22
-58
-75
-87
-113
-94
-119
-136
-127
-157
-174
-167
-148
-157
-105
-122
-98
-79
-92
-68
-45
-46
-22
-36
-78
-64
-76
-46
-58
-43
-52
-67
-71
-104
-99
-116
-69
-63
-26
-63
-95
-66
-46
-41
-38
-14
20
11
-4
-20
-33
3
6
45
62
121
185
143
79
79
59
35
65
97
112
108
149
157
160
150
103
92
75
83
84
73
54
21
47
50
87
65
72
78
58
86
106
65
-22
-54
-89
-97
-146
-116
-111
-84
-95
-100
-97
-124
-94
-112
-84
-82
-98
-91
-112
-142
-98
-84
-47
-13
-10
-26
-54
-70
-88
-81
-48
-4
25
60
42
66
64
47
48
47
85
89
52
35
61
37
26
48
87
89
111
121
90
91
97
128
97
102
58
10
68
79
32
70
98
113
133
75
35
36
84
33
-1
5
-19
-29
-14
-30
-71
-49
-41
-20
-27
-65
-62
-48
-5
6
-1
44
25
4
-52
-73
-31
7
48
19
23
23
-34
-80
-97
-74
-63
-43
35
59
63
110
76
53
-6
10
52
69
19
-13
9
32
45
37
27
64
120
133
103
63
42
43
32
14
14
-25
30
64
78
85
41
-9
-55
-79
-79
-98
-151
-189
-210
-212
-214
-229
-219
-175
-151
-145
-172
-151
-149
-162
-114
-112
-116
-136
-142
-80
-107
-121
-118
-107
-116
-99
-112
-102
-61
-62
-68
-143
-164
-179
-123
-53
-38
-26
-74
-132
-175
-225
-219
-164
-106
-10
27
43
72
119
139
200
203
155
156
240
274
248
225
183
145
154
134
111
154
213
222
223
213
134
160
109
58
14
2
19
12
5
-17
-18
-37
-16
20
35
88
149
93
103
89
112
130
113
81
64
66
59
34
1
-15
10
29
43
25
27
16
-20
-6
-40
-25
-31
21
39
80
78
30
45
28
12
63
100
136
212
199
167
121
100
58
40
26
34
40
32
-4
-40
-44
-52
-25
-1
49
60
53
-33
-95
-95
-95
-90
-86
-92
-44
-54
-92
-51
-65
-19
-49
-76
-103
-120
-110
-84
-114
-151
-160
-224
-201
-226
-230
-201
-173
-148
-162
-224
-269
-253
-245
-202
-184
-174
-135
-89
-96
-86
-67
-79
-52
-10
28
-9
-16
-18
-59
-74
-47
16
41
20
62
16
5
-6
-29
17
29
17
32
57
4
46
63
81
84
59
99
108
139
149
112
100
48
15
12
-43
-6
31
35
21
-9
-23
3
37
64
44
89
142
128
85
57
26
66
99
108
188
229
212
199
200
124
91
81
65
79
75
67
90
123
156
135
131
116
136
201
212
202
195
132
74
50
36
41
61
129
170
188
186
105
45
24
14
29
47
49
72
64
6
-16
-47
-38
39
34
11
3
-75
-113
-148
-169
-180
-183
-152
-115
-100
-132
-145
-184
-233
-231
-226
-240
-259
-259
-301
-323
-338
-360
-319
-294
-247
-176
-168
-182
-216
-262
-299
-264
-223
-183
-101
-94
-123
-140
-142
-147
-138
-132
-108
-63
-35
-61
-103
-78
-121
-105
-77
4
44
23
30
11
-14
-2
6
30
137
143
165
189
229
187
194
232
224
230
229
211
180
211
194
163
106
57
53
100
99
119
148
146
174
149
118
125
124
129
141
109
129
121
107
120
100
69
88
114
111
131
130
95
80
50
18
6
-2
-8
16
14
-6
-11
-8
-17
-30
21
6
-43
-25
29
26
24
73
97
145
154
86
74
63
32
-9
-30
-65
-92
-100
-87
-92
-104
-132
-142
-168
-171
-136
-114
-94
-87
-59
-85
-84
-113
-58
-18
-10
10
17
34
16
6
-30
3
-20
-19
-41
-69
-60
-49
-47
-70
-71
-33
12
97
98
50
6
-32
-42
-81
-41
8
73
124
79
75
108
110
79
40
5
18
21
39
14
-18
23
-38
-39
-7
-17
-22
-24
-25
-6
24
-47
-45
-52
-59
-28
-54
-58
-14
2
11
10
-36
-41
-38
-34
-49
-65
-57
-49
-73
-80
-72
-37
-8
-43
-78
-79
-112
-139
-126
-100
-94
-125
-37
19
24
-24
-39
-24
3
-31
-51
-2
-19
-51
-107
-90
-45
-81
-72
-31
-32
15
62
46
27
50
34
-18
-60
-63
-34
2
34
43
61
54
21
37
37
7
9
-15
15
-16
-62
-85
-67
-29
14
2
35
97
81
38
16
49
91
136
162
189
175
171
163
137
85
57
75
106
127
130
84
18
1
18
15
-14
6
38
28
22
31
-34
-73
-60
-62
8
53
59
65
62
54
78
101
110
127
113
150
147
133
135
96
98
32
-1
-23
-41
11
50
16
-7
-59
-79
-64
-55
-17
-31
0
29
-15
-78
-132
-154
-127
-84
-10
6
25
15
-38
-69
-120
-89
-83
-87
-132
-137
-147
-155
-117
-99
-101
-103
-35
-81
-63
-29
-46
-53
-28
-59
-79
-54
10
13
23
106
88
72
54
39
16
6
-5
-20
-18
-15
-35
15
50
21
-18
-46
-43
-3
4
10
21
-42
-50
13
58
41
43
1
-5
-45
-61
-34
-10
6
25
5
0
9
-17
7
35
49
27
-26
-28
10
25
-1
2
4
-4
40
0
-29
-44
-29
-18
-41
-48
4
22
-41
-68
-43
-44
-18
-21
-40
-56
-72
-74
-79
-62
-9
40
26
52
-24
-27
-5
23
38
62
50
45
67
38
84
63
75
131
106
74
103
83
89
64
81
94
126
140
159
139
71
108
156
131
91
56
63
18
26
32
-1
29
71
108
89
72
63
17
23
-1
-30
-15
-20
-6
45
68
17
-38
-88
-94
-63
-8
15
-14
-39
-101
-158
-138
-100
-92
-100
-76
-70
-89
-106
-140
-120
-97
-91
-105
-116
-124
-111
-81
-48
-84
-107
-103
-89
-94
-62
-23
-14
-10
-5
-36
-77
-70
-29
-46
-71
-77
-75
15
12
-27
-10
-10
-14
-10
-11
-23
-26
-51
-35
-30
2
18
27
45
64
67
24
11
-11
-19
-6
3
-8
47
33
53
50
23
6
-20
22
51
51
16
39
22
19
32
-6
-20
11
59
46
16
21
1
-13
-14
-54
-10
-30
-3
29
3
24
20
17
71
125
88
70
51
54
45
65
78
80
114
115
84
97
97
78
104
101
39
45
71
80
92
91
66
70
110
105
105
94
104
118
113
108
74
48
48
49
42
8
-34
-71
-95
-89
-77
-79
-85
-93
-131
-126
-135
-136
-149
-108
-64
-70
-70
-78
-115
-123
-84
-99
-69
-58
-27
-48
-87
-84
-80
-111
-43
-49
-63
-1
-21
-40
-73
-102
-135
-166
-134
-108
-123
-110
-74
-27
25
57
23
57
37
51
47
29
30
-9
-16
-3
16
22
67
105
137
127
135
125
104
86
66
75
82
102
115
158
169
178
155
146
146
136
113
144
145
111
124
105
96
78
89
85
23
38
55
54
41
-45
-116
-160
-121
-110
-134
-151
-160
-148
-185
-198
-181
-178
-150
-143
-103
-83
-56
-69
-86
-107
-110
-132
-102
-61
-27
-26
-55
-48
-76
-137
-167
-149
-130
-109
-118
-156
-135
-162
-184
-183
-165
-99
-50
-3
1
9
7
34
45
43
-13
-9
82
74
135
168
157
121
117
123
116
127
104
119
87
76
46
93
126
136
131
97
113
98
139
148
150
144
154
95
52
44
63
97
65
43
39
52
91
82
44
31
-17
11
31
2
-29
-38
-43
-49
-73
-73
-79
-107
-55
-54
-44
-56
-45
-18
-2
-23
-41
-58
-85
-51
-5
-3
-49
-50
-50
-35
-77
-82
-89
-102
-39
24
-7
-31
-16
-27
9
46
30
30
31
10
1
-20
-15
1
18
-13
-33
-45
-34
-9
16
32
17
3
-17
14
0
2
34
23
24
28
18
18
-15
-11
22
71
63
59
58
21
26
24
2
-45
-25
11
-4
2
8
-21
-46
-64
-65
-62
-60
-74
-34
-23
-4
-70
-74
-34
-25
-12
18
-1
31
66
78
87
51
47
73
98
91
98
83
91
100
100
73
18
14
26
27
67
66
72
61
16
-18
-26
-75
-61
-39
22
85
57
47
10
-24
-5
-13
-37
-2
14
37
-26
-94
-115
-97
-80
-77
-81
-74
-66
-42
-7
-27
-34
-19
-52
-85
-96
-90
-75
-66
-61
-57
-58
-65
-90
-93
-109
-108
-71
-67
-81
-62
-51
-45
-49
-45
-44
-59
-82
-77
-65
-48
-19
39
38
45
38
2
8
48
97
116
137
98
82
34
37
54
34
92
115
126
89
67
46
30
32
44
63
70
55
38
43
78
84
69
98
90
45
55
72
75
117
123
129
93
45
10
12
-15
-22
1
3
-34
-41
-20
-11
-14
-48
-69
-84
-77
-31
-60
-89
-74
-79
-100
-110
-150
-147
-113
-93
-65
-60
-76
-64
-39
-40
-6
5
23
73
63
-1
-14
-22
-22
-2
-35
-20
7
26
58
42
45
59
86
62
49
7
-1
31
-24
-33
-24
7
-16
-29
-18
-38
-42
-2
-1
6
-18
-12
-4
5
11
3
-9
17
-18
-59
-30
-51
-36
-60
-45
-55
-42
2
2
-3
0
58
33
1
51
25
43
15
-9
-16
9
62
129
131
141
99
5
5
-9
-49
-48
-18
7
15
9
-24
-38
-35
22
52
45
39
3
-20
-25
-17
-13
26
80
63
17
38
40
36
42
0
-6
-4
13
81
94
102
75
48
10
-41
-40
-13
-18
-17
27
0
-43
-56
-92
-56
-78
-38
-5
-37
-26
14
-1
-5
-4
8
43
7
2
-26
-65
-25
15
18
44
25
18
13
-12
-16
-23
26
49
69
82
90
50
70
58
50
18
8
39
32
-23
-11
30
64
41
1
7
22
36
-11
-57
-55
-24
-48
-47
-26
-21
-11
-44
-85
-140
-151
-143
-86
-82
-42
-53
-62
-3
-55
-87
-60
-72
-78
-26
-8
37
15
-22
-14
-40
-32
-47
-23
-28
-34
-40
-74
-110
-84
-97
-102
-73
-27
-7
-43
-36
-45
-75
-62
-84
-74
-55
-28
-36
-32
12
-20
18
11
3
-18
-21
21
5
29
32
52
59
34
-12
50
45
64
80
39
30
30
18
-9
-7
7
38
88
66
72
56
72
54
38
69
73
96
103
123
53
71
75
105
121
135
126
135
112
67
58
94
120
133
89
4
12
4
59
88
68
80
51
27
8
19
24
68
107
77
-2
-86
-75
-26
42
82
87
73
47
34
-30
-34
-17
7
53
45
32
1
-18
13
2
-14
-4
35
40
46
37
47
35
38
10
-37
-13
16
-2
5
6
-35
-84
-170
-157
-154
-119
-126
-124
-117
-155
-191
-198
-188
-162
-82
-84
-89
-95
-112
-150
-157
-116
-117
-119
-76
-60
-114
-108
-137
-149
-102
-126
-125
-85
-71
-104
-95
-45
-24
-61
-99
-115
-71
-19
-35
0
-2
-27
-102
-129
-111
-41
41
38
44
45
8
-47
-50
-3
56
47
42
15
-1
24
-37
-33
14
27
47
63
76
30
49
79
55
97
127
141
215
169
195
179
165
212
244
235
230
231
185
170
100
77
96
110
99
94
82
96
110
106
96
86
71
65
75
47
77
62
36
60
55
76
36
13
31
16
34
49
71
53
24
3
4
29
2
-19
-29
-28
-48
-47
-45
-42
-35
-31
-58
-98
-91
-54
-40
-73
-99
-95
-58
-31
-18
-36
-55
-62
-37
-19
-4
-13
-22
-4
-1
-22
-92
-93
-102
-45
11
-7
-43
-12
-7
-37
-51
-71
-87
-68
-47
-22
-35
-44
-12
-47
-48
-67
-106
-95
-23
-61
-60
-135
-161
-118
-123
-120
-115
-74
-72
-99
-131
-123
-96
-86
-73
-57
-84
-40
-47
-52
-24
-31
-33
-58
-17
-15
-11
-15
14
-2
-2
40
61
75
75
94
51
-9
-35
-10
43
79
16
-8
13
35
58
68
87
52
16
60
10
-28
16
-13
3
-4
8
-22
-1
-13
-9
39
3
34
26
21
12
10
47
46
95
67
39
79
66
74
90
125
140
143
133
132
112
119
102
61
72
68
44
20
45
50
76
57
41
42
58
25
57
117
111
90
81
89
43
38
41
71
52
51
66
33
12
20
37
44
91
100
72
35
-4
9
-6
0
1
-27
-19
-24
-51
-99
-86
-71
-20
-4
-47
-69
-88
-76
-67
-92
-93
-62
-74
-133
-179
-210
-197
-138
-107
-104
-123
-111
-145
-131
-112
-146
-184
-129
-82
-88
-57
-73
-61
-16
36
31
-19
-14
-1
-24
6
26
48
79
80
32
-22
-23
1
59
41
40
64
-5
-22
16
-2
0
-23
-1
18
14
-15
-64
-49
31
50
54
61
72
44
20
-12
9
34
41
31
-18
-40
-28
57
78
83
42
28
-24
-6
11
49
74
75
30
-39
-85
-39
-13
5
18
20
33
-13
-7
-70
-67
-29
-19
-21
-20
-11
-1
31
70
47
29
0
-50
-65
-74
-98
-79
-23
-11
-50
-57
-67
-79
-80
-92
-84
-55
-3
-17
-57
-23
-42
-73
-49
-65
-67
-23
0
25
29
39
30
-1
15
36
85
125
136
131
134
125
142
139
84
72
101
114
113
114
107
141
189
196
195
178
151
185
165
88
60
46
57
47
67
54
68
79
84
98
70
52
77
118
76
57
45
38
22
-9
-45
-52
-41
-6
14
-4
31
-37
-73
-35
-38
-69
-91
-107
-162
-166
-146
-120
-124
-117
-145
-160
-171
-207
-172
-150
-151
-185
-220
-226
-207
-234
-181
-161
-212
-243
-249
-211
-160
-103
-95
-103
-140
-162
-172
-200
-166
-104
-80
-81
-35
-20
-61
-62
-26
-16
62
121
99
67
81
87
61
48
31
93
114
154
149
155
162
135
141
171
191
232
254
231
177
134
155
150
141
157
168
176
154
126
87
99
153
112
79
111
110
113
128
66
37
66
95
75
69
46
44
11
-8
-52
-70
-26
19
17
-6
-9
-52
-83
-105
-123
-145
-132
-111
-97
-102
-147
-180
-187
-199
-158
-164
-186
-133
-127
-111
-100
-117
-128
-132
-111
-112
-93
-58
-17
-46
-53
-43
-63
-25
-16
10
20
68
44
44
14
-4
33
77
96
53
86
50
74
19
-12
-5
9
43
60
33
34
75
70
118
129
120
98
120
121
88
46
79
93
98
105
138
174
150
108
74
49
43
85
75
121
119
126
97
48
64
21
-8
9
12
-55
-18
-25
-65
-51
-69
-51
-16
19
29
3
15
36
5
-58
-66
-81
-76
-56
-83
-60
-67
-64
-52
-66
-54
-104
-106
-123
-102
-117
-83
-81
-100
-55
-41
-29
-46
-45
-49
-57
-79
-91
-128
-132
-104
-120
-106
-116
-113
-104
-73
-73
-103
-77
-68
-76
-64
-43
-51
-117
-146
-181
-183
-152
-115
-80
-41
6
15
-18
-37
-70
-96
-96
-100
-35
21
14
4
5
-24
-51
-43
-8
0
99
168
139
139
92
85
81
51
82
75
82
140
136
153
145
80
80
136
164
153
166
169
182
176
80
56
119
161
183
172
186
161
176
169
176
190
177
175
151
127
146
130
127
142
130
98
57
42
68
113
50
43
59
25
-16
-18
-14
-9
20
-1
-56
-88
-78
-59
-94
-110
-75
-83
-92
-96
-81
-32
-4
-61
-93
-105
-98
-104
-109
-111
-74
-97
-92
-84
-92
-83
-99
-108
-105
-57
-88
-102
-136
-197
-186
-163
-160
-120
-138
-112
-97
-82
-84
-121
-122
-109
-109
-131
-111
-94
-92
-85
-36
-25
11
13
2
-18
-29
-42
-68
-22
-3
13
43
35
12
-11
-7
-24
-12
2
10
14
3
-14
-20
-27
-25
-61
-77
-17
19
61
73
58
56
39
44
67
86
102
120
109
114
114
90
126
150
142
131
91
52
54
65
56
37
70
95
52
54
22
-26
-50
-9
58
79
79
69
66
31
11
-6
-33
-3
83
111
135
143
140
110
52
32
-18
-14
41
85
84
59
85
50
13
13
7
28
43
44
40
12
2
-16
23
-11
7
14
-4
3
10
26
4
-46
-100
-95
-69
-33
-76
-128
-122
-131
-123
-109
-55
-5
-2
-28
-92
-121
-164
-174
-107
-77
-52
-20
-30
-40
-47
-75
-69
-65
-61
-46
-82
-21
-13
-36
-36
-24
-11
-44
-65
-59
-52
-52
-45
-23
-70
-47
-71
-102
-86
-59
-43
-25
0
1
-14
21
5
14
19
26
31
41
25
41
20
6
27
15
41
-45
-36
-15
-3
41
37
30
-16
-26
-14
26
-15
-7
40
55
53
50
88
108
126
74
66
96
108
134
152
153
145
162
133
150
133
82
49
44
10
7
41
103
81
31
21
-55
-85
-42
6
-29
-14
-7
-8
-15
2
3
-47
-49
-55
-57
-55
11
0
-26
-21
-32
-68
-61
-24
-28
-13
-2
-2
-36
-27
-11
-67
-42
-42
-62
-52
-70
-118
-118
-109
-55
-52
-75
-74
-55
-15
-51
8
0
-22
-40
-50
-54
-10
-5
-1
32
19
29
71
82
42
41
61
74
57
49
51
32
39
14
-32
-5
45
81
118
89
81
104
73
85
77
119
100
90
66
17
21
56
76
108
98
124
111
93
93
54
81
94
68
51
66
35
6
-40
-85
-108
-102
-123
-97
-77
-48
-42
-65
-108
-106
-183
-186
-141
-140
-118
-121
-90
-134
-136
-142
-122
-106
-84
-81
-84
-77
-58
-49
-83
-81
-52
-33
-25
6
20
45
18
20
35
70
72
80
73
41
23
21
24
9
42
21
48
23
14
12
17
14
35
41
86
114
83
74
-4
-59
-95
-79
-100
-100
-79
-83
-30
-55
-107
-120
-112
-42
-16
-25
-16
-33
-77
-113
-131
-125
-107
-77
-100
-89
-99
-154
-110
-100
-120
-122
-86
-68
-49
-25
-19
-20
-42
-31
-20
54
90
132
126
83
67
34
73
113
93
120
166
183
204
167
161
143
153
178
184
209
216
260
269
273
234
230
263
244
208
217
193
146
180
176
176
176
213
229
222
131
110
110
106
78
67
53
31
25
-17
-54
-84
-45
-80
-111
-181
-169
-180
-116
-66
-111
-115
-140
-181
-187
-172
-187
-161
-156
-144
-185
-192
-130
-127
-136
-169
-125
-137
-151
-184
-245
-240
-201
-209
-221
-178
-159
-129
-117
-121
-115
-114
-118
-108
-105
-105
-117
-137
-107
-87
-44
-5
9
60
26
10
3
30
17
71
98
80
92
71
43
50
106
103
83
35
4
2
24
8
4
18
42
60
94
106
110
97
86
80
42
46
32
9
28
40
78
98
65
54
24
30
41
50
61
73
27
21
6
-15
15
20
13
-5
24
11
15
40
35
24
17
23
11
22
24
51
60
82
30
6
19
3
-10
54
91
107
97
36
7
-5
-11
-23
-19
-26
-19
-61
-49
-11
0
34
29
-35
-24
-31
-21
-27
-4
-1
22
32
21
30
-12
13
10
15
48
27
-19
-36
-53
-81
-59
-16
3
-13
-65
-56
-72
-47
-23
-30
-41
-63
-80
-76
-71
-59
-31
23
77
66
53
-7
-18
19
-17
-16
28
43
9
22
-6
-24
-43
-44
-37
-7
4
-12
-29
-9
6
-21
-51
-64
-37
-12
-18
19
91
99
81
24
-1
9
-31
-35
18
34
36
4
-24
-52
-26
-6
6
58
87
77
25
0
-21
-36
7
7
-13
1
-10
17
3
-5
6
-3
-1
-18
-20
-18
-3
3
-1
-18
-32
-29
-57
-43
-43
-43
-56
-58
-91
-111
-151
-180
-125
-79
-44
-52
-36
-1
-18
-52
-68
-64
-41
-29
-52
-71
-39
-20
-23
-3
-1
1
13
26
56
73
47
97
115
101
105
137
92
100
79
55
49
47
36
21
51
76
100
78
101
