100
-106
21
-52
-70
-88
-255
41
68
-91
-33
-14
-22
-100
-143
63
-68
-118
9
-69
5
-22
-238
44
-35
-139
-29
-71
-143
-27
69
2
-68
-30
-78
-49
35
-50
42
77
85
-1
-69
12
-13
81
53
98
93
-12
-12
5
96
-208
153
173
-40
46
-91
105
49
-23
25
38
-44
-75
172
-65
-136
99
-69
-35
50
31
-163
-100
57
39
-127
23
224
17
-45
-37
-25
47
-46
-22
130
-109
-12
111
79
-69
-103
151
-118
-82
7
-53
110
58
45
-143
-113
-158
-130
-66
4
-30
-104
-48
52
-94
-291
-5
48
-202
-78
-39
40
-62
-132
-56
-137
-189
-86
-33
-98
23
-119
-86
-102
-3
-23
-123
50
188
139
-141
89
156
-114
56
88
81
95
-87
13
155
13
-70
223
353
98
-25
85
-16
28
254
178
282
146
73
305
129
-59
31
260
216
194
273
279
104
-85
68
4
54
83
153
92
-83
-122
-147
21
-283
-35
47
14
57
-211
-117
-24
-70
-174
-20
10
-133
-157
27
68
-237
-67
-133
-22
-163
-73
60
24
42
-169
-77
-167
-185
-72
110
74
19
92
0
-170
-56
45
-36
107
-18
176
228
-12
-48
134
-109
-64
99
62
201
2
21
228
-39
-191
-96
208
136
-18
171
90
111
-211
168
-120
-70
-110
-180
-37
-127
-277
-59
109
-148
-13
-66
-70
-93
-52
-30
-165
-12
-277
95
59
-167
-17
-128
133
-121
-125
210
43
22
-55
84
-69
-153
72
21
168
5
-70
-10
-142
-98
-76
-62
-35
-98
124
139
200
110
-114
15
-29
-173
39
55
-23
168
-37
191
166
-196
-11
214
-63
-151
188
225
76
-21
-82
121
16
-8
324
333
33
-163
221
54
-45
179
31
-129
-37
162
43
92
267
103
242
65
-179
59
174
-46
-129
212
-19
-212
-203
-23
265
-122
118
-12
81
-51
-204
76
-299
-229
-6
-148
6
278
-86
89
-46
-192
-130
-221
54
-4
81
-149
-216
198
-9
-408
-64
209
-91
-216
-39
-28
-163
19
79
-71
-253
-155
-113
-133
51
68
-15
134
-48
-165
-48
49
123
-108
212
186
-100
33
-52
-9
80
-78
227
-77
51
50
-313
281
99
5
3
253
107
-286
-16
203
284
31
-324
90
61
-448
20
83
68
271
62
-25
-242
-241
11
110
326
-332
25
494
-309
-195
-35
-215
-36
-55
21
128
18
-75
220
-48
-330
69
-201
-67
-198
-4
71
-31
234
71
-6
54
97
-79
-205
225
290
-26
112
73
-31
-79
-23
-289
210
411
-64
55
150
-65
-253
-42
1
58
61
28
204
262
-62
200
1
-127
161
-274
93
64
45
38
87
154
111
-178
181
58
74
142
-174
173
17
-248
-66
142
-4
-48
-11
29
-171
-160
-173
-117
-40
-32
-240
-30
-43
-102
88
173
-92
-282
128
22
-253
-17
-72
201
288
-97
-186
-265
57
-205
-188
69
177
277
16
-244
153
-322
-44
180
-211
55
380
176
-31
317
85
-53
199
56
-191
126
330
5
-114
235
432
66
-126
220
66
-254
-167
-179
14
700
-52
-160
214
-133
-247
-79
283
312
-159
-291
119
-40
-376
201
516
174
146
-6
-37
189
-316
-404
182
55
-317
-104
115
-70
-29
-191
-227
290
-157
-59
-254
47
-466
-44
177
-302
183
-479
-189
136
-278
87
264
-87
-70
-81
-398
-347
-58
-88
-39
206
102
-223
13
-73
-344
-173
390
-367
-153
357
-232
-176
-66
-55
-120
-44
-50
-491
188
93
-75
133
191
-206
-322
188
40
-154
517
313
-17
256
-162
-305
6
398
-5
310
250
-121
162
86
72
-109
19
170
-120
-145
507
110
-263
144
-50
3
-119
267
171
100
246
66
-4
-321
306
84
298
125
-103
619
-172
5
-67
63
-211
212
513
-324
237
-93
-183
65
175
80
368
-98
-171
-2
-182
337
-104
37
141
321
176
-65
330
-132
223
158
-252
-40
-226
279
178
-378
-132
323
103
-78
-322
-171
312
70
-200
81
435
-468
-313
315
42
-234
-180
398
-7
-298
39
-358
-31
60
-130
-69
-23
202
-223
-158
-160
-217
-23
-29
-71
-414
480
-28
-461
-355
4
-339
-342
302
-292
-110
-73
36
-366
-400
26
-30
-59
96
16
-93
243
-218
119
144
-261
-88
-10
37
-199
94
-76
12
109
339
31
-294
477
-118
-144
-76
-401
10
59
54
114
404
-85
19
616
-478
-282
202
51
38
44
6
222
394
-534
170
499
25
402
30
100
-43
-320
201
-125
425
-38
-349
541
-242
-347
109
448
-147
46
0
-181
194
-52
23
182
401
-9
-210
37
-406
-125
156
221
432
209
275
285
-65
-636
22
-479
100
392
324
167
-264
521
13
-146
142
56
-235
-287
161
-20
-138
36
-7
159
-186
-311
495
-54
-107
451
102
-231
-586
256
511
-210
-891
312
173
-579
-146
45
308
-374
-47
364
102
-548
-223
367
37
-414
73
117
-37
-53
-89
-24
66
-284
44
291
-565
183
-106
-214
-48
-3
-30
27
169
-150
-304
-69
-231
221
35
-88
351
-311
-166
-272
-90
106
-298
72
19
-46
51
-35
-15
99
242
-247
105
169
-444
-12
338
20
-52
-97
158
14
-147
70
352
114
169
24
-271
-15
-427
20
414
199
105
-229
160
152
-463
-306
94
530
-354
235
193
-362
369
-155
150
-134
-231
227
205
-18
-201
-9
340
88
-27
-200
-18
-12
58
-141
469
344
-287
317
-113
-216
-105
-74
282
125
-88
84
92
273
-31
-310
419
57
15
-73
15
178
-137
340
272
4
-295
192
154
159
-38
200
500
232
-97
-320
341
-72
-43
118
48
323
165
-204
43
97
-340
-79
108
191
-207
101
52
-300
178
-2
309
-385
-323
463
-131
-393
4
35
-402
-232
17
67
-430
27
373
-206
-121
-294
-237
39
-305
9
-299
-131
-67
206
60
-431
-192
41
400
-726
-17
207
-258
117
-222
-39
110
-531
169
20
-349
-46
46
-244
231
-215
-175
282
74
-115
35
87
-169
330
361
-251
265
266
-233
331
31
490
-509
845
385
-325
233
-673
183
-107
-61
311
-279
317
-396
-7
52
149
331
-30
-82
-181
-195
-140
174
-127
-15
-67
104
-66
150
16
-44
-105
-104
-146
5
156
-73
500
-848
165
266
37
30
-187
576
-632
-92
93
-62
-306
-175
452
-25
203
30
-254
298
-70
-248
149
8
-159
-155
-52
53
27
3
49
376
250
13
-234
-11
-20
512
-216
-210
364
34
-294
321
62
6
350
504
269
-394
27
162
147
-292
-391
343
-98
164
304
312
314
-614
-373
182
197
-724
150
-49
-94
-122
149
264
-223
-121
231
-157
-94
-188
628
-459
269
-125
-58
527
-84
124
-138
434
-2
-60
-257
255
99
-226
499
-133
-4
18
-162
222
-474
176
206
-109
19
-126
93
-113
-236
-41
226
-376
481
-186
361
-172
-295
174
-237
458
-431
345
-119
-183
-251
43
-213
-321
243
-99
-11
-344
430
-457
-34
40
-288
27
-493
209
-10
-104
-109
-134
-65
-335
313
-588
55
205
-42
194
-351
256
-458
39
-129
-180
58
60
-25
42
256
-613
55
327
-286
253
326
-418
203
62
-345
38
209
-128
61
217
32
197
-54
190
-67
-110
84
66
135
267
-171
486
226
-121
304
-95
-7
133
246
-222
189
90
126
227
131
-43
167
-124
271
72
32
58
-37
259
-262
194
-54
-370
-126
210
58
37
-94
143
433
122
-585
109
26
108
-40
108
156
102
86
-8
-59
-386
147
-802
517
232
-671
-97
613
-71
-594
704
374
173
-276
-280
245
237
-452
433
746
-191
169
-213
-233
216
-748
-171
478
-154
-463
511
90
-217
403
-230
144
-470
-586
501
-442
-294
360
290
-63
-510
194
119
-195
-668
492
-328
-299
347
-120
-644
257
193
-745
545
567
-719
281
-471
179
-66
-633
815
211
-558
-792
709
-513
-182
722
-176
397
-137
147
82
-213
-530
-56
151
-27
-45
-48
231
449
-137
153
-140
-324
411
-409
662
212
-484
79
-127
93
-547
-157
476
413
-12
318
-217
479
-307
-577
707
-785
356
295
-505
795
-268
-140
-117
73
86
-69
510
-536
375
119
362
-196
-483
93
-232
443
-64
382
419
-249
172
-1
-37
-799
565
416
-88
514
-350
-140
160
37
-747
-516
322
170
173
566
246
63
-458
-134
-323
100
174
-377
423
208
199
-8
-101
-317
-61
406
-169
-367
298
14
169
-1
-488
283
-185
-594
1300
-208
-27
-611
-176
927
-340
11
-54
-299
-269
417
-215
187
-519
314
-74
207
292
-373
531
-161
-69
-296
-324
27
-191
827
-821
-211
439
-453
391
-773
398
312
-1119
486
582
-1
-230
287
44
-579
234
-199
-226
-401
-37
36
204
-157
488
576
-314
-222
-146
-304
393
-1057
492
542
-12
482
-185
455
-619
6
-19
-124
-120
-196
599
-623
184
99
-82
816
-416
294
-211
839
-513
150
951
-390
258
32
-63
-832
684
-21
-57
160
-120
887
-916
453
-90
-330
407
-900
88
576
-202
-544
463
38
-953
1054
-213
-303
521
-246
133
48
-395
438
-276
27
-49
-475
1054
-284
-746
299
763
-1239
470
-257
212
-390
-640
1234
-807
101
-312
-299
631
-367
-50
-212
-390
-350
217
-25
139
-38
577
75
-359
-14
-160
-100
-168
416
-572
1081
-826
-601
707
-322
144
-523
444
690
-519
-214
24
703
-1112
-267
890
-1122
420
-329
-195
784
-138
-30
82
92
468
-765
193
-141
-300
79
233
609
-43
819
262
121
78
-460
460
-172
463
-308
442
416
-308
32
-73
-114
127
19
761
561
-279
-95
-389
615
-494
-248
-69
680
-584
-82
-346
657
246
-307
25
673
-755
114
-129
839
-298
109
792
-441
157
-80
-102
118
-383
224
7
481
-568
-502
151
-956
-417
-333
914
-484
225
206
-1224
715
-510
49
-150
-497
1105
-1483
418
-632
897
-156
626
224
-713
-121
-132
-11
-438
1047
-808
76
740
-1168
579
-485
-759
863
606
-466
-28
-357
83
-169
-369
92
-234
52
-80
376
-833
693
496
-679
-314
297
-502
592
23
848
130
-7
-77
-507
634
-9
282
-66
977
-177
33
-181
128
520
-1699
1538
-1364
387
512
-884
604
-644
270
168
123
501
-10
-169
-599
444
-689
386
231
55
1250
-141
-212
229
-700
432
-180
-712
811
569
-821
1200
-459
-652
553
431
118
-274
-196
-731
642
-260
-702
635
-104
40
204
-440
539
-714
117
-229
304
-45
-515
-200
357
-10
-540
677
-175
754
-917
914
-187
114
606
-796
-488
43
-565
-324
623
-695
330
374
-317
-214
134
-333
98
-352
72
-767
-79
43
399
-748
326
530
45
-361
-685
671
-1135
470
27
394
-252
-666
339
564
-86
194
648
158
598
-560
-2
8
-31
210
-71
653
-112
-368
-409
200
-341
-228
328
637
918
-921
852
-773
604
-754
136
788
242
193
-388
1070
-543
300
-75
312
39
503
-157
169
123
-87
-282
22
-220
341
-316
502
-196
360
100
30
-68
-308
101
-481
931
-1029
400
63
-220
361
28
180
-408
583
-575
-347
-139
651
-697
-874
1264
-1458
481
-886
-52
360
-537
-74
105
322
-304
119
-319
-312
92
-362
130
-446
527
-686
518
206
-764
61
-11
290
-878
516
81
11
332
-109
76
26
-538
-205
340
-140
0
116
-909
64
-154
-514
327
70
649
-443
-155
76
-666
860
-192
-321
758
127
432
636
157
-782
2112
-1579
332
526
-572
931
100
576
-389
-491
384
-320
-958
-141
448
85
275
-65
565
-394
-133
-544
498
24
-663
912
-542
1272
-910
519
413
-296
136
251
379
-145
-292
352
1026
29
60
-391
-248
498
-283
433
-540
474
413
-935
49
-345
-342
762
-417
300
131
-568
391
100
58
-872
751
93
130
-307
-505
815
-364
92
-357
791
-798
38
434
-858
38
-1052
108
-132
-281
100
337
215
-287
406
-625
68
-405
-367
-42
-472
267
141
-189
394
-470
-224
62
319
-499
615
-68
220
-152
249
-3
-1126
1196
-729
-245
52
-359
291
523
-284
-363
286
-171
-373
215
-560
648
-90
-45
431
-231
628
713
-1053
268
68
-460
290
-567
668
100
-73
122
-17
44
4
-229
763
-537
-42
677
-413
164
-272
91
114
-21
180
-664
519
-189
-840
1473
338
-14
115
-112
-770
-266
161
-108
854
-28
200
211
496
-1058
255
1065
-91
236
735
-591
-253
595
-1080
606
471
-963
389
752
60
125
-138
-738
807
-782
-45
265
-652
873
13
-164
174
-491
666
-30
-1149
1166
-96
-265
613
-554
-382
609
-16
-581
417
-173
383
-238
-749
474
260
-647
246
-630
343
-218
-138
482
-658
11
-305
-37
-194
927
-155
185
253
-464
-231
-225
-371
-819
531
558
105
-315
134
42
-1290
472
-364
-839
994
-962
777
-102
-477
717
-525
459
-1309
1132
219
-574
615
-265
110
84
-828
355
914
-1007
-124
860
217
-464
-421
341
106
-139
-129
586
-416
-50
-497
713
204
-933
25
734
-320
8
192
-578
1003
-313
-713
797
217
-261
94
509
131
247
497
-85
373
-332
33
-305
164
-383
-597
588
-1
220
573
-279
85
188
-378
-355
-727
769
-40
-55
518
-696
623
317
-293
822
-563
152
544
-527
-233
344
58
352
-47
-325
79
405
-234
36
-34
289
32
236
98
-78
-329
-332
-395
89
181
-319
313
-237
100
61
-43
464
-688
-79
808
-670
-1
-32
675
-269
364
-210
-60
-308
-146
-500
-24
652
-630
263
-233
256
-1117
722
-18
246
93
-916
450
-994
254
126
729
-356
-576
729
-773
-471
-210
537
-11
254
319
-473
140
-533
189
359
133
-740
148
249
-326
610
-235
948
-108
-598
167
-84
373
-1043
451
221
49
-338
195
176
-290
329
-359
673
-603
70
51
108
-427
-289
1071
79
-287
548
-322
351
47
-458
547
459
-593
485
-271
145
-404
135
622
135
-324
119
-124
-53
220
-198
570
-660
156
20
-270
-57
-44
-48
-151
474
-280
108
137
231
-53
-763
333
-314
-331
-165
154
-411
351
350
-1034
782
-452
-220
320
87
-568
492
73
-1888
1096
-155
-416
1194
-69
210
110
79
-34
236
-63
-655
212
233
-392
-26
722
-109
-17
661
-474
-529
1016
-1083
38
811
-1295
597
462
-491
43
-782
22
-65
-118
342
353
428
31
456
-28
23
-220
31
322
130
83
-54
527
86
-144
-448
374
310
-290
702
-16
-417
730
-564
-342
42
-83
-202
217
61
-227
527
164
210
-106
261
-416
156
335
-461
430
84
-229
-323
-280
184
177
41
43
383
-159
-94
-825
318
-410
-533
1045
-695
-359
-199
146
-170
-10
-566
650
171
-409
-233
399
284
-63
91
233
-138
-624
33
-178
-49
143
-173
393
-371
-441
254
279
-223
88
-305
-95
6
-370
339
-688
-409
-408
120
270
94
-305
124
-258
26
192
-150
385
-85
-826
184
-39
13
491
727
-245
-242
-187
74
104
-265
504
-296
197
-8
-117
134
-388
447
60
-534
-51
22
288
3
465
604
401
-232
496
-7
155
-29
-76
890
265
255
116
-64
-23
169
719
-193
241
208
-204
-114
-85
67
18
-80
443
158
-491
202
-231
-326
-143
-340
-217
311
-538
-373
-158
-750
-916
-259
-225
-523
-282
-404
-62
-384
-522
-76
-517
-238
-277
-91
637
-81
686
852
805
969
1112
1617
1971
1673
1403
1637
708
385
582
207
140
237
62
85
230
167
-6
-10
-287
-595
-961
-1150
-873
-1011
-1119
-1288
-1014
-1551
-1080
-1438
-1118
-944
-1635
-1060
-1266
-1235
-897
-1268
-838
-618
-649
-219
-508
-100
-125
572
774
1149
1790
2389
2569
2375
2359
1705
1134
568
120
13
237
398
977
1615
1647
1806
1377
678
216
-334
-1021
-1307
-1685
-1361
-1123
-920
-669
-996
-670
-1218
-1479
-1761
-1603
-1730
-1659
-1286
-1336
-1365
-1498
-957
-585
-760
-743
-737
-607
-857
-638
-85
-46
-97
841
1464
1976
2836
3429
3842
4035
3476
2762
2028
1417
559
292
492
734
1488
2111
2305
2103
1693
798
100
-410
-937
-1065
-856
-1033
-709
-959
-1278
-1184
-1484
-2239
-2223
-1991
-2210
-2612
-2315
-2040
-2063
-2049
-2049
-1657
-1683
-1756
-2131
-1878
-1904
-1518
-1363
-1052
-722
-620
-353
1179
1785
2455
4052
4964
5893
5673
4986
3962
3015
1752
1052
496
507
977
1358
2525
2583
2417
1702
747
-442
-1365
-2013
-2215
-1550
-1328
-676
-354
-730
-1622
-2602
-3505
-3530
-4186
-4204
-3699
-3291
-2658
-2294
-2381
-1979
-1842
-2251
-2112
-2329
-2290
-2372
-2208
-1504
-983
-485
-381
250
1566
2493
3931
5673
7662
8425
8352
7354
6086
4515
2393
789
-246
-525
-691
5
1287
1542
2021
938
85
-1241
-2635
-3571
-4045
-2939
-2037
-469
347
925
-84
-1782
-3179
-4564
-5757
-6247
-5365
-4133
-2860
-2018
-1620
-1654
-1169
-1803
-1885
-1655
-2089
-1901
-1577
-1038
-465
-184
12
590
2399
3416
5625
8096
10076
11202
10250
9004
6710
4708
1430
-827
-1935
-2488
-2333
-1637
110
192
182
-1160
-2383
-3316
-4336
-5023
-4548
-3096
-1490
567
2312
2916
1764
-70
-2817
-5254
-7723
-8883
-8601
-6420
-4794
-3055
-1245
-838
-354
-888
-1243
-1658
-2013
-2429
-1876
-1381
-706
-196
54
1131
3470
5155
7708
10968
12895
13852
12201
9883
6628
3178
-889
-4051
-5684
-6441
-5724
-4699
-2106
-1451
-1401
-2521
-3616
-4674
-5813
-5685
-4482
-1578
651
4056
6411
7033
5312
2108
-1711
-5684
-8869
-10962
-10208
-8070
-5563
-3039
-449
1036
1204
923
426
-65
-635
-784
-629
-230
-86
91
44
1289
3689
5404
9456
12694
15056
15379
12318
8596
3768
-985
-5889
-8713
-9737
-9249
-7863
-5386
-2273
-1930
-1885
-3673
-4983
-5754
-6313
-5411
-2687
938
3720
7586
9373
9515
6966
2990
-1440
-6883
-11213
-13752
-12912
-10176
-6583
-3149
76
1851
2405
2664
2218
1925
1397
768
528
276
-223
-788
-1346
-720
2190
5074
9392
14225
16824
17265
13743
8324
2206
-3416
-8785
-12240
-12484
-10856
-7666
-4473
-950
-146
-710
-3077
-5672
-6731
-7076
-5256
-1686
3425
7281
10859
12495
11171
7363
1781
-3697
-8919
-13061
-15274
-14186
-10807
-6439
-2276
1220
3485
4120
4147
3607
3595
2863
2127
1699
715
-705
-2088
-3866
-4661
-2675
1530
6106
12434
16910
19302
17590
11445
4391
-2751
-8615
-13724
-14527
-12376
-8671
-4613
-760
1608
660
-1622
-5442
-7253
-7850
-6652
-2336
3599
9051
13134
15554
14284
10275
3079
-3866
-9153
-13518
-15659
-15143
-12189
-7940
-3586
-238
3023
4767
5684
6202
6112
5482
4476
3199
1027
-1945
-4565
-7137
-8908
-9083
-6561
-297
5444
12653
18267
20867
19203
11916
4027
-3760
-9453
-13851
-13928
-10994
-6650
-2768
-347
1702
-1052
-4337
-7844
-9035
-7852
-4466
1261
7987
13688
16031
16527
13343
7160
93
-6567
-10018
-12099
-13089
-11740
-9304
-7042
-4488
-1830
692
3193
4966
7034
7980
7584
6095
3667
435
-3697
-7826
-10423
-11913
-11784
-8013
-735
6660
13859
19893
22023
19741
12041
2908
-4577
-10081
-13268
-13175
-9270
-5203
-1938
-282
207
-2432
-6287
-8784
-8843
-5429
-676
5884
12402
16586
16540
14251
10071
3234
-3601
-8333
-10039
-10641
-10469
-10009
-8520
-7041
-5884
-3354
-7
3539
6524
8861
9526
8318
5804
2357
-1481
-6102
-10021
-12159
-12358
-11737
-8339
-896
6409
13518
19624
22489
21313
14479
5217
-2486
-7815
-11944
-13166
-10561
-6789
-4058
-2765
-1519
-2896
-5865
-7682
-6947
-2854
2210
8075
13962
17468
16244
12586
8099
1728
-4913
-9305
-10300
-10042
-9580
-9343
-8737
-7695
-7149
-4859
-865
3203
6123
8638
9558
8138
5159
1151
-2824
-7180
-10921
-12657
-12791
-11729
-8592
-1589
6392
13143
19807
23149
22040
15583
6288
-1568
-7247
-11481
-13632
-11436
-7828
-5214
-3581
-2120
-2573
-5165
-5789
-4564
-169
4826
10258
15687
17811
15643
10950
6043
-507
-7020
-11435
-11268
-10492
-9959
-8576
-7974
-6361
-5298
-3487
430
4499
6932
9019
9255
6682
3261
-853
-4740
-8324
-11167
-12550
-11691
-10484
-8287
-2643
5674
11865
18206
23317
23175
19380
9988
1027
-5813
-11051
-14835
-14798
-11357
-8551
-6124
-3989
-2054
-3311
-3572
-1780
1178
6518
10388
14977
17598
15927
10684
5177
-954
-8319
-13022
-14574
-12261
-10914
-9199
-6782
-5141
-3250
-1372
1702
5231
7540
8234
8530
5862
1377
-2284
-5851
-8585
-10641
-11576
-10745
-9051
-7570
-3936
4327
10569
16340
22777
24159
22037
13764
3213
-4710
-11107
-15888
-17302
-14105
-10142
-6780
-4117
-844
-552
-1436
51
2138
6693
10597
14538
17680
16660
11243
4636
-1708
-9195
-14642
-16899
-15095
-11975
-9337
-5670
-2671
-67
2014
4241
6421
7604
7519
6416
3826
-516
-4072
-6972
-8770
-10087
-10810
-9576
-8171
-6642
-4334
2765
10355
14864
22869
24461
22615
15152
3008
-5437
-12623
-17185
-19362
-15410
-10616
-6021
-2657
368
2036
-71
1814
3228
7274
11506
14696
17796
15949
9762
1061
-5574
-13330
-18470
-19505
-15760
-10339
-6258
-1678
991
3173
4234
5133
6292
6764
6326
5180
2654
-1793
-5384
-7779
-9192
-9766
-9518
-7744
-6038
-4843
-3990
1233
9152
13180
21031
25239
23765
17872
5083
-5102
-13018
-18578
-21494
-18160
-11922
-6301
-1591
1921
4474
2531
2721
4101
6319
10436
13184
15944
14351
8353
-692
-8089
-15310
-20414
-20747
-16194
-8797
-3388
2371
4874
6114
5789
4571
4568
4653
4377
3653
1794
-2370
-5413
-7481
-8808
-8534
-7991
-6187
-4446
-3658
-3598
36
8121
12186
19636
25374
23565
18251
5067
-6218
-14401
-19898
-22520
-18919
-11168
-4982
273
3628
6164
4044
3442
4852
6394
10327
12453
14269
12025
5542
-3681
-11379
-17275
-21378
-19722
-13698
-4480
1341
6651
8788
7762
7347
5144
4479
4260
2954
1251
-386
-4650
-7572
-8331
-8690
-7068
-5243
-3435
-1444
-1484
-2809
-2395
4270
9951
15438
24488
24497
20169
8350
-5844
-15185
-21902
-24239
-21536
-12306
-3905
2353
6094
7845
6417
3156
4186
5076
8296
11296
12468
11177
4560
-4673
-14005
-18961
-21797
-19463
-12020
-1522
5932
9920
12107
8807
6592
3844
1568
2055
1637
533
-441
-3716
-7734
-8289
-8277
-6626
-3784
-1719
469
57
-1930
-3532
1744
8493
12855
23667
24974
20814
9705
-6249
-16084
-23217
-25147
-22115
-11950
-2214
4435
8030
9049
7392
2865
3407
4494
6838
10324
11135
9769
2879
-6433
-15650
-19713
-21066
-18109
-9228
620
8564
11574
12427
9485
6151
3116
932
1118
546
-134
-2100
-5215
-8551
-9182
-7542
-4961
-1591
606
1971
843
-2196
-4980
-1517
7075
11041
21974
25629
20877
11773
-5498
-16479
-23375
-24981
-21422
-11428
-593
6171
9502
9345
7353
2210
1732
3794
5793
9856
10577
9032
2350
-7118
-16119
-20547
-20036
-16215
-6841
3238
10645
13178
12710
9078
4611
2002
-285
380
349
-394
-2131
-5510
-9030
-9826
-7329
-4102
-69
2843
3512
2219
-1923
-5774
-6051
2061
8953
16391
26276
23107
16008
684
-14418
-22435
-25548
-22259
-14207
-1643
6662
10288
10016
7216
2462
-799
1781
4332
8437
10933
9512
4774
-4713
-14193
-20380
-19908
-15646
-7373
3075
11320
14158
12740
9404
3657
461
-847
-818
625
317
-1538
-4648
-8087
-10264
-8107
-4153
392
4255
5346
4041
-195
-5298
-8782
-6691
3489
10468
19681
27033
20957
11449
-5481
-18927
-24271
-23880
-18033
-7387
4290
9783
10891
7510
3250
-1263
-2023
2376
6196
10352
11342
7837
534
-9870
-17990
-20851
-17250
-10038
-265
9072
14501
13508
9629
4884
-820
-2552
-2227
-1166
496
-179
-3031
-5655
-8686
-8840
-5429
-945
3299
5749
5660
2218
-2253
-7739
-9849
-5416
5064
12047
21605
26386
18382
7811
-9738
-20659
-23414
-21115
-13527
-2382
7200
10512
9213
4641
486
-2743
-1114
4535
8466
11750
10749
5359
-3312
-13438
-19375
-19601
-13340
-4544
5185
12716
14585
11060
6162
1078
-4008
-3922
-1977
-479
1231
-745
-3752
-6029
-8487
-7323
-2872
1856
5153
6843
5114
402
-4531
-9775
-10728
-6392
5356
12801
21333
26230
17270
6844
-9832
-19752
-21328
-18415
-10521
-1167
7355
9291
6349
1948
-1002
-2838
80
6502
10182
12353
9672
3105
-5653
-14448
-18835
-17470
-9894
-1198
7129
12724
12665
8472
4817
-972
-4886
-4191
-3596
-881
-260
-2303
-2788
-4598
-5423
-3506
-234
3316
5588
5409
3388
-1128
-7094
-10739
-12432
-7619
4915
12298
21392
26469
17836
7935
-8132
-17918
-19807
-16661
-9719
-1724
6037
7072
4186
384
-1607
-2316
1358
7437
10899
12004
8777
2025
-6516
-14137
-17591
-15461
-7531
486
7205
11107
9521
5942
1257
-3070
-5190
-3991
-963
1391
918
-75
-2153
-4328
-4713
-4020
-415
3296
5175
4843
2818
-2562
-7611
-11272
-12735
-7275
5342
12505
21097
26621
18020
8252
-7455
-17392
-18246
-15548
-9549
-2058
4723
5570
2902
-163
-1291
-1607
1911
8319
10946
11094
7703
976
-6386
-13278
-16212
-13348
-5582
1506
6738
8845
7735
3889
-556
-3010
-4503
-1933
1411
1763
1592
316
-2356
-3780
-4591
-3610
77
3518
4703
4281
1718
-3489
-7922
-11807
-12608
-8404
2965
12903
18792
26955
20804
10945
-2231
-15191
-16696
-15989
-10925
-5059
1550
4057
2103
-137
-1347
-1277
1461
8110
10802
10678
8550
2404
-3852
-10926
-14617
-12430
-6282
-70
3900
6636
6122
2803
-953
-2442
-2895
-513
2239
2929
2901
1086
-1417
-3819
-5094
-4596
-1553
2060
3647
3293
1524
-2976
-7679
-10656
-12612
-9759
1455
11543
17764
26734
22368
13197
550
-13797
-16704
-16856
-12437
-6975
-151
3692
1974
-182
-1365
-1615
1045
7417
10543
11047
9508
3945
-2514
-9795
-13773
-12399
-7182
-1051
2557
5884
5884
2482
-602
-1825
-1916
-204
2571
3749
3579
1839
-799
-3659
-5184
-4856
-2317
1434
3184
2854
1453
-2414
-6842
-10473
-12930
-10138
-1814
10831
17371
24451
25617
16291
5439
-10709
-16998
-17565
-14876
-9619
-3388
2598
2186
273
-1488
-1272
995
6258
11109
11719
11085
6164
-674
-7617
-13178
-13271
-9686
-3698
681
4444
5063
2940
441
-798
-890
-109
2992
4164
4089
2308
-546
-3643
-5863
-5780
-3678
-103
2218
2775
1705
-846
-5430
-9897
-12226
-11105
-5032
7834
16479
22578
26718
19848
10438
-5522
-16477
-18041
-17074
-12080
-6348
993
2635
432
-1248
-1108
802
5063
11060
12930
12853
8949
1980
-5314
-12546
-14200
-11982
-6113
-808
2732
4691
3602
1340
-510
-693
114
3123
5303
5537
3878
260
-3689
-6550
-7240
-5722
-1884
1600
2770
2272
-34
-4504
-9457
-12051
-11646
-6194
6055
15869
22449
26676
21236
12022
-3439
-16529
-19125
-18537
-13585
-7212
284
3215
1051
-792
-1224
669
5040
11279
14032
13719
10336
2918
-4983
-12906
-15345
-13018
-7258
-1390
2122
4809
4091
1831
-591
-841
261
3205
5765
5779
3533
-178
-4116
-7336
-7702
-6200
-2418
1697
3203
2429
382
-4317
-9070
-11885
-11580
-6883
3226
15388
21749
26212
23030
13765
538
-15184
-19574
-19313
-15097
-8529
-1616
3359
1560
-403
-1366
817
4727
10877
14993
14458
11841
4252
-4025
-12111
-15958
-13899
-8819
-2475
1446
4325
4347
1965
-648
-985
646
3630
6569
6732
4308
536
-4116
-8467
-9145
-7735
-3855
1402
3521
3257
1280
-2862
-7793
-10874
-10788
-7741
67
13642
21675
25205
25254
15813
3610
-12335
-20735
-19891
-16239
-9466
-3343
3302
3058
-504
-1813
292
4185
9572
15319
15818
13494
6419
-2607
-11013
-16496
-14936
-10775
-3779
925
3566
4593
1985
-440
-1568
949
4278
6977
7385
4731
328
-4776
-9242
-10593
-8690
-4690
937
3898
3611
1778
-1652
-6066
-9458
-10167
-8273
-2207
10460
19650
22971
26645
18496
6145
-8141
-20072
-19387
-17065
-10733
-4962
1952
3461
-1019
-2056
-674
3102
8065
14743
16516
14143
7985
-1205
-9681
-16440
-15810
-12127
-5636
265
2245
4133
2252
-324
-990
1568
4642
7246
7912
5430
842
-4947
-9631
-11652
-9429
-5485
200
4382
4548
3312
330
-3325
-7527
-9190
-8557
-5183
3721
14904
19689
24300
24734
11028
-548
-14674
-19825
-17255
-13377
-7135
-2290
3164
-42
-2418
-1438
1315
6211
12543
17334
15747
10893
2301
-7154
-14694
-17015
-13828
-8708
-1836
1178
3238
3332
770
-39
1386
4483
7068
8417
6181
1698
-4251
-9326
-11640
-10412
-6776
-1420
3828
5218
4412
2043
-955
-5601
-8553
-8250
-6940
-132
11707
17499
22092
26091
13894
2407
-10971
-19143
-16856
-13351
-7662
-4081
2295
475
-3236
-2473
-51
5271
11425
16565
16092
11514
3104
-6488
-14344
-17292
-13972
-9353
-2348
1346
2682
3589
1385
-120
789
4281
7155
8639
5800
1126
-4079
-9138
-11785
-10335
-6171
-927
4984
6287
5248
3140
-310
-4561
-8078
-8881
-7867
-3704
6737
16143
18628
26001
19195
6506
-4323
-16779
-15936
-13871
-9166
-6383
-813
982
-4117
-3723
-1297
3843
9511
15442
16738
12715
5621
-4295
-11770
-16568
-14555
-10218
-4445
942
1512
3103
1975
-78
419
3969
7261
8320
6388
2054
-2483
-7585
-10959
-10897
-6652
-1706
3868
6566
5788
3986
652
-3009
-7296
-9024
-8479
-6460
338
11374
16524
21277
24771
12489
2229
-9964
-16108
-13804
-12122
-8281
-5585
292
-2950
-5359
-2279
1542
7482
13380
17435
15065
8878
-234
-8565
-14425
-15364
-11458
-6934
-1191
1128
1885
2386
279
-78
2564
7074
8055
7592
4437
-735
-5320
-9639
-10970
-7592
-2956
1813
6173
5753
4201
1511
-1598
-5160
-8119
-8963
-7470
-4685
4649
14203
16504
25547
19582
7428
-2077
-14084
-13938
-13728
-10251
-8398
-2697
-1125
-5843
-3656
-474
5372
10644
16107
16172
11025
3714
-5440
-11802
-15109
-12119
-8067
-3281
996
1023
1721
427
-360
1497
5574
8680
8282
6911
1766
-3472
-8033
-10316
-8737
-4620
311
4279
5807
3832
1900
-546
-3164
-6468
-7986
-7965
-6587
-3598
7556
13843
18781
26170
14639
7106
-5532
-13810
-13494
-13947
-10066
-8464
-1494
-3673
-5208
-1492
2343
7404
12168
15952
12977
7716
-318
-7606
-11687
-12325
-8592
-5843
-1254
87
-460
337
-1125
269
3419
8777
9694
8849
5475
-1482
-6162
-8938
-9411
-6686
-1811
1820
4965
3904
1291
123
-1535
-3818
-5974
-7037
-7126
-6880
-3057
8362
13434
20820
25439
14213
7252
-7186
-14356
-14871
-14368
-11108
-7493
-1063
-3760
-3056
-152
3066
7212
12273
14862
11027
6089
-1150
-6722
-9627
-10174
-7754
-5651
-1752
-1184
-939
-170
-1081
1377
5644
8845
9180
8012
3916
-1428
-7047
-9339
-8800
-5730
-1457
1653
3461
2104
779
-621
-2233
-3894
-5448
-6619
-6703
-6947
-610
11324
14849
24702
22687
12536
3643
-12347
-15155
-16281
-13340
-10830
-4797
-781
-3930
-1658
536
4505
9134
14142
14035
9806
4424
-2838
-6585
-9446
-9092
-7431
-4887
-1379
-2070
-1173
-995
-240
3549
7842
9820
9970
8017
2115
-4735
-8827
-9327
-7650
-4480
-865
2398
3241
828
-58
-1028
-2041
-2708
-4832
-6139
-6562
-7571
1339
13380
16079
25595
22016
12355
684
-15532
-16585
-16702
-13461
-10910
-3960
-524
-3876
-1502
727
5711
11153
15186
13880
9463
3292
-3443
-6339
-10350
-9629
-7396
-4459
-1783
-3474
-1659
-257
481
4349
8326
9428
9526
6356
-44
-4679
-7996
-7852
-6520
-3565
-216
1303
1438
-423
-822
-1617
-1641
-2327
-4896
-5738
-6661
-6968
3753
14076
16804
26009
20981
10616
-3130
-17471
-17369
-17333
-12837
-10245
-2492
-105
-3549
-709
2109
8164
12696
15447
13541
8447
1686
-4138
-7540
-10407
-7985
-6255
-3739
-2414
-4373
-1796
-1512
718
5302
9587
11072
9161
5969
-1520
-5445
-7101
-7070
-5410
-2115
-738
240
-278
-2285
-1870
-1478
-554
-1707
-3044
-5101
-6971
-6722
4059
13610
16777
26647
19668
9215
-5550
-19088
-17933
-17404
-12237
-9212
325
877
-2685
323
2966
8635
11926
14556
11904
6977
1206
-3909
-7009
-8725
-6641
-5651
-3638
-4618
-6088
-2607
-1655
1818
7078
10334
10627
8771
3559
-1370
-4207
-5504
-4724
-4165
-2132
-2359
-2107
-3285
-3574
-2083
-705
544
-195
-3081
-5404
-7335
-6748
7090
13767
18364
27042
17001
7027
-9970
-20214
-18178
-15301
-10295
-6890
2943
-324
-2581
-203
3374
8556
11796
14542
11086
7128
936
-3395
-6034
-7565
-5617
-6215
-5543
-7467
-7497
-2943
-909
3938
9315
11868
10727
7792
2096
-1661
-2803
-4029
-3505
-3029
-3679
-5047
-4858
-5851
-4425
-1042
1130
2527
1109
-3154
-6579
-7664
-5904
8018
15289
20277
26774
14397
3774
-13543
-21606
-17474
-13687
-8231
-4137
3803
-1443
-3740
-1294
3421
8832
13170
15638
11625
7729
359
-3965
-6168
-7698
-5508
-7251
-7000
-8448
-7403
-2689
272
5941
10164
12488
9947
5961
2021
-805
-2594
-2889
-3509
-4331
-5927
-7632
-7320
-6384
-3331
728
2974
3512
389
-4451
-6892
-8346
-2478
11538
16316
22938
24583
9485
-1612
-18322
-20787
-15109
-10364
-6232
-1574
3231
-4268
-4933
-813
4793
10470
15231
15341
11264
6018
-1618
-4340
-6322
-6585
-5194
-7439
-7845
-9930
-7054
-1877
1409
8107
12326
13037
9807
5633
1658
-194
-1909
-3389
-3785
-5918
-8501
-9175
-8110
-5683
-953
2409
4308
4328
-782
-5091
-7099
-8331
-1476
12938
16371
22520
23396
7827
-2752
-18763
-19880
-12851
-7307
-5293
-1350
2586
-6772
-6323
-1869
4296
11612
15882
16299
11963
5974
-1412
-4109
-6299
-5957
-5981
-8679
-8621
-11133
-7022
-1165
2548
9380
13260
12906
8716
4893
2155
40
-1957
-3247
-4330
-7048
-9473
-10314
-8331
-5110
-773
2719
4681
4475
-865
-5038
-7140
-7213
-2158
13202
15322
20958
23279
6208
-2513
-17792
-17726
-10267
-5156
-5163
-2189
407
-9611
-8294
-3375
5036
12494
17289
17240
11708
6199
-1969
-4285
-5502
-6118
-6105
-8336
-8680
-11023
-6732
-902
2999
9178
12489
10835
7337
5367
2305
1315
-936
-2881
-4848
-8528
-11236
-11923
-9096
-5277
185
3711
5311
4657
-1082
-4818
-6765
-7549
-1107
13012
15055
20395
22811
6569
-1814
-15361
-16004
-7969
-5518
-6942
-4431
-2842
-11970
-9469
-1754
7171
14932
19346
16977
11660
5962
-2321
-3800
-4810
-5065
-4903
-7672
-9198
-11974
-7201
-1716
1841
8589
11038
10816
8785
7187
4300
1552
-887
-3063
-6561
-10392
-12423
-12574
-8610
-4041
903
4858
5935
4030
-1225
-5496
-7368
-6941
201
13783
14802
21070
22154
6002
-1930
-15661
-14086
-7626
-6620
-8180
-5472
-5053
-13925
-8465
232
9501
16681
19323
16289
11375
4923
-2631
-2602
-3355
-3179
-4594
-8737
-11638
-13925
-7726
-2870
1513
8339
11553
10510
9177
8299
4642
3718
-222
-4433
-6886
-11602
-13815
-11894
-7555
-2626
1767
4013
4385
2928
-1989
-4718
-5220
-4494
-1193
9406
15366
15311
23403
10321
814
-9317
-16787
-9163
-7962
-8338
-9372
-4977
-11658
-9515
-363
7463
16963
19039
18118
12568
6723
-270
-2443
-1993
-3171
-5102
-9935
-13012
-15064
-10903
-3735
1229
7668
12013
11394
9652
8724
4641
2871
664
-4075
-6584
-9904
-12689
-11828
-6688
-3925
103
3249
2531
3207
-256
-3459
-3634
-3544
-2266
5442
14325
13151
21348
15456
2405
-4897
-16275
-10898
-8253
-8707
-10785
-6799
-8824
-10587
-677
7530
16866
19364
17969
13096
7132
974
-2475
-1882
-2865
-5572
-10827
-14156
-15358
-12159
-3578
1184
7156
11690
10680
9325
7661
5050
4172
1816
-3366
-5692
-9098
-11555
-11003
-7175
-4263
-996
1138
1759
2858
650
-1727
-2661
-2960
-2097
-1842
9050
13816
15048
22546
8918
809
-10628
-15250
-9517
-8321
-10160
-10321
-4021
-9179
-3980
4805
13164
18807
17038
13505
7245
3754
-1606
-2111
-789
-4639
-8963
-13007
-14378
-13244
-5215
980
5150
9675
8943
7567
5357
4870
4403
3163
-237
-3840
-6349
-8236
-9243
-7356
-3967
-2406
-273
140
710
-218
-1857
-2483
-2668
-2210
-3336
1389
13787
13508
20375
19103
3630
-2384
-14256
-12947
-8493
-8613
-11367
-4799
-4552
-8504
866
8363
15474
15064
12415
7991
5636
1555
-2202
699
-2037
-6823
-10409
-13155
-12347
-7534
-503
3696
6350
6643
4622
3324
3228
4043
4184
2956
-740
-3060
-4916
-7402
-7075
-5163
-3284
-1996
-1106
-1489
-2169
-1642
-2443
-3115
-2889
-3319
-2555
10164
15462
15970
24350
9846
1059
-8330
-15907
-9547
-6571
-9437
-8567
-1704
-9508
-4684
4919
10706
13906
11899
9411
5930
4534
-363
1436
2219
-3100
-7011
-10456
-11145
-9495
-3198
2075
2109
3013
1783
574
1855
3639
5691
6169
3969
-294
-1921
-5694
-6580
-4927
-3643
-2406
-2594
-4010
-5128
-3701
-3209
-2862
-2245
-2662
-2392
2444
14085
15596
19548
22090
5962
-1321
-13892
-15560
-6938
-5914
-9165
-3352
-3511
-11547
-1594
4216
9514
12404
10129
7096
6790
3848
1298
4760
1746
-2943
-6591
-9701
-11059
-8001
-237
-629
-554
1114
-1813
-87
1442
4960
6943
7106
2914
353
-1006
-4773
-3889
-3033
-2002
-3492
-5942
-7767
-6835
-4273
-3485
-2630
-1902
-1526
-416
8661
18627
15027
21946
14341
529
-6283
-15920
-9013
-2174
-4782
-7806
-2189
-10639
-9997
-810
3789
11019
10331
7716
7264
7116
3623
5368
5840
960
-3109
-7560
-10539
-9461
-3783
-1898
-3100
-1721
-3445
-3214
-770
2833
6459
8391
6492
2231
2567
-1244
-2719
-1508
-2277
-4203
-6978
-9804
-9494
-5527
-3835
-2491
-976
-1855
-697
2187
13294
15233
13642
21818
6671
-411
-9193
-11354
-1103
123
-7271
-7040
-4055
-15739
-8242
-944
6503
10942
7494
6654
6655
6661
4188
6953
5798
1148
-2577
-7972
-8556
-6469
-2825
-2772
-4505
-4522
-5938
-3328
-897
4342
8013
7601
3871
2801
2226
-1130
57
-769
-2256
-4755
-8801
-9810
-6452
-3685
-2456
-1717
-2259
-2845
-1759
4703
14264
10399
18462
15490
2777
-507
-8518
-1431
3496
-1553
-9220
-4089
-12669
-15228
-4024
1886
8460
5960
4170
3410
6522
4781
6530
10584
6530
2028
-4008
-6581
-6461
-3688
-1817
-5441
-5704
-6999
-7050
-4832
-649
5024
5692
4266
2930
4056
1444
1627
2497
967
-1091
-6378
-8351
-6461
-4371
-3928
-3471
-3913
-5912
-5518
-1511
9228
9806
13565
20756
7696
3901
-3053
-1149
6091
2516
-6727
-5764
-7532
-18764
-8796
-1600
2953
3617
394
404
4997
5961
6619
13000
10816
5164
-338
-4560
-4528
-2272
522
-3770
-6815
-7703
-10915
-9472
-6213
54
3777
3788
2624
3790
4394
3999
5650
5003
2847
-2724
-6458
-5949
-5732
-5409
-6343
-6915
-8502
-8745
-5858
5570
10491
10169
21451
12167
6669
2035
-9
7718
6719
-3468
-7309
-4684
-18280
-12289
-3915
-1239
1211
-2016
-1997
3187
6913
6600
12963
13416
6766
1621
-1506
-1742
616
2351
-1653
-6545
-9016
-13076
-13539
-8920
-3540
1945
3185
2243
3033
5548
5809
6388
8106
5702
525
-3342
-5357
-6291
-6414
-8298
-10039
-9587
-10589
-9216
848
10554
8135
17352
17656
7062
7101
940
6295
9531
1395
-6874
-4241
-13156
-16784
-5779
-4204
-1145
-2213
-3503
637
5540
6274
9494
13996
9028
3510
2080
763
2995
3820
614
-5745
-9610
-12968
-15660
-10505
-5634
-479
2736
1040
1485
4996
6706
7104
9437
8635
4104
-682
-4743
-6269
-6977
-9030
-11220
-11169
-10601
-9899
-3756
9162
9297
11667
19583
8581
7918
3680
3924
10062
5827
-4257
-6199
-7109
-16491
-8086
-3994
-2235
-2078
-4265
-2464
1811
5544
6631
11997
11206
4910
3404
2564
3124
4426
2266
-3553
-9018
-11800
-14718
-11108
-5856
-2513
785
-146
-343
2652
5217
6768
8522
9493
6394
1207
-3179
-5722
-6584
-8311
-10786
-11222
-9642
-8087
-5699
2890
10652
7256
14463
12680
5741
6773
3260
7905
8486
1424
-6704
-3887
-9800
-11238
-3125
-2140
-2148
-4648
-4886
-3277
3562
5178
7676
12301
7319
3960
3611
3271
4572
3960
-273
-6870
-9558
-11613
-11101
-6053
-3583
-1564
-1418
-2715
-648
2848
5482
7436
9285
7614
2891
-1684
-4559
-5416
-6492
-8305
-8828
-8130
-6484
-6388
-4347
3314
8893
4456
12884
10815
5682
8337
3080
7200
6746
771
-5833
-512
-7573
-8401
-719
-3673
-3972
-6058
-5957
-1474
5234
4455
7986
10158
4955
2690
2933
4121
5004
3900
-1641
-6855
-6790
-9300
-7863
-4907
-4189
-2761
-4559
-3980
-1135
3145
5350
8012
7033
4666
625
-2628
-2478
-3306
-4291
-5662
-5711
-5781
-6996
-7368
-5066
630
6427
2563
11912
9930
6397
7559
2090
7294
6753
1944
-2010
2320
-6240
-5207
-1656
-5628
-4767
-6943
-4871
-162
4698
3525
6094
6318
2379
2690
4030
5571
5847
3873
-1643
-5380
-6273
-8334
-6804
-5176
-4229
-4813
-5056
-5004
-1061
4222
5274
6531
5242
2773
362
-963
-1523
-940
-2189
-3212
-3872
-6653
-9333
-9437
-7333
-3321
5096
3176
9201
13840
6650
6414
2672
6060
8792
7854
1418
993
-1565
-8630
-4933
-5063
-4726
-5435
-3344
-990
2245
1871
617
4547
4926
4279
4579
5933
5916
3104
-992
-4227
-5852
-5990
-7275
-5610
-4287
-5143
-6038
-4978
-80
2687
4316
4879
4421
3408
1692
-920
693
2009
67
-1658
-4221
-9229
-10575
-9736
-9117
-5658
1911
6470
4927
14151
7887
5555
5195
4667
11446
10487
4724
-924
2148
-9859
-8137
-3624
-4030
-2841
-3584
-2139
-1358
430
-2995
3896
7543
4840
4209
4564
3415
1043
339
-2462
-3526
-3658
-5836
-6009
-5141
-5364
-5162
-2385
-945
1126
3948
2999
3719
3442
1267
409
2261
2235
1243
-1943
-6960
-8880
-9511
-8939
-8344
-4720
-1901
6984
4994
5273
13064
5961
8539
6088
8374
11154
8151
318
-2343
-2383
-10523
-3194
-2072
-884
-1714
-3244
-4333
-3267
-471
-1109
6033
6083
2982
769
30
184
1474
1629
-1536
-1809
-4167
-6319
-6393
-4419
-2716
-1309
-302
-498
1735
2277
2140
2301
1652
2004
1190
1124
-93
-2355
-6134
-7542
-5795
-6848
-5157
-4403
-2307
-2007
3143
2778
6266
14612
8339
10271
6516
6410
6971
4339
-1597
-1563
1224
-7222
-552
378
-337
-3002
-6529
-5660
-2334
-382
-1332
5541
3066
-701
-1573
-300
2977
3405
2273
-1494
-2492
-4675
-5863
-3630
-1284
626
300
-703
-1396
-105
406
228
1779
2063
387
-908
-1759
-1631
-3636
-3536
-2435
-3188
-3859
-4418
-6035
-6557
-4300
2556
5617
7413
14903
9489
8140
2653
1706
6989
6494
3969
1980
3471
-4477
-1208
-1098
-3886
-5399
-6547
-4759
-3660
-866
-2532
2641
2186
-1497
-531
1200
3267
2944
1718
-1429
-2032
-2844
-3143
-1238
616
1857
-813
-1889
-2777
-2630
-415
1674
1377
524
-1004
-3846
-1429
-751
598
1175
-823
-2287
-5499
-8430
-7359
-3741
-3677
2211
6841
4907
13090
9301
3878
5052
3359
8936
11400
6992
1364
4304
-2913
-8290
-3149
-4540
-3986
-5261
-6100
-4669
-886
-2943
-1831
3044
118
161
49
1389
2250
2490
493
-1717
-332
-2130
-825
236
391
-155
-2503
-3353
-2010
-259
-698
-327
-962
-1149
-2107
-790
1520
2924
1558
-2564
-5127
-6825
-5694
-5076
-5276
-2933
-1150
5466
5985
6104
13843
8984
8215
6749
6200
9402
8550
3518
-1128
-358
-9235
-5829
-1598
-3194
-3078
-5351
-5054
-4679
-1890
-3800
1773
3253
-1525
-2008
-934
1727
1903
2805
605
975
115
-1871
-301
770
1065
-2140
-2493
-2793
-3193
-2157
-1490
-908
112
974
-1483
1370
1212
-1718
-3238
-4159
-3974
-4903
-4787
-3566
-732
-1860
-412
6677
7355
10902
13236
7369
6392
2882
4778
8855
6413
-174
-2254
-2561
-8023
-1914
-986
-1749
-3299
-6302
-6206
-3825
-1898
-3625
1312
-1091
-2833
-1706
-307
1983
4177
4684
127
613
-247
-408
496
118
-311
-1799
-3240
-4187
-1730
-158
1244
907
8
-1356
-2187
-1823
-1986
-697
-1480
-3537
-2983
-679
-1788
-1890
-1879
-1434
2053
7325
6654
11024
11474
4194
5760
2955
5001
6641
4646
2
-183
-1414
-6837
114
-722
-3264
-4963
-7160
-6928
-4713
-3287
-3199
1236
-721
-1862
-805
788
2197
2977
3029
715
837
-1041
-1068
-5
70
185
-1411
-1719
-723
942
323
-904
-1617
-1870
-1668
-2427
-810
-608
-835
-470
-681
-1339
-1491
-2093
-2654
-1784
-1378
498
5770
6615
6225
11593
5747
3149
3281
2769
7312
7145
2252
-846
-87
-7782
-5810
-1472
-3129
-3580
-6669
-6481
-4713
-287
-3300
-1160
1556
-3165
-3242
-2957
446
3149
4207
17
-96
609
-1518
377
2279
3745
2332
610
-2172
-1131
-661
-1718
-1472
-786
-764
-2876
-2485
91
1074
17
-855
-2237
-1780
-1592
-1043
1232
-915
-2282
138
5889
5364
8014
9048
4288
5078
1507
4711
6377
3282
-823
-1824
-2407
-6114
-1058
-702
-608
-2281
-5440
-5565
-4125
-3017
-4895
-2575
-3229
-3957
-2238
-1747
254
3148
3024
921
1946
2531
2904
4065
4264
2866
1206
-242
-2026
-216
-375
-2133
-2449
-2480
-1710
-1567
-794
-1124
-188
-472
-911
144
-171
-961
-1461
-920
-1507
-2052
569
6386
5416
6592
7179
3033
2309
1320
4457
5860
5194
774
-263
-320
-4467
712
132
-2095
-5308
-7889
-8076
-6545
-3882
-5344
-2398
-4709
-5250
-3529
-1515
2141
4892
6706
3752
3080
2171
4259
6189
4176
3044
887
-1343
-3718
-2489
-846
-1278
-1910
-2495
-2546
-2918
-1966
641
1242
-901
-1732
-1431
-288
106
-1211
-1241
-1726
-3508
-2271
3642
3528
5136
8166
4000
4227
3647
4536
7958
7863
3088
-198
-137
-4971
-1874
-113
-3518
-5951
-8785
-9008
-8854
-5110
-5613
-4478
-4179
-5176
-1417
1506
4019
6418
8437
5456
3751
4491
5191
5746
3782
1401
-550
-2141
-2281
-468
-708
-2396
-3314
-3627
-2457
-2401
-1521
544
603
-452
-882
-1335
-1270
-813
-1747
-3001
-5250
-5084
-3510
2363
6747
5995
9051
6816
4382
4454
6582
8770
8595
4898
-1731
-1803
-4346
-4681
-1060
-3462
-7034
-11033
-11052
-8882
-5504
-4948
-4527
-1939
-2649
-399
2944
6595
7767
7609
5987
3212
3252
3736
4808
4215
2318
-524
-2390
-1981
-1726
-522
-301
-2651
-2894
-1625
-1625
-777
169
-1192
-2189
-3155
-3871
-3035
-2166
-2601
-3152
-3606
-3931
-1988
-323
5777
8608
7920
9921
7855
6799
5299
5613
5799
5861
1694
-3195
-1982
-5983
-6796
-4349
-6990
-8708
-9036
-8654
-6135
-1585
-2043
-1994
850
-45
1289
3761
3989
5804
7173
4432
2733
4074
2645
2240
2623
22
1593
1543
488
1439
394
-1588
-2147
-3498
-4883
-2903
-3593
-4109
-3341
-3622
-4679
-5002
-4192
-2009
78
-1855
-1086
703
1565
1939
5324
7914
7273
9554
7569
5831
3904
3479
3618
1756
-1351
-5638
-4853
-5473
-5656
-2526
-3302
-4590
-5760
-5507
-3939
-2434
-1563
-1602
266
-132
583
1825
2838
4778
3235
2907
2498
4278
6076
5451
5271
4178
3127
166
-972
-843
-1199
-2882
-5830
-5824
-5075
-5241
-5477
-4749
-3405
-2574
-3090
-2635
-370
1535
1301
420
212
19
454
1017
3116
8136
6373
4800
4983
3062
1465
262
2379
4109
3593
-1197
-3242
-2063
-3788
-1937
-685
-2127
-4102
-5573
-5668
-4194
-2306
-4027
-1767
-902
-1217
812
2212
6229
8056
7513
4307
4556
4974
4336
4108
2395
1463
-1588
-2974
-3267
-2809
-3684
-5146
-4822
-4020
-3944
-4260
-2776
-1667
-699
-1426
-2175
-873
578
809
536
-412
-563
-954
-1875
-1568
3504
7136
4164
5188
4729
4268
3041
2959
4631
6199
3800
-2228
-1328
-2286
-3943
-2718
-3294
-5648
-6921
-6291
-5526
-2100
-1468
-1656
1649
2613
1369
2397
3870
4152
5122
4428
1480
1369
1698
1228
1771
939
-357
-685
-1452
-2252
-2708
-2696
-3302
-3016
-2379
-2865
-3987
-3478
-2741
-2236
-1572
-1209
-838
-417
-713
-1033
-696
-1145
-1402
-415
483
3184
6503
6117
7710
8305
5666
3303
2827
3158
3851
1792
-2593
-3681
-3338
-4483
-2376
-2006
-3412
-2228
-2934
-3344
-1311
-443
-1398
-574
-871
-1449
439
929
1987
3521
2636
1764
1878
2040
2063
2013
1176
418
901
57
-658
-1601
-3211
-4474
-4295
-3317
-2539
-2282
-1979
-2394
-3647
-2859
-1928
-1218
-321
390
136
-472
321
1217
2922
3223
3003
6756
6038
4775
5907
4439
2376
1609
2392
2041
1545
-1371
-1056
1069
-1432
-2089
-82
-1118
-3929
-4461
-4378
-2446
-1070
-2383
-1930
-1328
-1913
-1212
142
1470
2368
2773
1919
1669
2408
2131
1682
1930
1252
-286
-1082
-662
-609
-1299
-3509
-4918
-5132
-4446
-3761
-3028
-1806
-1692
-823
-325
-329
482
2189
3053
2627
1658
-154
336
1135
-37
1056
3574
1798
2912
4594
3482
3422
2666
2342
4830
3617
-1020
-1097
-908
-2068
-1030
-1188
-2656
-3226
-4369
-4633
-3396
-2350
-2726
-1601
-1317
-2414
-428
906
2201
2533
2018
1401
1371
1755
1654
2092
1008
-954
-2411
-2689
-2260
-1626
-1028
-1620
-2200
-2416
-1128
475
1956
2522
1370
987
262
65
770
632
-179
-1574
-2998
-4033
-2766
-816
1437
3738
4030
2510
3923
5367
4456
3677
2406
2189
2116
841
-193
-97
-250
-1458
-1723
-469
-975
-2617
-2479
-1829
-1202
-2154
-3417
-3239
-1441
-1275
-1608
-869
-878
-426
-773
-1522
-2379
-850
1052
932
2051
1486
626
1575
2856
3390
3388
1916
361
1092
816
18
-1070
-1781
-2114
-1871
-2226
-3073
-1369
97
1586
1320
149
-900
-1221
-1676
-3311
-2328
449
2290
2103
3299
2871
1783
1295
1627
4279
6138
3681
1331
1341
848
16
778
341
-589
-2343
-5095
-5274
-3107
-3911
-5704
-6081
-6927
-6151
-3525
-1887
77
1780
1187
1156
2373
2989
4644
5797
5056
4066
2469
2219
2605
1901
987
-1266
-1940
-1399
-327
941
1878
2031
1194
83
-1607
-2776
-3884
-3624
-3265
-3406
-4181
-4999
-4200
-2879
-1207
-589
2817
4198
4956
6051
5059
4299
4568
4530
4528
5992
3965
2699
1899
-246
-1125
-1017
-2335
-5271
-6696
-6695
-5866
-6043
-6962
-5805
-3781
-2631
-2042
233
1292
1305
2507
3203
3507
3359
2896
3408
3526
2340
2007
2656
3975
4789
4657
2292
413
-43
-745
-1934
-3034
-3015
-2876
-2872
-3824
-4554
-3894
-3232
-3732
-3321
-2982
-2977
-3322
-3348
-3452
-1788
376
3363
4746
5933
7462
6422
5716
5725
6293
6062
4491
1835
234
-719
-2973
-2922
-1995
-3632
-5732
-5934
-5603
-3388
-2410
-4119
-3422
-1869
-1322
-1074
-320
429
1450
1825
1770
3265
4460
6079
5752
4514
3599
2118
1311
743
1108
1788
1789
-175
-211
431
-973
-1313
-2389
-3040
-3320
-4669
-5900
-5473
-4685
-5636
-5712
-4424
-2337
-1408
-1517
-816
1194
2642
4182
5829
6473
6522
5647
3628
2228
2760
3268
4697
3074
837
-262
-1150
-2125
-724
-116
-1982
-2631
-4384
-4387
-3602
-3948
-3352
-1395
-94
-274
640
-358
95
637
162
-45
493
1788
3065
4502
4553
4937
4248
3586
3494
2672
2170
534
-1410
-2715
-3569
-4190
-4511
-4710
-4063
-4059
-4939
-4738
-3507
-2279
-2061
-2724
-2641
-1638
-1551
-1186
-659
184
1391
3975
3764
5177
6483
5050
4162
4126
4156
4219
5029
2754
1868
735
-1252
-654
934
966
-766
-1754
-4415
-4816
-4412
-5746
-5197
-4236
-3769
-3074
-1595
-941
420
1660
2021
3461
3512
3549
3810
3121
2378
2481
2276
2234
2158
1491
823
-1299
-2165
-1516
-1131
-1891
-3338
-4230
-4417
-4260
-4691
-4013
-3585
-3414
-2428
-2170
-2124
-1826
-1914
-1662
-670
254
1520
4195
5138
6240
6966
6155
5337
5814
6841
7591
7143
4180
1416
-58
-1634
-1714
-1042
-1771
-3542
-4473
-4212
-4746
-4358
-3991
-3265
-2241
-3200
-3991
-2699
-1969
-1408
455
1211
1514
2195
2555
2987
3735
3671
3723
3738
3048
2607
2345
1834
155
-1137
-1759
-2608
-2570
-3013
-3794
-4193
-5091
-5631
-5897
-5237
-4052
-2962
-2530
-1867
-941
-606
961
2023
3028
3722
5795
6519
6176
6301
5401
5132
4350
3975
4559
5170
4143
3347
2481
605
-333
-340
-1350
-3602
-5184
-7026
-7513
-6620
-5630
-4929
-4979
-5265
-4603
-3547
-2471
-225
1612
2379
2768
2758
3500
4049
4522
5607
5272
4380
3574
2398
1305
-107
-2814
-4002
-3610
-3650
-3734
-4287
-4835
-4032
-3201
-2884
-2606
-2180
-1607
-783
-696
-1196
-1323
-1738
-1509
-137
823
845
2636
6179
7571
7934
7650
7795
7021
5727
4277
4548
3913
1427
335
-1090
-1844
-2766
-3426
-3930
-5318
-6199
-6466
-5627
-4486
-3735
-4287
-3462
-2006
-1508
-207
989
2160
3061
2861
2587
2456
2088
1619
2143
2999
2508
1767
1208
687
402
-80
-652
-706
-659
-1419
-2207
-2867
-3233
-3637
-3718
-3461
-3267
-2944
-2875
-1588
121
465
257
595
1371
1467
1322
1515
3497
5221
4738
5147
5713
5532
3690
2766
3116
3922
2552
91
-558
-1024
-2425
-3449
-2765
-2605
-3813
-3991
-3915
-3282
-3613
-4319
-3595
-2204
-1829
-1992
-1483
-608
246
926
1088
1790
2165
1535
1160
2066
3137
3061
2405
1882
1223
259
-647
-439
420
34
-1451
-1917
-1779
-1851
-1840
-1512
-1573
-1857
-3122
-3091
-2477
-1635
-762
-160
1039
1457
761
1107
2479
3623
4398
4097
4788
5375
4214
2567
2435
2466
2554
1716
468
273
-262
-1296
-1316
-1224
-1476
-2341
-3101
-3566
-3382
-3733
-4072
-3689
-3118
-3186
-3930
-3531
-2327
-1085
-192
689
1981
2428
2266
2794
3396
3489
3338
3417
3781
3221
1627
-293
-1494
-1760
-1643
-1493
-2387
-2010
-1031
-1053
-422
-428
-919
-711
-1167
-2351
-1646
-1283
-1214
-656
-903
-1361
-1228
-1385
-281
2458
3392
4363
5402
5238
3897
3590
3773
4137
4448
3252
1968
493
-1185
-2276
-2308
-3188
-4299
-4118
-4655
-4646
-4196
-3873
-3844
-3369
-2833
-1885
-1827
-1853
-427
735
1296
1268
215
490
1117
1445
2922
3450
3548
4769
4691
3835
3466
2132
1704
2040
791
-646
-1373
-2221
-2651
-2727
-3618
-4516
-4668
-4998
-4518
-2872
-1846
-1451
-474
-191
62
671
711
1093
3463
4374
4419
4600
4233
3461
2424
1687
1817
3512
3326
2512
1686
251
-903
-994
-433
-1226
-2431
-3887
-4639
-5270
-5970
-6363
-6418
-5178
-4341
-3213
-2304
-1190
1551
3521
4412
5311
5568
5768
6073
5874
5415
5369
4865
3829
2443
668
-733
-1568
-3069
-3160
-2568
-3001
-2980
-2279
-1974
-2193
-2716
-2893
-2683
-2311
-2635
-2096
-2261
-2899
-2333
-1999
-1207
-544
5
1431
3204
4181
4879
5399
5044
4821
4403
3786
3564
3044
2130
-16
-2166
-3792
-4674
-4814
-4899
-5241
-5013
-4607
-4501
-3581
-2471
-1930
-780
807
1594
1789
2258
2789
3798
4128
2815
2227
2621
2200
1748
2109
1987
1994
1863
1280
959
742
-177
-556
-489
-1313
-1867
-2489
-3031
-3027
-3556
-3981
-3837
-3152
-2147
-2012
-2533
-2335
-1379
-704
-170
958
1742
1898
1524
2155
2754
2826
2987
2409
1787
97
-488
82
1646
1603
738
347
345
628
81
470
452
365
544
172
-15
-821
-1077
-1442
-1471
-1666
-1276
-766
-40
322
203
572
403
982
1900
2202
2137
2123
1815
1307
980
905
393
-488
-1628
-2149
-1255
-1374
-1464
-1047
-940
-1119
-217
413
530
208
-947
-1211
-1863
-2644
-3056
-3217
-3437
-3926
-4297
-3820
-2787
-1212
985
2527
4003
4576
4859
5088
4982
5106
5467
5434
4366
3519
2426
889
-24
-126
81
-988
-1622
-1598
-1446
-1447
-1880
-2510
-2458
-1841
-1924
-1780
-1842
-2219
-2465
-2749
-3003
-2563
-1860
-1541
-850
216
1047
1670
2715
3543
4179
4646
4197
3600
2842
1394
-249
-910
-1936
-3124
-4017
-4713
-5377
-6049
-6375
-5838
-4139
-2489
-1636
-1354
-779
-331
288
1473
1896
2311
3643
3971
3951
4018
4154
3979
3704
3179
3013
4197
4530
4633
4542
3983
3133
2653
1824
477
-479
-1770
-2935
-4285
-6077
-7579
-7888
-7438
-6738
-5560
-4700
-3292
-1355
577
2222
3418
3930
4149
4301
3862
3715
3292
2118
1449
587
-897
-1978
-2707
-2627
-1799
-1167
-1167
-893
-702
-519
-575
-489
-425
-478
-550
-803
-997
-1523
-2700
-3010
-2562
-2440
-2137
-956
525
1229
2562
3499
5166
6491
6714
6407
5966
4930
3695
3128
1833
1068
-43
-1635
-2365
-2466
-2772
-3102
-2719
-2328
-1463
-1303
-1554
-1538
-1600
-1433
-1736
-1741
-2091
-2027
-1685
-1885
-2131
-2540
-1901
-682
280
633
1043
1134
1772
2816
2962
2662
2399
2571
2408
2350
1361
253
-98
-768
-1298
-1408
-1557
-1202
-1248
-1855
-1447
-1080
-1305
-972
-656
-660
-1097
-1851
-1839
-1298
-1309
-1210
-874
-242
1143
2526
3193
3352
3532
3547
3990
4613
4731
4468
3639
2596
1674
399
-1057
-1862
-2723
-3538
-3996
-4181
-4422
-4034
-3393
-3028
-2815
-2954
-2399
-1726
-946
157
957
726
508
696
585
846
943
872
1552
2364
2952
3380
3585
3287
3099
2977
2502
2206
1578
895
-56
-1610
-2931
-4085
-5280
-5775
-6148
-5819
-4988
-4778
-3938
-2425
-1522
-916
185
1051
2296
3664
4065
4421
5013
4674
3531
3124
2109
1509
1653
1297
1322
1356
1040
681
851
431
2
-122
-398
-291
-748
-1613
-2242
-2456
-3100
-3663
-3949
-3695
-2681
-1966
-1324
-672
177
797
1540
2332
3258
3950
3960
3519
3194
2942
2124
1402
738
-688
-1716
-1817
-1967
-2223
-2057
-2237
-2297
-2017
-2171
-1783
-1183
-859
-808
-775
-1218
-1616
-1384
-1088
-802
-706
-956
-1096
-431
414
1515
2659
3273
3601
3519
3416
3832
3836
3479
3166
2726
2517
1566
843
576
560
-246
-1573
-2045
-2281
-1989
-1728
-1727
-1661
-1353
-1531
-1438
-1216
-1542
-1856
-2060
-1836
-1709
-1326
-839
-395
-438
-999
-919
-224
860
1531
1726
2033
1951
1536
1193
1085
910
502
33
-708
-1209
-2028
-2449
-2378
-2451
-3041
-3133
-2260
-1531
-629
-514
-329
-383
-239
426
1388
2211
2196
2587
2392
2470
2536
2452
2501
2881
2957
2342
2197
2140
3015
3001
2210
1652
448
-714
-1454
-1569
-1791
-2076
-3337
-3824
-3749
-3897
-3700
-3509
-2984
-2446
-1802
-1617
-1168
-697
-467
72
1010
1435
1802
2013
1717
1905
1586
781
926
1028
817
586
28
-339
-186
-278
-423
-260
-185
-433
-573
-950
-1144
-733
-640
-866
-1000
-964
-727
148
793
879
1074
1431
1831
2178
2273
2305
2266
2252
2005
1582
1417
1037
726
638
272
-9
136
341
-46
-383
-760
-937
-802
-1182
-1826
-2339
-1882
-1531
-1064
-931
-1444
-2023
-2233
-1838
-1292
-636
-277
90
189
-171
-366
136
1207
1950
1682
1386
969
554
769
839
693
662
375
100
412
447
327
768
747
574
59
-456
-571
-541
-1009
-1691
-1852
-1623
-1440
-1685
-1880
-1814
-1176
-520
-239
451
719
553
796
1085
990
763
987
1589
2165
1942
2023
2077
1809
1706
1201
750
256
-367
-904
-920
-1286
-1485
-1529
-1707
-1569
-1657
-2263
-2226
-1983
-1969
-1614
-1507
-1084
-384
91
880
1773
2037
1958
1745
1853
2012
2234
2349
1987
1550
1043
765
599
768
432
-478
-1303
-1742
-2086
-2517
-2388
-2364
-2224
-2553
-3180
-3135
-2780
-2509
-2063
-1423
-1458
-906
-202
247
1021
1928
2431
2855
3400
3421
3566
3695
3832
3954
3795
3599
3156
2549
1771
896
-123
-966
-1655
-2072
-2055
-2398
-2497
-2140
-1965
-1859
-1677
-1698
-1403
-1095
-841
-405
-115
25
58
836
1495
1840
1700
1508
1276
1205
1453
1258
1445
1248
628
320
-105
-646
-1000
-1243
-1849
-2328
-3017
-3420
-3668
-4145
-3962
-3780
-3522
-3131
-2631
-1895
-1428
-567
218
931
1934
2711
3475
4104
4324
3809
3728
3658
3424
3639
3559
3015
2609
2381
2179
1892
882
-86
-420
-880
-1389
-1494
-1915
-2360
-2461
-2529
-2473
-2675
-2700
-2542
-2276
-2313
-2111
-1737
-976
-245
301
689
991
1624
2060
2485
2353
1774
1520
1467
1079
665
298
-268
-698
-1428
-1983
-2336
-2563
-2746
-2717
-2890
-2887
-2526
-2642
-2391
-1839
-1451
-827
-222
288
764
1308
2254
3221
3316
3345
3433
3443
3823
3752
3624
3477
3292
3077
2667
2432
1963
1348
446
-261
-786
-1439
-1979
-2509
-2687
-2759
-2884
-2898
-2751
-2688
-2842
-2835
-2493
-1858
-1423
-1324
-944
-466
124
761
1298
1818
2092
1707
1328
1396
1682
1711
1438
1332
868
-112
-1114
-1283
-1267
-1134
-1428
-1983
-1894
-2113
-2068
-1856
-1756
-1732
-1895
-1597
-844
-209
274
751
1355
1759
1693
2168
2684
2552
2460
2383
2210
1948
1785
1661
1720
1707
1440
1430
1276
890
413
-212
-815
-1079
-1371
-1948
-1925
-1943
-2545
-2619
-2562
-2584
-1891
-1458
-1432
-778
-213
332
875
1185
1212
1336
1600
1494
1771
1956
1993
2107
1811
1477
1318
919
451
173
-466
-997
-1241
-1074
-902
-1055
-1430
-1622
-1485
-1293
-1249
-1586
-1594
-1465
-1654
-1490
-970
-287
540
697
815
1112
1119
1184
1250
1234
1077
778
747
872
1169
1046
986
757
153
-180
-528
-726
-621
-600
-673
-753
-1149
-1403
-1425
-1635
-1656
-1448
-1111
-1003
-784
-535
-92
646
714
878
1169
1255
1388
1795
2058
1882
1644
1403
1535
1419
874
250
-123
-552
-870
-1097
-1674
-1973
-1974
-1680
-1203
-926
-636
-520
-589
-777
-1077
-989
-670
-301
-72
-250
-436
-296
56
188
351
567
496
909
1038
986
1205
1039
1058
1263
762
504
620
694
600
187
-307
-441
-386
-183
-286
-159
32
132
631
608
501
268
145
106
-163
-503
-526
-99
77
157
151
-71
-133
66
232
370
544
646
771
473
-105
-252
-419
-653
-721
-628
-912
-1449
-1511
-1512
-1431
-1297
-1082
-915
-739
-580
-221
497
294
-29
-2
-153
-10
160
199
153
404
583
763
1382
1649
1656
1920
2043
2133
2414
2426
2396
2265
1740
887
292
-104
-282
-326
-786
-1179
-1507
-2068
-2553
-2433
-1940
-1562
-1284
-956
-639
-308
-182
-182
-125
-42
-71
-19
230
264
390
343
255
447
421
-68
-404
-315
-263
-290
-570
-925
-819
-971
-1393
-1412
-1272
-1151
-1257
-1424
-1492
-1573
-1831
-1592
-906
-439
-44
558
1475
2003
2298
2555
2866
2771
2567
2549
2367
2342
2022
1663
1105
536
297
286
242
128
60
-65
0
-147
-643
-1049
-1205
-1166
-1305
-1418
-1458
-1226
-884
-608
-325
-201
3
269
738
850
742
895
889
861
817
468
249
155
-99
-194
-336
-906
-1521
-1893
-2260
-2296
-2178
-1933
-1458
-916
-788
-823
-496
-368
-395
-190
60
218
477
339
198
460
282
350
1006
1523
1642
2041
1999
1968
2027
1497
1454
1611
1300
735
493
103
-15
420
149
122
136
-222
-355
-512
-828
-973
-785
-888
-693
-561
-727
-419
58
449
724
836
488
325
64
-323
-398
-773
-649
-294
-208
-268
-526
-740
-787
-820
-862
-702
-670
-531
-447
-909
-1422
-1762
-1788
-1575
-1351
-1269
-1072
-729
-579
-339
-257
-226
1
580
804
904
1204
1503
1933
2138
2155
2146
2088
1827
1614
1224
965
861
848
1044
885
682
656
537
487
483
315
-107
-651
-1167
-1489
-1293
-920
-704
-600
-590
-412
-221
-144
16
304
408
471
544
330
13
-105
-163
-191
-288
-410
-300
-397
-638
-1013
-1280
-1264
-1133
-1156
-1457
-1877
-1986
-1954
-1897
-1454
-1020
-804
-378
-44
112
382
460
532
844
901
969
1542
1706
1813
2100
2260
2005
1807
1706
1432
1628
1408
930
873
619
460
489
115
-329
-417
-775
-911
-860
-1021
-1102
-958
-836
-731
-676
-820
-361
134
224
432
510
419
428
219
-198
-106
-122
-531
-753
-790
-817
-910
-990
-931
-622
-459
-744
-705
-1027
-1515
-1546
-1400
-1212
-1060
-684
-562
-254
-8
0
403
733
809
888
1224
1340
1528
1853
2179
2448
2202
1703
1394
1200
1058
1138
1114
1136
815
271
75
177
-11
-407
-303
-263
-435
-736
-1073
-850
-448
-613
-760
-748
-683
-772
-697
-581
-388
-419
-596
-155
256
220
135
329
227
-30
-206
-332
-165
-39
-211
-449
-695
-852
-912
-1012
-1180
-1192
-914
-760
-600
-421
-426
-299
8
182
218
198
441
870
903
1030
1220
1341
1222
1084
1024
1104
1203
1272
1511
1401
1039
793
690
561
282
-27
-326
-361
-635
-1321
-1807
-1804
-1698
-1524
-1156
-834
-596
-619
-568
-219
-33
-129
-185
-251
-345
-315
-138
-49
54
90
-69
-119
198
620
614
491
416
350
184
-57
-131
-314
-718
-933
-986
-722
-449
-468
-612
-901
-973
-961
-592
-76
451
711
947
1361
1509
1718
1716
1664
1557
1296
856
720
510
41
63
94
95
211
388
455
376
-175
-571
-602
-901
-1033
-1154
-1061
-1014
-933
-771
-583
-483
-562
-365
-179
-17
25
116
477
921
975
994
924
946
874
672
496
389
286
-54
-360
-597
-655
-654
-507
-356
-235
-244
-408
-295
-205
-129
-155
-129
-99
-239
-479
-557
-180
-57
319
681
965
1051
1038
1013
1150
1228
906
759
571
169
7
-33
-266
-457
-913
-1265
-1398
-1397
-1421
-1325
-1015
-804
-435
-85
230
401
453
439
316
-48
-323
-222
-6
-33
-210
-258
-332
-336
-136
114
184
301
302
374
502
495
447
582
706
639
315
-72
-454
-849
-1136
-1157
-745
-469
-608
-539
-223
87
442
839
1321
1467
1428
1123
906
708
317
139
98
-157
-431
-659
-581
-315
-157
-294
-308
-106
-252
-404
-479
-338
-228
-30
-83
141
321
37
-97
-190
-312
-592
-789
-762
-345
-121
-286
-89
254
468
293
158
320
369
12
-433
-370
-249
-343
-301
-94
114
181
163
259
324
247
225
496
639
648
656
335
519
785
887
861
794
613
323
62
-279
-270
-155
-149
-223
-172
-153
-154
-35
35
59
-21
-250
-522
-771
-791
-729
-542
-299
-197
-43
114
335
449
513
593
366
148
124
61
-124
-500
-883
-804
-833
-1077
-1109
-1107
-1051
-1016
-824
-661
-318
64
186
211
167
450
659
700
761
689
663
621
523
561
745
635
609
831
872
821
877
765
668
588
129
-97
-32
55
-38
-268
-641
-696
-580
-701
-746
-820
-943
-960
-763
-419
32
324
421
599
834
920
729
504
328
123
-159
-251
-388
-650
-855
-834
-840
-855
-693
-611
-483
-536
-643
-590
-542
-377
-87
231
262
222
-13
-105
15
140
266
221
206
337
554
609
1099
1435
1415
1380
1445
1305
1297
907
484
212
-398
-998
-1178
-1185
-1100
-914
-922
-762
-458
-291
-401
-155
-8
-174
-401
-382
-312
-375
-454
-356
-121
-84
-125
-8
167
365
570
490
490
449
591
641
609
536
385
169
-275
-442
-510
-708
-869
-1064
-1247
-1181
-1217
-1260
-938
-414
-163
28
372
809
1268
1572
1667
1852
1896
1744
1735
1796
1543
1477
1474
1249
1118
806
495
455
395
221
-128
-665
-898
-985
-1217
-1890
-2239
-2411
-2535
-2510
-2439
-2238
-2040
-1794
-1503
-1083
-686
-33
780
1114
1297
1443
1692
1799
1610
1422
1321
1124
907
608
196
-93
-376
-603
-854
-1030
-1234
-1230
-1057
-876
-668
-654
-660
-511
-134
20
202
505
633
871
1118
1406
1668
2028
1979
1939
2164
2067
1946
1746
1484
1224
769
179
-340
-850
-1483
-2036
-2454
-2803
-3081
-3330
-3371
-3226
-2933
-2572
-2344
-1924
-1321
-703
-92
403
596
824
1227
1419
1482
1505
1503
1435
1371
1437
1489
1466
1205
979
636
373
273
237
211
-77
-380
-605
-751
-836
-687
-643
-563
-441
-248
57
288
659
1059
1277
1418
1322
1252
1532
1735
1746
1596
1195
811
497
242
108
-29
-352
-722
-1078
-1309
-1529
-1772
-1837
-1837
-1936
-2010
-1929
-1786
-1519
-1357
-1302
-1162
-923
-608
-318
-189
-104
225
499
536
524
589
679
796
1000
1110
1024
812
623
493
529
415
232
248
298
229
111
197
380
531
525
266
-11
-149
-109
108
319
327
220
83
57
53
163
69
-44
-77
-24
55
143
215
360
501
393
367
364
378
438
270
-8
-162
-330
-445
-442
-574
-826
-775
-911
-938
-987
-1094
-899
-683
-673
-709
-526
-403
-267
-256
-166
-89
72
213
511
730
835
1064
1440
1627
1509
1484
1468
1590
1411
1093
512
34
-379
-733
-957
-1164
-1281
-1344
-1277
-1207
-1140
-1198
-1335
-1267
-1193
-1055
-873
-783
-474
-58
357
662
875
994
1181
1232
1145
1007
980
1001
861
821
870
844
629
323
51
-182
-712
-1131
-1317
-1354
-1496
-1527
-1440
-1086
-813
-829
-691
-523
-320
22
322
536
680
741
975
1241
1366
1410
1597
1525
1197
954
809
750
645
370
98
-232
-595
-755
-766
-747
-935
-1070
-1060
-917
-951
-1047
-882
-691
-716
-778
-534
-170
160
327
510
720
817
1088
1413
1508
1477
1284
1069
1035
1054
846
596
315
51
-187
-456
-660
-708
-614
-727
-790
-871
-1036
-965
-823
-786
-707
-695
-574
-262
-129
-71
43
133
87
105
285
502
670
645
624
739
650
600
857
764
433
77
-287
-408
-633
-985
-830
-645
-826
-1003
-1093
-1146
-943
-731
-670
-582
-584
-619
-406
-164
-75
125
188
387
650
789
819
1024
1226
1231
1111
854
846
842
671
594
576
355
87
-112
-239
-271
-444
-642
-759
-925
-1191
-1296
-1242
-1165
-1076
-951
-656
-233
-9
217
510
670
690
621
587
788
934
961
1061
1234
1108
816
621
517
558
530
450
177
-203
-590
-966
-1145
-1257
-1350
-1358
-1237
-1019
-837
-686
-596
-329
-46
-15
31
231
387
554
591
739
1232
1433
1349
1275
1154
893
824
571
218
142
-26
-207
-377
-689
-923
-984
-1050
-1139
-1179
-1179
-1263
-1239
-1112
-1015
-815
-544
-318
-33
238
364
660
970
1089
1322
1688
1698
1493
1390
1244
1215
1032
646
408
255
116
47
-121
-481
-672
-870
-1162
-1393
-1566
-1705
-1598
-1304
-1076
-705
-529
-387
-69
291
472
577
734
803
916
970
953
947
842
704
506
335
127
70
166
62
-166
-455
-666
-816
-909
-963
-947
-833
-866
-924
-897
-708
-462
-108
132
321
475
321
391
788
1093
1244
1336
1560
1732
1712
1456
1190
987
647
247
-178
-585
-910
-962
-887
-897
-1000
-1236
-1252
-1102
-1020
-1020
-943
-791
-550
-452
-457
-393
-304
-163
-109
37
202
464
722
824
725
524
421
346
335
197
63
88
59
-27
-163
-350
-699
-742
-633
-689
-648
-674
-575
-260
12
226
410
558
927
1185
1357
1474
1395
1325
1171
982
793
584
438
379
317
117
-103
-250
-241
-221
-247
-365
-524
-610
-693
-759
-821
-873
-885
-832
-683
-667
-591
-549
-619
-567
-501
-409
-266
-82
77
244
387
470
518
406
225
81
-146
-341
-501
-590
-733
-863
-775
-682
-574
-285
-54
167
332
474
764
980
994
878
737
569
366
274
419
712
795
776
717
620
437
236
265
287
102
-116
-127
-155
-176
-281
-451
-421
-455
-575
-501
-388
-419
-429
-557
-594
-498
-347
-262
50
284
273
325
309
215
112
25
-154
-100
-168
-228
-136
-90
-157
-257
-235
-153
23
79
228
379
501
602
633
526
394
274
221
313
443
635
717
804
810
718
754
706
760
690
492
219
-49
-151
-134
-112
-111
-108
-165
-178
-263
-463
-593
-766
-937
-893
-895
-763
-481
-297
-304
-395
-537
-723
-888
-929
-751
-651
-667
-674
-652
-722
-704
-462
-265
-153
-89
37
96
47
62
67
117
127
134
54
-38
-54
-14
-17
-94
15
207
325
349
281
266
256
438
665
775
810
887
891
839
909
906
889
768
791
681
649
542
476
465
315
217
66
48
-11
-97
-287
-399
-478
-644
-827
-972
-1020
-1041
-909
-685
-493
-432
-460
-409
-381
-476
-401
-211
61
326
418
366
237
201
110
273
258
119
119
87
-5
-108
-128
-325
-454
-604
-733
-619
-471
-264
-148
-121
-127
5
161
323
436
662
678
589
758
883
1044
1042
1105
1032
985
761
539
409
202
-68
-339
-584
-757
-656
-506
-455
-443
-485
-547
-648
-790
-794
-717
-598
-462
-251
-257
-271
-246
-133
41
216
292
392
570
606
608
523
417
313
179
-171
-407
-492
-567
-596
-614
-602
-590
-700
-700
-587
-555
-484
-378
-227
-180
-73
98
401
646
780
830
878
824
760
762
683
689
730
812
921
948
821
682
520
315
121
-55
-140
-217
-274
-375
-506
-634
-750
-789
-714
-421
-233
-164
-60
-30
-125
-95
-114
-119
55
146
235
297
190
6
-25
-135
-95
-39
-275
-471
-561
-682
-662
-549
-491
-336
-269
-411
-401
-370
-529
-607
-533
-470
-394
-417
-340
-242
-128
-16
250
426
415
498
680
885
977
1020
964
828
680
521
413
345
360
313
318
279
158
100
95
154
58
-103
-179
-170
-62
-73
-76
-72
-55
-100
-116
-126
-158
-155
-170
-111
-191
-223
-137
44
277
418
510
481
425
337
123
-54
-195
-214
-200
-253
-470
-562
-576
-667
-750
-895
-1000
-916
-694
-336
43
276
425
504
402
341
438
627
867
1014
997
902
850
792
723
566
537
487
404
408
321
199
49
-125
-273
-305
-428
-553
-502
-548
-716
-851
-798
-725
-671
-595
-521
-406
-336
-261
-58
70
118
154
221
220
170
-66
-291
-387
-504
-667
-691
-636
-574
-491
-472
-486
-540
-620
-674
-735
-670
-538
-352
-64
67
135
226
184
258
360
444
554
714
915
1094
1153
1015
941
867
821
776
701
679
724
630
425
193
67
-15
-117
-305
-386
-286
-145
21
165
176
163
230
288
339
294
267
188
69
-48
-169
-307
-309
-292
-264
-334
-392
-395
-455
-503
-594
-591
-519
-464
-429
-357
-318
-451
-592
-724
-767
-692
-548
-403
-353
-348
-353
-282
-150
85
335
533
603
619
575
529
419
274
80
28
176
283
271
331
344
330
381
336
379
366
393
522
645
532
459
517
491
359
106
-27
-10
30
31
21
4
-77
-170
-210
-220
-223
-198
-170
-165
-261
-339
-381
-347
-337
-393
-358
-329
-246
-239
-190
-244
-313
-298
-264
-153
-76
-40
-116
-104
-223
-299
-293
-308
-237
-152
-163
-152
-19
-47
0
157
268
355
476
564
621
634
529
460
474
465
525
564
521
508
518
541
506
411
234
238
210
115
141
221
179
38
-103
-301
-505
-605
-624
-645
-664
-696
-727
-703
-570
-481
-313
-138
-33
-14
-39
-106
-50
-1
-43
-137
-223
-324
-505
-650
-726
-671
-527
-454
-295
-127
-97
-115
-102
-123
-206
-173
-126
-19
68
52
197
298
313
339
392
455
550
626
642
757
849
803
819
888
842
748
598
441
328
142
-12
-118
-123
-208
-326
-299
-200
-70
38
94
49
43
-18
-61
-36
-45
-126
-164
-183
-179
-229
-357
-302
-208
-284
-287
-151
-33
34
49
-15
-36
-128
-189
-152
-235
-356
-456
-566
-623
-524
-522
-464
-358
-290
-220
-136
88
352
577
724
761
731
652
510
346
205
47
-51
1
-43
-4
44
116
172
233
284
272
297
291
340
278
232
143
-1
-132
-294
-444
-531
-565
-467
-421
-334
-155
-2
9
-6
-24
-63
-25
46
118
114
43
-55
-173
-361
-524
-563
-578
-596
-515
-415
-378
-247
-26
142
308
326
281
212
119
35
49
32
107
262
232
50
-49
-30
64
138
264
423
478
580
544
525
415
265
178
169
181
130
57
55
82
28
-45
-41
47
142
208
237
235
197
64
-18
-70
-196
-317
-395
-344
-286
-280
-367
-421
-515
-625
-570
-455
-232
-59
67
214
218
89
79
66
-71
-175
-248
-358
-402
-402
-382
-291
-270
-298
-287
-197
-88
-59
7
95
175
226
129
43
64
58
37
46
98
203
225
249
292
405
495
588
774
855
823
797
732
586
417
223
122
80
69
-60
-192
-292
-366
-397
-390
-263
-70
152
293
379
369
384
323
217
175
133
63
-80
-185
-210
-233
-213
-209
-230
-254
-263
-254
-305
-335
-383
-420
-426
-474
-554
-526
-510
-492
-414
-391
-375
-354
-340
-230
-35
122
210
273
403
499
502
544
531
425
358
268
70
-29
-110
-155
-183
-141
-144
-104
46
119
195
212
188
245
335
363
353
320
247
212
175
53
44
95
141
192
229
176
70
32
56
50
-33
-177
-309
-416
-557
-728
-863
-896
-875
-815
-747
-618
-482
-369
-245
-228
-177
-35
140
344
491
499
435
318
200
80
-61
-194
-129
-108
-134
-62
-18
43
102
168
221
281
282
345
450
439
325
231
148
80
49
73
193
235
226
242
296
326
406
516
519
460
388
282
110
-90
-276
-327
-424
-570
-538
-511
-519
-579
-597
-583
-615
-594
-434
-239
-187
-89
-1
27
-13
-95
-196
-276
-253
-309
-307
-304
-313
-276
-210
-155
-57
87
144
240
283
335
327
286
253
243
248
271
318
311
291
315
382
484
516
667
763
778
757
684
570
484
408
322
284
251
175
149
117
-17
-165
-245
-222
-227
-203
-152
21
218
287
203
128
-22
-106
-152
-224
-281
-351
-445
-517
-527
-564
-543
-493
-401
-363
-383
-343
-255
-177
-128
-161
-201
-238
-199
-206
-288
-315
-213
-80
2
35
83
143
251
343
385
408
352
366
374
356
331
273
88
-47
-119
-172
-213
-195
-204
-206
-172
-160
-154
-148
-124
-77
25
20
