-21
7
-95
159
112
13
-94
-134
-87
-5
44
128
160
88
29
-62
93
-2
20
185
245
129
-56
-117
-292
-196
-131
-113
-79
-83
-217
-261
-296
-304
-348
-307
-380
-256
-135
-151
-239
-378
-220
-208
-143
-150
-217
-133
-130
-126
-197
-326
-213
37
126
39
-160
-146
-332
-265
-355
-271
-357
-447
-213
-184
-168
-275
-291
-278
-150
-161
-161
-112
-196
-124
-15
-15
2
-39
80
105
94
-69
-99
-56
-31
-48
129
162
41
-49
-20
-15
-142
-25
140
89
-82
-126
-132
44
279
309
290
344
156
-17
83
88
135
224
278
329
232
118
31
-28
40
183
-33
-147
-119
29
116
-89
-189
-152
-80
-92
-147
23
195
190
335
344
276
208
284
244
209
172
187
155
73
200
234
279
368
208
85
-8
-28
74
102
153
200
140
189
85
-50
-19
-77
-183
-138
-23
16
48
-84
-78
-52
-68
-51
45
221
292
312
353
137
86
94
65
101
121
217
169
20
-113
-118
-64
-6
-33
-168
-175
-171
-239
-139
-178
-143
-156
-9
-48
-46
-131
-350
-402
-308
-265
-179
2
164
166
94
66
-219
-373
-312
-260
-206
-256
-183
-121
-302
-350
-484
-657
-547
-522
-436
-447
-396
-329
-340
-340
-422
-303
-88
16
37
-110
-213
-197
-124
133
200
172
144
47
52
166
64
42
346
288
371
445
337
276
229
94
114
209
299
475
411
283
284
337
367
269
118
69
78
109
92
239
503
487
385
207
98
194
160
115
142
89
170
-52
-148
-194
-272
-211
-32
-115
4
49
-112
-255
-235
-183
-182
-132
-293
-314
-181
-166
-144
-165
-124
18
109
388
332
123
91
22
97
196
66
26
73
208
315
197
92
123
22
31
9
45
97
90
130
100
117
-13
-59
-52
-138
2
180
78
30
-114
-288
-241
-132
-45
-16
-170
-174
-130
-186
-247
-174
-36
157
89
-8
-41
-140
-13
-59
-211
-192
-113
-156
-57
-6
-1
142
121
118
150
99
48
19
61
92
6
89
83
-87
-129
-119
-162
57
-5
-105
-31
-126
-76
3
-33
-146
-155
-92
82
83
20
-49
-87
-97
-123
-58
-96
-1
282
383
356
370
164
15
-114
32
88
-15
35
-25
-100
100
117
-118
-419
-506
-574
-400
-385
-307
-105
-69
-61
-210
-160
-138
-124
-109
-110
-213
-201
33
-56
-132
-190
-256
-352
-311
-339
-458
-187
128
195
155
174
133
227
136
150
65
-21
172
230
105
41
91
227
278
164
242
205
195
227
130
171
339
429
541
458
341
247
206
106
184
97
2
-1
-25
4
-104
23
50
-11
123
103
-47
4
62
177
198
191
81
75
16
113
13
34
197
271
365
200
248
175
165
203
280
219
196
356
50
-54
-104
-83
-135
-166
-160
-51
-16
-30
-118
-380
-302
-437
-360
-259
-184
-154
-32
-16
101
61
16
-56
-116
-74
-20
18
-58
-46
-136
-113
-323
-388
-442
-507
-370
-436
-192
-42
-38
94
-99
-177
-126
-158
-214
-168
-268
-347
-327
-300
-224
-149
-155
11
80
203
34
-88
66
76
-48
12
89
221
270
155
137
-82
-210
-263
-341
-386
-290
10
308
370
288
130
17
-121
26
76
95
158
168
137
-31
-183
-234
-104
-10
157
115
271
301
-8
-126
-162
-95
44
133
191
39
-10
3
-159
36
168
86
288
313
238
108
154
155
176
306
335
431
340
286
243
192
193
187
279
218
134
137
119
107
-206
-324
-211
-178
-55
-76
-303
-262
-240
-171
-76
-80
-66
1
39
-42
-16
-35
77
116
127
88
35
80
53
-35
73
102
99
98
162
8
50
-138
-68
20
-36
-128
-48
93
-52
-165
-280
-268
-191
57
98
128
-35
89
273
266
255
228
192
249
182
-4
-102
-47
-23
0
57
160
143
79
-27
-52
-235
-163
-243
-223
-150
-154
-89
-272
-284
-262
-238
-192
-180
-293
-176
-137
-79
63
-65
-99
-49
41
209
181
54
-52
-36
-67
-196
-333
-127
-157
-458
-377
-408
-303
-208
-288
-399
-334
-204
-168
-141
-263
-229
-267
-166
-50
-14
-67
-182
-7
132
19
-69
11
117
41
78
91
236
234
293
350
203
302
185
42
63
16
70
237
275
323
403
255
230
130
-15
-84
26
231
132
255
242
304
345
333
274
278
296
248
320
306
319
288
239
163
146
136
93
-37
-5
-23
-47
0
-105
-160
-15
-22
10
-43
-110
-28
-129
-94
75
-9
22
153
153
182
68
-3
1
-137
-81
-45
57
90
149
63
-115
-219
-296
-282
-375
-169
-54
-21
-28
-186
-361
-334
-157
-151
-127
11
109
69
70
35
-177
-338
-386
-356
-227
-78
63
241
317
130
-25
-201
-213
-272
-244
-156
-389
-325
-274
-129
37
-51
-89
-71
-46
-9
-44
-25
10
-25
113
365
305
119
130
2
-4
-62
-96
-43
-12
-79
-81
29
97
-13
51
74
68
-51
-202
-49
-23
-9
75
163
184
154
-127
-162
-21
135
303
247
263
271
293
299
315
277
329
367
239
161
75
-124
-171
38
-84
69
-38
-349
-210
-78
-121
-218
-111
-3
107
184
169
117
137
74
-40
-141
-83
-59
-2
-35
-54
85
-121
-133
-57
-140
-177
-150
-34
-212
-264
-120
-10
68
142
125
50
20
-101
-147
-240
-201
80
143
86
20
-60
-37
-2
-11
-6
57
189
237
216
264
78
32
-40
-70
-66
-105
-106
-66
-216
-189
-283
-181
22
-35
16
-165
-230
-170
-61
-81
-115
-98
-48
108
126
50
-48
-26
102
86
-87
-29
-13
58
51
76
400
339
369
224
58
-76
-150
-150
-133
16
-95
29
81
64
96
-27
114
22
7
23
41
-22
21
131
166
224
340
490
293
212
62
-24
-111
-168
-65
49
106
161
253
32
-56
-146
-232
-114
-214
-146
-162
-320
-309
-371
-451
-489
-433
-355
-107
-112
19
7
12
13
24
-7
-34
31
15
-40
84
246
-50
-63
8
50
-22
38
-149
-206
-48
48
101
188
211
145
46
15
182
195
340
196
146
19
86
93
-73
-32
164
204
235
283
-6
5
65
172
157
-13
80
47
122
180
-46
-155
-223
-150
-89
13
-76
-6
40
-40
-16
-10
84
194
354
202
273
254
195
103
24
209
89
18
106
80
49
69
-24
-218
-358
-353
-359
-256
-150
-148
-77
-146
-308
-278
-313
-359
-342
-323
-296
-310
-215
-89
-139
-88
-50
-95
-63
-55
-67
29
20
-63
-26
-33
-13
39
-5
-66
-107
-63
-79
-128
-7
4
-57
-61
103
38
101
169
111
54
2
180
95
1
84
-29
67
196
129
189
394
210
80
119
-53
-3
12
196
165
192
205
127
-17
-21
-107
-101
-32
-28
-44
-75
-68
-109
-80
32
176
167
96
-103
-76
45
202
355
301
167
150
150
14
37
-15
-140
-60
-100
-149
-32
41
-46
-123
-76
10
-112
-15
-91
-101
9
-29
225
289
349
332
188
114
-17
31
15
17
102
175
122
54
17
-98
-163
-133
-40
11
-226
-197
-212
-166
-158
-165
-73
-174
-101
-163
-371
-333
-400
-331
-265
-167
-30
4
196
106
118
152
177
123
138
309
262
202
284
88
-60
-177
-300
-257
-177
-210
-218
-2
-26
-102
-62
-36
160
132
199
57
-1
104
-51
-32
12
-149
-55
109
81
164
167
277
299
491
384
262
39
-19
106
77
87
-14
16
-11
-126
-303
-230
-88
6
-127
-276
-136
-22
-227
-267
-404
-299
-147
-98
33
4
67
82
-9
-118
-85
-199
-204
-270
-205
-225
-134
41
-66
-135
-247
-191
-132
-86
-143
-182
-59
34
120
-28
-79
43
125
113
124
46
36
96
122
274
250
356
328
158
101
7
29
170
122
103
88
-55
-20
7
-30
100
226
398
204
-19
-35
35
179
200
168
278
163
124
189
266
251
294
322
379
480
311
353
294
282
278
61
8
-45
-38
87
45
-109
-87
-89
-233
-120
-121
-49
-179
-128
-183
-443
-451
-439
-316
-181
63
138
170
66
-24
-205
-377
-400
-412
-161
27
147
254
168
-47
-80
-67
-140
-198
-221
-108
26
-118
-9
5
38
37
-150
-240
-288
-413
-357
-362
-357
-362
-314
-233
-73
-47
-315
-408
-282
-202
-208
-196
-62
-111
-67
10
-133
-257
-322
-279
-238
-130
-64
13
-2
-14
-128
-35
203
188
312
397
281
58
41
95
86
131
207
165
192
195
197
304
327
333
256
198
165
130
28
33
35
87
198
157
167
162
113
279
276
260
256
124
284
453
510
521
592
392
309
349
349
313
261
315
282
149
212
157
101
179
127
55
171
83
-69
-130
-214
-139
-194
-233
-274
-332
-346
-373
-247
-330
-481
-480
-343
-184
-92
-156
-118
66
-28
36
105
30
-167
-274
-277
-327
-263
-201
-234
-348
-252
-213
-196
-117
71
-54
-13
-31
-42
-44
2
75
34
17
75
-84
-174
-75
-91
-38
155
73
26
11
-135
-58
-190
-78
-145
-198
-132
-57
-64
-62
-208
-264
-174
-129
-90
-134
-108
-201
-98
24
76
85
148
117
46
191
111
149
177
174
307
160
73
0
-29
-121
-231
-254
-178
-11
10
-85
-201
-189
-38
86
174
134
94
107
-33
-92
-168
-215
2
-47
-107
-13
-82
-6
109
178
362
347
245
314
245
202
152
80
233
325
217
21
-89
-128
-78
-149
-86
-63
-66
80
147
121
23
145
212
225
260
419
480
412
398
416
284
150
132
87
136
181
153
124
139
46
36
211
120
200
178
146
66
84
-65
-119
-157
-130
-25
-110
-114
-151
-229
-126
-76
-22
54
29
61
-109
-238
-54
-189
-248
-198
-275
-280
-278
-433
-454
-403
-299
-272
-310
-175
-98
-163
-164
-218
-202
-165
-272
-116
-122
77
220
156
54
-19
-9
6
2
-18
-45
-101
-158
-81
-73
-89
-146
-91
53
-96
79
53
152
-67
-238
-332
-301
-129
-124
-195
-49
202
137
111
-16
-6
-26
28
57
25
78
173
211
134
211
149
33
171
52
-107
-214
-294
-367
-378
-457
-364
-105
-30
-28
-95
-134
-108
-181
-197
-59
-32
79
85
17
52
30
-2
48
44
279
417
435
392
349
298
432
360
446
414
466
334
210
272
227
209
151
163
253
419
407
393
278
109
75
4
50
76
-59
26
57
174
273
249
46
147
193
182
292
42
-13
-145
-33
-79
-135
-19
50
54
-17
14
-111
-234
-365
-206
-101
-102
-7
-141
-199
-72
-71
67
100
89
71
-166
-149
-416
-451
-483
-441
-400
-273
-175
-218
-313
-396
-369
-243
-269
-215
-102
-220
-272
-318
-88
-5
-46
-46
-211
-236
-234
-292
-322
-234
-54
94
202
270
199
85
34
218
200
332
286
171
129
25
-38
-8
105
26
-14
-128
-61
-48
-169
-61
72
88
213
243
222
154
110
105
181
178
352
354
280
119
65
-4
-97
-85
-148
-189
-89
18
101
285
180
88
95
-40
-213
-270
-212
-119
-193
-214
-265
-329
-295
-184
-73
-24
-114
-74
-45
-126
-13
-31
-22
161
191
85
84
90
281
-41
-42
211
-219
-316
-91
150
352
219
-351
332
311
-453
-581
-24
560
718
-204
-459
451
353
-254
-339
192
491
141
57
596
718
263
-172
37
191
-64
-64
197
278
190
82
-3
149
20
-113
-21
90
40
-93
-18
-12
-53
-181
-144
-99
-104
-66
148
239
305
176
235
317
107
69
108
178
212
108
165
160
242
190
81
-124
-207
-182
-256
-334
-332
-334
-417
-317
-447
-334
-235
82
-334
-460
95
-239
-243
-347
-173
-92
-214
-238
436
-190
-767
-420
-32
216
-120
-86
105
-45
-285
-15
39
134
85
-125
-183
-7
-220
-220
-148
3
208
36
-18
-86
-168
-254
-83
-285
-199
-68
-61
-97
-179
100
67
64
73
8
-12
24
35
99
66
15
43
-68
41
47
-131
-31
18
103
169
154
162
256
123
209
315
161
238
92
46
110
227
73
-55
-70
72
97
-70
116
122
229
377
381
279
346
232
160
52
105
197
-7
119
274
247
280
324
309
292
250
355
453
490
484
479
341
246
164
133
-3
-94
-34
-141
46
29
-56
9
-140
-209
-326
-408
-441
-383
-153
-33
-99
-383
-366
-361
-241
-23
-142
-134
-107
-108
-92
-264
-232
-196
-372
-313
-281
-273
-250
-169
-122
-182
-300
4
11
-144
-112
-194
-110
-30
-159
-148
-90
-128
-25
38
54
85
73
259
337
138
285
293
187
235
101
-179
-123
-1
-158
-111
-51
43
-74
-180
-469
-496
-504
-429
-334
-380
-285
-278
-248
-347
-320
-470
-442
-195
43
214
183
61
51
61
76
58
52
158
161
338
529
406
322
306
142
240
390
177
32
17
6
-69
-120
-72
-61
-41
137
50
104
295
229
197
287
278
76
21
100
155
110
38
64
227
180
306
247
375
300
204
147
112
61
-125
-214
-292
-277
-66
-72
-100
-62
-129
-107
-84
-99
-60
-37
48
196
108
178
190
181
266
326
209
260
351
241
149
182
335
370
237
243
153
19
96
-27
-187
-11
-9
-32
-149
-72
45
-26
6
-23
-202
-215
-133
-57
-19
-110
-102
-176
-144
-368
-430
-337
-169
31
33
61
-100
-283
-329
-473
-560
-491
-234
-7
69
59
88
-79
-249
-224
-296
-382
-321
-61
-27
90
207
63
79
-34
3
-160
53
68
339
212
126
141
-341
-264
-557
-148
-478
-142
-156
141
-103
252
-143
-145
-62
63
224
-61
2
-214
-233
-287
-15
-276
99
-72
172
-238
208
22
198
84
180
214
264
300
93
208
-174
152
-177
63
-52
19
-267
-263
-291
-146
175
21
499
-19
413
-118
529
191
452
243
550
345
196
162
-192
120
-172
195
30
161
249
138
302
-55
216
-241
384
-210
219
-48
265
-124
28
-257
-506
2
-349
292
-134
587
-131
596
-292
339
-117
443
360
428
489
79
402
-13
251
-114
237
176
446
124
484
180
240
16
56
-113
10
-107
59
18
-413
91
-604
216
-814
9
-880
-136
-819
-436
-812
-615
-722
-983
-761
-1162
-814
-1267
-942
-1119
-1013
-1030
-1069
-929
-941
-947
-706
286
482
1417
1175
979
1231
736
1587
1833
2391
2916
3585
2245
3520
1915
2083
2131
1159
1575
1164
235
-407
-834
-2396
-1591
-3219
-2948
-3068
-3935
-3797
-5029
-5018
-5585
-5279
-5242
-3182
-1252
-1977
2760
-4211
2854
-2174
163
3625
2332
6279
6420
6492
3349
8382
-235
7504
3738
3318
6885
3271
1897
2187
-2340
-1996
-1041
-2994
-1241
-1144
-2490
-3335
-3576
-6325
-4556
-4640
-2443
-2656
-245
-1401
-1812
-1049
-3412
-1841
-31
206
1691
3791
446
2113
1360
-2180
3371
-343
3955
2421
3572
1002
1120
-720
-1487
-7
-1680
1657
-1854
2189
-3882
-858
-3709
-4262
-2385
-2697
-2853
-976
-2450
-3545
-1071
-4791
77
-653
2015
2510
3425
2046
3020
1592
2944
3858
4721
6899
5551
6119
4465
3420
2988
3040
1772
3947
1929
2423
786
-1035
-2572
-1938
-2054
-2442
969
-4124
517
-4256
-3263
-4182
-3422
-3862
-819
-2057
-2920
-585
-6272
-2344
-6443
-4366
-4939
-3505
-5592
-3326
-5804
-368
-3784
733
-650
-2471
4806
-4166
5859
1671
5831
5003
9613
1761
9649
5351
3605
10494
3000
6053
7402
1985
1322
3137
-4548
952
-2111
-2819
-3844
-48
-8170
-1388
-5845
-5521
-3626
-3072
-4192
-3457
417
-7241
2034
-4884
-1695
-3104
483
-5885
1296
-3573
-5160
370
-7508
-2994
-4871
-4233
-6051
-1562
-5373
-1228
1842
-3103
5518
-2910
4348
1806
3743
7686
7570
9572
10372
9104
6449
10914
4289
9735
8953
5408
8167
5383
-501
3307
-2903
-1914
-1078
-2128
-2210
-2236
-2072
-8600
-2843
-9562
-6530
-4540
-4035
-4836
-659
-5490
-6808
-2654
-10736
-2746
-4516
-3294
-2626
-1653
-6422
-4039
-5811
-6939
-2548
-3420
123
-810
5551
-2176
6247
-262
1782
6445
3143
9004
9207
10131
7331
12548
1455
11182
4847
7205
9981
6469
5171
5349
-284
-930
-364
-3966
889
-1954
-314
-3750
-4368
-7160
-8454
-7537
-7004
-6234
-3769
-3988
-7469
-4497
-10227
-8811
-5996
-8481
-4319
-2643
-5570
-3363
-5082
-7697
-3393
-4650
-2778
702
-189
1812
133
3822
209
6231
2948
5540
8042
5690
9074
7852
9528
7193
11961
5593
11592
7499
8171
8719
6044
4665
4682
983
835
-141
-1821
-1085
-2520
-2954
-5041
-5602
-7305
-8136
-8078
-8049
-7926
-6430
-6947
-7941
-6760
-9228
-8510
-7303
-8034
-5884
-4594
-5645
-3869
-4822
-5255
-2530
-3969
-1159
-536
145
1295
703
1490
996
4097
3916
6876
7413
5644
8841
5346
7896
8003
9385
9826
12302
9104
9738
9272
5458
8384
5450
4630
5754
3080
1821
52
-1973
-4322
-3022
-5606
-6221
-5303
-7807
-7985
-8856
-9386
-11367
-6810
-10848
-6567
-7508
-8198
-6994
-7499
-8029
-6864
-4380
-5179
-1134
-2305
-2037
-1299
-736
-1218
178
1676
1116
3845
3353
3656
5208
6072
3219
7398
5027
6085
8660
8016
9005
10961
9169
8214
10958
5801
9729
7743
7126
6955
5043
2736
1128
-356
-1935
-1550
-2057
-3368
-4367
-6256
-7305
-9549
-9019
-9351
-8611
-6749
-7726
-8116
-7464
-9820
-9041
-7598
-8577
-5493
-4959
-4625
-4417
-4395
-5821
-3389
-2839
-2685
529
-518
1465
-651
1083
-641
3688
3255
5772
7004
5931
7477
5355
7070
7206
9177
10244
12367
10398
11589
8381
8349
7476
6775
6142
6173
4865
2485
1489
-3256
-1598
-5369
-3497
-5243
-6072
-5738
-9185
-8886
-10596
-10862
-9954
-7942
-9740
-5827
-9233
-7622
-7975
-8398
-6827
-5291
-4798
-2519
-2083
-3576
-903
-3554
-236
-628
1124
2091
3001
1819
2736
910
2714
4372
4614
8146
5549
7791
5558
5561
5589
7511
7433
10890
9973
8958
10410
5709
7695
5639
5848
5713
6212
3612
3429
490
-167
-2458
-913
-4034
-3033
-3361
-6764
-6052
-8911
-9543
-9590
-7637
-10370
-5873
-8740
-8465
-7990
-9038
-8804
-6381
-6586
-5188
-3321
-4943
-2812
-3928
-1939
-2430
-456
762
-195
2831
1008
813
2809
1223
2658
6428
4768
7037
6662
4679
5693
4809
5149
8078
8275
9313
10104
7564
8389
5633
6373
6408
6634
6583
5967
4418
2344
1256
-389
-638
-228
-1897
-2429
-4284
-7169
-8316
-9389
-10141
-9076
-8081
-8946
-7926
-9467
-10310
-10214
-9461
-9046
-6345
-6198
-5309
-3934
-3933
-3361
-2372
-435
-542
1254
1189
2587
1972
2742
1700
3471
3903
1297
6587
4040
6160
6600
4402
5920
5449
4579
7011
8149
6512
10968
6809
8000
7763
5547
7186
7473
6568
7094
6484
4000
3876
1930
815
336
-507
-2480
-3443
-5697
-7708
-8055
-9459
-9099
-9217
-8883
-9944
-8791
-10446
-10047
-9192
-9310
-6069
-7621
-4079
-5161
-2593
-2735
-1905
-669
212
10
731
1300
1741
1928
1977
2597
2620
3513
1788
4313
2835
5262
5134
7751
4535
7386
5842
5636
7863
6131
9108
8854
9564
7870
8770
6294
7744
5964
6561
5695
4980
3982
2219
1130
-910
-1584
-3587
-3893
-6616
-6601
-8576
-8512
-9644
-9375
-10227
-9629
-8706
-10074
-6907
-9104
-6068
-7222
-6003
-5486
-4606
-2818
-2561
-936
-47
-1146
2065
-1336
2123
667
2603
1269
5466
1776
4319
3895
1466
5601
1820
4884
5643
5818
5870
6718
4264
5613
4524
5251
6646
6501
7338
7076
5288
5602
3760
3750
4749
3770
3948
3173
1845
132
-622
-2692
-2368
-3868
-3099
-6511
-3851
-8275
-6681
-7647
-7534
-7593
-5565
-7448
-6847
-5230
-7755
-5767
-4763
-5671
-2587
-2218
-3606
-233
-1348
-1158
902
488
-47
3936
-419
4351
306
4017
1522
3954
2001
4312
1606
4363
1971
1691
5161
2017
6734
3328
4064
3092
3426
1602
4790
3588
5138
6111
4322
4770
3907
3068
3704
3510
3253
4078
2755
2609
152
887
-3551
67
-4304
-2574
-3268
-5280
-4403
-5424
-5679
-6878
-4314
-7815
-2328
-6553
-3104
-5104
-3417
-5031
-1885
-4001
-1236
-2244
-87
-1483
-439
-219
-1440
1643
-2902
2512
-145
1475
491
2399
-717
2173
179
916
2943
935
1575
4216
1909
4421
3675
2642
3568
1886
2561
2671
4389
3428
5482
3209
4353
2735
3416
3191
3557
3079
3164
2025
1315
665
-639
-265
-1483
-765
-3580
-1529
-5047
-2529
-5436
-2110
-4822
-1392
-3740
-2501
-2766
-4028
-2089
-4199
-667
-5510
1285
-6661
1361
-5329
-1244
-2094
-2072
-1097
-1814
-1535
-2110
-379
-3206
1421
-2210
2040
-851
1232
-42
1175
245
2963
-819
4982
1236
3751
4885
1716
5157
1367
3730
2075
5624
2491
7194
3637
4807
3358
2879
4105
3242
4963
2658
4022
1972
779
866
-583
-356
-94
-2121
-1748
-2726
-4473
-2407
-4309
-2757
-2066
-3430
-2324
-3149
-3484
-3120
-2819
-3058
-2672
-1862
-3711
83
-4141
-344
-1550
-2365
703
-2724
715
-1993
438
-2446
2478
-3540
2150
-156
-709
1763
-360
-214
1864
-125
-285
3294
-39
2477
2561
1031
2191
1468
837
2646
2638
2290
4902
1980
4141
3104
3404
4805
3944
5117
4346
3749
2490
3040
780
2271
1514
1772
598
-1007
-1014
-3028
-731
-2698
-1229
-1544
-1967
-3026
-3350
-3453
-4418
-2180
-3641
-3260
-1516
-5255
-1916
-4692
-3010
-3026
-2017
-2629
-1097
-2196
-2129
-463
-2683
-495
-933
-696
1361
-2243
1746
-1495
1290
-1591
1603
543
1049
3174
41
4425
-1045
4031
-192
4258
1609
4429
4380
3334
5248
3039
6100
3594
6506
4152
6336
3885
4454
3198
2349
2900
2270
2072
1538
271
-793
-2440
-2873
-2332
-3796
-732
-3422
-1731
-3313
-3815
-4823
-1235
-6691
210
-4347
-5037
-1556
-7608
-2887
-4247
-4199
-3386
-2205
-5892
-575
-4861
-2376
-2434
-1755
-1043
264
-1603
1981
364
873
838
1476
3630
2029
4017
3264
5400
2959
5282
2613
5208
4190
5285
5626
6249
5625
6077
5519
4137
6682
3464
5650
4108
4141
3038
2479
1325
1788
209
137
-405
-171
-986
-2942
-2844
-4408
-4540
-3378
-4000
-4160
-2632
-5790
-3310
-6110
-5070
-4371
-3754
-5509
-2255
-3904
-3509
-4382
-1577
-3976
-199
-1802
-994
1249
-1361
-1394
1294
-491
277
4332
-1461
5427
-216
3102
988
3273
704
3270
2107
2751
4955
2148
6770
-38
6634
264
4599
1594
3965
3184
3212
3620
1424
4209
-177
3383
198
2308
-422
1300
-1961
-948
-2943
-2266
-3333
-1851
-3356
-3608
-4364
-5127
-5307
-4318
-3911
-3848
-1226
-3230
-1198
-2916
-2515
-1119
-1333
-50
-1020
2804
-2205
1139
-996
1121
1083
670
1358
368
1139
-1023
1398
104
1072
53
-60
-1397
147
-912
-63
261
-2091
352
-1265
-1652
1916
-1236
3350
361
669
1063
-151
716
1129
1498
1819
3447
133
2963
-51
1536
1539
993
2801
1139
790
885
-384
-183
114
-78
1198
931
1583
210
466
-401
-251
2013
139
3453
995
1847
1024
321
467
2043
-988
2670
-1362
332
-1804
-1442
-1896
-2002
-2459
-2176
-2220
-2560
-2167
-4027
-1182
-5125
-678
-3377
-2693
-1522
-1979
-3276
-110
-3289
-1088
-901
-2791
-256
-543
-281
134
243
-1277
532
-591
566
2120
2687
3535
1987
3967
2665
5013
3462
5106
5681
5261
5719
5078
5398
4562
4991
5238
4552
5200
3664
2805
2189
470
30
971
-1079
255
-805
-2646
-1013
-4163
-2992
-4112
-3200
-4662
-2497
-6308
-3305
-6069
-5116
-6277
-4417
-5590
-3088
-5083
-5241
-2783
-6339
-3103
-3433
-3053
-2369
134
-4889
1528
-4623
75
-427
77
375
3354
1183
1596
4022
314
5421
2426
5519
6264
6428
7084
7581
5898
6673
6775
6169
8384
5893
7235
5843
3810
4379
2963
1776
3129
693
328
1467
-2821
-765
-3479
-3663
-3672
-3746
-4231
-3692
-3908
-5060
-3800
-6953
-4762
-4846
-4557
-5198
-2821
-6794
-2332
-6693
-4943
-2179
-4254
-3359
-2314
-2345
-3751
600
-3531
1183
-907
-377
123
3966
-1052
3229
2927
-146
4203
3140
4015
6476
5795
3839
6664
1408
7235
4031
5488
7096
5383
6762
3867
4631
4053
4835
3416
6054
3227
2822
1121
-160
-22
-1680
413
-2079
-349
-3836
-1841
-6243
-3431
-5418
-3929
-4987
-5030
-2127
-7029
-2920
-7036
-1499
-6829
-386
-5389
-853
-4619
-2227
-2904
-3068
-1046
-1689
707
-3493
1992
-3623
2106
-2947
4096
-1960
3648
-1127
2638
536
1685
1976
1182
2278
850
3228
2194
3792
1823
4941
1437
2678
2637
2979
3319
4144
2079
4908
3084
2448
3150
2922
2514
2730
1229
703
814
-633
-900
-1250
-2002
-2218
-1088
-3081
-1443
-3267
-3414
-3763
-4235
-4375
-2290
-3672
-560
-2563
-2216
-1516
-1901
-2469
738
-2775
1414
-1930
-278
322
-2527
967
-494
2378
-2396
3687
-3762
3152
-2642
1324
-523
1741
-3104
1925
-1453
-728
1793
-3987
2911
-223
-753
1117
678
-4219
3947
-2440
2481
3975
1204
4042
2425
481
2075
3622
664
6444
1697
3325
1913
-51
404
1331
815
2439
1331
221
1044
-2184
433
-813
-367
765
365
-1365
978
-626
560
193
-1172
979
-241
-1106
-28
1087
-965
-401
-2004
-2809
-1645
-3638
-1257
-3876
-2003
-4218
-3796
-4583
-4428
-1053
-6274
-3462
-3257
-3586
-4349
-557
-2815
1275
-4185
567
-960
-389
-109
3686
2244
5142
3141
5030
3023
3321
5935
4416
6735
6025
5561
4935
3642
3115
4122
2442
3167
4082
1514
2265
507
1138
-568
1078
549
-294
388
-403
893
-2178
-5
307
-911
-1731
-583
-1922
-1724
-2944
-1588
-2420
-3458
-5456
-2297
-5242
-2782
-4094
-2394
-6029
-2455
-6914
-2879
-3636
-4607
-530
-5352
-1123
-1664
330
-2947
1848
-3961
1243
2383
-62
7934
4143
6602
5434
5841
4150
10892
5787
10271
9670
6236
7348
4478
3534
5737
3339
4712
4882
1114
1125
-6
-2116
-116
426
-2351
1528
-5114
431
-3687
-3460
-2350
-3101
-3683
-2762
-4934
-4126
-4840
-4108
-5461
-5369
-5276
-4384
-6347
-5906
-5853
-3638
-7848
-5289
-3037
-5260
-3122
-4895
-4702
-843
326
-1227
5770
-2932
2522
-1445
2727
3204
9475
7622
9745
7989
5621
8209
6560
9524
11175
10807
8484
6380
4168
3409
3874
2849
4999
3079
275
302
-4097
-2717
-2134
-2422
-1712
-3353
-4610
-4059
-6293
-4838
-4180
-5541
-2960
-5732
-7893
-3815
-6873
-4135
-4749
-5247
-3521
-7091
-8134
-3141
-6080
-4107
-3210
-4466
-4296
-4281
-5566
-1305
-2885
3041
2742
3410
-1064
2757
574
3697
7980
7352
13153
7931
8517
8215
7230
9498
12269
9874
11862
8009
3928
5188
226
2857
3673
-450
2000
-2468
-4674
-4350
-6542
-5889
-3067
-8172
-4105
-8972
-8368
-7828
-6945
-6576
-4024
-5465
-5464
-4789
-7023
-1406
-4448
-2103
-350
-5223
-2605
-4139
-4333
-2607
-1465
-1886
828
-5776
-1436
-3081
-2544
4469
2269
6894
1338
3899
-25
4670
7155
11332
12447
12169
11171
9105
7789
8638
12632
10644
13539
8138
4886
3526
-1921
1291
407
-1565
1442
-4967
-7049
-8796
-11005
-8305
-6593
-10017
-6281
-10091
-11303
-9272
-11422
-7653
-5913
-5925
-6341
-5880
-6099
-4549
-3094
-917
855
-2351
-694
-5489
-2239
-123
-1408
1789
616
-210
310
3610
1605
10977
3066
4033
7571
1942
9740
9137
11901
14286
10800
9420
10971
8374
11337
11047
9167
9443
2386
2912
-288
-2034
220
-3222
-3243
-5974
-10011
-10339
-11081
-11681
-7617
-11660
-10303
-11327
-12523
-11574
-8938
-8826
-6697
-7658
-7681
-5406
-5215
-3127
-547
21
-1145
368
-1837
-1609
334
-22
2736
1919
496
-2021
4465
4978
5892
9604
747
8651
891
5924
12065
13456
11937
14756
7383
9513
9464
8690
13906
9946
10499
4773
246
-423
-2461
-186
-515
-3558
-3662
-9911
-11871
-11840
-11043
-9793
-6279
-11537
-10279
-12839
-13691
-9276
-7877
-6674
-5242
-6666
-9287
-4569
-6576
-1792
761
690
-746
-23
-4743
-1399
422
891
4917
352
969
2116
7202
4304
12684
3336
7892
6165
5954
13824
12663
14690
15197
10953
10061
11517
8977
13854
10580
10126
6267
-1176
778
-1842
-2631
-1207
-6010
-6181
-10270
-13581
-12074
-12137
-13144
-8368
-13512
-12289
-11790
-13415
-9801
-7864
-7403
-6391
-7413
-8207
-2972
-4150
-11
1854
576
537
-265
-2155
593
1485
2877
3726
1827
581
7891
2504
9661
6360
2562
9563
1561
12843
13640
12432
15931
11114
8487
13293
8240
13103
12156
7274
8095
-1787
-1791
-891
-4246
-397
-5880
-7708
-10457
-14970
-12860
-13129
-10586
-9849
-10843
-12138
-13067
-10108
-11387
-5659
-4865
-4431
-4879
-6059
-5143
-668
-1069
2747
3901
-697
933
-3057
-2390
293
553
939
2441
-3311
6746
2144
5674
6979
-496
8448
2027
9627
14723
12360
14644
13097
7947
14108
11564
13267
14788
9236
8497
1302
-1939
555
-2966
-472
-5674
-6900
-11651
-14976
-13856
-13210
-11570
-10736
-11899
-14188
-12001
-12458
-8795
-6205
-4765
-4203
-4705
-7239
-2361
-1300
2498
3668
4451
1520
452
-961
-414
2577
3014
1915
3590
-2871
8144
2605
6637
7340
-857
10210
-54
11236
13164
12295
13803
11378
7463
14010
10046
13650
11764
6958
6653
-2357
-1322
-951
-3561
-1173
-8570
-8494
-11543
-16240
-11508
-13659
-10008
-10205
-12745
-12720
-10588
-9552
-6001
-3803
-4137
-3558
-5151
-4537
-1134
2212
2292
4195
2173
316
-135
-705
-506
2414
1047
136
286
-2480
9059
862
8481
1483
786
8004
1159
15447
14044
12918
13556
8197
8369
15086
10708
16165
10491
6775
3472
-4915
-1128
-1100
-2469
-2278
-10754
-9861
-15614
-15324
-12506
-11946
-10745
-12230
-14645
-14471
-9782
-9211
-5681
-3021
-5565
-4236
-5341
-4187
2616
4021
4134
4568
1811
-221
1502
1162
1875
4736
-223
-193
-1565
1655
9344
3459
8874
-2050
4403
3416
5324
17248
14741
14116
11341
5738
9974
14562
12959
17261
9529
6471
-660
-4213
146
-1018
168
-5875
-10433
-12171
-17496
-13098
-12290
-10443
-10193
-15395
-15761
-13766
-10072
-6401
-4208
-3646
-5781
-7019
-6468
-2728
2934
5186
3740
3393
-144
-64
876
2842
3164
3666
-1970
-1065
-3621
3617
9965
3478
9672
-5086
4369
1997
6748
18686
14807
12922
10568
3687
11229
14074
14629
17781
8237
6663
-2870
-2513
1861
1536
1806
-5458
-10901
-12599
-16958
-10684
-9356
-8819
-9287
-15894
-16073
-13139
-8697
-5255
-3195
-4638
-7404
-8391
-7781
-2010
2588
4069
576
534
-4269
-2448
-535
378
1761
-276
-5478
-3218
-6102
7552
5592
5227
3999
-5734
5492
913
13211
18824
14386
11676
8535
4761
15584
14813
19019
15561
7705
4783
-4251
1434
3611
2912
2265
-9665
-9643
-14789
-13506
-7557
-8010
-8312
-12086
-16532
-15112
-8596
-5903
-2419
-3663
-6344
-8407
-6847
-4955
3008
3753
2359
-1049
-2519
-4301
-763
830
554
-191
-6120
-7539
-7098
-3384
9366
2041
5148
-4734
-5428
3592
2035
17384
17395
11739
9906
4283
7811
17772
16193
20593
11929
5922
2365
-3192
6084
6043
4584
-827
-11480
-9392
-13212
-7943
-4183
-6073
-8605
-13802
-16240
-11055
-3299
-951
-71
-3117
-8197
-7127
-5742
678
6604
5099
-145
-3053
-4191
-3051
1872
1109
-99
-3548
-11134
-10022
-6841
-3945
10391
-784
911
-7583
-9212
3797
3481
16710
17186
7987
6641
3907
7964
20517
17310
19581
10671
2985
2067
-1656
8308
8231
3334
-2857
-13834
-10185
-11605
-5630
-3158
-6899
-10625
-15982
-16143
-8813
-1276
482
-586
-4821
-8591
-7013
-2838
3889
8227
5528
-548
-3748
-1641
84
6071
3042
-181
-5285
-11364
-9995
-3256
-3987
9773
-481
-4489
-4792
-13354
5171
3229
12831
15341
5182
3782
4240
5829
19705
16228
15683
9393
323
2800
-1224
7485
8257
721
-2531
-14285
-9884
-8434
-6636
-2071
-8751
-11349
-15173
-14869
-7095
-267
753
-1031
-5093
-6840
-5491
-412
5246
7465
6448
-1673
-2241
365
1823
8229
3493
-597
-4848
-10865
-8519
-2907
-2948
3968
4548
-7583
-351
-12057
1580
5713
7292
15562
8055
3981
5643
6052
15576
19157
13852
12734
2718
3466
1722
3958
9250
806
-2352
-10284
-12230
-6204
-8968
-4077
-8762
-12367
-14291
-15399
-9601
-3757
-40
-2903
-5403
-6584
-7497
-1337
2992
5337
6698
-524
-2017
840
1309
6961
5551
-272
-2557
-8744
-7428
-3346
-43
-2469
7177
-4306
-2242
-3179
-6286
8830
4930
11562
11904
5770
5221
8629
9756
20014
14772
12522
7043
2004
5119
2099
7030
4394
-2867
-4207
-13220
-6698
-7823
-7226
-6241
-11547
-12955
-14077
-12038
-7545
-1566
-3095
-4526
-6135
-7402
-4843
1261
2135
5580
1612
-1950
-976
1505
3110
5170
214
-3906
-5970
-7954
-5481
-2043
-3671
-1910
5047
-7999
2512
-7318
223
7051
4281
13691
10822
5191
8439
7502
14267
19554
12538
13981
3651
5763
3600
2742
8763
937
-686
-6790
-10203
-5578
-8626
-6235
-7095
-11105
-11641
-12958
-10499
-4401
-1500
-3658
-5595
-7084
-7537
-2411
409
3440
3110
-403
-3892
-3
1299
3456
3193
-3621
-4239
-8117
-6186
-5131
-808
-6413
2391
-649
-5173
2538
-9366
6719
3694
7984
14829
7797
7501
10108
9073
18417
16038
13381
11086
4460
6916
2636
5020
6251
-822
-1235
-9144
-7805
-5962
-8726
-3832
-9006
-10188
-11302
-11621
-7053
-2215
-1543
-3861
-4571
-6376
-4469
-437
1616
3548
3301
-1743
-917
700
1111
3621
-1079
-3720
-5886
-7456
-5672
-5233
-3327
-8765
3013
-4250
-1466
-1139
-8133
6352
1548
9212
12864
7717
7149
10314
8268
18645
13967
12669
10659
3929
6966
1425
5284
5589
-1109
-1285
-10305
-6926
-6599
-7484
-3486
-9562
-9298
-11631
-10471
-5965
-1663
-1583
-3759
-3959
-6865
-3135
-127
1911
4900
2125
-1419
-1194
306
1048
2897
-1172
-4020
-4979
-7596
-5865
-4996
-5396
-6416
3669
-4648
128
-4763
-6646
5902
1365
10513
12934
6855
8612
8895
8686
19813
12214
14880
8177
4137
6194
-926
8457
3482
-215
-3505
-12611
-5314
-8455
-5228
-4139
-9266
-9103
-11229
-10237
-4404
-896
-1416
-2323
-5376
-5070
-2634
622
4158
5268
713
-1728
-2556
760
1149
2636
-2114
-4180
-5819
-8402
-5670
-4500
-5379
-3830
3710
-5486
1156
-7039
-1513
6582
2767
12543
10235
6378
10915
7347
12978
17606
11307
13542
5548
6515
3729
2480
7128
872
-550
-7321
-9401
-5689
-7922
-4059
-6963
-8928
-9459
-10651
-8006
-3807
-989
-2450
-3186
-4909
-4591
-907
1005
4670
2890
121
-2381
-1051
656
1725
1562
-3693
-3963
-7307
-7856
-5356
-5569
-5926
-5594
2359
-5841
924
-6556
-2107
5660
1592
12900
11022
9155
10308
7890
12754
17576
13281
14923
7952
7013
4449
1995
6401
2091
479
-4751
-9489
-4543
-8781
-4565
-6003
-8692
-8298
-10896
-9129
-3897
-1611
-2420
-2857
-5965
-3886
-1934
1119
3059
2862
-821
-2754
-2239
-370
368
29
-4176
-4980
-8704
-7900
-7594
-5368
-8915
-1257
-1154
-5600
12
-10581
3119
961
5819
13513
9769
8862
9219
7818
16977
16389
14826
14054
5879
8460
2590
5104
7164
1465
1517
-8092
-5841
-5352
-7254
-1565
-6088
-6190
-8407
-10613
-5870
-1600
14
-892
-2701
-5145
-2116
-998
2195
4755
1762
-1222
-3408
-1808
-985
1078
-1817
-5008
-7186
-11159
-8510
-8611
-6159
-9999
-1173
-5087
-4736
-2847
-10173
3316
137
6692
12969
9014
8376
10277
8210
17747
15623
14779
12776
6672
7832
2241
5968
5592
2179
761
-8060
-4413
-6403
-6191
-1484
-6232
-5295
-8183
-10201
-5070
-970
899
349
-775
-3702
-1272
-533
2899
6238
3090
-11
-1618
-945
-774
1647
-2261
-4717
-6782
-12449
-8623
-10412
-8483
-11437
-4843
-3788
-6672
-3609
-12890
891
-1694
4757
12486
9471
8272
8613
6208
16642
16068
15548
14200
6396
7491
1116
5612
6445
4185
1670
-8214
-5117
-7186
-5691
-1118
-5434
-3840
-8723
-10334
-7184
-1324
1762
1457
605
-4339
-1337
-1857
4217
7507
4876
1296
-1355
-1705
673
2498
-1056
-2194
-6871
-10857
-10034
-11470
-7090
-10941
-653
-4490
-6938
-5633
-14204
2423
-702
7324
13434
7452
6935
6941
7585
17411
16471
16400
10931
5742
5008
918
6497
5984
3722
-1207
-9850
-5850
-8074
-4894
-1649
-6306
-5642
-9393
-10246
-5477
-562
2257
868
136
-3865
515
1089
5493
8586
3935
3179
-519
1292
2704
2228
-202
-3404
-6226
-10305
-9333
-10859
-7217
-12329
-4666
-3344
-8221
-2176
-14212
602
-3292
4103
12922
10550
9217
8703
6626
14197
17679
15108
15812
6701
7423
641
3282
7057
1952
2515
-7929
-7039
-8092
-9795
-4156
-6293
-7398
-8817
-13212
-10546
-3141
-2033
1094
-137
-3542
-604
-1472
3300
7923
5667
6907
871
3479
-252
3227
1034
-174
-2235
-8620
-9158
-11077
-7837
-10282
-4108
-336
-7197
-2612
-13681
-3367
-241
4456
13580
11558
7794
6478
7435
12465
19331
16086
15955
7817
6065
1133
2921
6186
4314
2854
-7133
-8225
-9355
-10102
-3852
-6442
-8596
-9185
-14266
-10569
-5251
-3061
-393
-1025
-4889
-843
-3125
2108
6856
5464
7710
1380
1612
614
2351
2653
357
-1040
-6902
-8108
-9733
-9247
-7193
-8122
2951
-6002
-2267
-9810
-7291
1008
2508
11699
13294
8725
7753
8598
9611
18657
14891
17786
10168
7195
2807
-171
6826
4764
4058
-2301
-9701
-8210
-11684
-6839
-5103
-9841
-7811
-14660
-12871
-8429
-5770
-1378
-1264
-3696
-2833
-4445
-375
3744
7396
6957
2173
2211
-1830
2590
2338
1977
957
-4601
-7809
-9285
-9311
-5698
-6884
5219
-5226
-1924
-9030
-7342
3017
2779
13479
13474
9012
7660
8209
9421
19448
15621
19157
9998
6688
2448
-651
7941
4877
5131
-2073
-11009
-7966
-13413
-6688
-4735
-9749
-6504
-16954
-14080
-9597
-7028
183
-1855
-3230
-3931
-6466
-1260
3623
7069
7135
1866
338
-1371
389
2545
2826
1012
-3456
-8631
-10506
-9733
-5741
-7991
1214
-1295
-5795
-2251
-11233
2144
2398
8258
14725
12024
9963
10225
9247
16309
18706
19006
14344
9680
6286
900
6751
5283
5144
2012
-8498
-7333
-12066
-11377
-5287
-11008
-7055
-13484
-16282
-12156
-9342
-4092
-2484
-2927
-4818
-3591
-4605
220
4948
4784
5111
1408
-695
-135
177
1830
1069
-413
-7202
-8460
-11642
-7137
-7547
-5465
4258
-6322
1404
-9677
-3706
2339
5168
14304
14641
12534
10076
9229
12471
17955
19299
18173
11533
9737
2175
3563
5103
4755
5957
-3154
-8177
-10499
-14034
-6937
-9272
-7849
-9702
-15752
-14179
-11553
-6791
-2874
-1655
-3035
-3171
-5551
-3283
1200
5269
7148
4377
843
-1801
-832
-36
2197
1230
-4260
-7197
-10838
-10092
-8207
-7395
4163
-3061
188
-7090
-8756
230
1827
12812
15156
14068
8910
9087
8575
16586
18177
19777
14738
11052
4175
558
4682
5229
6973
1543
-7118
-8514
-14434
-9800
-8459
-8091
-6866
-13057
-14142
-12625
-9819
-6182
-1636
-2071
-1684
-4871
-6349
-1230
2105
6362
5609
1673
-134
-2604
-1447
467
541
-536
-4858
-7991
-10153
-7788
-9063
715
2446
-1115
-309
-10133
-1841
935
8377
15830
16889
11569
11449
6750
13131
17064
19076
18909
12816
8547
-11
2655
3585
5292
4835
-4445
-6248
-12558
-13795
-9751
-11310
-6194
-9786
-13054
-13154
-12881
-10555
-4423
-2101
-1558
-2175
-7039
-4055
-1243
3252
5087
3772
1764
-785
-1818
-2249
-913
262
-3051
-3335
-7882
-7572
-8382
-5775
5149
-540
3790
-4333
-4813
1835
2112
13818
16893
15435
14105
9092
10479
13724
16703
19358
15085
13949
4130
1324
2629
1652
5218
237
-3306
-6083
-14063
-11431
-12612
-10213
-6301
-10945
-10702
-13454
-13034
-9315
-5405
-3021
-1674
-4320
-5888
-4643
-1382
1083
2297
3346
815
-368
-2634
-3644
-1926
-2113
-2580
-3351
-6539
-6364
-8448
-1339
2653
1366
2573
-2444
-606
2974
4640
14871
16070
14890
15327
10090
12875
13182
15357
16299
15099
12185
5473
3050
2010
938
2218
-700
-1052
-6332
-10543
-11657
-12972
-10223
-8795
-9648
-10585
-10447
-13278
-10042
-8853
-7022
-4131
-6027
-5255
-4756
-4951
-3599
-2128
-688
276
-889
-2282
-3138
-3282
-3134
-2582
-2216
-1710
-1137
-1968
1548
3722
2938
3234
2668
3764
5734
6460
11679
12845
12318
11117
9494
9731
10687
11069
10861
10010
8012
6479
3401
4197
2597
1806
1852
-646
-1325
-3781
-5311
-5233
-6724
-4211
-7183
-7166
-6739
-8300
-6327
-7656
-7886
-7290
-9823
-7811
-7506
-6864
-4985
-6872
-4721
-6300
-5036
-3361
-3580
-1091
-2777
-1383
-1265
-1082
1058
653
1652
2046
2353
3517
3528
3654
4170
4488
4525
5227
3831
5351
6101
5954
8052
6277
6661
5977
6860
7394
7675
8455
6424
6441
4810
3418
3386
2127
2608
1267
929
-1141
-2628
-3484
-3783
-3722
-3652
-4487
-4436
-7075
-7103
-7953
-8502
-6144
-8535
-5920
-7813
-7334
-5741
-7091
-4655
-6223
-4907
-4344
-4358
-1927
-3274
-1652
-1454
-927
-224
-805
669
1017
3515
4408
3849
4319
3318
4627
5338
5132
5681
4651
4934
5745
5085
5173
4936
5370
5626
5925
4732
4560
4244
4237
4183
3560
3072
1717
1777
655
500
-649
-1079
-873
-3264
-3734
-5372
-5797
-5211
-6201
-5410
-7824
-6752
-6934
-7461
-5756
-7901
-6113
-6321
-4836
-3264
-4699
-2367
-2116
-195
558
258
1341
1819
3979
4760
4322
5343
3398
3883
5106
4293
4642
2987
4260
5396
2758
2253
1326
2622
2337
1893
1510
2
-919
-1413
-421
-167
54
-739
391
71
-450
-632
-1186
491
-165
-575
-1300
-2100
-975
-1931
-1638
-2449
-3370
-2683
-3172
-1733
-3054
-2780
-2901
-2592
-2323
-3059
-1627
-1387
291
1120
740
815
351
2382
4271
4598
4961
3688
4030
5996
3625
4135
4478
5076
4967
2674
2741
1993
2074
-369
1372
-445
-3037
-2548
-1648
-1088
-5148
-5791
-4583
-4448
-4255
-2252
-1406
-3394
-6271
-6452
-5695
-5300
-4206
-1879
-118
-621
-2670
-4070
-2533
334
-51
1436
2946
1934
1698
202
1860
2325
2289
4881
5502
4630
2846
2416
4716
4943
4824
4917
3085
5386
5044
4144
4162
2434
3442
2190
2948
3533
752
1746
304
-614
-1976
-2638
-1974
-3503
-3545
-3199
-4822
-8262
-6690
-4293
-5573
-8417
-6737
-5875
-8234
-11195
-7928
-5039
-7146
-4033
-724
-653
-3454
-5449
-3704
-742
-350
315
4563
6704
4785
5127
4629
6440
8012
7086
10000
10230
9860
9347
8211
8406
7168
4463
5595
6503
6224
5005
1346
30
-1746
-1739
-1648
-990
1115
135
-1019
-4212
-5379
-6484
-6937
-4231
-2854
-1898
-3865
-4515
-6359
-5801
-6177
-5460
-4149
-4814
-4501
-6841
-7857
-8134
-5410
-6461
-7917
-6791
-7474
-6572
-6415
-5446
-2900
-20
1734
1417
1670
543
4688
7127
8438
14919
14357
14221
14470
13625
16335
14542
13956
12957
13897
13811
8900
3733
2169
1248
-130
-1420
-1463
-3163
-5967
-9080
-11866
-10753
-11080
-9369
-6481
-4313
-2838
-5488
-7397
-6207
-3933
-2715
-1270
949
1008
480
-3464
-5710
-4968
-3585
-1791
-2416
-5085
-6568
-9476
-12253
-11987
-11216
-9609
-7763
-8119
-6514
-3105
952
4531
3451
4199
4967
7829
10513
15042
20585
19825
18710
15137
14434
15588
13429
12019
10336
9403
6745
-723
-4907
-7540
-8541
-9810
-12006
-11486
-13860
-15053
-16160
-16389
-12006
-9719
-6891
-3651
-707
1454
715
361
2603
5707
6495
6635
6604
5709
4613
1083
-2391
-2662
-3876
-4953
-6914
-9910
-11201
-13384
-14225
-13298
-10742
-8647
-6869
-5956
-1135
5329
9330
9733
9707
11168
13195
14954
17343
21260
22583
19043
14952
10586
10438
8515
3623
2273
161
-2424
-9044
-14980
-16050
-15990
-16258
-15986
-15335
-13396
-13547
-13584
-11888
-7124
-3132
-535
3925
7427
10002
8386
6256
7490
8346
9993
8811
6334
4708
1233
-2761
-6703
-8416
-8960
-9449
-9879
-11228
-11678
-13249
-14229
-12040
-9228
-4620
-2496
848
8372
14245
15516
14126
12337
13909
18080
18296
22745
22606
21186
16132
9729
7012
4542
64
-3352
-5620
-6430
-11124
-17081
-20772
-21252
-19682
-19574
-16921
-14273
-11474
-10017
-9801
-7118
-2370
1188
4434
8406
12991
15427
13689
10045
7846
6237
5261
3769
1915
1456
-1589
-6315
-10277
-12195
-12244
-12866
-12540
-10947
-9151
-8611
-8470
-7212
-4485
-1963
735
4331
11893
18674
23339
19970
15944
13103
14030
15777
17648
21118
19282
14973
7739
1644
-2529
-5532
-9373
-10355
-10594
-11342
-16266
-20551
-20796
-19207
-17353
-15346
-12035
-8283
-4971
-3298
-2963
440
3105
6013
8508
11424
14031
12816
10316
7073
5346
2156
-536
-2833
-3809
-4851
-6207
-8839
-10496
-11258
-11668
-10427
-8920
-5619
-3539
-3434
-1197
649
2301
4180
4079
6668
9842
15170
20559
21973
19765
14325
9544
7659
8171
8757
11236
10796
8973
3303
-1414
-5976
-8186
-11250
-12014
-12549
-12578
-13759
-15628
-15302
-14419
-12628
-11476
-8241
-5568
-3045
-2068
-1256
488
3646
5136
6960
9103
9918
9619
7560
4566
2790
-70
-1539
-2703
-3195
-2991
-4000
-4221
-5212
-5706
-5803
-5592
-3559
-1010
978
1464
1726
2063
2496
2818
2509
4532
5357
10216
13899
15535
13830
8545
5040
3124
4011
4716
7981
8159
8497
4504
1130
-2555
-6434
-10230
-12935
-12502
-12953
-13737
-15245
-15592
-14004
-11829
-10751
-8439
-7298
-5489
-4068
-2653
994
4280
6536
9512
11198
12844
12395
9764
8124
5577
5101
2768
1016
-446
-268
-412
-1313
-2822
-4747
-5454
-5917
-4137
-2365
-1603
-1482
-2561
-1664
-1539
-1579
-2587
-1086
647
6163
10692
13784
11948
8563
6096
4280
5092
4667
8088
8511
8989
6364
2197
-1848
-5807
-11837
-13599
-14953
-15402
-16492
-17709
-16176
-12514
-9813
-8614
-6988
-5894
-2601
-2135
500
4177
8820
13043
15523
18235
18392
16182
12773
9921
9250
6338
3058
124
-2028
-2153
-3535
-5030
-6757
-7551
-9850
-10058
-9573
-6943
-5770
-4510
-2743
-2601
-2679
-3006
-4091
-983
1217
4607
9708
11419
13477
9235
7834
5218
4679
2756
5062
4927
6093
3822
1030
-1255
-3054
-7549
-12517
-14724
-16792
-15696
-16864
-12894
-10136
-5553
-3995
-883
1436
2609
4097
2655
6105
10653
14438
18615
19299
19671
18302
13842
9489
4844
1591
-1640
-4260
-6779
-7858
-8999
-9659
-10289
-10360
-11384
-12286
-12938
-10866
-7923
-5050
-2660
-1349
-252
-417
-686
-1766
-611
827
5686
8732
11607
9268
7938
6288
5636
3573
2576
4037
3065
4440
1599
2390
1169
282
-6653
-8648
-11428
-11781
-10972
-11213
-5594
-3293
-186
1767
3372
6111
6325
4904
5730
7996
10544
11221
12548
14724
15846
13983
8350
3484
-1265
-5747
-9871
-12653
-14159
-12686
-12295
-10030
-8792
-8901
-9541
-10896
-10566
-8064
-7033
-4695
-2184
-196
1322
450
-467
604
148
4355
6732
9706
8241
7138
6977
6517
6835
3997
8358
5819
7089
3401
3115
4731
2992
88
-3793
-5325
-7200
-9144
-9791
-6480
-3978
-850
-443
2976
3794
5145
4814
2789
6245
6205
7632
7606
8794
11145
10285
6865
1978
-2043
-6426
-10058
-13375
-14556
-13211
-12792
-11810
-10355
-8993
-7687
-7886
-7083
-6085
-4615
-4338
-3082
-1304
549
1382
1070
1082
1836
1430
5622
6607
10754
8127
8865
7802
7686
7052
7404
11096
9119
10211
6138
8012
8093
5614
-1183
-3556
-6772
-7062
-10174
-10874
-7293
-5184
-2089
-1876
-77
-281
1218
-615
885
3923
3303
3968
3219
7122
9284
8147
3794
130
-3211
-6950
-11185
-15136
-15168
-13511
-12684
-10685
-8830
-6842
-6168
-5615
-5211
-3253
-2970
-2477
-440
590
2921
2702
2573
3407
4534
4344
8891
9107
13355
9459
10236
7826
8224
7153
8499
11171
9710
10657
7001
8255
6558
2786
-3904
-5696
-8297
-8589
-11914
-12209
-8775
-5821
-4228
-3859
-2521
-1615
-77
-1674
-638
1805
1910
3392
4043
6437
6938
5214
1850
-850
-4169
-7839
-11697
-14998
-14344
-12942
-11590
-9519
-7748
-4700
-3319
-1895
-1615
305
860
1153
2838
2429
4606
4201
3982
5629
5721
5125
9184
9042
12154
8702
7422
7271
7919
7330
8170
10482
9296
10675
7264
7342
5665
1749
-4275
-6600
-8824
-10596
-13536
-15568
-10701
-8536
-7269
-6416
-5865
-2911
-1910
-2411
-2155
658
1073
2750
3552
5340
6229
4621
2077
-787
-3497
-7577
-9310
-11434
-11062
-10574
-10394
-7912
-5654
-2471
531
1889
4625
4365
5930
4308
5768
3897
3822
4161
3953
4508
3562
2643
2993
6878
6162
7202
3045
5781
5263
5925
4663
7568
8773
9125
8280
5001
6152
4567
-702
-5472
-7921
-10231
-11186
-14091
-12565
-10857
-9996
-9534
-8607
-5871
-3508
-2871
-3371
-2245
1105
1250
2154
2411
4797
5889
4178
2353
696
-782
-1489
-3208
-5606
-4671
-5500
-3333
-2178
-82
2387
4191
6681
7369
7471
5640
3839
2649
5
764
-608
-361
-1106
-823
-2642
-1186
1284
914
3177
-233
4961
3384
5403
5620
8532
10559
9338
7741
5667
6970
4796
-1251
-5449
-7248
-9395
-11192
-15562
-15396
-13195
-12005
-11865
-11041
-8661
-5057
-3639
-3448
-69
3618
4192
4854
4561
8125
8657
8014
7508
6984
7496
5007
2299
-727
-518
-1367
-1422
-480
875
2619
3633
3916
3450
1464
-644
-3076
-3128
-5494
-5619
-7268
-7694
-6437
-6319
-6157
-3376
60
2041
3892
2684
7635
7330
9617
8087
11190
11030
10024
8258
5658
7148
3440
-2565
-6929
-8106
-10137
-13500
-18102
-17264
-15327
-13759
-13177
-10797
-6500
-1289
1283
3065
5971
9641
9923
9548
9445
10773
12833
12259
11991
10504
9514
6524
2246
-1274
-3262
-4788
-5705
-5608
-5174
-4163
-4403
-3787
-5345
-4633
-5408
-6241
-6221
-8868
-8032
-8339
-8369
-5959
-4983
-2357
-1211
3395
4087
7831
7521
10415
11336
10835
10979
10977
12637
9381
7615
3397
4952
3481
-1855
-5764
-7017
-8282
-9620
-14808
-15419
-13820
-12070
-10739
-8582
-2846
1710
5649
5978
8137
12487
11090
11109
9236
11180
11861
8687
7398
4661
5497
1314
-1383
-5386
-6087
-7358
-9852
-10481
-10265
-8805
-8397
-7165
-6088
-4694
-5164
-5398
-5108
-4717
-4592
-3715
-3160
-1629
-2092
-2456
-3060
-1566
3400
4122
8137
8424
11995
13490
11571
11189
11163
11564
9457
7041
5318
6333
5860
1063
-2695
-2568
-5041
-6701
-11271
-12232
-10987
-11711
-11179
-9357
-4298
-158
2556
3418
5491
8180
7275
6224
5435
5384
6182
4516
2892
2239
1846
84
-2027
-5529
-6103
-6934
-8201
-7690
-8104
-7187
-7201
-7467
-7910
-6670
-6154
-4645
-3777
-2729
-1668
-1112
-1397
-1224
-1300
-854
-569
1348
4777
6079
11261
10916
15770
15572
15288
14391
13997
14000
10488
8383
4528
4498
2906
-604
-3664
-3811
-6615
-9174
-14487
-15933
-15809
-15403
-15363
-12513
-8216
-4073
-1743
-212
3721
7503
7779
7162
6718
6577
7275
4646
4185
2925
3499
1299
-866
-2366
-3051
-2735
-4491
-5744
-7114
-8746
-9865
-10405
-9108
-7478
-5819
-4207
-2575
-259
1190
3136
2964
3462
2730
2947
2491
4529
8474
10008
14480
14445
17275
17256
15642
13554
11091
9569
5073
1079
-2205
-3748
-4527
-9472
-11693
-12111
-13594
-13445
-17964
-17602
-15628
-13736
-12268
-11506
-6672
-1999
1706
3855
6712
10829
11488
10121
8727
9067
9568
6849
3259
1219
1177
43
-1800
-3514
-3518
-3431
-5333
-6004
-7126
-6676
-6905
-7364
-5529
-3568
-679
1108
3637
6372
7664
8699
7548
6344
5198
4427
3737
3171
6297
5767
7966
7342
7826
8774
6287
5567
3167
2081
-1384
-5351
-8535
-8269
-7965
-9573
-11682
-10497
-10570
-10785
-11579
-12447
-9596
-9075
-8614
-6677
-3594
640
2172
3537
5911
8925
10270
8949
9651
8842
8497
5256
2973
1905
1734
485
-934
-1000
-1069
-677
-2479
-2349
-2527
-2047
-2371
-1522
-692
685
2131
2519
3946
4819
5316
5279
4856
2718
1508
-622
-1693
-3387
-2259
-1548
-508
1421
1007
4204
2521
2137
942
1067
159
-1385
-3594
-3631
-3705
-4986
-6644
-7240
-5190
-6423
-5603
-7876
-6724
-5761
-7231
-5799
-4816
-864
1617
3095
5690
7646
10585
9295
9461
8500
8559
7980
5675
4651
3551
3741
2743
1588
525
438
-238
-858
-1026
-1405
-1763
-2823
-3191
-2669
-1523
-1491
-1066
-830
-806
-568
-1138
-1419
-2717
-3745
-4918
-4878
-6189
-4543
-4056
-2722
-862
-722
2234
2400
3770
4463
4997
4583
2437
348
555
240
459
-1656
-2293
-1875
-4827
-5185
-7985
-5950
-3985
-4391
-3330
-2312
998
2977
3809
4788
6564
8610
8183
7788
8201
8268
7752
6644
5434
5541
4130
2029
471
-965
-1200
-3241
-4533
-5333
-5011
-4412
-4929
-5691
-6247
-6308
-6134
-5740
-4479
-4555
-2586
-2665
-2380
-3270
-4066
-4280
-4785
-5279
-5065
-2231
-1632
1891
1954
5860
7831
7907
8243
7599
8749
7717
5515
4244
3602
2997
172
-2692
-1541
-2866
-2396
-5118
-5077
-2946
-2857
-2712
-3578
-1039
710
1317
1327
2898
5461
6046
6079
6357
7812
7667
6033
4135
3495
2846
378
-2573
-3635
-3406
-3194
-4456
-5629
-5602
-6136
-7241
-7623
-7311
-6019
-5486
-5595
-4381
-3159
-1797
-1557
-1507
-770
-1292
-1893
-3084
-2441
-1355
705
2380
3284
6580
7360
10318
9681
9873
10178
9123
8107
5554
3846
3120
2558
843
-1204
-2281
-1505
-3283
-3782
-5578
-6040
-5177
-6108
-6350
-5860
-4465
-2897
-1011
177
2568
3853
3647
4090
3739
4093
2275
1150
596
-228
1069
-790
-1248
-2576
-2982
-3120
-4682
-4285
-4866
-4323
-4118
-4715
-4099
-3718
-1989
-422
-36
375
190
459
568
464
-385
-423
-174
96
146
2492
4178
5615
6738
6400
8803
7576
7410
6111
5089
5434
3295
2426
2127
2196
1183
-1201
-2235
-2899
-4644
-6214
-8255
-9048
-8126
-9200
-8187
-6637
-4484
-1827
-1814
-805
-57
526
506
436
1115
2143
2797
3070
2985
3261
3705
3668
3519
3109
2363
751
-486
-922
-574
-457
-209
-1271
-1182
-1243
-754
-1195
-1887
-1728
-1593
-1333
-2088
-1505
-1975
-668
-989
-526
-799
1404
3019
2651
4672
3756
5949
5251
4381
5850
5729
6304
4974
2742
3373
2173
1073
-1947
-4942
-5046
-7464
-8088
-9797
-9668
-8368
-8444
-8006
-6620
-5082
-3530
-3213
-2072
262
2640
4167
4972
6898
8108
9163
8717
8764
8557
8222
6676
4706
3535
1959
792
-505
-1091
-1856
-3300
-4562
-5642
-6048
-6766
-7027
-6794
-6282
-5191
-4547
-2880
-1384
-598
197
-521
45
-603
-1283
-770
417
1617
2772
3563
4267
5632
5577
5850
6571
5811
4381
1801
514
1141
-571
-1725
-3841
-3209
-3531
-5484
-5961
-6830
-5778
-5628
-6361
-5626
-2804
-945
1292
2417
4393
6347
6917
7540
8192
8859
8690
7161
5688
5244
5076
4205
2416
1220
-52
-1540
-3864
-5669
-7131
-7994
-9392
-10099
-10411
-9809
-8339
-6978
-5169
-3524
-1850
-200
732
944
849
532
797
-111
-29
-554
1389
3085
3331
4515
3857
5041
4080
2609
2142
2680
3683
4348
3920
4282
5058
3753
2205
913
697
160
-2201
-3386
-4195
-3216
-2891
-3139
-1743
274
1835
2365
2118
1881
2804
2374
1951
2228
2333
2793
2673
1979
1898
1192
-53
-1370
-3138
-4099
-5832
-6667
-7299
-7877
-7337
-7072
-5874
-4809
-3561
-2333
-1739
-798
-1302
-844
-266
626
1175
1160
1763
2207
2024
1464
536
882
1337
-233
273
-292
1806
3597
3944
5963
7916
9303
9778
8852
8862
8969
6886
4226
1529
1294
-768
-2860
-4957
-5382
-4726
-5668
-6991
-7050
-5260
-5666
-5243
-5971
-4666
-2507
-2470
-1919
-427
1582
2117
2249
1867
2209
1700
862
-43
134
44
-953
-1746
-1811
-1184
-1633
-2243
-2777
-2161
-2750
-2749
-2363
-1465
-175
-474
474
1475
2555
2351
1893
1400
813
-77
-1991
-1873
-480
-163
991
2170
4464
7357
8318
8774
10427
11182
10256
8341
5781
5203
3231
416
-2164
-3766
-4805
-7280
-9024
-10330
-10306
-10381
-11626
-11690
-9881
-8415
-7257
-5297
-2953
343
2248
2503
3148
4062
4554
4350
4322
4637
5303
5018
4019
4271
3842
3591
1885
1269
575
-505
-1185
-2812
-2741
-3026
-3072
-2227
-1870
-957
-333
-250
451
580
575
486
-215
-1228
-1659
-2402
-2547
-1457
-453
967
3430
5141
6986
8364
7335
7219
7166
5702
4937
2966
1946
1338
-641
-2014
-5348
-6738
-8596
-10848
-11855
-13022
-11716
-10166
-8787
-5647
-3025
-412
2363
3440
4884
6417
6924
6011
6154
5974
5953
5768
5150
4953
5138
4463
3732
3022
2497
1204
-1164
-2253
-3326
-3281
-4301
-4134
-3627
-3011
-2052
-1354
-686
-315
-647
-1748
-1948
-2795
-3726
-4688
-5002
-3883
-3235
-2132
-1526
1409
2386
3534
3970
2803
4471
3497
3849
3913
3787
3615
2684
1789
1269
-492
-2541
-4374
-5533
-5641
-6798
-6107
-6241
-4267
-2086
185
2625
4857
6043
6477
7115
6374
6538
5330
4118
3669
3629
3565
3461
2976
1948
1087
-347
-1936
-3890
-5024
-6626
-7057
-7572
-7093
-6073
-5396
-3330
-2813
-1240
-934
-214
-681
-1116
-1117
-2139
-1979
-2388
-1187
12
226
-104
-759
-923
-1716
-1911
-1760
-799
928
1138
2058
3663
4754
5762
6213
6449
6954
6264
4938
3451
1763
754
-693
-809
165
687
1721
1925
2859
3209
3091
3159
2453
1736
1553
538
-685
-197
-935
-916
-1094
-1320
-1433
-2234
-3113
-4869
-5298
-6311
-6331
-6325
-5549
-4584
-3926
-3072
-2821
-1865
-1695
-1519
-1721
-2191
-1726
-1194
-629
97
818
1283
1282
911
277
33
-1043
-1729
-3088
-2887
-2965
-1096
337
1600
4413
5265
7543
7901
8213
8278
8163
7974
7144
6101
5800
5397
4182
3497
2335
2209
1441
71
-900
-1996
-2320
-3440
-4704
-4328
-4463
-4746
-4734
-4893
-4015
-3240
-4059
-4720
-5327
-5287
-4812
-4412
-3729
-2710
-1345
-736
-719
-773
-622
-717
-731
-1566
-1930
-1593
-1096
-223
-65
969
1863
2727
2715
2567
2539
2258
1460
610
-621
-335
-610
-1588
-1238
-1265
-599
493
1200
2353
4137
4713
5756
6277
6534
6965
7066
6684
6851
6582
6991
6129
4621
3216
1249
385
-1794
-3737
-5425
-6994
-7649
-8487
-9069
-8454
-8719
-8560
-7837
-7768
-6438
-5381
-4389
-2434
-722
767
1992
3596
4665
4684
4599
3902
3778
3343
2291
1432
1183
1100
711
316
-24
216
570
128
660
1056
913
564
-634
-331
-1105
-1420
-2745
-2988
-2743
-2876
-2578
-2906
-1879
-1002
951
840
2195
2740
3612
5310
5297
6400
6356
6981
6982
6544
6319
5729
4027
2148
-324
-2727
-4676
-7223
-8928
-10345
-11430
-12144
-12102
-10894
-8410
-6438
-4401
-1453
573
3478
4633
5814
6982
7741
8226
7950
7968
7247
6618
5129
3303
1379
-632
-2833
-3740
-5123
-5572
-5367
-4631
-3288
-2695
-1910
-1680
-523
-238
-120
-591
-974
-764
-1303
-1388
-1182
-344
-612
-630
-1012
-969
-954
-1337
-619
-670
573
814
1473
3453
4615
5837
6621
7382
8052
7830
6822
5115
2391
287
-2285
-4220
-5331
-6252
-6576
-5999
-4782
-4120
-3289
-3065
-1886
-836
93
897
1284
2808
3718
4716
5223
5245
5031
4411
3147
762
-1344
-3231
-4776
-5476
-6206
-6227
-5572
-4273
-3236
-2071
-694
-68
394
126
49
719
1017
944
1052
1220
1568
1710
977
688
-6
-1594
-3528
-4941
-5109
-4651
-4192
-2821
-497
1756
4275
5234
7014
8072
7880
7894
6941
6982
6327
5655
5697
5853
5580
4343
2609
781
-1067
-3822
-6116
-7954
-9186
-10073
-10303
-9524
-7885
-6372
-4477
-2968
-1536
-334
-215
722
1293
2192
2403
2297
2422
2363
2458
1794
1170
436
-919
-1759
-2551
-2379
-2259
-2131
-1980
-1385
-551
261
1009
1333
1676
932
263
-233
-913
-1372
-1915
-1388
-469
220
1190
1424
2544
2626
2321
2155
2605
2795
3115
3347
4172
5880
6313
6858
7175
7521
6975
5324
3210
1833
-726
-3317
-6012
-7991
-8974
-10608
-11729
-12272
-12189
-11938
-11094
-9349
-6936
-4351
-1589
1262
4402
7279
9150
10444
11409
11359
10186
8719
6607
3863
1342
-1563
-3072
-4639
-5643
-6484
-6182
-4924
-4247
-3172
-2888
-1650
-1258
-812
-390
594
2307
2942
3586
4342
4791
4832
4083
2814
2331
1346
549
-287
-828
-576
-877
-1232
-1048
-652
-707
-476
-1155
-750
80
135
799
1193
2019
2374
1805
1360
-220
-1242
-2508
-4224
-5124
-6414
-6819
-6724
-5920
-5053
-3328
-1053
1245
4002
5810
7416
8581
8824
8103
6637
5633
4329
2541
1179
-325
-1520
-2445
-3825
-4812
-5073
-5543
-6138
-6155
-5325
-3866
-2287
-1309
88
1136
2113
2522
2401
2358
1762
1972
1532
1258
1114
914
801
65
-941
-1954
-2677
-3664
-4569
-4983
-5400
-4944
-4280
-2864
-1238
185
1814
2593
4399
5205
6052
6260
6181
6174
5419
4685
3820
2781
2260
1377
512
399
-753
-1054
-1812
-2654
-3048
-2577
-1830
-1755
-724
68
1325
1948
2039
1529
1156
697
-452
-996
-1709
-1976
-2466
-2946
-2792
-2792
-3003
-3426
-3684
-3456
-3545
-3268
-2783
-1433
-391
57
-43
-128
888
1085
842
441
315
260
-300
-671
-845
-682
-564
-1144
-1156
-530
309
724
1085
2199
3533
4328
4754
5068
5631
6537
6629
6836
7090
7088
6038
4807
3642
2143
584
-1481
-3603
-4954
-5993
-6786
-6529
-6405
-6072
-5120
-4350
-3344
-2238
-1566
-846
357
1063
987
1226
1579
2072
1879
1157
-10
-593
-1174
-2159
-2982
-3444
-3852
-4290
-4336
-4085
-3308
-2734
-1809
-1341
-257
675
1191
2153
2261
3027
3284
3187
3375
3175
3332
3443
3232
3125
2692
2249
1775
510
107
-399
-742
-530
-660
173
505
753
1567
2086
2866
2509
2292
2020
1603
1116
164
-756
-1427
-2500
-3467
-4186
-4632
-4692
-5144
-5584
-5234
-4316
-3724
-3218
-2231
-666
241
1214
1680
2646
3738
3718
3323
2864
3071
2034
790
-341
-1155
-1119
-2029
-2373
-2822
-2355
-1823
-1809
-1138
-286
826
1545
1660
2322
3149
3508
3685
3404
3808
3612
3254
2306
1190
373
-1020
-2171
-3180
-3488
-3104
-3158
-2824
-1958
-1179
-150
419
602
1318
1561
1618
1820
1516
1546
1189
1235
972
470
382
-519
-1150
-2430
-3648
-4297
-4273
-3998
-3785
-3087
-2024
-634
869
2084
3256
4364
4562
5004
4649
4588
4118
3018
2364
941
284
-525
-1350
-1813
-2630
-2923
-3400
-3569
-3431
-2929
-1825
-691
226
1431
1843
2683
2879
2453
2272
1549
1102
207
-667
-1588
-1880
-2429
-2768
-2815
-2832
-2765
-3005
-3207
-3240
-2862
-2791
-2558
-1923
-1242
20
1166
2622
4046
5059
5797
6082
6092
5676
5082
3951
2665
1095
-514
-1703
-2369
-2749
-2347
-2554
-2416
-1958
-1866
-1187
-886
-83
831
1648
2112
2042
2114
1951
1199
708
117
-633
-1411
-2588
-3181
-3494
-3321
-3370
-3226
-2249
-1254
-575
-163
143
497
730
123
-575
-703
-811
-523
-1020
-1269
-1670
-1505
-1239
-1661
-1316
-1580
-1657
-1985
-2156
-1938
-1326
-60
1159
2739
4261
5383
6222
6707
7154
7176
6941
6127
5027
4273
3675
2411
850
-649
-2057
-3101
-4240
-5226
-5624
-5068
-4468
-3969
-2737
-1706
-241
938
1815
2798
3086
3243
2215
1608
1168
249
-662
-1939
-2285
-2810
-3421
-3778
-3962
-3486
-3438
-3607
-3712
-3005
-2603
-1864
-1487
-1060
-177
293
1208
1442
2241
2366
2001
2073
1656
1548
1292
1076
1433
1591
1640
1346
1183
1947
1834
1944
1921
2228
2869
2941
3181
2909
3128
2718
1767
1349
891
309
-574
-1326
-1175
-1402
-1752
-1995
-2228
-1424
-1374
-1128
-748
-47
595
576
353
366
504
290
-234
-1080
-1044
-1398
-1573
-2456
-2909
-3418
-3799
-4079
-4724
-4404
-3999
-3713
-3429
-3081
-2550
-1569
-789
-215
355
1082
1320
1347
1456
1561
1904
2163
1921
2231
2539
2581
2107
1381
1383
1194
1462
1124
871
1323
1153
1203
739
943
1126
1373
1603
1387
1660
1204
999
734
707
1062
1060
1320
1461
1536
1072
189
-332
-608
-949
-1438
-1758
-1705
-1111
-1181
-897
-317
134
965
410
267
219
-478
-935
-2104
-2627
-3290
-3516
-3298
-3580
-3247
-3601
-3862
-3884
-3660
-3019
-2574
-1527
-720
478
1430
2119
2620
2826
3443
3770
4079
3997
3640
3197
2586
1706
794
49
-20
-113
-175
9
40
242
168
-366
-173
185
824
1538
1791
2505
2975
3375
3479
3204
3336
2711
2047
1089
-31
-701
-1437
-1939
-2061
-1955
-1641
-1506
-1449
-1175
-913
-664
-958
-661
-739
-103
-218
-947
-1488
-1960
-2195
-3104
-3759
-4445
-4295
-4205
-4466
-4526
-4018
-3449
-2868
-1814
-720
1132
2204
2747
3179
3540
3642
2821
2140
1903
2069
2152
1454
1326
1344
864
398
-235
-177
-346
-447
-571
-270
632
1091
1474
2457
3191
3688
3715
3353
2876
2362
1432
527
299
-120
-558
-965
-1252
-1276
-1943
-2684
-2785
-2547
-2204
-2432
-2350
-1914
-1563
-1279
-1052
-364
263
594
510
426
409
-322
-956
-1944
-2031
-2261
-2423
-2511
-2183
-1451
-1186
-624
-638
-121
325
626
1484
2267
3098
3485
3879
4175
3844
3585
3000
2260
1575
382
-321
-920
-1039
-1171
-1306
-810
-638
-59
29
47
369
470
427
467
535
776
698
655
263
-197
-354
-659
-627
-407
-217
-198
-504
-1105
-1631
-2416
-2833
-3103
-3233
-2958
-2642
-2010
-1518
-1056
-436
-231
266
477
825
1420
1413
1430
1107
917
569
157
-95
-426
-255
-17
549
929
1337
1927
2396
3251
3701
3614
3023
2495
2256
1724
992
-139
-648
-773
-1422
-1972
-2417
-2619
-2248
-1988
-1462
-727
-85
346
690
799
339
-72
-660
-999
-852
-731
-329
93
384
250
91
36
-348
-630
-1000
-1160
-1370
-1803
-2082
-2337
-2256
-2218
-2357
-1870
-991
-326
286
702
1490
1962
2238
2386
2456
2920
2985
2406
1988
1538
1409
932
136
-155
-472
-548
-1107
-1328
-871
-13
445
749
1033
1167
1030
232
-523
-865
-619
-919
-1035
-667
-78
424
367
408
352
477
82
-389
-387
-433
-358
-419
-425
-40
175
310
326
209
358
205
71
-48
-428
-371
-436
-532
-756
-850
-461
-297
-255
-579
-913
-588
-990
-1303
-1367
-1109
-296
26
737
1371
1980
2057
1567
1075
423
-321
-1286
-1807
-1965
-1551
-1276
-768
-165
356
868
681
380
139
178
200
385
460
454
817
744
762
662
663
706
662
651
533
716
673
855
882
947
1087
1215
1123
1243
1354
1097
1166
746
461
-110
-459
-198
-160
194
80
245
213
83
-312
-957
-1461
-1940
-2693
-3019
-2920
-2752
-2153
-1879
-1698
-1519
-1270
-1366
-1556
-1483
-1463
-1460
-1548
-1450
-1180
-786
-480
-227
18
229
366
419
530
669
1096
819
529
515
356
323
185
279
649
1236
1464
1457
1598
1609
1791
1867
1900
2137
2288
2262
2206
2037
2017
1775
1090
449
-97
-162
-247
-101
137
558
1214
1563
1772
1992
1967
1631
672
-82
-833
-1192
-1538
-1918
-2158
-2300
-2251
-2514
-2875
-2914
-2539
-2221
-2021
-2071
-1627
-1756
-1356
-1099
-789
-348
-510
-302
-125
238
338
324
450
424
493
205
-48
-32
410
736
1142
739
410
276
-71
113
-257
-158
50
285
570
455
775
935
647
595
131
48
-195
-498
-234
-155
334
495
973
1791
2347
2816
2753
3025
2978
2799
2338
1532
866
325
-695
-1795
-2885
-3594
-3572
-3465
-3230
-3076
-2735
-2147
-1668
-1202
-988
-424
145
668
937
865
1081
1105
1178
856
389
36
-243
-220
-39
297
616
610
786
481
402
-198
-1006
-1449
-1718
-1673
-1893
-1682
-1635
-1164
-765
-841
-589
-210
245
467
676
828
1053
1171
1059
964
1190
1150
1425
1725
1764
2120
2284
2375
2360
2469
2226
1612
1029
339
-300
-974
-1763
-2172
-2154
-2101
-2254
-2113
-1757
-1183
-623
-513
-245
293
592
751
730
541
582
387
102
-72
261
310
188
405
350
399
339
-82
-113
-85
-400
-545
-626
-524
-775
-1287
-1424
-1342
-1157
-1336
-1506
-1430
-964
-371
58
300
504
811
621
621
602
368
109
9
143
306
480
692
908
1158
1336
1268
1208
1301
1071
912
776
334
22
-370
-724
-939
-1085
-1184
-1250
-1313
-1456
-1307
-1131
-1087
-1120
-685
-326
278
558
654
1028
1396
1601
1514
1345
1092
1000
909
966
863
847
505
294
302
217
211
-208
-609
-1132
-1222
-1259
-1024
-678
-431
-64
331
522
538
259
86
138
-44
-40
-339
-353
-254
-300
-418
-430
-400
-422
-474
-481
-294
-287
-380
-523
-690
-738
-616
-715
-723
-674
-895
-1304
-1642
-1572
-1431
-1319
-1373
-1146
-835
-564
5
403
1106
1758
2123
2291
2259
2314
2292
2293
2052
1761
1493
1223
1111
967
717
277
-146
-569
-1010
-986
-737
-189
202
325
460
671
722
819
889
863
957
1053
1034
834
796
509
302
71
-270
-674
-1213
-1543
-1482
-1625
-1786
-2044
-2049
-1753
-1630
-1427
-984
-507
-296
-466
-582
-670
-622
-750
-971
-1021
-1173
-1376
-1381
-1120
-652
-213
-17
61
503
1181
1650
1922
2314
2649
2830
2865
2616
2298
1876
1281
423
-241
-726
-1041
-1159
-922
-572
-218
-103
-86
-282
-180
-43
78
195
91
209
226
443
584
706
803
644
369
-87
-336
-550
-681
-874
-1248
-1605
-1942
-2188
-2069
-1842
-1377
-1012
-696
-313
-172
354
406
381
316
283
-18
-322
-236
-537
-599
-904
-1227
-1098
-720
-161
19
713
1370
1959
2658
2797
2925
2806
2627
2282
1555
815
131
-188
-467
-814
-794
-890
-993
-1240
-1419
-1498
-1243
-761
-896
-555
-222
87
366
491
569
455
577
377
227
139
60
7
-279
-433
-596
-990
-1195
-1097
-861
-792
-614
-696
-558
73
313
600
666
1031
1617
1813
1914
1507
1180
945
788
390
-43
-142
-266
-226
-208
-179
-128
-18
-20
230
566
575
749
765
1024
1072
1107
796
485
163
-335
-777
-1335
-1442
-1493
-1434
-1322
-1120
-1319
-1233
-1098
-1118
-953
-920
-628
-324
-399
-333
-396
-338
-329
-479
-512
-624
-310
-341
-203
31
313
295
310
615
727
1044
1162
1295
1490
1565
1284
992
873
875
863
710
596
669
1020
1173
1188
1083
575
167
-385
-852
-1152
-1472
-1477
-1576
-1101
-821
-462
-266
-289
-65
-137
-264
-399
-198
-201
-182
-262
-595
-900
-1215
-1503
-1718
-1671
-1537
-1392
-1057
-916
-754
-278
109
258
568
816
1081
1017
742
319
173
-33
-386
-500
-623
-366
-146
-11
334
638
677
563
525
563
406
270
-47
82
565
806
1222
1740
2161
2232
2048
1684
1534
1264
640
405
151
-95
-474
-990
-1157
-1397
-1390
-1359
-1011
-737
-369
-102
97
519
621
741
811
1022
833
423
-41
-147
-265
-478
-875
-814
-597
-475
-233
119
673
1077
1164
1177
1250
997
265
-558
-888
-951
-979
-1195
-1094
-908
-849
-957
-1150
-1089
-1149
-1149
-1212
-847
-183
-51
90
478
1023
1381
1309
1497
1655
1731
1669
1243
1192
994
603
-36
-392
-454
-623
-934
-1222
-1151
-1070
-983
-1081
-745
-530
-31
196
254
626
845
873
672
642
438
259
-49
-378
-625
-808
-987
-1083
-1033
-784
-462
-373
-511
-422
-319
3
-7
-89
-151
-104
102
-347
-812
-1041
-1007
-1113
-1049
-1235
-1160
-1005
-974
-1038
-786
-409
-258
138
437
951
1321
1529
1699
2101
2221
2181
2068
1985
1792
1568
1266
790
743
662
487
367
142
-71
-323
-504
-809
-720
-739
-808
-603
-403
-400
-384
-289
-177
83
99
-80
-148
-380
-592
-817
-942
-969
-709
-377
-245
-36
275
433
589
585
417
495
460
308
11
106
38
-276
-757
-1192
-1296
-1470
-1432
-1575
-1363
-921
-606
-385
-2
680
1194
1505
1840
2041
2282
2269
2174
2080
2009
1878
1597
1434
1385
1265
915
342
-202
-524
-811
-1180
-1673
-1933
-2051
-1881
-1750
-1693
-1364
-898
-585
-387
-344
-371
-419
-609
-465
-241
42
119
93
-225
-287
-315
-280
-401
-350
-223
-187
20
-55
157
323
507
406
337
470
356
210
-41
-134
-278
-285
-93
54
384
497
444
418
492
782
888
731
651
614
744
771
646
600
604
685
705
626
309
73
-127
-295
-510
-530
-319
-147
2
-134
-308
-496
-627
-980
-1184
-1254
-1189
-969
-836
-541
-561
-452
-312
-359
-378
-699
-718
-898
-834
-615
-627
-425
85
595
746
810
1071
1011
921
678
141
36
-98
91
87
16
-166
-449
-583
-776
-968
-1166
-1323
-1325
-1050
-965
-846
-561
-54
342
769
1134
1351
1478
1428
1278
1112
900
807
973
1299
1697
1846
1884
1654
1473
930
460
20
-544
-983
-1196
-1184
-857
-500
-274
132
424
760
728
625
480
438
175
-21
-17
-62
177
301
391
359
366
309
-97
-389
-654
-643
-784
-860
-1096
-1337
-1100
-1003
-889
-1211
-1531
-1963
-2150
-2177
-2411
-2271
-2033
-1554
-988
-275
518
954
1334
1347
1268
1132
783
519
396
896
948
1194
1426
1800
2325
2465
2370
2009
1605
1084
674
189
-69
72
321
459
506
706
1000
1030
955
632
420
233
-140
-196
-392
-610
-799
-1078
-1473
-1599
-1688
-1729
-1593
-1558
-1417
-1526
-1438
-1249
-801
-316
-147
-154
-430
-559
-998
-1390
-1853
-2265
-2516
-2627
-2630
-2249
-1638
-984
-261
202
532
691
1016
1116
1252
1054
978
938
1171
1620
1715
2174
2534
2697
2679
2530
2440
2330
2021
1420
1186
1019
842
702
527
295
330
49
-278
-376
-579
-607
-576
-489
-340
-406
-680
-926
-768
-454
-400
-601
-866
-845
-1057
-1184
-981
-899
-765
-543
-469
-458
-427
-388
-519
-747
-1156
-1610
-1948
-1946
-1775
-1449
-1073
-656
-70
428
835
949
1222
1495
1500
1607
1643
1824
2053
1979
1717
1692
1593
1294
1089
934
915
827
715
689
650
675
484
386
413
283
38
-445
-860
-1050
-1177
-1373
-1749
-1983
-1996
-1613
-1311
-941
-530
-59
485
686
635
309
135
-213
-499
-704
-858
-879
-1004
-1069
-963
-932
-1047
-1347
-1498
-1360
-1037
-745
-246
426
875
1061
1283
1626
1889
1970
1927
1890
1835
1709
1563
1309
1058
957
801
475
-8
-355
-824
-1208
-1228
-1290
-1273
-1070
-859
-693
-483
-351
72
163
208
328
349
301
214
-35
-327
-474
-704
-997
-1121
-945
-811
-649
-759
-897
-715
-693
-702
-730
-753
-726
-724
-489
-521
-513
-549
-430
-418
-497
-478
-534
-310
-68
269
539
823
1182
1502
1924
2232
2462
2608
2639
2666
2430
2230
1947
1370
964
519
-7
-495
-702
-729
-910
-1092
-1407
-1441
-1000
-702
-624
-391
-5
345
685
763
1081
1408
1636
1676
1577
1487
1146
1007
622
265
67
-481
-1012
-1497
-1674
-2098
-2426
-2538
-2566
-2483
-2295
-1940
-1485
-980
-528
-277
-204
57
129
130
53
-120
-97
-193
-118
-245
-223
-158
-230
-30
-24
222
404
720
1030
1200
1113
835
863
785
567
292
-33
-127
-372
-681
-936
-994
-923
-930
-840
-740
-466
-198
273
774
1260
1555
1771
1950
2042
2279
2340
2286
2208
1940
1595
1294
768
204
-582
-1231
-1615
-1971
-2305
-2330
-1931
-1760
-1457
-1288
-945
-667
-477
-382
-127
300
634
680
639
783
784
640
359
-24
-410
-774
-1120
-1330
-1277
-1166
-1223
-1102
-1004
-713
-508
-552
-460
-401
-242
29
70
323
253
140
162
315
184
97
255
374
749
878
978
1115
1344
1261
1117
1198
1366
1397
1216
897
693
733
412
36
-218
-411
-468
-661
-684
-458
-152
-30
-88
-2
210
224
274
264
455
542
443
454
458
748
658
280
-32
-423
-705
-1081
-1551
-1757
-1718
-1783
-1971
-2147
-2156
-1934
-1701
-1663
-1450
-1099
-643
-304
79
430
681
964
1211
1339
1333
1401
1386
1474
1551
1431
1146
825
551
304
-5
-191
-201
-251
-369
-443
-299
-303
-298
-274
-408
-326
-47
167
539
1069
1414
1455
1460
1481
1445
1325
943
656
438
291
78
-296
-410
-560
-759
-975
-1135
-1062
-1155
-1121
-970
-945
-981
-994
-845
-510
-267
-250
-219
-48
95
106
20
-14
53
179
-116
-381
-357
-340
-90
9
82
212
278
178
-39
124
-39
-57
-139
-188
-118
-196
-225
-381
-310
-239
-299
-264
-167
79
364
454
722
949
1020
758
645
753
856
742
306
14
-115
-128
-232
-332
-233
-277
-549
-752
-692
-497
-334
-228
-239
19
108
237
423
467
705
1059
1085
1218
1410
1350
1185
908
511
84
-185
-482
-662
-726
-832
-1021
-1036
-1019
-1091
-912
-719
-467
-244
-168
-228
-251
-228
-158
-181
-97
-52
53
101
151
395
444
449
139
72
-93
-149
-329
-607
-626
-561
-616
-459
-203
156
269
190
236
367
423
43
147
228
516
618
352
121
-3
-93
-196
-227
-151
-118
-198
-200
-81
84
77
-22
-118
47
94
77
-73
30
151
173
154
132
354
393
449
389
453
452
75
-259
-551
-779
-960
-1069
-1072
-651
-356
150
504
657
948
1078
1208
1189
1193
1196
1169
1003
905
691
492
323
83
8
-83
-174
-359
-475
-506
-216
-58
29
29
-74
-191
-496
-680
-817
-697
-722
-730
-869
-951
-980
-1009
-989
-883
-771
-834
-790
-716
-487
-548
-470
-309
-411
-495
-398
-130
76
417
544
581
813
826
702
400
312
83
-275
-526
-649
-519
-458
-228
-30
24
324
727
1094
1436
1788
2102
2217
2232
1990
1776
1536
1257
851
355
-172
-557
-692
-729
-858
-993
-1045
-1089
-1097
-1015
-808
-699
-373
-113
13
58
-77
-160
-195
-187
-349
-475
-661
-654
-515
-411
-349
-360
-506
-702
-874
-1038
-1080
-1001
-714
-572
-326
11
182
577
761
804
999
1008
815
697
724
779
700
289
-117
-452
-512
-712
-547
-193
102
302
392
455
565
682
750
1101
1431
1629
1537
1342
1036
624
299
70
-395
-741
-1096
-1314
-1271
-1294
-1184
-1185
-893
-646
-498
-455
-493
-489
-400
-274
-134
86
326
534
515
480
451
315
109
68
50
-157
-253
-234
-243
-169
-303
-201
-26
164
409
435
479
382
229
195
155
191
125
197
293
270
208
110
-168
-554
-907
-1021
-1001
-943
-678
-492
-47
294
580
764
952
1072
1164
1062
893
689
745
654
337
202
32
67
-61
-264
-393
-520
-437
-618
-647
-461
-262
-88
17
224
394
607
703
744
740
708
623
571
458
501
301
135
37
7
-198
-462
-555
-697
-755
-874
-976
-1104
-1116
-914
-653
-316
-67
72
170
125
-35
-338
-686
-887
-977
-1024
-1283
-1241
-1272
-1123
-921
-823
-853
-739
-325
-177
-120
82
402
547
768
856
1078
1134
1274
1324
1150
970
680
378
-31
-243
-519
-719
-804
-851
-619
-373
-70
325
579
733
803
1114
1363
1647
1753
1830
2033
1778
1536
1282
975
598
243
-240
-693
-947
-1150
-1186
-1118
-781
-785
-761
-669
-657
-524
-510
-558
-553
-403
-528
-552
-461
-496
-375
-277
-305
-416
-396
-382
-294
-281
-323
-479
-615
-598
-474
-223
-120
111
411
596
702
767
670
624
740
657
267
36
-171
-432
-364
-308
-257
-208
-96
46
238
622
912
1364
1642
1789
1947
2037
2050
1908
1587
1172
849
286
-312
-607
-815
-1024
-1336
-1469
-1563
-1493
-1284
-1250
-1223
-1140
-1192
-1071
-814
-447
-145
115
545
749
840
749
683
626
422
30
-241
-541
-738
-922
-1079
-894
-786
-735
-875
-885
-844
-710
-630
-537
-369
-353
-236
-11
260
439
539
468
369
280
187
57
176
289
493
650
789
1027
1178
1300
1321
1289
1298
1220
1019
841
718
446
8
-217
-450
-474
-566
-905
-1099
-1330
-1432
-1402
-1499
-1528
-1182
-894
-531
-248
-7
345
756
915
1007
994
921
794
602
464
306
172
63
-11
-155
-197
-434
-623
-749
-1045
-1194
-1299
-1201
-951
-549
-16
138
383
530
470
405
319
350
399
423
366
255
323
390
500
584
531
533
523
589
694
507
365
317
439
606
650
446
272
302
161
-24
-403
-790
-987
-1114
-1157
-1046
-919
-669
-385
-94
9
262
491
616
704
604
534
666
888
768
685
617
540
535
362
64
-144
-448
-703
-840
-934
-937
-670
-394
-103
119
148
160
142
264
326
251
126
7
2
14
-189
-513
-511
-334
-176
-48
29
28
93
144
112
-72
35
152
137
88
-59
-186
-309
-441
-739
-1074
-1284
-1226
-1294
-1256
-1195
-1003
-813
-734
-575
-347
-78
103
169
393
459
347
482
430
523
560
483
421
597
635
336
211
123
-1
-14
-162
-148
55
216
467
508
650
550
376
490
543
666
621
494
280
249
253
-34
-119
-108
-41
85
184
257
567
658
639
588
696
717
674
666
552
392
229
-71
-355
-549
-772
-990
-1196
-1157
-1103
-1011
-817
-575
-259
-32
20
-55
-106
-31
-116
-209
-206
-203
-92
-99
-178
-70
-56
-149
-391
-393
-339
-223
-168
-185
-53
-43
72
91
99
185
360
560
650
638
673
612
549
557
480
241
103
88
-8
-104
-320
-453
-406
-301
-102
84
358
529
638
747
913
1000
1012
843
797
756
625
214
-128
-406
-389
-564
-790
-871
-742
-774
-879
-894
-887
-675
-506
-262
-162
-98
-178
-179
-224
-241
-336
-324
-160
-209
-208
-202
-228
-353
-588
-577
-615
-649
-529
-435
-133
117
268
321
391
404
384
378
317
197
86
-26
-102
-94
-210
-406
-530
-434
-495
-488
-96
125
275
476
628
901
1197
1357
1339
1286
1353
1209
1016
658
364
203
-114
-432
-756
-807
-933
-881
-843
-869
-709
-594
-433
-139
-17
69
213
325
510
587
410
337
308
299
107
54
-185
-460
-534
-588
-528
-747
-625
-535
-359
-325
-287
-143
90
168
148
76
-5
159
195
147
128
115
-72
-232
-324
-384
-320
-310
-255
-87
25
350
536
871
1244
1461
1487
1405
1388
1264
1085
724
481
113
-77
-295
-527
-474
-486
-659
-710
-660
-564
-524
-231
119
334
684
757
724
711
841
867
782
534
294
38
-265
-373
-631
-838
-864
-930
-989
-1054
-1049
-1085
-956
-915
-774
-592
-401
-187
-49
124
32
-33
-17
-111
-66
-158
-309
-418
-420
-416
-483
-491
-401
-294
-216
56
343
675
815
883
883
696
459
348
128
-58
-140
-263
-370
-511
-616
-594
-558
-473
-239
-65
-104
24
349
548
618
777
871
868
668
511
309
77
-172
-366
-356
-423
-397
-543
-682
-767
-798
-709
-589
-450
-346
-10
285
393
509
692
698
625
654
709
714
576
639
588
512
233
-44
-178
-335
-373
-475
-458
-288
-305
-298
-115
79
427
544
553
544
404
366
220
62
-17
-5
-85
-249
-86
77
58
171
145
183
210
84
-11
-63
-79
-40
-143
-214
-302
-463
-483
-545
-786
-1002
-1026
-974
-728
-448
-365
-171
84
367
611
695
731
732
616
600
547
539
684
644
643
712
711
631
481
185
185
134
-22
-40
-47
-31
-48
90
107
54
55
154
193
147
173
184
127
-34
-29
-9
76
124
159
37
-209
-284
-344
-577
-580
-718
-688
-670
-621
-496
-686
-670
-578
-528
-833
-896
-922
-1063
-1100
-1011
-959
-951
-823
-617
-430
-160
64
149
198
483
717
721
723
751
683
481
484
601
623
512
368
365
278
201
168
168
247
349
359
368
440
419
310
237
129
-26
-140
-115
28
141
173
312
289
203
210
118
-72
-48
-52
-68
-63
-142
-147
-208
-295
-358
-438
-461
-478
-547
-471
-537
-488
-383
-565
-609
-660
-626
-551
-386
-284
-242
-112
-159
152
359
290
212
206
282
418
312
354
481
557
558
504
371
264
351
347
428
419
345
378
393
416
389
230
296
361
405
449
532
669
641
637
611
521
423
376
249
30
-128
-258
-182
-85
23
14
-202
-299
-437
-483
-495
-485
-464
-225
3
-63
-49
-23
-59
-183
-143
-99
-120
-84
-110
-74
-195
-297
-277
-405
-538
-636
-713
-724
-692
-484
-364
-257
-212
-170
-73
20
78
219
350
320
479
591
449
101
37
-82
-202
-142
-329
-425
-464
-490
-499
-360
-205
-107
88
197
176
285
253
103
-78
-268
-330
-331
-282
-115
-155
-63
73
213
223
289
338
319
520
506
364
289
296
365
322
273
310
265
136
-3
-165
-329
-384
-354
-362
-321
-195
-343
-293
-374
-385
-300
-196
-91
259
443
508
695
791
820
679
469
306
206
-107
-222
-268
-402
-533
-732
-765
-677
-588
-302
-30
8
96
223
17
-36
-9
-33
176
205
132
142
244
279
271
91
-6
-1
-88
-188
-207
-125
-80
112
206
102
195
372
555
499
278
96
146
269
280
238
179
247
302
303
226
170
125
79
-158
-319
-128
-9
88
269
182
107
89
59
-18
40
35
-75
-161
-365
-547
-571
-492
-340
-223
-277
-123
-98
-152
-256
-372
-464
-353
-264
-169
-7
5
100
146
176
65
-141
-346
-469
-389
-553
-819
-814
-598
-372
-69
-71
20
35
167
216
106
131
191
445
694
802
641
728
645
313
117
83
86
-26
-156
-145
-82
-42
-128
-34
23
83
177
64
63
-54
-164
-280
-437
-581
-384
-304
-113
181
412
436
525
619
453
297
292
286
138
135
192
137
298
149
18
-144
-236
-228
-323
-377
-158
-121
-210
-139
-178
-116
-39
182
38
15
-3
99
147
162
193
300
356
383
407
465
451
394
163
185
117
-109
-100
-257
-300
-272
-219
-333
-447
-391
-216
-141
-135
-63
-160
-165
-435
-456
-422
-354
-281
-76
219
389
458
475
612
629
660
570
601
714
581
413
216
71
-224
-602
-893
-741
-802
-979
-928
-808
-611
-360
-165
-170
72
223
422
454
445
444
507
342
148
84
17
25
-55
-269
-215
-131
-231
-267
-291
-416
-456
-627
-876
-756
-445
-284
-291
-165
72
38
-91
-291
-235
-203
-330
-237
-51
75
210
358
506
679
568
407
454
655
782
753
670
604
487
300
30
-187
-300
-292
-259
-221
-298
-385
-328
-378
-405
-290
-186
-42
214
447
505
470
636
797
771
690
682
406
429
354
143
7
-120
-213
-256
-163
-267
-330
-466
-438
-373
-315
-49
155
248
176
-37
-133
-241
-218
-237
-261
-244
-268
-209
-205
-212
-33
111
275
345
241
120
42
130
123
-59
-126
-134
-181
-227
-380
-326
-297
-259
-250
-120
-53
-17
-116
-177
-101
40
-9
22
154
239
151
-75
-51
10
57
138
323
305
209
236
53
27
32
3
174
148
-27
-45
-31
-89
-130
-120
-97
10
-134
-181
-117
20
65
-34
-207
-400
-391
-350
-319
-372
-139
-3
-58
23
67
116
19
42
172
289
269
400
350
307
344
263
163
78
99
79
19
-141
-155
-91
22
47
33
85
202
105
104
142
-100
-6
106
170
239
280
148
183
212
161
104
75
87
44
62
111
84
124
239
195
78
-115
-357
-513
-544
-498
-359
-269
-131
-262
-283
-280
-247
-253
-183
-37
-17
-40
2
28
-20
38
-59
29
125
159
311
295
241
133
140
55
-104
-158
-88
-16
-154
-329
-298
-175
-284
-188
-148
-85
6
34
83
165
266
184
145
232
208
79
-74
-135
-126
-77
-44
-29
169
213
202
173
124
-41
-218
-322
-287
-111
48
102
179
241
209
229
194
151
143
21
-44
77
28
-51
-24
61
346
477
331
188
26
-49
-125
-93
-153
-171
-89
-80
-5
-4
-79
-14
-178
-78
1
-158
-226
-225
-383
-466
-265
-156
-257
-291
-141
-179
-236
-283
-344
-256
-125
-37
136
124
112
141
266
264
248
-93
-164
-173
-64
-220
-252
-154
-208
-93
-162
-5
-3
-25
-19
105
-4
47
245
357
237
259
361
309
260
266
231
209
322
444
337
156
69
191
173
370
426
262
451
460
426
273
181
52
-31
-91
-253
-465
-374
-315
-209
-272
-223
-234
-439
-456
-388
-311
-255
-222
-65
319
328
294
418
279
242
319
131
42
1
13
-4
-7
-72
-199
-118
-130
-247
-238
-228
-180
-93
-186
-96
-53
-14
21
14
118
121
165
193
149
157
131
22
-90
-17
-39
42
29
-17
-151
-273
-118
-188
-243
-191
-186
-305
-359
-306
-336
-416
-384
-115
-32
-162
-240
-273
-376
-313
-274
-281
-34
132
30
110
299
499
478
480
478
392
386
276
176
125
28
-15
-12
48
146
171
145
116
102
67
-69
-255
-200
-133
56
240
248
259
479
503
382
409
413
404
280
250
146
18
-168
-296
-302
-366
-619
-668
-697
-655
-658
-760
-523
-322
-242
-150
-259
-204
-268
-160
-176
-190
-190
-161
-110
-87
63
-68
110
430
625
613
667
630
577
559
460
402
256
-5
154
194
162
124
156
80
-104
-176
-213
-196
-178
-97
-28
-83
5
60
457
568
541
721
637
627
554
525
470
365
348
218
14
-176
-291
-278
-304
-557
-723
-755
-862
-730
-613
-412
-406
-229
-123
-9
-37
-96
-96
-126
-4
-111
25
84
129
183
67
54
175
276
297
338
366
250
271
135
135
58
11
-48
-218
-260
-352
-383
-284
-187
-81
82
-42
-106
-228
-258
-174
-40
169
256
315
237
206
235
267
240
-16
-176
-203
-303
-439
-513
-612
-702
-874
-849
-762
-710
-599
-545
-587
-539
-510
-478
-254
-182
-41
126
144
97
74
31
18
71
144
164
63
62
69
45
-72
-95
-180
-119
2
-53
46
53
194
154
202
358
488
614
643
544
436
511
503
584
576
472
488
479
531
474
377
474
498
508
498
521
488
491
446
386
175
-52
-178
-206
-255
-339
-385
-400
-246
-262
-238
-61
40
274
324
284
232
108
-3
-44
136
278
245
173
173
135
222
111
-46
-48
-49
158
30
-179
-78
-213
-179
-138
-169
-112
45
69
-18
45
-20
23
181
239
193
200
213
50
-40
-143
-157
-173
-102
-226
-438
-473
-429
-400
-370
-333
-305
-332
-397
-351
-428
-587
-519
-443
-443
-334
-202
-254
-495
-480
-352
-189
-152
-91
-86
-65
-165
-229
-372
-526
-412
-295
-214
-176
-145
-74
48
27
87
50
182
290
184
110
-22
-18
-43
118
118
-25
-131
-24
-73
-23
-141
-114
56
151
295
203
214
453
595
470
379
222
161
160
-68
-152
-185
-117
-183
-318
-211
-172
-318
-201
-174
-27
144
422
417
454
482
508
621
483
388
316
130
178
164
-113
-163
-129
9
81
45
-36
23
44
49
14
-23
165
306
238
282
316
478
540
367
255
383
484
497
457
341
107
-116
-138
-109
-32
41
57
186
263
276
228
49
75
35
99
110
50
109
145
62
22
-19
-131
-453
-572
-418
-382
-299
-126
-103
-51
-69
68
191
-6
-89
-212
-388
-309
-335
-475
-508
-503
-548
-544
-561
-556
-449
-394
-311
-309
-225
-201
-118
29
132
102
-50
-103
-44
-77
22
63
114
114
36
-30
-153
-127
-116
-170
-168
-141
-38
25
10
-7
6
132
237
300
402
508
438
367
369
461
374
186
70
-94
-128
-108
-199
-276
-183
-162
-183
-259
-314
-412
-492
-393
-210
-136
-150
-91
-9
-132
32
59
-127
-175
-108
-216
-250
-83
24
108
86
107
49
62
138
140
223
423
372
229
42
-153
-159
-94
-127
-86
64
91
102
150
61
1
54
272
320
391
435
597
702
760
723
522
641
736
517
398
411
238
92
159
38
-109
-100
-89
-38
-40
-1
-65
-183
-200
-168
-160
-92
59
90
262
159
148
26
-44
-26
-64
-41
-65
-86
-95
-54
-131
-182
-173
-163
-286
-237
-282
-347
-471
-474
-433
-471
-514
-567
-606
-689
-786
-735
-496
-225
54
88
-20
-17
193
203
68
21
220
539
613
566
415
319
271
123
-14
-44
-288
-321
-198
-268
-300
-202
-140
43
196
107
58
71
44
-8
-98
-112
15
199
324
267
220
261
291
67
-49
23
-29
67
-69
-159
-247
-422
-422
-249
-113
-115
-34
-88
-197
-384
-585
-643
-498
-339
-241
-149
-15
112
47
19
108
172
263
385
315
397
417
384
301
286
312
334
411
381
270
168
157
174
205
130
57
-34
73
29
-27
-188
-270
-160
-178
-65
-35
2
139
192
308
403
364
364
310
243
183
157
-28
-127
-138
-198
-159
-172
-75
-72
-103
-122
-174
-255
-328
-370
-285
-236
-186
-210
-240
-102
-78
130
185
359
331
171
98
60
10
169
213
210
217
111
-32
-92
-210
-98
89
66
188
222
267
175
166
140
95
13
-87
-112
-74
-64
-87
-34
145
116
74
20
16
-31
20
91
-140
-214
-275
-241
-150
-50
-55
-149
-61
-150
-202
-274
-213
-177
-169
-220
-310
-270
-163
-41
-173
-145
169
273
281
328
76
-64
-92
-196
-59
148
314
289
175
45
2
-50
-157
-289
-223
-61
-94
-184
-180
-356
-250
-99
-103
-95
-87
32
17
152
210
292
230
271
405
271
77
-91
-206
-326
-359
-452
-468
-377
-503
-680
-596
-373
-240
-131
-8
89
108
290
399
259
108
74
35
25
-16
-64
-11
58
205
253
195
97
235
341
396
384
390
473
419
187
102
151
176
197
13
29
23
-46
67
115
130
262
230
89
-94
-58
51
92
385
628
648
626
755
649
399
148
11
-145
-40
-91
-171
-162
-326
-348
-348
-203
-290
-379
-346
-242
-101
0
8
-65
-47
-138
-57
-67
-23
-7
-123
-211
-200
-184
-353
-348
-391
-273
-77
-11
2
-39
-51
-74
-187
-239
-341
-219
-134
-136
-150
-312
-245
-235
-241
-174
-104
-144
-33
113
86
-49
-91
-154
-22
-30
-87
77
214
268
181
23
-3
73
140
31
-50
105
3
-104
-120
-55
114
266
256
173
-16
-10
-35
107
204
213
235
217
260
250
116
194
218
233
248
128
107
92
15
-25
-64
-57
-4
-124
-164
-96
-8
-13
-80
-191
-53
-28
-65
-73
-168
-214
-299
-319
-123
-166
-173
-134
-145
-7
87
82
63
245
365
231
181
42
59
221
279
131
25
-34
-100
2
151
154
12
9
-97
-61
-5
160
140
140
227
139
112
234
119
117
154
169
146
160
324
266
69
69
43
-19
-81
-150
-128
-210
-127
-102
-30
-9
-12
-44
-232
-264
-195
-204
-309
-255
-393
-395
-255
-251
-322
-354
-279
-117
22
-30
14
124
161
57
-46
-132
-153
-169
-106
11
21
95
16
-66
-65
-141
-312
-222
-71
-55
12
62
150
293
439
451
384
282
214
243
284
191
151
88
81
245
272
80
16
3
-59
-133
-136
-48
83
97
131
133
33
65
-27
-9
44
93
-50
-53
-256
-264
-261
-233
-111
-69
-138
-218
-223
-380
-417
-426
-360
-131
129
91
-35
-126
-9
69
76
-34
-2
14
104
210
218
180
127
117
61
53
141
267
189
79
-7
-39
-60
-31
-189
-185
-117
-141
-183
-208
-21
194
248
249
199
265
298
184
119
74
14
74
217
85
-40
4
28
-45
-136
-246
-246
-33
-73
-101
22
97
