-153
-114
-111
-111
-134
-121
-107
-113
-95
-87
-56
-45
-75
-50
-24
-2
43
75
88
94
75
132
138
168
218
182
146
159
162
149
143
137
174
189
148
143
163
175
188
171
174
182
165
167
205
207
210
252
217
181
189
222
226
241
231
208
229
227
199
154
123
107
142
134
160
200
178
149
102
65
51
87
70
39
-2
-21
17
18
1
-3
-31
-52
-40
-42
-72
-85
-73
-73
-82
-82
-101
-97
-102
-125
-110
-110
-123
-147
-159
-183
-181
-174
-154
-152
-156
-105
-94
-129
-131
-130
-136
-114
-90
-89
-90
-91
-90
-117
-102
-92
-86
-104
-91
-67
-33
-35
-60
-91
-146
-122
-63
-59
-82
-92
-113
-101
-80
-111
-128
-121
-71
-31
-41
-33
-25
-75
-70
8
47
63
48
57
41
52
88
107
116
74
54
46
32
11
0
23
54
53
35
56
35
16
18
13
54
48
57
69
70
61
28
16
65
99
88
62
47
63
63
68
54
64
80
87
81
74
57
67
74
79
80
34
8
9
-11
-24
-34
-24
-12
-15
9
9
29
80
35
6
15
34
-1
-6
47
74
105
81
54
35
-22
5
32
36
23
30
35
12
2
13
0
-40
-14
25
36
-12
-5
-16
15
-1
-7
6
40
68
46
21
-10
-42
-33
-18
-28
-20
-12
-19
-34
-50
-97
-76
-55
-23
2
23
10
11
-52
-38
-44
-67
-39
-50
-13
-30
-31
-62
-74
-108
-110
-101
-85
-59
-82
-74
-47
-38
-18
-72
-64
-34
-22
-28
-42
-18
-35
-65
-72
-117
-81
-51
-49
-77
-91
-106
-56
-78
-55
-5
19
3
16
14
-8
-1
19
25
3
6
2
-25
-3
-4
28
86
50
60
75
49
30
20
32
51
36
44
31
56
35
2
-12
11
21
33
60
71
83
86
70
67
44
7
15
60
91
68
54
33
5
-14
-4
0
3
21
21
20
24
-7
-8
-46
-43
19
32
18
18
12
-15
-16
20
28
48
48
24
6
3
-8
1
5
7
9
-5
-3
-31
-57
-54
-60
-29
-34
-33
-34
-86
-79
-61
-34
14
35
29
1
-16
-4
-25
-20
-13
-11
9
18
27
54
56
9
-13
-39
-16
-18
-26
-17
-28
6
-20
-62
-50
-27
-43
-15
4
-17
7
16
25
25
48
57
53
62
117
128
126
106
110
125
125
126
104
130
102
119
94
99
93
74
90
87
55
54
58
81
95
79
48
31
55
50
54
55
59
47
57
20
51
20
0
4
-19
-19
-20
35
8
-53
-83
-69
-58
-71
-83
-99
-83
-68
-67
-94
-123
-142
-125
-135
-164
-190
-182
-188
-215
-215
-198
-181
-213
-169
-191
-240
-227
-217
-220
-191
-166
-167
-197
-223
-218
-220
-196
-197
-163
-132
-111
-80
-55
-93
-64
-26
-15
45
15
-54
-19
6
14
58
72
62
131
144
147
134
145
176
186
188
196
142
98
142
159
178
175
137
177
178
181
195
198
157
121
153
151
189
191
179
158
173
161
151
137
155
158
157
128
50
14
46
73
54
77
96
6
-22
-26
-33
-7
0
10
0
42
43
77
94
60
23
-31
-19
3
-21
-9
-37
-62
-90
-78
-64
-50
-10
-39
-61
-51
-61
-134
-135
-157
-161
-119
-77
-87
-91
-123
-139
-237
-192
-157
-193
-164
-111
-108
-120
-127
-171
-137
-150
-135
-82
-72
-50
-94
-74
-34
-149
-84
-96
-72
2
-19
20
43
62
27
29
-31
30
62
37
200
135
77
62
51
-15
-60
-73
-32
-25
-1
61
20
30
29
18
15
115
145
70
235
212
132
181
98
58
11
45
66
31
75
160
46
77
110
-64
-17
94
-77
-36
55
25
11
13
70
18
0
127
35
53
136
101
-58
87
-4
-40
72
-37
142
-123
-28
15
-113
15
-58
-85
23
-44
4
54
12
-22
64
-24
154
-67
-36
-14
-88
98
-125
38
-125
-17
-55
37
57
-29
-13
-31
-46
-105
-158
-32
-78
-33
-35
-126
77
-88
-60
-57
111
-61
168
-42
30
95
-235
28
-18
-44
-26
-31
-118
-29
60
13
17
103
-36
-71
40
-44
-122
106
-164
136
-17
-45
-16
-157
42
11
-5
45
66
-204
-67
-85
-75
10
-40
38
-132
-17
160
-340
155
37
-123
147
61
61
-1
100
95
-46
-42
22
-185
-52
78
187
-87
310
-97
80
-84
-18
-7
-88
186
-111
124
162
39
142
2
18
25
-42
-18
-2
-137
111
190
-329
370
-98
64
143
-18
135
-69
-16
10
-166
217
198
95
-11
209
-258
7
-87
-276
10
-153
-16
-47
-142
-31
-75
-127
183
-125
292
-179
150
-96
165
-82
24
88
-122
-176
103
52
-185
-25
-336
60
-384
19
-103
-80
54
-157
-161
-210
-35
-158
149
28
8
8
26
36
-97
281
186
48
132
60
-277
352
-131
58
233
4
193
272
-18
-28
208
-329
157
77
-297
336
-159
-12
-37
195
-102
148
181
-85
249
-93
336
-101
295
-141
66
168
-387
207
-89
-6
77
-73
199
60
-114
250
-59
-170
268
-304
193
-156
-145
-31
-274
-2
-108
201
-38
209
-95
-3
-40
117
-219
269
-69
199
-145
283
-287
161
455
-328
548
-175
166
158
81
-8
224
-274
366
-224
38
350
-445
166
115
-102
265
-40
-14
-162
-25
-75
-90
-120
-98
187
-287
257
-373
-16
202
-287
167
-117
117
-73
-257
-57
85
-805
230
-348
-147
-37
-427
315
-362
186
-348
-192
-265
24
-344
57
37
-456
249
-255
-130
403
-463
233
-203
-187
-104
-232
-355
183
-357
247
-217
-288
259
-587
264
-160
98
-17
87
-44
151
-68
-49
-46
236
-137
297
393
-89
635
-48
436
58
447
-86
323
176
126
207
116
31
14
413
-521
476
255
139
348
240
-68
-205
217
-70
276
-135
57
485
-455
459
52
-353
670
-395
258
-10
-485
-90
-177
-158
20
-202
35
79
-145
132
-156
-166
-4
-304
-217
-2
-353
326
48
-222
-45
-199
-49
165
-57
181
155
-567
753
-1065
429
113
-359
875
-566
504
-40
-41
11
121
-238
402
-153
391
294
-359
145
51
326
213
80
336
-94
320
-93
42
140
279
129
261
-178
356
-82
-233
480
-657
581
-415
153
-127
646
-534
416
-68
-496
385
-1026
322
-716
75
-264
6
-387
-267
-50
-542
77
-238
-566
243
-343
-540
-513
-96
-245
-286
-22
226
-592
-18
57
-749
716
-928
278
-310
-204
172
-193
16
725
-393
447
587
-690
1002
-536
241
11
50
25
351
92
-31
186
182
92
36
379
-101
943
-349
562
-3
2
419
-57
422
107
427
426
17
275
-107
94
296
-235
615
-542
528
59
-278
407
-227
-125
-406
127
-426
-495
23
-379
-571
316
-530
-389
594
-740
244
-266
-240
211
-879
540
-93
-841
790
-544
576
39
141
346
-143
469
-270
244
-690
640
-507
220
596
-334
97
237
-24
133
538
-428
251
1
77
-369
150
-25
170
-16
413
410
-296
270
254
-590
325
-159
28
364
-238
748
-576
452
-203
-267
540
-283
-186
542
-575
436
-383
-149
-129
-305
-133
0
-315
-311
301
-473
405
-593
918
-850
588
-201
135
219
-418
998
-997
781
-556
699
-488
361
33
-334
357
-830
372
-598
90
469
-713
881
-487
-207
463
-447
186
118
-754
375
-378
-419
88
-539
577
-303
532
-376
273
-179
-468
278
-480
261
-575
609
-356
64
481
10
147
-484
337
-818
-84
78
-123
140
-26
378
-370
337
433
-118
474
610
-100
616
-279
-57
247
-448
915
109
-104
259
-235
211
-614
107
-264
307
57
-165
510
-90
-179
-121
79
335
-395
-474
355
-783
-18
-350
-296
141
-67
-600
444
-874
319
-249
-345
173
-340
32
-364
-114
-148
-471
3
-347
-4
20
-448
287
-347
184
117
-336
504
-63
699
-272
982
-453
645
246
-197
982
-396
966
-323
1050
-372
729
98
176
531
-132
574
-64
202
613
2
476
60
647
-581
645
-126
392
-246
238
98
-300
422
-1279
1165
-1197
549
166
-1090
952
-835
-291
586
-742
-29
78
-456
312
-487
-429
648
-1326
641
-335
-596
718
-939
484
-622
608
-685
65
729
-668
208
180
-103
750
-500
452
317
-567
637
37
-463
568
-547
520
-180
-238
317
-736
1137
-181
-616
1153
-311
-630
820
-878
555
-352
10
439
-373
23
405
-540
279
-132
-672
64
-292
-387
-330
259
-700
193
-139
-493
622
-1000
1074
-915
194
-372
-379
-383
-850
688
-841
310
-547
989
-1010
998
-973
567
94
-697
868
-946
974
-520
110
280
-269
422
-761
230
362
-546
-109
63
-275
159
240
-637
1000
-1030
1363
-959
659
458
-643
1087
-404
613
-256
708
-681
1086
-742
912
-537
526
234
192
85
-452
1149
-1534
2208
-1050
427
417
-444
763
-1144
1298
-937
360
113
-316
134
202
30
496
-169
31
882
-1031
1358
-409
391
185
-309
80
560
-547
459
-200
-40
284
-829
460
-608
-191
5
-16
-260
268
-315
38
-789
688
-945
-86
337
-470
609
-963
1472
-1578
1272
-316
-558
1109
-1365
1306
-1258
729
82
-66
73
-142
303
-778
749
-1073
1238
-831
444
-68
368
227
-912
1354
-1526
964
-376
-163
266
-549
393
-23
-362
289
-341
-61
125
-528
173
365
-489
515
-764
655
-516
-384
957
-1159
373
32
-827
726
-709
348
363
-1281
1441
-1473
769
-74
-462
554
146
-822
1025
-1504
1413
-125
-1035
1754
-1940
1706
-1772
812
-436
324
-426
332
19
-211
335
-296
1260
-1107
827
-501
-148
46
-510
489
-61
-404
1207
-1405
1314
268
-602
1281
-548
91
208
-315
515
104
131
302
-119
426
-253
-24
452
-388
397
-1031
961
-753
332
-78
344
297
-608
856
-831
306
-144
-654
639
-769
192
495
-1160
1175
-880
736
-243
-59
-482
719
-971
1100
-472
48
906
-1211
1184
-1171
704
-295
-37
-6
-522
315
-1193
522
-654
538
431
-683
977
-708
-69
127
173
-586
-94
82
-96
251
-711
1133
147
29
284
334
-467
383
-110
-158
1003
-754
755
-71
288
309
-492
182
32
-625
435
-59
255
-466
550
262
-441
690
-546
728
-621
562
-748
406
-43
279
-175
116
717
-1229
506
-248
-126
-104
-104
466
-976
811
101
-874
555
-98
-225
-565
500
-620
125
-171
574
-1020
122
124
-722
31
32
110
-220
-525
973
-689
211
601
-1100
737
-335
-318
-676
795
-59
-872
1047
-943
-447
591
-850
1089
-850
545
557
-1467
262
585
-1402
927
633
-761
812
178
202
-724
199
321
-266
-529
1337
-799
-380
1068
-873
203
339
354
-557
231
638
-780
293
622
-812
979
-698
290
449
-1069
1510
-812
169
889
-561
93
587
-347
-383
195
409
-435
76
762
-804
-45
241
99
-599
1103
-414
5
-407
949
-1634
531
457
-342
367
546
-653
189
52
504
-554
-72
1310
-1414
1029
-237
-168
143
329
32
-64
178
1002
-747
492
64
-373
340
-1224
2041
-2451
1973
-346
-350
183
358
-370
847
-408
755
-731
152
1449
-2805
2393
-1374
884
-536
1030
-187
6
-256
668
-1023
1020
-591
235
-369
195
-282
-782
615
-212
-235
-259
164
-1488
1878
-2153
532
-74
-684
83
-55
-693
973
-1110
485
67
-732
-163
-747
-24
712
-1402
864
-473
174
-417
-796
189
-779
146
-294
-557
102
394
-1694
2504
-2596
2053
-1166
-302
1324
-1379
776
-441
-201
494
33
-379
497
-22
955
-879
743
-295
1213
-869
679
1112
-1786
2416
-1776
421
1436
-1587
2208
-1343
911
609
-1036
1022
508
-795
1655
-835
653
-51
419
-429
369
-382
1556
-1502
2256
-1550
709
152
-344
454
-459
1010
-1174
907
-680
963
-888
1143
-1201
1565
-2017
1929
-1401
-313
1156
-1517
1009
-356
30
-770
848
-622
691
-161
290
-53
-632
1037
-1375
123
145
344
-614
-51
-132
-397
900
-475
426
-250
-75
305
-1811
1733
-350
-819
161
102
-501
-810
897
-445
36
1298
-1560
-37
-297
-609
1157
-2089
2027
-1281
-254
764
-925
-30
475
-1142
1809
-1817
683
372
-1458
1875
-2282
1356
96
-1317
1598
-1514
1112
-640
-365
1864
-2315
1072
472
-581
90
604
-897
1446
-1364
256
97
-939
758
-87
-2
1006
-1692
1313
-535
654
7
-213
1127
-1344
1720
-689
-511
208
-134
31
71
561
570
-679
949
142
-863
957
-321
253
696
-1312
1622
-1701
1429
-311
431
-230
-76
-537
428
-60
-147
818
-1027
1915
-1884
1156
-1402
2340
-2792
2388
-472
-59
173
-1090
1539
-1703
875
472
-687
222
-284
-747
803
-490
480
-343
422
-1012
907
-1282
944
-1349
1770
-1052
82
984
-1732
2449
-2713
1726
-1236
-53
106
-327
336
41
228
160
653
-757
497
-811
876
-672
854
-643
481
683
-577
330
-501
563
-1011
416
-51
-53
1135
-1763
2355
-926
-642
1632
-1127
239
-65
132
-97
-268
-375
1645
-2398
3300
-2765
1720
-886
138
-544
19
341
-794
991
-944
1343
-1833
2448
-1910
763
-405
-376
407
-838
-438
1087
-607
538
196
-1345
644
474
-2424
2733
-2497
1703
244
-3089
3870
-3816
2402
118
-965
852
-694
-23
1132
-2146
2579
-1698
393
1172
-1417
1084
-1364
687
235
-1265
1880
-1285
756
610
-1517
1252
-147
-350
757
-999
847
16
-1510
1667
-716
689
-76
97
162
-1290
1145
-661
-342
963
-970
1481
-1692
1441
-949
-403
755
-79
-1865
2401
-2142
173
339
-300
17
-325
421
816
-1557
1237
1028
-2837
2958
-1637
272
-202
719
-540
-103
-791
1780
-2228
2107
-478
-297
176
1087
-964
-1707
3151
-1386
349
465
-933
258
-710
586
314
-396
1601
-1194
-179
789
-644
-14
253
-307
1568
-2074
1983
-177
-795
2591
-2563
1517
-1263
656
-652
-907
1384
-1471
1984
-2062
3977
-4235
3636
-2140
-776
1240
-1287
1886
-1745
1617
-1158
537
-175
508
-282
-515
840
-1005
1029
-1226
1139
-655
23
1110
-2215
2598
-1667
1806
-1227
1327
-1564
-87
731
-1799
1989
-435
-188
1106
-981
232
1236
-2674
1788
-103
-472
1072
-670
661
-320
-109
-73
-921
1416
-1245
861
136
-404
769
-515
1065
-674
-395
348
-208
-887
310
317
-2125
2187
-966
547
155
-44
-208
-256
916
-2106
712
-868
1059
-442
596
19
-661
849
-619
829
605
-1022
1804
-2097
1013
-760
-164
-42
606
200
-1376
671
-926
508
-1636
1693
-1155
-87
853
-672
782
-1049
1594
-391
-1544
600
509
-292
103
-8
-1636
1720
-56
-306
990
-1574
1471
-1773
969
-1114
1695
-1186
892
-275
-628
-830
-250
1375
-2341
2939
-2338
322
-318
-846
1580
-1088
454
1518
-1634
1787
-2081
1232
-301
1505
-1365
1359
-1046
-163
-330
136
179
-1088
2503
-3423
2759
-1697
-12
1895
-893
-22
1387
-1021
70
1155
-979
412
623
106
253
122
1013
-974
1619
-651
953
-651
-858
1368
-1024
807
-1245
651
-577
1396
-127
-874
454
905
-1178
717
1048
-1367
412
-181
667
-2263
1441
-917
1134
456
1581
-974
1005
-91
503
-589
506
-284
-918
28
168
388
-2198
1845
-589
875
-771
1390
-590
-140
-484
51
-1326
959
-439
9
-256
-238
-88
-984
1122
-367
-852
-41
138
-643
628
-1249
1315
-1080
28
672
-866
874
-775
-183
458
-1526
707
-329
-558
924
-1168
1217
-1549
-20
338
-868
573
-788
741
-773
1116
-452
569
-165
892
-430
228
-41
443
-190
-333
485
-106
-713
322
805
-333
921
-904
821
-847
1847
-891
-51
-150
379
-605
-728
589
-89
-750
561
-79
150
-62
-741
1403
-1957
819
-555
244
-256
-309
343
-519
1091
-597
589
2
177
-590
-43
-28
587
-93
1078
-211
-193
312
-651
800
-932
1092
-394
-558
1168
-387
-87
925
85
1214
-1239
752
-628
-252
672
-162
549
355
-132
74
-20
279
-203
-69
759
-774
320
-880
-170
174
-1504
1139
-731
-375
155
-1932
230
-2070
-562
-642
-398
-463
167
-209
612
113
709
729
1469
1691
1292
2650
2119
3368
2137
3319
1557
2022
1214
1309
1212
-351
611
-822
-1053
-1556
-2245
-1626
-2108
-1293
-1862
-2157
-2169
-2810
-2091
-3504
-2424
-2777
-2693
-1855
-2994
-1786
-2723
-1423
-2098
-1532
-1085
-1212
-831
-353
22
-351
1550
908
2422
2920
4759
4922
5439
6595
5700
5452
3705
4429
2939
3711
3339
3062
1388
1007
509
-1581
-1509
-2298
-2463
-2699
-2973
-3799
-4800
-4986
-4301
-4399
-3705
-3345
-2208
-3412
-1536
-3598
-2736
-3391
-2941
-1910
-3267
-1374
-3283
-2876
-2249
-2560
-1192
-1031
265
571
2280
3666
4276
7536
7039
10542
8530
8317
8047
5986
6977
5991
5729
4527
3457
1958
-129
-1227
-3078
-3379
-4642
-4248
-4932
-6864
-6150
-7540
-6634
-6745
-5168
-4563
-3589
-2531
-2738
-2863
-3149
-3231
-3127
-3049
-3049
-3114
-3860
-3610
-4029
-3742
-3259
-2668
-1099
-353
514
3272
3538
6670
9291
10334
12671
11636
11188
9862
8648
8242
7219
6593
4939
2992
1136
-1487
-3494
-5516
-5704
-6841
-6482
-7710
-8258
-9017
-8650
-7892
-6382
-5127
-3307
-1755
-1343
-931
-1200
-1853
-2045
-2419
-3641
-3903
-5449
-5916
-6024
-5974
-5864
-4420
-4323
-2168
-937
-553
3246
4138
7153
11276
12435
15690
14339
13222
11614
9147
9121
6576
6214
3805
499
-1792
-5081
-7362
-10020
-9349
-10058
-8789
-8646
-10084
-9854
-9600
-6900
-4939
-2203
364
2114
3416
3501
2625
979
-194
-755
-2641
-3726
-6240
-7955
-8383
-8147
-7362
-6162
-5245
-3543
-2207
-1298
-76
1645
6107
8100
13135
15986
17352
17441
13328
12283
8449
8160
5851
4397
2260
-2465
-5626
-10171
-11832
-13433
-12327
-10919
-8231
-7480
-7962
-8825
-8042
-5382
-940
2460
5600
7028
7100
5394
3058
593
-1364
-2581
-4404
-6186
-8794
-11093
-12156
-11115
-9230
-6555
-4923
-3085
-1579
-405
467
1017
4494
10493
11154
18507
18177
19153
16513
9694
8971
2751
4767
922
-196
-2902
-9012
-12282
-15915
-14777
-14824
-9526
-6858
-3502
-780
-2949
-2368
-2603
2204
6586
10312
12681
11181
9942
4330
161
-4706
-7434
-7560
-10247
-10379
-13435
-14451
-14567
-12700
-8065
-4814
-1680
45
1534
2881
3204
3846
5153
9001
15653
14889
19670
19655
16350
14031
3711
2979
-3307
-1832
-3674
-6825
-7620
-14369
-15248
-16870
-12563
-10786
-4784
-1358
1411
5326
2041
2482
1895
6869
10884
11779
12393
7497
5230
-2609
-9096
-14553
-16999
-15601
-15462
-13797
-14782
-14797
-13441
-9482
-3071
1117
5332
6167
7451
7184
5540
4377
4192
6658
11515
18488
16355
19229
17705
12492
7607
-2850
-3960
-7568
-4276
-4506
-7626
-8122
-13660
-13644
-12018
-6197
-3924
2347
3999
4427
5843
93
67
-30
5989
10303
9856
7404
1237
-3203
-7903
-12519
-14249
-15170
-12911
-14111
-13320
-13105
-11714
-6934
-1770
5125
8221
9490
8518
8200
6267
4609
1581
-462
306
855
2906
10766
11592
12634
17527
12298
9769
41
-3127
-3492
-2253
2007
-1445
-934
-5433
-8152
-10358
-7763
-5825
-3535
1162
-1161
-353
-3796
-7246
-6139
-2334
4093
6270
7022
4277
198
-2074
-6751
-9518
-10940
-10528
-9642
-9511
-8488
-8518
-5623
-2554
2122
5555
6711
7460
6333
5523
3350
569
-2154
-3716
-3243
-2590
3072
11643
10791
16249
17490
11893
7701
-1572
-1049
-2774
1903
538
-2344
-3537
-9997
-12128
-13794
-9070
-8000
-2681
-846
-1679
-715
-4998
-4211
-2125
4206
9757
9724
7978
3368
294
-3998
-5355
-8089
-6120
-6723
-9748
-10059
-11938
-8794
-4639
649
5345
8072
7555
5806
5254
3072
1884
-1360
-2722
-3877
-4471
-1964
5866
11305
11736
19506
14399
10922
2259
-3876
-2756
-3931
1626
-2158
-2356
-6635
-12495
-15249
-13005
-9033
-5474
767
-774
1306
-718
-3167
-934
1938
9146
11691
10911
5766
1356
-1043
-5614
-5096
-6889
-4868
-6055
-10247
-9460
-10551
-4822
-470
5058
8040
8676
6264
4149
3587
2620
1740
-2350
-3754
-5793
-6988
-1283
8961
8975
16749
19192
12003
6699
-6199
-6139
-7176
-1811
-75
-3485
-4215
-11095
-15178
-16155
-9808
-6841
1965
4397
3556
5428
214
1975
2456
9177
13818
11979
10083
653
-2254
-6071
-7401
-6497
-5174
-3468
-7237
-9188
-11612
-7110
-733
5287
10468
10620
9103
4126
2027
587
-270
-2159
-5288
-6941
-9405
-7871
2966
6822
10542
19674
14075
9468
-2172
-7652
-6925
-5039
1398
-2410
-1396
-6146
-12649
-15140
-12046
-6735
-1053
7411
5181
7009
3305
535
1142
3840
11150
10967
10574
3485
-2823
-4751
-6849
-5876
-4528
-2210
-2570
-4744
-6331
-4630
875
4966
9681
8972
7351
3356
349
-1033
-2273
-3936
-6772
-10433
-12403
-11979
-4655
7414
8126
18424
18630
12007
5372
-6536
-4391
-4408
2529
2269
-1058
-1734
-11492
-14262
-14689
-8591
-2247
5568
7617
4263
4940
-271
761
3487
10338
14031
11693
6777
-3382
-5794
-6799
-7354
-4558
-1613
-263
-2930
-5674
-7026
-2864
2559
6608
8503
6123
3010
-2211
-4412
-5209
-5964
-7770
-9895
-11526
-11600
-8631
3712
8059
12511
22296
14956
11670
-520
-3474
-2450
-543
5179
-1668
385
-7720
-13803
-15266
-13338
-5761
356
8103
5015
5933
3557
833
3832
7314
14183
12598
10084
917
-6852
-7311
-9428
-7180
-4141
-1956
-1843
-5000
-6935
-5389
1050
4760
7620
6597
2333
-1380
-5375
-5540
-5687
-6457
-7637
-10322
-10187
-9708
-1618
9912
10033
20016
20746
14674
8384
-3124
-1788
-3032
2991
788
-2694
-3518
-13427
-14974
-15991
-9346
-2609
5546
8018
5303
7758
3599
4633
6517
11364
13482
9745
4357
-5946
-8616
-9756
-10247
-7561
-5356
-3644
-5495
-6225
-5757
-1150
4633
6532
7523
4214
1330
-1815
-3813
-3461
-4154
-5760
-7623
-9689
-9970
-5943
7819
10951
16061
23300
15685
11353
-1817
-3956
-4414
-1502
1722
-5581
-3071
-11609
-16089
-15848
-12628
-3445
2965
9499
6440
7981
6160
3439
6084
7688
12275
9494
5250
-5039
-12119
-11769
-13142
-9923
-6805
-3900
-3443
-3876
-3492
-1131
5203
8405
10069
7983
3976
-168
-3550
-4028
-4416
-6328
-7939
-10471
-11106
-8937
874
11327
11301
21707
19491
13578
5378
-5132
-3374
-4575
1811
-3265
-5017
-6346
-15392
-14732
-14715
-7084
466
7723
9108
6677
8762
4513
6295
7626
11118
11651
6812
348
-9861
-10804
-11549
-10043
-6662
-3286
-595
-1502
-1126
-739
4110
8625
8483
7716
3414
-909
-4134
-6409
-6594
-7504
-8687
-9651
-10790
-9695
-4358
9034
11627
17385
24047
17069
12363
-1146
-3442
-4814
-2028
-1055
-7970
-4926
-12908
-15810
-14875
-11485
-2127
4949
10469
7910
9870
8952
7175
8306
8786
11552
7948
3994
-6013
-12323
-12726
-13606
-10647
-7425
-3261
-1799
-1832
-1137
660
5649
6217
5973
4142
218
-2645
-5380
-6346
-6770
-7239
-8664
-9518
-9192
-6298
4013
12918
13623
22923
20861
15097
5987
-4029
-3657
-5979
-1092
-6702
-6902
-7780
-15123
-13411
-12374
-4475
3259
10019
11309
10211
12324
8593
8770
8015
8972
8085
2704
-4081
-14094
-14895
-15822
-13917
-9870
-6698
-2966
-2946
-302
995
6128
8342
7692
6287
2139
-1551
-4613
-5818
-6455
-6902
-8253
-8430
-9234
-7939
-502
11458
13004
20098
23294
16189
10246
-2525
-4222
-6055
-2425
-3964
-7441
-4981
-13205
-13789
-12385
-7956
1015
8048
12413
10178
11796
8849
6756
6348
5642
6122
2090
-2042
-12150
-15555
-15564
-15631
-10623
-7235
-1929
337
2080
3750
5245
8693
7202
6188
3203
-846
-2875
-5340
-6412
-6650
-8125
-7971
-8261
-6454
-1708
10392
13611
16625
24627
17284
12645
414
-4001
-5014
-4876
-3631
-9985
-6267
-11868
-15202
-12305
-9204
-667
6208
11172
9861
10492
9687
6326
6539
5186
5827
2068
-2091
-9480
-14710
-13724
-14870
-10038
-6336
-2032
985
2183
5101
6180
8584
7892
5665
3727
-487
-3312
-5066
-6441
-5859
-7680
-7740
-7573
-6570
-3553
7044
14143
14599
24438
19844
13866
4030
-4954
-5754
-8143
-4615
-10685
-8275
-9777
-15618
-12076
-9451
-2553
4630
10507
10902
10977
11008
7297
6268
4856
4625
1918
-2248
-7716
-14624
-13362
-14500
-11820
-6357
-3294
1626
2566
4809
6316
7460
8086
6090
4524
1211
-2810
-4399
-6324
-6219
-7271
-8799
-6875
-6131
-3680
4277
14109
13306
21896
22922
14962
8028
-4344
-5874
-9193
-6373
-10389
-10343
-7477
-13946
-11907
-8954
-3702
3450
10257
12197
11893
12453
8657
6099
4323
3129
1066
-2790
-6854
-14179
-13618
-13195
-13334
-6502
-3535
1329
3861
5047
7435
8675
8781
6062
4609
1650
-2066
-4589
-6549
-6940
-7273
-9219
-8510
-6817
-5070
3968
13670
13102
21019
23316
15553
7530
-3809
-6149
-8796
-6805
-10342
-10094
-7153
-13233
-12252
-8513
-2571
3756
10254
11650
11516
12278
8092
5239
2922
1805
-358
-4101
-7755
-14072
-12964
-12523
-12234
-5827
-1930
2172
4695
6297
8199
10043
8458
6233
4044
1627
-2185
-5104
-6613
-6751
-6668
-8755
-8470
-7257
-5658
-591
11279
13383
17212
25072
18547
11852
-183
-5894
-7925
-8585
-8413
-12035
-6438
-10209
-12385
-8767
-4375
2325
7792
12287
11504
13062
10288
5509
2637
63
-848
-4549
-7188
-12111
-12925
-11187
-11551
-7740
-2660
1431
4788
7434
8862
10868
9013
5979
3056
587
-2139
-5759
-6892
-7989
-7216
-9133
-9894
-7935
-6586
-1635
9891
14583
15379
24635
20732
13375
2302
-5356
-6730
-8476
-8353
-12446
-7607
-9051
-12937
-10157
-5762
1090
6559
11475
11134
12207
10766
5721
3091
285
-275
-3290
-6036
-10429
-12306
-9520
-10145
-7771
-1859
2677
5825
7642
7810
9136
8448
4490
1611
-615
-2568
-5800
-7611
-8338
-7556
-7897
-9515
-7765
-5665
-2851
5638
15315
14917
21493
23934
16011
7529
-4029
-6964
-9382
-9229
-12178
-11676
-7902
-12305
-11114
-6972
-838
5439
10730
12401
12306
12879
8811
5054
1816
116
-2100
-5406
-9134
-11738
-10180
-9428
-8028
-4296
252
3256
5259
6849
7951
8469
5912
3035
139
-1990
-4875
-7422
-7472
-7525
-6515
-8325
-8170
-5892
-4235
2155
13307
15520
19098
25365
18549
10063
-1889
-7370
-9695
-10452
-11521
-12887
-7697
-10543
-11492
-7439
-1800
4669
10624
13560
13181
13696
10069
5670
1713
-547
-2481
-5821
-8552
-12280
-11525
-9733
-9550
-5851
-807
2895
5325
6734
7760
8877
7390
3996
1087
-1635
-4403
-7394
-7870
-7850
-7020
-7701
-8748
-7140
-5410
-1978
7666
15572
15034
23981
21890
13675
3683
-6398
-7808
-10307
-9074
-12121
-8264
-7303
-11161
-8343
-3998
2247
8086
12725
12847
12958
11333
6258
2683
-751
-1909
-4128
-7111
-9682
-11400
-8822
-8877
-6687
-2107
1950
5268
6996
8043
8282
7458
4069
1257
-1947
-4153
-7056
-8230
-8218
-8073
-7501
-9120
-7136
-5438
-3296
4361
14900
15299
20932
24556
16650
8546
-3586
-7598
-9953
-9654
-12324
-11253
-7310
-10810
-9798
-5739
-846
5498
10939
12101
12121
11971
8262
4398
1122
-1263
-2977
-5693
-8569
-11395
-9350
-7722
-7705
-3172
882
3983
6224
6408
6595
6777
4382
1379
-1167
-3462
-6065
-8028
-8059
-7213
-5422
-6884
-6494
-4581
-3013
-21
11134
16548
16371
25195
20556
13054
1768
-8013
-10560
-11421
-11258
-13877
-8251
-9150
-10936
-7232
-3452
2933
9000
13239
13474
13594
11710
6289
2942
-770
-2362
-4576
-7331
-10088
-10820
-8245
-8824
-5781
-1623
1918
4765
6160
6706
6951
6124
3276
937
-1701
-4296
-6665
-7334
-7373
-5983
-6328
-6740
-5609
-4401
-2220
4514
15561
14441
20874
24052
15801
7840
-5802
-9730
-12549
-10945
-14102
-11836
-6437
-11265
-7568
-5031
-69
7799
12049
13973
13078
12957
8323
3772
118
-2966
-4127
-7039
-9425
-12132
-9648
-8722
-7263
-2669
1774
5858
6972
8075
7216
6910
5464
1973
-616
-3104
-6214
-7774
-8159
-7297
-5496
-6890
-6238
-5107
-4438
-1545
5543
15830
15481
22371
23551
15463
6920
-6898
-10265
-12622
-10292
-12935
-10039
-6221
-10312
-5924
-5141
1015
8317
11768
13891
12403
12043
6727
2721
-1827
-4436
-5721
-8700
-9805
-11497
-8664
-7668
-4632
-636
3190
6883
7189
8145
6401
5849
4223
-251
-2526
-5347
-7804
-8041
-8303
-6579
-6172
-7009
-5623
-4930
-2860
-376
10614
17198
16765
25045
21016
14295
2168
-8640
-10820
-11487
-10295
-14471
-8365
-9242
-10255
-6594
-5391
3737
8935
12861
12849
12339
11048
5778
2047
-2435
-3297
-5531
-7425
-9341
-10200
-8170
-6520
-3727
-73
3877
5590
6803
6359
5115
5667
2331
-1316
-2582
-5887
-6835
-7369
-7029
-5255
-5326
-5494
-4797
-3307
-2072
2524
13950
16938
19196
25398
19930
11839
-1868
-10213
-12583
-11546
-12684
-14795
-8713
-10339
-8865
-7160
-2922
5647
10094
13772
12546
12821
10566
5239
857
-2757
-4020
-6558
-8477
-10520
-11253
-8465
-6017
-4505
27
3805
5530
7063
5592
6230
6548
2482
-248
-2331
-4589
-5631
-6380
-6183
-5073
-4411
-5566
-4494
-3178
-2596
4484
15288
16099
19460
25260
18632
9421
-4852
-11841
-12452
-11162
-13865
-13990
-7706
-9587
-9056
-7184
-1683
6091
10973
12821
12312
12990
10049
4239
16
-3004
-4407
-6759
-8918
-11718
-11694
-7477
-6476
-4490
287
3425
5707
6530
5931
7799
6648
2626
128
-2322
-4070
-5777
-6394
-6680
-4771
-4591
-5829
-4640
-3888
-2627
4282
15682
14550
20099
24879
17428
8401
-6113
-10673
-11750
-9527
-14240
-12952
-6413
-10422
-9370
-7653
-1229
6268
10642
11923
11756
13616
9344
4292
305
-2183
-3187
-6128
-7965
-11981
-9822
-6927
-6879
-4178
-39
3851
5607
6639
6726
8092
6397
2877
-8
-1523
-3669
-5641
-6475
-6645
-4548
-5507
-6383
-5148
-4166
-2225
3818
15002
15038
19672
24933
17112
8976
-5413
-10391
-11504
-10253
-14138
-13857
-6450
-11539
-10220
-7559
-2565
5982
9129
11279
11721
13370
9743
4827
1606
-1531
-2430
-5433
-7937
-11666
-8968
-6632
-7427
-4563
-891
2821
4404
5924
7109
8304
7702
3644
1904
213
-3007
-4932
-6540
-6164
-4484
-5527
-6090
-5847
-4893
-2995
2987
14222
14154
20153
24589
17597
8410
-5227
-9641
-11150
-9894
-14636
-12418
-6572
-12099
-10548
-8554
-2699
5086
7647
10444
11602
14050
10331
5633
2653
158
-731
-4597
-7751
-10618
-8449
-7821
-8167
-6101
-2346
1593
3290
5781
6664
8222
7987
4528
3228
999
-2386
-4683
-6442
-6143
-5619
-6194
-7191
-7322
-5665
-4692
684
11871
14467
19107
24311
18514
9936
-2351
-8746
-10500
-9478
-12844
-12165
-6962
-11939
-10789
-9237
-4223
2750
5774
9675
11418
14518
10909
7427
4547
1632
682
-3271
-5967
-8446
-8084
-7791
-8412
-7531
-4015
-601
1998
4775
5700
8301
8768
6276
5004
1993
-1578
-4027
-5855
-6520
-5834
-5818
-8106
-7538
-7192
-6110
-1741
9480
15225
17204
24196
19308
13348
1100
-6895
-8710
-8394
-9593
-12254
-6849
-11235
-11427
-10285
-7347
-195
3345
7658
10449
13479
11846
9330
7434
4109
3386
-558
-2588
-5950
-7972
-7653
-9078
-8648
-6919
-3375
-1256
1260
3169
6101
7697
7078
5342
3360
60
-2700
-4589
-5836
-4356
-5011
-6411
-7839
-8252
-7315
-4489
6338
13886
15476
21224
20279
14875
3560
-5732
-7796
-6713
-6924
-11013
-7401
-9162
-11108
-10888
-9290
-3189
981
5421
8569
11545
11912
10602
8601
5502
4626
1616
-75
-3561
-7053
-6884
-8328
-9373
-8742
-6363
-5056
-2257
743
3167
7002
7622
5665
4950
1464
-419
-2479
-2844
-2076
-2845
-4359
-8562
-8533
-9467
-7358
-58
11329
13151
15496
21025
15448
8887
-2641
-6175
-4258
-3786
-6884
-7674
-4676
-8885
-10408
-10101
-7340
-1659
1675
5262
8051
10876
10621
8755
6740
5068
4531
2574
238
-4235
-4465
-5832
-7598
-8393
-9393
-8018
-5436
-2113
-325
4146
5781
5457
5156
2674
1403
1191
1125
783
648
-2508
-6473
-8577
-10727
-9245
-5516
4832
10062
10170
16225
15456
11654
2397
-3475
-2588
-533
-1126
-5710
-1970
-3791
-7990
-9088
-10055
-5249
-2606
-121
2348
5668
8184
6838
6106
4302
5282
4792
3261
907
-1246
-628
-2745
-4893
-8654
-9103
-7328
-6367
-4092
-2089
1984
2958
2509
2150
1719
3609
4142
4469
4065
1236
-2325
-6019
-9528
-9785
-8074
-4039
4071
7412
7833
13071
12379
7918
1756
-1552
654
2311
386
-2312
1342
-2124
-6220
-7700
-8530
-6359
-4691
-3215
-792
3589
4214
3791
3202
3207
4423
4597
4335
2666
3521
3218
646
-3958
-6820
-7381
-7705
-7120
-7743
-3644
-2257
-1944
-1172
607
3798
5794
7452
6480
6250
3345
-366
-3868
-7378
-8076
-7749
-6396
-1295
2902
3667
8747
10419
7620
3859
767
1971
3256
2375
1940
4050
1888
-2550
-5151
-7921
-7746
-7369
-6617
-3959
-1035
659
156
480
126
3067
4110
4930
7391
7412
7831
4415
1606
-1142
-3421
-6080
-7934
-7293
-8665
-7718
-6596
-3639
832
3569
6150
6301
6735
5587
4192
1906
-1288
-3333
-5583
-7990
-10549
-9425
-3375
272
3925
9497
11499
10222
5163
2171
2202
4917
3906
4363
5972
1912
-1982
-5806
-8659
-10045
-9139
-7605
-5452
-4382
-3280
-1029
142
632
3146
7171
9287
9892
9522
8746
7817
4357
310
-3381
-6882
-9496
-11518
-10885
-8643
-4292
-552
1950
3310
4089
4646
4172
3425
2267
2050
-14
-4303
-8633
-12012
-12189
-10201
-4725
746
5779
11977
13379
12069
7627
5344
5781
5161
3366
2468
3886
959
-2961
-5876
-7206
-7785
-9970
-11524
-8991
-4685
-3009
-270
2910
4998
6935
7998
8153
7659
7772
6866
5611
2027
-2408
-5386
-8498
-9815
-10268
-7577
-4248
-1540
1260
3518
5406
4958
3815
2670
2321
1627
-1144
-4191
-7727
-9343
-10442
-11489
-10248
-5920
1647
4700
9126
14035
15220
14472
8797
5826
4438
3101
950
669
1319
-260
-2318
-6622
-9426
-9312
-9079
-8102
-4538
-490
2502
4677
5743
6191
6431
5288
4597
2471
230
-1871
-3431
-4072
-4110
-4299
-4265
-3086
-3122
-980
564
2641
4282
4930
4508
2921
1591
-1341
-3360
-5370
-6625
-7828
-8614
-8909
-8954
-7400
-6568
-2045
5191
7977
11618
14585
14776
11832
6652
3661
1123
1142
-609
-1309
-1432
-3407
-3407
-4791
-5094
-4157
-2715
-1587
-284
2744
5062
6145
4922
3180
1434
-1372
-4702
-6671
-5445
-2878
-1437
-892
146
1163
2012
1840
1681
2417
3174
2678
2113
1396
-32
-1542
-4119
-5248
-5320
-5815
-6764
-6473
-5901
-5853
-3213
-1521
-58
2183
6130
8430
8039
9590
9040
8019
4947
866
-1664
-3807
-4992
-4177
-1401
-116
898
2567
2952
2296
2164
2224
2410
2733
1975
1165
-661
-3991
-6124
-6370
-5621
-4973
-4688
-2495
795
2589
3530
4223
3890
2054
-39
-1330
-1840
-1445
-1406
-2146
-1496
-1919
-3351
-4091
-4364
-3772
-2082
465
887
1080
1148
125
-871
-1552
258
2533
4087
5221
5099
4177
77
-3687
-4238
-2802
-1252
17
4525
7463
8169
7739
6867
5837
3483
1301
-1205
-1331
-2374
-3773
-4286
-4525
-4162
-5801
-4951
-3774
-2113
-60
1618
3188
1335
262
-897
-2028
-1718
-2324
-1789
-595
-335
-21
186
-568
-1345
749
2081
1530
1775
1654
911
-1015
-3228
-4074
-3909
-3335
-3709
-2256
-273
-761
-272
595
2709
2437
844
2097
4572
6780
6791
8305
9008
7966
5502
1914
743
-677
-2523
-3663
-2771
-3114
-4527
-3696
-4040
-3265
-2011
-393
-487
-2784
-3519
-4044
-3282
-2667
-2342
-57
1423
1098
433
-124
-654
-41
1856
2876
3330
3158
2407
871
-946
-1846
-1837
-2098
-2092
-2618
-3843
-4079
-5280
-6115
-3406
50
691
3154
5538
6863
6963
4822
3320
3589
4131
1897
2157
3614
3816
3116
1914
1717
509
-1055
-2087
-1959
-921
-308
232
-388
-2794
-4425
-5631
-6580
-6460
-5784
-3561
-1303
-51
1340
1285
959
1328
2294
2548
1995
2328
1943
1994
1122
-64
388
-141
-666
-1372
-2051
-2017
-2918
-3563
-3563
-2636
-3074
-2889
-1049
1471
3404
3721
4087
4940
4168
84
-1647
-1041
115
1098
3184
5687
6041
5859
4327
3253
2250
1124
285
-690
-1929
-3347
-3853
-5063
-6272
-6355
-5273
-4273
-3817
-3019
-1678
114
1049
2400
3595
3807
3181
1039
992
115
-743
-308
-280
271
-568
-961
-1237
-1756
-1588
-981
333
309
-163
-278
-187
-361
-2249
-2454
-150
129
-855
488
1353
1690
769
-509
532
2254
3507
4106
6167
6983
6022
5085
2766
547
-1333
-2897
-3016
-2656
-2887
-3103
-2360
-2842
-3387
-2857
-2434
-1727
-1440
-609
302
229
-761
-389
526
537
274
-514
-1605
-2456
-2646
-2354
-1089
398
1694
3387
4029
3490
3151
3107
2034
246
-299
-1562
-3677
-5576
-6281
-6163
-4642
-2930
-1670
1264
3184
4649
3474
2370
2840
3875
4760
4553
5452
5314
4263
2589
1814
1189
-454
-1274
-1615
-1132
-751
-1944
-2415
-2865
-2719
-2996
-3474
-3791
-3508
-2194
-1731
-221
-143
462
329
-459
-493
-771
-479
93
2642
3828
4454
5348
4803
3601
1803
942
-349
-2144
-3596
-4659
-4744
-6451
-7865
-8170
-7530
-5929
-3195
74
1816
4257
5634
6665
6021
3817
3529
3960
3849
3477
5089
4921
3496
2090
1129
1419
-649
-2428
-2414
-950
-1365
-2942
-2921
-2626
-1967
-2232
-1689
-874
-307
-998
-1687
-1489
-1702
-1783
-1114
1050
2663
3854
3584
2765
2198
1537
1200
21
-58
-482
-734
-1467
-3493
-4551
-5478
-5401
-5229
-4682
-4110
-3872
-4228
-4123
-2036
960
2514
4092
6903
8529
8445
5362
2249
1346
1468
1454
2825
3990
3768
2725
1203
138
-1023
-1561
-1529
428
1627
1236
1132
87
-1938
-3616
-4924
-5039
-4576
-3872
-2824
-635
764
136
174
810
1947
2138
2555
2356
1914
1236
-66
-1297
-2587
-2816
-2605
-2595
-3297
-2936
-3151
-4344
-4893
-4749
-3531
-3123
-2460
-1134
1679
5218
5432
5485
7151
8100
7873
4759
1754
1634
1993
956
532
3248
3934
2797
2043
1518
2133
1284
-352
71
992
-915
-3511
-4342
-5278
-5519
-4185
-2697
-1688
-988
-71
65
461
688
1027
2438
2692
2825
2024
76
-2104
-4153
-4963
-5563
-4889
-4980
-4135
-3066
-3039
-2295
-2182
-1388
-743
829
1496
124
-1108
-1868
-1099
1579
3603
3911
6083
6778
5408
3377
1059
1136
2149
3261
3824
6842
6916
3965
2736
1082
-856
-2445
-2842
-2886
-722
-1104
-2714
-3414
-4997
-5397
-5536
-3206
-963
987
2560
2846
3423
1279
-278
-1063
-1249
-673
-1248
-1691
-3632
-4889
-5835
-5528
-3690
-1689
1309
3286
4907
3928
1938
-143
-2079
-2117
-2524
-2377
-3370
-4165
-4869
-3841
-448
1229
5571
9159
10644
10065
7503
5930
5007
4639
3774
5039
5304
2472
-229
-1734
-2981
-4402
-4994
-4501
-2684
-2730
-3884
-4095
-4153
-3857
-3293
-1128
1359
2581
2125
1262
254
-1654
-3622
-4575
-3941
-3311
-2150
-1688
-1336
-135
649
1621
1808
2195
2793
2700
1783
0
-814
-2287
-4115
-5392
-6545
-6404
-6352
-5074
-3175
444
5840
8391
11105
12786
12825
10840
6610
4784
3454
3472
2232
1740
1959
-700
-2940
-5001
-4658
-4882
-4673
-3019
-892
322
-1128
-1138
-2110
-3045
-3383
-2888
-1574
-1121
-1105
-2178
-3000
-4638
-5386
-3786
-905
2111
4381
4981
4067
2914
1159
-17
-337
20
801
1001
-748
-2856
-4394
-5652
-5474
-4576
-3162
-1617
-445
206
-41
303
3555
6851
8561
11165
12348
11468
7173
2495
746
226
-417
-735
1239
515
-1507
-2675
-3265
-3352
-3522
-2892
-1858
-392
-2409
-4423
-4516
-6057
-6171
-5672
-3907
-1730
132
1775
1723
1354
450
616
1932
2841
3707
3885
2533
588
-2220
-3864
-3941
-3301
-1932
263
1184
111
-654
-1748
-1655
-1652
-1686
-843
-348
-758
-2155
-2953
-1712
2679
5267
8043
11279
11301
9087
3708
576
56
1558
1759
2593
3773
726
-1891
-5295
-6997
-6678
-4771
-3459
-1814
-1309
-4097
-4360
-5153
-4343
-2154
318
3103
3716
3407
1725
441
-1426
-2053
-481
758
1678
1479
748
-679
-1037
-1318
-719
1637
2820
3668
3168
1312
-979
-2287
-2928
-3086
-2446
-2657
-3344
-4589
-5481
-5496
-4345
474
6076
8901
12117
13157
12212
7678
1890
757
1396
1154
-549
950
182
-3576
-6492
-7764
-6143
-4399
-2343
14
2070
100
-2664
-4035
-4780
-3722
-1960
502
1841
2059
431
-1200
-2070
-2594
-312
2383
4180
4773
4418
2785
359
-207
-25
843
1788
1907
1396
-561
-3308
-4967
-4889
-3676
-2260
-2076
-2342
-3524
-5595
-6625
-6104
-3598
2370
8059
9447
11935
11403
8609
4732
-70
557
2396
3068
1463
2338
550
-4310
-6385
-6365
-4215
-3464
-2042
-1765
-1005
-3630
-6800
-6521
-6233
-2788
803
4591
6282
5973
4906
2979
1896
1027
2315
4356
4800
3334
1847
-396
-2782
-3231
-2963
-1775
-715
111
489
-493
-2295
-2988
-2853
-2460
-2253
-2847
-4010
-5955
-7199
-7961
-7643
-5697
295
7320
8935
12143
13689
12572
9051
4254
5113
5360
3771
-415
-977
-2711
-8298
-10232
-8996
-5576
-5067
-4590
-3807
-1380
-1652
-3383
-756
1964
5497
7281
7752
6742
5575
4066
1004
299
-686
-23
500
-681
-1649
-2552
-2044
-2140
-1284
-83
358
617
230
202
-627
-2216
-2964
-3522
-4354
-4964
-6092
-6748
-7088
-6888
-5262
-3893
-2166
2044
9636
12377
13743
15562
13258
9426
1945
-818
-1037
-543
-2041
-2395
-1488
-5936
-7090
-6949
-4402
-2420
-205
1928
3481
3517
-324
47
722
1538
2778
3255
3291
1829
647
-2099
-2283
-1194
-1133
503
508
304
-350
-1283
-1368
-417
286
-742
-1902
-2508
-3405
-5059
-5305
-4427
-2634
-1552
-1471
-1349
-1906
-2436
-2699
-3049
-3035
-2220
-1863
-45
5133
6141
8627
11544
10755
9173
3941
3428
3079
2591
928
905
1941
-2942
-4883
-5051
-3016
-2074
-1419
-744
101
-40
-4043
-3773
-2565
-44
3220
4079
4492
3619
2191
-704
-1561
-1136
-744
679
-24
-1381
-2860
-4613
-6203
-4860
-3322
-2472
-404
-315
84
665
348
357
440
438
-541
-2629
-5365
-6721
-6739
-6680
-5323
-3182
-1177
1016
7023
10518
11539
15291
14737
14469
8731
4062
3571
1833
1130
-2096
-1448
-4747
-7258
-7398
-7348
-4694
-3607
-1625
-924
583
-1818
-2320
129
1210
3993
4356
4457
3005
1057
-1556
-3875
-3777
-3602
-2007
-1221
-1267
-1864
-2185
-1713
-616
564
364
180
-753
-1872
-2885
-3720
-3168
-2345
-1473
-1228
-1702
-2217
-2918
-2293
-1677
-1294
-222
356
1136
3552
9410
10675
12804
14805
12291
9652
2374
116
-594
-414
-1511
-2575
-2091
-6359
-8139
-8565
-6742
-5022
-2458
-449
753
1443
-1872
-2359
-1392
533
3000
3822
3646
2604
1597
-550
-1094
-845
-487
567
-479
-2174
-3777
-4914
-5138
-3692
-2046
-234
984
434
405
560
723
493
990
1022
538
-218
-1831
-2044
-2337
-2418
-2637
-2490
-1740
-545
1745
7687
10285
11024
14294
11852
8876
1354
-1125
-403
-2302
-3282
-4830
-3248
-7410
-10180
-10208
-7075
-3508
-1598
1440
2407
3239
-144
-753
1460
2998
5179
4358
2789
916
-809
-3435
-4046
-2363
-1477
100
-232
-741
-1672
-2136
-1778
-270
1425
509
311
-308
-1233
-1204
-862
-772
128
413
-418
-1166
-2224
-1904
-1147
-898
-430
-80
102
-431
-632
1839
7800
8643
9588
11913
9392
5857
-2328
-3336
-2736
-2611
-2782
-3121
-997
-4923
-6549
-6533
-3062
-318
582
1050
505
1102
-1980
-2256
-493
2186
5183
5245
4770
3699
2671
402
-192
-524
-1654
-1892
-3724
-4793
-5810
-5690
-5259
-3786
-1792
-907
-77
-134
382
1584
2975
3697
4466
3859
2596
796
-1423
-2292
-2835
-2263
-1723
-1680
-2379
-2903
-3057
-2769
2773
7331
7515
11977
11187
8476
2767
-3054
-1778
-3437
-2848
-4682
-3357
-5167
-9076
-8042
-6233
-916
1332
4361
4977
5333
3906
714
1845
2723
4608
4320
2443
927
-1562
-4120
-6254
-5678
-4919
-3895
-3770
-4484
-4407
-5068
-3663
-1412
1804
4105
4023
4269
3787
3519
2925
2987
3779
3436
1987
5
-1846
-2809
-3556
-2695
-1368
-933
-1322
-2576
-2840
-3364
-3530
1005
5244
4752
9116
7477
5306
1805
-3218
-394
-950
1308
-181
1173
-487
-4390
-3390
-3937
186
1785
2901
1225
462
-1266
-4457
-2262
-874
1973
3064
1659
921
-618
-2615
-4058
-2257
-1569
-1439
-2055
-4184
-3983
-4362
-2957
167
3296
5770
5915
5634
5439
5000
4432
3835
4181
3879
1768
-766
-3392
-4946
-5971
-6647
-6006
-4827
-4209
-4768
-5145
-4222
-1805
60
6805
8194
8833
12813
7415
6888
-66
-951
485
-1161
671
-2585
-533
-5767
-6402
-6275
-5624
-1230
-829
1851
321
757
-1606
-2922
-605
-267
2820
1889
1007
-137
-1398
-2464
-3282
-1143
-897
1603
575
71
185
-616
1100
2131
4048
4211
3875
2690
1931
1183
990
1225
1229
1400
119
-1685
-3611
-4476
-4463
-3617
-3189
-3207
-3382
-3682
-4168
-3756
-2495
-930
5776
5369
7664
10980
6177
6409
-157
1337
1192
-235
671
-2291
-423
-6365
-6232
-6531
-5225
-1746
-1937
676
-256
1728
-501
63
3315
3179
4809
2983
2902
618
-627
-1511
-1589
170
-1892
-1005
-2181
-1836
-1587
-1290
1686
3512
6043
5563
4471
3063
2205
949
-778
-1097
-1291
-2235
-4303
-5950
-6733
-5854
-4919
-3133
-1690
-1724
-1716
-2037
-1548
-620
633
1037
2522
6569
3637
5961
6158
3440
4084
-2370
-57
-2184
-1286
-820
-994
1786
-2783
-636
-2566
310
1056
492
2018
398
1308
-2922
-1906
-1395
-459
1548
1902
3455
2498
2869
1022
1486
1745
1389
2170
159
427
-879
-1407
-1584
-1771
-1055
-1299
-1428
-2346
-1933
-2190
-1509
-763
208
668
-200
-1000
-2135
-2463
-3178
-2874
-2998
-2963
-3003
-3635
-3519
-3037
-2106
-2263
1999
6245
4839
9556
8648
8700
6092
-123
1937
-1646
1205
-1690
-87
531
-4550
-2573
-5856
-973
98
1931
3331
3062
4585
-173
444
-361
369
1839
2852
3365
1632
1620
-1047
-864
-995
-798
86
-168
462
-1410
-2241
-3276
-3203
-2428
-3029
-2320
-2849
-3493
-3584
-2908
-2172
-1633
251
1214
1814
1557
463
93
-245
-670
-680
-1080
-1729
-2242
-3086
-3594
-4130
-2212
1658
2149
5921
7746
8137
6545
3558
4651
3112
5491
3194
3984
3977
-200
-2525
-6704
-4628
-4670
-1789
-1326
-747
892
-1633
-1375
-575
2505
3016
5056
4492
2784
2096
-2116
-3795
-5111
-4497
-4897
-4852
-3756
-4494
-3852
-4516
-3512
-1289
508
1551
2042
3051
2773
2418
1159
688
637
-157
-1423
-2758
-2759
-2874
-3220
-2152
-1248
-219
-211
-505
741
1508
2204
1586
3971
5003
5077
5328
4496
4751
2229
2063
722
398
2145
1623
2881
2431
1672
969
-444
-16
-271
78
-668
-1697
-2268
-3788
-3715
-3816
-3516
-3310
-2022
-1059
-944
100
-174
117
316
242
133
-3
-219
-670
-962
-1204
-1338
-2152
-2039
-928
-36
468
867
827
964
748
651
241
-418
-502
-1100
-1147
-2345
-1782
-1753
-1270
-258
-196
1666
1599
2103
2565
4171
5380
5129
5518
4320
3528
1041
-615
-1023
-2182
-1551
-1205
133
-274
-921
-1572
-2708
-1159
-817
484
1518
1382
1281
211
-626
-1813
-2137
-2348
-2445
-1498
-1625
-1865
-2277
-3078
-2152
-448
538
1068
2078
2070
1427
-143
-1568
-1837
-2314
-2363
-1797
-1008
-1242
-1567
-1075
284
1525
2303
2616
3541
4415
3535
2900
1897
1304
797
-335
-1335
-2303
-2819
-3614
-3179
-2128
-1037
-114
-488
250
489
1206
1848
1574
2771
2772
2795
1477
-52
-1023
-1880
-1619
-1677
81
924
1354
912
544
1483
1914
2341
2017
2870
2718
1847
604
-1238
-2530
-3617
-3214
-3378
-3110
-2684
-2618
-1904
-1769
-927
-144
149
559
1639
1909
1405
1540
1132
1294
1433
1520
1743
1661
1258
358
-461
-1639
-2340
-2606
-2093
-1516
-2057
-2175
-2606
-2650
-2699
-2209
-1095
-935
62
135
1630
2403
1879
2119
2363
3839
3518
3969
3271
2361
1709
-105
542
200
-114
-861
-1408
-923
-1250
-450
-322
164
596
443
750
-23
-829
-1491
-1284
-2194
-2270
-2280
-3491
-2526
-1676
25
985
1329
2026
2370
2258
2043
2590
2891
3093
3046
2417
956
54
-1364
-2483
-2835
-3062
-2734
-3480
-3776
-3711
-3528
-3303
-2393
-1079
143
1220
2071
2109
1599
1610
1714
1837
1838
1461
375
-246
-804
-165
266
1024
1308
1276
1779
1223
1629
496
479
311
-186
-470
-1379
-1032
-1878
-2042
-1310
-715
-622
-119
167
910
2106
2014
2667
2647
2344
2271
1566
933
12
-769
-992
-981
-1130
-1520
-1895
-2048
-1501
-1029
-337
-765
-1061
-981
-2150
-1889
-2045
-1551
-1513
-1487
-1311
-2020
-1823
-2549
-2083
-971
193
1663
2376
2033
1928
1797
1694
1647
189
-365
-621
-752
-896
-667
327
361
388
195
1276
2301
2224
2577
3097
4473
4509
3669
3060
2346
1626
847
795
1141
494
-705
-834
-1373
-1674
-1866
-2116
-1211
-1050
-979
-1557
-1698
-1768
-2228
-1933
-2540
-2039
-2508
-2753
-1889
-1684
-1013
-586
341
894
1124
1209
828
563
253
-56
-632
-1093
-1767
-2548
-3136
-3833
-3438
-2175
-1570
-1282
-609
239
1478
1985
2020
3002
3779
4414
4628
4145
3972
3391
2838
2918
3123
3212
2631
2028
1645
2370
3057
2858
2514
1494
826
-22
-1074
-1795
-2213
-2749
-3211
-4045
-5488
-6029
-6250
-5464
-3943
-2220
-707
121
775
1048
1786
1975
2259
2625
2717
2389
773
-591
-2289
-2480
-2283
-2778
-2913
-3384
-3521
-4216
-4183
-3567
-2303
-1459
-1311
-671
-677
-518
100
1455
2292
2722
3080
3321
3802
3414
3334
3450
4172
5281
4488
4434
3764
2640
1630
446
1014
1304
652
-872
-1691
-1602
-1520
-1478
-1543
-954
-603
-1094
-1818
-2060
-2300
-2347
-1927
-1519
-288
-389
-1176
-1341
-1198
-541
-452
-33
166
786
784
250
-100
-618
-604
-1042
-1386
-2586
-3199
-3556
-3865
-4127
-4111
-2746
-2190
-1524
-873
190
1744
2503
3487
4915
5824
5883
5754
5250
4155
2488
1072
1233
884
-328
-1781
-1950
-1053
-986
-742
147
1437
2133
2504
2540
2795
2451
1675
972
364
369
188
-697
-2107
-2427
-1914
-1633
-1631
-652
231
524
72
-447
181
380
10
-298
-361
-852
-2155
-3691
-4553
-4668
-3709
-2974
-2834
-2038
-1208
-666
-50
640
1449
2564
2708
3066
3105
2283
1691
794
683
825
922
515
116
-518
-1308
-1604
-1564
-1227
-1572
-1435
-1372
-1038
-1340
-1825
-1299
-194
1011
1852
2492
2999
3550
3309
3200
3253
3345
3337
2609
1544
773
314
-387
-1207
-2114
-2447
-2543
-2984
-3219
-2959
-2439
-1693
-1077
-298
505
452
263
126
-114
-103
-262
-961
-1262
-1580
-2054
-1833
-1393
-969
-3
1237
1930
2764
3516
3194
2590
1782
1216
765
-226
-1444
-2705
-3553
-4729
-5503
-5545
-5263
-4218
-2614
-512
1106
1791
1430
2088
3596
4532
5030
4463
4491
4252
3447
2086
1011
383
-496
-555
-538
-319
-126
-325
-189
630
1411
1610
1207
599
201
321
225
-143
-248
-335
-368
-1078
-1357
-1252
-992
-399
72
606
810
587
-173
-302
-480
-608
-413
-745
-1133
-1437
-1736
-1651
-1908
-1827
-1312
-1159
-1028
-1092
-962
-1532
-1936
-1883
-1448
-965
-953
-698
-818
-780
-777
-734
452
1425
2254
2217
2316
2760
2233
1420
465
858
940
813
377
458
781
104
524
983
1801
2394
2314
2497
2950
3288
3031
2292
991
496
332
-551
-1187
-1621
-1793
-2075
-2466
-2386
-2054
-1749
-1424
-832
-477
-145
-365
-900
-1692
-1834
-1299
-1691
-1130
-663
-498
-447
-1061
-1189
-786
-72
188
786
1272
1313
1136
563
63
-73
-403
-1008
-1405
-1770
-1854
-1620
-1503
-1162
-558
-392
-167
753
1840
2091
2390
2235
2480
3008
2671
2712
2684
2641
2154
1722
1307
1256
1503
1271
1254
1428
1086
350
-351
-1607
-2254
-2490
-2574
-2279
-2173
-2072
-2329
-2504
-2710
-2490
-2068
-1667
-1290
-541
229
196
616
426
622
894
490
410
-113
-148
-60
-173
-371
-659
-606
-903
-1073
-811
-413
-478
-1002
-1375
-1713
-1644
-2034
-1719
-1336
-1084
-340
53
869
978
1472
2313
3594
4653
4585
4007
2966
2678
2461
2083
1297
861
797
154
-282
-408
-100
24
-13
418
971
1163
739
317
204
77
66
-391
-885
-1355
-1988
-2478
-2823
-2653
-2049
-1257
-766
163
665
1160
1325
1329
1486
1345
1526
796
169
-710
-1560
-1961
-2762
-2859
-2849
-2332
-1955
-1734
-816
-131
806
758
524
591
317
49
-549
-378
-370
-217
-176
-74
70
-531
-735
-206
1004
928
466
529
815
1674
2020
2346
2899
2945
2447
1751
1295
962
463
0
-177
285
470
-7
-441
-643
-604
-663
-831
-657
-718
-675
-922
-1197
-1202
-1481
-1093
-924
-355
-122
316
643
491
878
744
1114
439
-297
-1076
-1714
-1818
-2161
-1801
-1663
-1443
-1798
-2258
-2258
-2011
-1579
-1357
-983
-610
-253
-124
-448
-621
-681
-467
-213
-225
-12
194
571
816
1365
1662
1982
2803
3616
4451
4377
4128
3382
2609
1981
1426
1386
831
306
49
-193
-378
-332
-958
-1415
-1158
-419
611
1134
1172
805
661
225
-478
-550
-302
132
79
-319
-344
-620
-997
-1363
-1074
-620
-556
-727
-1015
-942
-1044
-1480
-2187
-2301
-2292
-2065
-1942
-1926
-1610
-1548
-1666
-2019
-1865
-1488
-883
-404
-197
206
902
1301
1348
1357
1657
2125
2383
2433
2065
2092
2184
2586
3036
3260
3562
3303
2588
1795
1248
564
18
-704
-833
-432
-315
-286
-627
-909
-996
-503
-227
113
540
328
311
-495
-1148
-1119
-1280
-1004
-928
-676
-690
-1345
-2309
-2502
-2099
-1790
-1655
-1775
-1355
-1165
-1476
-2076
-2026
-1629
-1071
-943
-867
-617
-821
-849
-1298
-962
-248
306
603
537
577
572
608
756
1536
2006
1767
1533
1335
1581
1822
1613
1935
2492
2867
2763
2087
1441
1133
1193
1133
1130
1274
852
179
-294
-553
-453
-61
-57
-228
50
103
-53
-460
-1176
-1013
-652
-1085
-1339
-1662
-1780
-2172
-2407
-2160
-1877
-1394
-1506
-1116
-493
352
778
885
1148
1247
1329
731
383
-114
-609
-1108
-1729
-2074
-2262
-2089
-1764
-1048
-512
254
537
504
1093
1573
2016
2023
2275
2599
2687
1887
850
687
809
1497
1599
1658
1833
1523
1001
561
943
1441
1495
1131
752
183
-521
-1390
-2456
-2829
-3094
-3099
-3066
-2866
-2599
-2344
-1738
-1469
-495
541
853
1253
1067
820
967
698
278
-147
-254
-614
-962
-966
-833
-313
-59
-95
-82
213
164
61
36
1
282
-4
-475
-971
-1225
-1533
-1847
-1587
-1464
-736
64
760
1519
1900
2412
2787
2730
2354
1581
1267
1227
1094
985
747
201
-82
-372
-664
-421
-200
261
538
532
340
286
82
-574
-1072
-921
-727
-881
-1035
-1398
-1179
-847
-715
25
620
1068
1200
1077
984
903
1038
934
1067
1081
818
178
-805
-1237
-1626
-1671
-1784
-1420
-919
-718
-541
-820
-441
-418
-570
-432
-427
-326
-580
-729
-808
-975
-1185
-941
-80
524
672
924
1410
1910
2402
2548
2749
2801
2372
1678
922
202
-666
-1413
-1912
-1680
-954
-736
-605
-721
-622
-426
-227
309
807
1204
1228
1050
554
-229
-826
-970
-846
-541
-275
-374
-390
-470
-573
-286
306
910
1117
1118
933
303
-529
-1046
-1093
-1003
-1244
-1463
-1311
-1776
-2332
-2407
-2134
-1587
-1178
-609
-112
436
513
539
543
358
508
594
589
216
115
124
125
109
-228
252
902
1655
2229
2358
2590
2483
2357
1902
1755
1762
1179
754
468
357
123
-260
-409
-101
460
540
591
546
540
497
-47
-287
-87
-127
-430
-513
-724
-1205
-1635
-2053
-1855
-1242
-1035
-629
-511
-563
-517
-626
-644
-934
-1095
-1538
-1764
-2023
-2189
-2076
-2165
-1755
-1428
-237
628
623
609
751
1476
2029
2572
2928
3143
2583
1655
1065
592
210
38
267
564
924
790
515
210
108
32
50
116
20
48
-439
-884
-1286
-1451
-1564
-1515
-1165
-969
-582
-436
-363
-39
331
617
833
911
932
906
585
296
67
-283
-704
-877
-856
-507
-315
-186
-168
-477
-376
-473
-499
-466
-480
-754
-840
-834
-1200
-1493
-1794
-1541
-1176
-903
-649
-427
-255
-163
-247
-197
6
52
264
320
342
497
402
499
683
848
737
611
758
903
1351
1636
1965
2469
2750
2743
2653
2569
2418
2281
2037
1832
1561
985
576
327
-117
-246
-29
190
212
210
26
-78
-272
-626
-762
-1002
-1215
-1752
-1987
-2247
-2381
-2135
-1843
-1327
-1280
-1288
-1237
-724
-254
162
397
693
1106
1174
1029
376
169
232
620
1033
1021
1092
998
836
739
740
779
698
506
381
302
-88
-468
-750
-1047
-1296
-1442
-1566
-1667
-1839
-1585
-1086
-929
-808
-776
-829
-896
-831
-881
-1053
-1213
-1447
-1571
-1855
-2041
-1976
-1627
-1132
-730
-218
84
208
353
610
674
713
849
984
1080
791
522
246
-78
-245
-249
-168
-260
-316
-63
218
389
730
1170
1494
1245
815
705
837
707
318
301
246
537
548
796
1490
1757
1981
1896
2073
1990
1738
1426
1210
1244
1175
1107
639
304
253
55
-176
-130
29
72
5
-171
-295
-538
-938
-1125
-1130
-1029
-1063
-1081
-1156
-1180
-972
-821
-754
-665
-344
-180
-61
-221
-446
-680
-1233
-1430
-1417
-1149
-1068
-1061
-1123
-1244
-1395
-1644
-1098
-463
67
520
674
818
1005
1041
834
793
978
1480
1831
1852
1589
1287
841
708
909
873
895
893
889
871
618
370
237
-9
-68
-203
-443
-764
-935
-964
-1015
-854
-886
-819
-803
-619
-571
-610
-375
-267
-107
-400
-797
-960
-959
-1032
-923
-619
-521
-552
-933
-850
-487
-219
-70
-69
209
183
194
63
27
148
-108
-280
-374
-201
-139
70
413
939
1598
1553
1495
1450
1458
1693
1803
1917
1897
1645
1089
535
114
-49
-127
-126
-17
-71
-119
-222
-145
-138
-194
-156
-129
-89
-403
-490
-525
-629
-672
-655
-569
-790
-955
-1195
-1128
-1068
-1068
-710
-383
-112
-125
-166
-308
-334
-287
-375
-366
-472
-563
-631
-768
-767
-481
-159
193
446
480
575
421
206
240
558
766
920
1098
1139
1077
806
619
526
614
646
875
1128
960
618
177
-122
-522
-716
-800
-803
-741
-618
-310
-330
-696
-798
-596
-397
8
180
449
726
430
-13
-405
-567
-563
-464
-275
-153
-114
-299
-731
-856
-651
-327
58
485
706
712
301
-185
8
263
330
143
239
435
340
303
421
792
850
882
1111
1442
1503
1285
1051
924
812
687
598
491
159
-110
-115
-159
-271
-378
-137
-210
-332
-404
-298
-13
37
52
-130
-174
-620
-1129
-1349
-1382
-1427
-1518
-1527
-1422
-1125
-1085
-1172
-1014
-847
-842
-896
-886
-829
-818
-840
-1196
-1351
-1114
-1035
-908
-752
-374
53
149
256
231
405
535
570
694
720
890
754
551
251
151
99
79
299
548
1102
1224
1343
1584
1973
2331
2451
2482
2189
1842
1462
1132
900
809
718
555
515
390
320
418
398
368
620
687
415
-51
-575
-899
-1228
-1477
-1399
-1283
-1132
-1390
-1598
-1464
-1473
-1272
-1112
-689
-394
-281
-380
-547
-647
-754
-824
-1032
-1005
-1168
-1224
-1335
-1235
-811
-674
-453
-361
-328
-4
114
413
769
969
888
719
643
287
174
425
734
1078
1226
1398
1575
1408
1079
1163
1335
1353
1261
1102
1034
588
60
-391
-533
-545
-621
-320
-29
238
62
-195
-265
-364
-276
-135
186
312
166
22
-338
-799
-1061
-1110
-870
-692
-590
-632
-598
-601
-620
-367
-145
63
219
68
-273
-628
-949
-1238
-1381
-1394
-1336
-1231
-1200
-932
-665
-387
131
637
960
1374
1838
2028
2187
2268
2356
2222
1929
1682
1411
1030
577
559
618
586
360
342
359
295
220
86
168
-1
-145
-200
-382
-752
-1105
-1325
-1395
-1392
-1309
-1183
-1034
-1017
-976
-832
-801
-617
-467
-320
-249
-404
-651
-1016
-1258
-1522
-1656
-1711
-1707
-1635
-1480
-1156
-891
-588
-289
-1
325
605
864
959
1214
1465
1724
2058
1973
2054
2086
2258
2282
2254
2346
2171
2068
1779
1592
1512
1287
1162
1008
472
96
-262
-675
-1057
-1226
-1234
-1329
-1179
-1266
-1013
-789
-878
-787
-594
-419
-492
-687
-963
-1155
-1332
-1647
-1915
-1973
-1943
-1737
-1621
-1442
-1192
-910
-617
-289
83
285
304
-26
-189
-204
-163
-31
81
298
540
711
695
714
871
1128
1363
1432
1661
1699
1507
1231
951
771
704
853
804
709
594
355
252
266
342
446
653
626
550
532
288
110
84
20
-32
-185
-565
-938
-1183
-1201
-1105
-1044
-882
-852
-811
-950
-1042
-801
-776
-831
-901
-856
-895
-1061
-1167
-1052
-819
-530
-460
-479
-296
-162
32
163
384
633
808
795
686
560
234
42
-90
-176
-16
47
14
34
348
616
928
1180
1349
1773
1965
2014
2135
2129
2132
1918
1638
1505
1332
1045
768
741
628
419
304
218
150
-45
-128
-149
-156
-324
-635
-889
-1404
-1674
-1708
-1663
-1625
-1697
-1825
-1853
-1798
-1786
-1456
-972
-494
-247
-180
-134
-220
-299
-446
-514
-522
-534
-582
-675
-864
-950
-970
-927
-690
-420
-207
-34
63
81
135
139
295
482
472
434
332
264
442
482
628
876
1031
1319
1209
1242
1210
975
777
465
330
325
214
64
-161
-408
-525
-533
-230
-31
213
295
305
369
397
417
273
258
286
86
-159
-384
-420
-400
-459
-331
-210
-241
-328
-192
-96
-19
44
17
-67
-352
-568
-853
-1075
-1337
-1375
-1174
-1079
-910
-842
-767
-679
-332
-17
368
767
1000
1397
1440
1373
1317
1292
1321
1079
1014
854
563
389
331
497
484
544
736
903
1118
1100
1028
969
1054
1029
1003
838
569
378
47
-210
-314
-424
-580
-536
-483
-561
-419
-437
-589
-595
-720
-778
-804
-940
-979
-951
-1003
-959
-1182
-1495
-1522
-1341
-1116
-966
-753
-645
-581
-647
-617
-418
-195
-68
-209
-158
-303
-375
-449
-492
-308
-228
-109
-174
-129
-115
-24
35
50
214
227
268
147
64
146
348
604
852
1046
1166
1330
1370
1398
1477
1563
1519
1365
1184
1072
1008
570
332
180
116
20
-256
-253
-225
-58
-204
-293
-209
-250
-285
-456
-455
-284
-312
-576
-845
-971
-1039
-1105
-1077
-948
-780
-687
-540
-460
-410
-300
-260
-155
-336
-413
-463
-693
-873
-1034
-872
-675
-580
-458
-207
184
375
589
861
1234
1553
1662
1609
1513
1347
1027
806
699
702
805
763
555
557
544
588
536
482
618
547
401
186
66
-50
-216
-375
-449
-405
-421
-506
-542
-416
-440
-452
-348
-133
200
201
20
-143
-254
-283
-267
-302
-253
-274
-477
-616
-646
-674
-713
-539
-273
-187
-179
-162
-130
-101
-57
191
421
609
627
608
615
531
473
516
622
620
525
418
237
82
-2
-27
203
366
425
348
262
248
120
130
141
142
187
196
55
-71
-153
-112
-79
-218
-340
-480
-677
-787
-840
-759
-573
-607
-613
-649
-722
-850
-995
-945
-890
-818
-801
-802
-805
-1013
-1206
-1250
-1195
-1120
-1070
-911
-701
-610
-538
-282
133
371
452
403
538
633
516
404
270
257
245
282
145
47
46
218
471
570
651
604
698
790
889
991
972
949
1025
993
823
716
596
614
610
648
784
729
772
826
807
746
594
451
360
228
119
164
211
79
-33
-28
-6
-76
-221
-169
-66
-93
-159
-208
-213
-198
-175
-261
-215
-123
-230
-259
-333
-299
-314
-509
-655
-553
-458
-434
-316
-218
-114
-12
-36
-89
-124
-105
-102
-153
-214
-207
-132
-243
-282
-217
-70
54
260
418
509
535
345
332
392
483
430
372
310
116
54
-124
-104
-70
-19
224
197
60
-141
-121
-90
-107
-152
-186
-81
-285
-408
-476
-552
-562
-608
-460
-433
-425
-622
-675
-607
-631
-610
-783
-809
-858
-1045
-1154
-1120
-990
-872
-680
-445
-302
-212
-176
-120
-4
136
231
257
293
328
278
304
320
315
364
396
537
572
642
788
902
966
919
1051
1142
1204
1166
1233
1261
1242
1143
913
873
842
900
805
768
817
798
569
393
318
279
258
251
241
150
-37
-388
-615
-807
-1004
-1111
-1167
-1159
-1309
-1452
-1530
-1517
-1218
-1053
-919
-832
-743
-619
-529
-414
-448
-442
-453
-466
-438
-426
-347
-448
-491
-395
-407
-292
-208
-91
89
155
242
231
170
224
350
582
762
873
1098
1286
1293
1189
1271
1412
1575
1545
1342
1235
1058
894
690
535
541
555
541
378
229
-41
-327
-414
-397
-266
-323
-497
-642
-751
-861
-891
-857
-797
-750
-751
-800
-829
-717
-568
-462
-320
-254
-209
-186
-247
-307
-267
-309
-391
-443
-491
-655
-896
-899
-756
-533
-392
-296
-298
-291
-224
-90
101
364
578
719
787
703
719
551
459
523
602
596
444
338
213
80
73
21
70
129
66
191
277
254
161
26
-39
-72
-154
-228
-172
-129
-132
-166
-200
-159
-178
-124
-94
-126
-106
-203
-155
-162
