        0.69231243561904054000,        0.30319972840196741000,        0.00448783597899202450,        0.00000000000000000000,        0.00000000000000000000
        0.00000000000514028924,        0.65601349992266278000,        0.33422812343865549000,        0.00000000000000000000,        0.00975837663354140250
        0.00171436713623829280,        0.00000000000000000000,        0.88764780241791119000,        0.10845954706320984000,        0.00217828338264077110
        0.00000000000000000000,        0.00208333333333333330,        0.00714678489472032280,        0.83760989202653302000,        0.15315998974541323000
        0.00013169574211932791,        0.00000000000000000000,        0.15093877937190409000,        0.00641561895780276650,        0.84251390592817377000


        0.06666666666666666600,        0.52607309977976124000,        0.08543350334151809900,        0.00000000000000000000,        0.06666666666666666600,        0.00000000000000000000,        0.16086048037417067000,        0.09429958317121671400
        0.34092606859764374000,        0.19628249421728608000,        0.14201582626783438000,        0.00000000000000000000,        0.22107603360471637000,        0.00000000000000000000,        0.03303291064585268900,        0.06666666666666666600
        0.00000000000000000000,        0.86639447368075306000,        0.00001907839349622236,        0.10470524101158837000,        0.00000000000000000000,        0.00000000000000000000,        0.00000000000000000000,        0.02888120691416231800
        0.00000000000000000000,        0.58414400968671887000,        0.05469914667986166400,        0.21837516199245871000,        0.00000000000000000000,        0.08439389540787292600,        0.01581054133247459000,        0.04257724490061336200
        0.30533611623753359000,        0.31100639039045919000,        0.22556151955690149000,        0.00000000000000000000,        0.07150963810942187500,        0.00000000000000000000,        0.01538165661599051300,        0.07120467908969334300


        1.00000000000000000000,        0.00000000000000000000,        0.00000000000000000000,        0.00000000000000000000,        0.00000000000000000000