        0.86971852164704699000,        0.11361481168628626000,        0.00000000000000000000,        0.01666666666666666600,        0.00000000000000000000
        0.00000000000000000000,        0.82586101486334407000,        0.16940309514604646000,        0.00000000000000000000,        0.00473588999060957790
        0.02028607218546280400,        0.00000000000000000000,        0.78033867195278495000,        0.19937525586175225000,        0.00000000000000000000
        0.00000000000000000000,        0.00000000000000000000,        0.00000000000000000000,        0.82911314148095616000,        0.17088685851904384000
        0.00000000000000000000,        0.00698917241023366660,        0.00163039288654724210,        0.01180575719001625800,        0.97957467751320293000


        0.00860416380152652540,        0.83632352499908991000,        0.00000000000000000000,        0.08272142968099724400,        0.00000000000000000000,        0.00000000000000000000,        0.00000000000000000000,        0.07235088151838639500
        0.04705676084716269000,        0.21003109983962970000,        0.03058017170910239100,        0.23155487739624908000,        0.00000000000000000000,        0.36412748659083088000,        0.03970416508052228300,        0.07694543853650301400
        0.31307935278600835000,        0.00000000000000000000,        0.23845675654635526000,        0.01214216647885482000,        0.06207995111659321600,        0.00967865354227696010,        0.17879902904804540000,        0.18576409048186585000
        0.52422551600710532000,        0.00000000000000000000,        0.14579814097687577000,        0.00333714165586988190,        0.04384245069546559300,        0.00000000000000000000,        0.28279675066468335000,        0.00000000000000000000
        0.00133845316625350450,        0.00000000000000000000,        0.82086621586319419000,        0.13047910289163275000,        0.00000000000000000000,        0.00000000000000000000,        0.04731622807891950500,        0.00000000000000000000


        1.00000000000000000000,        0.00000000000000000000,        0.00000000000000000000,        0.00000000000000000000,        0.00000000000000000000