        0.87886522657213206000,        0.10729439366375071000,        0.00000000000000000000,        0.00000000000000323560,        0.01384037976411409000
        0.00000000000000000000,        0.82415510192891894000,        0.17584489807108125000,        0.00000000000000000000,        0.00000000000000000000
        0.05009223526248516400,        0.00000000000000000000,        0.70605580314535488000,        0.17718529492549348000,        0.06666666666666666600
        0.00000000000000000000,        0.00000000000000000000,        0.00000058515253020959,        0.68914094965179351000,        0.31085846519567645000
        0.07431049647826495900,        0.00000339943315367369,        0.04863568540092480500,        0.04153299323052891300,        0.83551742545712770000


        0.01636344237867032700,        0.85839950901384632000,        0.00000000000000000000,        0.03920274064760872300,        0.00000000000000000000,        0.00000000000000000000,        0.00849385454837435150,        0.07754045341150024600
        0.00000000000078553951,        0.72515186142923604000,        0.05981664041635715400,        0.00082211306254265158,        0.00000000000000000000,        0.00000000000000000000,        0.21420938509107859000,        0.00000000000000000000
        0.17936381227146939000,        0.02049533832981026100,        0.55714629976278063000,        0.03389486145407885600,        0.19805294511020538000,        0.01104674307165562000,        0.00000000000000000000,        0.00000000000000000000
        0.00000172804337351775,        0.01729922939072896900,        0.20762107668710880000,        0.00000000000000000000,        0.77507796587878863000,        0.00000000000000000000,        0.00000000000000000000,        0.00000000000000000000
        0.96610054868425921000,        0.00243494132538135850,        0.02975338096151078700,        0.00000000000000000000,        0.00171112902884864850,        0.00000000000000000000,        0.00000000000000000000,        0.00000000000000000000


        1.00000000000000000000,        0.00000000000000000000,        0.00000000000000000000,        0.00000000000000000000,        0.00000000000000000000