        0.89262874083786314000,        0.10737125916213684000,        0.00000000000000000000,        0.00000000000000000000,        0.00000000000000000000
        0.00000000000000000000,        0.77020028774885729000,        0.22979971225114276000,        0.00000000000000000000,        0.00000000000000000000
        0.01547619048385028700,        0.00000000000000000000,        0.66100393294459048000,        0.32351987657155928000,        0.00000000000000000000
        0.00000000000000000000,        0.00000000000000000000,        0.00000000000000000000,        0.84254600589633755000,        0.15745399410366254000
        0.00000000000000000000,        0.00000000000000000000,        0.00692231689799079150,        0.00528217205927898090,        0.98779551104273011000


        0.03130495940623364400,        0.76407577012792216000,        0.00000000000000000000,        0.16875366689125171000,        0.00180180180180180180,        0.00000000000000000000,        0.02831571308288272400,        0.00574808868990809000
        0.02639803379246033800,        0.37229996700104784000,        0.12512869786942094000,        0.19741474986964316000,        0.00000000000000000000,        0.08763094859268687200,        0.07606837606837606200,        0.11505922680636479000
        0.00000000000000000000,        0.64666783012318563000,        0.00856794741689431880,        0.17567387792630854000,        0.00000000000000000000,        0.16909034453361141000,        0.00000000000000000000,        0.00000000000000000000
        0.00000000000000000000,        0.01333333333333333400,        0.00000000000000000000,        0.05851421634397922100,        0.00000000000000000000,        0.73523210947623641000,        0.00000000000000000000,        0.19292034084645099000
        0.00000000000000000000,        0.00071391585852769238,        0.00000000000000000000,        0.45923770058221819000,        0.00000000000000000000,        0.00466295849909795050,        0.00000000000000000000,        0.53538542506015607000


        1.00000000000000000000,        0.00000000000000000000,        0.00000000000000000000,        0.00000000000000000000,        0.00000000000000000000