-23.0317
-0.03175
-19.0317
-54.0317
-26.0317
11.9683
-3.03175
0.96825
40.9683
19.9683
-17.0317
0.96825
33.9683
11.9683
-8.03175
6.96825
-9.03175
-62.0317
-43.0317
24.9683
5.96825
-19.0317
21.9683
17.9683
-29.0317
1.96825
71.9682
62.9683
21.9683
27.9683
37.9683
-11.0317
7.96825
32.9683
-1.03175
-25.0317
-18.0317
-21.0317
-25.0317
-1.03175
31.9683
23.9683
23.9683
59.9683
36.9683
36.9683
54.9683
85.9682
108.968
88.9682
69.9682
30.9683
29.9683
31.9683
10.9683
11.9683
-9.03175
-23.0317
-22.0317
1.96825
40.9683
19.9683
22.9683
50.9683
28.9683
-6.03175
13.9683
30.9683
14.9683
42.9683
66.9682
21.9683
-42.0317
-52.0317
-35.0317
-54.0317
-42.0317
17.9683
-0.03175
-55.0317
-41.0317
11.9683
-12.0317
-19.0317
46.9683
19.9683
-34.0317
-7.03175
8.96825
-14.0317
-14.0317
6.96825
-44.0317
-98.0318
-57.0317
-30.0317
-40.0317
-1.03175
4.96825
-62.0317
-37.0317
-2.03175
-36.0317
-23.0317
22.9683
-14.0317
-52.0317
48.9683
91.9682
-0.03175
-27.0317
15.9683
-38.0317
-71.0318
45.9683
64.9682
-46.0317
-52.0317
19.9683
-34.0317
-36.0317
58.9683
27.9683
-58.0317
-48.0317
-3.03175
-36.0317
-37.0317
13.9683
-30.0317
-93.0318
-94.0318
-57.0317
-42.0317
-47.0317
-0.03175
4.96825
2.96825
17.9683
74.9682
83.9682
20.9683
49.9683
66.9682
30.9683
32.9683
37.9683
-1.03175
-23.0317
6.96825
25.9683
-28.0317
-18.0317
11.9683
-21.0317
-2.03175
50.9683
70.9682
61.9683
82.9682
117.968
68.9682
68.9682
114.968
71.9682
45.9683
72.9682
30.9683
-24.0317
21.9683
69.9682
-36.0317
-63.0317
14.9683
-46.0317
-65.0318
50.9683
57.9683
-41.0317
-1.03175
29.9683
-0.03175
33.9683
118.968
90.9682
2.96825
-8.03175
-1.03175
-11.0317
35.9683
60.9683
-2.03175
-53.0317
-41.0317
-32.0317
-25.0317
46.9683
70.9682
4.96825
-26.0317
-10.0317
-44.0317
-31.0317
34.9683
38.9683
-0.03175
18.9683
29.9683
-4.03175
-13.0317
16.9683
11.9683
-13.0317
22.9683
16.9683
13.9683
10.9683
-15.0317
-38.0317
-67.0318
-52.0317
-64.0318
-49.0317
1.96825
10.9683
29.9683
42.9683
18.9683
21.9683
21.9683
25.9683
42.9683
28.9683
0.96825
-25.0317
-31.0317
-40.0317
-42.0317
-9.03175
-39.0317
-68.0318
-14.0317
43.9683
14.9683
3.96825
13.9683
-34.0317
-35.0317
18.9683
54.9683
58.9683
-15.0317
-66.0318
-111.032
-82.0318
-27.0317
-3.03175
13.9683
-56.0317
-114.032
-106.032
10.9683
47.9683
33.9683
63.9683
41.9683
-27.0317
6.96825
79.9682
69.9682
20.9683
9.96825
-33.0317
-131.032
-69.0318
31.9683
81.9682
22.9683
-17.0317
-21.0317
-66.0318
-10.0317
46.9683
58.9683
29.9683
38.9683
52.9683
2.96825
-42.0317
-48.0317
-16.0317
7.96825
8.96825
23.9683
5.96825
-103.032
-82.0318
28.9683
-6.03175
-31.0317
21.9683
33.9683
-23.0317
20.9683
92.9682
27.9683
-20.0317
12.9683
26.9683
-19.0317
-46.0317
15.9683
50.9683
-10.0317
46.9683
95.9682
18.9683
-14.0317
8.96825
1.96825
-70.0318
22.9683
144.968
93.9682
65.9682
74.9682
19.9683
-70.0318
61.9683
126.968
7.96825
29.9683
27.9683
-38.0317
-57.0317
60.9683
55.9683
-86.0318
-82.0318
-18.0317
-38.0317
32.9683
152.968
103.968
-5.03175
3.96825
2.96825
-71.0318
31.9683
112.968
14.9683
-64.0318
-35.0317
-39.0317
-14.0317
78.9682
117.968
48.9683
11.9683
54.9683
42.9683
-16.0317
18.9683
28.9683
-15.0317
10.9683
55.9683
-7.03175
-26.0317
58.9683
56.9683
-69.0318
-71.0318
1.96825
-82.0318
22.9683
112.968
-47.0317
-150.032
-47.0317
9.96825
-117.032
17.9683
110.968
-118.032
-60.0317
83.9682
-113.032
-217.032
35.9683
97.9682
-138.032
-51.0317
110.968
-132.032
-182.032
107.968
92.9682
-163.032
-12.0317
198.968
-38.0317
-106.032
173.968
94.9682
-142.032
52.9683
157.968
-93.0318
-107.032
59.9683
-52.0317
-170.032
-26.0317
37.9683
-84.0318
-6.03175
167.968
129.968
6.96825
29.9683
59.9683
-62.0317
-37.0317
113.968
63.9683
-74.0318
-33.0317
-4.03175
-154.032
-104.032
92.9682
83.9682
6.96825
83.9682
71.9682
-76.0318
-23.0317
54.9683
-0.03175
-31.0317
-7.03175
7.96825
-10.0317
13.9683
26.9683
-33.0317
-5.03175
3.96825
36.9683
56.9683
-5.03175
7.96825
69.9682
14.9683
-1.03175
30.9683
59.9683
8.96825
91.9682
162.968
15.9683
3.96825
89.9682
69.9682
41.9683
174.968
197.968
98.9682
89.9682
124.968
45.9683
-43.0317
10.9683
19.9683
-118.032
-74.0318
65.9682
-84.0318
-187.032
-78.0318
-24.0317
-125.032
7.96825
108.968
-105.032
-105.032
119.968
68.9682
-37.0317
63.9683
13.9683
-285.032
-194.032
82.9682
-47.0317
-105.032
41.9683
-12.0317
-228.032
-66.0318
136.968
-28.0317
25.9683
207.968
82.9682
-98.0318
4.96825
32.9683
-105.032
-50.0317
66.9682
-114.032
-291.032
-119.032
-29.0317
-33.0317
64.9682
85.9682
-87.0318
-158.032
-5.03175
100.968
131.968
250.968
214.968
22.9683
-119.032
-73.0318
-46.0317
54.9683
233.968
90.9682
-82.0318
-133.032
-132.032
-103.032
109.968
334.968
176.968
-68.0318
-136.032
-140.032
-106.032
132.968
313.968
209.968
-121.032
-259.032
-227.032
-115.032
198.968
378.968
310.968
-56.0317
-255.032
-126.032
-17.0317
30.9683
161.968
155.968
-170.032
-249.032
-57.0317
-48.0317
-2.03175
125.968
185.968
62.9683
67.9682
166.968
74.9682
37.9683
22.9683
36.9683
28.9683
-49.0317
-107.032
-100.032
-127.032
-71.0318
-18.0317
7.96825
-70.0318
-109.032
74.9682
44.9683
-2.03175
39.9683
99.9682
45.9683
-16.0317
46.9683
-78.0318
-199.032
-9.03175
42.9683
-33.0317
60.9683
100.968
-60.0317
-162.032
-55.0317
-45.0317
-69.0318
91.9682
106.968
-32.0317
-74.0318
-79.0318
-60.0317
-55.0317
90.9682
144.968
133.968
-51.0317
-79.0318
33.9683
-94.0318
-67.0318
107.968
168.968
-14.0317
-169.032
-34.0317
-27.0317
41.9683
273.968
192.968
-76.0318
-238.032
-77.0318
79.9682
153.968
219.968
132.968
-81.0318
-152.032
-78.0318
-102.032
4.96825
166.968
195.968
65.9682
-3.03175
-55.0317
-93.0318
6.96825
126.968
-13.0317
-204.032
-16.0317
101.968
3.96825
5.96825
24.9683
-75.0318
36.9683
286.968
279.968
-62.0317
-86.0318
51.9683
-99.0318
-39.0317
89.9682
40.9683
-154.032
93.9682
158.968
-192.032
-154.032
75.9682
16.9683
-134.032
133.968
155.968
-70.0318
19.9683
132.968
-27.0317
-207.032
-16.0317
125.968
-62.0317
-26.0317
95.9682
-154.032
-136.032
40.9683
-88.0318
-217.032
-38.0317
214.968
144.968
99.9682
91.9682
-66.0318
-121.032
210.968
408.968
84.9682
-189.032
-100.032
-144.032
-130.032
95.9682
90.9682
-208.032
-333.032
-64.0318
-62.0317
-107.032
173.968
250.968
123.968
-10.0317
1.96825
-65.0318
-61.0317
217.968
153.968
-66.0318
-265.032
-381.032
-147.032
203.968
193.968
127.968
164.968
-193.032
-350.032
-3.03175
190.968
106.968
136.968
228.968
-258.032
-505.032
-86.0318
79.9682
92.9682
305.968
386.968
-97.0318
-418.032
-34.0317
231.968
140.968
332.968
382.968
-284.032
-578.032
-200.032
47.9683
37.9683
309.968
291.968
-323.032
-505.032
22.9683
243.968
272.968
326.968
-86.0318
-343.032
-281.032
50.9683
238.968
211.968
6.96825
-282.032
-263.032
-74.0318
125.968
175.968
113.968
-224.032
-283.032
-88.0318
-30.0317
85.9682
-6.03175
-66.0318
-105.032
-167.032
-137.032
-27.0317
100.968
48.9683
95.9682
180.968
-138.032
-340.032
76.9682
251.968
159.968
262.968
381.968
-50.0317
-178.032
123.968
174.968
113.968
371.968
468.968
-216.032
-406.032
-118.032
-209.032
-142.032
314.968
405.968
-41.0317
-214.032
112.968
12.9683
10.9683
472.968
296.968
-120.032
-214.032
-162.032
-163.032
-61.0317
175.968
94.9682
-162.032
-161.032
-1.03175
172.968
244.968
114.968
-47.0317
-66.0318
23.9683
309.968
244.968
-4.03175
-228.032
-279.032
-80.0318
256.968
456.968
184.968
-66.0318
-132.032
-151.032
-133.032
39.9683
165.968
79.9682
-83.0318
-139.032
-157.032
-28.0317
43.9683
237.968
62.9683
-246.032
-227.032
-220.032
15.9683
295.968
245.968
29.9683
-235.032
-457.032
-298.032
-102.032
297.968
443.968
235.968
-27.0317
-322.032
-531.032
-512.032
92.9682
203.968
44.9683
-180.032
-477.032
-526.032
-39.0317
514.968
400.968
181.968
-78.0318
-409.032
-193.032
241.968
325.968
207.968
104.968
-94.0318
-629.032
-479.032
137.968
225.968
117.968
188.968
-231.032
-676.032
-277.032
232.968
389.968
174.968
-32.0317
-221.032
-73.0318
235.968
132.968
220.968
-174.032
-680.032
-10.0317
392.968
49.9683
-238.032
54.9683
27.9683
-384.032
361.968
859.968
466.968
279.968
307.968
-161.032
-686.032
-39.0317
565.968
413.968
198.968
-272.032
-851.032
-690.032
89.9682
637.968
478.968
127.968
-349.032
-505.032
-94.0318
318.968
638.968
570.968
157.968
-139.032
-69.0318
-4.03175
171.968
306.968
285.968
83.9682
-250.032
-229.032
-201.032
-65.0318
-106.032
-196.032
6.96825
-315.032
-474.032
16.9683
348.968
211.968
243.968
580.968
21.9683
-542.032
-251.032
63.9683
119.968
197.968
556.968
187.968
-254.032
-113.032
-14.0317
66.9682
242.968
327.968
314.968
253.968
11.9683
-137.032
-42.0317
179.968
169.968
14.9683
-162.032
-160.032
-313.032
-200.032
230.968
182.968
-359.032
-342.032
88.9682
137.968
54.9683
-138.032
95.9682
-69.0318
-267.032
51.9683
239.968
-264.032
-470.032
277.968
518.968
-56.0317
-204.032
-83.0318
-430.032
-354.032
81.9682
205.968
-452.032
-695.032
-53.0317
-7.03175
-103.032
202.968
243.968
-387.032
-681.032
-251.032
56.9683
-91.0318
260.968
468.968
-312.032
-613.032
-271.032
71.9682
43.9683
209.968
454.968
-302.032
-599.032
163.968
598.968
466.968
224.968
-17.0317
-586.032
-607.032
166.968
476.968
310.968
163.968
95.9682
-244.032
-89.0318
690.968
561.968
30.9683
284.968
379.968
-129.032
-342.032
121.968
-4.03175
-179.032
604.968
441.968
-483.032
-927.032
-308.032
331.968
445.968
844.968
512.968
-629.032
-851.032
-46.0317
460.968
384.968
189.968
-292.032
-892.032
-1021.03
-338.032
368.968
672.968
450.968
114.968
-404.032
-892.032
-372.032
446.968
973.968
564.968
-32.0317
-532.032
-790.032
-194.032
557.968
528.968
103.968
-27.0317
-135.032
-307.032
22.9683
740.968
920.968
291.968
-229.032
-207.032
-1191.03
-1089.03
626.968
1190.97
222.968
324.968
633.968
-825.032
-968.032
713.968
807.968
-310.032
387.968
839.968
-646.032
-1302.03
263.968
186.968
-551.032
373.968
603.968
-429.032
-971.032
-38.0317
438.968
455.968
915.968
656.968
-413.032
-906.032
-591.032
237.968
682.968
1123.97
670.968
-623.032
-1216.03
-1248.03
-445.032
649.968
913.968
258.968
-245.032
-629.032
-501.032
88.9682
578.968
419.968
-232.032
-328.032
-166.032
-248.032
-243.032
334.968
656.968
259.968
54.9683
486.968
-260.032
-679.032
352.968
520.968
-209.032
77.9682
500.968
-695.032
-867.032
408.968
420.968
-222.032
587.968
512.968
-884.032
-901.032
377.968
336.968
-411.032
91.9682
436.968
-661.032
-774.032
128.968
20.9683
-597.032
-213.032
464.968
-108.032
-302.032
-100.032
116.968
-401.032
-298.032
465.968
177.968
-90.0318
452.968
361.968
219.968
77.9682
277.968
288.968
-130.032
493.968
458.968
-126.032
-534.032
-301.032
-41.0317
-486.032
-240.032
576.968
-22.0317
-670.032
-211.032
18.9683
-185.032
-171.032
450.968
346.968
-549.032
-214.032
-17.0317
36.9683
-219.032
150.968
258.968
-191.032
-364.032
-390.032
-247.032
-435.032
155.968
356.968
80.9682
14.9683
-136.032
-138.032
397.968
867.968
858.968
-170.032
-262.032
-164.032
-698.032
-214.032
616.968
434.968
-25.0317
-13.0317
-73.0318
-602.032
-97.0318
1068.97
1037.97
697.968
364.968
-188.032
-696.032
225.968
1034.97
598.968
9.96825
-171.032
-408.032
-413.032
1092.97
1329.97
587.968
205.968
379.968
-116.032
-525.032
559.968
1039.97
-132.032
-701.032
-301.032
-1122.03
-1512.03
-229.032
933.968
228.968
-271.032
116.968
-687.032
-667.032
300.968
680.968
-237.032
-318.032
-311.032
-958.032
-740.032
275.968
-48.0317
-542.032
233.968
-257.032
-1307.03
-1137.03
181.968
-451.032
-953.032
47.9683
-340.032
-1622.03
-661.032
743.968
15.9683
-381.032
623.968
524.968
-601.032
28.9683
1301.97
753.968
131.968
356.968
-294.032
-1211.03
-411.032
1259.97
1234.97
73.9682
96.9682
-48.0317
-41.0317
1334.97
2150.97
1104.97
607.968
376.968
-938.032
-443.032
1565.97
1366.97
-365.032
470.968
281.968
-1560.03
-26.0317
2409.97
966.968
-287.032
963.968
646.968
-1758.03
-648.032
1805.97
111.968
-1287.03
131.968
566.968
-2132.03
-1981.03
691.968
-322.032
-1964.03
-360.032
530.968
-1644.03
-2072.03
678.968
377.968
-1901.03
-752.032
660.968
-1116.03
-2240.03
193.968
939.968
-1439.03
-1078.03
293.968
-1251.03
-2250.03
249.968
1464.97
-320.032
-414.032
795.968
-233.032
-565.032
1553.97
2487.97
961.968
356.968
1201.97
330.968
139.968
1218.97
1927.97
889.968
36.9683
476.968
439.968
635.968
999.968
1280.97
926.968
-93.0318
133.968
1108.97
993.968
1090.97
1050.97
1206.97
1040.97
146.968
847.968
-7.03175
-916.032
-115.032
195.968
-62.0317
-563.032
-322.032
-610.032
-1106.03
-388.032
126.968
-595.032
-928.032
-1226.03
-1758.03
-1443.03
-601.032
-578.032
-987.032
-1447.03
-2171.03
-2656.03
-1812.03
-602.032
-552.032
-690.032
-566.032
-1547.03
-2131.03
-1593.03
-288.032
298.968
-455.032
81.9682
-429.032
-819.032
190.968
1636.97
1723.97
212.968
-30.0317
570.968
976.968
1382.97
2824.97
2040.97
846.968
884.968
2155.97
1923.97
1745.97
2106.97
1776.97
1130.97
1459.97
2661.97
1854.97
1018.97
67.9682
1074.97
552.968
1559.97
2613.97
1707.97
75.9682
-723.032
83.9682
-61.0317
798.968
802.968
773.968
-1178.03
-1271.03
-870.032
-938.032
-1349.03
-790.032
-1605.03
-3377.03
-3213.03
-2518.03
-2141.03
-2961.03
-1356.03
-2337.03
-3194.03
-2967.03
-1738.03
-2060.03
-2449.03
-1311.03
-1059.03
-1686.03
-2001.03
-173.032
-1236.03
-1427.03
-640.032
25.9683
-780.032
-1177.03
-440.032
-51.0317
693.968
1375.97
1498.97
529.968
453.968
576.968
2523.97
2698.97
2679.97
2235.97
1438.97
1636.97
2653.97
2865.97
2938.97
2227.97
2042.97
2977.97
3110.97
2173.97
1799.97
2189.97
804.968
2635.97
3615.97
3550.97
3104.97
2379.97
2035.97
1361.97
1481.97
2198.97
1418.97
-441.032
-1603.03
-2629.03
-2591.03
-2045.03
-1414.03
-2666.03
-3860.03
-4068.03
-4286.03
-3836.03
-2735.03
-1635.03
-3009.03
-4101.03
-4546.03
-4610.03
-4242.03
-3321.03
-2250.03
-2644.03
-4223.03
-4437.03
-2612.03
-2071.03
-2388.03
-2197.03
-1613.03
-2579.03
-2364.03
60.9683
698.968
343.968
570.968
2278.97
2025.97
1170.97
2021.97
3887.97
2957.97
2772.97
4408.97
2848.97
1256.97
2375.97
4891.97
4892.97
2921.97
3578.97
4490.97
3325.97
4429.97
6478.97
4047.97
1559.97
3023.97
5877.97
4633.97
2176.97
2526.97
1713.97
1243.97
2589.97
4161.97
936.968
-2864.03
-3109.03
-1669.03
-1655.03
-2553.03
-2455.03
-3341.03
-5428.03
-5958.03
-3986.03
-4197.03
-5211.03
-4458.03
-3451.03
-4611.03
-5651.03
-5140.03
-4067.03
-3423.03
-4168.03
-3614.03
-4249.03
-5519.03
-4660.03
-2980.03
-2326.03
-2828.03
-2581.03
-1855.03
-1645.03
-2029.03
-86.0318
1619.97
1913.97
2601.97
2490.97
2416.97
1562.97
3863.97
4865.97
4975.97
4785.97
4080.97
3286.97
3753.97
6591.97
6326.97
5599.97
4442.97
4760.97
3047.97
4354.97
5498.97
6060.97
4955.97
3918.97
4752.97
2551.97
2075.97
3343.97
4740.97
1454.97
1001.97
-879.032
-1474.03
-2036.03
-801.032
-160.032
-3581.03
-5482.03
-6325.03
-4623.03
-4847.03
-3993.03
-4087.03
-5280.03
-7217.03
-5893.03
-5103.03
-5539.03
-6050.03
-5376.03
-4502.03
-5961.03
-5198.03
-5180.03
-4940.03
-4797.03
-3110.03
-2757.03
-3981.03
-4433.03
-2516.03
-693.032
100.968
985.968
737.968
752.968
661.968
3269.97
4309.97
4346.97
3641.97
4791.97
6240.97
5934.97
5645.97
5879.97
5460.97
5675.97
7708.97
7657.97
6785.97
4697.97
4541.97
5010.97
5122.97
5606.97
5088.97
4132.97
4092.97
2909.97
3811.97
3876.97
2076.97
1605.97
150.968
-997.032
-2477.03
-2184.03
-1814.03
-2847.03
-3974.03
-5097.03
-6923.03
-6966.03
-6426.03
-4866.03
-5529.03
-7585.03
-7197.03
-7425.03
-6789.03
-5781.03
-5013.03
-6292.03
-6932.03
-6343.03
-4973.03
-4370.03
-4435.03
-3682.03
-3470.03
-4234.03
-3157.03
-1977.03
-1514.03
-1006.03
281.968
2036.97
2355.97
1885.97
3773.97
5723.97
6080.97
7026.97
7257.97
6367.97
5189.97
6527.97
7798.97
8751.97
7139.97
5611.97
6019.97
5659.97
6025.97
7552.97
7591.97
5631.97
4911.97
4657.97
5025.97
5231.97
3574.97
2441.97
1538.97
-756.032
-2039.03
-1087.03
-1926.03
-3668.03
-4018.03
-4686.03
-6371.03
-7273.03
-6780.03
-6398.03
-6367.03
-7664.03
-7597.03
-7305.03
-8698.03
-8725.03
-7779.03
-7391.03
-8335.03
-8047.03
-7079.03
-7148.03
-6828.03
-5761.03
-4389.03
-4298.03
-4432.03
-3456.03
-2181.03
-1632.03
-108.032
2063.97
2781.97
2033.97
2768.97
4030.97
5315.97
7209.97
7770.97
8011.97
6848.97
7364.97
8255.97
10177
9496.97
7771.97
6850.97
6901.97
7270.97
8905.97
8431.97
6264.97
5478.97
4653.97
5988.97
5810.97
4676.97
2753.97
2205.97
1472.97
1292.97
425.968
-1588.03
-3226.03
-4379.03
-5167.03
-5805.03
-6560.03
-7961.03
-7933.03
-7475.03
-7870.03
-8446.03
-8978.03
-8898.03
-8521.03
-8426.03
-8331.03
-8411.03
-9222.03
-8865.03
-7582.03
-7135.03
-7106.03
-7141.03
-6051.03
-5659.03
-4929.03
-3029.03
-1920.03
-522.032
741.968
1779.97
1985.97
2719.97
5277.97
7115.97
8356.97
8358.97
7374.97
7340.97
9085.97
10213
11726
10462
8335.97
7699.97
7881.97
8986.97
10103
9417.97
7737.97
6861.97
5674.97
5555.97
5069.97
4909.97
3869.97
2373.97
653.968
-715.032
-1722.03
-2485.03
-2703.03
-3594.03
-5760.03
-7716.03
-7793.03
-8478.03
-8254.03
-8047.03
-8398.03
-9268.03
-10337
-9802.03
-10013
-10353
-10212
-8942.03
-9030.03
-9586.03
-9188.03
-9030.03
-8360.03
-7265.03
-5232.03
-5219.03
-4478.03
-3835.03
-1488.03
393.968
1458.97
2564.97
3565.97
5324.97
6923.97
8567.97
8781.97
8375.97
8800.97
10507
11279
11534
10302
9986.97
10026
10730
10812
10573
8819.97
7826.97
7811.97
7530.97
6299.97
4521.97
3328.97
1994.97
1633.97
674.968
-482.032
-2103.03
-3375.03
-4490.03
-4574.03
-5649.03
-6842.03
-7100.03
-7744.03
-8281.03
-8737.03
-9900.03
-10637
-10348
-10222
-10116
-10609
-10873
-10962
-10362
-9248.03
-8856.03
-8248.03
-7633.03
-6223.03
-4728.03
-4254.03
-3618.03
-2343.03
-443.032
1432.97
3128.97
3590.97
3846.97
5185.97
7625.97
9283.97
10540
10385
9963.97
10825
11343
12603
11890
11519
10828
9718.97
9572.97
8565.97
7453.97
6299.97
6000.97
5316.97
4427.97
2485.97
1456.97
608.968
-254.032
-676.032
-1530.03
-2887.03
-4907.03
-5054.03
-5912.03
-6711.03
-7364.03
-8001.03
-8864.03
-9697.03
-10036
-10487
-10371
-10855
-10735
-10512
-10881
-10922
-9675.03
-9080.03
-7649.03
-6829.03
-6230.03
-5481.03
-5281.03
-3474.03
-1132.03
471.968
1971.97
3055.97
3767.97
4917.97
6268.97
8591.97
9511.97
10611
10592
10829
10913
11586
11477
11141
10248
9639.97
8672.97
7281.97
6763.97
5856.97
5346.97
4383.97
4604.97
3165.97
1409.97
63.9683
-393.032
-1023.03
-1539.03
-1643.03
-3596.03
-4653.03
-6049.03
-6324.03
-6436.03
-7217.03
-8165.03
-8593.03
-8463.03
-9533.03
-9185.03
-9935.03
-9915.03
-9785.03
-9031.03
-8722.03
-8361.03
-8332.03
-7731.03
-6259.03
-5324.03
-4606.03
-3928.03
-1918.03
-1700.03
1433.97
2246.97
3679.97
4878.97
6817.97
8869.97
9491.97
11020
9919.97
10267
9905.97
10927
10382
9621.97
8332.97
7351.97
6583.97
4918.97
5456.97
4133.97
3630.97
2593.97
2534.97
1170.97
-212.032
63.9683
-924.032
-1257.03
-2637.03
-3495.03
-4402.03
-5691.03
-5503.03
-6077.03
-6417.03
-7439.03
-7787.03
-7825.03
-8592.03
-8028.03
-8200.03
-7998.03
-7460.03
-7029.03
-7160.03
-7303.03
-7229.03
-6693.03
-4910.03
-3710.03
-2566.03
-3065.03
-2443.03
-1860.03
-35.0317
2334.97
4098.97
7133.97
6376.97
7656.97
7671.97
8368.97
9066.97
10813
11482
9793.97
8066.97
5367.97
5669.97
5218.97
6395.97
5709.97
4898.97
1832.97
212.968
711.968
267.968
917.968
461.968
62.9683
-2391.03
-3810.03
-5087.03
-5660.03
-5500.03
-5352.03
-4862.03
-6760.03
-7664.03
-9171.03
-8486.03
-8073.03
-7207.03
-5760.03
-6862.03
-7273.03
-7411.03
-6256.03
-5877.03
-4644.03
-2630.03
-3017.03
-2784.03
-3229.03
-2019.03
-1079.03
605.968
2564.97
3652.97
6900.97
5151.97
8766.97
7529.97
7864.97
8548.97
10026
11282
9392.97
9719.97
6286.97
6688.97
4744.97
6657.97
6036.97
5007.97
2925.97
1258.97
2451.97
-248.032
902.968
370.968
-200.032
-2628.03
-3627.03
-4468.03
-7041.03
-6178.03
-5758.03
-5013.03
-6249.03
-7585.03
-8802.03
-9380.03
-9549.03
-8376.03
-7063.03
-7245.03
-8049.03
-7395.03
-8036.03
-7913.03
-5880.03
-4669.03
-4166.03
-2962.03
-2729.03
-2149.03
-2092.03
-1165.03
901.968
3144.97
7261.97
7823.97
9926.97
7116.97
6910.97
7481.97
10639
11811
11961
10613
6573.97
5492.97
4543.97
7486.97
7441.97
8040.97
5388.97
3679.97
1516.97
367.968
1481.97
2006.97
2036.97
344.968
-1796.03
-5144.03
-6795.03
-6752.03
-6143.03
-4874.03
-5392.03
-7032.03
-8478.03
-10342
-10435
-9560.03
-7767.03
-6802.03
-6967.03
-8023.03
-9006.03
-9813.03
-8848.03
-6892.03
-5060.03
-4530.03
-4241.03
-4741.03
-4171.03
-3259.03
-1802.03
-124.032
2879.97
5932.97
7148.97
8793.97
7716.97
7467.97
7363.97
10199
12351
12519
10627
7904.97
6443.97
5059.97
6570.97
7686.97
8214.97
6883.97
5360.97
4868.97
2019.97
2234.97
1763.97
3595.97
2615.97
1134.97
-1488.03
-4727.03
-6413.03
-7208.03
-4269.03
-4958.03
-5249.03
-7159.03
-8548.03
-10352
-9963.03
-8925.03
-7881.03
-6729.03
-7077.03
-7966.03
-9382.03
-10290
-9567.03
-7395.03
-6586.03
-5271.03
-5127.03
-5464.03
-5229.03
-4528.03
-3055.03
-945.032
3570.97
6559.97
8704.97
8457.97
7205.97
6082.97
6848.97
10706
11948
12561
10107
7301.97
5098.97
4465.97
6144.97
7395.97
8248.97
7140.97
6166.97
4485.97
2171.97
2543.97
3730.97
5269.97
3726.97
3151.97
-404.032
-3751.03
-4630.03
-4748.03
-3577.03
-4672.03
-4734.03
-6385.03
-7828.03
-9720.03
-9779.03
-8607.03
-7722.03
-6329.03
-5971.03
-6739.03
-9239.03
-9901.03
-8731.03
-8222.03
-6493.03
-6187.03
-5564.03
-5942.03
-5460.03
-4629.03
-3633.03
-1627.03
1694.97
5463.97
7682.97
7632.97
6700.97
5906.97
6480.97
8815.97
10906
11475
9346.97
7266.97
5257.97
4706.97
4878.97
5858.97
6769.97
6378.97
6086.97
4289.97
2856.97
1844.97
3076.97
3675.97
3195.97
2856.97
-574.032
-2440.03
-4266.03
-4414.03
-4885.03
-5024.03
-5389.03
-6076.03
-6200.03
-8394.03
-8251.03
-8824.03
-8256.03
-6757.03
-5772.03
-5867.03
-7634.03
-7756.03
-8659.03
-8141.03
-7676.03
-7253.03
-5936.03
-5238.03
-3656.03
-3992.03
-3191.03
-3456.03
-184.032
3604.97
7116.97
9284.97
7981.97
7239.97
5543.97
7496.97
9152.97
11227
10856
9388.97
7428.97
4881.97
4337.97
4102.97
5602.97
5804.97
6589.97
5628.97
3351.97
1675.97
1067.97
1854.97
2753.97
2780.97
1481.97
-551.032
-3465.03
-4651.03
-5276.03
-5647.03
-6196.03
-5753.03
-7056.03
-7530.03
-8610.03
-9088.03
-8358.03
-8074.03
-6622.03
-6601.03
-5494.03
-6627.03
-5974.03
-6251.03
-6597.03
-6759.03
-6358.03
-4707.03
-4194.03
-2099.03
-2789.03
-1853.03
-2374.03
793.968
4229.97
7173.97
9060.97
8905.97
8758.97
6858.97
8866.97
9377.97
11334
10556
10553
8802.97
5998.97
5403.97
4470.97
5648.97
5270.97
5912.97
5052.97
3418.97
2048.97
902.968
1630.97
765.968
1413.97
493.968
-1223.03
-2758.03
-5231.03
-5709.03
-6612.03
-6596.03
-7716.03
-7906.03
-8902.03
-9645.03
-9301.03
-8853.03
-7996.03
-7879.03
-7957.03
-7240.03
-6972.03
-6306.03
-6173.03
-5959.03
-6217.03
-6917.03
-5508.03
-5117.03
-3591.03
-3114.03
-1938.03
-1218.03
27.9683
2549.97
4722.97
7266.97
8061.97
8545.97
8446.97
8232.97
8996.97
10011
11263
10970
9828.97
8596.97
6824.97
6402.97
5767.97
6391.97
6016.97
5618.97
4860.97
3998.97
3042.97
1640.97
1533.97
818.968
404.968
-229.032
-1580.03
-2862.03
-4923.03
-6403.03
-7521.03
-8435.03
-9203.03
-9477.03
-9449.03
-9808.03
-9676.03
-9554.03
-9118.03
-8306.03
-7439.03
-6483.03
-5872.03
-5532.03
-5657.03
-5707.03
-5775.03
-6027.03
-5244.03
-4525.03
-2820.03
-2466.03
-1849.03
-1593.03
-794.032
1549.97
4640.97
7426.97
8371.97
8045.97
7386.97
7388.97
8170.97
9933.97
11330
11435
9916.97
8812.97
7176.97
6459.97
6378.97
6758.97
6592.97
5969.97
5628.97
4608.97
4103.97
2953.97
2666.97
1916.97
1259.97
700.968
-654.032
-1411.03
-3420.03
-4601.03
-6005.03
-7538.03
-8495.03
-9150.03
-9159.03
-9228.03
-8333.03
-8042.03
-7565.03
-7330.03
-7162.03
-6197.03
-5627.03
-5345.03
-5203.03
-5276.03
-5586.03
-5908.03
-5615.03
-5505.03
-5146.03
-4496.03
-4144.03
-3834.03
-3226.03
-1451.03
353.968
3085.97
5096.97
5874.97
5610.97
4931.97
5265.97
6252.97
8174.97
9410.97
9646.97
8668.97
7670.97
7340.97
7385.97
7897.97
8360.97
8549.97
8316.97
8135.97
7610.97
6521.97
5513.97
4446.97
3754.97
2784.97
1785.97
794.968
-406.032
-1964.03
-2950.03
-4103.03
-5585.03
-6400.03
-6892.03
-6865.03
-6875.03
-6661.03
-6705.03
-7085.03
-7292.03
-6972.03
-6837.03
-6924.03
-7293.03
-7626.03
-7915.03
-7865.03
-7904.03
-7725.03
-7907.03
-8001.03
-7670.03
-7208.03
-6409.03
-5438.03
-3905.03
-2627.03
-454.032
1230.97
2606.97
3602.97
3474.97
3728.97
4649.97
6180.97
8047.97
9423.97
9559.97
9172.97
8795.97
8626.97
9319.97
9656.97
9670.97
9204.97
9135.97
9137.97
9008.97
8263.97
7016.97
5872.97
4464.97
3900.97
3872.97
3483.97
2562.97
1707.97
394.968
-1533.03
-3200.03
-4387.03
-4786.03
-4874.03
-4760.03
-4910.03
-5977.03
-7337.03
-8133.03
-7829.03
-7465.03
-7310.03
-7481.03
-7975.03
-8772.03
-9406.03
-9574.03
-9995.03
-9868.03
-9669.03
-9196.03
-8845.03
-8444.03
-7736.03
-6823.03
-5180.03
-3411.03
-1471.03
403.968
1904.97
2893.97
3763.97
4444.97
5400.97
7164.97
8629.97
9734.97
9916.97
9254.97
8713.97
8859.97
9496.97
10227
10575
10262
10040
9727.97
9698.97
9437.97
8962.97
7973.97
6953.97
6288.97
5336.97
4296.97
3514.97
2361.97
906.968
-633.032
-2568.03
-4024.03
-4946.03
-5277.03
-5267.03
-5583.03
-6417.03
-7627.03
-8443.03
-8656.03
-8770.03
-8856.03
-8874.03
-9311.03
-9635.03
-9963.03
-10436
-10949
-11491
-11497
-10845
-9805.03
-9000.03
-8001.03
-7188.03
-6286.03
-4864.03
-2749.03
-554.032
1611.97
3175.97
3932.97
4357.97
4779.97
6053.97
7990.97
9516.97
10526
10545
9756.97
9365.97
10016
10763
11514
12096
12055
12029
11821
11481
10497
9333.97
8108.97
7415.97
6535.97
5436.97
4283.97
2774.97
1164.97
-190.032
-1329.03
-3159.03
-4504.03
-5382.03
-5796.03
-6166.03
-6966.03
-7840.03
-8988.03
-9731.03
-9912.03
-9730.03
-9985.03
-10729
-11318
-11591
-11753
-12105
-11890
-11983
-12043
-11305
-10200
-9240.03
-8344.03
-7059.03
-5693.03
-3901.03
-1925.03
235.968
2170.97
3205.97
3927.97
4789.97
5784.97
7312.97
9406.97
10839
11493
11758
11676
11972
12451
12823
13037
12950
12616
12892
12613
11764
10507
8923.97
7510.97
6522.97
5702.97
4615.97
3392.97
1940.97
681.968
-1005.03
-2918.03
-5053.03
-6474.03
-7143.03
-7339.03
-7226.03
-7891.03
-9213.03
-10922
-11623
-11891
-11805
-11690
-11847
-12231
-12307
-12401
-12743
-12627
-12862
-12349
-11090
-10055
-8951.03
-7731.03
-6687.03
-5374.03
-3517.03
-1555.03
803.968
3078.97
4354.97
5665.97
6705.97
7499.97
9120.97
11058
12365
13046
12968
12545
13001
13218
13551
13913
13458
13025
13151
12826
11744
10554
8751.97
7254.97
6159.97
4965.97
3882.97
2442.97
940.968
-312.032
-1620.03
-3489.03
-5464.03
-7268.03
-8463.03
-8758.03
-8968.03
-9571.03
-10490
-11928
-12731
-12736
-12582
-12449
-12273
-12483
-12423
-12325
-12269
-12079
-12135
-11649
-10671
-9594.03
-8389.03
-6607.03
-5173.03
-3886.03
-2079.03
-434.032
1312.97
3614.97
5609.97
7224.97
8241.97
8698.97
9551.97
10890
12041
13363
13984
13353
13165
13321
13324
13281
13010
12426
12272
11899
11333
10428
8737.97
6993.97
5539.97
4379.97
3077.97
1763.97
236.968
-1046.03
-2405.03
-4327.03
-6504.03
-8481.03
-9834.03
-9829.03
-9291.03
-9498.03
-10256
-11905
-13238
-13399
-12867
-12211
-11581
-11789
-11854
-11523
-11556
-11370
-11083
-10937
-9858.03
-8618.03
-7585.03
-6029.03
-4831.03
-3412.03
-1609.03
-195.032
1049.97
3017.97
4798.97
6697.97
8655.97
9145.97
9450.97
10204
11134
12371
13483
13260
12808
12555
12342
13014
13274
12757
12174
11534
10758
10129
8969.97
7495.97
6225.97
4723.97
3292.97
1877.97
91.9682
-1420.03
-2404.03
-3387.03
-4812.03
-6600.03
-8616.03
-9650.03
-9582.03
-9510.03
-9490.03
-10243
-11450
-12324
-12211
-11848
-11120
-10718
-10896
-10685
-10594
-10439
-10374
-10266
-9940.03
-8903.03
-7522.03
-6164.03
-4778.03
-3639.03
-2494.03
-1481.03
-476.032
756.968
3029.97
5309.97
7242.97
8242.97
7981.97
7787.97
8306.97
9955.97
12021
13309
13161
12649
11889
11596
11979
12090
11986
11766
11454
11170
10333
8799.97
7113.97
5627.97
4165.97
3007.97
1634.97
136.968
-923.032
-1813.03
-2603.03
-4007.03
-5940.03
-7906.03
-9054.03
-9339.03
-8871.03
-8696.03
-9205.03
-10055
-11191
-11608
-11610
-11389
-11137
-10816
-10400
-9910.03
-9762.03
-10106
-10352
-10419
-9641.03
-8394.03
-7393.03
-5998.03
-4601.03
-3779.03
-2843.03
-1817.03
-970.032
848.968
3372.97
5639.97
7376.97
7610.97
7336.97
7847.97
9152.97
11004
12682
13108
12486
12072
11931
12348
12584
12400
12145
11770
11243
10625
9635.97
8001.97
6646.97
5455.97
4166.97
2749.97
1188.97
-267.032
-1218.03
-1928.03
-3047.03
-4861.03
-6872.03
-8322.03
-8871.03
-8621.03
-8284.03
-8726.03
-9596.03
-10664
-11417
-11424
-11279
-10781
-10537
-10365
-10460
-10399
-10566
-10690
-10487
-10263
-9569.03
-8787.03
-7442.03
-5813.03
-4399.03
-3422.03
-2739.03
-2030.03
-423.032
2284.97
5055.97
7146.97
7898.97
7791.97
7936.97
8912.97
10769
12518
13344
13138
12635
12265
12157
12459
12520
12392
12188
11803
11086
9881.97
8464.97
7214.97
5962.97
4512.97
3044.97
1429.97
-125.032
-1256.03
-2044.03
-2868.03
-4417.03
-6185.03
-7877.03
-9012.03
-9205.03
-8829.03
-8655.03
-8936.03
-9540.03
-10632
-11388
-11544
-11332
-10938
-10711
-10621
-10675
-10561
-10742
-10448
-10080
-9559.03
-8474.03
-7163.03
-6045.03
-4697.03
-3389.03
-2532.03
-1268.03
77.9682
2087.97
4470.97
6545.97
7866.97
8540.97
8509.97
8814.97
10081
11608
12856
13324
12910
12328
12095
12044
12074
11838
11299
10937
10398
9570.97
8457.97
6917.97
5304.97
3761.97
2398.97
1029.97
-109.032
-1227.03
-2070.03
-2743.03
-3901.03
-5485.03
-7275.03
-8920.03
-9473.03
-9231.03
-8996.03
-8804.03
-9202.03
-10120
-10978
-11430
-11440
-11074
-10635
-10201
-9802.03
-9553.03
-9296.03
-9054.03
-8673.03
-8385.03
-7952.03
-6901.03
-5758.03
-4303.03
-2640.03
-1153.03
-413.032
200.968
983.968
2436.97
4841.97
7172.97
8855.97
9634.97
9529.97
9411.97
9971.97
11229
12260
12811
12538
11934
11317
11045
11124
10795
10315
9714.97
9298.97
8505.97
7587.97
6268.97
4662.97
3046.97
1577.97
447.968
-707.032
-1609.03
-2657.03
-3522.03
-4350.03
-5495.03
-6940.03
-8437.03
-9524.03
-9833.03
-9555.03
-9071.03
-8750.03
-9134.03
-10081
-10756
-10815
-10285
-9467.03
-8914.03
-8495.03
-8199.03
-7753.03
-7467.03
-7136.03
-7149.03
-6956.03
-6096.03
-4898.03
-3574.03
-2555.03
-1537.03
-892.032
-50.0317
824.968
2047.97
3677.97
5317.97
7040.97
8260.97
8516.97
8345.97
8824.97
9832.97
11086
12095
12302
11619
10678
10258
10188
10228
9888.97
9611.97
9257.97
8534.97
7780.97
6777.97
5313.97
3793.97
2542.97
1151.97
-77.0318
-1174.03
-2197.03
-3020.03
-3577.03
-4532.03
-5918.03
-7461.03
-8919.03
-9562.03
-9032.03
-8406.03
-7974.03
-8053.03
-8803.03
-9603.03
-9960.03
-9655.03
-9001.03
-8402.03
-8093.03
-7779.03
-7601.03
-7567.03
-7617.03
-7595.03
-7617.03
-7321.03
-6180.03
-5243.03
-4319.03
-3244.03
-2389.03
-1582.03
-829.032
206.968
1635.97
3613.97
5510.97
7375.97
8256.97
8023.97
8137.97
8711.97
9935.97
11375
12173
11842
11189
10546
10296
10552
10463
10130
9636.97
9125.97
8658.97
7890.97
6793.97
5290.97
3702.97
2101.97
1064.97
140.968
-960.032
-1961.03
-2808.03
-3612.03
-4685.03
-6044.03
-7425.03
-8371.03
-8793.03
-8566.03
-7945.03
-7799.03
-8158.03
-8966.03
-9880.03
-10253
-10023
-9632.03
-9039.03
-8696.03
-8500.03
-8187.03
-8138.03
-8217.03
-8123.03
-7994.03
-7623.03
-6308.03
-5102.03
-3836.03
-2833.03
-2076.03
-1264.03
-378.032
659.968
2068.97
4017.97
5775.97
7566.97
8453.97
8639.97
8702.97
9045.97
10200
11631
12314
12088
11419
10634
10518
10723
10610
10277
9723.97
9092.97
8690.97
7907.97
6742.97
5361.97
3934.97
2626.97
1647.97
509.968
-907.032
-1911.03
-2923.03
-3881.03
-5034.03
-6517.03
-8015.03
-9019.03
-9562.03
-9303.03
-8827.03
-8951.03
-9172.03
-9716.03
-10255
-10485
-10058
-9605.03
-9154.03
-8800.03
-8274.03
-8028.03
-8011.03
-7673.03
-7380.03
-7174.03
-6723.03
-5731.03
-4802.03
-3648.03
-2577.03
-1506.03
-542.032
236.968
1146.97
2506.97
4098.97
5980.97
7821.97
8729.97
8859.97
8950.97
9336.97
10440
11753
12325
12155
11404
10679
10580
10886
10813
10350
9608.97
8961.97
8459.97
7696.97
6532.97
5139.97
3363.97
1922.97
845.968
-460.032
-1926.03
-3177.03
-4219.03
-5043.03
-6027.03
-7277.03
-8513.03
-9563.03
-10026
-9762.03
-9248.03
-8955.03
-8901.03
-9052.03
-9272.03
-9588.03
-9774.03
-9561.03
-9013.03
-8458.03
-7753.03
-7267.03
-7116.03
-7246.03
-7045.03
-6645.03
-6244.03
-5446.03
-4336.03
-3190.03
-2191.03
-1117.03
-279.032
450.968
1135.97
2161.97
3779.97
5755.97
7432.97
8786.97
9431.97
9368.97
9525.97
9966.97
10929
11807
12137
12036
11569
10903
10478
10221
9810.97
9180.97
8802.97
8493.97
7723.97
6667.97
5270.97
3594.97
1801.97
344.968
-738.032
-1776.03
-2947.03
-4007.03
-4743.03
-5564.03
-6568.03
-7617.03
-8710.03
-9521.03
-9828.03
-9289.03
-8422.03
-7899.03
-8076.03
-8808.03
-9588.03
-10014
-9715.03
-9121.03
-8489.03
-8158.03
-7954.03
-7668.03
-7385.03
-7122.03
-6687.03
-6259.03
-5945.03
-5019.03
-3854.03
-2552.03
-1500.03
-760.032
-100.032
478.968
1142.97
2299.97
4154.97
6037.97
7772.97
8714.97
8724.97
8447.97
8676.97
9677.97
11196
12305
12417
11759
10925
10443
10249
10141
9792.97
9513.97
9034.97
8338.97
7429.97
6123.97
4657.97
3280.97
2174.97
1038.97
-166.032
-1531.03
-2547.03
-3224.03
-3867.03
-4750.03
-6203.03
-7660.03
-8790.03
-9086.03
-8893.03
-8576.03
-8467.03
-8661.03
-8987.03
-9527.03
-9851.03
-9833.03
-9709.03
-9414.03
-8888.03
-8367.03
-8057.03
-7816.03
-7647.03
-7488.03
-7265.03
-7246.03
-6571.03
-5565.03
-4537.03
-3225.03
-2097.03
-1385.03
-687.032
206.968
1426.97
3045.97
4846.97
6717.97
8232.97
8842.97
8713.97
8898.97
9524.97
10715
12103
12848
12448
11616
10977
10969
11418
11440
11080
10481
9619.97
8745.97
7838.97
6383.97
4660.97
3079.97
1605.97
404.968
-684.032
-1973.03
-3116.03
-4170.03
-5245.03
-6194.03
-7367.03
-8571.03
-9468.03
-10064
-10156
-9824.03
-9573.03
-9688.03
-10069
-10748
-11463
-11773
-11598
-11044
-10258
-9595.03
-9060.03
-8665.03
-8400.03
-8073.03
-7774.03
-7411.03
-6550.03
-4968.03
-3598.03
-2272.03
-1046.03
-330.032
453.968
1294.97
2471.97
4206.97
6150.97
8130.97
9611.97
10204
10170
10400
11141
12462
13629
13917
13515
12688
12015
11807
11901
11514
10687
9809.97
8948.97
7985.97
6853.97
5495.97
3851.97
2094.97
615.968
-684.032
-1939.03
-3255.03
-4299.03
-5172.03
-6145.03
-7304.03
-8597.03
-9911.03
-10928
-11242
-11087
-10675
-10456
-10573
-10978
-11369
-11604
-11416
-10912
-10235
-9503.03
-8745.03
-8021.03
-7356.03
-6982.03
-6772.03
-6372.03
-5856.03
-4765.03
-3231.03
-1682.03
-263.032
759.968
1673.97
2614.97
3684.97
4812.97
6361.97
8052.97
9535.97
10789
11387
11548
11856
12201
12930
13772
13797
13222
12280
11517
10918
10557
10035
9241.97
8300.97
7199.97
6084.97
4589.97
2944.97
1242.97
-382.032
-1675.03
-2864.03
-4047.03
-5253.03
-6389.03
-7303.03
-8098.03
-9040.03
-9894.03
-10480
-11016
-11282
-11433
-11351
-10981
-10809
-10616
-10452
-10500
-10450
-10006
-9293.03
-8292.03
-7412.03
-6643.03
-5804.03
-5030.03
-4559.03
-4106.03
-3551.03
-2696.03
-1236.03
229.968
1468.97
2464.97
3322.97
3982.97
4930.97
5992.97
7313.97
8815.97
10214
11411
11874
11663
11470
11712
12323
12826
12818
12063
10823
9821.97
9218.97
8700.97
7868.97
7008.97
6083.97
5246.97
4400.97
3230.97
1536.97
-198.032
-1674.03
-2739.03
-3629.03
-4629.03
-5761.03
-6772.03
-7641.03
-8370.03
-9159.03
-10030
-10763
-11292
-11218
-10934
-10619
-10215
-9697.03
-9511.03
-9369.03
-9289.03
-9204.03
-8693.03
-7849.03
-6698.03
-5571.03
-4729.03
-3982.03
-3362.03
-2989.03
-2557.03
-2101.03
-1407.03
-208.032
1147.97
2476.97
3441.97
3934.97
4292.97
4789.97
5525.97
6559.97
8033.97
9392.97
10527
11007
10625
10038
9870.97
10308
11238
11771
11212
9973.97
8703.97
7849.97
7624.97
7438.97
6813.97
5900.97
4915.97
4026.97
3096.97
1936.97
627.968
-641.032
-1726.03
-2564.03
-3546.03
-4740.03
-5960.03
-6840.03
-7484.03
-8130.03
-8918.03
-9657.03
-10256
-10307
-9882.03
-9433.03
-9126.03
-8858.03
-8625.03
-8339.03
-8037.03
-7788.03
-7436.03
-6998.03
-6382.03
-5479.03
-4678.03
-3976.03
-3443.03
-3301.03
-3140.03
-2777.03
-2084.03
-1007.03
430.968
1527.97
2440.97
2876.97
3171.97
3612.97
4312.97
5266.97
6581.97
7887.97
8905.97
9382.97
9161.97
8794.97
8847.97
9595.97
10554
11163
10686
9709.97
8765.97
8170.97
8056.97
7860.97
7402.97
6645.97
5778.97
5084.97
4277.97
3143.97
1858.97
643.968
-511.032
-1594.03
-2583.03
-3773.03
-4919.03
-5767.03
-6521.03
-7230.03
-8074.03
-8962.03
-9589.03
-9864.03
-9959.03
-9830.03
-9591.03
-9493.03
-9386.03
-9325.03
-9152.03
-9077.03
-8858.03
-8477.03
-7823.03
-7066.03
-6310.03
-5626.03
-4933.03
-4250.03
-3928.03
-3532.03
-3063.03
-2343.03
-1343.03
-225.032
750.968
1400.97
1917.97
2547.97
3187.97
3958.97
5068.97
6548.97
8109.97
9256.97
9836.97
9877.97
9855.97
10069
10793
11666
11884
11391
10541
9916.97
9689.97
9648.97
9348.97
8586.97
7623.97
6909.97
6239.97
5299.97
4140.97
2848.97
1369.97
-122.032
-1469.03
-2985.03
-4438.03
-5690.03
-6598.03
-7395.03
-8364.03
-9498.03
-10479
-11022
-11300
-11391
-11270
-10861
-10563
-10194
-9818.03
-9758.03
-9820.03
-9632.03
-9174.03
-8376.03
-7413.03
-6556.03
-5730.03
-5045.03
-4588.03
-4033.03
-3527.03
-2949.03
-1643.03
-200.032
1070.97
2137.97
2818.97
3346.97
4214.97
5192.97
6343.97
7636.97
8865.97
9969.97
10767
11125
11282
11599
12109
12723
12878
12445
11624
11022
10640
10460
9897.97
8855.97
7650.97
6540.97
5641.97
4506.97
3157.97
1516.97
-145.032
-1619.03
-2699.03
-3857.03
-5349.03
-6743.03
-7974.03
-9077.03
-10100
-10994
-11672
-12200
-12370
-12165
-12009
-12046
-11806
-11467
-11047
-10487
-10116
-9750.03
-9194.03
-8297.03
-7116.03
-5875.03
-4881.03
-4071.03
-3279.03
-2585.03
-1826.03
-869.032
131.968
1431.97
2857.97
4038.97
4956.97
5540.97
5914.97
6532.97
7490.97
8801.97
10131
11130
11736
11942
11788
11656
11911
12191
12379
12256
11577
10473
9562.97
8675.97
7927.97
7162.97
6119.97
5074.97
4043.97
3077.97
1878.97
508.968
-1128.03
-2684.03
-4072.03
-5312.03
-6456.03
-7838.03
-9174.03
-10179
-10955
-11722
-12245
-12614
-12839
-12730
-12438
-12021
-11596
-10989
-10175
-9215.03
-8453.03
-7894.03
-7280.03
-6484.03
-5375.03
-4047.03
-2676.03
-1645.03
-876.032
-121.032
398.968
974.968
1882.97
2891.97
4039.97
5106.97
5859.97
6290.97
6586.97
6905.97
7537.97
8239.97
9036.97
9818.97
10367
10556
10564
10515
10420
10594
10759
10702
10146
9179.97
8260.97
7472.97
6784.97
6296.97
5474.97
4252.97
3115.97
2057.97
1007.97
-161.032
-1580.03
-3014.03
-4425.03
-5674.03
-6800.03
-7849.03
-8939.03
-9934.03
-10554
-11202
-11749
-12055
-12192
-12079
-11590
-11092
-10455
-9702.03
-8878.03
-7993.03
-7146.03
-6352.03
-5562.03
-4730.03
-3963.03
-3036.03
-2113.03
-1252.03
-438.032
230.968
765.968
1496.97
2245.97
3035.97
3924.97
4645.97
5271.97
5688.97
5965.97
6312.97
6637.97
6898.97
7276.97
7940.97
8744.97
9483.97
9835.97
9693.97
9312.97
9114.97
9170.97
9559.97
9695.97
9266.97
8362.97
7222.97
6334.97
5664.97
5004.97
4221.97
3391.97
2330.97
1376.97
407.968
-870.032
-2192.03
-3516.03
-4752.03
-5725.03
-6584.03
-7629.03
-8489.03
-9270.03
-10064
-10668
-11149
-11455
-11496
-11236
-10746
-10182
-9611.03
-8935.03
-8151.03
-7201.03
-6261.03
-5566.03
-4873.03
-4355.03
-3688.03
-2817.03
-1837.03
-938.032
-150.032
520.968
913.968
1411.97
1949.97
2471.97
3286.97
4295.97
4984.97
5495.97
5770.97
5759.97
5893.97
6241.97
6921.97
7977.97
8951.97
9583.97
9721.97
9388.97
8947.97
8846.97
9060.97
9393.97
9272.97
8620.97
7700.97
6660.97
5879.97
5361.97
4852.97
3993.97
2973.97
2006.97
1054.97
142.968
-1033.03
-2374.03
-3841.03
-5153.03
-6190.03
-7012.03
-7882.03
-8982.03
-9914.03
-10685
-11069
-11266
-11328
-11288
-11157
-10739
-10080
-9334.03
-8557.03
-7636.03
-6649.03
-5715.03
-5034.03
-4436.03
-3875.03
-3148.03
-2177.03
-1139.03
-317.032
427.968
1062.97
1708.97
2412.97
3043.97
3829.97
4547.97
5366.97
6119.97
6633.97
6815.97
6778.97
6792.97
7095.97
7716.97
8409.97
9097.97
9426.97
9465.97
9121.97
8728.97
8484.97
8413.97
8428.97
8242.97
7647.97
6724.97
5861.97
5128.97
4448.97
3729.97
2782.97
1623.97
528.968
-448.032
-1350.03
-2484.03
-3858.03
-5131.03
-6208.03
-7104.03
-7980.03
-8861.03
-9690.03
-10335
-10747
-10896
-11054
-11225
-11192
-10920
-10349
-9614.03
-8762.03
-7734.03
-6561.03
-5447.03
-4468.03
-3771.03
-3245.03
-2717.03
-1723.03
-486.032
693.968
1601.97
2375.97
2876.97
3253.97
3704.97
4204.97
4710.97
5373.97
6178.97
6682.97
6867.97
6728.97
6418.97
6284.97
6534.97
7035.97
7677.97
8122.97
8317.97
8108.97
7574.97
6887.97
6430.97
6325.97
6534.97
6382.97
5764.97
4777.97
3827.97
3057.97
2590.97
2016.97
1034.97
95.9682
-866.032
-1532.03
-2162.03
-2907.03
-4006.03
-5174.03
-6290.03
-7069.03
-7705.03
-8347.03
-8962.03
-9368.03
-9603.03
-9778.03
-9926.03
-10071
-9883.03
-9345.03
-8396.03
-7249.03
-6308.03
-5436.03
-4530.03
-3500.03
-2459.03
-1682.03
-984.032
-283.032
583.968
1436.97
2245.97
2828.97
3217.97
3747.97
4323.97
4854.97
5159.97
5351.97
5550.97
5789.97
6075.97
6222.97
6001.97
5533.97
5239.97
5192.97
5335.97
5597.97
5668.97
5637.97
5406.97
4902.97
4478.97
4263.97
4330.97
4502.97
4617.97
4280.97
3480.97
2512.97
1903.97
1513.97
1118.97
716.968
-39.0317
-790.032
-1409.03
-1934.03
-2771.03
-3788.03
-4823.03
-5595.03
-5954.03
-6233.03
-6508.03
-7019.03
-7625.03
-8019.03
-8019.03
-8115.03
-8033.03
-7702.03
-7246.03
-6510.03
-5590.03
-4790.03
-3956.03
-3154.03
-2428.03
-1623.03
-952.032
-396.032
190.968
869.968
1635.97
2262.97
2663.97
2964.97
3189.97
3378.97
3540.97
3696.97
3860.97
4017.97
4210.97
4233.97
4153.97
3790.97
3323.97
3170.97
3120.97
3360.97
3683.97
3939.97
4002.97
3839.97
3493.97
3211.97
3149.97
3350.97
3674.97
3697.97
3216.97
2575.97
1986.97
1711.97
1546.97
1198.97
667.968
63.9683
-424.032
-757.032
-911.032
-1571.03
-2407.03
-3157.03
-3699.03
-4011.03
-4329.03
-4784.03
-5277.03
-5705.03
-6021.03
-6101.03
-6103.03
-6149.03
-6080.03
-5771.03
-5309.03
-4661.03
-4022.03
-3410.03
-2639.03
-1946.03
-1343.03
-800.032
-389.032
4.96825
528.968
1097.97
1583.97
1892.97
2093.97
2363.97
2502.97
2550.97
2548.97
2686.97
2931.97
3253.97
3488.97
3452.97
3065.97
2506.97
2052.97
1891.97
2096.97
2564.97
3038.97
3172.97
3009.97
2611.97
2264.97
2198.97
2494.97
2944.97
3177.97
2970.97
2525.97
2121.97
1966.97
1974.97
1919.97
1675.97
1336.97
1016.97
793.968
537.968
67.9682
-670.032
-1462.03
-2114.03
-2650.03
-3185.03
-3721.03
-4168.03
-4474.03
-4691.03
-4905.03
-5070.03
-5300.03
-5381.03
-5207.03
-4711.03
-4133.03
-3581.03
-3058.03
-2564.03
-2115.03
-1621.03
-1153.03
-776.032
-350.032
156.968
666.968
952.968
1105.97
1191.97
1300.97
1326.97
1359.97
1348.97
1417.97
1618.97
1809.97
1817.97
1596.97
1210.97
866.968
656.968
683.968
1036.97
1484.97
1914.97
2135.97
2043.97
1771.97
1672.97
1945.97
2448.97
3003.97
3264.97
3176.97
2935.97
2791.97
2859.97
2991.97
3045.97
2998.97
2839.97
2561.97
2340.97
1920.97
1272.97
600.968
-58.0317
-596.032
-1125.03
-1628.03
-2099.03
-2553.03
-2960.03
-3385.03
-3844.03
-4300.03
-4599.03
-4727.03
-4715.03
-4565.03
-4253.03
-3828.03
-3401.03
-3045.03
-2776.03
-2538.03
-2318.03
-2012.03
-1601.03
-1312.03
-1140.03
-930.032
-764.032
-612.032
-443.032
-402.032
-299.032
-213.032
-49.0317
219.968
278.968
262.968
207.968
96.9682
-57.0317
-0.03175
111.968
402.968
892.968
1405.97
1854.97
2071.97
2148.97
2295.97
2623.97
3078.97
3743.97
4140.97
4215.97
4269.97
4413.97
4607.97
4845.97
4815.97
4617.97
4506.97
4270.97
4035.97
3836.97
3327.97
2578.97
1881.97
1075.97
278.968
-358.032
-1073.03
-1630.03
-2229.03
-2979.03
-3516.03
-3924.03
-4420.03
-4736.03
-4874.03
-5040.03
-5028.03
-4951.03
-4797.03
-4590.03
-4276.03
-3989.03
-3731.03
-3490.03
-3313.03
-3072.03
-2781.03
-2437.03
-2074.03
-1701.03
-1574.03
-1516.03
-1428.03
-1172.03
-884.032
-650.032
-451.032
-304.032
-283.032
-190.032
-14.0317
288.968
648.968
924.968
1391.97
1960.97
2588.97
3040.97
3459.97
3844.97
4224.97
4741.97
5276.97
5708.97
5881.97
5952.97
5936.97
5863.97
5904.97
5895.97
5745.97
5500.97
5144.97
4679.97
4254.97
3631.97
2790.97
1881.97
1012.97
119.968
-610.032
-1383.03
-2247.03
-3072.03
-3800.03
-4385.03
-4840.03
-5246.03
-5702.03
-6038.03
-6268.03
-6314.03
-6265.03
-6180.03
-6083.03
-5914.03
-5684.03
-5401.03
-5043.03
-4668.03
-4276.03
-3929.03
-3463.03
-3046.03
-2687.03
-2318.03
-1946.03
-1516.03
-1074.03
-701.032
-331.032
-29.0317
149.968
521.968
884.968
1292.97
1636.97
1960.97
2302.97
2749.97
3367.97
4119.97
4671.97
4878.97
5022.97
5274.97
5598.97
6029.97
6356.97
6467.97
6395.97
6063.97
5844.97
5671.97
5524.97
5359.97
5063.97
4647.97
4123.97
3487.97
2783.97
1973.97
1093.97
161.968
-690.032
-1469.03
-2337.03
-3066.03
-3820.03
-4557.03
-5342.03
-5820.03
-6247.03
-6666.03
-7064.03
-7293.03
-7238.03
-7081.03
-6810.03
-6450.03
-5956.03
-5583.03
-5175.03
-4618.03
-4159.03
-3787.03
-3284.03
-2761.03
-2294.03
-1708.03
-1264.03
-804.032
-443.032
-133.032
390.968
830.968
1208.97
1622.97
2021.97
2261.97
2574.97
2872.97
3011.97
3282.97
3668.97
4108.97
4720.97
5067.97
5299.97
5396.97
5369.97
5366.97
5402.97
5496.97
5551.97
5584.97
5338.97
5044.97
4691.97
4300.97
3828.97
3574.97
3137.97
2378.97
1814.97
1367.97
801.968
89.9682
-611.032
-1400.03
-2237.03
-2852.03
-3360.03
-3905.03
-4576.03
-5083.03
-5449.03
-5897.03
-6128.03
-6228.03
-6370.03
-6237.03
-5845.03
-5382.03
-4867.03
-4538.03
-4261.03
-3900.03
-3394.03
-2848.03
-2468.03
-2100.03
-1775.03
-1423.03
-933.032
-341.032
51.9683
247.968
558.968
895.968
1319.97
1654.97
1937.97
2183.97
2481.97
2844.97
3189.97
3350.97
3255.97
3150.97
3102.97
3392.97
3682.97
3768.97
3657.97
3535.97
3539.97
3546.97
3324.97
3103.97
2860.97
2565.97
2650.97
2654.97
2231.97
1885.97
1537.97
1140.97
887.968
773.968
633.968
386.968
-182.032
-591.032
-978.032
-1374.03
-1799.03
-2216.03
-2463.03
-2887.03
-3263.03
-3642.03
-3786.03
-3908.03
-3800.03
-3563.03
-3574.03
-3570.03
-3449.03
-3394.03
-3047.03
-2675.03
-2523.03
-2293.03
-2098.03
-1776.03
-1334.03
-875.032
-442.032
-195.032
84.9682
569.968
839.968
970.968
1155.97
1183.97
1197.97
1361.97
1436.97
1528.97
1554.97
1604.97
1711.97
1638.97
1504.97
1551.97
1433.97
1360.97
1610.97
1645.97
1658.97
1669.97
1652.97
1597.97
1444.97
1133.97
895.968
734.968
642.968
748.968
670.968
568.968
394.968
171.968
-39.0317
22.9683
164.968
263.968
379.968
278.968
244.968
98.9682
-227.032
-514.032
-850.032
-963.032
-844.032
-772.032
-784.032
-880.032
-1049.03
-1200.03
-1141.03
-1162.03
-1180.03
-1130.03
-1172.03
-1024.03
-833.032
-739.032
-655.032
-743.032
-904.032
-596.032
-345.032
187.968
90.9682
1845.97
972.968
-79.0318
-41.0317
-687.032
-405.032
-91.0318
905.968
82.9682
-446.032
-473.032
-406.032
-232.032
359.968
701.968
654.968
413.968
622.968
695.968
228.968
296.968
81.9682
-241.032
-150.032
3.96825
182.968
288.968
263.968
190.968
-103.032
-349.032
130.968
263.968
413.968
543.968
324.968
316.968
362.968
577.968
471.968
611.968
609.968
528.968
587.968
471.968
474.968
374.968
293.968
177.968
331.968
337.968
244.968
139.968
-209.032
-481.032
-589.032
-785.032
-985.032
-883.032
-1006.03
-897.032
-711.032
-565.032
-377.032
-487.032
-332.032
-391.032
-205.032
-153.032
65.9682
51.9683
-61.0317
35.9683
-200.032
142.968
255.968
202.968
297.968
272.968
516.968
373.968
474.968
396.968
185.968
338.968
231.968
260.968
326.968
158.968
62.9683
-13.0317
-77.0318
-345.032
-450.032
-498.032
-405.032
-554.032
-389.032
-432.032
-888.032
-898.032
-780.032
-763.032
-781.032
-796.032
-968.032
-839.032
-913.032
-736.032
-659.032
-570.032
-440.032
-177.032
122.968
259.968
472.968
675.968
662.968
610.968
457.968
321.968
264.968
194.968
205.968
292.968
228.968
244.968
257.968
-20.0317
28.9683
116.968
179.968
701.968
857.968
1012.97
1217.97
812.968
985.968
1562.97
1804.97
1715.97
2936.97
1920.97
1431.97
1292.97
744.968
1183.97
1773.97
1655.97
1345.97
15.9683
-1460.03
-910.032
472.968
884.968
880.968
490.968
-1262.03
-1296.03
-606.032
-444.032
-63.0317
-1211.03
-2449.03
-2838.03
-3782.03
-3304.03
-2279.03
-2301.03
-2202.03
-2810.03
-2656.03
-2741.03
-2042.03
-1342.03
-1147.03
-702.032
-1279.03
-926.032
-941.032
-544.032
250.968
173.968
188.968
426.968
33.9683
504.968
742.968
1033.97
1331.97
1421.97
1669.97
1826.97
2351.97
2085.97
2297.97
2387.97
1971.97
2183.97
1885.97
1657.97
1724.97
1282.97
1297.97
1230.97
1072.97
1206.97
1424.97
1589.97
2105.97
1990.97
1759.97
1735.97
1560.97
1461.97
1047.97
882.968
948.968
311.968
457.968
394.968
-870.032
-576.032
-1858.03
-929.032
-2293.03
-827.032
-1492.03
-3276.03
-3443.03
-4219.03
-3657.03
-3933.03
-2828.03
-2814.03
-4195.03
-4522.03
-4728.03
-4389.03
-3724.03
-3531.03
-2347.03
-3231.03
-2483.03
-2019.03
-1274.03
-669.032
-313.032
193.968
397.968
1403.97
1681.97
1804.97
2171.97
1823.97
2486.97
3243.97
3609.97
3978.97
3834.97
3918.97
3518.97
3800.97
3761.97
3425.97
3207.97
2807.97
2714.97
2489.97
2320.97
1883.97
1193.97
714.968
603.968
646.968
615.968
333.968
64.9682
-326.032
-20.0317
211.968
188.968
306.968
237.968
-59.0317
-143.032
188.968
-150.032
-737.032
-1215.03
-1172.03
-1589.03
-2479.03
-2078.03
-2234.03
-3384.03
-3302.03
-3053.03
-3342.03
-3878.03
-4018.03
-4358.03
-3790.03
-3635.03
-4253.03
-3162.03
-3574.03
-3586.03
-3042.03
-3093.03
-2348.03
-1221.03
-80.0318
1224.97
895.968
698.968
1047.97
2398.97
3698.97
5275.97
5839.97
3776.97
3570.97
3850.97
4810.97
5935.97
6143.97
5781.97
4689.97
4349.97
4205.97
4161.97
2806.97
2155.97
2093.97
1553.97
1102.97
93.9682
-1259.03
-2319.03
-2662.03
-1667.03
-1041.03
-2196.03
-3009.03
-3337.03
-3380.03
-2709.03
-1355.03
-1035.03
-1047.03
-1116.03
-961.032
-410.032
-816.032
-771.032
-337.032
-293.032
-511.032
-699.032
-1361.03
-2204.03
-2220.03
-1923.03
-1888.03
-2634.03
-3792.03
-3831.03
-3845.03
-3370.03
-3186.03
-2993.03
-3920.03
-4504.03
-2917.03
-340.032
919.968
1731.97
1549.97
229.968
848.968
3327.97
5940.97
6872.97
5988.97
4212.97
3534.97
4016.97
5197.97
6907.97
6868.97
5443.97
4576.97
4290.97
3469.97
2494.97
2026.97
1695.97
891.968
90.9682
-771.032
-2758.03
-4644.03
-4737.03
-3992.03
-3418.03
-3533.03
-4716.03
-5549.03
-5978.03
-5395.03
-3532.03
-2183.03
-2128.03
-1347.03
-657.032
-631.032
-363.032
-24.0317
279.968
985.968
1254.97
1256.97
890.968
-437.032
-1089.03
-687.032
-625.032
-1330.03
-1738.03
-2352.03
-2669.03
-2766.03
-2928.03
-3202.03
-3858.03
-1856.03
309.968
2015.97
1800.97
281.968
-456.032
618.968
4438.97
6896.97
7588.97
4646.97
2384.97
2254.97
4178.97
6834.97
7982.97
7201.97
4966.97
4007.97
3817.97
3495.97
2598.97
1491.97
1365.97
750.968
-584.032
-2492.03
-4817.03
-6024.03
-5305.03
-3881.03
-3592.03
-5074.03
-6883.03
-7609.03
-6522.03
-4860.03
-3017.03
-2246.03
-2799.03
-2369.03
-1544.03
-683.032
38.9683
666.968
1469.97
2132.97
2015.97
1185.97
433.968
-224.032
-140.032
538.968
595.968
-443.032
-1391.03
-1803.03
-2105.03
-1964.03
-2275.03
-2482.03
-670.032
1135.97
2704.97
2583.97
868.968
-522.032
1616.97
5470.97
8185.97
8329.97
4978.97
1582.97
1480.97
4533.97
7772.97
9019.97
7136.97
3863.97
2494.97
2860.97
3609.97
3859.97
2738.97
932.968
-828.032
-2196.03
-4146.03
-5822.03
-6132.03
-5517.03
-4552.03
-5089.03
-7242.03
-9389.03
-9621.03
-7647.03
-4703.03
-2555.03
-3269.03
-4432.03
-4640.03
-3350.03
-885.032
1145.97
1789.97
1434.97
1232.97
638.968
851.968
887.968
928.968
1006.97
901.968
-159.032
-1464.03
-2303.03
-2204.03
-1299.03
-899.032
-906.032
-1747.03
52.9683
666.968
2622.97
3066.97
2349.97
2075.97
3970.97
6532.97
7206.97
6927.97
4091.97
3168.97
4390.97
6894.97
8417.97
7708.97
5293.97
3072.97
3476.97
4345.97
4449.97
3446.97
1314.97
-530.032
-1841.03
-2371.03
-3725.03
-5086.03
-5774.03
-5794.03
-6008.03
-6946.03
-8737.03
-9636.03
-8487.03
-7124.03
-5718.03
-5124.03
-5819.03
-5884.03
-3810.03
-2241.03
-674.032
-293.032
-902.032
-552.032
189.968
882.968
1326.97
1203.97
458.968
287.968
-243.032
-1040.03
-1352.03
-1082.03
-838.032
-444.032
-1071.03
-2237.03
-1300.03
1546.97
3773.97
4946.97
3965.97
1841.97
2190.97
5520.97
9058.97
9946.97
7985.97
4299.97
3138.97
5633.97
8517.97
9949.97
8562.97
5690.97
3588.97
4200.97
4943.97
4532.97
3344.97
1483.97
-235.032
-1428.03
-2719.03
-4590.03
-5798.03
-5901.03
-5585.03
-5906.03
-7863.03
-10117
-10166
-8479.03
-6380.03
-5113.03
-5576.03
-7020.03
-6156.03
-3716.03
-1510.03
172.968
-56.0317
-1002.03
-848.032
-230.032
700.968
1161.97
613.968
-411.032
-347.032
-1031.03
-1713.03
-1247.03
-807.032
-463.032
-757.032
-1880.03
-2528.03
-180.032
2403.97
5033.97
4650.97
2685.97
1083.97
3054.97
7068.97
9917.97
9395.97
5997.97
3354.97
3837.97
7617.97
10323
10172
7402.97
4408.97
3758.97
5065.97
5797.97
4902.97
2708.97
387.968
-1398.03
-2305.03
-3937.03
-5359.03
-5809.03
-6043.03
-6548.03
-7938.03
-10192
-11030
-9825.03
-7451.03
-6254.03
-6298.03
-7712.03
-7718.03
-5691.03
-3063.03
-1176.03
-1205.03
-2016.03
-2146.03
-980.032
109.968
1137.97
913.968
197.968
-416.032
-793.032
-1323.03
-1140.03
-807.032
224.968
123.968
-328.032
-2061.03
-1049.03
2043.97
4393.97
5717.97
4237.97
2078.97
1921.97
6080.97
9331.97
10049
7303.97
4085.97
3378.97
6391.97
9747.97
10776
8762.97
5247.97
3797.97
5201.97
6226.97
5888.97
4356.97
1822.97
-457.032
-1721.03
-2817.03
-4462.03
-5319.03
-5583.03
-6076.03
-7661.03
-9977.03
-11151
-10351
-8664.03
-6821.03
-6992.03
-8384.03
-9203.03
-7370.03
-4051.03
-1718.03
-1386.03
-2237.03
-2842.03
-2536.03
-588.032
1060.97
1618.97
631.968
17.9683
-834.032
-1013.03
-900.032
257.968
1095.97
1547.97
393.968
-1252.03
-1372.03
1768.97
5247.97
7096.97
6210.97
2796.97
1305.97
4356.97
9110.97
11362
9858.97
4976.97
2279.97
3860.97
8107.97
10967
10692
6498.97
3282.97
3283.97
5166.97
6369.97
5955.97
3510.97
530.968
-1704.03
-2755.03
-3558.03
-4176.03
-4451.03
-5062.03
-6940.03
-9546.03
-11308
-11051
-8948.03
-7193.03
-6833.03
-8711.03
-10567
-9618.03
-6220.03
-2928.03
-1618.03
-2347.03
-4022.03
-4222.03
-2621.03
-188.032
1357.97
1235.97
-116.032
-1026.03
-1856.03
-1474.03
-194.032
1270.97
1934.97
1298.97
-404.032
-2496.03
-267.032
4043.97
7231.97
7623.97
4736.97
1525.97
2148.97
6790.97
11062
11441
7385.97
2609.97
2292.97
6010.97
10044
11227
8473.97
3917.97
2129.97
4195.97
5934.97
6088.97
4316.97
1601.97
-865.032
-2158.03
-2750.03
-3390.03
-3899.03
-4499.03
-5759.03
-8132.03
-10779
-11186
-9456.03
-7318.03
-6341.03
-7909.03
-10156
-10586
-7509.03
-3326.03
-1079.03
-2067.03
-4340.03
-5136.03
-3484.03
-357.032
1562.97
1430.97
-591.032
-2003.03
-2019.03
-1403.03
-426.032
237.968
455.968
194.968
-714.032
-1713.03
-1859.03
1530.97
5143.97
6363.97
5420.97
1786.97
911.968
3420.97
9437.97
11548
9805.97
3999.97
977.968
3447.97
8452.97
12124
10922
6454.97
2010.97
3023.97
6751.97
8954.97
7847.97
3951.97
205.968
-1917.03
-1293.03
-556.032
-1058.03
-2629.03
-5026.03
-7018.03
-9001.03
-9410.03
-8138.03
-6510.03
-6416.03
-7561.03
-9156.03
-10346
-8211.03
-4144.03
-1459.03
-1798.03
-3884.03
-5660.03
-4599.03
-1596.03
1353.97
1956.97
-13.0317
-2176.03
-2739.03
-1357.03
-406.032
686.968
121.968
-689.032
-1727.03
-1733.03
-1978.03
-1115.03
2697.97
4129.97
4210.97
2110.97
6.96825
947.968
4850.97
9596.97
9297.97
6013.97
882.968
710.968
5111.97
9968.97
11399
8443.97
3695.97
1124.97
4595.97
8425.97
9246.97
6569.97
2205.97
-407.032
-669.032
1127.97
1524.97
5.96825
-3169.03
-5379.03
-6915.03
-7411.03
-6813.03
-5374.03
-5445.03
-6753.03
-8321.03
-9008.03
-7853.03
-5273.03
-1765.03
-1697.03
-3267.03
-5305.03
-4504.03
-2064.03
620.968
1410.97
-342.032
-2442.03
-3055.03
-1358.03
350.968
533.968
-792.032
-2299.03
-2858.03
-2313.03
-1125.03
-1337.03
-1468.03
134.968
1668.97
2138.97
1206.97
744.968
1014.97
4056.97
7291.97
7140.97
4261.97
1010.97
1490.97
4971.97
9028.97
9152.97
6593.97
3160.97
2236.97
5713.97
9151.97
8611.97
5264.97
2059.97
331.968
1156.97
2830.97
2519.97
-288.032
-3253.03
-4778.03
-5272.03
-5286.03
-5015.03
-4795.03
-5439.03
-6548.03
-7382.03
-6784.03
-6219.03
-4044.03
-2160.03
-2229.03
-3671.03
-4287.03
-2988.03
-770.032
824.968
507.968
-986.032
-2869.03
-2314.03
-568.032
606.968
-690.032
-2123.03
-3062.03
-2560.03
-1238.03
-702.032
-1964.03
-3097.03
-134.032
1708.97
2982.97
1537.97
-126.032
-6.03175
3381.97
7240.97
7076.97
3658.97
-319.032
493.968
4940.97
8701.97
8601.97
5490.97
2067.97
1920.97
6142.97
9414.97
8073.97
4515.97
1280.97
589.968
1589.97
3124.97
2273.97
-637.032
-3147.03
-4175.03
-4540.03
-4541.03
-4597.03
-4399.03
-5087.03
-6051.03
-6604.03
-5940.03
-4883.03
-3142.03
-1535.03
-2283.03
-3307.03
-3472.03
-1620.03
-114.032
696.968
-46.0317
-1424.03
-2169.03
-1131.03
488.968
563.968
-932.032
-2446.03
-2681.03
-2125.03
-756.032
-909.032
-2063.03
-3683.03
-1916.03
1179.97
2078.97
1527.97
-642.032
-953.032
940.968
5404.97
7101.97
4587.97
802.968
-650.032
2522.97
6727.97
8731.97
6867.97
3433.97
1572.97
3882.97
7883.97
8710.97
6328.97
2972.97
1008.97
1061.97
2442.97
3256.97
921.968
-1787.03
-3707.03
-4484.03
-4589.03
-4154.03
-3883.03
-4579.03
-6065.03
-6959.03
-6483.03
-5266.03
-4027.03
-2467.03
-2700.03
-4026.03
-3865.03
-2324.03
-298.032
318.968
-7.03175
-1532.03
-2265.03
-1440.03
686.968
1533.97
34.9683
-2129.03
-2958.03
-2346.03
-760.032
351.968
-258.032
-2801.03
-3193.03
284.968
2687.97
3492.97
1399.97
-6.03175
-397.032
3144.97
6593.97
6346.97
2705.97
-754.032
601.968
4230.97
7609.97
7258.97
4543.97
1479.97
1669.97
5632.97
7937.97
6720.97
3648.97
1304.97
419.968
1011.97
2551.97
1604.97
-860.032
-3167.03
-3948.03
-4450.03
-4526.03
-4234.03
-4054.03
-5285.03
-6568.03
-6603.03
-5533.03
-4536.03
-2886.03
-2362.03
-3405.03
-4017.03
-2872.03
-480.032
445.968
70.9682
-895.032
-1600.03
-1756.03
133.968
2113.97
1022.97
-755.032
-1907.03
-1433.03
-709.032
824.968
420.968
-772.032
-2691.03
-1449.03
2520.97
3331.97
2462.97
221.968
-474.032
345.968
4854.97
7267.97
4850.97
731.968
-955.032
1671.97
5649.97
7618.97
6025.97
2806.97
591.968
2175.97
6664.97
7607.97
4970.97
2004.97
167.968
-6.03175
1415.97
2682.97
717.968
-2346.03
-3786.03
-4225.03
-4102.03
-4128.03
-3881.03
-4671.03
-6423.03
-7120.03
-6049.03
-4733.03
-3825.03
-2809.03
-3360.03
-4576.03
-4314.03
-1763.03
524.968
620.968
-215.032
-1282.03
-1783.03
-669.032
2092.97
2905.97
1057.97
-801.032
-1786.03
-731.032
229.968
1507.97
956.968
-775.032
-2333.03
-59.0317
3046.97
3590.97
2440.97
533.968
-134.032
1198.97
4943.97
6526.97
3848.97
45.9683
-803.032
1944.97
5232.97
6531.97
5092.97
1753.97
171.968
2331.97
6241.97
6696.97
4064.97
1267.97
-127.032
-145.032
1489.97
2446.97
353.968
-2773.03
-4191.03
-4263.03
-4050.03
-3796.03
-3886.03
-5259.03
-7192.03
-7319.03
-5625.03
-4181.03
-3633.03
-3252.03
-4293.03
-4979.03
-3589.03
-713.032
760.968
-83.0318
-1472.03
-1964.03
-1176.03
572.968
2538.97
2477.97
247.968
-1017.03
-751.032
487.968
835.968
1347.97
530.968
-878.032
-2072.03
-109.032
3282.97
3417.97
2659.97
105.968
-503.032
356.968
4957.97
7102.97
4706.97
319.968
-1613.03
1233.97
5437.97
7936.97
5964.97
1956.97
-679.032
1771.97
6881.97
8269.97
5595.97
1645.97
-580.032
-412.032
2068.97
4054.97
1783.97
-2099.03
-4373.03
-4417.03
-3614.03
-2862.03
-2947.03
-4820.03
-7396.03
-7943.03
-6251.03
-4401.03
-3859.03
-3721.03
-5077.03
-5934.03
-4531.03
-1521.03
240.968
-779.032
-1889.03
-2420.03
-1332.03
537.968
2185.97
2003.97
-271.032
-1352.03
-637.032
610.968
1076.97
1143.97
377.968
-1262.03
-1649.03
-274.032
3075.97
3375.97
2668.97
706.968
-602.032
849.968
4662.97
7505.97
5186.97
1208.97
-968.032
1154.97
5319.97
7894.97
6786.97
2697.97
261.968
2362.97
7134.97
9015.97
6610.97
2827.97
24.9683
582.968
3241.97
4969.97
2574.97
-1836.03
-4384.03
-4659.03
-3430.03
-2719.03
-3182.03
-5522.03
-8366.03
-8735.03
-6902.03
-5122.03
-4662.03
-4913.03
-6125.03
-7005.03
-5422.03
-2608.03
-1233.03
-1692.03
-2740.03
-3060.03
-2337.03
-431.032
907.968
1022.97
-362.032
-1357.03
-938.032
-293.032
125.968
507.968
289.968
-777.032
-1038.03
-1124.03
611.968
2668.97
2696.97
1404.97
-90.0318
317.968
2894.97
6332.97
6444.97
3485.97
400.968
654.968
4320.97
8080.97
7983.97
4790.97
2202.97
2405.97
5849.97
9438.97
8559.97
4765.97
1799.97
1981.97
3826.97
5116.97
3852.97
73.9682
-3160.03
-3896.03
-3002.03
-2491.03
-3250.03
-5525.03
-7821.03
-8823.03
-8182.03
-6374.03
-5392.03
-5922.03
-6866.03
-7508.03
-6791.03
-4486.03
-2033.03
-1635.03
-2840.03
-3804.03
-3317.03
-1613.03
706.968
1076.97
49.9683
-1132.03
-1301.03
-241.032
569.968
950.968
-6.03175
-433.032
-939.032
-245.032
-518.032
1396.97
3002.97
2322.97
1120.97
4.96825
1602.97
3951.97
7083.97
6753.97
3324.97
641.968
1464.97
5830.97
8875.97
8396.97
5153.97
2853.97
3621.97
6941.97
10312
8268.97
4545.97
2171.97
2803.97
4262.97
4950.97
3302.97
-697.032
-3286.03
-3626.03
-2735.03
-3104.03
-4602.03
-6472.03
-8375.03
-8936.03
-7766.03
-6442.03
-6688.03
-7673.03
-7850.03
-7227.03
-5948.03
-3836.03
-2592.03
-3287.03
-4290.03
-3367.03
-1491.03
-96.0318
428.968
-328.032
-1426.03
-1463.03
69.9682
1884.97
1147.97
-77.0318
-939.032
-615.032
-34.0317
424.968
580.968
844.968
1828.97
1987.97
1811.97
1104.97
2167.97
4308.97
6101.97
5548.97
2997.97
1602.97
2741.97
6459.97
8713.97
7215.97
4286.97
2857.97
5013.97
8463.97
10247
7909.97
4071.97
2002.97
3011.97
4924.97
4755.97
2224.97
-1524.03
-3712.03
-3952.03
-3509.03
-4000.03
-5914.03
-7730.03
-8977.03
-9365.03
-8753.03
-8139.03
-7718.03
-7847.03
-7778.03
-7606.03
-6603.03
-5107.03
-3772.03
-3035.03
-3193.03
-2909.03
-2230.03
-1090.03
-422.032
-239.032
-686.032
-656.032
357.968
963.968
799.968
-2.03175
-483.032
-375.032
375.968
1114.97
258.968
-196.032
1590.97
2592.97
2907.97
1689.97
1662.97
2284.97
4271.97
6161.97
5387.97
3533.97
2375.97
4672.97
7328.97
8400.97
7105.97
5791.97
5533.97
6668.97
9354.97
9376.97
6700.97
4314.97
3688.97
4226.97
3930.97
3084.97
649.968
-2202.03
-3792.03
-3921.03
-4204.03
-5331.03
-6466.03
-7943.03
-9345.03
-9389.03
-8091.03
-7208.03
-7453.03
-7791.03
-7637.03
-7097.03
-5414.03
-3436.03
-2863.03
-3730.03
-4076.03
-2522.03
-948.032
-45.0317
-38.0317
-469.032
-1334.03
-458.032
1270.97
1588.97
252.968
-1022.03
-1084.03
-380.032
692.968
1061.97
-53.0317
-3.03175
1736.97
2395.97
2548.97
1303.97
1846.97
3339.97
5693.97
6099.97
4784.97
3007.97
3280.97
6750.97
8898.97
8421.97
6092.97
5116.97
5964.97
8177.97
10044
8167.97
5053.97
3206.97
3480.97
4412.97
3714.97
1664.97
-1654.03
-3720.03
-3915.03
-3392.03
-4130.03
-6047.03
-7943.03
-9075.03
-8905.03
-7927.03
-6971.03
-7230.03
-7972.03
-7860.03
-7133.03
-5707.03
-4249.03
-3449.03
-3901.03
-4019.03
-2918.03
-1519.03
-579.032
-312.032
-704.032
-1454.03
-1518.03
-516.032
735.968
422.968
-664.032
-1495.03
-1652.03
-756.032
360.968
673.968
-674.032
-1215.03
932.968
1938.97
2095.97
1565.97
1773.97
2800.97
4829.97
6472.97
5383.97
3669.97
3378.97
5973.97
8125.97
8358.97
7066.97
5466.97
5323.97
6763.97
9044.97
8398.97
5260.97
3298.97
2872.97
3199.97
2741.97
1737.97
-576.032
-3074.03
-3967.03
-3851.03
-4479.03
-5755.03
-6409.03
-7178.03
-8096.03
-7978.03
-6831.03
-6480.03
-6925.03
-6755.03
-6311.03
-5415.03
-4125.03
-2975.03
-2947.03
-3372.03
-2825.03
-1256.03
-187.032
-316.032
-747.032
-1070.03
-1122.03
-247.032
666.968
674.968
-458.032
-1155.03
-992.032
-560.032
-88.0318
-9.03175
-412.032
-1351.03
-359.032
2473.97
2522.97
2050.97
1219.97
2169.97
3477.97
5964.97
7028.97
4551.97
2887.97
3147.97
6686.97
8387.97
7621.97
5522.97
4076.97
4604.97
6596.97
8836.97
6748.97
2962.97
1315.97
1694.97
2889.97
2772.97
1364.97
-2083.03
-4320.03
-3842.03
-2651.03
-2652.03
-4148.03
-5991.03
-7513.03
-7795.03
-6146.03
-4528.03
-4867.03
-6361.03
-6820.03
-6216.03
-4543.03
-2284.03
-1474.03
-2614.03
-3836.03
-2972.03
-1173.03
382.968
561.968
-375.032
-1631.03
-1854.03
-299.032
938.968
797.968
-268.032
-1233.03
-1610.03
-1146.03
59.9683
608.968
149.968
-918.032
34.9683
2568.97
2614.97
2365.97
1862.97
2289.97
3214.97
5483.97
6275.97
4034.97
2506.97
2743.97
5315.97
6902.97
6193.97
4450.97
2837.97
3166.97
5182.97
7100.97
5309.97
2229.97
1224.97
1473.97
2470.97
2527.97
1247.97
-1784.03
-3207.03
-2565.03
-2010.03
-2787.03
-4142.03
-5157.03
-6082.03
-6117.03
-5535.03
-5023.03
-5603.03
-5989.03
-5437.03
-5174.03
-4683.03
-3525.03
-2624.03
-3017.03
-3270.03
-2592.03
-1711.03
-1297.03
-1065.03
-1077.03
-1201.03
-1012.03
36.9683
260.968
-376.032
-691.032
123.968
498.968
799.968
419.968
3.96825
-155.032
266.968
1127.97
2099.97
3263.97
1746.97
1171.97
936.968
2982.97
4911.97
5806.97
4586.97
1559.97
898.968
2312.97
5829.97
6534.97
4284.97
1615.97
537.968
2818.97
5476.97
6767.97
4142.97
665.968
-6.03175
1605.97
4002.97
3335.97
1064.97
-2467.03
-3544.03
-2170.03
-825.032
-1318.03
-3563.03
-5477.03
-6422.03
-5513.03
-4248.03
-3770.03
-5122.03
-6545.03
-6309.03
-4907.03
-3324.03
-2766.03
-3245.03
-4365.03
-4223.03
-2325.03
-589.032
-397.032
-1307.03
-1939.03
-1208.03
436.968
1948.97
1978.97
608.968
-88.0318
990.968
2390.97
3106.97
2564.97
1131.97
113.968
804.968
2581.97
3378.97
4798.97
2732.97
1189.97
463.968
2165.97
4717.97
5588.97
4815.97
1035.97
-148.032
589.968
4167.97
5768.97
3588.97
874.968
-480.032
2086.97
4807.97
6552.97
4423.97
667.968
189.968
1607.97
4161.97
3500.97
1208.97
-1799.03
-2919.03
-1754.03
-781.032
-1460.03
-4045.03
-6012.03
-6741.03
-5576.03
-4572.03
-4544.03
-5818.03
-7506.03
-7402.03
-5935.03
-4042.03
-3422.03
-4045.03
-4941.03
-4654.03
-2634.03
-738.032
-163.032
-880.032
-1515.03
-297.032
1631.97
3250.97
2966.97
1905.97
1400.97
2199.97
3883.97
4249.97
3601.97
1809.97
1402.97
2225.97
3220.97
2663.97
2074.97
2812.97
1336.97
1138.97
1005.97
2060.97
2290.97
2509.97
2219.97
-126.032
-716.032
298.968
3238.97
3468.97
1649.97
380.968
392.968
2106.97
3823.97
4775.97
2376.97
-79.0318
412.968
1988.97
2673.97
1292.97
-475.032
-2754.03
-3373.03
-2404.03
-1941.03
-3389.03
-5314.03
-6333.03
-6449.03
-6112.03
-5683.03
-5625.03
-6528.03
-7324.03
-6436.03
-5080.03
-3867.03
-3257.03
-3250.03
-3455.03
-2576.03
-426.032
1299.97
1723.97
1286.97
1266.97
2384.97
4263.97
5596.97
5349.97
3932.97
3339.97
4212.97
5422.97
5422.97
4134.97
2448.97
1588.97
2189.97
2647.97
2246.97
737.968
902.968
1510.97
254.968
-280.032
-749.032
357.968
901.968
2067.97
989.968
-1193.03
-1275.03
213.968
2761.97
2164.97
731.968
-336.032
102.968
1864.97
3214.97
3350.97
716.968
-491.032
91.9682
865.968
1052.97
-209.032
-1425.03
-2981.03
-3035.03
-2769.03
-3057.03
-4231.03
-5157.03
-5470.03
-5982.03
-5484.03
-4863.03
-4543.03
-4989.03
-4936.03
-4032.03
-3130.03
-1430.03
-480.032
-319.032
-284.032
952.968
2639.97
3468.97
3884.97
3860.97
4073.97
4649.97
5400.97
5747.97
4993.97
4123.97
3859.97
3960.97
3696.97
3391.97
2508.97
1082.97
510.968
579.968
279.968
-328.032
-1069.03
-1247.03
-4.03175
-913.032
-1741.03
-2256.03
-1537.03
-259.032
425.968
123.968
-2196.03
-2636.03
-1613.03
780.968
1376.97
-278.032
-1760.03
-1883.03
-69.0318
1941.97
2503.97
658.968
-1787.03
-1591.03
-321.032
913.968
244.968
-1478.03
-3347.03
-3751.03
-2737.03
-1897.03
-2451.03
-4011.03
-4803.03
-4769.03
-3574.03
-2343.03
-2025.03
-2405.03
-2551.03
-1731.03
-428.032
1016.97
1854.97
1641.97
1467.97
2065.97
3489.97
4345.97
4368.97
3949.97
3383.97
3765.97
4458.97
5037.97
4135.97
2897.97
2272.97
2168.97
2401.97
1980.97
1412.97
153.968
-679.032
-595.032
-262.032
-551.032
-1760.03
-2286.03
-2374.03
-616.032
-473.032
-2272.03
-3303.03
-3289.03
-1197.03
-341.032
52.9683
-2302.03
-3979.03
-3222.03
-705.032
1507.97
85.9682
-1917.03
-2928.03
-1319.03
1230.97
2534.97
1746.97
-1240.03
-1931.03
-365.032
1734.97
1985.97
230.968
-1826.03
-2584.03
-961.032
677.968
1058.97
-561.032
-2199.03
-2233.03
-837.032
1057.97
1269.97
394.968
-897.032
-650.032
1155.97
2876.97
3377.97
2298.97
1100.97
1236.97
2704.97
4049.97
3962.97
2461.97
1133.97
1076.97
3023.97
3535.97
3038.97
1369.97
693.968
1087.97
1527.97
1780.97
278.968
-743.032
-1572.03
-531.032
-609.032
-1243.03
-2648.03
-3352.03
-3420.03
-3230.03
-2685.03
-2027.03
-2716.03
-4780.03
-4888.03
-3657.03
-1933.03
-1373.03
-1430.03
-3540.03
-4950.03
-3726.03
-856.032
665.968
-694.032
-2228.03
-2046.03
-223.032
2634.97
4123.97
3034.97
586.968
595.968
2778.97
4687.97
4677.97
3052.97
1372.97
805.968
2608.97
4131.97
3641.97
1573.97
216.968
190.968
1291.97
2139.97
1771.97
583.968
-433.032
-145.032
788.968
1371.97
1145.97
314.968
-472.032
-175.032
1176.97
1703.97
692.968
-553.032
-978.032
-507.032
1110.97
979.968
-269.032
-1608.03
-1821.03
-431.032
97.9682
-151.032
-1768.03
-2745.03
-3044.03
-1275.03
-1063.03
-2292.03
-4110.03
-4692.03
-3894.03
-3453.03
-3240.03
-4060.03
-3630.03
-4524.03
-4234.03
-3909.03
-3005.03
-1720.03
-1022.03
-572.032
-1742.03
-1657.03
-251.032
2313.97
3411.97
2261.97
1488.97
1887.97
4150.97
6174.97
6625.97
5293.97
3620.97
4305.97
5772.97
6588.97
5651.97
4016.97
2923.97
3039.97
4004.97
3387.97
1713.97
265.968
-90.0318
273.968
513.968
349.968
-997.032
-2107.03
-2464.03
-1650.03
-921.032
-1123.03
-1823.03
-2737.03
-2978.03
-1971.03
-674.032
-878.032
-1977.03
-2792.03
-2436.03
-1503.03
-361.032
-984.032
-2269.03
-2993.03
-2200.03
-530.032
-469.032
-1314.03
-3016.03
-3292.03
-2774.03
-1127.03
-1298.03
-2624.03
-3803.03
-3714.03
-2392.03
-1875.03
-1381.03
-2191.03
-883.032
-354.032
-701.032
-602.032
-350.032
1302.97
1996.97
3087.97
1964.97
843.968
1690.97
3856.97
5708.97
4297.97
3358.97
3061.97
4219.97
6070.97
6753.97
5802.97
3307.97
3204.97
4469.97
5359.97
4308.97
2462.97
1175.97
522.968
1370.97
1288.97
85.9682
-1774.03
-2806.03
-2789.03
-2468.03
-2014.03
-2551.03
-3734.03
-4664.03
-4273.03
-2989.03
-2199.03
-2309.03
-3357.03
-4142.03
-3739.03
-2072.03
-1320.03
-1853.03
-2765.03
-3260.03
-2542.03
-1144.03
-392.032
-983.032
-1980.03
-1725.03
-552.032
556.968
873.968
480.968
58.9683
20.9683
1077.97
1607.97
1395.97
583.968
273.968
154.968
412.968
564.968
394.968
-51.0317
939.968
1858.97
-78.0318
-460.032
185.968
2401.97
2613.97
2777.97
1459.97
-483.032
677.968
3014.97
5367.97
2851.97
912.968
1026.97
2832.97
4429.97
4513.97
3371.97
314.968
254.968
1944.97
2998.97
1933.97
103.968
-1061.03
-1694.03
-602.032
-238.032
-1167.03
-2798.03
-3780.03
-3396.03
-3143.03
-2855.03
-3375.03
-4134.03
-4775.03
-4254.03
-3081.03
-2707.03
-2544.03
-2918.03
-2919.03
-2461.03
-1424.03
-610.032
-290.032
-263.032
-117.032
375.968
1155.97
1903.97
1681.97
1434.97
1606.97
2108.97
2205.97
2215.97
2144.97
1737.97
1341.97
1504.97
1637.97
1304.97
791.968
25.9683
-242.032
-633.032
-631.032
-500.032
-1250.03
-534.032
651.968
-1008.03
-1988.03
-1517.03
765.968
1408.97
1209.97
428.968
-1770.03
-1270.03
938.968
3842.97
2194.97
-381.032
-303.032
955.968
2852.97
3113.97
2737.97
207.968
-417.032
1193.97
2400.97
1823.97
-146.032
-886.032
-1581.03
-797.032
28.9683
-424.032
-1799.03
-2707.03
-2352.03
-2009.03
-1354.03
-1645.03
-2051.03
-2371.03
-1998.03
-859.032
-283.032
-169.032
-487.032
-724.032
-137.032
851.968
1336.97
1094.97
594.968
248.968
716.968
1644.97
1956.97
1419.97
397.968
414.968
864.968
1345.97
1295.97
793.968
121.968
-294.032
527.968
1074.97
780.968
-114.032
-654.032
-629.032
-722.032
-541.032
-719.032
-1780.03
-2825.03
-2576.03
-1833.03
234.968
-506.032
-2551.03
-3264.03
-1999.03
805.968
1154.97
891.968
-2130.03
-3132.03
-1310.03
1831.97
3472.97
431.968
-1440.03
-1530.03
1218.97
3794.97
4384.97
2763.97
-122.032
561.968
2564.97
4658.97
3687.97
1424.97
-316.032
-415.032
1851.97
2440.97
1685.97
-601.032
-1800.03
-1498.03
-262.032
551.968
-539.032
-1591.03
-2497.03
-1871.03
-726.032
-12.0317
-309.032
-1652.03
-2056.03
-1107.03
269.968
473.968
-308.032
-1020.03
-1116.03
-11.0317
974.968
1073.97
0.96825
-295.032
388.968
1041.97
1260.97
725.968
198.968
-491.032
-258.032
387.968
37.9683
-823.032
-1600.03
-1657.03
-1932.03
-1767.03
-2066.03
-2636.03
-3220.03
-3338.03
-2955.03
-2713.03
-432.032
-1221.03
-2346.03
-2908.03
-786.032
1717.97
1760.97
1966.97
-412.032
-688.032
1215.97
4795.97
5604.97
2129.97
1239.97
1795.97
4614.97
6084.97
5648.97
3406.97
1106.97
2409.97
4292.97
5103.97
2500.97
252.968
-833.032
-367.032
1184.97
638.968
-803.032
-2977.03
-3229.03
-2489.03
-1783.03
-1332.03
-2419.03
-3108.03
-3432.03
-2241.03
-918.032
-318.032
-535.032
-1537.03
-1484.03
-591.032
874.968
1253.97
698.968
-274.032
-916.032
83.9682
945.968
779.968
-586.032
-1404.03
-1105.03
-558.032
-347.032
-925.032
-1801.03
-2329.03
-1472.03
-543.032
-804.032
-1921.03
-2390.03
-1765.03
-1035.03
-683.032
-941.032
-1958.03
-2203.03
-1667.03
-480.032
-347.032
602.968
1740.97
108.968
-45.0317
1145.97
4183.97
4442.97
4001.97
3172.97
1506.97
2315.97
4522.97
6579.97
4009.97
1197.97
943.968
2210.97
3773.97
3692.97
2496.97
-558.032
-1572.03
177.968
1619.97
1051.97
-1022.03
-2203.03
-2825.03
-1716.03
-776.032
-1280.03
-2519.03
-3717.03
-3153.03
-2386.03
-1524.03
-1862.03
-2772.03
-3004.03
-2546.03
-1234.03
-512.032
-717.032
-1443.03
-1690.03
-505.032
808.968
1113.97
395.968
-546.032
-808.032
-113.032
1244.97
1238.97
-56.0317
-1357.03
-1015.03
103.968
673.968
333.968
-270.032
-755.032
-662.032
535.968
962.968
325.968
-263.032
-212.032
89.9682
451.968
577.968
280.968
-103.032
-345.032
331.968
802.968
531.968
-70.0318
-239.032
-196.032
632.968
1181.97
1843.97
1852.97
474.968
995.968
2190.97
3811.97
3410.97
2379.97
1289.97
566.968
1642.97
2847.97
3036.97
615.968
-1295.03
-1033.03
247.968
1101.97
401.968
-1161.03
-3014.03
-2945.03
-1447.03
-438.032
-925.032
-2397.03
-3162.03
-2899.03
-1508.03
-756.032
-975.032
-1765.03
-2224.03
-1541.03
-540.032
167.968
-111.032
-376.032
-195.032
299.968
1166.97
1501.97
1307.97
842.968
743.968
1335.97
1723.97
1271.97
555.968
-269.032
-745.032
-533.032
-137.032
-481.032
-1348.03
-1873.03
-1727.03
-1031.03
-721.032
-695.032
-1152.03
-1451.03
-1057.03
-220.032
63.9683
-196.032
-246.032
-223.032
104.968
341.968
422.968
219.968
-115.032
708.968
2363.97
1267.97
347.968
549.968
2394.97
3173.97
2818.97
2105.97
-105.032
-270.032
1245.97
3426.97
1912.97
-1060.03
-2257.03
-1892.03
-187.032
876.968
516.968
-2102.03
-3370.03
-1900.03
148.968
621.968
-772.032
-1922.03
-2075.03
-803.032
838.968
956.968
381.968
-616.032
-600.032
293.968
1159.97
1215.97
308.968
14.9683
-145.032
575.968
1114.97
1296.97
671.968
-381.032
-206.032
569.968
691.968
27.9683
-552.032
-1158.03
-1334.03
-590.032
-116.032
-811.032
-1739.03
-1556.03
-723.032
-158.032
141.968
6.96825
-479.032
-800.032
268.968
1283.97
1001.97
358.968
178.968
488.968
745.968
1132.97
858.968
58.9683
-223.032
1.96825
194.968
-398.032
-848.032
-754.032
-685.032
-470.032
-332.032
-304.032
-821.032
-768.032
-315.032
84.9682
35.9683
-120.032
-221.032
-182.032
353.968
669.968
671.968
306.968
479.968
736.968
1002.97
1230.97
1448.97
1584.97
1452.97
1660.97
1734.97
1719.97
1580.97
1387.97
1186.97
1061.97
1067.97
1027.97
921.968
420.968
110.968
-67.0318
-135.032
-248.032
-576.032
-717.032
-782.032
-837.032
-882.032
-1014.03
-1210.03
-1550.03
-1636.03
-1553.03
-1553.03
-2005.03
-2423.03
-2355.03
-2266.03
-2207.03
-2474.03
-2688.03
-2554.03
-1324.03
-243.032
-469.032
-1056.03
-794.032
879.968
2051.97
2340.97
1534.97
400.968
395.968
1962.97
3506.97
2728.97
917.968
-185.032
601.968
2257.97
2935.97
2312.97
451.968
-572.032
477.968
1940.97
2088.97
1021.97
-331.032
-935.032
-105.032
888.968
903.968
121.968
-1009.03
-1441.03
-1090.03
-291.032
-371.032
-843.032
-1276.03
-1232.03
-585.032
-169.032
66.9682
-139.032
-488.032
-480.032
16.9683
375.968
-101.032
-523.032
-922.032
-1179.03
-1102.03
-1035.03
-1315.03
-1857.03
-1993.03
-1846.03
-1601.03
-1458.03
-1446.03
-1618.03
-1648.03
-1230.03
-791.032
-494.032
-612.032
-706.032
-618.032
-187.032
358.968
537.968
433.968
334.968
541.968
681.968
748.968
762.968
813.968
1023.97
1128.97
1347.97
1202.97
1243.97
1397.97
1343.97
1146.97
1014.97
1164.97
1079.97
1123.97
907.968
839.968
862.968
1007.97
1296.97
1006.97
712.968
668.968
906.968
1226.97
1133.97
772.968
366.968
484.968
857.968
873.968
583.968
276.968
102.968
-87.0318
239.968
421.968
175.968
-500.032
-681.032
-570.032
-627.032
-343.032
-354.032
-641.032
-1416.03
-1472.03
-1058.03
-734.032
-718.032
-1009.03
-1388.03
-1725.03
-1383.03
-918.032
-697.032
-1073.03
-1528.03
-1663.03
-1357.03
-846.032
-518.032
-599.032
-965.032
-948.032
-341.032
394.968
553.968
396.968
492.968
989.968
1585.97
1934.97
2039.97
1927.97
2036.97
2309.97
2728.97
2608.97
2268.97
2136.97
2003.97
1916.97
1869.97
1847.97
1627.97
1114.97
862.968
846.968
771.968
725.968
188.968
-349.032
-710.032
-689.032
-598.032
-940.032
-1370.03
-1848.03
-2329.03
-2523.03
-2495.03
-2354.03
-2692.03
-3178.03
-3278.03
-3143.03
-2723.03
-2283.03
-2244.03
-2786.03
-3150.03
-2795.03
-1843.03
-347.032
210.968
-775.032
-1461.03
-469.032
1639.97
2572.97
1879.97
352.968
-749.032
412.968
2770.97
3810.97
1900.97
-488.032
-650.032
943.968
2697.97
2921.97
1381.97
-761.032
-758.032
1156.97
2568.97
2106.97
262.968
-976.032
-601.032
933.968
2033.97
1224.97
-374.032
-992.032
-350.032
558.968
755.968
12.9683
-956.032
-1126.03
-835.032
-133.032
288.968
-152.032
-685.032
-964.032
-699.032
-410.032
-615.032
-957.032
-1309.03
-1418.03
-1331.03
-845.032
-671.032
-1277.03
-1402.03
-935.032
-190.032
25.9683
-63.0317
-220.032
-316.032
230.968
1065.97
1242.97
706.968
274.968
541.968
868.968
1137.97
1226.97
683.968
231.968
386.968
721.968
881.968
624.968
295.968
61.9683
4.96825
243.968
444.968
351.968
53.9683
-160.032
-490.032
-429.032
54.9683
205.968
-255.032
-502.032
-407.032
-165.032
309.968
529.968
475.968
234.968
468.968
995.968
1181.97
1055.97
868.968
898.968
963.968
1020.97
1288.97
963.968
482.968
347.968
467.968
646.968
603.968
466.968
168.968
-46.0317
-54.0317
271.968
294.968
-16.0317
-324.032
-470.032
-415.032
-255.032
-188.032
-410.032
-697.032
-606.032
-365.032
-242.032
-150.032
-166.032
-235.032
-367.032
-418.032
-207.032
12.9683
91.9682
-27.0317
-142.032
-134.032
-107.032
-161.032
-163.032
-107.032
-412.032
-532.032
-496.032
-387.032
-374.032
-475.032
-445.032
-474.032
-323.032
-63.0317
135.968
6.96825
-0.03175
319.968
386.968
332.968
279.968
427.968
504.968
464.968
356.968
169.968
91.9682
-5.03175
-70.0318
-294.032
-589.032
-649.032
-656.032
-637.032
-902.032
-965.032
-949.032
-678.032
-591.032
-815.032
-1127.03
-1225.03
-843.032
-520.032
-409.032
-689.032
-980.032
-943.032
-530.032
-109.032
-279.032
-670.032
-773.032
-486.032
-118.032
-79.0318
-69.0318
-127.032
-90.0318
-217.032
21.9683
147.968
-7.03175
72.9682
163.968
194.968
-18.0317
43.9683
188.968
364.968
300.968
394.968
503.968
399.968
360.968
574.968
819.968
802.968
941.968
956.968
921.968
841.968
1027.97
1220.97
1039.97
845.968
669.968
656.968
672.968
667.968
475.968
139.968
-182.032
-162.032
-33.0317
-179.032
-244.032
-381.032
-339.032
-221.032
-210.032
-301.032
-511.032
-504.032
-456.032
-404.032
-346.032
-409.032
-359.032
-299.032
-128.032
-146.032
-124.032
-92.0318
-224.032
-148.032
92.9682
272.968
277.968
175.968
248.968
199.968
279.968
410.968
251.968
26.9683
-45.0317
38.9683
112.968
76.9682
96.9682
301.968
480.968
597.968
581.968
634.968
794.968
1072.97
1288.97
1380.97
1202.97
1140.97
1155.97
1207.97
1300.97
1198.97
1065.97
902.968
774.968
649.968
538.968
504.968
255.968
92.9682
17.9683
-164.032
-168.032
-202.032
-375.032
-717.032
-1002.03
-1014.03
-1104.03
-1332.03
-1543.03
-1440.03
-1459.03
-1879.03
-2045.03
-2031.03
-1994.03
-2002.03
-1982.03
-2014.03
-2096.03
-2033.03
-1697.03
-1424.03
-1321.03
-1073.03
106.968
602.968
-74.0318
-260.032
593.968
1703.97
1665.97
1432.97
532.968
-275.032
306.968
2115.97
2728.97
955.968
-250.032
79.9682
1175.97
2019.97
2160.97
1181.97
-185.032
78.9682
1373.97
2089.97
1418.97
337.968
-145.032
-178.032
689.968
893.968
23.9683
-616.032
-989.032
-730.032
-567.032
-379.032
-748.032
-1036.03
-759.032
-670.032
-439.032
-427.032
-357.032
-648.032
-845.032
-618.032
-531.032
-658.032
-757.032
-996.032
-1351.03
-1314.03
-936.032
-905.032
-1198.03
-1207.03
-1048.03
-710.032
-211.032
190.968
-92.0318
-455.032
0.96825
639.968
727.968
710.968
692.968
691.968
820.968
1090.97
1241.97
911.968
761.968
978.968
1320.97
1209.97
946.968
940.968
902.968
1014.97
1091.97
813.968
406.968
357.968
440.968
378.968
193.968
66.9682
-4.03175
-95.0318
-60.0317
-161.032
-203.032
-247.032
-251.032
-232.032
-350.032
-396.032
-359.032
-429.032
-396.032
-276.032
-288.032
-296.032
-371.032
-409.032
-525.032
-562.032
-439.032
-264.032
-258.032
-228.032
-192.032
-256.032
-256.032
-190.032
-357.032
-390.032
-76.0318
80.9682
89.9682
91.9682
204.968
139.968
372.968
663.968
716.968
661.968
498.968
515.968
731.968
954.968
1010.97
838.968
514.968
441.968
628.968
789.968
680.968
339.968
77.9682
226.968
515.968
392.968
81.9682
-206.032
-374.032
-292.032
-79.0318
64.9682
-164.032
-617.032
-882.032
-870.032
-647.032
-574.032
-702.032
-1009.03
-1199.03
-997.032
-588.032
-465.032
-647.032
-798.032
-795.032
-528.032
-296.032
-360.032
-706.032
-998.032
-904.032
-575.032
-319.032
-136.032
-336.032
-523.032
-403.032
-84.0318
97.9682
-13.0317
-167.032
-185.032
60.9683
296.968
434.968
320.968
145.968
135.968
532.968
813.968
848.968
518.968
400.968
632.968
989.968
1007.97
801.968
662.968
643.968
842.968
876.968
810.968
611.968
425.968
496.968
630.968
543.968
256.968
43.9683
56.9683
232.968
237.968
-120.032
-330.032
-336.032
-175.032
-135.032
-296.032
-582.032
-868.032
-892.032
-742.032
-566.032
-640.032
-805.032
-870.032
-879.032
-845.032
-622.032
-402.032
-572.032
-715.032
-642.032
-348.032
-144.032
-104.032
-82.0318
-91.0318
-31.0317
174.968
387.968
335.968
206.968
231.968
318.968
425.968
510.968
614.968
559.968
462.968
432.968
501.968
640.968
628.968
496.968
429.968
587.968
593.968
664.968
591.968
420.968
319.968
520.968
814.968
782.968
565.968
419.968
477.968
626.968
691.968
575.968
413.968
219.968
151.968
272.968
227.968
40.9683
-119.032
-279.032
-348.032
-451.032
-388.032
-496.032
-660.032
-866.032
-1156.03
-1205.03
-1074.03
-930.032
-1117.03
-1180.03
-1086.03
-942.032
-899.032
-969.032
-975.032
-997.032
-741.032
-619.032
-621.032
-709.032
-747.032
-492.032
-387.032
-221.032
-293.032
-342.032
-164.032
137.968
332.968
361.968
427.968
398.968
542.968
657.968
966.968
1000.97
996.968
1216.97
1287.97
1205.97
1084.97
1017.97
1115.97
1162.97
1173.97
1098.97
1004.97
980.968
1011.97
1041.97
919.968
705.968
509.968
404.968
440.968
410.968
206.968
106.968
112.968
62.9683
-65.0318
-110.032
-152.032
-209.032
-293.032
-387.032
-652.032
-881.032
-1010.03
-953.032
-932.032
-996.032
-1139.03
-1301.03
-1299.03
-1347.03
-1305.03
-1308.03
-1457.03
-1455.03
-1465.03
-1344.03
-1352.03
-1269.03
-1228.03
-1161.03
-1053.03
-858.032
-654.032
-590.032
-385.032
-243.032
-32.0317
184.968
467.968
619.968
626.968
747.968
844.968
1069.97
1166.97
1197.97
1343.97
1620.97
1809.97
1773.97
1593.97
1358.97
1319.97
1410.97
1558.97
1518.97
1166.97
885.968
838.968
790.968
779.968
538.968
127.968
-148.032
-136.032
-17.0317
87.9682
-65.0318
-472.032
-606.032
-678.032
-458.032
-469.032
-771.032
-945.032
-957.032
-868.032
-807.032
-860.032
-1018.03
-1134.03
-1016.03
-849.032
-892.032
-971.032
-1194.03
-1097.03
-897.032
-892.032
-925.032
-984.032
-988.032
-968.032
-823.032
-466.032
-244.032
-328.032
-295.032
-175.032
-6.03175
276.968
631.968
778.968
670.968
601.968
798.968
1119.97
1240.97
1285.97
1327.97
1257.97
1384.97
1682.97
1733.97
1679.97
1651.97
1544.97
1542.97
1398.97
1362.97
1401.97
1258.97
1100.97
865.968
650.968
547.968
420.968
267.968
121.968
-92.0318
-243.032
-336.032
-533.032
-674.032
-860.032
-997.032
-941.032
-957.032
-1007.03
-1100.03
-1200.03
-1218.03
-1208.03
-1234.03
-1267.03
-1320.03
-1285.03
-1186.03
-1143.03
-1195.03
-1289.03
-1281.03
-1148.03
-999.032
-914.032
-886.032
-822.032
-715.032
-589.032
-491.032
-444.032
-384.032
-250.032
-165.032
-40.0317
8.96825
243.968
533.968
609.968
660.968
733.968
889.968
808.968
862.968
925.968
1011.97
1134.97
1060.97
1116.97
1169.97
1135.97
1150.97
1194.97
1210.97
1025.97
831.968
753.968
856.968
995.968
890.968
638.968
448.968
432.968
420.968
453.968
115.968
-187.032
-242.032
-357.032
-390.032
-499.032
-597.032
-754.032
-890.032
-869.032
-911.032
-891.032
-901.032
-995.032
-1059.03
-1027.03
-848.032
-740.032
-809.032
-956.032
-1056.03
-997.032
-865.032
-710.032
-729.032
-788.032
-685.032
-520.032
-372.032
-357.032
-318.032
-224.032
9.96825
256.968
266.968
252.968
372.968
362.968
502.968
650.968
726.968
799.968
900.968
1000.97
1027.97
942.968
919.968
970.968
1023.97
1018.97
864.968
800.968
912.968
883.968
833.968
741.968
730.968
752.968
691.968
607.968
540.968
398.968
305.968
315.968
276.968
254.968
242.968
251.968
24.9683
-103.032
-85.0318
-32.0317
-69.0318
-253.032
-511.032
-670.032
-494.032
-464.032
-641.032
-859.032
-831.032
-676.032
-677.032
-847.032
-1081.03
-1094.03
-893.032
-557.032
-436.032
-670.032
-884.032
-888.032
-640.032
-358.032
-332.032
-546.032
-684.032
-477.032
-140.032
33.9683
-24.0317
-161.032
-95.0318
28.9683
221.968
522.968
515.968
314.968
367.968
596.968
591.968
455.968
362.968
398.968
464.968
533.968
566.968
520.968
349.968
126.968
129.968
187.968
202.968
233.968
119.968
-47.0317
-38.0317
210.968
462.968
325.968
15.9683
-151.032
-165.032
-57.0317
74.9682
-139.032
-572.032
-789.032
-707.032
-395.032
-351.032
-644.032
-859.032
-912.032
-848.032
-603.032
-511.032
-634.032
-767.032
-565.032
-330.032
-146.032
-105.032
-167.032
-105.032
-176.032
-58.0317
190.968
270.968
174.968
158.968
226.968
356.968
423.968
386.968
326.968
249.968
333.968
465.968
536.968
471.968
350.968
356.968
485.968
634.968
626.968
583.968
479.968
428.968
568.968
724.968
636.968
425.968
218.968
138.968
223.968
343.968
413.968
244.968
116.968
51.9683
164.968
195.968
70.9682
-40.0317
-72.0318
-85.0318
-75.0318
-117.032
-247.032
-235.032
-223.032
-252.032
-406.032
-637.032
-638.032
-436.032
-275.032
-236.032
-329.032
-351.032
-281.032
-152.032
-124.032
-79.0318
33.9683
126.968
179.968
213.968
156.968
227.968
415.968
511.968
540.968
455.968
333.968
441.968
584.968
543.968
456.968
337.968
244.968
224.968
241.968
149.968
47.9683
-33.0317
6.96825
-45.0317
-101.032
-200.032
-355.032
-402.032
-343.032
-391.032
-512.032
-552.032
-613.032
-596.032
-473.032
-359.032
-322.032
-410.032
-465.032
-416.032
-267.032
-186.032
-248.032
-310.032
-351.032
-357.032
-384.032
-400.032
-336.032
-285.032
-373.032
-273.032
-174.032
-146.032
-114.032
-113.032
-168.032
-118.032
-89.0318
-15.0317
-8.03175
60.9683
193.968
284.968
397.968
446.968
467.968
476.968
538.968
575.968
577.968
536.968
569.968
593.968
676.968
827.968
828.968
704.968
533.968
579.968
605.968
527.968
368.968
207.968
243.968
187.968
178.968
188.968
-5.03175
-91.0318
-142.032
-296.032
-375.032
-525.032
-625.032
-606.032
-535.032
-609.032
-669.032
-659.032
-701.032
-711.032
-708.032
-687.032
-574.032
-617.032
-707.032
-681.032
-748.032
-703.032
-613.032
-518.032
-435.032
-435.032
-439.032
-281.032
-229.032
-222.032
-154.032
-215.032
-111.032
85.9682
272.968
291.968
330.968
339.968
466.968
536.968
502.968
566.968
532.968
600.968
743.968
770.968
760.968
787.968
837.968
880.968
920.968
851.968
779.968
695.968
685.968
774.968
820.968
778.968
630.968
532.968
365.968
355.968
445.968
394.968
142.968
-52.0317
-37.0317
-35.0317
-16.0317
-57.0317
-226.032
-388.032
-419.032
-371.032
-363.032
-447.032
-602.032
-651.032
-676.032
-711.032
-694.032
-606.032
-687.032
-826.032
-837.032
-736.032
-598.032
-525.032
-579.032
-633.032
-573.032
-427.032
-255.032
-147.032
-211.032
-205.032
-99.0318
58.9683
155.968
211.968
136.968
101.968
201.968
294.968
388.968
348.968
233.968
204.968
230.968
334.968
412.968
356.968
311.968
326.968
375.968
402.968
439.968
395.968
329.968
285.968
239.968
133.968
51.9683
85.9682
130.968
172.968
155.968
15.9683
-117.032
-112.032
-39.0317
35.9683
90.9682
22.9683
-135.032
-298.032
-295.032
-225.032
-309.032
-415.032
-523.032
-468.032
-377.032
-338.032
-389.032
-409.032
-470.032
-455.032
-410.032
-352.032
-302.032
-351.032
-375.032
-426.032
-457.032
-362.032
-160.032
-73.0318
-76.0318
-182.032
-191.032
-126.032
15.9683
169.968
185.968
90.9682
109.968
293.968
489.968
631.968
598.968
589.968
465.968
445.968
614.968
791.968
730.968
606.968
563.968
528.968
541.968
488.968
478.968
373.968
179.968
84.9682
201.968
298.968
151.968
11.9683
-105.032
-180.032
-155.032
-115.032
-96.0318
-131.032
-308.032
-367.032
-241.032
-203.032
-284.032
-332.032
-434.032
-456.032
-322.032
-205.032
-234.032
-324.032
-433.032
-293.032
-157.032
-164.032
-79.0318
-88.0318
-69.0318
-99.0318
-78.0318
58.9683
159.968
173.968
179.968
189.968
235.968
197.968
163.968
114.968
99.9682
215.968
272.968
328.968
259.968
207.968
246.968
270.968
265.968
234.968
213.968
119.968
250.968
374.968
384.968
234.968
99.9682
39.9683
142.968
322.968
233.968
147.968
-31.0317
-22.0317
77.9682
144.968
31.9683
-276.032
-286.032
-204.032
-181.032
-177.032
-285.032
-436.032
-510.032
-481.032
-416.032
-442.032
-501.032
-563.032
-508.032
-465.032
-436.032
-360.032
-357.032
-322.032
-232.032
-221.032
-155.032
-172.032
-244.032
-151.032
-53.0317
22.9683
23.9683
38.9683
126.968
132.968
142.968
171.968
135.968
132.968
96.9682
72.9682
189.968
322.968
280.968
227.968
217.968
229.968
256.968
298.968
301.968
216.968
153.968
244.968
283.968
260.968
219.968
210.968
268.968
227.968
168.968
79.9682
-133.032
-215.032
-43.0317
44.9683
-80.0318
-264.032
-273.032
-177.032
-79.0318
59.9683
28.9683
-198.032
-383.032
-296.032
-173.032
-246.032
-342.032
-413.032
-496.032
-428.032
-283.032
-182.032
-143.032
-112.032
-131.032
-68.0318
-34.0317
-35.0317
2.96825
-44.0317
-130.032
-101.032
-17.0317
39.9683
70.9682
47.9683
83.9682
54.9683
143.968
275.968
423.968
461.968
331.968
284.968
348.968
404.968
393.968
419.968
399.968
372.968
451.968
504.968
492.968
486.968
404.968
415.968
515.968
512.968
413.968
313.968
224.968
187.968
152.968
110.968
25.9683
-132.032
-221.032
-206.032
-140.032
-191.032
-283.032
-303.032
-284.032
-314.032
-349.032
-386.032
-410.032
-403.032
-319.032
-243.032
-266.032
-319.032
-298.032
-219.032
-152.032
-95.0318
-97.0318
-215.032
-216.032
-24.0317
117.968
85.9682
1.96825
-5.03175
57.9683
161.968
289.968
177.968
31.9683
-8.03175
52.9683
200.968
254.968
215.968
-18.0317
-140.032
-118.032
50.9683
160.968
57.9683
-88.0318
-139.032
-88.0318
87.9682
127.968
60.9683
6.96825
-71.0318
-68.0318
-43.0317
-19.0317
-31.0317
-125.032
-106.032
-106.032
-151.032
-95.0318
-127.032
-158.032
-130.032
-88.0318
-62.0317
-88.0318
-188.032
-205.032
-201.032
-273.032
-300.032
