57.2555
73.2555
69.2555
13.2555
-16.7445
-21.7445
2.2555
27.2555
61.2555
52.2555
27.2555
-9.7445
-42.7445
-64.7445
-33.7445
10.2555
34.2555
66.2555
33.2555
18.2555
7.2555
-19.7445
-27.7445
10.2555
23.2555
32.2555
31.2555
32.2555
23.2555
-26.7445
-42.7445
-57.7445
-68.7445
-31.7445
6.2555
17.2555
16.2555
-28.7445
-53.7445
-7.7445
10.2555
0.2555
48.2555
49.2555
-7.7445
-25.7445
-3.7445
-0.7445
41.2555
76.2555
19.2555
-23.7445
-41.7445
-47.7445
2.2555
8.2555
49.2555
67.2555
-36.7445
-91.7445
-67.7445
-39.7445
0.2555
26.2555
39.2555
33.2555
-28.7445
-42.7445
-21.7445
-22.7445
-13.7445
45.2555
17.2555
-7.7445
5.2555
-9.7445
-1.7445
70.2555
95.2555
80.2555
79.2555
29.2555
46.2555
10.2555
9.2555
64.2555
63.2555
23.2555
34.2555
-19.7445
-46.7445
-1.7445
5.2555
32.2555
30.2555
25.2555
33.2555
47.2555
15.2555
34.2555
56.2555
11.2555
25.2555
24.2555
-29.7445
-11.7445
2.2555
-30.7445
6.2555
7.2555
-8.7445
23.2555
21.2555
33.2555
-9.7445
-76.7445
-66.7445
-18.7445
-26.7445
-38.7445
30.2555
33.2555
-58.7445
-98.7445
-34.7445
-21.7445
-0.7445
27.2555
76.2555
63.2555
-37.7445
3.2555
41.2555
16.2555
4.2555
67.2555
104.256
64.2555
8.2555
1.2555
10.2555
-59.7445
-36.7445
41.2555
56.2555
34.2555
-12.7445
-47.7445
-24.7445
-45.7445
-30.7445
80.2555
41.2555
-10.7445
-38.7445
-15.7445
1.2555
6.2555
11.2555
20.2555
-32.7445
-74.7445
-87.7445
-102.744
-24.7445
31.2555
45.2555
-15.7445
-17.7445
-41.7445
-88.7445
-40.7445
46.2555
81.2555
73.2555
12.2555
-30.7445
-64.7445
-122.744
-12.7445
56.2555
28.2555
39.2555
3.2555
-38.7445
-119.744
-129.745
-12.7445
9.2555
40.2555
127.256
95.2555
38.2555
-62.7445
-104.744
-35.7445
-29.7445
52.2555
128.255
91.2555
22.2555
-101.744
-103.744
-38.7445
5.2555
122.256
157.255
82.2555
27.2555
-62.7445
-84.7445
-58.7445
-6.7445
98.2555
76.2555
-4.7445
-45.7445
-123.744
-137.745
-68.7445
36.2555
79.2555
32.2555
10.2555
-13.7445
-81.7445
-69.7445
23.2555
107.256
59.2555
34.2555
68.2555
4.2555
-41.7445
14.2555
51.2555
52.2555
17.2555
34.2555
93.2555
20.2555
22.2555
48.2555
76.2555
102.256
76.2555
44.2555
96.2555
15.2555
-9.7445
52.2555
48.2555
18.2555
37.2555
0.2555
-2.7445
25.2555
-28.7445
25.2555
83.2555
36.2555
4.2555
90.2555
69.2555
23.2555
-29.7445
17.2555
23.2555
-37.7445
-13.7445
-11.7445
-59.7445
-31.7445
-37.7445
14.2555
78.2555
39.2555
66.2555
35.2555
-53.7445
-38.7445
35.2555
64.2555
56.2555
12.2555
-14.7445
-57.7445
-116.744
-80.7445
13.2555
65.2555
24.2555
-31.7445
10.2555
32.2555
16.2555
48.2555
96.2555
65.2555
-36.7445
-71.7445
-16.7445
13.2555
-46.7445
-74.7445
-46.7445
-114.744
-124.744
-31.7445
16.2555
-0.7445
-6.7445
-27.7445
-48.7445
-89.7445
-41.7445
75.2555
44.2555
-12.7445
-20.7445
-37.7445
-115.744
-122.744
-26.7445
13.2555
-21.7445
-33.7445
-69.7445
-96.7445
-84.7445
-68.7445
18.2555
54.2555
69.2555
28.2555
-28.7445
-75.7445
-51.7445
30.2555
33.2555
31.2555
-20.7445
-70.7445
-116.744
-64.7445
-28.7445
33.2555
99.2555
126.256
96.2555
25.2555
36.2555
28.2555
-6.7445
1.2555
51.2555
37.2555
24.2555
-12.7445
4.2555
33.2555
30.2555
85.2555
65.2555
77.2555
32.2555
-16.7445
-54.7445
-2.7445
56.2555
23.2555
35.2555
17.2555
32.2555
61.2555
50.2555
46.2555
90.2555
39.2555
27.2555
-26.7445
-0.7445
30.2555
-14.7445
10.2555
10.2555
-39.7445
-35.7445
-23.7445
56.2555
102.256
53.2555
71.2555
16.2555
15.2555
70.2555
53.2555
74.2555
108.256
23.2555
-28.7445
-103.744
-80.7445
8.2555
-106.744
-72.7445
59.2555
-63.7445
-57.7445
40.2555
-11.7445
-4.7445
-43.7445
-65.7445
63.2555
71.2555
-8.7445
8.2555
0.2555
27.2555
24.2555
-2.7445
27.2555
26.2555
-11.7445
-29.7445
-16.7445
35.2555
2.2555
4.2555
62.2555
61.2555
26.2555
-13.7445
33.2555
40.2555
16.2555
-65.7445
-22.7445
5.2555
-51.7445
-80.7445
-6.7445
23.2555
32.2555
-7.7445
-49.7445
46.2555
-44.7445
-47.7445
47.2555
74.2555
80.2555
67.2555
3.2555
31.2555
-64.7445
-120.744
110.256
74.2555
30.2555
64.2555
85.2555
47.2555
-65.7445
-127.744
-48.7445
-19.7445
-66.7445
47.2555
113.256
36.2555
-108.744
-60.7445
-58.7445
-2.7445
63.2555
97.2555
70.2555
-83.7445
-85.7445
-27.7445
-117.744
-64.7445
98.2555
-9.7445
-60.7445
-156.745
-70.7445
-7.7445
-199.745
-104.744
106.256
27.2555
-74.7445
-10.7445
41.2555
-15.7445
-105.744
36.2555
30.2555
-6.7445
-12.7445
44.2555
127.256
26.2555
-50.7445
82.2555
73.2555
7.2555
64.2555
38.2555
-20.7445
-101.744
-20.7445
115.256
65.2555
109.256
120.256
-43.7445
-101.744
-102.744
-38.7445
25.2555
23.2555
104.256
-37.7445
-110.744
14.2555
4.2555
32.2555
104.256
126.256
117.256
-8.7445
-60.7445
-16.7445
-86.7445
-47.7445
34.2555
-18.7445
-64.7445
-58.7445
4.2555
34.2555
26.2555
116.256
57.2555
3.2555
-18.7445
14.2555
60.2555
38.2555
51.2555
39.2555
-116.744
-112.744
10.2555
19.2555
88.2555
191.255
205.255
142.255
38.2555
-8.7445
40.2555
81.2555
88.2555
52.2555
115.256
-46.7445
-254.745
-190.745
-93.7445
-45.7445
49.2555
6.2555
-22.7445
-73.7445
-206.745
-101.744
183.255
160.255
27.2555
81.2555
-4.7445
-191.745
-84.7445
69.2555
138.255
174.255
29.2555
45.2555
-20.7445
-146.745
40.2555
217.255
116.256
48.2555
66.2555
25.2555
-138.745
-24.7445
189.255
112.256
95.2555
-14.7445
-77.7445
-51.7445
-144.745
-83.7445
223.255
99.2555
-111.744
-89.7445
-85.7445
-67.7445
-2.7445
125.256
239.255
67.2555
-203.745
-142.745
-41.7445
-59.7445
-22.7445
57.2555
131.255
-12.7445
-175.745
-73.7445
-20.7445
-98.7445
24.2555
156.255
51.2555
-78.7445
-163.745
9.2555
45.2555
11.2555
76.2555
73.2555
-2.7445
-100.744
-140.745
-32.7445
127.256
171.255
60.2555
-118.744
-146.745
-203.745
-131.745
75.2555
130.255
69.2555
72.2555
-65.7445
-53.7445
-110.744
-28.7445
126.256
191.255
116.256
-11.7445
-49.7445
-141.745
-161.745
-44.7445
76.2555
-32.7445
69.2555
-159.745
-273.745
-183.745
-42.7445
56.2555
90.2555
119.256
93.2555
-141.745
-111.744
144.255
47.2555
150.255
136.255
59.2555
-45.7445
-211.745
-100.744
57.2555
-38.7445
10.2555
124.256
-109.744
-185.745
-81.7445
58.2555
-61.7445
-18.7445
85.2555
-81.7445
-58.7445
-51.7445
24.2555
39.2555
-19.7445
23.2555
151.255
-106.744
-133.745
47.2555
68.2555
-38.7445
87.2555
256.255
-7.7445
-134.745
22.2555
-18.7445
-43.7445
115.256
208.255
203.255
-122.744
-137.745
74.2555
-8.7445
-79.7445
147.255
278.255
163.255
37.2555
30.2555
-16.7445
-50.7445
39.2555
112.256
134.255
42.2555
-4.7445
27.2555
-159.745
-144.745
178.255
205.255
232.255
129.255
73.2555
-15.7445
-110.744
82.2555
255.255
207.255
133.255
39.2555
-264.745
-284.745
-101.744
226.255
343.255
347.255
127.256
-200.745
-209.745
-44.7445
94.2555
348.255
405.255
103.256
-190.745
-431.745
-268.745
-31.7445
162.255
319.255
146.255
-243.745
-393.745
-297.745
-115.744
116.256
424.255
301.255
-102.744
-290.745
-247.745
-164.745
-6.7445
90.2555
205.255
110.256
-269.745
-423.745
-357.745
-75.7445
-6.7445
172.255
168.255
-26.7445
-124.744
-102.744
-90.7445
115.256
216.255
266.255
128.255
-370.745
-349.745
-246.745
4.2555
199.255
166.255
59.2555
-30.7445
-367.745
-233.745
-24.7445
-88.7445
75.2555
131.255
91.2555
-158.745
-125.744
17.2555
45.2555
48.2555
-30.7445
-96.7445
-27.7445
-152.745
-196.745
-3.7445
-102.744
-118.744
39.2555
-167.745
-43.7445
-2.7445
-151.745
-150.745
-12.7445
-21.7445
124.256
186.255
106.256
60.2555
-45.7445
62.2555
17.2555
55.2555
78.2555
60.2555
61.2555
45.2555
-4.7445
103.256
24.2555
-45.7445
-88.7445
-17.7445
182.255
137.255
-24.7445
89.2555
200.255
127.256
96.2555
237.255
163.255
-86.7445
-26.7445
-25.7445
155.255
184.255
47.2555
52.2555
36.2555
-114.744
116.256
213.255
314.255
187.255
-32.7445
-76.7445
-55.7445
-194.745
51.2555
193.255
72.2555
35.2555
-185.745
-35.7445
-108.744
-160.745
-5.7445
156.255
22.2555
-14.7445
-80.7445
5.2555
-19.7445
75.2555
242.255
157.255
46.2555
130.255
-76.7445
-164.745
-155.745
167.255
393.255
123.256
-249.745
-436.745
-136.745
21.2555
172.255
407.255
330.255
-183.745
-366.745
-358.745
-58.7445
297.255
176.255
-5.7445
-232.745
-551.745
-362.745
47.2555
386.255
417.255
140.255
-141.745
-415.745
-415.745
28.2555
253.255
411.255
359.255
-108.744
-306.745
-315.745
-91.7445
179.255
355.255
175.255
-35.7445
-345.745
-199.745
-24.7445
248.255
302.255
227.255
60.2555
-243.745
-477.745
-257.745
166.255
242.255
248.255
-97.7445
-198.745
-310.745
-169.745
-60.7445
159.255
184.255
118.256
-79.7445
-306.745
-395.745
55.2555
315.255
343.255
355.255
-22.7445
-478.745
-190.745
57.2555
-55.7445
163.255
32.2555
-79.7445
-376.745
-557.745
-224.745
264.255
14.2555
-35.7445
13.2555
-197.745
-338.745
76.2555
390.255
105.256
117.256
209.255
92.2555
-101.744
-317.745
-236.745
147.255
63.2555
114.256
196.255
-128.745
-95.7445
42.2555
78.2555
-59.7445
83.2555
361.255
281.255
-183.745
-164.745
32.2555
57.2555
2.2555
108.256
186.255
-192.745
-316.745
-221.745
-127.744
246.255
555.255
311.255
251.255
-28.7445
-268.745
-145.745
223.255
396.255
488.255
270.255
-128.745
-602.745
-470.745
24.2555
234.255
392.255
295.255
67.2555
77.2555
-2.7445
-119.744
250.255
496.255
244.255
-41.7445
42.2555
-12.7445
-106.744
-46.7445
255.255
373.255
121.256
-144.745
-260.745
-368.745
-248.745
196.255
167.255
76.2555
126.256
-240.745
-462.745
-55.7445
471.255
6.2555
-245.745
47.2555
88.2555
-322.745
-368.745
42.2555
152.255
-66.7445
-237.745
-127.744
-289.745
-11.7445
345.255
420.255
143.255
-74.7445
-401.745
-533.745
-215.745
128.255
18.2555
-375.745
-106.744
-316.745
-440.745
-285.745
98.2555
397.255
523.255
194.255
22.2555
-64.7445
-259.745
162.255
325.255
248.255
-193.745
-226.745
-345.745
-423.745
-327.745
252.255
524.255
297.255
-256.745
-501.745
-112.744
123.256
447.255
503.255
169.255
-164.745
-508.745
-520.745
120.256
554.255
372.255
88.2555
-412.745
-532.745
-333.745
-162.745
507.255
751.255
328.255
-423.745
-189.745
183.255
364.255
458.255
764.255
496.255
-378.745
-917.745
-651.745
124.256
500.255
623.255
168.255
-612.745
-1015.74
-400.745
477.255
1015.26
784.255
432.255
-349.745
-1196.74
-784.745
360.255
1142.26
1140.26
116.256
-808.745
-1163.74
-745.745
477.255
1049.26
638.255
-31.7445
-589.745
-826.745
-334.745
514.255
1153.26
504.255
-314.745
-531.745
-553.745
-342.745
161.255
901.255
570.255
-597.745
-531.745
114.256
-170.745
-193.745
677.255
707.255
-194.745
-750.745
-96.7445
275.255
-591.745
-349.745
584.255
323.255
-509.745
-436.745
4.2555
-184.745
-341.745
364.255
550.255
-187.745
-364.745
-288.745
-411.745
-27.7445
634.255
592.255
10.2555
-423.745
-285.745
-342.745
3.2555
432.255
499.255
193.255
-257.745
-316.745
-434.745
137.255
980.255
885.255
161.255
-187.745
-424.745
-493.745
-9.7445
268.255
303.255
-141.745
-394.745
-453.745
-294.745
68.2555
639.255
757.255
317.255
-423.745
-510.745
34.2555
188.255
261.255
27.2555
-22.7445
-475.745
-502.745
-326.745
538.255
226.255
53.2555
201.255
220.255
-30.7445
-54.7445
559.255
613.255
155.255
-616.745
-125.744
-254.745
-140.745
286.255
430.255
-121.744
-468.745
-483.745
14.2555
315.255
268.255
380.255
309.255
-151.745
-484.745
-33.7445
443.255
334.255
-321.745
-454.745
-544.745
-581.745
-328.745
386.255
496.255
-24.7445
-473.745
-368.745
-291.745
117.256
303.255
541.255
65.2555
-460.745
-855.745
-378.745
-38.7445
582.255
419.255
-286.745
-414.745
-474.745
-405.745
-207.745
1059.26
592.255
-91.7445
-682.745
-397.745
-521.745
326.255
805.255
852.255
-121.744
-571.745
-148.745
-203.745
75.2555
561.255
670.255
-26.7445
-422.745
-583.745
61.2555
580.255
663.255
92.2555
52.2555
-231.745
-809.745
-302.745
1252.26
982.255
196.255
-263.745
-460.745
-1212.74
-775.745
498.255
1286.26
112.256
-587.745
-344.745
-631.745
-563.745
641.255
1239.26
14.2555
-380.745
-675.745
-874.745
-816.745
691.255
826.255
91.2555
-689.745
-842.745
-1121.74
-520.745
1042.26
1574.26
796.255
-56.7445
-179.745
-594.745
-244.745
909.255
1391.26
804.255
52.2555
-607.745
-837.745
-116.744
1170.26
1476.26
668.255
-604.745
-827.745
-671.745
334.255
1490.26
1780.26
880.255
-288.745
-860.745
-741.745
456.255
1227.26
1831.26
589.255
-645.745
-1643.74
-1062.74
-130.745
903.255
1201.26
900.255
-284.745
-1440.74
-974.745
-271.745
358.255
751.255
1191.26
-492.745
-2014.74
-2321.74
-846.745
310.255
665.255
123.256
-395.745
-1692.74
-2001.74
-715.745
389.255
1005.26
706.255
-470.745
-1191.74
-559.745
-302.745
201.255
928.255
362.255
-750.745
-1030.74
-264.745
169.255
643.255
702.255
685.255
56.2555
-473.745
214.255
672.255
753.255
612.255
699.255
-191.745
-29.7445
568.255
713.255
266.255
-27.7445
-31.7445
199.255
165.255
-5.7445
461.255
51.2555
36.2555
633.255
426.255
631.255
484.255
503.255
243.255
-160.745
-706.745
325.255
50.2555
-567.745
-592.745
-601.745
-830.745
-959.745
-327.745
-316.745
-563.745
-1252.74
-782.745
-969.745
-997.745
-1054.74
-675.745
-624.745
-934.745
-771.745
-97.7445
-384.745
-1052.74
-717.745
-213.745
34.2555
228.255
123.256
220.255
-235.745
-493.745
-10.7445
381.255
896.255
1267.26
1280.26
429.255
238.255
630.255
1153.26
1340.26
1378.26
1554.26
957.255
239.255
506.255
1742.26
1884.26
1460.26
1383.26
265.255
43.2555
230.255
1598.26
1595.26
1002.26
328.255
420.255
-203.745
-439.745
985.255
904.255
968.255
-86.7445
-1034.74
-2234.74
-1521.74
-596.745
40.2555
-231.745
-1707.74
-1996.74
-2449.74
-1729.74
-1475.74
-649.745
-1325.74
-1932.74
-2555.74
-2675.74
-1490.74
-953.745
-368.745
-884.745
-1245.74
-2246.74
-1501.74
-885.745
-151.745
61.2555
136.255
-292.745
-535.745
-718.745
-30.7445
1764.26
1921.26
1661.26
1711.26
1665.26
1045.26
1362.26
2329.26
3154.26
2792.26
2305.26
2291.26
1905.26
1442.26
2509.26
2977.26
2909.26
2166.26
1751.26
549.255
1348.26
1903.26
2168.26
1566.26
1007.26
101.256
-655.745
-561.745
-86.7445
393.255
-288.745
-257.745
-1337.74
-2560.74
-2585.74
-1735.74
-1579.74
-1975.74
-2297.74
-3516.74
-4370.74
-4351.74
-3230.74
-2441.74
-2906.74
-3488.74
-3978.74
-4681.74
-4143.74
-2392.74
-1848.74
-1777.74
-2120.74
-2568.74
-2530.74
-1087.74
-678.745
-434.745
-205.745
788.255
1264.26
1002.26
1986.26
4025.26
3945.26
2669.26
4150.26
5115.26
4845.26
4371.26
4639.26
5047.26
5213.26
4925.26
4510.26
4323.26
3019.26
2798.26
3471.26
3623.26
3303.26
1728.26
335.255
926.255
1624.26
455.255
238.255
48.2555
-1133.74
-1696.74
-2393.74
-1807.74
-1611.74
-2659.74
-3398.74
-3319.74
-4832.74
-4975.74
-4130.74
-4742.74
-4256.74
-4565.74
-5222.74
-5554.74
-5090.74
-4557.74
-3855.74
-3720.74
-3790.74
-3883.74
-5051.74
-4036.74
-2154.74
-826.745
58.2555
914.255
793.255
-56.7445
745.255
2489.26
4364.26
5214.26
5418.26
4728.26
4289.26
4214.26
5637.26
7362.26
8058.26
6243.26
5047.26
4040.26
4167.26
5168.26
5196.26
5037.26
3830.26
2503.26
1032.26
1934.26
1607.26
1706.26
1082.26
-512.745
-655.745
-1996.74
-2644.74
-2649.74
-1780.74
-2960.74
-2949.74
-3867.74
-5130.74
-5040.74
-5731.74
-4794.74
-5026.74
-5299.74
-6271.74
-6359.74
-6514.74
-6401.74
-5599.74
-5927.74
-5209.74
-5648.74
-4626.74
-4371.74
-3390.74
-3078.74
-2017.74
-1368.74
-1126.74
218.255
1393.26
2452.26
3635.26
4665.26
4357.26
4998.26
5230.26
6031.26
7180.26
7618.26
7135.26
7246.26
5751.26
5734.26
6323.26
6088.26
5909.26
5292.26
3730.26
2032.26
2337.26
1840.26
2428.26
1940.26
486.255
-681.745
-1508.74
-2062.74
-2117.74
-1713.74
-2779.74
-3222.74
-4316.74
-5188.74
-5347.74
-5230.74
-5599.74
-5750.74
-6136.74
-6580.74
-6369.74
-6733.74
-6893.74
-6116.74
-6089.74
-5821.74
-5577.74
-4664.74
-4522.74
-3875.74
-3775.74
-2858.74
-1954.74
-688.745
744.255
1490.26
2422.26
3376.26
4498.26
5331.26
6423.26
7331.26
7491.26
7398.26
7286.26
7584.26
7726.26
6857.26
7467.26
6194.26
5772.26
4023.26
5386.26
4246.26
4088.26
2851.26
2411.26
1413.26
389.255
558.255
74.2555
-74.7445
-1368.74
-1862.74
-3175.74
-3761.74
-3652.74
-3671.74
-3781.74
-4520.74
-5566.74
-6410.74
-6434.74
-5343.74
-5880.74
-5605.74
-6207.74
-6557.74
-7123.74
-6288.74
-4955.74
-4524.74
-4115.74
-4188.74
-3093.74
-3122.74
-1691.74
174.255
936.255
2098.26
2289.26
4274.26
3956.26
5096.26
4984.26
6511.26
6292.26
6427.26
7571.26
6193.26
6850.26
5165.26
6475.26
5260.26
6355.26
4677.26
4655.26
3344.26
2198.26
2456.26
1177.26
1487.26
279.255
82.2555
-1282.74
-1670.74
-2679.74
-2808.74
-2650.74
-2965.74
-3135.74
-3922.74
-4880.74
-5170.74
-5362.74
-4900.74
-5469.74
-4811.74
-6323.74
-6218.74
-6803.74
-5925.74
-5845.74
-4602.74
-3682.74
-3646.74
-3647.74
-4061.74
-1934.74
-1388.74
1474.26
1634.26
3852.26
2852.26
3312.26
3863.26
4795.26
4962.26
6464.26
7084.26
5841.26
5261.26
4393.26
5372.26
5954.26
4787.26
4952.26
4937.26
3569.26
2738.26
2705.26
2530.26
1477.26
669.255
-324.745
-148.745
-1785.74
-1744.74
-1867.74
-2258.74
-3163.74
-3203.74
-3448.74
-3830.74
-4639.74
-4383.74
-4332.74
-4591.74
-5044.74
-4641.74
-5461.74
-5973.74
-5117.74
-5478.74
-5415.74
-4640.74
-3482.74
-3293.74
-2686.74
-3092.74
-2015.74
-879.745
914.255
3125.26
4816.26
4241.26
3837.26
3956.26
4136.26
5439.26
6748.26
7509.26
5826.26
4409.26
3107.26
4053.26
5222.26
5440.26
6055.26
4419.26
2326.26
650.255
1646.26
1606.26
2228.26
1935.26
231.255
-964.745
-3155.74
-2794.74
-2392.74
-1406.74
-1926.74
-2931.74
-3952.74
-5662.74
-4797.74
-4841.74
-3823.74
-4371.74
-4710.74
-5553.74
-6113.74
-5706.74
-5278.74
-3894.74
-4338.74
-4674.74
-5038.74
-4732.74
-3293.74
-2307.74
-459.745
162.255
993.255
2106.26
4069.26
4590.26
5360.26
6330.26
6007.26
5678.26
6023.26
6950.26
7308.26
5717.26
4985.26
4961.26
4820.26
4457.26
4651.26
4729.26
3383.26
2738.26
2184.26
2386.26
1059.26
960.255
308.255
-486.745
-997.745
-1874.74
-2432.74
-2959.74
-3130.74
-3084.74
-3038.74
-4317.74
-5009.74
-4857.74
-5069.74
-4581.74
-4465.74
-5209.74
-5354.74
-5894.74
-5360.74
-5378.74
-5122.74
-6039.74
-5692.74
-5938.74
-5076.74
-4347.74
-3349.74
-1845.74
-1844.74
140.255
1851.26
4332.26
4402.26
5983.26
5650.26
6353.26
5188.26
5955.26
7728.26
7248.26
6074.26
5064.26
4992.26
3441.26
4779.26
4776.26
5067.26
3344.26
2540.26
2183.26
2298.26
1717.26
1802.26
1614.26
140.255
-1073.74
-1419.74
-1995.74
-2309.74
-2625.74
-2729.74
-2928.74
-3538.74
-4054.74
-4682.74
-4151.74
-4480.74
-3746.74
-4227.74
-4527.74
-5874.74
-5508.74
-5707.74
-5364.74
-5879.74
-6166.74
-5707.74
-5608.74
-4981.74
-5050.74
-3413.74
-3157.74
-1240.74
657.255
3462.26
4086.26
4499.26
4287.26
5011.26
5563.26
6261.26
7722.26
8127.26
6406.26
4618.26
4156.26
4350.26
5323.26
5682.26
5953.26
4271.26
2596.26
1222.26
1983.26
2067.26
2279.26
2389.26
1454.26
-178.745
-1208.74
-1235.74
-1538.74
-1332.74
-1239.74
-1615.74
-2779.74
-4361.74
-4684.74
-4256.74
-3785.74
-2985.74
-3240.74
-4379.74
-5664.74
-5698.74
-5533.74
-4685.74
-4512.74
-4929.74
-5489.74
-6840.74
-7163.74
-6161.74
-4516.74
-3273.74
-2491.74
-2456.74
-1203.74
963.255
3098.26
4956.26
6172.26
5972.26
5355.26
5429.26
6125.26
8202.26
8049.26
7371.26
5571.26
4630.26
4029.26
5480.26
5952.26
5517.26
4616.26
2680.26
1980.26
1537.26
1976.26
1907.26
2515.26
1566.26
893.255
-646.745
-2159.74
-2167.74
-1591.74
-1207.74
-1443.74
-2475.74
-4039.74
-4344.74
-4583.74
-3557.74
-3126.74
-3315.74
-3717.74
-4479.74
-5433.74
-5597.74
-5601.74
-5505.74
-5171.74
-5983.74
-6705.74
-6852.74
-7516.74
-5655.74
-4295.74
-3143.74
-2497.74
-1120.74
800.255
2185.26
3985.26
4451.26
6349.26
5797.26
5960.26
6204.26
7764.26
7807.26
7049.26
6710.26
4975.26
5291.26
5590.26
5815.26
5600.26
3913.26
2483.26
1853.26
1722.26
1266.26
1680.26
1205.26
-134.745
16.2555
-1712.74
-1006.74
-1808.74
-1972.74
-2190.74
-2636.74
-3267.74
-4515.74
-3996.74
-4504.74
-3536.74
-3985.74
-4011.74
-4240.74
-5220.74
-4632.74
-5576.74
-5114.74
-5739.74
-5369.74
-5678.74
-6342.74
-6802.74
-7353.74
-5868.74
-5193.74
-3213.74
-2520.74
-1951.74
24.2555
1319.26
3906.26
4582.26
6312.26
6074.26
6051.26
5902.26
7199.26
8756.26
7536.26
8326.26
6165.26
6221.26
5321.26
5839.26
5700.26
5140.26
4040.26
3089.26
2695.26
1049.26
1071.26
488.255
466.255
440.255
-398.745
-1568.74
-2381.74
-3513.74
-2541.74
-2568.74
-2504.74
-3722.74
-3813.74
-5053.74
-4940.74
-4227.74
-3898.74
-3136.74
-4959.74
-4027.74
-5302.74
-5107.74
-5295.74
-4419.74
-4674.74
-4927.74
-5823.74
-6644.74
-6032.74
-6443.74
-4197.74
-2800.74
-1811.74
-1499.74
556.255
1600.26
4574.26
5297.26
7106.26
7555.26
7393.26
6477.26
7811.26
8665.26
8638.26
8899.26
7123.26
6672.26
5491.26
5576.26
5837.26
5641.26
4524.26
3343.26
2359.26
822.255
232.255
162.255
-42.7445
-159.745
-1491.74
-1871.74
-3665.74
-4146.74
-4408.74
-3443.74
-3933.74
-4491.74
-5172.74
-5593.74
-5679.74
-5421.74
-4425.74
-3962.74
-4177.74
-4753.74
-4506.74
-5499.74
-5325.74
-5231.74
-4744.74
-5237.74
-5404.74
-6441.74
-6211.74
-6241.74
-4891.74
-3529.74
-2191.74
-1792.74
-430.745
1762.26
3282.26
4971.26
5556.26
7072.26
6557.26
7098.26
6793.26
9054.26
8633.26
8324.26
7706.26
6856.26
5946.26
5713.26
6026.26
5365.26
4868.26
3383.26
2477.26
1277.26
160.255
-95.7445
-23.7445
-860.745
-1335.74
-2791.74
-3785.74
-5257.74
-4706.74
-4599.74
-4267.74
-3996.74
-5130.74
-5298.74
-6076.74
-4715.74
-4443.74
-2835.74
-3301.74
-2827.74
-3517.74
-4480.74
-4209.74
-4572.74
-4109.74
-4041.74
-4448.74
-5280.74
-5789.74
-6670.74
-6135.74
-4752.74
-3507.74
-1549.74
-1258.74
108.256
1965.26
2705.26
4673.26
5899.26
6834.26
6949.26
7001.26
6917.26
8812.26
8274.26
8086.26
8385.26
6781.26
6802.26
6512.26
6391.26
5754.26
5030.26
3206.26
2791.26
1572.26
-38.7445
771.255
-706.745
-1145.74
-1964.74
-2787.74
-3980.74
-4173.74
-4391.74
-4062.74
-3704.74
-4713.74
-4162.74
-4700.74
-4797.74
-3914.74
-2900.74
-2872.74
-2183.74
-2693.74
-2650.74
-3273.74
-3772.74
-3632.74
-3621.74
-4178.74
-4638.74
-5213.74
-6591.74
-6322.74
-6415.74
-5248.74
-4220.74
-3559.74
-3120.74
-1219.74
271.255
2398.26
3593.26
4821.26
5415.26
6077.26
5641.26
7262.26
8077.26
8107.26
8450.26
7287.26
6945.26
6077.26
6138.26
6097.26
6232.26
4809.26
3990.26
2839.26
1240.26
658.255
324.255
-11.7445
67.2555
-1082.74
-1696.74
-2848.74
-3698.74
-3801.74
-3368.74
-3561.74
-3102.74
-2872.74
-3482.74
-3504.74
-3441.74
-3128.74
-1941.74
-1928.74
-1694.74
-1745.74
-2763.74
-3249.74
-3880.74
-3631.74
-4556.74
-4294.74
-5585.74
-5698.74
-6765.74
-7156.74
-6754.74
-6269.74
-4819.74
-4435.74
-2703.74
-1540.74
859.255
1609.26
3457.26
3982.26
4935.26
5207.26
6138.26
6884.26
7827.26
7930.26
7542.26
7296.26
6469.26
6396.26
6158.26
6342.26
5691.26
5185.26
4324.26
3854.26
2814.26
1625.26
1468.26
1019.26
606.255
171.255
-792.745
-1733.74
-2796.74
-2841.74
-3184.74
-2628.74
-2894.74
-2385.74
-2683.74
-3081.74
-2983.74
-3086.74
-2521.74
-2401.74
-1799.74
-2351.74
-2701.74
-4015.74
-4422.74
-5275.74
-5707.74
-6332.74
-6506.74
-7077.74
-7172.74
-7717.74
-7465.74
-7006.74
-6014.74
-4722.74
-2941.74
-1151.74
225.255
1490.26
2384.26
3574.26
3915.26
4702.26
4958.26
6657.26
7134.26
7665.26
7406.26
7192.26
6695.26
6720.26
6748.26
6978.26
7245.26
6672.26
6332.26
5486.26
4330.26
3318.26
2579.26
2573.26
2561.26
1819.26
1057.26
-142.745
-1260.74
-1933.74
-2089.74
-2443.74
-2206.74
-2221.74
-2120.74
-2122.74
-2599.74
-2873.74
-2962.74
-2932.74
-2899.74
-2987.74
-3607.74
-4074.74
-4914.74
-5550.74
-5970.74
-6718.74
-7269.74
-7304.74
-6971.74
-7093.74
-6717.74
-6708.74
-6077.74
-5502.74
-4414.74
-2956.74
-1649.74
-279.745
890.255
2172.26
2116.26
2701.26
2900.26
4204.26
5407.26
6515.26
7282.26
7375.26
7132.26
7172.26
7505.26
7472.26
7692.26
7732.26
7548.26
7582.26
7162.26
6628.26
5862.26
5061.26
4340.26
3629.26
2933.26
2267.26
1650.26
672.255
8.2555
-1069.74
-1947.74
-2390.74
-2507.74
-2466.74
-2366.74
-2759.74
-3065.74
-3521.74
-3757.74
-4019.74
-4349.74
-4756.74
-5366.74
-5982.74
-6571.74
-7022.74
-7600.74
-7970.74
-8038.74
-8311.74
-8224.74
-8354.74
-8059.74
-7628.74
-6664.74
-5699.74
-4721.74
-3770.74
-2503.74
-1054.74
53.2555
1144.26
1457.26
2097.26
2895.26
4285.26
5343.26
6330.26
6846.26
7123.26
7339.26
7551.26
7916.26
8290.26
8732.26
9102.26
9290.26
8767.26
8102.26
7424.26
6687.26
6181.26
5585.26
4677.26
3658.26
2875.26
2056.26
1384.26
349.255
-851.745
-1493.74
-2080.74
-2337.74
-2457.74
-2928.74
-3525.74
-4028.74
-4625.74
-5317.74
-6124.74
-6849.74
-7321.74
-7441.74
-7611.74
-7929.74
-8527.74
-9003.74
-9106.74
-9129.74
-9030.74
-8863.74
-8568.74
-8060.74
-6797.74
-5590.74
-4586.74
-3618.74
-2446.74
-1102.74
237.255
1482.26
2233.26
2760.26
3565.26
4873.26
5656.26
6391.26
6926.26
7534.26
7965.26
8370.26
8837.26
9003.26
9199.26
9557.26
9981.26
10002.3
9332.26
8598.26
7873.26
7358.26
6942.26
6189.26
5109.26
4084.26
3285.26
2396.26
1515.26
274.255
-919.745
-1992.74
-2590.74
-3164.74
-3798.74
-4374.74
-4824.74
-5337.74
-5791.74
-6325.74
-7170.74
-7990.74
-8405.74
-8513.74
-8790.74
-9150.74
-9407.74
-9199.74
-8902.74
-8774.74
-8501.74
-8232.74
-7563.74
-6675.74
-5537.74
-4798.74
-4181.74
-3408.74
-2294.74
-804.745
425.255
1777.26
2397.26
3015.26
3697.26
4819.26
5834.26
6619.26
7208.26
7655.26
8109.26
8250.26
8599.26
8766.26
9181.26
9514.26
9823.26
9885.26
9547.26
8734.26
8029.26
7499.26
6644.26
5798.26
4878.26
3689.26
2574.26
1642.26
856.255
-250.745
-1520.74
-2825.74
-3719.74
-4563.74
-5015.74
-5346.74
-5869.74
-6496.74
-7223.74
-7626.74
-8172.74
-8424.74
-8594.74
-8490.74
-8562.74
-8635.74
-8758.74
-8443.74
-8320.74
-8142.74
-7786.74
-7492.74
-7292.74
-6853.74
-5945.74
-5061.74
-4044.74
-3125.74
-2193.74
-1497.74
-503.745
816.255
2001.26
2952.26
3510.26
4075.26
4766.26
5335.26
5979.26
6627.26
7340.26
7789.26
8462.26
8524.26
8718.26
9212.26
9612.26
9915.26
9782.26
9474.26
8695.26
8151.26
7601.26
6936.26
6212.26
4901.26
3730.26
2512.26
1347.26
301.255
-670.745
-1789.74
-2883.74
-3448.74
-4280.74
-4594.74
-5213.74
-5629.74
-5972.74
-6433.74
-6521.74
-6985.74
-7377.74
-7795.74
-8034.74
-8166.74
-8099.74
-7996.74
-7814.74
-7462.74
-7452.74
-7164.74
-7116.74
-7006.74
-6272.74
-5577.74
-4574.74
-3647.74
-3020.74
-2340.74
-1632.74
-916.745
114.256
1312.26
2024.26
2738.26
3301.26
3825.26
4634.26
5592.26
6713.26
7593.26
8054.26
8296.26
8506.26
8844.26
9389.26
10015.3
10225.3
10069.3
9524.26
8914.26
8219.26
7373.26
6387.26
5370.26
4322.26
3233.26
2321.26
1313.26
268.255
-860.745
-1876.74
-2946.74
-3717.74
-4417.74
-4893.74
-5416.74
-5767.74
-6112.74
-6715.74
-7162.74
-7576.74
-8039.74
-8076.74
-7983.74
-8169.74
-8049.74
-8204.74
-7998.74
-7907.74
-7856.74
-7868.74
-7694.74
-7681.74
-6980.74
-6192.74
-5692.74
-5002.74
-4533.74
-3932.74
-2875.74
-1594.74
-333.745
1052.26
1656.26
2531.26
3462.26
4166.26
5130.26
6302.26
7096.26
8033.26
8589.26
8884.26
9195.26
9387.26
9884.26
10356.3
10483.3
10141.3
9579.26
8689.26
7753.26
6940.26
5996.26
4888.26
3758.26
2711.26
1824.26
648.255
-471.745
-1640.74
-2592.74
-3616.74
-4102.74
-4664.74
-5004.74
-5381.74
-5829.74
-5983.74
-6471.74
-6770.74
-7043.74
-7149.74
-7499.74
-7713.74
-7905.74
-8135.74
-8086.74
-8096.74
-8010.74
-8233.74
-8353.74
-8265.74
-7993.74
-7286.74
-6481.74
-5575.74
-5066.74
-4333.74
-3322.74
-2038.74
-647.745
662.255
1698.26
2475.26
3319.26
4184.26
5433.26
6537.26
7462.26
8233.26
8801.26
9159.26
9541.26
9873.26
10317.3
10596.3
10674.3
10467.3
9962.26
9122.26
8296.26
7487.26
6506.26
5465.26
4244.26
3120.26
2251.26
1455.26
370.255
-666.745
-1822.74
-2780.74
-3222.74
-3560.74
-3847.74
-4237.74
-4567.74
-5103.74
-5318.74
-5783.74
-6078.74
-6633.74
-7128.74
-7240.74
-7515.74
-7730.74
-8155.74
-8399.74
-8589.74
-8566.74
-8652.74
-8529.74
-8259.74
-8060.74
-7413.74
-6677.74
-5851.74
-4940.74
-3951.74
-2884.74
-1456.74
-108.744
1077.26
2048.26
2989.26
3901.26
4945.26
5980.26
6877.26
7662.26
8396.26
8937.26
9340.26
9501.26
9403.26
9438.26
9579.26
9620.26
9341.26
8807.26
8110.26
7624.26
6696.26
5832.26
4596.26
3485.26
2822.26
2307.26
1576.26
535.255
-602.745
-1771.74
-2317.74
-2898.74
-3203.74
-3653.74
-4065.74
-4382.74
-4684.74
-5019.74
-5602.74
-6137.74
-6696.74
-7070.74
-7277.74
-7807.74
-8372.74
-8562.74
-8500.74
-8334.74
-8516.74
-8547.74
-8583.74
-8270.74
-7671.74
-6833.74
-6042.74
-5193.74
-4197.74
-3228.74
-2125.74
-824.745
440.255
1564.26
2491.26
3156.26
3823.26
4372.26
5213.26
6102.26
7004.26
7735.26
8155.26
8322.26
8228.26
8365.26
8613.26
9074.26
9294.26
9305.26
8840.26
8112.26
7369.26
6474.26
5976.26
5026.26
4353.26
3504.26
2620.26
1986.26
1068.26
153.255
-750.745
-1572.74
-2366.74
-2876.74
-3164.74
-3472.74
-3899.74
-4409.74
-4890.74
-5667.74
-6312.74
-6753.74
-7259.74
-7436.74
-7651.74
-7703.74
-7898.74
-7950.74
-7904.74
-7880.74
-7714.74
-7660.74
-7117.74
-6700.74
-5970.74
-5351.74
-4855.74
-4145.74
-3454.74
-2637.74
-1724.74
-466.745
472.255
1227.26
1626.26
2262.26
3084.26
3960.26
4932.26
5839.26
6509.26
7128.26
7695.26
7950.26
8190.26
8572.26
8964.26
9307.26
9360.26
9010.26
8562.26
7818.26
7166.26
6479.26
5737.26
4847.26
4043.26
3280.26
2606.26
1724.26
528.255
-539.745
-1653.74
-2333.74
-2743.74
-2946.74
-3188.74
-3515.74
-4136.74
-4731.74
-5174.74
-5761.74
-6125.74
-6430.74
-6424.74
-6715.74
-6992.74
-7354.74
-7374.74
-7365.74
-7236.74
-7075.74
-7297.74
-7372.74
-7303.74
-6798.74
-6377.74
-5882.74
-5520.74
-5004.74
-4345.74
-3157.74
-1705.74
-623.745
353.255
758.255
1231.26
2031.26
3019.26
4180.26
5258.26
6315.26
7059.26
7676.26
7836.26
8057.26
8323.26
8802.26
9505.26
9719.26
9600.26
8873.26
8258.26
7506.26
6883.26
6241.26
5244.26
4245.26
3325.26
2578.26
1682.26
773.255
-355.745
-1441.74
-2168.74
-2641.74
-2745.74
-2946.74
-3185.74
-3409.74
-3730.74
-4312.74
-4848.74
-5460.74
-5886.74
-6160.74
-6361.74
-6439.74
-6819.74
-7258.74
-7664.74
-7729.74
-7945.74
-8038.74
-7953.74
-7694.74
-7462.74
-7272.74
-6670.74
-6349.74
-5757.74
-5019.74
-4041.74
-2692.74
-1351.74
-218.745
494.255
1105.26
1692.26
2714.26
4061.26
5185.26
6327.26
7089.26
7707.26
8069.26
8269.26
8393.26
8777.26
9249.26
9543.26
9627.26
9137.26
8541.26
7944.26
7283.26
6681.26
5704.26
4614.26
3767.26
3059.26
2454.26
1811.26
829.255
-387.745
-1355.74
-2123.74
-2484.74
-2686.74
-2712.74
-2834.74
-3166.74
-3736.74
-4450.74
-5343.74
-5974.74
-6313.74
-6705.74
-6999.74
-7273.74
-7486.74
-7764.74
-7678.74
-7656.74
-7771.74
-7871.74
-7877.74
-7618.74
-7202.74
-6705.74
-6262.74
-5710.74
-5113.74
-4379.74
-3508.74
-2199.74
-707.745
575.255
1629.26
2234.26
2671.26
3372.26
4384.26
5349.26
6361.26
7262.26
7838.26
8324.26
8436.26
8459.26
8710.26
9138.26
9406.26
9511.26
9114.26
8564.26
8043.26
7455.26
6816.26
5893.26
4827.26
3836.26
3126.26
2545.26
1991.26
865.255
-511.745
-1413.74
-2161.74
-2615.74
-2855.74
-3183.74
-3399.74
-3818.74
-4281.74
-4917.74
-5651.74
-6304.74
-6561.74
-6700.74
-7031.74
-7264.74
-7647.74
-7822.74
-7770.74
-7817.74
-7848.74
-7898.74
-7716.74
-7288.74
-6739.74
-6233.74
-5714.74
-5177.74
-4766.74
-4133.74
-3390.74
-2420.74
-1093.74
307.255
1548.26
2129.26
2416.26
2894.26
3827.26
4777.26
5775.26
6824.26
7534.26
7982.26
8042.26
8124.26
8147.26
8310.26
8702.26
9085.26
9011.26
8370.26
7691.26
6891.26
6191.26
5563.26
4687.26
3723.26
2867.26
2219.26
1575.26
818.255
-313.745
-1447.74
-2447.74
-3135.74
-3545.74
-3700.74
-3824.74
-3891.74
-4213.74
-4848.74
-5597.74
-6256.74
-6554.74
-6620.74
-6554.74
-6608.74
-6684.74
-6915.74
-7006.74
-7207.74
-7329.74
-7240.74
-6990.74
-6781.74
-6317.74
-5967.74
-5773.74
-5398.74
-4679.74
-3844.74
-3046.74
-2145.74
-953.745
428.255
1590.26
2425.26
2731.26
2939.26
3529.26
4464.26
5474.26
6484.26
7121.26
7561.26
7862.26
7896.26
8111.26
8367.26
8674.26
8941.26
9039.26
8705.26
8183.26
7610.26
6855.26
6148.26
5142.26
4033.26
3229.26
2516.26
1980.26
1407.26
418.255
-736.745
-1594.74
-2228.74
-2586.74
-2706.74
-2954.74
-3063.74
-3470.74
-3860.74
-4443.74
-5308.74
-5847.74
-6040.74
-6047.74
-6193.74
-6279.74
-6796.74
-7002.74
-7107.74
-7102.74
-6850.74
-6895.74
-6720.74
-6531.74
-6073.74
-5757.74
-5396.74
-5017.74
-4593.74
-4070.74
-3415.74
-2356.74
-1072.74
126.256
1051.26
1634.26
1848.26
2269.26
3253.26
4297.26
5365.26
6347.26
6908.26
7310.26
7399.26
7533.26
7818.26
8121.26
8521.26
8805.26
8797.26
8397.26
7890.26
7322.26
6705.26
6081.26
5256.26
4436.26
3665.26
3160.26
2521.26
1664.26
517.255
-682.745
-1632.74
-2385.74
-2769.74
-3151.74
-3350.74
-3532.74
-3876.74
-4228.74
-4872.74
-5556.74
-5930.74
-6181.74
-6312.74
-6557.74
-6793.74
-7274.74
-7582.74
-7715.74
-7751.74
-7581.74
-7566.74
-7410.74
-7351.74
-6874.74
-6538.74
-6114.74
-5560.74
-4937.74
-4112.74
-3131.74
-1897.74
-831.745
299.255
953.255
1337.26
1784.26
2564.26
3587.26
4639.26
5734.26
6644.26
7391.26
7683.26
7758.26
8010.26
8379.26
8913.26
9442.26
9565.26
9347.26
8876.26
8229.26
7624.26
6934.26
6216.26
5391.26
4680.26
4000.26
3322.26
2480.26
1341.26
102.256
-916.745
-1771.74
-2326.74
-2775.74
-2977.74
-3132.74
-3592.74
-4266.74
-5025.74
-5755.74
-6388.74
-6547.74
-6799.74
-7067.74
-7411.74
-7667.74
-7884.74
-8145.74
-8264.74
-8129.74
-8121.74
-7863.74
-7515.74
-7291.74
-6999.74
-6481.74
-5971.74
-5235.74
-4449.74
-3736.74
-2644.74
-1495.74
-242.745
775.255
1403.26
1821.26
2588.26
3520.26
4473.26
5519.26
6450.26
7426.26
8139.26
8499.26
8722.26
9040.26
9353.26
9880.26
10167.3
10170.3
9919.26
9271.26
8649.26
7989.26
7154.26
6158.26
5179.26
4282.26
3571.26
2735.26
1572.26
302.255
-759.745
-1652.74
-2448.74
-3217.74
-3751.74
-4148.74
-4395.74
-4619.74
-5149.74
-5944.74
-6833.74
-7573.74
-7840.74
-7877.74
-8110.74
-8313.74
-8498.74
-8694.74
-8700.74
-8770.74
-8765.74
-8408.74
-7940.74
-7417.74
-6994.74
-6685.74
-6342.74
-5735.74
-4934.74
-4105.74
-3071.74
-1950.74
-644.745
554.255
1522.26
2236.26
2726.26
3344.26
4326.26
5453.26
6662.26
7877.26
8810.26
9380.26
9749.26
9737.26
9929.26
10197.3
10496.3
10726.3
10461.3
9878.26
9062.26
8311.26
7424.26
6617.26
5537.26
4423.26
3520.26
2599.26
1665.26
635.255
-562.745
-1878.74
-2974.74
-3996.74
-4777.74
-5348.74
-5528.74
-5690.74
-6050.74
-6580.74
-7360.74
-8000.74
-8409.74
-8551.74
-8622.74
-8572.74
-8609.74
-8669.74
-8674.74
-8877.74
-8879.74
-8589.74
-8231.74
-7656.74
-7114.74
-6628.74
-5994.74
-5225.74
-4482.74
-3500.74
-2771.74
-1868.74
-579.745
833.255
2176.26
3028.26
3508.26
3911.26
4798.26
5824.26
7030.26
8049.26
8883.26
9695.26
10151.3
10235.3
10129.3
10169.3
10248.3
10495.3
10554.3
10200.3
9517.26
8655.26
7783.26
6772.26
5658.26
4447.26
3235.26
2097.26
1129.26
148.255
-1140.74
-2413.74
-3577.74
-4452.74
-5254.74
-5796.74
-5975.74
-6087.74
-6071.74
-6192.74
-6730.74
-7402.74
-7980.74
-8372.74
-8315.74
-8274.74
-8295.74
-8267.74
-8203.74
-8047.74
-7782.74
-7482.74
-7018.74
-6531.74
-6021.74
-5381.74
-4803.74
-4219.74
-3554.74
-2892.74
-2315.74
-1627.74
-922.745
77.2555
1435.26
2831.26
3794.26
4272.26
4593.26
5172.26
6166.26
7093.26
8232.26
9045.26
9639.26
10081.3
10051.3
9825.26
9679.26
9564.26
9520.26
9548.26
8877.26
7969.26
7023.26
6011.26
5185.26
4121.26
2843.26
1636.26
569.255
-315.745
-1183.74
-2268.74
-3364.74
-4252.74
-5095.74
-5598.74
-6006.74
-6255.74
-6170.74
-5836.74
-5733.74
-6092.74
-6669.74
-7265.74
-7306.74
-7127.74
-6932.74
-6765.74
-6720.74
-6797.74
-6791.74
-6746.74
-6606.74
-6390.74
-6094.74
-5731.74
-5324.74
-4980.74
-4488.74
-3846.74
-3187.74
-2429.74
-1780.74
-1112.74
-110.744
1209.26
2457.26
3422.26
3801.26
4096.26
4628.26
5577.26
6703.26
7696.26
8548.26
9248.26
9347.26
9066.26
8696.26
8348.26
8349.26
8518.26
8688.26
8169.26
7210.26
6200.26
5437.26
4720.26
3774.26
2749.26
1689.26
822.255
48.2555
-650.745
-1373.74
-2230.74
-3008.74
-3629.74
-4100.74
-4469.74
-4627.74
-4420.74
-4174.74
-4159.74
-4459.74
-5130.74
-5861.74
-6164.74
-6107.74
-6195.74
-6413.74
-6605.74
-6649.74
-6657.74
-6722.74
-6721.74
-6608.74
-6336.74
-5963.74
-5494.74
-5009.74
-4539.74
-3968.74
-3396.74
-2902.74
-2406.74
-1829.74
-817.745
624.255
1988.26
3024.26
3603.26
3844.26
4372.26
5266.26
6121.26
7048.26
7770.26
8377.26
8706.26
8559.26
8295.26
8153.26
8359.26
8700.26
9021.26
8756.26
8170.26
7457.26
6715.26
6133.26
5309.26
4179.26
3098.26
2277.26
1622.26
1053.26
147.255
-900.745
-1948.74
-2878.74
-3405.74
-3841.74
-4127.74
-4240.74
-4326.74
-4522.74
-4992.74
-5818.74
-6669.74
-7031.74
-7152.74
-7292.74
-7416.74
-7692.74
-7967.74
-7911.74
-7830.74
-7712.74
-7628.74
-7476.74
-7097.74
-6632.74
-6156.74
-5744.74
-5239.74
-4749.74
-4014.74
-3226.74
-2366.74
-1181.74
178.255
1473.26
2354.26
2769.26
3112.26
3820.26
4758.26
5933.26
7082.26
8035.26
8707.26
9032.26
9134.26
9202.26
9361.26
9672.26
10020.3
10118.3
9760.26
8974.26
8216.26
7328.26
6515.26
5568.26
4432.26
3411.26
2592.26
1881.26
1062.26
12.2555
-1178.74
-2216.74
-3093.74
-3868.74
-4302.74
-4719.74
-4943.74
-5129.74
-5582.74
-6131.74
-6948.74
-7558.74
-7811.74
-7810.74
-7833.74
-8157.74
-8413.74
-8524.74
-8462.74
-8368.74
-8225.74
-8012.74
-7682.74
-7361.74
-6990.74
-6519.74
-6016.74
-5452.74
-4748.74
-3916.74
-3140.74
-2353.74
-1092.74
475.255
2029.26
3203.26
3789.26
4260.26
4977.26
6125.26
7176.26
8297.26
9095.26
9710.26
10128.3
10059.3
9999.26
10015.3
10206.3
10355.3
10379.3
9787.26
9004.26
8206.26
7437.26
6689.26
5556.26
4238.26
3046.26
2102.26
1315.26
462.255
-606.745
-1766.74
-2937.74
-3867.74
-4519.74
-4989.74
-5364.74
-5427.74
-5421.74
-5629.74
-6251.74
-6872.74
-7457.74
-7753.74
-7692.74
-7924.74
-8247.74
-8487.74
-8636.74
-8577.74
-8414.74
-8240.74
-8027.74
-7738.74
-7348.74
-6765.74
-6229.74
-5700.74
-5029.74
-4126.74
-3232.74
-2332.74
-1422.74
-112.744
1429.26
2818.26
3790.26
4175.26
4624.26
5402.26
6594.26
7720.26
8741.26
9430.26
9897.26
10065.3
10118.3
10096.3
10012.3
10103.3
10162.3
9978.26
9317.26
8656.26
7756.26
6831.26
5980.26
4903.26
3565.26
2308.26
1460.26
795.255
-5.7445
-1166.74
-2194.74
-3182.74
-4073.74
-4590.74
-5051.74
-5433.74
-5434.74
-5519.74
-5733.74
-6218.74
-7009.74
-7755.74
-8153.74
-8339.74
-8311.74
-8443.74
-8760.74
-8740.74
-8706.74
-8470.74
-8159.74
-7996.74
-7794.74
-7359.74
-6790.74
-6050.74
-5284.74
-4708.74
-4057.74
-3368.74
-2488.74
-1404.74
-155.745
1374.26
2864.26
3828.26
4506.26
5009.26
5532.26
6433.26
7280.26
8199.26
9128.26
9725.26
9985.26
9948.26
9690.26
9606.26
9612.26
9487.26
9589.26
9152.26
8546.26
7803.26
6978.26
6004.26
5067.26
3959.26
2922.26
2304.26
1418.26
682.255
-312.745
-1411.74
-2343.74
-3236.74
-4005.74
-4504.74
-5020.74
-5303.74
-5324.74
-5531.74
-5961.74
-6606.74
-7368.74
-7888.74
-8105.74
-8244.74
-8393.74
-8425.74
-8388.74
-8378.74
-8322.74
-8279.74
-8092.74
-7709.74
-7133.74
-6529.74
-5965.74
-5415.74
-4734.74
-3953.74
-3060.74
-2213.74
-1393.74
-243.745
1209.26
2546.26
3625.26
4295.26
4747.26
5299.26
6178.26
7041.26
7886.26
8796.26
9464.26
9928.26
9897.26
9755.26
9515.26
9480.26
9578.26
9626.26
9407.26
8824.26
8081.26
7306.26
6538.26
5578.26
4446.26
3381.26
2611.26
1726.26
930.255
-38.7445
-1297.74
-2460.74
-3493.74
-4331.74
-4890.74
-5343.74
-5617.74
-5778.74
-6081.74
-6455.74
-7147.74
-7924.74
-8412.74
-8674.74
-8791.74
-8894.74
-8914.74
-8873.74
-8849.74
-8776.74
-8715.74
-8442.74
-8158.74
-7541.74
-6791.74
-6041.74
-5298.74
-4721.74
-4040.74
-3232.74
-2430.74
-1465.74
-338.745
863.255
2148.26
3309.26
4173.26
4783.26
5438.26
6249.26
7240.26
7961.26
8661.26
9221.26
9814.26
10206.3
10222.3
10063.3
10077.3
10073.3
10077.3
10102.3
9559.26
8894.26
7965.26
7125.26
6223.26
5113.26
3822.26
2822.26
1911.26
1029.26
110.256
-1199.74
-2475.74
-3640.74
-4432.74
-5074.74
-5527.74
-5924.74
-6191.74
-6623.74
-7178.74
-7755.74
-8481.74
-8958.74
-9059.74
-9127.74
-9216.74
-9296.74
-9337.74
-9138.74
-8861.74
-8569.74
-8284.74
-7876.74
-7399.74
-6682.74
-5846.74
-5127.74
-4404.74
-3776.74
-2995.74
-2235.74
-1376.74
-423.745
913.255
2310.26
3566.26
4496.26
5170.26
5751.26
6440.26
7426.26
8331.26
9240.26
9937.26
10539.3
10714.3
10722.3
10590.3
10481.3
10497.3
10450.3
10278.3
9601.26
8879.26
8041.26
7294.26
6442.26
5424.26
4230.26
2962.26
1886.26
953.255
-141.745
-1548.74
-2765.74
-3935.74
-4910.74
-5753.74
-6374.74
-6823.74
-7114.74
-7312.74
-7585.74
-8100.74
-8838.74
-9225.74
-9283.74
-9272.74
-9225.74
-9230.74
-9338.74
-9261.74
-9079.74
-8833.74
-8566.74
-8244.74
-7656.74
-6933.74
-6147.74
-5396.74
-4675.74
-3929.74
-3085.74
-2212.74
-1240.74
-296.745
854.255
2146.26
3597.26
4795.26
5440.26
5965.26
6545.26
7367.26
8225.26
9076.26
9804.26
10406.3
10788.3
10844.3
10515.3
10246.3
10148.3
10095.3
10026.3
9639.26
8901.26
8032.26
7232.26
6374.26
5332.26
4159.26
2864.26
1733.26
742.255
-322.745
-1495.74
-2854.74
-4047.74
-5020.74
-5816.74
-6456.74
-6990.74
-7369.74
-7511.74
-7802.74
-8206.74
-8673.74
-9233.74
-9454.74
-9371.74
-9337.74
-9395.74
-9441.74
-9294.74
-8950.74
-8570.74
-8231.74
-7912.74
-7473.74
-6785.74
-5839.74
-4889.74
-4053.74
-3259.74
-2423.74
-1497.74
-622.745
260.255
1344.26
2720.26
4144.26
5430.26
6168.26
6584.26
7025.26
7703.26
8428.26
9120.26
9719.26
10073.3
10464.3
10627.3
10674.3
10437.3
10100.3
9890.26
9748.26
9464.26
8924.26
8298.26
7332.26
6360.26
5373.26
4080.26
2797.26
1589.26
548.255
-447.745
-1516.74
-2811.74
-4153.74
-5248.74
-6164.74
-6864.74
-7575.74
-8062.74
-8383.74
-8647.74
-8819.74
-9191.74
-9625.74
-9889.74
-9980.74
-9900.74
-9620.74
-9455.74
-9036.74
-8574.74
-8076.74
-7618.74
-7270.74
-6727.74
-5889.74
-4924.74
-3873.74
-2892.74
-2153.74
-1439.74
-547.745
335.255
1064.26
1774.26
2732.26
3923.26
5155.26
6120.26
6602.26
6916.26
7292.26
7953.26
8725.26
9392.26
10067.3
10422.3
10654.3
10723.3
10515.3
10223.3
9974.26
9753.26
9537.26
8956.26
8169.26
7341.26
6373.26
5434.26
4330.26
3052.26
1690.26
450.255
-643.745
-1777.74
-3088.74
-4349.74
-5554.74
-6682.74
-7563.74
-8146.74
-8757.74
-9151.74
-9271.74
-9213.74
-9346.74
-9598.74
-9936.74
-10024.7
-9766.74
-9399.74
-8902.74
-8570.74
-8232.74
-7750.74
-7132.74
-6608.74
-5969.74
-5295.74
-4503.74
-3575.74
-2609.74
-1771.74
-1031.74
-190.745
477.255
1207.26
1920.26
2639.26
3608.26
4794.26
6018.26
6918.26
7345.26
7544.26
7856.26
8401.26
8949.26
9548.26
9986.26
10298.3
10398.3
10124.3
9854.26
9579.26
9251.26
8962.26
8703.26
8066.26
7264.26
6170.26
5056.26
4002.26
2697.26
1291.26
-41.7445
-1295.74
-2351.74
-3231.74
-4323.74
-5515.74
-6658.74
-7713.74
-8524.74
-9113.74
-9552.74
-9659.74
-9697.74
-9650.74
-9689.74
-9844.74
-9913.74
-9783.74
-9435.74
-8895.74
-8226.74
-7745.74
-7134.74
-6625.74
-5974.74
-5264.74
-4620.74
-3919.74
-3040.74
-2087.74
-1319.74
-499.745
121.256
787.255
1514.26
2244.26
3078.26
3875.26
4926.26
5954.26
6848.26
7436.26
7622.26
7778.26
8179.26
8615.26
8974.26
9483.26
9769.26
9971.26
9989.26
9725.26
9449.26
9172.26
8844.26
8616.26
8210.26
7431.26
6448.26
5323.26
4170.26
3166.26
1954.26
716.255
-529.745
-1755.74
-2808.74
-3913.74
-5009.74
-6263.74
-7296.74
-8245.74
-8749.74
-9112.74
-9402.74
-9359.74
-9366.74
-9283.74
-9276.74
-9322.74
-9324.74
-9027.74
-8539.74
-7875.74
-7226.74
-6811.74
-6120.74
-5418.74
-4843.74
-4247.74
-3543.74
-2850.74
-1984.74
-1014.74
-272.745
343.255
884.255
1444.26
2100.26
2764.26
3387.26
4218.26
5222.26
6225.26
6925.26
7296.26
7281.26
7360.26
7618.26
8102.26
8596.26
8941.26
9191.26
9203.26
9036.26
8821.26
8418.26
8041.26
7840.26
7591.26
7033.26
6214.26
5176.26
4036.26
3001.26
1978.26
841.255
-492.745
-1705.74
-2800.74
-3644.74
-4525.74
-5644.74
-6769.74
-7812.74
-8532.74
-8904.74
-9182.74
-9292.74
-9315.74
-9181.74
-9161.74
-9009.74
-8917.74
-8770.74
-8294.74
-7678.74
-7088.74
-6569.74
-6089.74
-5595.74
-4904.74
-4235.74
-3518.74
-2856.74
-2195.74
-1356.74
-530.745
130.255
733.255
1253.26
1811.26
2552.26
3193.26
3757.26
4386.26
5178.26
5974.26
6519.26
6729.26
6771.26
6781.26
6903.26
7185.26
7493.26
7737.26
7856.26
7932.26
7845.26
7603.26
7329.26
7097.26
6875.26
6686.26
6268.26
5538.26
4557.26
3567.26
2699.26
1772.26
745.255
-347.745
-1379.74
-2259.74
-3148.74
-3999.74
-5011.74
-5955.74
-6901.74
-7589.74
-7988.74
-8247.74
-8346.74
-8346.74
-8230.74
-8053.74
-7872.74
-7784.74
-7593.74
-7182.74
-6538.74
-5893.74
-5406.74
-4868.74
-4377.74
-3841.74
-3193.74
-2634.74
-2119.74
-1510.74
-759.745
91.2555
869.255
1350.26
1821.26
2125.26
2658.26
3157.26
3582.26
4161.26
4727.26
5366.26
5828.26
6056.26
5944.26
5908.26
5985.26
6318.26
6705.26
6891.26
7064.26
7118.26
7060.26
7077.26
6911.26
6631.26
6472.26
6213.26
5832.26
5275.26
4511.26
3666.26
2877.26
1975.26
966.255
-117.744
-1237.74
-2113.74
-2909.74
-3726.74
-4676.74
-5606.74
-6562.74
-7235.74
-7514.74
-7789.74
-7929.74
-7976.74
-7880.74
-7651.74
-7483.74
-7410.74
-7308.74
-7100.74
-6648.74
-5968.74
-5396.74
-4952.74
-4462.74
-3917.74
-3298.74
-2774.74
-2338.74
-1813.74
-1236.74
-546.745
219.255
853.255
1217.26
1710.26
2126.26
2511.26
2901.26
3353.26
3925.26
4448.26
5069.26
5299.26
5352.26
5196.26
5223.26
5445.26
5700.26
6042.26
6258.26
6560.26
6651.26
6636.26
6519.26
6438.26
6259.26
6140.26
6019.26
5387.26
4706.26
3811.26
3021.26
2208.26
1243.26
166.255
-838.745
-1760.74
-2589.74
-3226.74
-4161.74
-5151.74
-6029.74
-6681.74
-6998.74
-7347.74
-7527.74
-7738.74
-7752.74
-7619.74
-7472.74
-7444.74
-7408.74
-7063.74
-6677.74
-6100.74
-5587.74
-5082.74
-4618.74
-4047.74
-3330.74
-2784.74
-2209.74
-1789.74
-1048.74
-227.745
432.255
1052.26
1530.26
1901.26
2222.26
2676.26
3139.26
3585.26
4004.26
4574.26
5066.26
5331.26
5440.26
5460.26
5624.26
5984.26
6225.26
6570.26
6740.26
6882.26
6883.26
6843.26
6751.26
6634.26
6577.26
6278.26
5995.26
5486.26
4872.26
4139.26
3304.26
2378.26
1354.26
363.255
-628.745
-1566.74
-2559.74
-3454.74
-4477.74
-5340.74
-6124.74
-6780.74
-7216.74
-7506.74
-7734.74
-7926.74
-7942.74
-7832.74
-7670.74
-7645.74
-7382.74
-7027.74
-6573.74
-5969.74
-5360.74
-4773.74
-4203.74
-3639.74
-3203.74
-2719.74
-2166.74
-1500.74
-833.745
-9.7445
779.255
1354.26
1857.26
2318.26
2780.26
3178.26
3458.26
3846.26
4374.26
4781.26
5302.26
5588.26
5592.26
5617.26
5621.26
5821.26
5974.26
6225.26
6282.26
6311.26
6187.26
6056.26
5975.26
5717.26
5542.26
5314.26
5151.26
4657.26
4203.26
3473.26
2532.26
1676.26
669.255
-326.745
-1251.74
-1993.74
-2784.74
-3474.74
-4207.74
-5071.74
-5895.74
-6658.74
-7128.74
-7447.74
-7640.74
-7607.74
-7585.74
-7505.74
-7298.74
-7115.74
-6897.74
-6522.74
-6151.74
-5660.74
-5090.74
-4587.74
-4080.74
-3496.74
-2898.74
-2301.74
-1673.74
-970.745
-339.745
411.255
1149.26
1882.26
2311.26
2711.26
3022.26
3287.26
3630.26
3912.26
4283.26
4542.26
4913.26
5037.26
5210.26
5126.26
4939.26
4697.26
4703.26
4831.26
4889.26
5012.26
4945.26
4867.26
4678.26
4474.26
4229.26
3975.26
3763.26
3573.26
3207.26
2796.26
2079.26
1345.26
676.255
-101.744
-741.745
-1493.74
-2137.74
-2831.74
-3469.74
-4142.74
-4714.74
-5311.74
-5823.74
-6208.74
-6413.74
-6496.74
-6543.74
-6359.74
-6186.74
-5869.74
-5572.74
-5339.74
-5085.74
-4797.74
-4255.74
-3578.74
-3035.74
-2498.74
-1948.74
-1439.74
-978.745
-439.745
105.256
726.255
1451.26
2106.26
2611.26
2955.26
3152.26
3353.26
3552.26
3725.26
3876.26
3877.26
3993.26
4167.26
4320.26
4352.26
4191.26
3881.26
3641.26
3432.26
3305.26
3290.26
3202.26
3117.26
3047.26
2943.26
2807.26
2590.26
2426.26
2462.26
2391.26
2167.26
1845.26
1387.26
669.255
214.255
-213.745
-802.745
-1300.74
-1884.74
-2459.74
-2915.74
-3210.74
-3829.74
-4436.74
-4846.74
-5017.74
-5142.74
-5167.74
-4937.74
-4783.74
-4717.74
-4610.74
-4340.74
-4175.74
-3883.74
-3407.74
-2883.74
-2373.74
-1851.74
-1379.74
-923.745
-439.745
70.2555
670.255
1133.26
1494.26
1838.26
2246.26
2697.26
3057.26
3316.26
3330.26
3368.26
3284.26
3277.26
3313.26
3282.26
3172.26
2972.26
2694.26
2455.26
2286.26
2155.26
1876.26
1536.26
1346.26
1175.26
1027.26
829.255
759.255
685.255
648.255
526.255
508.255
514.255
503.255
545.255
465.255
258.255
75.2555
-403.745
-892.745
-1232.74
-1634.74
-2031.74
-2337.74
-2573.74
-2880.74
-3150.74
-3451.74
-3634.74
-3727.74
-3728.74
-3520.74
-3274.74
-3077.74
-2818.74
-2538.74
-2293.74
-1988.74
-1659.74
-1403.74
-1017.74
-633.745
-128.745
248.255
589.255
937.255
1195.26
1492.26
1782.26
2099.26
2408.26
2725.26
2837.26
2943.26
3014.26
3017.26
2973.26
2846.26
2758.26
2579.26
2252.26
1996.26
1710.26
1391.26
1110.26
794.255
473.255
261.255
18.2555
-130.745
-325.745
-492.745
-711.745
-945.745
-1007.74
-1116.74
-1147.74
-1172.74
-1173.74
-1103.74
-1141.74
-1117.74
-1125.74
-1128.74
-1157.74
-993.745
-858.745
-882.745
-1066.74
-1233.74
-1398.74
-1482.74
-1410.74
-1343.74
-1306.74
-1326.74
-1376.74
-1329.74
-1292.74
-1181.74
-965.745
-754.745
-369.745
2.2555
366.255
712.255
1022.26
1373.26
1672.26
1896.26
2098.26
2110.26
2348.26
2489.26
2547.26
2653.26
2636.26
2615.26
2524.26
2529.26
2476.26
2276.26
2130.26
1963.26
1775.26
1627.26
1387.26
1052.26
760.255
424.255
144.255
-85.7445
-399.745
-587.745
-921.745
-1156.74
-1431.74
-1797.74
-2116.74
-2431.74
-2596.74
-2776.74
-2938.74
-3028.74
-3136.74
-3234.74
-3092.74
-3109.74
-3029.74
-2873.74
-2696.74
-2530.74
-2335.74
-2079.74
-1908.74
-1638.74
-1335.74
-996.745
-657.745
-355.745
-179.745
69.2555
412.255
589.255
855.255
1037.26
1237.26
1489.26
1818.26
2173.26
2359.26
2535.26
2726.26
2930.26
2894.26
3035.26
3144.26
3161.26
3268.26
3367.26
3336.26
3245.26
3094.26
2827.26
2582.26
2328.26
2006.26
1729.26
1417.26
1080.26
864.255
473.255
187.255
-110.744
-442.745
-769.745
-991.745
-1221.74
-1470.74
-1777.74
-1960.74
-2210.74
-2500.74
-2608.74
-2773.74
-3029.74
-3262.74
-3450.74
-3578.74
-3582.74
-3645.74
-3667.74
-3706.74
-3856.74
-3791.74
-3665.74
-3506.74
-3303.74
-3109.74
-2838.74
-2596.74
-2343.74
-1947.74
-1530.74
-1241.74
-719.745
-302.745
105.256
484.255
910.255
1464.26
1969.26
2427.26
2817.26
3139.26
3537.26
3888.26
4143.26
4462.26
4685.26
4758.26
4832.26
4690.26
4774.26
4563.26
4420.26
4151.26
4141.26
3561.26
3514.26
4198.26
2623.26
2026.26
1786.26
1749.26
573.255
503.255
-265.745
1866.26
221.255
-2353.74
-1423.74
-1361.74
-1921.74
-2397.74
-2404.74
-1904.74
-1818.74
-4232.74
-3552.74
-3175.74
-3527.74
-3129.74
-3246.74
-3307.74
-3290.74
-3560.74
-3480.74
-3497.74
-3275.74
-2974.74
-3033.74
-2974.74
-2584.74
-2302.74
-2405.74
-1826.74
-316.745
-1296.74
-1524.74
-1188.74
-677.745
-517.745
-231.745
253.255
1939.26
1216.26
203.255
1538.26
1778.26
2655.26
3527.26
3386.26
3195.26
3099.26
2596.26
2998.26
3369.26
3249.26
3749.26
3701.26
3427.26
3468.26
3081.26
2891.26
2828.26
2198.26
2216.26
2128.26
1332.26
862.255
500.255
-219.745
-415.745
-770.745
-1190.74
-1010.74
-1557.74
-1773.74
-1637.74
-1992.74
-2540.74
-2092.74
-2498.74
-2657.74
-1927.74
-2733.74
-1886.74
-2229.74
-2480.74
-2128.74
-2456.74
-3029.74
-1961.74
-1824.74
-1977.74
-760.745
-2256.74
-552.745
-1928.74
-493.745
-1184.74
409.255
-824.745
670.255
-737.745
100.256
-658.745
434.255
295.255
788.255
1040.26
488.255
1385.26
139.255
1664.26
626.255
1468.26
937.255
2726.26
760.255
2740.26
1399.26
1602.26
1393.26
1556.26
1568.26
2039.26
1188.26
1415.26
1569.26
280.255
811.255
1009.26
492.255
190.255
662.255
-24.7445
470.255
-152.745
-314.745
-216.745
-165.745
-691.745
-478.745
-697.745
-1414.74
1132.26
-789.745
-1138.74
-1016.74
-1024.74
-988.745
-724.745
-1208.74
818.255
89.2555
-2396.74
-1065.74
-2230.74
-485.745
1015.26
739.255
-55.7445
-30.7445
-939.745
-602.745
-1573.74
295.255
754.255
399.255
-12.7445
295.255
-1322.74
-1746.74
-907.745
1097.26
1316.26
945.255
1053.26
619.255
-1212.74
-1986.74
148.255
1413.26
948.255
1040.26
1195.26
460.255
-643.745
92.2555
1664.26
1648.26
1222.26
1279.26
1259.26
-48.7445
-285.745
10.2555
848.255
276.255
32.2555
939.255
731.255
-26.7445
408.255
554.255
674.255
870.255
724.255
1116.26
410.255
-879.745
-136.745
-352.745
-1220.74
-680.745
-1046.74
-1277.74
-1386.74
-1760.74
-1326.74
-1195.74
-1820.74
-1043.74
-439.745
-808.745
-346.745
-201.745
-404.745
-165.745
306.255
681.255
745.255
34.2555
284.255
820.255
-122.744
21.2555
46.2555
-784.745
-920.745
-679.745
-387.745
-662.745
-1547.74
-2271.74
-1787.74
-1793.74
-1453.74
-845.745
-84.7445
189.255
313.255
-66.7445
-80.7445
117.256
380.255
776.255
1522.26
2120.26
1900.26
1476.26
1070.26
1112.26
1530.26
2670.26
3274.26
3302.26
2746.26
2000.26
1429.26
962.255
1071.26
1298.26
925.255
325.255
-761.745
-1647.74
-2769.74
-2896.74
-2778.74
-2341.74
-2344.74
-2482.74
-2916.74
-3720.74
-3553.74
-2804.74
-1158.74
-600.745
244.255
-235.745
-271.745
-263.745
493.255
1274.26
2507.26
2218.26
2049.26
1440.26
430.255
225.255
218.255
406.255
274.255
306.255
-931.745
-1592.74
-2920.74
-2893.74
-2384.74
-849.745
-863.745
297.255
-400.745
-201.745
-446.745
47.2555
380.255
1792.26
1552.26
2442.26
3700.26
2867.26
3208.26
2302.26
2366.26
3606.26
4851.26
5239.26
5788.26
4202.26
2500.26
2516.26
2053.26
2414.26
2055.26
732.255
-194.745
-2072.74
-3197.74
-3973.74
-4320.74
-4742.74
-4342.74
-4371.74
-4928.74
-5599.74
-6031.74
-5293.74
-4172.74
-2572.74
-1961.74
88.2555
-739.745
-433.745
-38.7445
867.255
1430.26
3110.26
1991.26
3295.26
2363.26
-202.745
991.255
-180.745
429.255
1669.26
854.255
-613.745
-706.745
-4148.74
-1215.74
-655.745
-1789.74
618.255
181.255
-383.745
1075.26
-459.745
-1.7445
1399.26
-451.745
3120.26
4968.26
3087.26
3117.26
1595.26
1131.26
3856.26
5161.26
5891.26
6237.26
2707.26
1720.26
2736.26
1843.26
2382.26
1928.26
64.2555
-1561.74
-2589.74
-4741.74
-4791.74
-5388.74
-6296.74
-4575.74
-5732.74
-7171.74
-7522.74
-7755.74
-6806.74
-3889.74
-3409.74
-1969.74
-1989.74
-2404.74
-502.745
932.255
1574.26
2833.26
3168.26
2399.26
3587.26
1479.26
2069.26
1242.26
1032.26
1627.26
2192.26
118.256
-205.745
-1792.74
-1608.74
291.255
-191.745
-252.745
689.255
-417.745
1577.26
1746.26
1274.26
1544.26
904.255
652.255
3519.26
4598.26
3919.26
3560.26
1187.26
2110.26
4044.26
5609.26
6188.26
6121.26
3278.26
2759.26
2908.26
2600.26
2870.26
1786.26
-209.745
-1310.74
-3244.74
-4941.74
-5311.74
-6395.74
-6449.74
-6198.74
-7123.74
-7841.74
-8373.74
-7771.74
-6272.74
-4074.74
-3578.74
-1946.74
-1682.74
-2104.74
-254.745
942.255
2168.26
3165.26
3220.26
2833.26
4525.26
1199.26
2500.26
1961.26
1627.26
2968.26
2281.26
58.2555
442.255
-2013.74
-976.745
1576.26
-575.745
-103.744
194.255
-522.745
1731.26
1818.26
1119.26
1467.26
78.2555
198.255
3945.26
4756.26
3814.26
3362.26
1386.26
2279.26
4412.26
5538.26
6363.26
5651.26
2414.26
2904.26
3335.26
2227.26
2790.26
1387.26
-397.745
-1267.74
-3401.74
-4625.74
-5242.74
-6226.74
-5812.74
-5545.74
-7141.74
-8558.74
-8649.74
-8120.74
-6233.74
-4225.74
-3295.74
-2709.74
-2879.74
-2675.74
-736.745
829.255
1724.26
2544.26
2030.26
2303.26
2318.26
1001.26
1614.26
1430.26
2000.26
2604.26
1439.26
-55.7445
-1274.74
-2160.74
-373.745
1241.26
230.255
116.256
-467.745
-44.7445
1132.26
1500.26
1054.26
1660.26
587.255
1271.26
3692.26
3601.26
3058.26
2410.26
1814.26
3342.26
4879.26
5021.26
5743.26
4143.26
2718.26
3770.26
3526.26
3181.26
2327.26
697.255
-589.745
-1682.74
-2848.74
-3988.74
-4596.74
-5453.74
-5624.74
-6010.74
-6944.74
-7667.74
-7477.74
-6702.74
-5121.74
-4221.74
-3800.74
-3021.74
-1729.74
-685.745
790.255
1328.26
1652.26
1736.26
1876.26
2688.26
3516.26
2099.26
1204.26
1003.26
532.255
1407.26
1576.26
402.255
125.256
-1734.74
-2191.74
-222.745
-1051.74
-1431.74
9.2555
241.255
1538.26
1528.26
-26.7445
1145.26
289.255
1065.26
3728.26
5557.26
3876.26
3104.26
1097.26
2704.26
4828.26
6435.26
7332.26
6154.26
3390.26
2555.26
3821.26
3833.26
3934.26
2717.26
434.255
-1726.74
-3425.74
-3665.74
-3599.74
-4168.74
-5103.74
-5654.74
-7403.74
-8486.74
-8136.74
-6590.74
-4863.74
-4035.74
-3917.74
-4084.74
-2717.74
-2301.74
687.255
1791.26
2210.26
1562.26
1707.26
462.255
3425.26
2249.26
1656.26
1879.26
-279.745
697.255
1145.26
-443.745
-94.7445
-722.745
-2741.74
805.255
-1127.74
-1223.74
368.255
-482.745
1405.26
1868.26
20.2555
1214.26
849.255
142.255
4652.26
4611.26
2960.26
2724.26
1258.26
2822.26
5382.26
5985.26
6182.26
4970.26
1899.26
2888.26
4167.26
3704.26
3338.26
1558.26
-887.745
-2277.74
-3108.74
-3827.74
-3741.74
-5128.74
-6150.74
-6293.74
-8128.74
-8911.74
-8137.74
-6820.74
-5343.74
-4987.74
-4973.74
-5146.74
-3888.74
-1697.74
965.255
1757.26
1226.26
596.255
1047.26
1322.26
2988.26
4065.26
2161.26
1423.26
-19.7445
831.255
1359.26
1351.26
637.255
966.255
-2007.74
-963.745
-542.745
-558.745
-42.7445
1036.26
1631.26
2018.26
298.255
235.255
1544.26
1754.26
3261.26
5677.26
5103.26
2703.26
2153.26
2311.26
5157.26
6445.26
7386.26
6264.26
3921.26
1423.26
3253.26
4639.26
4760.26
3389.26
759.255
-1776.74
-3618.74
-3330.74
-2522.74
-3130.74
-4897.74
-6816.74
-7993.74
-8760.74
-8517.74
-6500.74
-5966.74
-5656.74
-6051.74
-6138.74
-5374.74
-2930.74
-253.745
1578.26
1169.26
16.2555
262.255
971.255
2757.26
4588.26
4908.26
1648.26
269.255
-103.744
1510.26
2962.26
2882.26
1385.26
104.256
-2606.74
-275.745
1464.26
1330.26
1948.26
1396.26
1351.26
1222.26
410.255
2229.26
3023.26
1919.26
3596.26
3970.26
3196.26
1878.26
1835.26
3784.26
5387.26
5712.26
5560.26
3562.26
2315.26
2172.26
4806.26
5000.26
2724.26
304.255
-1754.74
-3148.74
-2516.74
-2452.74
-3051.74
-5035.74
-7923.74
-7560.74
-7981.74
-7873.74
-7266.74
-6778.74
-6780.74
-7105.74
-6646.74
-5765.74
-3400.74
-2424.74
-506.745
-657.745
-716.745
-1414.74
900.255
1749.26
4229.26
3260.26
685.255
-178.745
-446.745
1348.26
3297.26
2780.26
986.255
-420.745
-2480.74
-114.744
1236.26
1816.26
1422.26
933.255
1170.26
1339.26
981.255
1904.26
2079.26
2256.26
1791.26
3747.26
3690.26
2781.26
2357.26
3115.26
3896.26
5193.26
4774.26
5096.26
4004.26
2871.26
4481.26
4619.26
3673.26
1826.26
243.255
-876.745
-1497.74
-1627.74
-2029.74
-3860.74
-5762.74
-6933.74
-7106.74
-6863.74
-7417.74
-6298.74
-6721.74
-6633.74
-6508.74
-5566.74
-4187.74
-2302.74
-1268.74
-674.745
-1021.74
-1208.74
326.255
1099.26
2515.26
2185.26
2624.26
-406.745
398.255
768.255
2579.26
2290.26
1399.26
-563.745
-157.745
-1332.74
1164.26
1831.26
671.255
1108.26
666.255
1517.26
1947.26
1649.26
1988.26
2207.26
1137.26
4099.26
4198.26
3727.26
2641.26
2848.26
4489.26
5874.26
6341.26
5955.26
4283.26
3569.26
4180.26
6217.26
5710.26
3465.26
1382.26
-298.745
-1152.74
-667.745
-1036.74
-2572.74
-4649.74
-6791.74
-6419.74
-7152.74
-6674.74
-6697.74
-6409.74
-6990.74
-6980.74
-6544.74
-5195.74
-3270.74
-2253.74
-1405.74
-1918.74
-2378.74
-1901.74
193.255
703.255
2674.26
540.255
-898.745
-1114.74
-401.745
1566.26
2047.26
68.2555
-683.745
-1796.74
-1661.74
617.255
689.255
-52.7445
-400.745
-465.745
1399.26
1681.26
1831.26
1441.26
1158.26
902.255
2232.26
4804.26
4041.26
2997.26
2233.26
3253.26
5409.26
6903.26
6769.26
6414.26
4347.26
4321.26
5988.26
6389.26
5716.26
3343.26
1418.26
222.255
-512.745
-444.745
-1457.74
-3456.74
-5598.74
-6543.74
-6679.74
-6791.74
-6813.74
-6648.74
-7162.74
-7058.74
-6733.74
-5892.74
-4718.74
-2639.74
-1872.74
-1968.74
-2819.74
-2392.74
-1178.74
795.255
830.255
1623.26
46.2555
-2300.74
-1022.74
469.255
2042.26
1790.26
-726.745
-1975.74
-2144.74
-1743.74
1734.26
1677.26
-85.7445
-95.7445
-642.745
1453.26
1757.26
2239.26
2217.26
1244.26
589.255
3847.26
5009.26
4389.26
3224.26
2959.26
4641.26
5938.26
7572.26
7289.26
6100.26
4042.26
5049.26
7058.26
6579.26
4705.26
3706.26
935.255
-569.745
702.255
-423.745
-2656.74
-4395.74
-6246.74
-5702.74
-6477.74
-6554.74
-6153.74
-7025.74
-7839.74
-7124.74
-6040.74
-5688.74
-4173.74
-2777.74
-3077.74
-2787.74
-3320.74
-2760.74
-245.745
-120.744
618.255
821.255
-1828.74
-1796.74
-751.745
1190.26
1552.26
-302.745
-1532.74
-1167.74
-1989.74
375.255
2139.26
73.2555
-296.745
-196.745
1410.26
3258.26
2492.26
2068.26
2313.26
955.255
2133.26
5844.26
5663.26
4050.26
3058.26
3257.26
5470.26
7316.26
7669.26
7436.26
5110.26
3619.26
6087.26
7007.26
6298.26
4651.26
1930.26
581.255
-225.745
-157.745
-766.745
-2462.74
-5530.74
-6198.74
-6417.74
-6418.74
-6340.74
-6485.74
-7218.74
-7639.74
-7153.74
-5999.74
-4820.74
-4363.74
-3354.74
-3191.74
-3759.74
-3261.74
-1949.74
-467.745
-244.745
-792.745
-994.745
-1803.74
-1686.74
92.2555
1013.26
352.255
-1292.74
-2309.74
-1470.74
-774.745
321.255
1232.26
-42.7445
-165.745
518.255
2113.26
2926.26
2765.26
2272.26
2443.26
1971.26
3934.26
5746.26
5026.26
3875.26
3301.26
4610.26
6420.26
7642.26
7226.26
6319.26
4962.26
4990.26
6785.26
6814.26
4853.26
2599.26
1108.26
167.255
243.255
-298.745
-1929.74
-3958.74
-6195.74
-6316.74
-6203.74
-6716.74
-7056.74
-7153.74
-7706.74
-7132.74
-6997.74
-5576.74
-5240.74
-4286.74
-3710.74
-3142.74
-3293.74
-2734.74
-1513.74
-792.745
-661.745
-1367.74
-1142.74
-1714.74
-727.745
204.255
740.255
-528.745
-1659.74
-1739.74
-771.745
-2.7445
312.255
327.255
-626.745
248.255
1330.26
2826.26
2508.26
2192.26
1929.26
2692.26
2839.26
4992.26
5810.26
4664.26
3538.26
3709.26
5908.26
7520.26
7835.26
7286.26
5834.26
4940.26
6004.26
7500.26
7230.26
4663.26
1913.26
793.255
473.255
728.255
185.255
-1983.74
-4525.74
-6587.74
-5982.74
-5405.74
-5739.74
-6538.74
-7409.74
-7729.74
-6967.74
-5648.74
-4342.74
-4532.74
-4414.74
-4375.74
-3376.74
-2174.74
-1281.74
-445.745
-654.745
-1510.74
-992.745
-917.745
-572.745
366.255
204.255
-16.7445
-1080.74
-1830.74
-677.745
-65.7445
-417.745
37.2555
-1275.74
-693.745
618.255
2853.26
2865.26
1979.26
1042.26
2021.26
2753.26
3732.26
5582.26
5599.26
3631.26
2474.26
4485.26
6253.26
7695.26
7207.26
6102.26
5150.26
4425.26
6164.26
7817.26
6062.26
2916.26
799.255
42.2555
24.2555
651.255
-542.745
-3108.74
-6064.74
-7142.74
-5866.74
-5171.74
-5708.74
-6765.74
-7698.74
-7877.74
-6676.74
-5101.74
-4294.74
-4840.74
-4982.74
-4206.74
-3033.74
-2228.74
-1131.74
-1061.74
-1413.74
-1990.74
-1330.74
-168.745
-549.745
-302.745
-593.745
-883.745
-1802.74
-1413.74
-993.745
80.2555
-1330.74
-843.745
-996.745
-329.745
1293.26
2303.26
2251.26
1436.26
959.255
2239.26
3656.26
3660.26
5659.26
4603.26
3464.26
2958.26
4836.26
7170.26
7731.26
6611.26
5678.26
4629.26
4585.26
6318.26
7286.26
5389.26
2219.26
493.255
661.255
739.255
910.255
-976.745
-3191.74
-5699.74
-5915.74
-4312.74
-4403.74
-5568.74
-6896.74
-7662.74
-7090.74
-5972.74
-4406.74
-4033.74
-4847.74
-4892.74
-3700.74
-1939.74
-883.745
-792.745
-726.745
-1784.74
-1306.74
-390.745
387.255
563.255
-320.745
-1008.74
-948.745
-843.745
141.255
530.255
-228.745
-737.745
-1399.74
-166.745
556.255
2167.26
2975.26
2100.26
609.255
1180.26
2425.26
4384.26
3528.26
3347.26
4643.26
3723.26
3621.26
4122.26
5141.26
5897.26
5832.26
5669.26
5354.26
4176.26
4459.26
5828.26
5609.26
3645.26
1621.26
847.255
609.255
261.255
32.2555
-2190.74
-4143.74
-5659.74
-4945.74
-3829.74
-4702.74
-5937.74
-7032.74
-7285.74
-6081.74
-4770.74
-3896.74
-4590.74
-5132.74
-4300.74
-2795.74
-1503.74
-1200.74
-1751.74
-2016.74
-2179.74
-896.745
-15.7445
208.255
-383.745
-1449.74
-1225.74
-693.745
156.255
257.255
-916.745
-1629.74
-1496.74
-907.745
705.255
1418.26
2073.26
1761.26
883.255
1223.26
2538.26
3390.26
3729.26
2753.26
3408.26
3824.26
3741.26
3548.26
3614.26
4560.26
5100.26
5614.26
4772.26
3428.26
3042.26
4403.26
5403.26
5069.26
2602.26
685.255
59.2555
408.255
1231.26
12.2555
-2563.74
-4254.74
-5130.74
-3780.74
-3295.74
-4294.74
-5499.74
-7027.74
-6294.74
-4874.74
-3926.74
-4006.74
-4392.74
-4551.74
-3290.74
-2141.74
-1387.74
-1425.74
-1921.74
-1848.74
-976.745
-177.745
-66.7445
-266.745
-1075.74
-643.745
-479.745
349.255
512.255
-18.7445
-1079.74
-661.745
-281.745
530.255
991.255
283.255
1136.26
1867.26
2082.26
1865.26
1803.26
2405.26
2817.26
2536.26
2562.26
3800.26
3509.26
2013.26
2354.26
3320.26
4343.26
4868.26
3728.26
3268.26
2908.26
3213.26
5182.26
5294.26
2968.26
1107.26
431.255
1402.26
1277.26
1105.26
-942.745
-3102.74
-3826.74
-3115.74
-2202.74
-2959.74
-4672.74
-5324.74
-5301.74
-4568.74
-3563.74
-3724.74
-3990.74
-4402.74
-3639.74
-2114.74
-1950.74
-1479.74
-2049.74
-1762.74
-1518.74
-792.745
-38.7445
57.2555
-617.745
-419.745
-166.745
-570.745
139.255
138.255
552.255
-304.745
149.255
319.255
790.255
140.255
1093.26
2806.26
2606.26
1872.26
1091.26
1905.26
2222.26
2731.26
2509.26
3026.26
2460.26
1404.26
1271.26
1899.26
2717.26
3236.26
3230.26
2423.26
1926.26
2231.26
3720.26
4125.26
3050.26
1825.26
853.255
1278.26
1629.26
1130.26
177.255
-2290.74
-3052.74
-2835.74
-2364.74
-2635.74
-3846.74
-4999.74
-5365.74
-4947.74
-3892.74
-3743.74
-4117.74
-4774.74
-4335.74
-3319.74
-2666.74
-2217.74
-2417.74
-2272.74
-2060.74
-1390.74
-461.745
-42.7445
-185.745
-392.745
-599.745
321.255
445.255
1075.26
1272.26
910.255
549.255
745.255
824.255
1733.26
1170.26
1704.26
3331.26
2899.26
1758.26
872.255
1986.26
2904.26
2918.26
1550.26
1916.26
1862.26
586.255
799.255
1771.26
2214.26
2276.26
2170.26
1808.26
1841.26
1784.26
3363.26
4394.26
2706.26
1527.26
1097.26
1546.26
1717.26
1193.26
-28.7445
-1975.74
-2995.74
-2742.74
-1806.74
-2445.74
-4084.74
-5102.74
-5178.74
-4805.74
-3718.74
-3577.74
-4228.74
-4886.74
-4631.74
-2953.74
-2281.74
-2082.74
-2272.74
-1890.74
-1165.74
-382.745
240.255
449.255
154.255
445.255
964.255
1722.26
2200.26
1955.26
2110.26
1867.26
2039.26
2476.26
2393.26
1872.26
1493.26
1469.26
3673.26
4242.26
3070.26
1069.26
140.255
1385.26
2828.26
2283.26
1710.26
948.255
-581.745
-621.745
615.255
2069.26
1916.26
954.255
365.255
1124.26
1907.26
3108.26
3784.26
2647.26
704.255
692.255
1356.26
1963.26
1110.26
-586.745
-2176.74
-3154.74
-2982.74
-2231.74
-2830.74
-4624.74
-5814.74
-5755.74
-5100.74
-4662.74
-4243.74
-4802.74
-5331.74
-5162.74
-3854.74
-2582.74
-2372.74
-2383.74
-2277.74
-1882.74
-749.745
413.255
910.255
868.255
919.255
1928.26
2770.26
2858.26
3209.26
3313.26
2761.26
2619.26
2731.26
3119.26
2834.26
2055.26
1810.26
1622.26
3045.26
3548.26
2465.26
342.255
-35.7445
744.255
2083.26
1319.26
647.255
152.255
-1515.74
-1135.74
577.255
2069.26
1966.26
658.255
295.255
1303.26
2324.26
3416.26
3866.26
2186.26
450.255
576.255
1804.26
2209.26
875.255
-759.745
-2626.74
-3051.74
-3046.74
-2388.74
-3262.74
-5488.74
-6604.74
-6184.74
-5190.74
-4702.74
-4789.74
-4999.74
-5442.74
-4831.74
-2847.74
-1830.74
-1787.74
-2398.74
-1716.74
-725.745
516.255
1791.26
2159.26
1847.26
1674.26
2791.26
4031.26
3867.26
3516.26
3296.26
3187.26
2984.26
3314.26
2963.26
2648.26
1332.26
1116.26
992.255
1619.26
3344.26
2409.26
67.2555
-2015.74
-644.745
935.255
1530.26
82.2555
261.255
-1243.74
-1810.74
-277.745
1966.26
2229.26
1034.26
12.2555
459.255
1574.26
2822.26
4104.26
3393.26
517.255
-460.745
683.255
2035.26
1273.26
-437.745
-2508.74
-4128.74
-3914.74
-2994.74
-2573.74
-4634.74
-6657.74
-6361.74
-5425.74
-4375.74
-3909.74
-4318.74
-4726.74
-4829.74
-3008.74
-836.745
-264.745
-752.745
-908.745
-23.7445
1202.26
2702.26
3939.26
3185.26
1918.26
2142.26
3921.26
5288.26
4864.26
3851.26
3010.26
2322.26
2886.26
3691.26
3131.26
1539.26
198.255
193.255
299.255
947.255
2765.26
1856.26
-848.745
-2703.74
-921.745
964.255
1135.26
-312.745
-346.745
-1491.74
-2374.74
-702.745
1721.26
1832.26
736.255
-140.745
595.255
1017.26
1947.26
3326.26
2517.26
-219.745
-1284.74
2.2555
1105.26
481.255
-1382.74
-3106.74
-4551.74
-4177.74
-2626.74
-2181.74
-4157.74
-6077.74
-5814.74
-4462.74
-3508.74
-2693.74
-3112.74
-3630.74
-3772.74
-1554.74
453.255
944.255
384.255
294.255
808.255
1604.26
2866.26
4001.26
3834.26
2882.26
2747.26
3427.26
4390.26
4434.26
3900.26
2702.26
1731.26
1826.26
2406.26
2373.26
837.255
-160.745
-710.745
-444.745
-465.745
-28.7445
1259.26
100.256
-2256.74
-3008.74
-1393.74
-95.7445
44.2555
-1599.74
-1246.74
-1993.74
-2682.74
-873.745
509.255
359.255
-542.745
-1196.74
-435.745
314.255
1105.26
2258.26
1275.26
-946.745
-1130.74
-12.7445
1250.26
519.255
-753.745
-2478.74
-3140.74
-2231.74
-1307.74
-753.745
-2729.74
-3789.74
-3313.74
-2283.74
-1033.74
-653.745
-1257.74
-1424.74
-1191.74
464.255
2021.26
1839.26
1663.26
1300.26
2284.26
2832.26
3531.26
3730.26
3223.26
3281.26
3118.26
3791.26
3530.26
3139.26
2636.26
2129.26
1010.26
1797.26
1786.26
997.255
69.2555
-1198.74
-365.745
-742.745
-1013.74
-1985.74
-281.745
-266.745
-1125.74
-2864.74
-2526.74
-1716.74
-1202.74
-1639.74
-1269.74
-1733.74
-3956.74
-3082.74
-875.745
190.255
-152.745
-1357.74
-1480.74
-732.745
591.255
2590.26
2653.26
348.255
-1059.74
-57.7445
1669.26
2184.26
1132.26
-141.745
-1901.74
-1369.74
-326.745
764.255
-144.745
-2446.74
-2458.74
-1829.74
-845.745
84.2555
-365.745
-625.745
-1269.74
-504.745
1172.26
1559.26
1248.26
954.255
881.255
1324.26
1708.26
2317.26
1832.26
1136.26
1151.26
1663.26
1836.26
1414.26
1527.26
1070.26
267.255
-126.744
296.255
448.255
-416.745
-1848.74
-1878.74
-1791.74
-1630.74
-1788.74
-2875.74
-1593.74
-735.745
-1600.74
-3024.74
-3546.74
-2655.74
-1792.74
-2096.74
-1579.74
-1247.74
-3756.74
-3559.74
-1012.74
1094.26
1230.26
74.2555
-921.745
261.255
1818.26
4140.26
5204.26
2709.26
819.255
1677.26
3692.26
4984.26
3721.26
1771.26
102.256
117.256
1254.26
2359.26
1314.26
-1168.74
-1789.74
-1089.74
-5.7445
615.255
102.256
-413.745
-1347.74
-1068.74
940.255
1504.26
735.255
-100.744
-766.745
97.2555
527.255
1529.26
1163.26
49.2555
-677.745
804.255
1443.26
954.255
39.2555
-223.745
-279.745
-196.745
-27.7445
-176.745
-778.745
-2501.74
-1980.74
-1911.74
-1264.74
-2170.74
-2916.74
-4068.74
-1804.74
-447.745
-850.745
-3240.74
-3460.74
-2587.74
-1078.74
-866.745
32.2555
-279.745
-2975.74
-2592.74
786.255
3219.26
3276.26
1610.26
645.255
1861.26
3351.26
6084.26
6587.26
3495.26
1327.26
2510.26
4736.26
5665.26
3358.26
1292.26
-668.745
-386.745
1185.26
2358.26
1040.26
-2232.74
-2821.74
-1649.74
-334.745
163.255
-960.745
-1855.74
-3001.74
-2091.74
575.255
670.255
-376.745
-1898.74
-2103.74
-1023.74
-315.745
515.255
-474.745
-2052.74
-2327.74
-788.745
455.255
461.255
-849.745
-1333.74
-1778.74
-823.745
-3.7445
221.255
-1196.74
-2097.74
-2155.74
-1382.74
-1315.74
-1433.74
-2209.74
-2409.74
-3136.74
-1269.74
1164.26
-314.745
-2284.74
-3246.74
-873.745
340.255
924.255
659.255
2084.26
-881.745
-1594.74
1493.26
4127.26
4241.26
2713.26
1050.26
1602.26
2765.26
4935.26
7059.26
4117.26
657.255
1238.26
3420.26
5065.26
3631.26
1630.26
-509.745
-1316.74
197.255
1785.26
1384.26
-2086.74
-3154.74
-2388.74
-1436.74
-650.745
-1288.74
-2306.74
-3280.74
-3291.74
-721.745
-83.7445
-1197.74
-2402.74
-2785.74
-1793.74
-1070.74
-382.745
-859.745
-2603.74
-2925.74
-1621.74
250.255
565.255
-381.745
-742.745
-1174.74
-478.745
915.255
1727.26
591.255
-764.745
-1354.74
-162.745
52.2555
460.255
-725.745
-1359.74
-2322.74
-455.745
2604.26
1435.26
-689.745
-2443.74
-466.745
763.255
1573.26
1385.26
2565.26
-681.745
-2156.74
831.255
3791.26
4164.26
2609.26
550.255
719.255
1922.26
4426.26
6895.26
4264.26
436.255
772.255
2847.26
4940.26
3651.26
1513.26
-1028.74
-2301.74
-230.745
1252.26
1051.26
-2927.74
-4339.74
-3525.74
-2423.74
-1382.74
-1719.74
-3022.74
-4104.74
-4367.74
-2026.74
-763.745
-1725.74
-2412.74
-3131.74
-2358.74
-1637.74
-481.745
-69.7445
-1414.74
-1973.74
-799.745
589.255
1152.26
897.255
600.255
198.255
527.255
1892.26
2425.26
1678.26
621.255
647.255
597.255
1040.26
751.255
199.255
-1102.74
-1089.74
-1042.74
838.255
2229.26
250.255
-1747.74
-2694.74
-109.744
1117.26
1242.26
-16.7445
1178.26
-1042.74
-1673.74
1297.26
3083.26
3117.26
1461.26
357.255
1167.26
2268.26
3714.26
5273.26
2503.26
-275.745
400.255
2349.26
3536.26
1779.26
-420.745
-1700.74
-1987.74
-381.745
3.2555
-655.745
-3907.74
-4574.74
-3009.74
-1875.74
-1472.74
-2657.74
-3354.74
-3226.74
-3029.74
-618.745
-213.745
-1466.74
-2246.74
-1965.74
-197.745
328.255
1016.26
451.255
-471.745
-813.745
699.255
2146.26
1884.26
887.255
903.255
647.255
1173.26
2188.26
2231.26
1548.26
-6.7445
451.255
1294.26
1381.26
462.255
-339.745
-1433.74
-1135.74
-1525.74
-629.745
-1999.74
-350.745
-120.744
-1062.74
-2032.74
-1443.74
-131.745
-161.745
-975.745
-620.745
1224.26
-2063.74
-1188.74
56.2555
1963.26
1915.26
628.255
-258.745
663.255
1099.26
3348.26
4113.26
1250.26
-597.745
332.255
2106.26
3126.26
1410.26
478.255
-1094.74
-720.745
328.255
1444.26
397.255
-2427.74
-2135.74
-1725.74
-353.745
-29.7445
-887.745
-1318.74
-1921.74
-1114.74
1264.26
994.255
77.2555
-1036.74
-913.745
-4.7445
721.255
1498.26
493.255
-423.745
-824.745
857.255
1671.26
1563.26
771.255
-1.7445
-304.745
507.255
1759.26
1715.26
795.255
-791.745
54.2555
287.255
901.255
353.255
-722.745
-1712.74
-1987.74
-2054.74
-1537.74
-2286.74
-2099.74
-808.745
-2183.74
-2999.74
-2863.74
-996.745
-870.745
-1236.74
-1605.74
820.255
-1020.74
-2074.74
105.256
1416.26
2045.26
1146.26
659.255
1410.26
1549.26
3029.26
5048.26
3202.26
851.255
1477.26
3185.26
3999.26
2860.26
1296.26
647.255
-197.745
1105.26
1671.26
1276.26
-1753.74
-2084.74
-1073.74
-763.745
-455.745
-1254.74
-1761.74
-2357.74
-2259.74
-367.745
-109.744
-1244.74
-1548.74
-1529.74
-643.745
-366.745
176.255
34.2555
-953.745
-1381.74
-330.745
635.255
331.255
38.2555
-298.745
-368.745
-33.7445
801.255
1232.26
235.255
-996.745
-690.745
262.255
191.255
-233.745
-1635.74
-2373.74
-2350.74
-2261.74
-1503.74
-2709.74
-2896.74
-3617.74
-398.745
-275.745
-1089.74
-2286.74
-1244.74
-413.745
519.255
659.255
1853.26
2120.26
-1340.74
644.255
2484.26
3895.26
3814.26
2544.26
1437.26
2306.26
3111.26
6042.26
5732.26
2577.26
1376.26
2255.26
3525.26
4345.26
2327.26
1030.26
-1244.74
-347.745
564.255
1041.26
-651.745
-3071.74
-2551.74
-2057.74
-866.745
-764.745
-1881.74
-2416.74
-2803.74
-1791.74
-120.744
-712.745
-989.745
-1918.74
-1563.74
-929.745
-415.745
205.255
-399.745
-1513.74
-1433.74
-374.745
260.255
69.2555
-611.745
-1237.74
-1408.74
-525.745
813.255
686.255
-328.745
-1037.74
-333.745
452.255
999.255
554.255
-556.745
-1021.74
-782.745
70.2555
132.255
-778.745
-1451.74
-1861.74
-1300.74
-928.745
483.255
1546.26
-279.745
-1384.74
-209.745
1870.26
2138.26
1474.26
765.255
2785.26
287.255
789.255
2656.26
3337.26
2760.26
1709.26
1273.26
2009.26
2007.26
3399.26
4453.26
1347.26
-49.7445
553.255
1968.26
2457.26
942.255
-417.745
-1990.74
-2116.74
-655.745
82.2555
-1005.74
-3674.74
-3611.74
-2976.74
-1764.74
-1476.74
-2108.74
-3057.74
-3710.74
-3157.74
-1060.74
-1046.74
-1801.74
-2649.74
-2554.74
-1432.74
-900.745
-146.745
-486.745
-1567.74
-1346.74
173.255
953.255
643.255
254.255
207.255
355.255
732.255
1739.26
1583.26
543.255
24.2555
844.255
1360.26
1324.26
1031.26
520.255
-176.745
-31.7445
19.2555
115.256
-839.745
-892.745
-1142.74
291.255
1548.26
286.255
-487.745
-397.745
922.255
1317.26
1756.26
1115.26
2987.26
-267.745
250.255
1687.26
2647.26
2775.26
1460.26
128.255
496.255
922.255
2363.26
3145.26
605.255
-1161.74
-961.745
265.255
1405.26
239.255
-1328.74
-2849.74
-2919.74
-1427.74
-778.745
-857.745
-3473.74
-3477.74
-2828.74
-1309.74
-827.745
-1148.74
-1956.74
-2493.74
-1684.74
739.255
1094.26
499.255
-423.745
-440.745
916.255
1795.26
2475.26
1550.26
142.255
3.2555
1531.26
2517.26
2254.26
870.255
-90.7445
-175.745
703.255
1892.26
1379.26
-74.7445
-842.745
-677.745
587.255
808.255
606.255
-740.745
-1606.74
-1712.74
-446.745
-166.745
-584.745
-1341.74
-2144.74
563.255
119.256
4.2555
-1169.74
-294.745
-407.745
282.255
309.255
2117.26
1099.26
-1994.74
-255.745
861.255
2334.26
1712.26
422.255
-565.745
-247.745
779.255
3551.26
2623.26
-430.745
-1237.74
-413.745
1568.26
2218.26
675.255
-909.745
-2733.74
-1205.74
430.255
1482.26
-666.745
-2279.74
-1995.74
-826.745
903.255
1054.26
441.255
-922.745
-1430.74
357.255
1996.26
1491.26
363.255
-906.745
-503.745
55.2555
838.255
1052.26
-682.745
-1912.74
-1689.74
-572.745
-114.744
-237.745
-1047.74
-1743.74
-1539.74
-534.745
965.255
221.255
-691.745
-1296.74
-558.745
193.255
688.255
201.255
-404.745
-910.745
-900.745
-98.7445
-278.745
-714.745
-1656.74
-1508.74
-1447.74
-1156.74
-1143.74
-968.745
-1638.74
-168.745
-4.7445
-160.745
-580.745
-8.7445
355.255
174.255
-85.7445
1517.26
2111.26
-455.745
372.255
1014.26
2626.26
2839.26
2169.26
1894.26
1719.26
1651.26
4305.26
4234.26
2291.26
1153.26
1473.26
2479.26
2807.26
1971.26
1634.26
-65.7445
-254.745
625.255
1133.26
8.2555
-1261.74
-1675.74
-1830.74
-1629.74
-1602.74
-1487.74
-2454.74
-3152.74
-2775.74
-1759.74
-2070.74
-1958.74
-2324.74
-1863.74
-1949.74
-1447.74
-1037.74
-1063.74
-1452.74
-1101.74
-542.745
-623.745
-564.745
-371.745
-112.744
-511.745
-592.745
-131.745
-202.745
-232.745
-730.745
-476.745
-757.745
-540.745
-390.745
158.255
1421.26
190.255
-605.745
-659.745
882.255
1272.26
1631.26
1163.26
2552.26
1132.26
369.255
2444.26
3173.26
3819.26
2707.26
2058.26
2355.26
2914.26
4096.26
4880.26
2486.26
973.255
1436.26
2595.26
3082.26
1687.26
74.2555
-1171.74
-1317.74
-43.7445
176.255
-793.745
-3029.74
-3368.74
-2158.74
-1453.74
-1057.74
-2263.74
-3238.74
-3513.74
-2725.74
-966.745
-866.745
-2231.74
-2886.74
-2675.74
-1529.74
-855.745
-853.745
-1536.74
-2380.74
-2236.74
-715.745
102.256
-202.745
-759.745
-1036.74
-714.745
46.2555
707.255
559.255
-197.745
-544.745
182.255
948.255
959.255
837.255
155.255
-341.745
295.255
905.255
1233.26
741.255
29.2555
166.255
595.255
1261.26
1855.26
1014.26
600.255
529.255
1214.26
2086.26
1773.26
1065.26
715.255
962.255
1444.26
1510.26
1138.26
462.255
166.255
311.255
754.255
609.255
175.255
-125.744
-441.745
-536.745
-442.745
-221.745
-389.745
-505.745
-1079.74
-740.745
-1001.74
-843.745
-654.745
-697.745
-999.745
-1196.74
-1055.74
-642.745
-412.745
-773.745
-966.745
-1107.74
-873.745
-449.745
-352.745
-674.745
-850.745
-769.745
-365.745
-58.7445
-113.744
-418.745
-473.745
25.2555
631.255
896.255
602.255
147.255
158.255
767.255
1180.26
1263.26
897.255
925.255
980.255
1120.26
1384.26
1130.26
798.255
714.255
850.255
678.255
956.255
785.255
704.255
403.255
235.255
463.255
358.255
603.255
523.255
363.255
67.2555
-223.745
19.2555
46.2555
54.2555
-330.745
-532.745
-413.745
-411.745
-94.7445
-244.745
132.255
120.256
-105.744
-109.744
-23.7445
-70.7445
-110.744
-255.745
-417.745
-804.745
-1171.74
-732.745
-350.745
-472.745
-687.745
-780.745
-722.745
-712.745
-587.745
-476.745
-969.745
-1379.74
-1196.74
-788.745
-698.745
-847.745
-1235.74
-1428.74
-1557.74
-1218.74
-901.745
-691.745
-793.745
-777.745
-642.745
-529.745
-209.745
154.255
137.255
874.255
868.255
588.255
391.255
976.255
1865.26
1559.26
1230.26
1578.26
2349.26
1481.26
1565.26
2048.26
2448.26
2166.26
1675.26
1883.26
1769.26
1587.26
2069.26
2242.26
1065.26
437.255
805.255
1099.26
417.255
-316.745
-756.745
-1178.74
-1287.74
-933.745
-1108.74
-1918.74
-2480.74
-2013.74
-1527.74
-1978.74
-2229.74
-2312.74
-2078.74
-1845.74
-1570.74
-1417.74
-1817.74
-2350.74
-1764.74
-1157.74
-884.745
-893.745
-838.745
-924.745
-818.745
-397.745
95.2555
444.255
523.255
599.255
720.255
849.255
1268.26
1620.26
1343.26
922.255
645.255
1034.26
1364.26
1458.26
1235.26
1056.26
563.255
848.255
1204.26
1170.26
834.255
597.255
623.255
618.255
507.255
536.255
359.255
-156.745
-184.745
-72.7445
179.255
-8.7445
-104.744
-443.745
-545.745
-342.745
-200.745
-173.745
-660.745
-781.745
-929.745
-561.745
-488.745
-626.745
-816.745
-704.745
-377.745
-250.745
-490.745
-509.745
-565.745
-247.745
174.255
-93.7445
-385.745
64.2555
1335.26
842.255
300.255
187.255
1025.26
1085.26
1055.26
1309.26
1969.26
827.255
150.255
1346.26
1626.26
2185.26
1744.26
1234.26
841.255
653.255
1212.26
2276.26
1308.26
187.255
-57.7445
-250.745
434.255
358.255
228.255
-589.745
-1600.74
-1383.74
-898.745
-759.745
-1640.74
-2254.74
-2392.74
-2180.74
-1560.74
-1302.74
-1589.74
-2348.74
-2383.74
-1290.74
-563.745
-984.745
-1329.74
-1539.74
-1324.74
-633.745
-16.7445
125.256
-371.745
-742.745
149.255
420.255
104.256
434.255
340.255
696.255
650.255
972.255
968.255
823.255
803.255
895.255
1022.26
888.255
844.255
791.255
533.255
438.255
608.255
670.255
249.255
-154.745
-310.745
104.256
-81.7445
-332.745
-530.745
-613.745
-505.745
-617.745
-189.745
-513.745
-707.745
-852.745
-765.745
-587.745
-467.745
-547.745
-593.745
-694.745
-437.745
-0.7445
-333.745
-467.745
-684.745
-372.745
-26.7445
134.255
89.2555
-205.745
-305.745
-179.745
114.256
119.256
-204.745
-441.745
-352.745
-345.745
20.2555
7.2555
-184.745
-98.7445
-251.745
215.255
530.255
826.255
836.255
814.255
1012.26
1307.26
1641.26
1674.26
1758.26
1651.26
1655.26
1705.26
2000.26
1724.26
1486.26
1508.26
1745.26
2111.26
1933.26
1867.26
1541.26
1402.26
1255.26
1332.26
1019.26
238.255
-144.745
-427.745
-411.745
-570.745
-682.745
-1207.74
-1784.74
-2049.74
-1830.74
-1921.74
-2143.74
-2407.74
-2511.74
-2480.74
-2384.74
-2112.74
-1953.74
-1970.74
-2261.74
-2043.74
-1538.74
-267.745
-85.7445
-821.745
-1142.74
-684.745
447.255
808.255
792.255
1183.26
753.255
-227.745
823.255
2067.26
2687.26
2163.26
1070.26
1256.26
1781.26
2908.26
3640.26
2817.26
769.255
283.255
1185.26
2313.26
2258.26
832.255
-427.745
-1210.74
-423.745
557.255
436.255
-843.745
-2211.74
-2325.74
-1362.74
-604.745
-709.745
-1601.74
-2459.74
-2589.74
-1558.74
-412.745
-752.745
-1697.74
-2255.74
-1902.74
-1162.74
-489.745
-570.745
-1252.74
-1915.74
-1341.74
-186.745
-80.7445
-66.7445
-544.745
-694.745
-340.745
398.255
880.255
334.255
49.2555
36.2555
708.255
1167.26
1163.26
1072.26
657.255
573.255
808.255
1090.26
733.255
483.255
252.255
-19.7445
40.2555
-140.745
184.255
76.2555
-124.744
-291.745
-87.7445
183.255
51.2555
-10.7445
-78.7445
-192.745
-264.745
-25.7445
56.2555
5.2555
-414.745
-358.745
-129.745
8.2555
190.255
208.255
165.255
-52.7445
305.255
606.255
463.255
275.255
338.255
368.255
380.255
383.255
492.255
394.255
-24.7445
145.255
404.255
426.255
386.255
340.255
305.255
289.255
281.255
353.255
215.255
-19.7445
45.2555
214.255
283.255
20.2555
-217.745
-147.745
-161.745
-119.744
-139.745
-210.745
-508.745
-496.745
-281.745
18.2555
-92.7445
-108.744
-136.745
-56.7445
204.255
339.255
504.255
169.255
-65.7445
106.256
126.256
237.255
275.255
366.255
300.255
115.256
347.255
389.255
383.255
340.255
389.255
374.255
468.255
624.255
576.255
427.255
407.255
449.255
385.255
521.255
237.255
48.2555
-65.7445
-222.745
-59.7445
-267.745
-405.745
-466.745
-571.745
-508.745
-559.745
-532.745
-743.745
-635.745
-557.745
-613.745
-657.745
-769.745
-675.745
-593.745
-439.745
-416.745
-332.745
-294.745
-226.745
-192.745
-323.745
-421.745
-391.745
-337.745
-250.745
-38.7445
-80.7445
-90.7445
-42.7445
-101.744
41.2555
111.256
251.255
433.255
556.255
439.255
220.255
68.2555
226.255
556.255
510.255
492.255
308.255
84.2555
359.255
671.255
874.255
779.255
584.255
612.255
778.255
901.255
709.255
495.255
243.255
98.2555
35.2555
-69.7445
-115.744
-393.745
-632.745
-782.745
-681.745
-690.745
-633.745
-772.745
-848.745
-941.745
-893.745
-673.745
-728.745
-889.745
-1010.74
-1123.74
-899.745
-795.745
-646.745
-769.745
-786.745
-559.745
-332.745
-200.745
-379.745
-283.745
-276.745
-52.7445
185.255
240.255
322.255
262.255
376.255
537.255
541.255
460.255
440.255
589.255
711.255
692.255
644.255
585.255
499.255
645.255
761.255
761.255
668.255
604.255
576.255
443.255
364.255
639.255
658.255
640.255
430.255
509.255
551.255
540.255
609.255
394.255
174.255
-47.7445
276.255
330.255
169.255
-124.744
-155.745
-74.7445
-141.745
-71.7445
-397.745
-474.745
-646.745
-436.745
-353.745
-577.745
-654.745
-684.745
-633.745
-780.745
-769.745
-724.745
-887.745
-841.745
-763.745
-626.745
-765.745
-793.745
-527.745
-520.745
-715.745
-678.745
-381.745
-258.745
-52.7445
77.2555
76.2555
-19.7445
315.255
615.255
754.255
750.255
634.255
756.255
870.255
695.255
761.255
887.255
859.255
1049.26
1063.26
1083.26
832.255
901.255
913.255
891.255
652.255
561.255
591.255
493.255
440.255
401.255
388.255
118.256
17.2555
-78.7445
-158.745
-240.745
-144.745
63.2555
26.2555
54.2555
0.2555
55.2555
-69.7445
-245.745
-185.745
-417.745
-245.745
-184.745
-161.745
-420.745
-538.745
-578.745
-648.745
-621.745
-580.745
-582.745
-856.745
-922.745
-920.745
-765.745
-888.745
-1039.74
-1114.74
-1065.74
-749.745
-672.745
-569.745
-705.745
-934.745
-711.745
-379.745
-196.745
-242.745
-437.745
-305.745
-53.7445
285.255
445.255
355.255
54.2555
38.2555
428.255
667.255
743.255
659.255
711.255
786.255
787.255
743.255
766.255
740.255
783.255
760.255
628.255
416.255
213.255
209.255
276.255
268.255
267.255
309.255
235.255
151.255
50.2555
110.256
99.2555
90.2555
273.255
213.255
205.255
-61.7445
-106.744
-139.745
-71.7445
-135.745
-259.745
-341.745
-284.745
-152.745
-146.745
-227.745
-366.745
-298.745
-397.745
-512.745
-498.745
-684.745
-673.745
-629.745
-538.745
-672.745
-861.745
-828.745
-680.745
-502.745
-515.745
-641.745
-596.745
-350.745
-80.7445
289.255
181.255
77.2555
93.2555
320.255
586.255
859.255
869.255
735.255
634.255
716.255
990.255
1132.26
1037.26
1062.26
1077.26
1002.26
1079.26
1067.26
1168.26
969.255
710.255
758.255
852.255
769.255
702.255
360.255
73.2555
131.255
318.255
430.255
329.255
-44.7445
-227.745
-170.745
-263.745
-218.745
-387.745
-522.745
-532.745
-499.745
-410.745
-454.745
-674.745
-946.745
-802.745
-656.745
-730.745
-826.745
-853.745
-960.745
-941.745
-911.745
-806.745
-717.745
-805.745
-583.745
-628.745
-650.745
-606.745
-407.745
-325.745
-288.745
-244.745
-116.744
69.2555
104.256
83.2555
131.255
175.255
251.255
461.255
484.255
497.255
456.255
619.255
733.255
684.255
691.255
683.255
429.255
354.255
439.255
432.255
409.255
209.255
335.255
242.255
21.2555
-62.7445
-89.7445
-119.744
-267.745
-321.745
-548.745
-547.745
-566.745
-436.745
-427.745
-669.745
-771.745
-802.745
-696.745
-696.745
-796.745
-863.745
-867.745
-661.745
-508.745
-393.745
-611.745
-654.745
-288.745
-34.7445
178.255
-66.7445
-197.745
-87.7445
220.255
431.255
494.255
247.255
168.255
334.255
474.255
699.255
545.255
525.255
512.255
713.255
983.255
1122.26
1067.26
850.255
706.255
676.255
719.255
746.255
624.255
404.255
280.255
294.255
424.255
374.255
115.256
-1.7445
-122.744
-81.7445
17.2555
112.256
21.2555
-92.7445
-204.745
-183.745
-6.7445
-47.7445
-91.7445
-220.745
-301.745
-315.745
-252.745
-237.745
-259.745
-394.745
-361.745
-324.745
-269.745
-133.745
-86.7445
-122.744
-302.745
-142.745
4.2555
149.255
122.256
37.2555
101.256
254.255
220.255
54.2555
-0.7445
109.256
170.255
252.255
409.255
364.255
398.255
389.255
438.255
277.255
233.255
118.256
122.256
157.255
241.255
98.2555
-16.7445
90.2555
110.256
296.255
149.255
78.2555
-81.7445
-15.7445
77.2555
13.2555
-86.7445
-315.745
-238.745
-246.745
-247.745
-398.745
-399.745
-380.745
-268.745
-277.745
-357.745
-383.745
-466.745
-308.745
-188.745
-93.7445
-237.745
-351.745
-389.745
-162.745
-139.745
-283.745
-328.745
-175.745
-76.7445
-45.7445
-83.7445
-278.745
-255.745
-145.745
24.2555
56.2555
24.2555
-36.7445
155.255
322.255
407.255
432.255
189.255
45.2555
118.256
182.255
35.2555
-23.7445
-97.7445
-137.745
23.2555
95.2555
54.2555
-134.745
-236.745
-141.745
-83.7445
144.255
53.2555
-209.745
-379.745
-320.745
-158.745
-180.745
-411.745
-760.745
-681.745
-561.745
-183.745
-130.745
-290.745
-425.745
-398.745
-131.745
30.2555
30.2555
-177.745
-175.745
-177.745
-132.745
2.2555
-72.7445
-57.7445
56.2555
186.255
317.255
411.255
451.255
497.255
450.255
456.255
519.255
640.255
714.255
570.255
453.255
239.255
287.255
395.255
527.255
459.255
357.255
391.255
480.255
411.255
353.255
290.255
238.255
255.255
345.255
372.255
232.255
234.255
179.255
339.255
348.255
225.255
287.255
276.255
296.255
202.255
186.255
194.255
108.256
60.2555
169.255
177.255
224.255
149.255
72.2555
-32.7445
-144.745
-178.745
-217.745
-192.745
-348.745
-420.745
-499.745
-490.745
-407.745
-334.745
-437.745
-538.745
-610.745
-495.745
-418.745
-426.745
-371.745
-376.745
-329.745
-221.745
-184.745
-298.745
-240.745
-198.745
-143.745
-54.7445
-122.744
-26.7445
-175.745
-181.745
-130.745
-169.745
-75.7445
-35.7445
36.2555
27.2555
-12.7445
-109.744
-124.744
18.2555
180.255
147.255
36.2555
29.2555
110.256
297.255
451.255
520.255
385.255
269.255
302.255
422.255
509.255
347.255
275.255
194.255
243.255
101.256
-53.7445
-123.744
-303.745
-367.745
-342.745
-386.745
-238.745
-333.745
-368.745
-480.745
-756.745
-694.745
-762.745
-586.745
-608.745
-649.745
-587.745
-694.745
-580.745
-498.745
-547.745
-479.745
-227.745
-83.7445
-118.744
-110.744
-113.744
-13.7445
10.2555
40.2555
73.2555
130.255
252.255
403.255
425.255
562.255
648.255
557.255
678.255
641.255
759.255
594.255
643.255
585.255
495.255
564.255
578.255
598.255
452.255
459.255
267.255
279.255
282.255
415.255
304.255
153.255
158.255
184.255
335.255
362.255
298.255
58.2555
27.2555
-66.7445
15.2555
-18.7445
-85.7445
-97.7445
-301.745
-268.745
-188.745
-215.745
-350.745
-447.745
-362.745
-283.745
-240.745
-180.745
-97.7445
-116.744
-219.745
-215.745
-154.745
-305.745
-299.745
-143.745
-121.744
-90.7445
-134.745
-67.7445
74.2555
110.256
139.255
119.256
6.2555
79.2555
215.255
375.255
368.255
180.255
139.255
123.256
228.255
236.255
128.255
182.255
370.255
551.255
504.255
486.255
374.255
285.255
283.255
345.255
249.255
87.2555
-40.7445
-141.745
-7.7445
8.2555
-29.7445
32.2555
-64.7445
-66.7445
-65.7445
34.2555
103.256
-22.7445
-149.745
-254.745
-258.745
-187.745
-184.745
-261.745
-476.745
-465.745
-433.745
-307.745
-351.745
-418.745
-332.745
-339.745
-215.745
-112.744
-152.745
-264.745
-335.745
-403.745
-380.745
-407.745
-255.745
-251.745
-292.745
-283.745
-231.745
-204.745
-298.745
-356.745
-372.745
-293.745
-206.745
-78.7445
-42.7445
-114.744
-287.745
-194.745
-17.7445
-12.7445
107.256
82.2555
-43.7445
30.2555
144.255
330.255
337.255
253.255
252.255
299.255
285.255
382.255
409.255
381.255
210.255
21.2555
78.2555
188.255
230.255
89.2555
-80.7445
-177.745
-104.744
-20.7445
-98.7445
-230.745
-194.745
-153.745
-77.7445
-56.7445
-19.7445
-11.7445
9.2555
112.256
137.255
81.2555
86.2555
71.2555
252.255
114.256
108.256
197.255
288.255
289.255
323.255
302.255
307.255
443.255
421.255
445.255
241.255
168.255
286.255
409.255
370.255
247.255
86.2555
3.2555
41.2555
160.255
137.255
-7.7445
-3.7445
128.255
176.255
143.255
31.2555
-10.7445
3.2555
-55.7445
-14.7445
47.2555
29.2555
-60.7445
-23.7445
-40.7445
-10.7445
56.2555
-1.7445
-27.7445
-40.7445
-109.744
-59.7445
-4.7445
29.2555
-144.745
-272.745
-316.745
-174.745
-95.7445
-199.745
-268.745
-408.745
-390.745
-403.745
-231.745
-374.745
-380.745
-506.745
-364.745
-158.745
-211.745
-201.745
-394.745
-294.745
-335.745
-177.745
-168.745
-294.745
-192.745
-110.744
84.2555
121.256
68.2555
32.2555
117.256
256.255
231.255
275.255
249.255
211.255
124.256
345.255
413.255
345.255
322.255
319.255
357.255
402.255
353.255
374.255
422.255
399.255
424.255
473.255
465.255
397.255
316.255
285.255
202.255
3.2555
-106.744
35.2555
171.255
137.255
-19.7445
-206.745
-327.745
-286.745
-148.745
-82.7445
-121.744
-259.745
-227.745
-325.745
-254.745
-188.745
-338.745
-414.745
-432.745
-320.745
-349.745
-365.745
-439.745
-389.745
-278.745
-253.745
-232.745
-333.745
-297.745
-265.745
-115.744
-73.7445
-123.744
-44.7445
-97.7445
-56.7445
-25.7445
6.2555
91.2555
131.255
187.255
105.256
89.2555
4.2555
66.2555
210.255
173.255
162.255
54.2555
201.255
230.255
315.255
275.255
135.255
82.2555
113.256
342.255
361.255
294.255
176.255
152.255
138.255
203.255
177.255
2.2555
-17.7445
53.2555
8.2555
11.2555
-60.7445
-211.745
-320.745
-373.745
-351.745
-322.745
-579.745
-686.745
-564.745
-511.745
-368.745
-381.745
-420.745
-352.745
-198.745
-66.7445
-13.7445
7.2555
50.2555
102.256
97.2555
151.255
216.255
182.255
274.255
462.255
452.255
410.255
400.255
345.255
459.255
504.255
452.255
529.255
462.255
568.255
518.255
457.255
322.255
137.255
15.2555
30.2555
109.256
28.2555
90.2555
46.2555
-14.7445
32.2555
126.256
168.255
96.2555
165.255
58.2555
81.2555
111.256
145.255
277.255
252.255
202.255
85.2555
146.255
199.255
204.255
129.255
77.2555
14.2555
-54.7445
35.2555
21.2555
-171.745
-313.745
-380.745
-303.745
-286.745
-278.745
-316.745
-278.745
-237.745
-217.745
-132.745
-297.745
-435.745
-503.745
-500.745
-429.745
-423.745
-275.745
-298.745
-254.745
-278.745
-208.745
-175.745
-129.745
-39.7445
11.2555
105.256
89.2555
201.255
254.255
314.255
264.255
160.255
146.255
194.255
221.255
87.2555
-10.7445
29.2555
1.2555
58.2555
150.255
-0.7445
-165.745
-204.745
-120.744
45.2555
29.2555
-74.7445
-244.745
-294.745
-159.745
-59.7445
-121.744
-231.745
-252.745
-167.745
-67.7445
-55.7445
-150.745
-183.745
-209.745
-182.745
-84.7445
-89.7445
-142.745
-194.745
-138.745
-65.7445
-48.7445
-29.7445
-142.745
-182.745
-152.745
-98.7445
-11.7445
109.256
84.2555
-86.7445
-46.7445
31.2555
44.2555
-18.7445
16.2555
-30.7445
-27.7445
79.2555
123.256
177.255
128.255
30.2555
66.2555
175.255
243.255
392.255
383.255
332.255
338.255
335.255
396.255
311.255
287.255
243.255
183.255
313.255
436.255
361.255
60.2555
-93.7445
-84.7445
-96.7445
60.2555
122.256
166.255
193.255
222.255
372.255
377.255
276.255
148.255
237.255
307.255
157.255
110.256
147.255
-18.7445
-50.7445
-39.7445
21.2555
6.2555
-74.7445
-2.7445
97.2555
148.255
-38.7445
-102.744
-173.745
-218.745
-164.745
-130.745
-224.745
-235.745
-368.745
-409.745
-319.745
-335.745
-196.745
-162.745
-54.7445
-127.744
-170.745
-68.7445
49.2555
101.256
119.256
0.2555
-27.7445
104.256
229.255
228.255
62.2555
-31.7445
-69.7445
79.2555
186.255
256.255
190.255
136.255
140.255
217.255
166.255
129.255
-34.7445
-173.745
-73.7445
17.2555
81.2555
-4.7445
-116.744
-168.745
-219.745
-220.745
-204.745
-415.745
-462.745
-401.745
-377.745
-272.745
-282.745
-243.745
-290.745
-331.745
-256.745
-271.745
-237.745
-401.745
-511.745
-459.745
-433.745
-266.745
-229.745
-228.745
-269.745
-343.745
-388.745
-285.745
-276.745
-336.745
-268.745
-168.745
-87.7445
75.2555
178.255
170.255
117.256
46.2555
110.256
222.255
406.255
437.255
509.255
542.255
614.255
671.255
611.255
514.255
550.255
494.255
542.255
548.255
485.255
419.255
271.255
300.255
314.255
340.255
216.255
56.2555
73.2555
110.256
216.255
304.255
201.255
135.255
59.2555
-22.7445
-69.7445
53.2555
-48.7445
-255.745
-333.745
-251.745
-81.7445
-80.7445
-134.745
-185.745
-204.745
-181.745
-8.7445
-13.7445
-57.7445
-131.745
-126.744
76.2555
245.255
273.255
142.255
81.2555
44.2555
19.2555
135.255
140.255
99.2555
111.256
189.255
303.255
349.255
362.255
341.255
249.255
216.255
244.255
283.255
259.255
