        0.86731370926127016000,        0.09551928407322238200,        0.00763252243082559660,        0.00000006371025061350,        0.02953442052443114700
        0.00000000000000000000,        0.91744372739331481000,        0.07741707738114887700,        0.00513919522553643940,        0.00000000000000000000
        0.00000000000000000000,        0.09782168959139013500,        0.56328426365970308000,        0.29982382382001976000,        0.03907022292888716300
        0.08501402005068683900,        0.00000000000000000000,        0.00518413073203766350,        0.69140235358744961000,        0.21839949562982583000
        0.11826616037112377000,        0.13650823980761062000,        0.00049646424901676127,        0.08325480939690449400,        0.66147432617534430000


        0.00460384507332853040,        0.97937283032331190000,        0.00941629581348822110,        0.00660702878987143740,        0.00000000000000000000,        0.00000000000000000000,        0.00000000000000000000,        0.00000000000000000000
        0.00000000000000000000,        0.06385969707147407000,        0.04563821760316635200,        0.69261242963157910000,        0.00000000000000000000,        0.00000000000000000000,        0.10561042273324507000,        0.09227923296053527900
        0.00339857134497115490,        0.72194488043270821000,        0.03252187397300688300,        0.19708771097990851000,        0.00000000000000000000,        0.00000000000000000000,        0.03393585215829423400,        0.01111111111111111000
        0.03407539874806159900,        0.05217904945782449200,        0.78387437343288879000,        0.06766296321078828200,        0.00000000000000000000,        0.00108422387274697650,        0.06112399127768992900,        0.00000000000000000000
        0.37660139999019315000,        0.00098944088077911529,        0.23432108000669610000,        0.07758992509250818600,        0.17870310277853524000,        0.01560297348905257000,        0.11619207776223557000,        0.00000000000000000000


        1.00000000000000000000,        0.00000000000000000000,        0.00000000000000000000,        0.00000000000000000000,        0.00000000000000000000