        0.90453665688260321000,        0.09546334311739680700,        0.00000000000000000000,        0.00000000000000000000,        0.00000000000000000000
        0.00000000000000000000,        0.86247464401267271000,        0.12395271901313579000,        0.01357263697419156500,        0.00000000000000000000
        0.00410641440850645530,        0.00000000000000000000,        0.78530016575669148000,        0.21059341983480204000,        0.00000000000000000000
        0.00000000000000000000,        0.00416666511710643210,        0.00000000000000000000,        0.80333579383718656000,        0.19249754104570696000
        0.00000000000000000000,        0.00000000704388240157,        0.06355105192019258600,        0.03819772037449558500,        0.89825122066142926000


        0.07198276851514964800,        0.82179834468956159000,        0.05465542241289856500,        0.01906506778943089000,        0.00000000000000000000,        0.00000000000000000000,        0.03249839659295939600,        0.00000000000000000000
        0.00659503243507847130,        0.39327593165386626000,        0.08034942625574542600,        0.04246085712182685200,        0.00000000000000000000,        0.32303190437933993000,        0.15428684815414304000,        0.00000000000000000000
        0.00000000000000000000,        0.51002345219814460000,        0.08041695390392676600,        0.11428643140606472000,        0.00000000000000000000,        0.10109229347941096000,        0.01966277318044895900,        0.17451809583200398000
        0.00000000000000000000,        0.21449704161639005000,        0.00513260268981259680,        0.41624372879112281000,        0.00000000000000000000,        0.02337147757308829700,        0.00672777694933318800,        0.33402737238025298000
        0.11448985620402155000,        0.01135604291503633900,        0.29962708552777845000,        0.10403374439636433000,        0.00000000000000000000,        0.00000000000000000000,        0.44952105529023006000,        0.02097221566656935100


        1.00000000000000000000,        0.00000000000000000000,        0.00000000000000000000,        0.00000000000000000000,        0.00000000000000000000